local transf = require "transf"
local vec2 = require "vec2"
local vec3 = require "vec3"
local modulesutil = require "modulesutil"
local constructionutil = require "constructionutil"
local harbourstationutil = require "modules/harbourstationutil"

local cargoCapacity = 60
local passengerCapacity = 0

--Begin Generated
local generatedData = {
	["layout_empty"] = {
		models = {
			["station/rail/asset/cargo_lamps.mdl"] = {
				{ 1.00000, 0.00000, 0.00000, 0.00000, 0.00000, 1.00000, 0.00000, 0.00000, 0.00000, 0.00000, 1.00000, 0.00000, 18.75000, 0.00000, 0.00000, 1.00000, },
				{ 1.00000, 0.00000, 0.00000, 0.00000, 0.00000, 1.00000, 0.00000, 0.00000, 0.00000, 0.00000, 1.00000, 0.00000, 31.24999, 0.00000, 0.00000, 1.00000, },
				{ 1.00000, 0.00000, 0.00000, 0.00000, 0.00000, 1.00000, 0.00000, 0.00000, 0.00000, 0.00000, 1.00000, 0.00000, 43.74999, 0.00000, 0.00000, 1.00000, },
				{ 1.00000, 0.00000, 0.00000, 0.00000, 0.00000, 1.00000, 0.00000, 0.00000, 0.00000, 0.00000, 1.00000, 0.00000, 6.25000, 0.00000, 0.00000, 1.00000, },
				{ 1.00000, 0.00000, 0.00000, 0.00000, 0.00000, 1.00000, 0.00000, 0.00000, 0.00000, 0.00000, 1.00000, 0.00000, -6.25000, 0.00000, 0.00000, 1.00000, },
				{ 1.00000, 0.00000, 0.00000, 0.00000, 0.00000, 1.00000, 0.00000, 0.00000, 0.00000, 0.00000, 1.00000, 0.00000, -18.75000, 0.00000, 0.00000, 1.00000, },
				{ 1.00000, 0.00000, 0.00000, 0.00000, 0.00000, 1.00000, 0.00000, 0.00000, 0.00000, 0.00000, 1.00000, 0.00000, -31.25000, 0.00000, 0.00000, 1.00000, },
				{ 1.00000, 0.00000, 0.00000, 0.00000, 0.00000, 1.00000, 0.00000, 0.00000, 0.00000, 0.00000, 1.00000, 0.00000, -43.75000, 0.00000, 0.00000, 1.00000, },
			},
			["station/water/asset/era_a/mooring_ring.mdl"] = {
				{ 1.00000, 0.00000, 0.00000, 0.00000, 0.00000, 1.00000, 0.00000, 0.00000, 0.00000, 0.00000, 1.00000, 0.00000, 16.46080, -11.81995, -1.80024, 1.00000, },
				{ 1.00000, 0.00000, 0.00000, 0.00000, 0.00000, 1.00000, 0.00000, 0.00000, 0.00000, 0.00000, 1.00000, 0.00000, -19.62080, -11.81995, -1.80024, 1.00000, },
				{ -1.00000, 0.00000, 0.00000, 0.00000, -0.00000, -1.00000, 0.00000, 0.00000, 0.00000, 0.00000, 1.00000, 0.00000, 16.36975, 11.82000, -1.80024, 1.00000, },
				{ -1.00000, 0.00000, 0.00000, 0.00000, -0.00000, -1.00000, 0.00000, 0.00000, 0.00000, 0.00000, 1.00000, 0.00000, -19.62080, 11.82000, -1.80024, 1.00000, },
				{ 1.00000, 0.00000, 0.00000, 0.00000, 0.00000, 1.00000, 0.00000, 0.00000, 0.00000, 0.00000, 1.00000, 0.00000, 19.62080, -11.81995, -1.80024, 1.00000, },
				{ 1.00000, 0.00000, 0.00000, 0.00000, 0.00000, 1.00000, 0.00000, 0.00000, 0.00000, 0.00000, 1.00000, 0.00000, -16.46080, -11.81995, -1.80024, 1.00000, },
				{ -1.00000, 0.00000, 0.00000, 0.00000, -0.00000, -1.00000, 0.00000, 0.00000, 0.00000, 0.00000, 1.00000, 0.00000, 19.62080, 11.82000, -1.80024, 1.00000, },
				{ -1.00000, 0.00000, 0.00000, 0.00000, -0.00000, -1.00000, 0.00000, 0.00000, 0.00000, 0.00000, 1.00000, 0.00000, -16.46080, 11.82000, -1.80024, 1.00000, },
			},
			["station/water/era_a/dock_100_25_cargo_sm_empty.mdl"] = {
				{ 1.00000, 0.00000, 0.00000, 0.00000, 0.00000, 1.00000, 0.00000, 0.00000, 0.00000, 0.00000, 1.00000, 0.00000, 0.00000, 0.00000, 0.00000, 1.00000, },
			},
		},
	},
	["layout_front"] = {
		models = {
			["asset/ground/barrel_wood.mdl"] = {
				{ 1.00000, 0.00000, 0.00000, 0.00000, 0.00000, 1.00000, 0.00000, 0.00000, 0.00000, 0.00000, 1.00000, 0.00000, -46.73199, 9.04400, 0.00000, 1.00000, },
				{ 1.00000, 0.00000, 0.00000, 0.00000, 0.00000, 1.00000, 0.00000, 0.00000, 0.00000, 0.00000, 1.00000, 0.00000, -45.55199, 9.54400, 0.00000, 1.00000, },
				{ 1.00000, 0.00000, 0.00000, 0.00000, 0.00000, 1.00000, 0.00000, 0.00000, 0.00000, 0.00000, 1.00000, 0.00000, -48.10000, 10.50000, 0.00000, 1.00000, },
				{ 1.00000, 0.00000, 0.00000, 0.00000, 0.00000, 1.00000, 0.00000, 0.00000, 0.00000, 0.00000, 1.00000, 0.00000, -48.11200, 8.84400, 0.00000, 1.00000, },
				{ 0.07281, -0.19475, -0.97815, 0.00000, -0.34255, 0.91620, -0.20791, 0.00000, 0.93667, 0.35021, -0.00000, 0.00000, -47.37200, 10.18400, 0.50000, 1.00000, },
			},
			["asset/ground/container_waste3_open.mdl"] = {
				{ 0.01745, 0.99985, 0.00000, 0.00000, -0.99985, 0.01745, 0.00000, 0.00000, 0.00000, 0.00000, 1.00000, 0.00000, 45.60649, -5.30000, -0.00000, 1.00000, },
			},
			["asset/ground/container_wood.mdl"] = {
				{ -0.00000, -1.00000, 0.00000, 0.00000, 1.00000, -0.00000, 0.00000, 0.00000, 0.00000, 0.00000, 1.00000, 0.00000, -45.34000, -3.85000, 0.00000, 1.00000, },
				{ -0.05234, -0.99863, 0.00000, 0.00000, 0.99863, -0.05234, 0.00000, 0.00000, 0.00000, 0.00000, 1.00000, 0.00000, -45.69000, -6.65000, 0.00000, 1.00000, },
			},
			["asset/industry/cardboard_box_01.mdl"] = {
				{ 0.73094, 0.67944, -0.06395, 0.00000, -0.67686, 0.73373, 0.05922, 0.00000, 0.08716, 0.00000, 0.99619, 0.00000, 2.86181, 1.07227, 0.44984, 1.00000, },
				{ 0.91914, -0.39394, 0.00000, 0.00000, 0.39394, 0.91914, 0.00000, 0.00000, 0.00000, 0.00000, 1.00000, 0.00000, 1.83997, -0.27570, 0.00000, 1.00000, },
			},
			["asset/industry/pallet_01.mdl"] = {
				{ -0.99999, -0.00349, 0.00000, 0.00000, 0.00349, -0.99999, 0.00000, 0.00000, 0.00000, 0.00000, 1.00000, 0.00000, 40.69360, -1.11036, 0.00000, 1.00000, },
				{ 0.00349, -0.99999, -0.00000, 0.00000, 0.53647, 0.00187, -0.84392, 0.00000, 0.84391, 0.00295, 0.53647, 0.00000, 41.41601, -1.10784, 0.49856, 1.00000, },
				{ -0.99813, -0.06120, 0.00000, 0.00000, 0.06120, -0.99812, -0.00403, 0.00000, 0.00025, -0.00402, 0.99999, 0.00000, 40.69360, -1.11036, 0.14500, 1.00000, },
				{ -0.99994, 0.01050, 0.00000, 0.00000, -0.01050, -0.99994, 0.00000, 0.00000, 0.00000, 0.00000, 1.00000, 0.00000, 40.69360, -1.11036, 0.29000, 1.00000, },
				{ -0.99901, -0.04458, 0.00000, 0.00000, 0.04458, -0.99900, -0.00287, 0.00000, 0.00013, -0.00286, 1.00000, 0.00000, 40.69360, -1.11036, 0.43500, 1.00000, },
				{ -0.99996, 0.00904, 0.00000, 0.00000, -0.00904, -0.99996, 0.00000, 0.00000, 0.00000, 0.00000, 1.00000, 0.00000, 40.69360, -1.11036, 0.58000, 1.00000, },
				{ -0.99950, -0.03154, 0.00000, 0.00000, 0.03154, -0.99950, -0.00196, 0.00000, 0.00006, -0.00196, 1.00000, 0.00000, 40.69360, -1.11036, 0.72500, 1.00000, },
				{ 0.99075, -0.13572, 0.00000, 0.00000, 0.13572, 0.99075, 0.00000, 0.00000, 0.00000, 0.00000, 1.00000, 0.00000, -14.38000, -0.22000, 0.00000, 1.00000, },
				{ 0.99693, -0.07830, 0.00000, 0.00000, 0.07830, 0.99692, -0.00403, 0.00000, 0.00032, 0.00402, 0.99999, 0.00000, -14.38000, -0.22000, 0.14500, 1.00000, },
				{ 0.98875, -0.14956, 0.00000, 0.00000, 0.14956, 0.98875, 0.00000, 0.00000, 0.00000, 0.00000, 1.00000, 0.00000, -14.38000, -0.22000, 0.29000, 1.00000, },
				{ 0.99549, -0.09489, 0.00000, 0.00000, 0.09489, 0.99548, -0.00287, 0.00000, 0.00027, 0.00285, 1.00000, 0.00000, -14.38000, -0.22000, 0.43500, 1.00000, },
				{ 0.98897, -0.14812, 0.00000, 0.00000, 0.14812, 0.98897, 0.00000, 0.00000, 0.00000, 0.00000, 1.00000, 0.00000, -14.38000, -0.22000, 0.58000, 1.00000, },
				{ 0.99417, -0.10787, 0.00000, 0.00000, 0.10787, 0.99416, -0.00196, 0.00000, 0.00021, 0.00195, 1.00000, 0.00000, -14.38000, -0.22000, 0.72500, 1.00000, },
				{ 1.00000, 0.00000, 0.00000, 0.00000, 0.00000, 1.00000, 0.00000, 0.00000, 0.00000, 0.00000, 1.00000, 0.00000, -15.65000, 0.00000, 0.00000, 1.00000, },
				{ -0.00000, 1.00000, -0.00000, 0.00000, -0.53647, -0.00000, -0.84392, 0.00000, -0.84392, -0.00000, 0.53647, 0.00000, -16.37242, 0.00000, 0.49856, 1.00000, },
				{ 0.99833, 0.05772, 0.00000, 0.00000, -0.05772, 0.99832, -0.00403, 0.00000, -0.00023, 0.00402, 0.99999, 0.00000, -15.65000, 0.00000, 0.14500, 1.00000, },
				{ 0.99990, -0.01399, 0.00000, 0.00000, 0.01399, 0.99990, 0.00000, 0.00000, 0.00000, 0.00000, 1.00000, 0.00000, -15.65000, 0.00000, 0.29000, 1.00000, },
				{ 0.99916, 0.04110, 0.00000, 0.00000, -0.04109, 0.99915, -0.00287, 0.00000, -0.00012, 0.00287, 1.00000, 0.00000, -15.65000, 0.00000, 0.43500, 1.00000, },
				{ 0.99992, -0.01253, 0.00000, 0.00000, 0.01253, 0.99992, 0.00000, 0.00000, 0.00000, 0.00000, 1.00000, 0.00000, -15.65000, 0.00000, 0.58000, 1.00000, },
				{ 0.99961, 0.02806, 0.00000, 0.00000, -0.02806, 0.99960, -0.00196, 0.00000, -0.00005, 0.00196, 1.00000, 0.00000, -15.65000, 0.00000, 0.72500, 1.00000, },
			},
			["asset/industry/wooden_box_04.mdl"] = {
				{ 1.00000, 0.00000, 0.00000, 0.00000, 0.00000, 1.00000, 0.00000, 0.00000, 0.00000, 0.00000, 1.00000, 0.00000, -10.20000, 0.85000, 0.00000, 1.00000, },
				{ 1.00000, 0.00000, 0.00000, 0.00000, 0.00000, 1.00000, 0.00000, 0.00000, 0.00000, 0.00000, 1.00000, 0.00000, -4.70000, 0.85000, 0.00000, 1.00000, },
				{ -0.00000, -1.00000, 0.00000, 0.00000, 1.00000, -0.00000, 0.00000, 0.00000, 0.00000, 0.00000, 1.00000, 0.00000, -4.70000, -1.00000, 0.00000, 1.00000, },
				{ 1.00000, 0.00000, 0.00000, 0.00000, 0.00000, 1.00000, 0.00000, 0.00000, 0.00000, 0.00000, 1.00000, 0.00000, -3.00000, 0.85000, 0.00000, 1.00000, },
			},
			["station/air/asset/handcart_luggage_a.mdl"] = {
				{ 0.76979, -0.63473, -0.06735, 0.00000, 0.63232, 0.77273, -0.05532, 0.00000, 0.08716, 0.00000, 0.99619, 0.00000, 2.77000, 1.06000, 0.00000, 1.00000, },
				{ -0.68688, -0.72364, -0.06735, 0.00000, 0.72674, -0.68468, -0.05532, 0.00000, -0.00608, -0.08694, 0.99619, 0.00000, 32.46000, -0.49000, 0.00000, 1.00000, },
			},
			["station/rail/asset/cargo_lamps.mdl"] = {
				{ 1.00000, 0.00000, 0.00000, 0.00000, 0.00000, 1.00000, 0.00000, 0.00000, 0.00000, 0.00000, 1.00000, 0.00000, 18.75000, 0.00000, 0.00000, 1.00000, },
				{ 1.00000, 0.00000, 0.00000, 0.00000, 0.00000, 1.00000, 0.00000, 0.00000, 0.00000, 0.00000, 1.00000, 0.00000, 31.24999, 0.00000, 0.00000, 1.00000, },
				{ 1.00000, 0.00000, 0.00000, 0.00000, 0.00000, 1.00000, 0.00000, 0.00000, 0.00000, 0.00000, 1.00000, 0.00000, 43.74999, 0.00000, 0.00000, 1.00000, },
				{ 1.00000, 0.00000, 0.00000, 0.00000, 0.00000, 1.00000, 0.00000, 0.00000, 0.00000, 0.00000, 1.00000, 0.00000, 6.25000, 0.00000, 0.00000, 1.00000, },
				{ 1.00000, 0.00000, 0.00000, 0.00000, 0.00000, 1.00000, 0.00000, 0.00000, 0.00000, 0.00000, 1.00000, 0.00000, -6.25000, 0.00000, 0.00000, 1.00000, },
				{ 1.00000, 0.00000, 0.00000, 0.00000, 0.00000, 1.00000, 0.00000, 0.00000, 0.00000, 0.00000, 1.00000, 0.00000, -18.75000, 0.00000, 0.00000, 1.00000, },
				{ 1.00000, 0.00000, 0.00000, 0.00000, 0.00000, 1.00000, 0.00000, 0.00000, 0.00000, 0.00000, 1.00000, 0.00000, -31.25000, 0.00000, 0.00000, 1.00000, },
				{ 1.00000, 0.00000, 0.00000, 0.00000, 0.00000, 1.00000, 0.00000, 0.00000, 0.00000, 0.00000, 1.00000, 0.00000, -43.75000, 0.00000, 0.00000, 1.00000, },
				{ -0.00000, -1.00000, 0.00000, 0.00000, 1.00000, -0.00000, 0.00000, 0.00000, 0.00000, 0.00000, 1.00000, 0.00000, -25.73000, -10.59999, 0.00000, 1.00000, },
				{ -0.00000, -1.00000, 0.00000, 0.00000, 1.00000, -0.00000, 0.00000, 0.00000, 0.00000, 0.00000, 1.00000, 0.00000, -13.11000, -10.59999, 0.00000, 1.00000, },
				{ -0.00000, -1.00000, 0.00000, 0.00000, 1.00000, -0.00000, 0.00000, 0.00000, 0.00000, 0.00000, 1.00000, 0.00000, 13.18000, -10.59999, 0.00000, 1.00000, },
				{ -0.00000, -1.00000, 0.00000, 0.00000, 1.00000, -0.00000, 0.00000, 0.00000, 0.00000, 0.00000, 1.00000, 0.00000, 25.80000, -10.59999, 0.00000, 1.00000, },
			},
			["station/rail/asset/cargo_pallet_jack.mdl"] = {
				{ -0.61841, -0.78586, 0.00000, 0.00000, 0.78586, -0.61841, 0.00000, 0.00000, 0.00000, 0.00000, 1.00000, 0.00000, -17.58000, 0.00000, 0.00000, 1.00000, },
				{ 0.25545, -0.96682, 0.00000, 0.00000, 0.96682, 0.25545, 0.00000, 0.00000, 0.00000, 0.00000, 1.00000, 0.00000, -19.91000, -0.41000, 0.00000, 1.00000, },
				{ -0.99756, 0.06976, 0.00000, 0.00000, -0.06976, -0.99756, 0.00000, 0.00000, 0.00000, 0.00000, 1.00000, 0.00000, 38.89000, -1.51000, 0.00000, 1.00000, },
			},
			["station/rail/asset/cargo_speakers.mdl"] = {
				{ 0.65869, -0.75241, 0.00000, 0.00000, 0.75241, 0.65869, 0.00000, 0.00000, 0.00000, 0.00000, 1.00000, 0.00000, 6.25000, 0.00000, 0.00000, 1.00000, },
				{ 0.65869, -0.75241, 0.00000, 0.00000, 0.75241, 0.65869, 0.00000, 0.00000, 0.00000, 0.00000, 1.00000, 0.00000, -40.05000, 0.00000, 0.00000, 1.00000, },
			},
			["station/water/asset/all_eras/era_a_harbour_wall.mdl"] = {
				{ -0.00000, -1.00000, 0.00000, 0.00000, 1.00000, -0.00000, 0.00000, 0.00000, 0.00000, 0.00000, 1.00000, 0.00000, -44.50000, -3.50000, 0.70000, 1.00000, },
				{ -0.00000, -1.00000, 0.00000, 0.00000, 1.00000, -0.00000, 0.00000, 0.00000, 0.00000, 0.00000, 1.00000, 0.00000, 44.50000, -3.50000, 0.70000, 1.00000, },
				{ -0.00000, -1.00000, 0.00000, 0.00000, 1.00000, -0.00000, 0.00000, 0.00000, 0.00000, 0.00000, 1.00000, 0.00000, -44.50000, 6.51000, 0.70000, 1.00000, },
				{ -0.00000, -1.00000, 0.00000, 0.00000, 1.00000, -0.00000, 0.00000, 0.00000, 0.00000, 0.00000, 1.00000, 0.00000, 44.50000, 6.51000, 0.70000, 1.00000, },
				{ -0.00000, -1.00000, 0.00000, 0.00000, 1.00000, -0.00000, 0.00000, 0.00000, 0.00000, 0.00000, 1.00000, 0.00000, -44.50000, -6.50000, 0.70000, 1.00000, },
				{ -0.00000, -1.00000, 0.00000, 0.00000, 1.00000, -0.00000, 0.00000, 0.00000, 0.00000, 0.00000, 1.00000, 0.00000, 44.50000, -6.50000, 0.70000, 1.00000, },
				{ -0.00000, -1.00000, 0.00000, 0.00000, 1.00000, -0.00000, 0.00000, 0.00000, 0.00000, 0.00000, 1.00000, 0.00000, -44.50000, 3.51000, 0.70000, 1.00000, },
				{ -0.00000, -1.00000, 0.00000, 0.00000, 1.00000, -0.00000, 0.00000, 0.00000, 0.00000, 0.00000, 1.00000, 0.00000, 44.50000, 3.51000, 0.70000, 1.00000, },
			},
			["station/water/asset/era_a/gangway_s2.mdl"] = {
				{ 0.10453, -0.99452, 0.00000, 0.00000, 0.99452, 0.10453, 0.00000, 0.00000, 0.00000, 0.00000, 1.00000, 0.00000, -37.10136, -11.15000, 0.00000, 1.00000, },
				{ -0.25882, -0.96593, 0.00000, 0.00000, 0.96593, -0.25882, 0.00000, 0.00000, 0.00000, 0.00000, 1.00000, 0.00000, 12.34864, -0.80000, 0.00000, 1.00000, },
			},
			["station/water/asset/era_a/mooring_bollard_cargo.mdl"] = {
				{ -1.00000, -0.00000, 0.00000, 0.00000, 0.00000, -1.00000, 0.00000, 0.00000, 0.00000, 0.00000, 1.00000, 0.00000, -43.15000, -11.90000, 0.00000, 1.00000, },
				{ -1.00000, -0.00000, 0.00000, 0.00000, 0.00000, -1.00000, 0.00000, 0.00000, 0.00000, 0.00000, 1.00000, 0.00000, -5.75000, -11.90000, 0.00000, 1.00000, },
				{ -1.00000, -0.00000, 0.00000, 0.00000, 0.00000, -1.00000, 0.00000, 0.00000, 0.00000, 0.00000, 1.00000, 0.00000, -31.25000, -11.90000, 0.00000, 1.00000, },
				{ -1.00000, -0.00000, 0.00000, 0.00000, 0.00000, -1.00000, 0.00000, 0.00000, 0.00000, 0.00000, 1.00000, 0.00000, 6.15000, -11.90000, 0.00000, 1.00000, },
				{ -1.00000, -0.00000, 0.00000, 0.00000, 0.00000, -1.00000, 0.00000, 0.00000, 0.00000, 0.00000, 1.00000, 0.00000, 31.25000, -11.90000, 0.00000, 1.00000, },
				{ -1.00000, -0.00000, 0.00000, 0.00000, 0.00000, -1.00000, 0.00000, 0.00000, 0.00000, 0.00000, 1.00000, 0.00000, 43.15000, -11.90000, 0.00000, 1.00000, },
			},
			["station/water/asset/era_a/mooring_ring.mdl"] = {
				{ 1.00000, 0.00000, 0.00000, 0.00000, 0.00000, 1.00000, 0.00000, 0.00000, 0.00000, 0.00000, 1.00000, 0.00000, 16.46080, -11.81995, -1.80024, 1.00000, },
				{ 1.00000, 0.00000, 0.00000, 0.00000, 0.00000, 1.00000, 0.00000, 0.00000, 0.00000, 0.00000, 1.00000, 0.00000, -19.62080, -11.81995, -1.80024, 1.00000, },
				{ -1.00000, 0.00000, 0.00000, 0.00000, -0.00000, -1.00000, 0.00000, 0.00000, 0.00000, 0.00000, 1.00000, 0.00000, 16.36975, 11.82000, -1.80024, 1.00000, },
				{ -1.00000, 0.00000, 0.00000, 0.00000, -0.00000, -1.00000, 0.00000, 0.00000, 0.00000, 0.00000, 1.00000, 0.00000, -19.62080, 11.82000, -1.80024, 1.00000, },
				{ 1.00000, 0.00000, 0.00000, 0.00000, 0.00000, 1.00000, 0.00000, 0.00000, 0.00000, 0.00000, 1.00000, 0.00000, 19.62080, -11.81995, -1.80024, 1.00000, },
				{ 1.00000, 0.00000, 0.00000, 0.00000, 0.00000, 1.00000, 0.00000, 0.00000, 0.00000, 0.00000, 1.00000, 0.00000, -16.46080, -11.81995, -1.80024, 1.00000, },
				{ -1.00000, 0.00000, 0.00000, 0.00000, -0.00000, -1.00000, 0.00000, 0.00000, 0.00000, 0.00000, 1.00000, 0.00000, 19.62080, 11.82000, -1.80024, 1.00000, },
				{ -1.00000, 0.00000, 0.00000, 0.00000, -0.00000, -1.00000, 0.00000, 0.00000, 0.00000, 0.00000, 1.00000, 0.00000, -16.46080, 11.82000, -1.80024, 1.00000, },
			},
			["station/water/asset/era_a/tire_bumper.mdl"] = {
				{ -0.76000, -0.00000, -0.00000, 0.00000, -0.00000, -0.76000, 0.00000, 0.00000, -0.00000, 0.00000, 0.76000, 0.00000, 35.15000, -12.50000, -0.08165, 1.00000, },
				{ -0.76000, -0.00000, -0.00000, 0.00000, -0.00000, -0.76000, 0.00000, 0.00000, -0.00000, 0.00000, 0.76000, 0.00000, 31.15000, -12.50000, -0.08165, 1.00000, },
				{ -0.76000, -0.00000, -0.00000, 0.00000, -0.00000, -0.76000, 0.00000, 0.00000, -0.00000, 0.00000, 0.76000, 0.00000, 27.15000, -12.50000, -0.08165, 1.00000, },
				{ -0.76000, -0.00000, -0.00000, 0.00000, -0.00000, -0.76000, 0.00000, 0.00000, -0.00000, 0.00000, 0.76000, 0.00000, 39.15000, -12.50000, -0.08165, 1.00000, },
				{ -0.76000, -0.00000, -0.00000, 0.00000, -0.00000, -0.76000, 0.00000, 0.00000, -0.00000, 0.00000, 0.76000, 0.00000, 43.15000, -12.50000, -0.08165, 1.00000, },
				{ -0.76000, -0.00000, -0.00000, 0.00000, -0.00000, -0.76000, 0.00000, 0.00000, -0.00000, 0.00000, 0.76000, 0.00000, 47.15000, -12.50000, -0.08165, 1.00000, },
				{ -0.76000, -0.00000, -0.00000, 0.00000, -0.00000, -0.76000, 0.00000, 0.00000, -0.00000, 0.00000, 0.76000, 0.00000, -39.25000, -12.50000, -0.08165, 1.00000, },
				{ -0.76000, -0.00000, -0.00000, 0.00000, -0.00000, -0.76000, 0.00000, 0.00000, -0.00000, 0.00000, 0.76000, 0.00000, -43.25000, -12.50000, -0.08165, 1.00000, },
				{ -0.76000, -0.00000, -0.00000, 0.00000, -0.00000, -0.76000, 0.00000, 0.00000, -0.00000, 0.00000, 0.76000, 0.00000, -47.25000, -12.50000, -0.08165, 1.00000, },
				{ -0.76000, -0.00000, -0.00000, 0.00000, -0.00000, -0.76000, 0.00000, 0.00000, -0.00000, 0.00000, 0.76000, 0.00000, -35.25000, -12.50000, -0.08165, 1.00000, },
				{ -0.76000, -0.00000, -0.00000, 0.00000, -0.00000, -0.76000, 0.00000, 0.00000, -0.00000, 0.00000, 0.76000, 0.00000, -31.25000, -12.50000, -0.08165, 1.00000, },
				{ -0.76000, -0.00000, -0.00000, 0.00000, -0.00000, -0.76000, 0.00000, 0.00000, -0.00000, 0.00000, 0.76000, 0.00000, -27.25000, -12.50000, -0.08165, 1.00000, },
				{ -0.76000, -0.00000, -0.00000, 0.00000, -0.00000, -0.76000, 0.00000, 0.00000, -0.00000, 0.00000, 0.76000, 0.00000, 0.00000, -12.50000, -0.08165, 1.00000, },
				{ -0.76000, -0.00000, -0.00000, 0.00000, -0.00000, -0.76000, 0.00000, 0.00000, -0.00000, 0.00000, 0.76000, 0.00000, -4.00000, -12.50000, -0.08165, 1.00000, },
				{ -0.76000, -0.00000, -0.00000, 0.00000, -0.00000, -0.76000, 0.00000, 0.00000, -0.00000, 0.00000, 0.76000, 0.00000, -8.00000, -12.50000, -0.08165, 1.00000, },
				{ -0.76000, -0.00000, -0.00000, 0.00000, -0.00000, -0.76000, 0.00000, 0.00000, -0.00000, 0.00000, 0.76000, 0.00000, -12.00000, -12.50000, -0.08165, 1.00000, },
				{ -0.76000, -0.00000, -0.00000, 0.00000, -0.00000, -0.76000, 0.00000, 0.00000, -0.00000, 0.00000, 0.76000, 0.00000, 4.00000, -12.50000, -0.08165, 1.00000, },
				{ -0.76000, -0.00000, -0.00000, 0.00000, -0.00000, -0.76000, 0.00000, 0.00000, -0.00000, 0.00000, 0.76000, 0.00000, 8.00000, -12.50000, -0.08165, 1.00000, },
				{ -0.76000, -0.00000, -0.00000, 0.00000, -0.00000, -0.76000, 0.00000, 0.00000, -0.00000, 0.00000, 0.76000, 0.00000, 12.00000, -12.50000, -0.08165, 1.00000, },
			},
			["station/water/era_a/dock_100_25_cargo_sm_full.mdl"] = {
				{ 1.00000, 0.00000, 0.00000, 0.00000, 0.00000, 1.00000, 0.00000, 0.00000, 0.00000, 0.00000, 1.00000, 0.00000, 0.00000, 0.00000, 0.00000, 1.00000, },
			},
		},
		groups = {
			["era_a_wooden_box.grp"] = {
				{ 0.92321, -0.38430, 0.00000, 0.00000, 0.38430, 0.92321, 0.00000, 0.00000, 0.00000, 0.00000, 1.00000, 0.00000, -26.25000, 0.35000, 0.00000, 1.00000, },
				{ 0.97030, 0.24192, 0.00000, 0.00000, -0.24192, 0.97030, 0.00000, 0.00000, 0.00000, 0.00000, 1.00000, 0.00000, -27.51000, -0.27000, 0.00000, 1.00000, },
				{ -0.01745, -0.99985, 0.00000, 0.00000, 0.99985, -0.01745, 0.00000, 0.00000, 0.00000, 0.00000, 1.00000, 0.00000, -27.53000, 0.93000, 0.00000, 1.00000, },
			},
		},
	},
	["layout_front_name"] = {
		models = {
			["station/rail/asset/era_a_station_name.mdl"] = {
				{ -1.20000, -0.00000, -0.00000, 0.00000, 0.00000, -1.20000, 0.00000, 0.00000, -0.00000, 0.00000, 1.20000, 0.00000, 0.00000, -0.00000, 0.00000, 1.00000, },
				{ -1.20000, -0.00000, -0.00000, 0.00000, 0.00000, -1.20000, 0.00000, 0.00000, -0.00000, 0.00000, 1.20000, 0.00000, 24.00000, -0.00000, 0.00000, 1.00000, },
				{ -1.20000, -0.00000, -0.00000, 0.00000, 0.00000, -1.20000, 0.00000, 0.00000, -0.00000, 0.00000, 1.20000, 0.00000, -24.00000, -0.00000, 0.00000, 1.00000, },
			},
		},
	},
	["layout_front_number"] = {
		models = {
			["station/rail/asset/era_a_perron_number.mdl"] = {
				{ -0.00000, -2.00000, -0.00000, 0.00000, 2.00000, -0.00000, 0.00000, 0.00000, -0.00000, 0.00000, 2.00000, 0.00000, 6.24989, 0.00000, 4.73922, 1.00000, },
				{ -0.00000, -2.00000, -0.00000, 0.00000, 2.00000, -0.00000, 0.00000, 0.00000, -0.00000, 0.00000, 2.00000, 0.00000, 31.25000, -0.03492, 4.73922, 1.00000, },
				{ -0.00000, -2.00000, -0.00000, 0.00000, 2.00000, -0.00000, 0.00000, 0.00000, -0.00000, 0.00000, 2.00000, 0.00000, -18.75000, 0.00000, 4.73922, 1.00000, },
				{ 0.00000, 2.00000, 0.00000, 0.00000, -2.00000, 0.00000, 0.00000, 0.00000, -0.00000, -0.00000, 2.00000, 0.00000, -13.11000, -10.60200, 4.73922, 1.00000, },
				{ 0.00000, 2.00000, 0.00000, 0.00000, -2.00000, 0.00000, 0.00000, 0.00000, -0.00000, -0.00000, 2.00000, 0.00000, 13.18000, -10.60200, 4.73922, 1.00000, },
			},
		},
	},
	["layout_back"] = {
		models = {
			["asset/ground/barrel_wood.mdl"] = {
				{ 1.00000, 0.00000, 0.00000, 0.00000, 0.00000, 1.00000, 0.00000, 0.00000, 0.00000, 0.00000, 1.00000, 0.00000, -40.48200, -0.75600, 0.00000, 1.00000, },
				{ 1.00000, 0.00000, 0.00000, 0.00000, 0.00000, 1.00000, 0.00000, 0.00000, 0.00000, 0.00000, 1.00000, 0.00000, -39.35200, -1.05600, 0.00000, 1.00000, },
				{ 1.00000, 0.00000, 0.00000, 0.00000, 0.00000, 1.00000, 0.00000, 0.00000, 0.00000, 0.00000, 1.00000, 0.00000, -40.30000, 0.60000, 0.00000, 1.00000, },
				{ 1.00000, 0.00000, 0.00000, 0.00000, 0.00000, 1.00000, 0.00000, 0.00000, 0.00000, 0.00000, 1.00000, 0.00000, -36.21200, -0.50600, 0.00000, 1.00000, },
			},
			["asset/ground/container_wood.mdl"] = {
				{ -0.00000, -1.00000, 0.00000, 0.00000, 1.00000, -0.00000, 0.00000, 0.00000, 0.00000, 0.00000, 1.00000, 0.00000, -45.34000, 6.65000, 0.00000, 1.00000, },
				{ 0.04885, -0.99881, 0.00000, 0.00000, 0.99881, 0.04885, 0.00000, 0.00000, 0.00000, 0.00000, 1.00000, 0.00000, -45.35000, 3.69000, 0.00000, 1.00000, },
			},
			["asset/industry/cardboard_box_01.mdl"] = {
				{ 0.73094, 0.67944, -0.06395, 0.00000, -0.67686, 0.73373, 0.05922, 0.00000, 0.08716, 0.00000, 0.99619, 0.00000, 27.26181, -0.32773, 0.44984, 1.00000, },
				{ 0.91914, -0.39394, 0.00000, 0.00000, 0.39394, 0.91914, 0.00000, 0.00000, 0.00000, 0.00000, 1.00000, 0.00000, 25.92497, -1.09070, 0.00000, 1.00000, },
			},
			["asset/industry/pallet_01.mdl"] = {
				{ -0.99999, -0.00349, 0.00000, 0.00000, 0.00349, -0.99999, 0.00000, 0.00000, 0.00000, 0.00000, 1.00000, 0.00000, 40.69360, -1.11036, 0.00000, 1.00000, },
				{ 0.00349, -0.99999, -0.00000, 0.00000, 0.53647, 0.00187, -0.84392, 0.00000, 0.84391, 0.00295, 0.53647, 0.00000, 41.41601, -1.10784, 0.49856, 1.00000, },
				{ -0.99813, -0.06120, 0.00000, 0.00000, 0.06120, -0.99812, -0.00403, 0.00000, 0.00025, -0.00402, 0.99999, 0.00000, 40.69360, -1.11036, 0.14500, 1.00000, },
				{ -0.99994, 0.01050, 0.00000, 0.00000, -0.01050, -0.99994, 0.00000, 0.00000, 0.00000, 0.00000, 1.00000, 0.00000, 40.69360, -1.11036, 0.29000, 1.00000, },
				{ -0.99901, -0.04458, 0.00000, 0.00000, 0.04458, -0.99900, -0.00287, 0.00000, 0.00013, -0.00286, 1.00000, 0.00000, 40.69360, -1.11036, 0.43500, 1.00000, },
				{ -0.99996, 0.00904, 0.00000, 0.00000, -0.00904, -0.99996, 0.00000, 0.00000, 0.00000, 0.00000, 1.00000, 0.00000, 40.69360, -1.11036, 0.58000, 1.00000, },
				{ -0.99950, -0.03154, 0.00000, 0.00000, 0.03154, -0.99950, -0.00196, 0.00000, 0.00006, -0.00196, 1.00000, 0.00000, 40.69360, -1.11036, 0.72500, 1.00000, },
				{ 0.99377, 0.11147, 0.00000, 0.00000, -0.11147, 0.99377, 0.00000, 0.00000, 0.00000, 0.00000, 1.00000, 0.00000, -18.48000, 7.93000, 0.00000, 1.00000, },
				{ 0.98568, 0.16864, 0.00000, 0.00000, -0.16864, 0.98567, -0.00403, 0.00000, -0.00068, 0.00397, 0.99999, 0.00000, -18.48000, 7.93000, 0.14500, 1.00000, },
				{ 0.99523, 0.09756, 0.00000, 0.00000, -0.09756, 0.99523, 0.00000, 0.00000, 0.00000, 0.00000, 1.00000, 0.00000, -18.48000, 7.93000, 0.29000, 1.00000, },
				{ 0.98835, 0.15221, 0.00000, 0.00000, -0.15221, 0.98834, -0.00287, 0.00000, -0.00044, 0.00283, 1.00000, 0.00000, -18.48000, 7.93000, 0.43500, 1.00000, },
				{ 0.99509, 0.09901, 0.00000, 0.00000, -0.09901, 0.99509, 0.00000, 0.00000, 0.00000, 0.00000, 1.00000, 0.00000, -18.48000, 7.93000, 0.58000, 1.00000, },
				{ 0.99025, 0.13931, 0.00000, 0.00000, -0.13931, 0.99025, -0.00196, 0.00000, -0.00027, 0.00194, 1.00000, 0.00000, -18.48000, 7.93000, 0.72500, 1.00000, },
				{ 1.00000, 0.00000, 0.00000, 0.00000, 0.00000, 1.00000, 0.00000, 0.00000, 0.00000, 0.00000, 1.00000, 0.00000, -3.15000, 0.00000, 0.00000, 1.00000, },
				{ -0.00000, 1.00000, -0.00000, 0.00000, -0.53647, -0.00000, -0.84392, 0.00000, -0.84392, -0.00000, 0.53647, 0.00000, -3.87242, 0.00000, 0.49856, 1.00000, },
				{ 0.99833, 0.05772, 0.00000, 0.00000, -0.05772, 0.99832, -0.00403, 0.00000, -0.00023, 0.00402, 0.99999, 0.00000, -3.15000, 0.00000, 0.14500, 1.00000, },
				{ 0.99990, -0.01399, 0.00000, 0.00000, 0.01399, 0.99990, 0.00000, 0.00000, 0.00000, 0.00000, 1.00000, 0.00000, -3.15000, 0.00000, 0.29000, 1.00000, },
				{ 0.99916, 0.04110, 0.00000, 0.00000, -0.04109, 0.99915, -0.00287, 0.00000, -0.00012, 0.00287, 1.00000, 0.00000, -3.15000, 0.00000, 0.43500, 1.00000, },
				{ 0.99992, -0.01253, 0.00000, 0.00000, 0.01253, 0.99992, 0.00000, 0.00000, 0.00000, 0.00000, 1.00000, 0.00000, -3.15000, 0.00000, 0.58000, 1.00000, },
				{ 0.99961, 0.02806, 0.00000, 0.00000, -0.02806, 0.99960, -0.00196, 0.00000, -0.00005, 0.00196, 1.00000, 0.00000, -3.15000, 0.00000, 0.72500, 1.00000, },
			},
			["asset/industry/wooden_box_02.mdl"] = {
				{ 0.92321, -0.38430, 0.00000, 0.00000, 0.38430, 0.92321, 0.00000, 0.00000, 0.00000, 0.00000, 1.00000, 0.00000, -26.25000, 0.35000, 0.00000, 1.00000, },
				{ 0.97030, 0.24192, 0.00000, 0.00000, -0.24192, 0.97030, 0.00000, 0.00000, 0.00000, 0.00000, 1.00000, 0.00000, -27.51000, -0.27000, 0.00000, 1.00000, },
				{ -0.01745, -0.99985, 0.00000, 0.00000, 0.99985, -0.01745, 0.00000, 0.00000, 0.00000, 0.00000, 1.00000, 0.00000, -27.53000, 0.93000, 0.00000, 1.00000, },
			},
			["asset/industry/wooden_box_04.mdl"] = {
				{ 1.00000, 0.00000, 0.00000, 0.00000, 0.00000, 1.00000, 0.00000, 0.00000, 0.00000, 0.00000, 1.00000, 0.00000, -4.60000, -10.95000, 0.00000, 1.00000, },
				{ 0.98876, -0.14954, 0.00000, 0.00000, 0.14954, 0.98876, 0.00000, 0.00000, 0.00000, 0.00000, 1.00000, 0.00000, -2.50000, -10.85000, 0.00000, 1.00000, },
				{ 0.99756, 0.06976, 0.00000, 0.00000, -0.06976, 0.99756, 0.00000, 0.00000, 0.00000, 0.00000, 1.00000, 0.00000, -0.60000, -11.10000, 0.00000, 1.00000, },
			},
			["station/air/asset/handcart_luggage_a.mdl"] = {
				{ 0.76979, -0.63473, -0.06735, 0.00000, 0.63232, 0.77273, -0.05532, 0.00000, 0.08716, 0.00000, 0.99619, 0.00000, 27.17000, -0.34000, 0.00000, 1.00000, },
				{ -0.42444, -0.90450, -0.04162, 0.00000, 0.90530, -0.42308, -0.03781, 0.00000, 0.01659, -0.05372, 0.99842, 0.00000, -23.96000, -1.15000, 0.00000, 1.00000, },
			},
			["station/rail/asset/cargo_lamps.mdl"] = {
				{ 1.00000, 0.00000, 0.00000, 0.00000, 0.00000, 1.00000, 0.00000, 0.00000, 0.00000, 0.00000, 1.00000, 0.00000, 18.75000, 0.00000, 0.00000, 1.00000, },
				{ 1.00000, 0.00000, 0.00000, 0.00000, 0.00000, 1.00000, 0.00000, 0.00000, 0.00000, 0.00000, 1.00000, 0.00000, 31.24999, 0.00000, 0.00000, 1.00000, },
				{ 1.00000, 0.00000, 0.00000, 0.00000, 0.00000, 1.00000, 0.00000, 0.00000, 0.00000, 0.00000, 1.00000, 0.00000, 43.74999, 0.00000, 0.00000, 1.00000, },
				{ 1.00000, 0.00000, 0.00000, 0.00000, 0.00000, 1.00000, 0.00000, 0.00000, 0.00000, 0.00000, 1.00000, 0.00000, 6.25000, 0.00000, 0.00000, 1.00000, },
				{ 1.00000, 0.00000, 0.00000, 0.00000, 0.00000, 1.00000, 0.00000, 0.00000, 0.00000, 0.00000, 1.00000, 0.00000, -6.25000, 0.00000, 0.00000, 1.00000, },
				{ 1.00000, 0.00000, 0.00000, 0.00000, 0.00000, 1.00000, 0.00000, 0.00000, 0.00000, 0.00000, 1.00000, 0.00000, -18.75000, 0.00000, 0.00000, 1.00000, },
				{ 1.00000, 0.00000, 0.00000, 0.00000, 0.00000, 1.00000, 0.00000, 0.00000, 0.00000, 0.00000, 1.00000, 0.00000, -31.25000, 0.00000, 0.00000, 1.00000, },
				{ 1.00000, 0.00000, 0.00000, 0.00000, 0.00000, 1.00000, 0.00000, 0.00000, 0.00000, 0.00000, 1.00000, 0.00000, -43.75000, 0.00000, 0.00000, 1.00000, },
				{ -0.00000, 1.00000, 0.00000, 0.00000, -1.00000, -0.00000, 0.00000, 0.00000, 0.00000, 0.00000, 1.00000, 0.00000, 13.11000, 10.60000, 0.00000, 1.00000, },
				{ -0.00000, 1.00000, 0.00000, 0.00000, -1.00000, -0.00000, 0.00000, 0.00000, 0.00000, 0.00000, 1.00000, 0.00000, 25.73000, 10.60000, 0.00000, 1.00000, },
				{ -0.00000, 1.00000, 0.00000, 0.00000, -1.00000, -0.00000, 0.00000, 0.00000, 0.00000, 0.00000, 1.00000, 0.00000, -13.18000, 10.59999, 0.00000, 1.00000, },
				{ -0.00000, 1.00000, 0.00000, 0.00000, -1.00000, -0.00000, 0.00000, 0.00000, 0.00000, 0.00000, 1.00000, 0.00000, -25.80000, 10.59999, 0.00000, 1.00000, },
			},
			["station/rail/asset/cargo_pallet_jack.mdl"] = {
				{ -0.61841, -0.78586, 0.00000, 0.00000, 0.78586, -0.61841, 0.00000, 0.00000, 0.00000, 0.00000, 1.00000, 0.00000, -5.08000, 0.00000, 0.00000, 1.00000, },
				{ 0.92587, -0.37784, 0.00000, 0.00000, 0.37784, 0.92587, 0.00000, 0.00000, 0.00000, 0.00000, 1.00000, 0.00000, -16.96000, 7.74000, 0.00000, 1.00000, },
				{ -0.99756, 0.06976, 0.00000, 0.00000, -0.06976, -0.99756, 0.00000, 0.00000, 0.00000, 0.00000, 1.00000, 0.00000, 38.89000, -1.51000, 0.00000, 1.00000, },
			},
			["station/rail/asset/cargo_speakers.mdl"] = {
				{ 0.65869, -0.75241, 0.00000, 0.00000, 0.75241, 0.65869, 0.00000, 0.00000, 0.00000, 0.00000, 1.00000, 0.00000, 9.45000, 0.00000, 0.00000, 1.00000, },
				{ 0.65869, -0.75241, 0.00000, 0.00000, 0.75241, 0.65869, 0.00000, 0.00000, 0.00000, 0.00000, 1.00000, 0.00000, -33.55000, 0.00000, 0.00000, 1.00000, },
			},
			["station/water/asset/all_eras/era_a_harbour_wall.mdl"] = {
				{ -0.00000, -1.00000, 0.00000, 0.00000, 1.00000, -0.00000, 0.00000, 0.00000, 0.00000, 0.00000, 1.00000, 0.00000, -44.50000, -3.50000, 0.70000, 1.00000, },
				{ -0.00000, -1.00000, 0.00000, 0.00000, 1.00000, -0.00000, 0.00000, 0.00000, 0.00000, 0.00000, 1.00000, 0.00000, 44.50000, -3.50000, 0.70000, 1.00000, },
				{ -0.00000, -1.00000, 0.00000, 0.00000, 1.00000, -0.00000, 0.00000, 0.00000, 0.00000, 0.00000, 1.00000, 0.00000, -44.50000, 6.51000, 0.70000, 1.00000, },
				{ -0.00000, -1.00000, 0.00000, 0.00000, 1.00000, -0.00000, 0.00000, 0.00000, 0.00000, 0.00000, 1.00000, 0.00000, 44.50000, 6.51000, 0.70000, 1.00000, },
				{ -0.00000, -1.00000, 0.00000, 0.00000, 1.00000, -0.00000, 0.00000, 0.00000, 0.00000, 0.00000, 1.00000, 0.00000, -44.50000, -6.50000, 0.70000, 1.00000, },
				{ -0.00000, -1.00000, 0.00000, 0.00000, 1.00000, -0.00000, 0.00000, 0.00000, 0.00000, 0.00000, 1.00000, 0.00000, 44.50000, -6.50000, 0.70000, 1.00000, },
				{ -0.00000, -1.00000, 0.00000, 0.00000, 1.00000, -0.00000, 0.00000, 0.00000, 0.00000, 0.00000, 1.00000, 0.00000, -44.50000, 3.51000, 0.70000, 1.00000, },
				{ -0.00000, -1.00000, 0.00000, 0.00000, 1.00000, -0.00000, 0.00000, 0.00000, 0.00000, 0.00000, 1.00000, 0.00000, 44.50000, 3.51000, 0.70000, 1.00000, },
			},
			["station/water/asset/era_a/gangway_s2.mdl"] = {
				{ 0.08368, 0.99649, -0.00000, 0.00000, -0.99649, 0.08368, 0.00000, 0.00000, 0.00000, -0.00000, 1.00000, 0.00000, 37.45136, 10.95000, 0.00000, 1.00000, },
				{ 0.11494, 0.99337, -0.00000, 0.00000, -0.99337, 0.11494, 0.00000, 0.00000, 0.00000, -0.00000, 1.00000, 0.00000, 19.05136, 1.45000, 0.00000, 1.00000, },
			},
			["station/water/asset/era_a/mooring_bollard_cargo.mdl"] = {
				{ 1.00000, 0.00000, -0.00000, 0.00000, -0.00000, 1.00000, 0.00000, 0.00000, 0.00000, -0.00000, 1.00000, 0.00000, 43.15000, 11.90000, 0.00000, 1.00000, },
				{ 1.00000, 0.00000, -0.00000, 0.00000, -0.00000, 1.00000, 0.00000, 0.00000, 0.00000, -0.00000, 1.00000, 0.00000, 5.75000, 11.90000, 0.00000, 1.00000, },
				{ 1.00000, 0.00000, -0.00000, 0.00000, -0.00000, 1.00000, 0.00000, 0.00000, 0.00000, -0.00000, 1.00000, 0.00000, 31.25000, 11.90000, 0.00000, 1.00000, },
				{ 1.00000, 0.00000, -0.00000, 0.00000, -0.00000, 1.00000, 0.00000, 0.00000, 0.00000, -0.00000, 1.00000, 0.00000, -6.15000, 11.90000, 0.00000, 1.00000, },
				{ 1.00000, 0.00000, -0.00000, 0.00000, -0.00000, 1.00000, 0.00000, 0.00000, 0.00000, -0.00000, 1.00000, 0.00000, -31.25000, 11.90000, 0.00000, 1.00000, },
				{ 1.00000, 0.00000, -0.00000, 0.00000, -0.00000, 1.00000, 0.00000, 0.00000, 0.00000, -0.00000, 1.00000, 0.00000, -43.15000, 11.90000, 0.00000, 1.00000, },
			},
			["station/water/asset/era_a/mooring_ring.mdl"] = {
				{ 1.00000, 0.00000, -0.00000, 0.00000, 0.00000, 1.00000, 0.00000, 0.00000, 0.00000, -0.00000, 1.00000, 0.00000, 16.46080, -11.81995, -1.80024, 1.00000, },
				{ 1.00000, 0.00000, -0.00000, 0.00000, 0.00000, 1.00000, 0.00000, 0.00000, 0.00000, -0.00000, 1.00000, 0.00000, -19.62080, -11.81995, -1.80024, 1.00000, },
				{ -1.00000, 0.00000, 0.00000, 0.00000, -0.00000, -1.00000, -0.00000, 0.00000, 0.00000, -0.00000, 1.00000, 0.00000, 16.36975, 11.82000, -1.80024, 1.00000, },
				{ -1.00000, 0.00000, 0.00000, 0.00000, -0.00000, -1.00000, -0.00000, 0.00000, 0.00000, -0.00000, 1.00000, 0.00000, -19.62080, 11.82000, -1.80024, 1.00000, },
				{ 1.00000, 0.00000, -0.00000, 0.00000, 0.00000, 1.00000, 0.00000, 0.00000, 0.00000, -0.00000, 1.00000, 0.00000, 19.62080, -11.81995, -1.80024, 1.00000, },
				{ 1.00000, 0.00000, -0.00000, 0.00000, 0.00000, 1.00000, 0.00000, 0.00000, 0.00000, -0.00000, 1.00000, 0.00000, -16.46080, -11.81995, -1.80024, 1.00000, },
				{ -1.00000, 0.00000, 0.00000, 0.00000, -0.00000, -1.00000, -0.00000, 0.00000, 0.00000, -0.00000, 1.00000, 0.00000, 19.62080, 11.82000, -1.80024, 1.00000, },
				{ -1.00000, 0.00000, 0.00000, 0.00000, -0.00000, -1.00000, -0.00000, 0.00000, 0.00000, -0.00000, 1.00000, 0.00000, -16.46080, 11.82000, -1.80024, 1.00000, },
			},
			["station/water/asset/era_a/tire_bumper.mdl"] = {
				{ 0.76000, 0.00000, -0.00000, 0.00000, -0.00000, 0.76000, 0.00000, 0.00000, 0.00000, -0.00000, 0.76000, 0.00000, -35.15000, 12.50000, -0.08165, 1.00000, },
				{ 0.76000, 0.00000, -0.00000, 0.00000, -0.00000, 0.76000, 0.00000, 0.00000, 0.00000, -0.00000, 0.76000, 0.00000, -31.15000, 12.50000, -0.08165, 1.00000, },
				{ 0.76000, 0.00000, -0.00000, 0.00000, -0.00000, 0.76000, 0.00000, 0.00000, 0.00000, -0.00000, 0.76000, 0.00000, -27.15000, 12.50000, -0.08165, 1.00000, },
				{ 0.76000, 0.00000, -0.00000, 0.00000, -0.00000, 0.76000, 0.00000, 0.00000, 0.00000, -0.00000, 0.76000, 0.00000, -39.15000, 12.49999, -0.08165, 1.00000, },
				{ 0.76000, 0.00000, -0.00000, 0.00000, -0.00000, 0.76000, 0.00000, 0.00000, 0.00000, -0.00000, 0.76000, 0.00000, -43.15000, 12.49999, -0.08165, 1.00000, },
				{ 0.76000, 0.00000, -0.00000, 0.00000, -0.00000, 0.76000, 0.00000, 0.00000, 0.00000, -0.00000, 0.76000, 0.00000, -47.15000, 12.49999, -0.08165, 1.00000, },
				{ 0.76000, 0.00000, -0.00000, 0.00000, -0.00000, 0.76000, 0.00000, 0.00000, 0.00000, -0.00000, 0.76000, 0.00000, 39.25000, 12.50000, -0.08165, 1.00000, },
				{ 0.76000, 0.00000, -0.00000, 0.00000, -0.00000, 0.76000, 0.00000, 0.00000, 0.00000, -0.00000, 0.76000, 0.00000, 43.25000, 12.50000, -0.08165, 1.00000, },
				{ 0.76000, 0.00000, -0.00000, 0.00000, -0.00000, 0.76000, 0.00000, 0.00000, 0.00000, -0.00000, 0.76000, 0.00000, 47.25000, 12.50000, -0.08165, 1.00000, },
				{ 0.76000, 0.00000, -0.00000, 0.00000, -0.00000, 0.76000, 0.00000, 0.00000, 0.00000, -0.00000, 0.76000, 0.00000, 35.25000, 12.50000, -0.08165, 1.00000, },
				{ 0.76000, 0.00000, -0.00000, 0.00000, -0.00000, 0.76000, 0.00000, 0.00000, 0.00000, -0.00000, 0.76000, 0.00000, 31.25000, 12.50000, -0.08165, 1.00000, },
				{ 0.76000, 0.00000, -0.00000, 0.00000, -0.00000, 0.76000, 0.00000, 0.00000, 0.00000, -0.00000, 0.76000, 0.00000, 27.25000, 12.50000, -0.08165, 1.00000, },
				{ 0.76000, 0.00000, -0.00000, 0.00000, -0.00000, 0.76000, 0.00000, 0.00000, 0.00000, -0.00000, 0.76000, 0.00000, -0.00000, 12.50000, -0.08165, 1.00000, },
				{ 0.76000, 0.00000, -0.00000, 0.00000, -0.00000, 0.76000, 0.00000, 0.00000, 0.00000, -0.00000, 0.76000, 0.00000, 4.00000, 12.50000, -0.08165, 1.00000, },
				{ 0.76000, 0.00000, -0.00000, 0.00000, -0.00000, 0.76000, 0.00000, 0.00000, 0.00000, -0.00000, 0.76000, 0.00000, 8.00000, 12.50000, -0.08165, 1.00000, },
				{ 0.76000, 0.00000, -0.00000, 0.00000, -0.00000, 0.76000, 0.00000, 0.00000, 0.00000, -0.00000, 0.76000, 0.00000, 12.00000, 12.50000, -0.08165, 1.00000, },
				{ 0.76000, 0.00000, -0.00000, 0.00000, -0.00000, 0.76000, 0.00000, 0.00000, 0.00000, -0.00000, 0.76000, 0.00000, -4.00000, 12.50000, -0.08165, 1.00000, },
				{ 0.76000, 0.00000, -0.00000, 0.00000, -0.00000, 0.76000, 0.00000, 0.00000, 0.00000, -0.00000, 0.76000, 0.00000, -8.00000, 12.50000, -0.08165, 1.00000, },
				{ 0.76000, 0.00000, -0.00000, 0.00000, -0.00000, 0.76000, 0.00000, 0.00000, 0.00000, -0.00000, 0.76000, 0.00000, -12.00000, 12.50000, -0.08165, 1.00000, },
			},
			["station/water/era_a/dock_100_25_cargo_sm_full.mdl"] = {
				{ 1.00000, 0.00000, 0.00000, 0.00000, 0.00000, 1.00000, 0.00000, 0.00000, 0.00000, 0.00000, 1.00000, 0.00000, 0.00000, 0.00000, 0.00000, 1.00000, },
			},
		},
	},
	["layout_back_number"] = {
		models = {
			["station/rail/asset/era_a_perron_number.mdl"] = {
				{ 0.00000, 2.00000, 0.00000, 0.00000, -2.00000, 0.00000, 0.00000, 0.00000, -0.00000, -0.00000, 2.00000, 0.00000, 6.24989, 0.00000, 4.73922, 1.00000, },
				{ -0.00000, -2.00000, -0.00000, 0.00000, 2.00000, -0.00000, 0.00000, 0.00000, -0.00000, 0.00000, 2.00000, 0.00000, 31.25000, -0.03492, 4.73922, 1.00000, },
				{ 0.00000, 2.00000, 0.00000, 0.00000, -2.00000, 0.00000, 0.00000, 0.00000, -0.00000, -0.00000, 2.00000, 0.00000, -18.75000, 0.00000, 4.73922, 1.00000, },
				{ 0.00000, -2.00000, 0.00000, 0.00000, 2.00000, 0.00000, 0.00000, 0.00000, -0.00000, 0.00000, 2.00000, 0.00000, 13.11000, 10.60200, 4.73922, 1.00000, },
				{ 0.00000, -2.00000, 0.00000, 0.00000, 2.00000, 0.00000, 0.00000, 0.00000, -0.00000, 0.00000, 2.00000, 0.00000, -13.18000, 10.60200, 4.73922, 1.00000, },
			},
		},
	},
	["layout_back_name"] = {
		models = {
			["station/rail/asset/era_a_station_name.mdl"] = {
				{ -1.20000, -0.00000, -0.00000, 0.00000, 0.00000, -1.20000, 0.00000, 0.00000, -0.00000, 0.00000, 1.20000, 0.00000, -24.00000, -0.00000, 0.00000, 1.00000, },
				{ -1.20000, -0.00000, -0.00000, 0.00000, 0.00000, -1.20000, 0.00000, 0.00000, -0.00000, 0.00000, 1.20000, 0.00000, 0.00000, -0.00000, 0.00000, 1.00000, },
				{ -1.20000, -0.00000, -0.00000, 0.00000, 0.00000, -1.20000, 0.00000, 0.00000, -0.00000, 0.00000, 1.20000, 0.00000, 24.00000, -0.00000, 0.00000, 1.00000, },
			},
		},
	},
	["layout_full"] = {
		models = {
			["asset/industry/cardboard_box_01.mdl"] = {
				{ 0.27020, -0.96068, -0.06395, 0.00000, 0.96198, 0.26662, 0.05922, 0.00000, -0.03984, -0.07752, 0.99619, 0.00000, 36.04776, -0.67781, 0.44984, 1.00000, },
				{ -0.77051, -0.63742, 0.00000, 0.00000, 0.63742, -0.77051, 0.00000, 0.00000, 0.00000, 0.00000, 1.00000, 0.00000, 35.98022, 0.85994, 0.00000, 1.00000, },
				{ -0.98294, 0.18395, 0.00000, 0.00000, -0.18395, -0.98294, 0.00000, 0.00000, 0.00000, 0.00000, 1.00000, 0.00000, 35.15000, 0.30000, 0.00000, 1.00000, },
