local townbuildingutil = require "townbuildingutil"

--Model file: "building/era_a/com_1_3x4_01.mdl"

--Begin Generated
local generatedData = {
	["base"] = {
		models = {
			["building/era_a/com_1_1x1_02.mdl"] = {
				{ 1.00000, 0.00000, 0.00000, 0.00000, 0.00000, 1.00000, 0.00000, 0.00000, 0.00000, 0.00000, 1.00000, 0.00000, -8.72000, 23.19000, 0.00000, 1.00000, },
			},
			["building/era_a/com_1_3x4_01.mdl"] = {
				{ 1.00000, 0.00000, 0.00000, 0.00000, 0.00000, 1.00000, 0.00000, 0.00000, 0.00000, 0.00000, 1.00000, 0.00000, 0.00000, 1.00000, 0.00000, 1.00000, },
			},
		},
		curves = {
			["scaffold"] = {
				{ { -5.32361, 23.84705, 0.00000 }, { -5.32361, 23.84705, 0.00000 }, { -5.32361, 30.62252, 0.00000 }, { -5.32361, 30.62252, 0.00000 }, { -5.32361, 30.62252, 0.00000 }, { -12.09930, 30.62252, 0.00000 }, { -12.09930, 30.62252, 0.00000 }, { -12.09930, 30.62252, 0.00000 }, { -12.09906, 23.84699, 0.00000 }, { -12.09906, 23.84699, 0.00000 }, },
				{ { 6.50040, 2.94700, 0.00000 }, { 6.50040, 2.94700, 0.00000 }, { 6.50040, 12.75979, 0.00000 }, { 6.50040, 12.75979, 0.00000 }, { 6.50040, 12.75979, 0.00000 }, { -6.31241, 12.75978, 0.00000 }, { -6.31241, 12.75978, 0.00000 }, { -6.31241, 12.75978, 0.00000 }, { -6.31241, 2.94700, 0.00000 }, { -6.31241, 2.94700, 0.00000 }, },
			},
			["shared/asphalt_02.gtex.lua;shared/dirt.gtex.lua"] = {
				{ { 12.00000, 0.00000, 0.00000 }, { 12.00000, 0.00000, 0.00000 }, { 12.00000, 31.99999, 0.00000 }, { 12.00000, 31.99999, 0.00000 }, { 12.00000, 31.99999, 0.00000 }, { 2.67499, 31.99999, 0.00000 }, { 2.67499, 31.99999, 0.00000 }, { 2.67499, 31.99999, 0.00000 }, { 2.67499, 12.55000, 0.00000 }, { 2.67499, 12.55000, 0.00000 }, { 2.67499, 12.55000, 0.00000 }, { -12.00000, 12.55000, 0.00000 }, { -12.00000, 12.55000, 0.00000 }, { -12.00000, 12.55000, 0.00000 }, { -12.00000, 0.00000, 0.00000 }, { -12.00000, 0.00000, 0.00000 }, },
			},
			["shared/gravel_03.gtex.lua;shared/dirt.gtex.lua"] = {
				{ { 2.67499, 12.55000, 0.00000 }, { 2.67499, 12.55000, 0.00000 }, { 2.67499, 31.99999, 0.00000 }, { 2.67499, 31.99999, 0.00000 }, { 2.67499, 31.99999, 0.00000 }, { -12.00000, 31.99999, 0.00000 }, { -12.00000, 31.99999, 0.00000 }, { -12.00000, 31.99999, 0.00000 }, { -12.00000, 12.55000, 0.00000 }, { -12.00000, 12.55000, 0.00000 }, },
			},
		},
	},
	["layout_1"] = {
		models = {
			["asset/commercial/all_eras/era_a_com_wall.mdl"] = {
				{ 0.00000, 1.00000, 0.00000, 0.00000, -1.00000, 0.00000, -0.00000, 0.00000, -0.00000, -0.00000, 1.00000, 0.00000, -11.85000, 4.49900, 0.00000, 1.00000, },
				{ 0.00000, 1.00000, 0.00000, 0.00000, -1.00000, 0.00000, -0.00000, 0.00000, -0.00000, -0.00000, 1.00000, 0.00000, -11.85000, 1.49900, 0.00000, 1.00000, },
				{ 0.00000, 1.00000, 0.00000, 0.00000, -1.00000, 0.00000, -0.00000, 0.00000, -0.00000, -0.00000, 1.00000, 0.00000, -11.85000, 7.49900, 0.00000, 1.00000, },
				{ 0.00000, 1.00000, 0.00000, 0.00000, -1.00000, 0.00000, -0.00000, 0.00000, -0.00000, -0.00000, 1.00000, 0.00000, -11.85001, 16.49900, 0.00000, 1.00000, },
				{ 0.00000, 1.00000, 0.00000, 0.00000, -1.00000, 0.00000, -0.00000, 0.00000, -0.00000, -0.00000, 1.00000, 0.00000, 2.83999, 16.49900, 0.00000, 1.00000, },
				{ 0.00000, 1.00000, 0.00000, 0.00000, -1.00000, 0.00000, -0.00000, 0.00000, -0.00000, -0.00000, 1.00000, 0.00000, -11.85001, 19.49900, 0.00000, 1.00000, },
				{ 0.00000, 1.00000, 0.00000, 0.00000, -1.00000, 0.00000, -0.00000, 0.00000, -0.00000, -0.00000, 1.00000, 0.00000, 2.83999, 19.49900, 0.00000, 1.00000, },
				{ 0.00000, 1.00000, 0.00000, 0.00000, -1.00000, 0.00000, -0.00000, 0.00000, -0.00000, -0.00000, 1.00000, 0.00000, -11.85001, 22.49900, 0.00000, 1.00000, },
				{ 0.00000, 1.19652, 0.00000, 0.00000, -1.00000, 0.00000, -0.00000, 0.00000, -0.00000, -0.00000, 1.00000, 0.00000, 2.83999, 22.79379, 0.00000, 1.00000, },
				{ 0.00000, 1.00000, 0.00000, 0.00000, -1.00000, 0.00000, -0.00000, 0.00000, -0.00000, -0.00000, 1.00000, 0.00000, -11.85001, 13.49900, 0.00000, 1.00000, },
				{ 0.00000, 1.00000, 0.00000, 0.00000, -1.00000, 0.00000, -0.00000, 0.00000, -0.00000, -0.00000, 1.00000, 0.00000, 2.83999, 13.49900, 0.00000, 1.00000, },
				{ 0.00000, 1.00000, 0.00000, 0.00000, -1.00000, 0.00000, -0.00000, 0.00000, -0.00000, -0.00000, 1.00000, 0.00000, -11.85000, 10.49900, 0.00000, 1.00000, },
				{ 0.00000, 1.00000, 0.00000, 0.00000, -1.00000, 0.00000, -0.00000, 0.00000, -0.00000, -0.00000, 1.00000, 0.00000, -11.85001, 25.49900, 0.00000, 1.00000, },
				{ 1.00000, -0.00000, 0.00000, 0.00000, 0.00000, 1.00000, -0.00000, 0.00000, -0.00000, 0.00000, 1.00000, 0.00000, -4.50001, 24.74900, 0.00000, 1.00000, },
				{ 0.00000, 1.00000, 0.00000, 0.00000, -1.00000, 0.00000, -0.00000, 0.00000, -0.00000, -0.00000, 1.00000, 0.00000, -11.85001, 28.49900, 0.00000, 1.00000, },
				{ 1.00000, -0.00000, 0.00000, 0.00000, 0.00000, 1.00000, -0.00000, 0.00000, -0.00000, 0.00000, 1.00000, 0.00000, -1.51001, 24.73857, 0.00000, 1.00000, },
				{ 1.00000, -0.00000, 0.00000, 0.00000, 0.00000, 1.00000, -0.00000, 0.00000, -0.00000, 0.00000, 1.00000, 0.00000, 1.48999, 24.73857, 0.00000, 1.00000, },
				{ 0.00000, 1.00000, 0.00000, 0.00000, -1.00000, 0.00000, -0.00000, 0.00000, -0.00000, -0.00000, 1.00000, 0.00000, 11.85000, 4.49900, 0.00000, 1.00000, },
				{ 0.00000, 1.00000, 0.00000, 0.00000, -1.00000, 0.00000, -0.00000, 0.00000, -0.00000, -0.00000, 1.00000, 0.00000, 11.85000, 1.49900, 0.00000, 1.00000, },
				{ 0.00000, 1.00000, 0.00000, 0.00000, -1.00000, 0.00000, -0.00000, 0.00000, -0.00000, -0.00000, 1.00000, 0.00000, 11.85000, 7.49900, 0.00000, 1.00000, },
				{ 0.00000, 1.00000, 0.00000, 0.00000, -1.00000, 0.00000, -0.00000, 0.00000, -0.00000, -0.00000, 1.00000, 0.00000, 11.84999, 16.49900, 0.00000, 1.00000, },
				{ 0.00000, 1.00000, 0.00000, 0.00000, -1.00000, 0.00000, -0.00000, 0.00000, -0.00000, -0.00000, 1.00000, 0.00000, 11.84999, 19.49900, 0.00000, 1.00000, },
				{ 0.00000, 1.00000, 0.00000, 0.00000, -1.00000, 0.00000, -0.00000, 0.00000, -0.00000, -0.00000, 1.00000, 0.00000, 11.84999, 22.49900, 0.00000, 1.00000, },
				{ 0.00000, 1.00000, 0.00000, 0.00000, -1.00000, 0.00000, -0.00000, 0.00000, -0.00000, -0.00000, 1.00000, 0.00000, 11.84999, 13.49900, 0.00000, 1.00000, },
				{ 0.00000, 1.00000, 0.00000, 0.00000, -1.00000, 0.00000, -0.00000, 0.00000, -0.00000, -0.00000, 1.00000, 0.00000, 11.85000, 10.49900, 0.00000, 1.00000, },
				{ 0.00000, 1.00000, 0.00000, 0.00000, -1.00000, 0.00000, -0.00000, 0.00000, -0.00000, -0.00000, 1.00000, 0.00000, 11.84999, 25.49900, 0.00000, 1.00000, },
				{ 0.00000, 1.00000, 0.00000, 0.00000, -1.00000, 0.00000, -0.00000, 0.00000, -0.00000, -0.00000, 1.00000, 0.00000, 11.84999, 28.49900, 0.00000, 1.00000, },
				{ 0.00000, 0.67130, 0.00000, 0.00000, -1.00000, 0.00000, -0.00000, 0.00000, -0.00000, -0.00000, 1.00000, 0.00000, 11.84999, 31.00595, 0.00000, 1.00000, },
				{ 1.00000, -0.00000, 0.00000, 0.00000, 0.00000, 1.00000, -0.00000, 0.00000, -0.00000, 0.00000, 1.00000, 0.00000, 7.20000, 11.17900, 0.00000, 1.00000, },
				{ 1.00000, -0.00000, 0.00000, 0.00000, 0.00000, 1.00000, -0.00000, 0.00000, -0.00000, 0.00000, 1.00000, 0.00000, 10.20000, 11.17900, 0.00000, 1.00000, },
			},
			["asset/commercial/era_a/waggonwheel_01.mdl"] = {
				{ -0.68455, 0.72897, -0.00000, 0.00000, -0.72897, -0.68455, 0.00000, 0.00000, -0.00000, 0.00000, 1.00000, 0.00000, -3.67305, 24.02991, 0.00000, 1.00000, },
				{ -0.84989, 0.52696, -0.00000, 0.00000, -0.52696, -0.84989, 0.00000, 0.00000, -0.00000, 0.00000, 1.00000, 0.00000, -3.10719, 23.78496, 0.00000, 1.00000, },
			},
			["asset/commercial/era_a/waggonwheel_02.mdl"] = {
				{ -0.84989, 0.52696, -0.00000, 0.00000, -0.52696, -0.84989, 0.00000, 0.00000, -0.00000, 0.00000, 1.00000, 0.00000, -2.63975, 23.49513, 0.00000, 1.00000, },
				{ -0.84989, 0.52696, -0.00000, 0.00000, -0.52696, -0.84989, 0.00000, 0.00000, -0.00000, 0.00000, 1.00000, 0.00000, -4.28975, 23.18013, 0.00000, 1.00000, },
				{ -0.84989, 0.52696, -0.00000, 0.00000, -0.52696, -0.84989, 0.00000, 0.00000, -0.00000, 0.00000, 1.00000, 0.00000, -3.42908, 22.98013, 0.00000, 1.00000, },
				{ -0.53033, -0.21570, -0.81989, 0.00000, 0.84745, -0.16234, -0.50545, 0.00000, -0.02408, -0.96287, 0.26889, 0.00000, -4.23500, 24.53800, 0.36800, 1.00000, },
				{ -0.88170, 0.13819, 0.45111, 0.00000, -0.46960, -0.16466, -0.86739, 0.00000, -0.04559, -0.97662, 0.21008, 0.00000, -2.49500, 24.53800, 0.36800, 1.00000, },
			},
			["asset/industry/wooden_box_03.mdl"] = {
				{ -0.01396, -0.99990, -0.00000, 0.00000, 0.99990, -0.01396, 0.00000, 0.00000, -0.00000, 0.00000, 1.00000, 0.00000, 5.70000, 22.83000, 0.00000, 1.00000, },
				{ -0.25882, -0.96593, -0.00000, 0.00000, 0.96593, -0.25882, 0.00000, 0.00000, -0.00000, 0.00000, 1.00000, 0.00000, 5.70000, 24.13000, 0.00000, 1.00000, },
			},
			["asset/industry/wooden_box_04.mdl"] = {
				{ 0.99705, 0.07672, 0.00000, 0.00000, -0.07672, 0.99705, 0.00000, 0.00000, 0.00000, 0.00000, 1.00000, 0.00000, 8.99000, 21.28000, 0.00000, 1.00000, },
				{ 1.00000, 0.00000, 0.00000, 0.00000, 0.00000, 1.00000, 0.00000, 0.00000, 0.00000, 0.00000, 1.00000, 0.00000, 8.99000, 19.28000, 0.00000, 1.00000, },
				{ 0.98927, 0.14608, 0.00000, 0.00000, -0.14608, 0.98927, 0.00000, 0.00000, 0.00000, 0.00000, 1.00000, 0.00000, 9.17000, 17.00000, 0.00000, 1.00000, },
			},
			["street/street_asset_mix/trash_standing_a.mdl"] = {
				{ 1.00000, 0.00000, 0.00000, 0.00000, 0.00000, 1.00000, 0.00000, 0.00000, 0.00000, 0.00000, 1.00000, 0.00000, 6.49000, 8.45000, 0.00000, 1.00000, },
			},
		},
		groups = {
			["era_a_barn_open.grp"] = {
				{ 0.57500, 0.00000, 0.00000, 0.00000, 0.00000, 0.57500, 0.00000, 0.00000, 0.00000, 0.00000, 0.57500, 0.00000, 7.50000, 21.70000, 0.00000, 1.00000, ignore = { 2, 50 }, },
			},
			["era_a_barrel_wood.grp"] = {
				{ 1.00000, 0.00000, 0.00000, 0.00000, 0.00000, 1.00000, 0.00000, 0.00000, 0.00000, 0.00000, 1.00000, 0.00000, 8.28649, 23.28596, -0.00000, 1.00000, },
				{ 0.93378, -0.35785, 0.00000, 0.00000, 0.35785, 0.93378, 0.00000, 0.00000, 0.00000, 0.00000, 1.00000, 0.00000, 9.63649, 24.04596, -0.00000, 1.00000, },
				{ 0.93378, -0.35785, 0.00000, 0.00000, 0.35785, 0.93378, 0.00000, 0.00000, 0.00000, 0.00000, 1.00000, 0.00000, -10.96351, 17.74596, -0.00000, 1.00000, },
				{ 0.93378, -0.35785, 0.00000, 0.00000, 0.35785, 0.93378, 0.00000, 0.00000, 0.00000, 0.00000, 1.00000, 0.00000, -10.76351, 19.44596, -0.00000, 1.00000, },
				{ 0.78132, -0.62413, 0.00000, 0.00000, 0.62413, 0.78132, 0.00000, 0.00000, 0.00000, 0.00000, 1.00000, 0.00000, 8.28649, 24.63596, -0.00000, 1.00000, },
				{ 0.05115, -0.99869, 0.00000, 0.00000, 0.99869, 0.05115, 0.00000, 0.00000, 0.00000, 0.00000, 1.00000, 0.00000, 8.28649, 27.98596, -0.00000, 1.00000, },
				{ 0.74861, -0.66301, 0.00000, 0.00000, 0.66301, 0.74861, 0.00000, 0.00000, 0.00000, 0.00000, 1.00000, 0.00000, 8.28649, 25.93596, -0.00000, 1.00000, },
				{ -0.40674, 0.91355, -0.00000, 0.00000, -0.91355, -0.40674, 0.00000, 0.00000, -0.00000, 0.00000, 1.00000, 0.00000, 9.63649, 27.28596, -0.00000, 1.00000, },
				{ 0.61953, 0.78498, 0.00000, 0.00000, -0.78498, 0.61953, 0.00000, 0.00000, 0.00000, 0.00000, 1.00000, 0.00000, 9.63649, 25.93596, -0.00000, 1.00000, },
			},
			["era_a_com_1_asset_ad_sign.grp"] = {
				{ -0.00000, -1.00000, 0.00000, 0.00000, 1.00000, -0.00000, 0.00000, 0.00000, 0.00000, 0.00000, 1.00000, 0.00000, -5.88000, 9.92000, 2.06000, 1.00000, align = { 0.00000, 1.00000 }, seed = 491, },
			},
			["era_a_com_1_asset_gstore_sign_01.grp"] = {
				{ 1.00000, 0.00000, 0.00000, 0.00000, 0.00000, 1.00000, 0.00000, 0.00000, 0.00000, 0.00000, 1.00000, 0.00000, 0.09000, 3.36000, 3.55000, 1.00000, align = { 0.00000, 1.00000 }, seed = 491, },
				{ -0.00000, 1.00000, 0.00000, 0.00000, -1.00000, -0.00000, 0.00000, 0.00000, 0.00000, 0.00000, 1.00000, 0.00000, 6.08000, 7.85025, 3.55000, 1.00000, align = { 0.00000, 1.00000 }, seed = 491, },
			},
			["era_a_com_2_asset_horse_sign_01.grp"] = {
				{ 0.85615, 0.00000, 0.00000, 0.00000, 0.00000, 0.85615, 0.00000, 0.00000, 0.00000, 0.00000, 0.85615, 0.00000, -8.71145, 24.24000, 3.22232, 1.00000, align = { -8.72000, 23.19000 }, seed = 491, },
			},
			["era_a_com_2_asset_horse_wall_sign_01.grp"] = {
				{ -0.00000, -1.00000, 0.00000, 0.00000, 1.00000, -0.00000, 0.00000, 0.00000, 0.00000, 0.00000, 1.00000, 0.00000, -5.84000, 11.73000, 3.50000, 1.00000, align = { 0.00000, 1.00000 }, seed = 491, },
			},
			["era_a_com_2_asset_shop_awning_end.grp"] = {
				{ 1.00000, 0.00000, 0.00000, 0.00000, 0.00000, 1.00000, 0.00000, 0.00000, 0.00000, 0.00000, 1.00000, 0.00000, 4.60000, 3.36000, 3.08000, 1.00000, align = { 0.00000, 1.00000 }, seed = 491, },
				{ -0.00000, -1.04500, 0.00000, 0.00000, 1.00000, -0.00000, 0.00000, 0.00000, 0.00000, 0.00000, 1.00000, 0.00000, -5.90000, 5.60000, 3.08000, 1.00000, align = { 0.00000, 1.00000 }, seed = 491, },
			},
			["era_a_com_2_asset_shop_awning_repeat.grp"] = {
				{ 1.00000, 0.00000, 0.00000, 0.00000, 0.00000, 1.00000, 0.00000, 0.00000, 0.00000, 0.00000, 1.00000, 0.00000, -4.40000, 3.36000, 3.08000, 1.00000, align = { 0.00000, 1.00000 }, seed = 491, },
				{ 1.00000, 0.00000, 0.00000, 0.00000, 0.00000, 1.00000, 0.00000, 0.00000, 0.00000, 0.00000, 1.00000, 0.00000, -1.40000, 3.36000, 3.08000, 1.00000, align = { 0.00000, 1.00000 }, seed = 491, },
				{ 1.00000, 0.00000, 0.00000, 0.00000, 0.00000, 1.00000, 0.00000, 0.00000, 0.00000, 0.00000, 1.00000, 0.00000, 1.60000, 3.36000, 3.08000, 1.00000, align = { 0.00000, 1.00000 }, seed = 491, },
				{ 1.00000, 0.00000, 0.00000, 0.00000, 0.00000, 1.00000, 0.00000, 0.00000, 0.00000, 0.00000, 1.00000, 0.00000, 4.60000, 3.36000, 3.08000, 1.00000, align = { 0.00000, 1.00000 }, seed = 491, },
				{ -0.00000, -1.04500, 0.00000, 0.00000, 1.00000, -0.00000, 0.00000, 0.00000, 0.00000, 0.00000, 1.00000, 0.00000, -5.90000, 5.60000, 3.08000, 1.00000, align = { 0.00000, 1.00000 }, seed = 491, },
			},
			["era_a_com_2_asset_shop_awning_start.grp"] = {
				{ 1.00000, 0.00000, 0.00000, 0.00000, 0.00000, 1.00000, 0.00000, 0.00000, 0.00000, 0.00000, 1.00000, 0.00000, -4.40000, 3.36000, 3.08000, 1.00000, align = { 0.00000, 1.00000 }, seed = 491, },
				{ -0.00000, -1.04500, 0.00000, 0.00000, 1.00000, -0.00000, 0.00000, 0.00000, 0.00000, 0.00000, 1.00000, 0.00000, -5.90000, 5.60000, 3.08000, 1.00000, align = { 0.00000, 1.00000 }, seed = 491, },
			},
			["era_a_container.grp"] = {
				{ -0.99897, -0.04536, -0.00000, 0.00000, 0.04536, -0.99897, 0.00000, 0.00000, -0.00000, 0.00000, 1.00000, 0.00000, -0.86000, 25.67000, 0.00000, 1.00000, },
				{ -0.99897, 0.04536, -0.00000, 0.00000, -0.04536, -0.99897, 0.00000, 0.00000, -0.00000, 0.00000, 1.00000, 0.00000, 1.75000, 25.67000, 0.00000, 1.00000, },
				{ -0.99897, 0.04536, -0.00000, 0.00000, -0.04536, -0.99897, 0.00000, 0.00000, -0.00000, 0.00000, 1.00000, 0.00000, -3.57000, 25.67000, 0.00000, 1.00000, },
			},
			["era_a_garden_bench.grp"] = {
				{ 0.99897, -0.04536, 0.00000, 0.00000, 0.04536, 0.99897, 0.00000, 0.00000, 0.00000, 0.00000, 1.00000, 0.00000, 10.40000, 10.32000, 0.00000, 1.00000, seed = 26, },
				{ 0.99951, 0.03141, 0.00000, 0.00000, -0.03141, 0.99951, 0.00000, 0.00000, 0.00000, 0.00000, 1.00000, 0.00000, 8.10000, 10.32000, 0.00000, 1.00000, seed = 26, },
			},
			["era_a_market_roof.grp"] = {
				{ 1.00000, 0.00000, 0.00000, 0.00000, 0.00000, 1.00000, 0.00000, 0.00000, 0.00000, 0.00000, 1.00000, 0.00000, -3.16000, 23.28000, 0.00000, 1.00000, },
				{ 1.00000, 0.00000, 0.00000, 0.00000, 0.00000, 1.00000, 0.00000, 0.00000, 0.00000, 0.00000, 1.00000, 0.00000, 0.18000, 23.28000, 0.00000, 1.00000, },
			},
			["era_a_waggon_01.grp"] = {
				{ 0.92978, -0.36812, 0.00000, 0.00000, 0.36812, 0.92978, -0.00000, 0.00000, 0.00000, 0.00000, 1.00000, 0.00000, 0.22000, 22.64013, 0.00000, 1.00000, },
				{ 0.21474, -0.97667, 0.00000, 0.00000, 0.97667, 0.21474, 0.00000, 0.00000, 0.00000, 0.00000, 1.00000, 0.00000, 0.37832, 14.05000, 0.00000, 1.00000, },
				{ 0.03839, -0.99926, 0.00000, 0.00000, 0.99926, 0.03839, 0.00000, 0.00000, 0.00000, 0.00000, 1.00000, 0.00000, 0.72832, 16.15000, 0.00000, 1.00000, },
				{ -0.11494, -0.99337, -0.00000, 0.00000, 0.99337, -0.11494, 0.00000, 0.00000, -0.00000, 0.00000, 1.00000, 0.00000, 0.47832, 18.40000, 0.00000, 1.00000, },
			},
			["era_a_wooden_box.grp"] = {
				{ -0.01396, -0.99990, -0.00000, 0.00000, 0.99990, -0.01396, 0.00000, 0.00000, -0.00000, 0.00000, 1.00000, 0.00000, 6.61000, 15.52000, 0.00000, 1.00000, },
				{ -0.01047, -0.99995, -0.00000, 0.00000, 0.99995, -0.01047, 0.00000, 0.00000, -0.00000, 0.00000, 1.00000, 0.00000, 5.41000, 16.80000, 0.00000, 1.00000, },
				{ 0.14608, -0.98927, 0.00000, 0.00000, 0.98927, 0.14608, 0.00000, 0.00000, 0.00000, 0.00000, 1.00000, 0.00000, 6.61000, 18.06000, 0.00000, 1.00000, },
				{ -0.01396, -0.99990, -0.00000, 0.00000, 0.99990, -0.01396, 0.00000, 0.00000, -0.00000, 0.00000, 1.00000, 0.00000, 5.26000, 15.52000, 0.00000, 1.00000, },
				{ -0.17365, -0.98481, -0.00000, 0.00000, 0.98481, -0.17365, 0.00000, 0.00000, -0.00000, 0.00000, 1.00000, 0.00000, 6.76000, 16.80000, 0.00000, 1.00000, },
				{ 0.14608, -0.98927, 0.00000, 0.00000, 0.98927, 0.14608, 0.00000, 0.00000, 0.00000, 0.00000, 1.00000, 0.00000, -3.66000, 14.77000, 0.00000, 1.00000, },
				{ -0.17365, -0.98481, -0.00000, 0.00000, 0.98481, -0.17365, 0.00000, 0.00000, -0.00000, 0.00000, 1.00000, 0.00000, -5.79000, 15.15000, 0.00000, 1.00000, },
				{ -0.01396, -0.99990, -0.00000, 0.00000, 0.99990, -0.01396, 0.00000, 0.00000, -0.00000, 0.00000, 1.00000, 0.00000, -6.02000, 13.92000, 0.00000, 1.00000, },
				{ 0.89101, -0.45399, 0.00000, 0.00000, 0.45399, 0.89101, 0.00000, 0.00000, 0.00000, 0.00000, 1.00000, 0.00000, -4.66000, 13.22000, 0.00000, 1.00000, },
			},
			["random_shrub_town_fence.grp"] = {
				{ 0.73634, -0.07350, 0.00000, 0.00000, 0.07350, 0.73634, -0.00000, 0.00000, -0.00000, 0.00000, 0.74000, 0.00000, 7.14000, 12.10380, 0.00000, 1.00000, },
				{ -0.00387, 0.73999, -0.00000, 0.00000, -0.73999, -0.00387, 0.00000, 0.00000, -0.00000, 0.00000, 0.74000, 0.00000, 8.91000, 11.98380, 0.00000, 1.00000, },
				{ -0.73918, 0.03486, -0.00000, 0.00000, -0.03486, -0.73918, 0.00000, 0.00000, -0.00000, 0.00000, 0.74000, 0.00000, 10.68000, 11.95380, 0.00000, 1.00000, },
			},
		},
	},
}
--End Generated

function data()
	return townbuildingutil.make_building2(
		{ { -4.60, -0.10 }, { 4.60, -0.10 }, { 4.60, 9.10 }, { -4.60, 9.10 } },
		"COMMERCIAL", 
		"A", 
		1,
		{ 3, 4 },
		generatedData,
		"construction/building/era_a/com_1_3x4_01.gtex"
	)
end
