local townbuildingutil = require "townbuildingutil"

--Model file: "building/era_a/com_1_3x4_02.mdl"

--Begin Generated
local generatedData = {
	["base"] = {
		models = {
			["building/era_a/com_1_3x4_02.mdl"] = {
				{ 1.00000, 0.00000, 0.00000, 0.00000, 0.00000, 1.00000, 0.00000, 0.00000, 0.00000, 0.00000, 1.00000, 0.00000, 0.00000, 2.00000, 0.00000, 1.00000, },
			},
		},
		curves = {
			["scaffold"] = {
				{ { 6.70752, 3.84299, 3.98076 }, { 6.70752, 3.84300, 3.98076 }, { 6.70092, 13.58193, 3.98077 }, { 6.70092, 13.58193, 3.98077 }, { 6.70092, 13.58193, 3.98077 }, { -6.54000, 13.62000, 3.98076 }, { -6.54000, 13.62000, 3.98076 }, { -6.54000, 13.62000, 3.98076 }, { -6.49268, 3.84299, 3.98076 }, { -6.49268, 3.84299, 3.98076 }, },
			},
			["shared/asphalt_02.gtex.lua;shared/dirt.gtex.lua"] = {
				{ { 6.57501, 16.05000, 0.45000 }, { 6.57501, 16.05000, 0.45000 }, { 6.57501, 24.90000, 0.45000 }, { 6.57501, 24.90000, 0.45000 }, { 6.57501, 24.90000, 0.45000 }, { 4.10000, 26.45000, 0.45000 }, { 4.10000, 26.45000, 0.45000 }, { 4.10000, 26.45000, 0.45000 }, { 4.10001, 31.99999, 0.45000 }, { 4.10001, 31.99999, 0.45000 }, { 4.10001, 31.99999, 0.45000 }, { -4.35001, 31.99999, 0.45000 }, { -4.35001, 31.99999, 0.45000 }, { -4.35001, 31.99999, 0.45000 }, { -4.35001, 26.35000, 0.45000 }, { -4.35001, 26.35000, 0.45000 }, { -4.35001, 26.35000, 0.45000 }, { -7.70001, 24.90000, 0.45000 }, { -7.70001, 24.90000, 0.45000 }, { -7.70001, 24.90000, 0.45000 }, { -7.70001, 16.05000, 0.45000 }, { -7.70001, 16.05000, 0.45000 }, { -7.70001, 16.05000, 0.45000 }, { -4.40002, 16.05000, 0.45000 }, { -4.40002, 16.05000, 0.45000 }, { -4.40002, 16.05000, 0.45000 }, { -4.40002, 25.15000, 0.45000 }, { -4.40002, 25.15000, 0.45000 }, { -4.40002, 25.15000, 0.45000 }, { 4.30002, 25.15000, 0.45000 }, { 4.30002, 25.15000, 0.45000 }, { 4.30002, 25.15000, 0.45000 }, { 4.30002, 16.05000, 0.45000 }, { 4.30002, 16.05000, 0.45000 }, },
				{ { 12.00000, -0.15000, 0.45000 }, { 12.00000, -0.15000, 0.45000 }, { 12.00000, 9.05000, 0.45000 }, { 12.00000, 9.05000, 0.45000 }, { 12.00000, 9.05000, 0.45000 }, { 6.57501, 9.05000, 0.45000 }, { 6.57501, 9.05000, 0.45000 }, { 6.57501, 9.05000, 0.45000 }, { 6.57501, 16.05000, 0.45000 }, { 6.57501, 16.05000, 0.45000 }, { 6.57501, 16.05000, 0.45000 }, { -7.70001, 16.05000, 0.45000 }, { -7.70001, 16.05000, 0.45000 }, { -7.70001, 16.05000, 0.45000 }, { -7.70001, 13.05000, 0.45000 }, { -7.70001, 13.05000, 0.45000 }, { -7.70001, 13.05000, 0.45000 }, { -12.00000, 13.05000, 0.45000 }, { -12.00000, 13.05000, 0.45000 }, { -12.00000, 13.05000, 0.45000 }, { -12.00000, -0.15000, 0.45000 }, { -12.00000, -0.15000, 0.45000 }, },
			},
			["shared/gravel_03.gtex.lua;shared/dirt.gtex.lua"] = {
				{ { -7.70001, 13.05000, 0.45000 }, { -7.70001, 13.05000, 0.45000 }, { -7.70001, 16.05000, 0.45000 }, { -7.70001, 16.05000, 0.45000 }, { -7.70001, 16.05000, 0.45000 }, { -7.70001, 24.90000, 0.45000 }, { -7.70001, 24.90000, 0.45000 }, { -7.70001, 24.90000, 0.45000 }, { -4.35001, 26.35000, 0.45000 }, { -4.35001, 26.35000, 0.45000 }, { -4.35001, 26.35000, 0.45000 }, { -4.35001, 31.99999, 0.45000 }, { -4.35001, 31.99999, 0.45000 }, { -4.35001, 31.99999, 0.45000 }, { -12.00000, 31.99999, 0.45000 }, { -12.00000, 31.99999, 0.45000 }, { -12.00000, 31.99999, 0.45000 }, { -12.00000, 13.05000, 0.45000 }, { -12.00000, 13.05000, 0.45000 }, },
				{ { 4.30002, 16.05000, 0.45000 }, { 4.30002, 16.05000, 0.45000 }, { 4.30002, 25.15000, 0.45000 }, { 4.30002, 25.15000, 0.45000 }, { 4.30002, 25.15000, 0.45000 }, { -4.40002, 25.15000, 0.45000 }, { -4.40002, 25.15000, 0.45000 }, { -4.40002, 25.15000, 0.45000 }, { -4.40002, 16.05000, 0.45000 }, { -4.40002, 16.05000, 0.45000 }, },
				{ { 12.00000, 9.05000, 0.45000 }, { 12.00000, 9.05000, 0.45000 }, { 12.00000, 31.99999, 0.45000 }, { 12.00000, 31.99999, 0.45000 }, { 12.00000, 31.99999, 0.45000 }, { 4.10001, 31.99999, 0.45000 }, { 4.10001, 31.99999, 0.45000 }, { 4.10001, 31.99999, 0.45000 }, { 4.10000, 26.45000, 0.45000 }, { 4.10000, 26.45000, 0.45000 }, { 4.10000, 26.45000, 0.45000 }, { 6.57501, 24.90000, 0.45000 }, { 6.57501, 24.90000, 0.45000 }, { 6.57501, 24.90000, 0.45000 }, { 6.57501, 9.05071, 0.45000 }, { 6.57501, 9.05071, 0.45000 }, },
			},
		},
	},
	["layout_1"] = {
		models = {
			["asset/commercial/all_eras/era_a_com_wall.mdl"] = {
				{ 0.00000, 1.00000, 0.00000, 0.00000, -1.00000, 0.00000, -0.00000, 0.00000, -0.00000, -0.00000, 1.00000, 0.00000, -11.85001, 22.49900, 0.00000, 1.00000, },
				{ 0.00000, 1.00000, 0.00000, 0.00000, -1.00000, 0.00000, -0.00000, 0.00000, -0.00000, -0.00000, 1.00000, 0.00000, -11.85001, 28.49900, 0.00000, 1.00000, },
				{ 0.00000, 1.00000, 0.00000, 0.00000, -1.00000, 0.00000, -0.00000, 0.00000, -0.00000, -0.00000, 1.00000, 0.00000, -4.43101, 28.50400, 0.00000, 1.00000, },
				{ 0.00000, 1.00000, 0.00000, 0.00000, -1.00000, 0.00000, -0.00000, 0.00000, -0.00000, -0.00000, 1.00000, 0.00000, 4.26899, 28.50400, 0.00000, 1.00000, },
				{ 0.00000, 1.00000, 0.00000, 0.00000, -1.00000, 0.00000, -0.00000, 0.00000, -0.00000, -0.00000, 1.00000, 0.00000, -11.85001, 25.49900, 0.00000, 1.00000, },
				{ 0.00000, 1.00000, 0.00000, 0.00000, -1.00000, 0.00000, -0.00000, 0.00000, -0.00000, -0.00000, 1.00000, 0.00000, -11.85001, 16.49900, 0.00000, 1.00000, },
				{ 0.00000, 1.00000, 0.00000, 0.00000, -1.00000, 0.00000, -0.00000, 0.00000, -0.00000, -0.00000, 1.00000, 0.00000, -11.85001, 13.49900, 0.00000, 1.00000, },
				{ 0.00000, 1.00000, 0.00000, 0.00000, -1.00000, 0.00000, -0.00000, 0.00000, -0.00000, -0.00000, 1.00000, 0.00000, -11.85001, 19.49900, 0.00000, 1.00000, },
				{ 0.00000, 1.00000, 0.00000, 0.00000, -1.00000, 0.00000, -0.00000, 0.00000, -0.00000, -0.00000, 1.00000, 0.00000, -11.85000, 10.49900, 0.00000, 1.00000, },
				{ 0.00000, 1.00000, 0.00000, 0.00000, -1.00000, 0.00000, -0.00000, 0.00000, -0.00000, -0.00000, 1.00000, 0.00000, -11.85000, 7.49900, 0.00000, 1.00000, },
				{ 0.00000, 1.00000, 0.00000, 0.00000, -1.00000, 0.00000, -0.00000, 0.00000, -0.00000, -0.00000, 1.00000, 0.00000, -11.85000, 4.49900, 0.00000, 1.00000, },
				{ 0.00000, 1.00000, 0.00000, 0.00000, -1.00000, 0.00000, -0.00000, 0.00000, -0.00000, -0.00000, 1.00000, 0.00000, -11.85000, 1.49900, 0.00000, 1.00000, },
				{ 0.00000, 1.00000, 0.00000, 0.00000, -1.00000, 0.00000, -0.00000, 0.00000, -0.00000, -0.00000, 1.00000, 0.00000, 11.84999, 22.49900, 0.00000, 1.00000, },
				{ 0.00000, 1.00000, 0.00000, 0.00000, -1.00000, 0.00000, -0.00000, 0.00000, -0.00000, -0.00000, 1.00000, 0.00000, 11.84999, 28.49900, 0.00000, 1.00000, },
				{ 0.00000, 1.00000, 0.00000, 0.00000, -1.00000, 0.00000, -0.00000, 0.00000, -0.00000, -0.00000, 1.00000, 0.00000, 11.84999, 25.49900, 0.00000, 1.00000, },
				{ 0.00000, 1.00000, 0.00000, 0.00000, -1.00000, 0.00000, -0.00000, 0.00000, -0.00000, -0.00000, 1.00000, 0.00000, 11.84999, 16.49900, 0.00000, 1.00000, },
				{ 0.00000, 1.00000, 0.00000, 0.00000, -1.00000, 0.00000, -0.00000, 0.00000, -0.00000, -0.00000, 1.00000, 0.00000, 11.84999, 13.49900, 0.00000, 1.00000, },
				{ 0.00000, 1.00000, 0.00000, 0.00000, -1.00000, 0.00000, -0.00000, 0.00000, -0.00000, -0.00000, 1.00000, 0.00000, 11.84999, 19.49900, 0.00000, 1.00000, },
				{ 0.00000, 1.00000, 0.00000, 0.00000, -1.00000, 0.00000, -0.00000, 0.00000, -0.00000, -0.00000, 1.00000, 0.00000, 11.85000, 10.49900, 0.00000, 1.00000, },
				{ 1.00000, -0.00000, 0.00000, 0.00000, 0.00000, 1.00000, -0.00000, 0.00000, -0.00000, 0.00000, 1.00000, 0.00000, 10.20000, 8.99900, 0.00000, 1.00000, },
				{ 0.00000, 1.00000, 0.00000, 0.00000, -1.00000, 0.00000, -0.00000, 0.00000, -0.00000, -0.00000, 1.00000, 0.00000, 11.85000, 7.49900, 0.00000, 1.00000, },
				{ 1.00000, -0.00000, 0.00000, 0.00000, 0.00000, 1.00000, -0.00000, 0.00000, -0.00000, 0.00000, 1.00000, 0.00000, 7.20000, 8.99900, 0.00000, 1.00000, },
				{ 0.00000, 1.00000, 0.00000, 0.00000, -1.00000, 0.00000, -0.00000, 0.00000, -0.00000, -0.00000, 1.00000, 0.00000, 11.85000, 4.49900, 0.00000, 1.00000, },
				{ 0.00000, 1.00000, 0.00000, 0.00000, -1.00000, 0.00000, -0.00000, 0.00000, -0.00000, -0.00000, 1.00000, 0.00000, 11.85000, 1.49900, 0.00000, 1.00000, },
				{ -1.00000, 0.00000, 0.00000, 0.00000, -0.00000, -1.00000, -0.00000, 0.00000, 0.00000, -0.00000, 1.00000, 0.00000, -6.08085, 29.85417, 0.00000, 1.00000, },
				{ -1.37500, 0.00000, 0.00000, 0.00000, -0.00000, -1.00000, -0.00000, 0.00000, 0.00000, -0.00000, 1.00000, 0.00000, -9.64085, 29.85417, 0.00000, 1.00000, },
				{ -1.00000, 0.00000, 0.00000, 0.00000, -0.00000, -1.00000, -0.00000, 0.00000, 0.00000, -0.00000, 1.00000, 0.00000, 5.91915, 29.85418, 0.00000, 1.00000, },
				{ -1.42710, 0.00000, 0.00000, 0.00000, -0.00000, -1.00000, -0.00000, 0.00000, 0.00000, -0.00000, 1.00000, 0.00000, 9.55915, 29.85418, 0.00000, 1.00000, },
				{ 0.00000, 0.75000, 0.00000, 0.00000, -1.00000, 0.00000, -0.00000, 0.00000, -0.00000, -0.00000, 1.00000, 0.00000, -1.64900, 1.12400, 0.00000, 1.00000, align = { 0.00000, 1.10000 }, },
				{ -1.00000, 0.00000, 0.00000, 0.00000, -0.00000, -1.00000, -0.00000, 0.00000, 0.00000, -0.00000, 1.00000, 0.00000, 0.00100, 0.15400, 0.00000, 1.00000, align = { 0.00000, 1.10000 }, },
				{ 0.00000, 0.75000, 0.00000, 0.00000, -1.00000, 0.00000, -0.00000, 0.00000, -0.00000, -0.00000, 1.00000, 0.00000, 1.65200, 1.12500, 0.00000, 1.00000, align = { 0.00000, 1.10000 }, },
				{ -1.00000, 0.00000, 0.00000, 0.00000, -0.00000, -1.00000, -0.00000, 0.00000, 0.00000, -0.00000, 1.00000, 0.00000, 0.00100, 2.09900, 0.00000, 1.00000, align = { 0.00000, 1.10000 }, },
			},
			["street/street_asset_mix/trash_standing_a.mdl"] = {
				{ 1.00000, 0.00000, 0.00000, 0.00000, 0.00000, 1.00000, 0.00000, 0.00000, 0.00000, 0.00000, 1.00000, 0.00000, 5.02000, 14.20000, 0.00000, 1.00000, },
				{ 1.00000, 0.00000, 0.00000, 0.00000, 0.00000, 1.00000, 0.00000, 0.00000, 0.00000, 0.00000, 1.00000, 0.00000, -2.42000, 5.56000, 0.00000, 1.00000, },
				{ 1.00000, 0.00000, 0.00000, 0.00000, 0.00000, 1.00000, 0.00000, 0.00000, 0.00000, 0.00000, 1.00000, 0.00000, 6.73000, 4.80000, 0.00000, 1.00000, },
			},
		},
		groups = {
			["era_a_barrel_wood.grp"] = {
				{ 0.93378, -0.35785, 0.00000, 0.00000, 0.35785, 0.93378, 0.00000, 0.00000, 0.00000, 0.00000, 1.00000, 0.00000, 7.21649, 11.40596, -0.00000, 1.00000, },
				{ 0.93378, -0.35785, 0.00000, 0.00000, 0.35785, 0.93378, 0.00000, 0.00000, 0.00000, 0.00000, 1.00000, 0.00000, 8.61649, 9.92596, -0.00000, 1.00000, },
				{ 0.63787, 0.57032, -0.51755, 0.00000, 0.38582, 0.34497, 0.85565, 0.00000, 0.66653, -0.74548, 0.00000, 0.00000, 8.79648, 11.56596, 0.54000, 1.00000, },
				{ 0.93378, -0.35785, 0.00000, 0.00000, 0.35785, 0.93378, 0.00000, 0.00000, 0.00000, 0.00000, 1.00000, 0.00000, 7.21649, 9.92596, -0.00000, 1.00000, },
			},
			["era_a_com_1_asset_food_ad_01.grp"] = {
				{ 0.76604, -0.64279, 0.00000, 0.00000, 0.64279, 0.76604, 0.00000, 0.00000, 0.00000, 0.00000, 1.00000, 0.00000, -6.10000, 13.58159, 0.00000, 1.00000, align = { -5.89000, 11.15000 }, seed = 18, },
			},
			["era_a_com_1_asset_food_booth_03.grp"] = {
				{ -0.00000, -1.00000, 0.00000, 0.00000, 1.00000, -0.00000, 0.00000, 0.00000, 0.00000, 0.00000, 1.00000, 0.00000, -5.89000, 5.69000, 0.00000, 1.00000, align = { -5.89000, 6.69000 }, seed = 141, },
				{ -0.00000, -1.00000, 0.00000, 0.00000, 1.00000, -0.00000, 0.00000, 0.00000, 0.00000, 0.00000, 1.00000, 0.00000, -5.89000, 10.15000, 0.00000, 1.00000, align = { -5.89000, 11.15000 }, seed = 18, },
				{ -1.00000, 0.00000, 0.00000, 0.00000, -0.00000, -1.00000, 0.00000, 0.00000, 0.00000, 0.00000, 1.00000, 0.00000, -4.49000, 13.21000, 0.00000, 1.00000, align = { -3.49000, 13.21000 }, seed = 18, },
				{ -1.00000, 0.00000, 0.00000, 0.00000, -0.00000, -1.00000, 0.00000, 0.00000, 0.00000, 0.00000, 1.00000, 0.00000, -0.85000, 13.21000, 0.00000, 1.00000, align = { 0.15000, 13.21000 }, seed = 141, },
			},
			["era_a_com_1_asset_food_booth_04.grp"] = {
				{ -0.00000, -1.00000, 0.00000, 0.00000, 1.00000, -0.00000, 0.00000, 0.00000, 0.00000, 0.00000, 1.00000, 0.00000, -5.89000, 6.69000, 0.00000, 1.00000, align = { -5.89000, 6.69000 }, seed = 141, },
				{ -0.00000, -1.00000, 0.00000, 0.00000, 1.00000, -0.00000, 0.00000, 0.00000, 0.00000, 0.00000, 1.00000, 0.00000, -5.89000, 11.15000, 0.00000, 1.00000, align = { -5.89000, 11.15000 }, seed = 18, },
				{ -1.00000, 0.00000, 0.00000, 0.00000, -0.00000, -1.00000, 0.00000, 0.00000, 0.00000, 0.00000, 1.00000, 0.00000, -3.49000, 13.21000, 0.00000, 1.00000, align = { -3.49000, 13.21000 }, seed = 18, },
				{ -1.00000, 0.00000, 0.00000, 0.00000, -0.00000, -1.00000, 0.00000, 0.00000, 0.00000, 0.00000, 1.00000, 0.00000, 0.15000, 13.21000, 0.00000, 1.00000, align = { 0.15000, 13.21000 }, seed = 141, },
			},
			["era_a_com_1_asset_food_booth_05.grp"] = {
				{ -0.00000, -1.00000, 0.00000, 0.00000, 1.00000, -0.00000, 0.00000, 0.00000, 0.00000, 0.00000, 1.00000, 0.00000, -5.89000, 7.69000, 0.00000, 1.00000, align = { -5.89000, 6.69000 }, seed = 141, },
				{ -0.00000, -1.00000, 0.00000, 0.00000, 1.00000, -0.00000, 0.00000, 0.00000, 0.00000, 0.00000, 1.00000, 0.00000, -5.89000, 12.15000, 0.00000, 1.00000, align = { -5.89000, 11.15000 }, seed = 18, },
				{ -1.00000, 0.00000, 0.00000, 0.00000, -0.00000, -1.00000, 0.00000, 0.00000, 0.00000, 0.00000, 1.00000, 0.00000, -2.49000, 13.21000, 0.00000, 1.00000, align = { -3.49000, 13.21000 }, seed = 18, },
				{ -1.00000, 0.00000, 0.00000, 0.00000, -0.00000, -1.00000, 0.00000, 0.00000, 0.00000, 0.00000, 1.00000, 0.00000, 1.15000, 13.21000, 0.00000, 1.00000, align = { 0.15000, 13.21000 }, seed = 141, },
			},
			["era_a_com_1_asset_food_booth_end.grp"] = {
				{ -0.00000, -1.00000, 0.00000, 0.00000, 1.00000, -0.00000, 0.00000, 0.00000, 0.00000, 0.00000, 1.00000, 0.00000, -5.89000, 5.69000, 0.00000, 1.00000, align = { -5.89000, 6.69000 }, seed = 141, },
				{ -0.00000, -1.00000, 0.00000, 0.00000, 1.00000, -0.00000, 0.00000, 0.00000, 0.00000, 0.00000, 1.00000, 0.00000, -5.89000, 10.15000, 0.00000, 1.00000, align = { -5.89000, 11.15000 }, seed = 18, },
				{ -1.00000, 0.00000, 0.00000, 0.00000, -0.00000, -1.00000, 0.00000, 0.00000, 0.00000, 0.00000, 1.00000, 0.00000, -4.49000, 13.21000, 0.00000, 1.00000, align = { -3.49000, 13.21000 }, seed = 18, },
				{ -1.00000, 0.00000, 0.00000, 0.00000, -0.00000, -1.00000, 0.00000, 0.00000, 0.00000, 0.00000, 1.00000, 0.00000, -0.85000, 13.21000, 0.00000, 1.00000, align = { 0.15000, 13.21000 }, seed = 141, },
			},
			["era_a_com_1_asset_food_booth_m_01.grp"] = {
				{ -0.00000, 1.00000, 0.00000, 0.00000, -1.00000, -0.00000, 0.00000, 0.00000, 0.00000, 0.00000, 1.00000, 0.00000, -9.38900, 14.48165, 0.77400, 1.00000, align = { -10.15000, 15.38165 }, seed = 421, },
				{ -0.00000, 1.00000, 0.00000, 0.00000, -1.00000, -0.00000, 0.00000, 0.00000, 0.00000, 0.00000, 1.00000, 0.00000, -9.38900, 18.53165, 0.77400, 1.00000, align = { -10.15000, 19.43165 }, seed = 421, },
				{ 0.68200, 0.73135, 0.00000, 0.00000, -0.73135, 0.68200, -0.00000, 0.00000, -0.00000, -0.00000, 1.00000, 0.00000, -8.37724, 26.12443, 0.77400, 1.00000, align = { -8.32000, 27.30165 }, seed = 421, },
				{ 0.07324, -0.99731, 0.00000, 0.00000, 0.99731, 0.07324, 0.00000, 0.00000, 0.00000, 0.00000, 1.00000, 0.00000, 9.07513, 19.67349, 0.77400, 1.00000, align = { 9.90000, 18.83165 }, seed = 421, },
				{ 1.00000, 0.00000, 0.00000, 0.00000, -0.00000, 1.00000, 0.00000, 0.00000, 0.00000, 0.00000, 1.00000, 0.00000, -3.05000, 18.38065, 0.77400, 1.00000, align = { -2.15000, 19.14165 }, seed = 421, },
				{ 0.99961, -0.02792, 0.00000, 0.00000, 0.02792, 0.99961, 0.00000, 0.00000, 0.00000, 0.00000, 1.00000, 0.00000, 1.34910, 18.40607, 0.77400, 1.00000, align = { 2.27000, 19.14165 }, seed = 421, },
			},
			["era_a_com_1_asset_food_booth_m_02.grp"] = {
				{ -0.04536, -0.99897, -0.00000, 0.00000, 0.99897, -0.04536, -0.00000, 0.00000, -0.00000, -0.00000, 1.00000, 0.00000, 9.02409, 15.07298, 0.77400, 1.00000, align = { 9.79000, 15.03164 }, seed = 123, },
				{ 0.79015, -0.61291, 0.00000, 0.00000, 0.61291, 0.79015, 0.00000, 0.00000, 0.00000, 0.00000, 1.00000, 0.00000, 7.61473, 26.77961, 0.77400, 1.00000, align = { 8.09000, 27.38165 }, seed = 123, },
				{ -0.05234, -0.99863, 0.00000, 0.00000, 0.99863, -0.05234, 0.00000, 0.00000, 0.00000, 0.00000, 1.00000, 0.00000, 8.82439, 22.87833, 0.77400, 1.00000, align = { 9.59000, 22.83164 }, seed = 123, },
				{ -0.99978, 0.02094, 0.00000, 0.00000, -0.02094, -0.99978, 0.00000, 0.00000, 0.00000, 0.00000, 1.00000, 0.00000, -2.08739, 23.70834, 0.77400, 1.00000, align = { -2.11000, 22.94164 }, seed = 123, },
				{ -0.99649, -0.08368, 0.00000, 0.00000, 0.08368, -0.99649, 0.00000, 0.00000, -0.00000, -0.00000, 1.00000, 0.00000, 2.18235, 23.70650, 0.77400, 1.00000, align = { 2.24000, 22.94164 }, seed = 123, },
				{ 0.09758, 0.99523, 0.00000, 0.00000, -0.99523, 0.09758, 0.00000, 0.00000, 0.00000, 0.00000, 1.00000, 0.00000, -8.84730, 22.95028, 0.77400, 1.00000, align = { -9.61000, 23.03164 }, seed = 123, },
			},
			["era_a_com_1_asset_food_booth_m_03.grp"] = {
				{ -0.00000, 1.00000, 0.00000, 0.00000, -1.00000, -0.00000, 0.00000, 0.00000, 0.00000, 0.00000, 1.00000, 0.00000, -9.38900, 16.00855, 0.77400, 1.00000, align = { -10.15000, 15.38165 }, seed = 421, },
				{ -0.00000, 1.00000, 0.00000, 0.00000, -1.00000, -0.00000, 0.00000, 0.00000, 0.00000, 0.00000, 1.00000, 0.00000, -9.38900, 20.05855, 0.77400, 1.00000, align = { -10.15000, 19.43165 }, seed = 421, },
				{ 0.68200, 0.73135, 0.00000, 0.00000, -0.73135, 0.68200, -0.00000, 0.00000, -0.00000, -0.00000, 1.00000, 0.00000, -7.33590, 27.24113, 0.77400, 1.00000, align = { -8.32000, 27.30165 }, seed = 421, },
				{ 0.07324, -0.99731, 0.00000, 0.00000, 0.99731, 0.07324, 0.00000, 0.00000, 0.00000, 0.00000, 1.00000, 0.00000, 9.18696, 18.15069, 0.77400, 1.00000, align = { 9.90000, 18.83165 }, seed = 421, },
				{ 1.00000, 0.00000, 0.00000, 0.00000, -0.00000, 1.00000, 0.00000, 0.00000, 0.00000, 0.00000, 1.00000, 0.00000, -1.52310, 18.38065, 0.77400, 1.00000, align = { -2.15000, 19.14165 }, seed = 421, },
				{ 0.99961, -0.02792, 0.00000, 0.00000, 0.02792, 0.99961, 0.00000, 0.00000, 0.00000, 0.00000, 1.00000, 0.00000, 2.87541, 18.36344, 0.77400, 1.00000, align = { 2.27000, 19.14165 }, seed = 421, },
			},
			["era_a_com_1_asset_food_booth_m_04.grp"] = {
				{ -0.00000, 1.00000, 0.00000, 0.00000, -1.00000, -0.00000, 0.00000, 0.00000, 0.00000, 0.00000, 1.00000, 0.00000, -9.38900, 15.24510, 0.77400, 1.00000, align = { -10.15000, 15.38165 }, seed = 421, },
				{ -0.00000, 1.00000, 0.00000, 0.00000, -1.00000, -0.00000, 0.00000, 0.00000, 0.00000, 0.00000, 1.00000, 0.00000, -9.38900, 19.29510, 0.77400, 1.00000, align = { -10.15000, 19.43165 }, seed = 421, },
				{ 0.68200, 0.73135, 0.00000, 0.00000, -0.73135, 0.68200, -0.00000, 0.00000, -0.00000, -0.00000, 1.00000, 0.00000, -7.85657, 26.68278, 0.77400, 1.00000, align = { -8.32000, 27.30165 }, seed = 421, },
				{ 0.07324, -0.99731, 0.00000, 0.00000, 0.99731, 0.07324, 0.00000, 0.00000, 0.00000, 0.00000, 1.00000, 0.00000, 9.13104, 18.91209, 0.77400, 1.00000, align = { 9.90000, 18.83165 }, seed = 421, },
				{ 1.00000, 0.00000, 0.00000, 0.00000, -0.00000, 1.00000, 0.00000, 0.00000, 0.00000, 0.00000, 1.00000, 0.00000, -2.28655, 18.38065, 0.77400, 1.00000, align = { -2.15000, 19.14165 }, seed = 421, },
				{ 0.99961, -0.02792, 0.00000, 0.00000, 0.02792, 0.99961, 0.00000, 0.00000, 0.00000, 0.00000, 1.00000, 0.00000, 2.11226, 18.38475, 0.77400, 1.00000, align = { 2.27000, 19.14165 }, seed = 421, },
				{ -0.04536, -0.99897, -0.00000, 0.00000, 0.99897, -0.04536, -0.00000, 0.00000, -0.00000, -0.00000, 1.00000, 0.00000, 8.98945, 14.31032, 0.77400, 1.00000, align = { 9.79000, 15.03164 }, seed = 123, },
				{ 0.79015, -0.61291, 0.00000, 0.00000, 0.61291, 0.79015, 0.00000, 0.00000, 0.00000, 0.00000, 1.00000, 0.00000, 8.21797, 26.31169, 0.77400, 1.00000, align = { 8.09000, 27.38165 }, seed = 123, },
				{ -0.05234, -0.99863, 0.00000, 0.00000, 0.99863, -0.05234, 0.00000, 0.00000, 0.00000, 0.00000, 1.00000, 0.00000, 8.78444, 22.11592, 0.77400, 1.00000, align = { 9.59000, 22.83164 }, seed = 123, },
				{ -0.99978, 0.02094, 0.00000, 0.00000, -0.02094, -0.99978, 0.00000, 0.00000, 0.00000, 0.00000, 1.00000, 0.00000, -2.85067, 23.72433, 0.77400, 1.00000, align = { -2.11000, 22.94164 }, seed = 123, },
				{ -0.99649, -0.08368, 0.00000, 0.00000, 0.08368, -0.99649, 0.00000, 0.00000, -0.00000, -0.00000, 1.00000, 0.00000, 1.42157, 23.64262, 0.77400, 1.00000, align = { 2.24000, 22.94164 }, seed = 123, },
				{ 0.09758, 0.99523, 0.00000, 0.00000, -0.99523, 0.09758, 0.00000, 0.00000, 0.00000, 0.00000, 1.00000, 0.00000, -8.77280, 23.71009, 0.77400, 1.00000, align = { -9.61000, 23.03164 }, seed = 123, },
			},
			["era_a_com_1_asset_food_booth_m_05.grp"] = {
				{ -0.04536, -0.99897, -0.00000, 0.00000, 0.99897, -0.04536, -0.00000, 0.00000, -0.00000, -0.00000, 1.00000, 0.00000, 9.05872, 15.83564, 0.77400, 1.00000, align = { 9.79000, 15.03164 }, seed = 123, },
				{ 0.79015, -0.61291, 0.00000, 0.00000, 0.61291, 0.79015, 0.00000, 0.00000, 0.00000, 0.00000, 1.00000, 0.00000, 7.01148, 27.24753, 0.77400, 1.00000, align = { 8.09000, 27.38165 }, seed = 123, },
				{ -0.05234, -0.99863, 0.00000, 0.00000, 0.99863, -0.05234, 0.00000, 0.00000, 0.00000, 0.00000, 1.00000, 0.00000, 8.86435, 23.64073, 0.77400, 1.00000, align = { 9.59000, 22.83164 }, seed = 123, },
				{ -0.99978, 0.02094, 0.00000, 0.00000, -0.02094, -0.99978, 0.00000, 0.00000, 0.00000, 0.00000, 1.00000, 0.00000, -1.32411, 23.69235, 0.77400, 1.00000, align = { -2.11000, 22.94164 }, seed = 123, },
				{ -0.99649, -0.08368, 0.00000, 0.00000, 0.08368, -0.99649, 0.00000, 0.00000, -0.00000, -0.00000, 1.00000, 0.00000, 2.94312, 23.77039, 0.77400, 1.00000, align = { 2.24000, 22.94164 }, seed = 123, },
				{ 0.09758, 0.99523, 0.00000, 0.00000, -0.99523, 0.09758, 0.00000, 0.00000, 0.00000, 0.00000, 1.00000, 0.00000, -8.92180, 22.19048, 0.77400, 1.00000, align = { -9.61000, 23.03164 }, seed = 123, },
			},
			["era_a_com_1_asset_food_booth_m_end.grp"] = {
				{ -0.00000, 1.00000, 0.00000, 0.00000, -1.00000, -0.00000, 0.00000, 0.00000, 0.00000, 0.00000, 1.00000, 0.00000, -9.38900, 16.00855, 0.77400, 1.00000, align = { -10.15000, 15.38165 }, seed = 421, },
				{ -0.00000, 1.00000, 0.00000, 0.00000, -1.00000, -0.00000, 0.00000, 0.00000, 0.00000, 0.00000, 1.00000, 0.00000, -9.38900, 20.05855, 0.77400, 1.00000, align = { -10.15000, 19.43165 }, seed = 421, },
				{ 0.68200, 0.73135, 0.00000, 0.00000, -0.73135, 0.68200, -0.00000, 0.00000, -0.00000, -0.00000, 1.00000, 0.00000, -7.33590, 27.24113, 0.77400, 1.00000, align = { -8.32000, 27.30165 }, seed = 421, },
				{ 0.07324, -0.99731, 0.00000, 0.00000, 0.99731, 0.07324, 0.00000, 0.00000, 0.00000, 0.00000, 1.00000, 0.00000, 9.18696, 18.15069, 0.77400, 1.00000, align = { 9.90000, 18.83165 }, seed = 421, },
				{ 1.00000, 0.00000, 0.00000, 0.00000, -0.00000, 1.00000, 0.00000, 0.00000, 0.00000, 0.00000, 1.00000, 0.00000, -1.52310, 18.38065, 0.77400, 1.00000, align = { -2.15000, 19.14165 }, seed = 421, },
				{ 0.99961, -0.02792, 0.00000, 0.00000, 0.02792, 0.99961, 0.00000, 0.00000, 0.00000, 0.00000, 1.00000, 0.00000, 2.87541, 18.36344, 0.77400, 1.00000, align = { 2.27000, 19.14165 }, seed = 421, },
				{ -0.04536, -0.99897, -0.00000, 0.00000, 0.99897, -0.04536, -0.00000, 0.00000, -0.00000, -0.00000, 1.00000, 0.00000, 8.98945, 14.31032, 0.77400, 1.00000, align = { 9.79000, 15.03164 }, seed = 123, },
				{ 0.79015, -0.61291, 0.00000, 0.00000, 0.61291, 0.79015, 0.00000, 0.00000, 0.00000, 0.00000, 1.00000, 0.00000, 8.21797, 26.31169, 0.77400, 1.00000, align = { 8.09000, 27.38165 }, seed = 123, },
				{ -0.05234, -0.99863, 0.00000, 0.00000, 0.99863, -0.05234, 0.00000, 0.00000, 0.00000, 0.00000, 1.00000, 0.00000, 8.78444, 22.11592, 0.77400, 1.00000, align = { 9.59000, 22.83164 }, seed = 123, },
				{ -0.99978, 0.02094, 0.00000, 0.00000, -0.02094, -0.99978, 0.00000, 0.00000, 0.00000, 0.00000, 1.00000, 0.00000, -2.85067, 23.72433, 0.77400, 1.00000, align = { -2.11000, 22.94164 }, seed = 123, },
				{ -0.99649, -0.08368, 0.00000, 0.00000, 0.08368, -0.99649, 0.00000, 0.00000, -0.00000, -0.00000, 1.00000, 0.00000, 1.42157, 23.64262, 0.77400, 1.00000, align = { 2.24000, 22.94164 }, seed = 123, },
				{ 0.09758, 0.99523, 0.00000, 0.00000, -0.99523, 0.09758, 0.00000, 0.00000, 0.00000, 0.00000, 1.00000, 0.00000, -8.77280, 23.71009, 0.77400, 1.00000, align = { -9.61000, 23.03164 }, seed = 123, },
			},
			["era_a_com_1_asset_food_booth_m_start.grp"] = {
				{ -0.00000, 1.00000, 0.00000, 0.00000, -1.00000, -0.00000, 0.00000, 0.00000, 0.00000, 0.00000, 1.00000, 0.00000, -9.38900, 14.48165, 0.77400, 1.00000, align = { -10.15000, 15.38165 }, seed = 421, },
				{ -0.00000, 1.00000, 0.00000, 0.00000, -1.00000, -0.00000, 0.00000, 0.00000, 0.00000, 0.00000, 1.00000, 0.00000, -9.38900, 18.53165, 0.77400, 1.00000, align = { -10.15000, 19.43165 }, seed = 421, },
				{ 0.68200, 0.73135, 0.00000, 0.00000, -0.73135, 0.68200, -0.00000, 0.00000, -0.00000, -0.00000, 1.00000, 0.00000, -8.37724, 26.12443, 0.77400, 1.00000, align = { -8.32000, 27.30165 }, seed = 421, },
				{ 0.07324, -0.99731, 0.00000, 0.00000, 0.99731, 0.07324, 0.00000, 0.00000, 0.00000, 0.00000, 1.00000, 0.00000, 9.07513, 19.67349, 0.77400, 1.00000, align = { 9.90000, 18.83165 }, seed = 421, },
				{ 1.00000, 0.00000, 0.00000, 0.00000, -0.00000, 1.00000, 0.00000, 0.00000, 0.00000, 0.00000, 1.00000, 0.00000, -3.05000, 18.38065, 0.77400, 1.00000, align = { -2.15000, 19.14165 }, seed = 421, },
				{ 0.99961, -0.02792, 0.00000, 0.00000, 0.02792, 0.99961, 0.00000, 0.00000, 0.00000, 0.00000, 1.00000, 0.00000, 1.34910, 18.40607, 0.77400, 1.00000, align = { 2.27000, 19.14165 }, seed = 421, },
				{ -0.04536, -0.99897, -0.00000, 0.00000, 0.99897, -0.04536, -0.00000, 0.00000, -0.00000, -0.00000, 1.00000, 0.00000, 9.05872, 15.83564, 0.77400, 1.00000, align = { 9.79000, 15.03164 }, seed = 123, },
				{ 0.79015, -0.61291, 0.00000, 0.00000, 0.61291, 0.79015, 0.00000, 0.00000, 0.00000, 0.00000, 1.00000, 0.00000, 7.01148, 27.24753, 0.77400, 1.00000, align = { 8.09000, 27.38165 }, seed = 123, },
				{ -0.05234, -0.99863, 0.00000, 0.00000, 0.99863, -0.05234, 0.00000, 0.00000, 0.00000, 0.00000, 1.00000, 0.00000, 8.86435, 23.64073, 0.77400, 1.00000, align = { 9.59000, 22.83164 }, seed = 123, },
				{ -0.99978, 0.02094, 0.00000, 0.00000, -0.02094, -0.99978, 0.00000, 0.00000, 0.00000, 0.00000, 1.00000, 0.00000, -1.32411, 23.69235, 0.77400, 1.00000, align = { -2.11000, 22.94164 }, seed = 123, },
				{ -0.99649, -0.08368, 0.00000, 0.00000, 0.08368, -0.99649, 0.00000, 0.00000, -0.00000, -0.00000, 1.00000, 0.00000, 2.94312, 23.77039, 0.77400, 1.00000, align = { 2.24000, 22.94164 }, seed = 123, },
				{ 0.09758, 0.99523, 0.00000, 0.00000, -0.99523, 0.09758, 0.00000, 0.00000, 0.00000, 0.00000, 1.00000, 0.00000, -8.92180, 22.19048, 0.77400, 1.00000, align = { -9.61000, 23.03164 }, seed = 123, },
			},
			["era_a_com_1_asset_food_booth_start.grp"] = {
				{ -0.00000, -1.00000, 0.00000, 0.00000, 1.00000, -0.00000, 0.00000, 0.00000, 0.00000, 0.00000, 1.00000, 0.00000, -5.89000, 7.69000, 0.00000, 1.00000, align = { -5.89000, 6.69000 }, seed = 141, },
				{ -0.00000, -1.00000, 0.00000, 0.00000, 1.00000, -0.00000, 0.00000, 0.00000, 0.00000, 0.00000, 1.00000, 0.00000, -5.89000, 12.15000, 0.00000, 1.00000, align = { -5.89000, 11.15000 }, seed = 18, },
				{ -1.00000, 0.00000, 0.00000, 0.00000, -0.00000, -1.00000, 0.00000, 0.00000, 0.00000, 0.00000, 1.00000, 0.00000, -2.49000, 13.21000, 0.00000, 1.00000, align = { -3.49000, 13.21000 }, seed = 18, },
				{ -1.00000, 0.00000, 0.00000, 0.00000, -0.00000, -1.00000, 0.00000, 0.00000, 0.00000, 0.00000, 1.00000, 0.00000, 1.15000, 13.21000, 0.00000, 1.00000, align = { 0.15000, 13.21000 }, seed = 141, },
			},
			["era_a_com_1_asset_food_box_m.grp"] = {
				{ -0.99897, 0.04536, 0.00000, 0.00000, -0.04536, -0.99897, -0.00000, 0.00000, 0.00000, -0.00000, 1.00000, 0.00000, 11.07940, 13.88698, 0.81000, 1.00000, align = { 9.79000, 15.03164 }, },
				{ -0.99297, 0.11840, -0.00000, 0.00000, -0.11840, -0.99297, 0.00000, 0.00000, 0.00000, 0.00000, 1.00000, 0.00000, 11.11002, 14.56128, 0.81000, 1.00000, align = { 9.79000, 15.03164 }, },
				{ -0.44151, 0.89726, 0.00000, 0.00000, -0.00000, 0.00000, -1.00000, 0.00000, -0.89726, -0.44151, 0.00000, 0.00000, 11.32294, 15.50259, 1.12000, 1.00000, align = { 9.79000, 15.03164 }, },
				{ -0.61291, -0.79015, 0.00000, 0.00000, 0.79015, -0.61291, 0.00000, 0.00000, 0.00000, 0.00000, 1.00000, 0.00000, 9.76861, 27.77545, 0.81000, 1.00000, align = { 8.09000, 27.38165 }, },
				{ -0.66913, -0.74314, -0.00000, 0.00000, 0.74314, -0.66913, 0.00000, 0.00000, -0.00000, 0.00000, 1.00000, 0.00000, 9.23526, 28.18916, 0.81000, 1.00000, align = { 8.09000, 27.38165 }, },
				{ -0.98769, 0.15643, 0.00000, 0.00000, -0.00000, 0.00000, -1.00000, 0.00000, -0.15643, -0.98769, 0.00000, 0.00000, 8.58881, 28.90575, 1.12000, 1.00000, align = { 8.09000, 27.38165 }, },
				{ -0.99863, 0.05234, 0.00000, 0.00000, -0.05234, -0.99863, -0.00000, 0.00000, 0.00000, -0.00000, 1.00000, 0.00000, 10.87138, 21.67800, 0.81000, 1.00000, align = { 9.59000, 22.83164 }, },
				{ -0.99211, 0.12533, -0.00000, 0.00000, -0.12533, -0.99211, 0.00000, 0.00000, 0.00000, 0.00000, 1.00000, 0.00000, 10.90671, 22.35208, 0.81000, 1.00000, align = { 9.59000, 22.83164 }, },
				{ -0.43523, 0.90032, 0.00000, 0.00000, -0.00000, 0.00000, -1.00000, 0.00000, -0.90032, -0.43523, 0.00000, 0.00000, 11.12619, 23.29188, 1.12000, 1.00000, align = { 9.59000, 22.83164 }, },
				{ 0.02094, 0.99978, -0.00000, 0.00000, -0.99978, 0.02094, 0.00000, 0.00000, 0.00000, -0.00000, 1.00000, 0.00000, -3.22282, 21.62466, 0.81000, 1.00000, align = { -2.11000, 22.94164 }, },
				{ 0.09411, 0.99556, -0.00000, 0.00000, -0.99556, 0.09411, 0.00000, 0.00000, 0.00000, -0.00000, 1.00000, 0.00000, -2.54797, 21.61053, 0.81000, 1.00000, align = { -2.11000, 22.94164 }, },
				{ 0.88620, 0.46330, 0.00000, 0.00000, 0.00000, 0.00000, -1.00000, 0.00000, -0.46330, 0.88620, 0.00000, 0.00000, -1.60174, 21.42067, 1.12000, 1.00000, align = { -2.11000, 22.94164 }, },
				{ -0.08368, 0.99649, -0.00000, 0.00000, -0.99649, -0.08368, -0.00000, 0.00000, -0.00000, -0.00000, 1.00000, 0.00000, 1.27093, 21.51555, 0.81000, 1.00000, align = { 2.24000, 22.94164 }, },
				{ -0.01047, 0.99995, -0.00000, 0.00000, -0.99995, -0.01047, 0.00000, 0.00000, 0.00000, 0.00000, 1.00000, 0.00000, 1.94357, 21.57204, 0.81000, 1.00000, align = { 2.24000, 22.94164 }, },
				{ 0.83292, 0.55339, 0.00000, 0.00000, 0.00000, 0.00000, -1.00000, 0.00000, -0.55339, 0.83292, 0.00000, 0.00000, 2.90446, 21.48213, 1.12000, 1.00000, align = { 2.24000, 22.94164 }, },
				{ 0.99523, -0.09758, 0.00000, 0.00000, 0.09758, 0.99523, 0.00000, 0.00000, 0.00000, 0.00000, 1.00000, 0.00000, -10.83773, 24.24223, 0.81000, 1.00000, align = { -9.61000, 23.03164 }, },
				{ 0.98541, -0.17021, -0.00000, 0.00000, 0.17021, 0.98541, 0.00000, 0.00000, -0.00000, -0.00000, 1.00000, 0.00000, -10.90359, 23.57045, 0.81000, 1.00000, align = { -9.61000, 23.03164 }, },
				{ 0.39394, -0.91914, 0.00000, 0.00000, 0.00000, -0.00000, -1.00000, 0.00000, 0.91914, 0.39394, 0.00000, 0.00000, -11.16549, 22.64157, 1.12000, 1.00000, align = { -9.61000, 23.03164 }, },
				{ 0.96222, -0.27228, 0.00000, 0.00000, 0.27228, 0.96222, 0.00000, 0.00000, 0.00000, 0.00000, 1.00000, 0.00000, -6.44000, 9.21000, 0.00000, 1.00000, align = { -5.89000, 11.15000 }, seed = 18, },
				{ 0.93358, -0.35837, 0.00000, 0.00000, 0.35837, 0.93358, 0.00000, 0.00000, 0.00000, 0.00000, 1.00000, 0.00000, -5.45000, 29.05000, 0.00000, 1.00000, },
				{ 0.99998, 0.00698, 0.00000, 0.00000, -0.00698, 0.99998, 0.00000, 0.00000, 0.00000, 0.00000, 1.00000, 0.00000, -6.55000, 29.27000, 0.00000, 1.00000, },
				{ 0.99337, 0.11494, 0.00000, 0.00000, -0.11494, 0.99337, 0.00000, 0.00000, 0.00000, 0.00000, 1.00000, 0.00000, -5.13000, 28.11000, 0.00000, 1.00000, },
			},
			["era_a_com_1_asset_food_sign_01.grp"] = {
				{ 1.00000, 0.00000, 0.00000, 0.00000, 0.00000, 1.00000, 0.00000, 0.00000, 0.00000, 0.00000, 1.00000, 0.00000, 0.10500, 6.02000, 3.38000, 1.00000, align = { 0.00000, 2.00000 }, seed = 256, },
			},
			["era_a_com_1_asset_ground_double_bench.grp"] = {
				{ -0.02115, 0.99978, -0.00000, 0.00000, -0.99978, -0.02115, 0.00000, 0.00000, -0.00000, 0.00000, 1.00000, 0.00000, 6.43248, 7.10497, 0.00000, 1.00000, seed = 85, },
				{ 0.00642, -0.99998, 0.00000, 0.00000, 0.99998, 0.00642, 0.00000, 0.00000, 0.00000, 0.00000, 1.00000, 0.00000, 7.99248, 7.10497, 0.00000, 1.00000, seed = 85, },
				{ 0.99998, 0.00642, 0.00000, 0.00000, -0.00642, 0.99998, 0.00000, 0.00000, 0.00000, 0.00000, 1.00000, 0.00000, 10.28000, 8.11745, 0.00000, 1.00000, seed = 85, },
				{ -0.99978, -0.02115, -0.00000, 0.00000, 0.02115, -0.99978, 0.00000, 0.00000, -0.00000, 0.00000, 1.00000, 0.00000, 10.28000, 6.07745, 0.00000, 1.00000, seed = 85, },
				{ 0.99998, 0.00642, 0.00000, 0.00000, -0.00642, 0.99998, 0.00000, 0.00000, 0.00000, 0.00000, 1.00000, 0.00000, 10.28000, 4.29745, 0.00000, 1.00000, seed = 85, },
				{ -0.99978, -0.02115, -0.00000, 0.00000, 0.02115, -0.99978, 0.00000, 0.00000, -0.00000, 0.00000, 1.00000, 0.00000, 10.28000, 2.25745, 0.00000, 1.00000, seed = 85, },
			},
			["era_a_com_1_asset_ground_sunshade.grp"] = {
				{ 0.79229, -0.61015, 0.00000, 0.00000, 0.61015, 0.79229, 0.00000, 0.00000, 0.00000, 0.00000, 1.00000, 0.00000, 10.28000, 3.30497, 0.00000, 1.00000, seed = 16, },
				{ 0.53877, 0.84245, 0.00000, 0.00000, -0.84245, 0.53877, 0.00000, 0.00000, 0.00000, 0.00000, 1.00000, 0.00000, 10.28000, 7.12497, 0.00000, 1.00000, seed = 16, },
			},
			["era_a_com_1_asset_ground_table.grp"] = {
				{ -0.02063, -0.99979, 0.00000, 0.00000, 0.99979, -0.02063, 0.00000, 0.00000, 0.00000, 0.00000, 1.00000, 0.00000, 7.23503, 7.10497, 0.00000, 1.00000, seed = 85, },
				{ 0.99979, -0.02063, 0.00000, 0.00000, 0.02063, 0.99979, 0.00000, 0.00000, 0.00000, 0.00000, 1.00000, 0.00000, 10.28000, 7.12000, 0.00000, 1.00000, seed = 85, },
				{ 0.99979, -0.02063, 0.00000, 0.00000, 0.02063, 0.99979, 0.00000, 0.00000, 0.00000, 0.00000, 1.00000, 0.00000, 10.28000, 3.30000, 0.00000, 1.00000, seed = 85, },
			},
			["era_a_com_1_asset_restaurant_awning_end.grp"] = {
				{ -0.00000, 1.26270, 0.00000, 0.00000, -1.00000, -0.00000, -0.00000, 0.00000, 0.00000, -0.00000, 1.00000, 0.00000, 6.11000, 6.53000, 3.00000, 1.00000, align = { 0.00000, 2.00000 }, seed = 56, },
			},
			["era_a_com_1_asset_restaurant_awning_repeat.grp"] = {
				{ -0.00000, 1.26270, 0.00000, 0.00000, -1.00000, -0.00000, -0.00000, 0.00000, 0.00000, -0.00000, 1.00000, 0.00000, 6.11000, 6.53000, 3.00000, 1.00000, align = { 0.00000, 2.00000 }, seed = 56, },
			},
			["era_a_com_1_asset_restaurant_awning_start.grp"] = {
				{ -0.00000, 1.26270, 0.00000, 0.00000, -1.00000, -0.00000, -0.00000, 0.00000, 0.00000, -0.00000, 1.00000, 0.00000, 6.11000, 6.53000, 3.00000, 1.00000, align = { 0.00000, 2.00000 }, seed = 56, },
			},
			["era_a_com_1_asset_restaurant_menu_01.grp"] = {
				{ -0.30902, 0.95106, 0.00000, 0.00000, -0.95106, -0.30902, 0.00000, 0.00000, 0.00000, 0.00000, 1.00000, 0.00000, 4.76000, 3.24700, 0.00000, 1.00000, align = { 0.00000, 2.00000 }, seed = 56, },
			},
			["era_a_com_1_asset_restaurant_sign_02.grp"] = {
				{ -0.00000, 0.90500, 0.00000, 0.00000, -0.90301, -0.00000, -0.05998, 0.00000, -0.05998, -0.00000, 0.90301, 0.00000, 6.08000, 6.51406, 3.52000, 1.00000, align = { 0.00000, 2.00000 }, seed = 56, },
			},
			["era_a_com_1_asset_restaurant_wall_sign_02.grp"] = {
				{ 0.85000, 0.00000, 0.00000, 0.00000, 0.00000, 0.85000, 0.00000, 0.00000, 0.00000, 0.00000, 0.85000, 0.00000, 5.90000, 4.22271, 2.30000, 1.00000, align = { 0.00000, 2.00000 }, seed = 56, },
			},
			["era_a_com_2_asset_food_sign_01.grp"] = {
				{ -0.00000, -1.00000, 0.00000, 0.00000, 1.00000, -0.00000, 0.00000, 0.00000, 0.00000, 0.00000, 1.00000, 0.00000, -5.88000, 8.72079, 4.72000, 1.00000, align = { 0.00000, 2.00000 }, seed = 256, },
			},
			["era_a_com_2_asset_food_wall_sign_01.grp"] = {
				{ 0.69738, 0.00000, 0.00000, 0.00000, 0.00000, 0.69738, 0.00000, 0.00000, 0.00000, 0.00000, 0.69738, 0.00000, -4.38000, 4.22500, 3.44000, 1.00000, align = { 0.00000, 2.00000 }, seed = 256, },
			},
			["era_a_com_2_asset_shop_awning_end.grp"] = {
				{ -0.00000, -1.00000, 0.00000, 0.00000, 1.00000, -0.00000, 0.00000, 0.00000, 0.00000, 0.00000, 1.00000, 0.00000, -5.89000, 5.72000, 3.62000, 1.00000, align = { 0.00000, 2.00000 }, seed = 123, },
				{ -1.00000, 0.00000, 0.00000, 0.00000, -0.00000, -1.00000, 0.00000, 0.00000, 0.00000, 0.00000, 1.00000, 0.00000, -3.37000, 13.22000, 3.62000, 1.00000, align = { 0.00000, 2.00000 }, seed = 321, },
			},
			["era_a_com_2_asset_shop_awning_repeat.grp"] = {
				{ -0.00000, -1.00000, 0.00000, 0.00000, 1.00000, -0.00000, 0.00000, 0.00000, 0.00000, 0.00000, 1.00000, 0.00000, -5.89000, 11.72000, 3.62000, 1.00000, align = { 0.00000, 2.00000 }, seed = 123, },
				{ -0.00000, -1.00000, 0.00000, 0.00000, 1.00000, -0.00000, 0.00000, 0.00000, 0.00000, 0.00000, 1.00000, 0.00000, -5.89000, 8.72000, 3.62000, 1.00000, align = { 0.00000, 2.00000 }, seed = 123, },
				{ -0.00000, -1.00000, 0.00000, 0.00000, 1.00000, -0.00000, 0.00000, 0.00000, 0.00000, 0.00000, 1.00000, 0.00000, -5.89000, 5.72000, 3.62000, 1.00000, align = { 0.00000, 2.00000 }, seed = 123, },
				{ -1.00000, 0.00000, 0.00000, 0.00000, -0.00000, -1.00000, 0.00000, 0.00000, 0.00000, 0.00000, 1.00000, 0.00000, 2.63000, 13.22000, 3.62000, 1.00000, align = { 0.00000, 2.00000 }, seed = 321, },
				{ -1.00000, 0.00000, 0.00000, 0.00000, -0.00000, -1.00000, 0.00000, 0.00000, 0.00000, 0.00000, 1.00000, 0.00000, -0.37000, 13.22000, 3.62000, 1.00000, align = { 0.00000, 2.00000 }, seed = 321, },
				{ -1.00000, 0.00000, 0.00000, 0.00000, -0.00000, -1.00000, 0.00000, 0.00000, 0.00000, 0.00000, 1.00000, 0.00000, -3.37000, 13.22000, 3.62000, 1.00000, align = { 0.00000, 2.00000 }, seed = 321, },
			},
			["era_a_com_2_asset_shop_awning_start.grp"] = {
				{ -0.00000, -1.00000, 0.00000, 0.00000, 1.00000, -0.00000, 0.00000, 0.00000, 0.00000, 0.00000, 1.00000, 0.00000, -5.89000, 11.72000, 3.62000, 1.00000, align = { 0.00000, 2.00000 }, seed = 123, },
				{ -1.00000, 0.00000, 0.00000, 0.00000, -0.00000, -1.00000, 0.00000, 0.00000, 0.00000, 0.00000, 1.00000, 0.00000, 2.63000, 13.22000, 3.62000, 1.00000, align = { 0.00000, 2.00000 }, seed = 321, },
			},
			["era_a_container.grp"] = {
				{ -0.00000, 1.00000, 0.00000, 0.00000, -1.00000, -0.00000, 0.00000, 0.00000, 0.00000, 0.00000, 1.00000, 0.00000, -3.59000, 28.48000, 0.00000, 1.00000, },
			},
			["era_a_garden_bench.grp"] = {
				{ -0.99961, -0.02792, 0.00000, 0.00000, 0.02792, -0.99961, 0.00000, 0.00000, 0.00000, 0.00000, 1.00000, 0.00000, -4.34000, 3.74000, 0.00000, 1.00000, seed = 12, },
			},
			["era_a_market_01.grp"] = {
				{ -0.00000, 1.00000, 0.00000, 0.00000, -1.00000, -0.00000, 0.00000, 0.00000, 0.00000, 0.00000, 1.00000, 0.00000, -10.15000, 15.38165, 0.00000, 1.00000, },
				{ -0.00000, 1.00000, 0.00000, 0.00000, -1.00000, -0.00000, 0.00000, 0.00000, 0.00000, 0.00000, 1.00000, 0.00000, -10.15000, 19.43165, 0.00000, 1.00000, },
				{ 0.68200, 0.73135, 0.00000, 0.00000, -0.73135, 0.68200, -0.00000, 0.00000, -0.00000, -0.00000, 1.00000, 0.00000, -8.32000, 27.30165, 0.00000, 1.00000, },
				{ 0.07324, -0.99731, 0.00000, 0.00000, 0.99731, 0.07324, 0.00000, 0.00000, 0.00000, 0.00000, 1.00000, 0.00000, 9.90000, 18.83165, 0.00000, 1.00000, },
				{ 1.00000, 0.00000, 0.00000, 0.00000, -0.00000, 1.00000, 0.00000, 0.00000, 0.00000, 0.00000, 1.00000, 0.00000, -2.15000, 19.14165, 0.00000, 1.00000, },
				{ 0.99961, -0.02792, 0.00000, 0.00000, 0.02792, 0.99961, 0.00000, 0.00000, 0.00000, 0.00000, 1.00000, 0.00000, 2.27000, 19.14165, 0.00000, 1.00000, },
			},
			["era_a_market_02.grp"] = {
				{ -0.04536, -0.99897, 0.00000, 0.00000, 0.99897, -0.04536, 0.00000, 0.00000, 0.00000, 0.00000, 1.00000, 0.00000, 9.79000, 15.03164, 0.00000, 1.00000, },
