local townbuildingutil = require "townbuildingutil"

--Model file: "building/era_a/com_2_4x4_01.mdl"

--Begin Generated
local generatedData = {
	["base"] = {
		models = {
			["building/era_a/com_2_4x4_01.mdl"] = {
				{ 1.00000, 0.00000, 0.00000, 0.00000, 0.00000, 1.00000, 0.00000, 0.00000, 0.00000, 0.00000, 1.00000, 0.00000, 0.00000, 0.00000, 0.00000, 1.00000, },
			},
		},
		curves = {
			["scaffold"] = {
				{ { 11.82495, 2.00272, 0.00000 }, { 11.82495, 2.00272, 0.00000 }, { 11.82495, 3.43320, 0.00000 }, { 11.82495, 3.43320, 0.00000 }, { 11.82495, 3.43320, 0.00000 }, { 14.13931, 3.43320, 0.00000 }, { 14.13931, 3.43320, 0.00000 }, { 14.13931, 3.43320, 0.00000 }, { 14.13931, 18.72475, 0.00000 }, { 14.13931, 18.72475, 0.00000 }, { 14.13931, 18.72475, 0.00000 }, { -13.85684, 18.72475, 0.00000 }, { -13.85684, 18.72475, 0.00000 }, { -13.85684, 18.72475, 0.00000 }, { -13.85684, 3.43320, 0.00000 }, { -13.85684, 3.43320, 0.00000 }, { -13.85684, 3.43320, 0.00000 }, { -11.57407, 3.43320, 0.00000 }, { -11.57407, 3.43320, 0.00000 }, { -11.57407, 3.43320, 0.00000 }, { -11.57407, 2.00268, 0.00000 }, { -11.57407, 2.00268, 0.00000 }, },
			},
			["shared/asphalt_02.gtex.lua;shared/dirt.gtex.lua"] = {
				{ { 16.00000, 0.00000, 0.00000 }, { 16.00000, 0.00000, 0.00000 }, { 16.00000, 23.50000, 0.00000 }, { 16.00000, 23.50000, 0.00000 }, { 16.00000, 23.50000, 0.00000 }, { 0.00000, 23.50000, 0.00000 }, { 0.00000, 23.50000, 0.00000 }, { 0.00000, 23.50000, 0.00000 }, { 0.00000, 32.00000, 0.00000 }, { 0.00000, 32.00000, 0.00000 }, { 0.00000, 32.00000, 0.00000 }, { -7.50006, 32.00000, 0.00000 }, { -7.50006, 32.00000, 0.00000 }, { -7.50006, 32.00000, 0.00000 }, { -7.50006, 26.00000, 0.00000 }, { -7.50006, 26.00000, 0.00000 }, { -7.50006, 26.00000, 0.00000 }, { -16.00003, 26.00000, 0.00000 }, { -16.00003, 26.00000, 0.00000 }, { -16.00003, 26.00000, 0.00000 }, { -16.00000, 0.00000, 0.00000 }, { -16.00000, 0.00000, 0.00000 }, },
			},
			["shared/grass_cutted_01.gtex.lua"] = {
				{ { -7.50006, 26.00000, 0.00000 }, { -7.50006, 26.00000, 0.00000 }, { -7.50006, 32.00000, 0.00000 }, { -7.50006, 32.00000, 0.00000 }, { -7.50006, 32.00000, 0.00000 }, { -16.00000, 32.00000, 0.00000 }, { -16.00000, 32.00000, 0.00000 }, { -16.00000, 32.00000, 0.00000 }, { -16.00003, 26.00000, 0.00000 }, { -16.00003, 26.00000, 0.00000 }, },
			},
			["shared/gravel_02.gtex.lua"] = {
				{ { 16.00000, 23.50000, 0.00000 }, { 16.00000, 23.50000, 0.00000 }, { 16.00000, 32.00000, 0.00000 }, { 16.00000, 32.00000, 0.00000 }, { 16.00000, 32.00000, 0.00000 }, { 0.00000, 32.00000, 0.00000 }, { 0.00000, 32.00000, 0.00000 }, { 0.00000, 32.00000, 0.00000 }, { 0.00000, 23.50000, 0.00000 }, { 0.00000, 23.50000, 0.00000 }, },
			},
		},
	},
	["layout_1"] = {
		models = {
			["asset/commercial/all_eras/era_a_com_wall.mdl"] = {
				{ 0.83300, -0.00000, 0.00000, 0.00000, 0.00000, 1.00000, -0.00000, 0.00000, -0.00000, 0.00000, 1.00000, 0.00000, -14.75005, 25.85000, 0.00000, 1.00000, },
				{ 1.00000, -0.00000, 0.00000, 0.00000, 0.00000, 1.00000, -0.00000, 0.00000, -0.00000, 0.00000, 1.00000, 0.00000, -12.00005, 25.85000, 0.00000, 1.00000, },
				{ 1.00000, -0.00000, 0.00000, 0.00000, 0.00000, 1.00000, -0.00000, 0.00000, -0.00000, 0.00000, 1.00000, 0.00000, -9.00005, 25.85000, 0.00000, 1.00000, },
				{ 1.00000, -0.00000, 0.00000, 0.00000, 0.00000, 1.00000, -0.00000, 0.00000, -0.00000, 0.00000, 1.00000, 0.00000, 9.00004, 31.85000, 0.00000, 1.00000, },
				{ 1.00000, -0.00000, 0.00000, 0.00000, 0.00000, 1.00000, -0.00000, 0.00000, -0.00000, 0.00000, 1.00000, 0.00000, 12.00004, 31.85000, 0.00000, 1.00000, },
				{ 0.83300, -0.00000, 0.00000, 0.00000, 0.00000, 1.00000, -0.00000, 0.00000, -0.00000, 0.00000, 1.00000, 0.00000, 14.75005, 31.85000, 0.00000, 1.00000, },
				{ 1.00000, -0.00000, 0.00000, 0.00000, 0.00000, 1.00000, -0.00000, 0.00000, -0.00000, 0.00000, 1.00000, 0.00000, -6.00000, 31.85000, 0.00000, 1.00000, },
				{ 1.00000, -0.00000, 0.00000, 0.00000, 0.00000, 1.00000, -0.00000, 0.00000, -0.00000, 0.00000, 1.00000, 0.00000, -3.00000, 31.85000, 0.00000, 1.00000, },
				{ 1.00000, -0.00000, 0.00000, 0.00000, 0.00000, 1.00000, -0.00000, 0.00000, -0.00000, 0.00000, 1.00000, 0.00000, 0.00000, 31.85000, 0.00000, 1.00000, },
				{ 1.00000, -0.00000, 0.00000, 0.00000, 0.00000, 1.00000, -0.00000, 0.00000, -0.00000, 0.00000, 1.00000, 0.00000, 3.00000, 31.85000, 0.00000, 1.00000, },
				{ 1.00000, -0.00000, 0.00000, 0.00000, 0.00000, 1.00000, -0.00000, 0.00000, -0.00000, 0.00000, 1.00000, 0.00000, 6.00000, 31.85000, 0.00000, 1.00000, },
				{ 0.00000, 1.00000, 0.00000, 0.00000, -1.00000, 0.00000, -0.00000, 0.00000, -0.00000, -0.00000, 1.00000, 0.00000, 0.14799, 30.20000, 0.00000, 1.00000, },
				{ 0.00000, 1.00000, 0.00000, 0.00000, -1.00000, 0.00000, -0.00000, 0.00000, -0.00000, -0.00000, 1.00000, 0.00000, 15.84999, 30.20000, 0.00000, 1.00000, },
				{ 0.00000, 1.00000, 0.00000, 0.00000, -1.00000, 0.00000, -0.00000, 0.00000, -0.00000, -0.00000, 1.00000, 0.00000, 0.14799, 27.20000, 0.00000, 1.00000, },
				{ 0.00000, 1.00000, 0.00000, 0.00000, -1.00000, 0.00000, -0.00000, 0.00000, -0.00000, -0.00000, 1.00000, 0.00000, 15.84999, 27.20000, 0.00000, 1.00000, },
				{ 0.00000, -1.00000, -0.00000, 0.00000, 1.00000, 0.00000, -0.00000, 0.00000, 0.00000, -0.00000, 1.00000, 0.00000, -7.35003, 30.20000, 0.00000, 1.00000, },
				{ 0.00000, -1.00000, -0.00000, 0.00000, 1.00000, 0.00000, -0.00000, 0.00000, 0.00000, -0.00000, 1.00000, 0.00000, -15.85003, 30.49999, 0.00000, 1.00000, },
				{ 0.00000, -1.00000, -0.00000, 0.00000, 1.00000, 0.00000, -0.00000, 0.00000, 0.00000, -0.00000, 1.00000, 0.00000, -7.35003, 27.20000, 0.00000, 1.00000, },
				{ 0.00000, -1.00000, -0.00000, 0.00000, 1.00000, 0.00000, -0.00000, 0.00000, 0.00000, -0.00000, 1.00000, 0.00000, -15.85003, 27.49999, 0.00000, 1.00000, },
			},
			["asset/commercial/era_a/com_1_ground_double_bench_a.mdl"] = {
				{ -0.00000, -1.00000, 0.00000, 0.00000, 1.00000, -0.00000, -0.00000, 0.00000, 0.00000, -0.00000, 1.00000, 0.00000, -0.70998, 28.08497, 0.00000, 1.00000, },
				{ 1.00000, -0.00000, -0.00000, 0.00000, 0.00000, 1.00000, 0.00000, 0.00000, 0.00000, -0.00000, 1.00000, 0.00000, -3.63998, 31.06497, 0.00000, 1.00000, },
				{ -0.00000, 1.00000, 0.00000, 0.00000, -1.00000, -0.00000, 0.00000, 0.00000, 0.00000, -0.00000, 1.00000, 0.00000, -6.46998, 28.18497, 0.00000, 1.00000, },
				{ 1.00000, -0.00000, -0.00000, 0.00000, 0.00000, 1.00000, 0.00000, 0.00000, 0.00000, -0.00000, 1.00000, 0.00000, -9.48998, 24.98497, 0.00000, 1.00000, },
				{ 1.00000, -0.00000, -0.00000, 0.00000, 0.00000, 1.00000, 0.00000, 0.00000, 0.00000, -0.00000, 1.00000, 0.00000, -12.86998, 24.98497, 0.00000, 1.00000, },
			},
			["station/rail/asset/era_a_street_pillar.mdl"] = {
				{ 1.00000, 0.00000, 0.00000, 0.00000, -0.00000, 1.00000, -0.00000, 0.00000, 0.00000, 0.00000, 1.00000, 0.00000, -11.99802, 0.26000, -0.00000, 1.00000, },
				{ 1.00000, 0.00000, 0.00000, 0.00000, -0.00000, 1.00000, -0.00000, 0.00000, 0.00000, 0.00000, 1.00000, 0.00000, -9.99802, 0.26000, -0.00000, 1.00000, },
				{ 1.00000, 0.00000, 0.00000, 0.00000, -0.00000, 1.00000, -0.00000, 0.00000, 0.00000, 0.00000, 1.00000, 0.00000, -7.99802, 0.26000, -0.00000, 1.00000, },
				{ 1.00000, 0.00000, 0.00000, 0.00000, -0.00000, 1.00000, -0.00000, 0.00000, 0.00000, 0.00000, 1.00000, 0.00000, -5.99802, 0.26000, -0.00000, 1.00000, },
				{ 1.00000, 0.00000, 0.00000, 0.00000, -0.00000, 1.00000, -0.00000, 0.00000, 0.00000, 0.00000, 1.00000, 0.00000, -3.99802, 0.26000, -0.00000, 1.00000, },
				{ 1.00000, 0.00000, 0.00000, 0.00000, -0.00000, 1.00000, -0.00000, 0.00000, 0.00000, 0.00000, 1.00000, 0.00000, -1.99802, 0.26000, -0.00000, 1.00000, },
				{ 1.00000, 0.00000, 0.00000, 0.00000, -0.00000, 1.00000, -0.00000, 0.00000, 0.00000, 0.00000, 1.00000, 0.00000, 0.00198, 0.26000, -0.00000, 1.00000, },
				{ 1.00000, 0.00000, 0.00000, 0.00000, -0.00000, 1.00000, -0.00000, 0.00000, 0.00000, 0.00000, 1.00000, 0.00000, 2.00198, 0.26000, -0.00000, 1.00000, },
				{ 1.00000, 0.00000, 0.00000, 0.00000, -0.00000, 1.00000, -0.00000, 0.00000, 0.00000, 0.00000, 1.00000, 0.00000, 4.00198, 0.26000, -0.00000, 1.00000, },
				{ 1.00000, 0.00000, 0.00000, 0.00000, -0.00000, 1.00000, -0.00000, 0.00000, 0.00000, 0.00000, 1.00000, 0.00000, 6.00198, 0.26000, -0.00000, 1.00000, },
				{ 1.00000, 0.00000, 0.00000, 0.00000, -0.00000, 1.00000, -0.00000, 0.00000, 0.00000, 0.00000, 1.00000, 0.00000, 8.00198, 0.26000, -0.00000, 1.00000, },
				{ 1.00000, 0.00000, 0.00000, 0.00000, -0.00000, 1.00000, -0.00000, 0.00000, 0.00000, 0.00000, 1.00000, 0.00000, 10.00198, 0.26000, -0.00000, 1.00000, },
				{ 1.00000, 0.00000, 0.00000, 0.00000, -0.00000, 1.00000, -0.00000, 0.00000, 0.00000, 0.00000, 1.00000, 0.00000, 12.00195, 0.26000, -0.00000, 1.00000, },
			},
			["street/street_asset_mix/trash_standing_a.mdl"] = {
				{ -0.00000, -1.00000, 0.00000, 0.00000, 1.00000, -0.00000, 0.00000, 0.00000, 0.00000, 0.00000, 1.00000, 0.00000, -6.60000, 25.03333, 0.00000, 1.00000, },
			},
			["street/street_light_eu_a.mdl"] = {
				{ 1.00000, 0.00000, 0.00000, 0.00000, 0.00000, 1.00000, 0.00000, 0.00000, 0.00000, 0.00000, 1.00000, 0.00000, -0.69293, 31.10000, 0.00000, 1.00000, },
				{ 1.00000, 0.00000, 0.00000, 0.00000, 0.00000, 1.00000, 0.00000, 0.00000, 0.00000, 0.00000, 1.00000, 0.00000, -6.60293, 31.10000, 0.00000, 1.00000, },
				{ 1.00000, 0.00000, 0.00000, 0.00000, 0.00000, 1.00000, 0.00000, 0.00000, 0.00000, 0.00000, 1.00000, 0.00000, -15.50293, 25.00000, 0.00000, 1.00000, },
				{ 1.00000, 0.00000, 0.00000, 0.00000, 0.00000, 1.00000, 0.00000, 0.00000, 0.00000, 0.00000, 1.00000, 0.00000, 0.79707, 25.00000, 0.00000, 1.00000, },
				{ 1.00000, 0.00000, 0.00000, 0.00000, 0.00000, 1.00000, 0.00000, 0.00000, 0.00000, 0.00000, 1.00000, 0.00000, 14.99707, 25.00000, 0.00000, 1.00000, },
			},
		},
		groups = {
			["era_a_com_1_asset_ad_sign.grp"] = {
				{ -0.00000, -1.21952, 0.00000, 0.00000, 1.21952, -0.00000, 0.00000, 0.00000, 0.00000, 0.00000, 1.21952, 0.00000, -12.65000, 11.83000, 5.74000, 1.00000, align = { 0.00000, 0.00000 }, },
			},
			["era_a_com_1_asset_ad_sign_big.grp"] = {
				{ -0.00000, 1.00000, -0.00000, 0.00000, -1.00000, -0.00000, 0.00000, 0.00000, -0.00000, 0.00000, 1.00000, 0.00000, 12.31000, 6.75000, 2.12000, 1.00000, align = { 0.00000, 0.00000 }, },
				{ 0.81412, 0.00000, 0.00000, 0.00000, -0.00000, 0.81412, 0.00000, 0.00000, -0.00000, -0.00000, 0.81412, 0.00000, -0.23500, 4.19500, 8.77000, 1.00000, align = { 0.00000, 0.00000 }, },
			},
			["era_a_com_1_asset_food_ad_01.grp"] = {
				{ -0.46947, 0.88295, 0.00000, 0.00000, -0.88295, -0.46947, 0.00000, 0.00000, 0.00000, 0.00000, 1.00000, 0.00000, -7.19000, 19.62000, 0.00000, 1.00000, align = { 0.00000, 0.00000 }, seed = 622, },
			},
			["era_a_com_1_asset_food_booth_03.grp"] = {
				{ -1.00000, 0.00000, 0.00000, 0.00000, -0.00000, -1.00000, 0.00000, 0.00000, 0.00000, 0.00000, 1.00000, 0.00000, -4.37000, 18.48000, 0.00000, 1.00000, align = { -4.37000, 18.48000 }, seed = 622, },
				{ -1.00000, 0.00000, 0.00000, 0.00000, -0.00000, -1.00000, 0.00000, 0.00000, 0.00000, 0.00000, 1.00000, 0.00000, -11.36000, 18.48000, 0.00000, 1.00000, align = { -10.36000, 18.48000 }, seed = 622, },
			},
			["era_a_com_1_asset_food_booth_04.grp"] = {
				{ -1.00000, 0.00000, 0.00000, 0.00000, -0.00000, -1.00000, 0.00000, 0.00000, 0.00000, 0.00000, 1.00000, 0.00000, -5.37000, 18.48000, 0.00000, 1.00000, align = { -4.37000, 18.48000 }, seed = 622, },
				{ -1.00000, 0.00000, 0.00000, 0.00000, -0.00000, -1.00000, 0.00000, 0.00000, 0.00000, 0.00000, 1.00000, 0.00000, -10.36000, 18.48000, 0.00000, 1.00000, align = { -10.36000, 18.48000 }, seed = 622, },
			},
			["era_a_com_1_asset_food_booth_05.grp"] = {
				{ -1.00000, 0.00000, 0.00000, 0.00000, -0.00000, -1.00000, 0.00000, 0.00000, 0.00000, 0.00000, 1.00000, 0.00000, -3.37000, 18.48000, 0.00000, 1.00000, align = { -4.37000, 18.48000 }, seed = 622, },
				{ -1.00000, 0.00000, 0.00000, 0.00000, -0.00000, -1.00000, 0.00000, 0.00000, 0.00000, 0.00000, 1.00000, 0.00000, -9.36000, 18.48000, 0.00000, 1.00000, align = { -10.36000, 18.48000 }, seed = 622, },
			},
			["era_a_com_1_asset_food_booth_end.grp"] = {
				{ -1.00000, 0.00000, 0.00000, 0.00000, -0.00000, -1.00000, 0.00000, 0.00000, 0.00000, 0.00000, 1.00000, 0.00000, -5.37000, 18.48000, 0.00000, 1.00000, align = { -4.37000, 18.48000 }, seed = 622, },
				{ -1.00000, 0.00000, 0.00000, 0.00000, -0.00000, -1.00000, 0.00000, 0.00000, 0.00000, 0.00000, 1.00000, 0.00000, -11.36000, 18.48000, 0.00000, 1.00000, align = { -10.36000, 18.48000 }, seed = 622, },
			},
			["era_a_com_1_asset_food_booth_start.grp"] = {
				{ -1.00000, 0.00000, 0.00000, 0.00000, -0.00000, -1.00000, 0.00000, 0.00000, 0.00000, 0.00000, 1.00000, 0.00000, -3.37000, 18.48000, 0.00000, 1.00000, align = { -4.37000, 18.48000 }, seed = 622, },
				{ -1.00000, 0.00000, 0.00000, 0.00000, -0.00000, -1.00000, 0.00000, 0.00000, 0.00000, 0.00000, 1.00000, 0.00000, -9.36000, 18.48000, 0.00000, 1.00000, align = { -10.36000, 18.48000 }, seed = 622, },
			},
			["era_a_com_1_asset_food_wall_sign_01.grp"] = {
				{ -1.00000, -0.00000, 0.00000, 0.00000, 0.00000, -1.00000, 0.00000, 0.00000, 0.00000, 0.00000, 1.00000, 0.00000, -13.18500, 18.62500, 3.45500, 1.00000, align = { 0.00000, 0.00000 }, seed = 622, },
			},
			["era_a_com_1_asset_ground_chair.grp"] = {
				{ 0.99590, 0.09045, 0.00000, 0.00000, -0.09045, 0.99590, 0.00000, 0.00000, 0.00000, 0.00000, 1.00000, 0.00000, 7.44823, 25.88004, 0.00000, 1.00000, seed = 456, },
				{ 0.98354, -0.18070, 0.00000, 0.00000, 0.18070, 0.98354, 0.00000, 0.00000, 0.00000, 0.00000, 1.00000, 0.00000, 8.48807, 25.86170, 0.00000, 1.00000, seed = 456, },
				{ -0.99379, -0.11129, -0.00000, 0.00000, 0.11129, -0.99379, 0.00000, 0.00000, -0.00000, 0.00000, 1.00000, 0.00000, 8.46073, 24.31194, 0.00000, 1.00000, seed = 456, },
				{ -0.98416, 0.17726, -0.00000, 0.00000, -0.17726, -0.98416, 0.00000, 0.00000, -0.00000, 0.00000, 1.00000, 0.00000, 7.42054, 24.31028, 0.00000, 1.00000, seed = 456, },
				{ 0.99590, 0.09045, 0.00000, 0.00000, -0.09045, 0.99590, 0.00000, 0.00000, 0.00000, 0.00000, 1.00000, 0.00000, 7.60823, 29.24004, 0.00000, 1.00000, seed = 456, },
				{ 0.98354, -0.18070, 0.00000, 0.00000, 0.18070, 0.98354, 0.00000, 0.00000, 0.00000, 0.00000, 1.00000, 0.00000, 8.64807, 29.22170, 0.00000, 1.00000, seed = 456, },
				{ -0.99379, -0.11129, -0.00000, 0.00000, 0.11129, -0.99379, 0.00000, 0.00000, -0.00000, 0.00000, 1.00000, 0.00000, 8.62073, 27.67194, 0.00000, 1.00000, seed = 456, },
				{ -0.98416, 0.17726, -0.00000, 0.00000, -0.17726, -0.98416, 0.00000, 0.00000, -0.00000, 0.00000, 1.00000, 0.00000, 7.58054, 27.67028, 0.00000, 1.00000, seed = 456, },
				{ 0.99417, 0.10782, 0.00000, 0.00000, -0.10782, 0.99417, 0.00000, 0.00000, 0.00000, 0.00000, 1.00000, 0.00000, 3.21418, 29.23004, 0.00000, 1.00000, seed = 456, },
				{ 0.98654, -0.16351, 0.00000, 0.00000, 0.16351, 0.98654, 0.00000, 0.00000, 0.00000, 0.00000, 1.00000, 0.00000, 4.25418, 29.22985, 0.00000, 1.00000, seed = 456, },
				{ -0.99169, -0.12861, -0.00000, 0.00000, 0.12861, -0.99169, 0.00000, 0.00000, -0.00000, 0.00000, 1.00000, 0.00000, 4.25389, 27.67985, 0.00000, 1.00000, seed = 456, },
				{ -0.98711, 0.16006, -0.00000, 0.00000, -0.16006, -0.98711, 0.00000, 0.00000, -0.00000, 0.00000, 1.00000, 0.00000, 3.21389, 27.66004, 0.00000, 1.00000, seed = 456, },
				{ 0.99804, 0.06261, 0.00000, 0.00000, -0.06261, 0.99804, 0.00000, 0.00000, 0.00000, 0.00000, 1.00000, 0.00000, 3.25107, 26.19552, 0.00000, 1.00000, seed = 456, },
				{ 0.97811, -0.20809, 0.00000, 0.00000, 0.20809, 0.97811, 0.00000, 0.00000, 0.00000, 0.00000, 1.00000, 0.00000, 4.28999, 26.14816, 0.00000, 1.00000, seed = 456, },
				{ -0.99651, -0.08350, -0.00000, 0.00000, 0.08350, -0.99651, 0.00000, 0.00000, -0.00000, 0.00000, 1.00000, 0.00000, 4.21939, 24.59976, 0.00000, 1.00000, seed = 456, },
				{ -0.97883, 0.20468, -0.00000, 0.00000, -0.20468, -0.97883, 0.00000, 0.00000, -0.00000, 0.00000, 1.00000, 0.00000, 3.17956, 24.62715, 0.00000, 1.00000, seed = 456, },
				{ 0.96603, 0.25845, 0.00000, 0.00000, -0.25845, 0.96603, 0.00000, 0.00000, 0.00000, 0.00000, 1.00000, 0.00000, 11.67515, 26.20373, 0.00000, 1.00000, seed = 456, },
				{ 0.97879, -0.20487, 0.00000, 0.00000, 0.20487, 0.97879, 0.00000, 0.00000, 0.00000, 0.00000, 1.00000, 0.00000, 12.71423, 26.15978, 0.00000, 1.00000, seed = 456, },
				{ -0.99623, -0.08677, -0.00000, 0.00000, 0.08677, -0.99623, 0.00000, 0.00000, -0.00000, 0.00000, 1.00000, 0.00000, 12.64872, 24.61117, 0.00000, 1.00000, seed = 456, },
				{ -0.99070, 0.13610, -0.00000, 0.00000, -0.13610, -0.99070, 0.00000, 0.00000, -0.00000, 0.00000, 1.00000, 0.00000, 11.60881, 24.63513, 0.00000, 1.00000, seed = 456, },
				{ 0.92992, 0.36777, 0.00000, 0.00000, -0.36777, 0.92992, 0.00000, 0.00000, 0.00000, 0.00000, 1.00000, 0.00000, 11.48409, 29.23556, 0.00000, 1.00000, seed = 456, },
				{ 0.99585, -0.09102, 0.00000, 0.00000, 0.09102, 0.99585, 0.00000, 0.00000, 0.00000, 0.00000, 1.00000, 0.00000, 12.52133, 29.31132, 0.00000, 1.00000, seed = 456, },
				{ -0.97965, -0.20070, -0.00000, 0.00000, 0.20070, -0.97965, 0.00000, 0.00000, -0.00000, 0.00000, 1.00000, 0.00000, 12.63425, 27.76544, 0.00000, 1.00000, seed = 456, },
				{ -0.99977, 0.02133, -0.00000, 0.00000, -0.02133, -0.99977, 0.00000, 0.00000, -0.00000, 0.00000, 1.00000, 0.00000, 11.59848, 27.66973, 0.00000, 1.00000, seed = 456, },
			},
			["era_a_com_1_asset_ground_sunshade.grp"] = {
				{ 0.97708, -0.21289, 0.00000, 0.00000, 0.21289, 0.97708, 0.00000, 0.00000, 0.00000, 0.00000, 1.00000, 0.00000, 8.01377, 25.05497, 0.00000, 1.00000, seed = 456, },
				{ 0.41907, -0.90795, 0.00000, 0.00000, 0.90795, 0.41907, 0.00000, 0.00000, 0.00000, 0.00000, 1.00000, 0.00000, 8.17377, 28.41497, 0.00000, 1.00000, seed = 456, },
				{ 0.99724, 0.07425, 0.00000, 0.00000, -0.07425, 0.99724, 0.00000, 0.00000, 0.00000, 0.00000, 1.00000, 0.00000, 3.79403, 28.41497, 0.00000, 1.00000, seed = 456, },
				{ -0.42074, 0.90718, 0.00000, 0.00000, -0.90718, -0.42074, 0.00000, 0.00000, 0.00000, 0.00000, 1.00000, 0.00000, 3.79335, 25.35498, 0.00000, 1.00000, seed = 456, },
				{ 0.09848, -0.99514, 0.00000, 0.00000, 0.99514, 0.09848, 0.00000, 0.00000, 0.00000, 0.00000, 1.00000, 0.00000, 12.21386, 25.21511, 0.00000, 1.00000, seed = 456, },
				{ 0.78523, 0.61920, 0.00000, 0.00000, -0.61920, 0.78523, 0.00000, 0.00000, 0.00000, 0.00000, 1.00000, 0.00000, 12.13285, 28.31541, 0.00000, 1.00000, seed = 456, },
			},
			["era_a_com_1_asset_ground_table.grp"] = {
				{ 0.99984, -0.01764, 0.00000, 0.00000, 0.01764, 0.99984, 0.00000, 0.00000, 0.00000, 0.00000, 1.00000, 0.00000, 8.01403, 25.07000, 0.00000, 1.00000, seed = 456, },
				{ 0.99984, -0.01764, 0.00000, 0.00000, 0.01764, 0.99984, 0.00000, 0.00000, 0.00000, 0.00000, 1.00000, 0.00000, 8.17403, 28.43000, 0.00000, 1.00000, seed = 456, },
				{ 1.00000, -0.00018, 0.00000, 0.00000, 0.00018, 1.00000, 0.00000, 0.00000, 0.00000, 0.00000, 1.00000, 0.00000, 3.79403, 28.43000, 0.00000, 1.00000, seed = 456, },
				{ 0.99896, -0.04555, 0.00000, 0.00000, 0.04555, 0.99896, 0.00000, 0.00000, 0.00000, 0.00000, 1.00000, 0.00000, 3.79403, 25.37000, 0.00000, 1.00000, seed = 456, },
				{ 0.99911, -0.04226, 0.00000, 0.00000, 0.04226, 0.99911, 0.00000, 0.00000, 0.00000, 0.00000, 1.00000, 0.00000, 12.22083, 25.38000, 0.00000, 1.00000, seed = 456, },
				{ 0.99734, 0.07285, 0.00000, 0.00000, -0.07285, 0.99734, 0.00000, 0.00000, 0.00000, 0.00000, 1.00000, 0.00000, 12.12083, 28.48000, 0.00000, 1.00000, seed = 456, },
			},
			["era_a_com_1_asset_gstore_sign_01.grp"] = {
				{ 0.92397, 0.00000, 0.00000, 0.00000, 0.00000, 0.92397, 0.00000, 0.00000, 0.00000, 0.00000, 0.92397, 0.00000, 3.27000, 2.41000, 3.70000, 1.00000, align = { 0.00000, 0.00000 }, seed = 789, },
				{ 0.92397, 0.00000, 0.00000, 0.00000, 0.00000, 0.92397, 0.00000, 0.00000, 0.00000, 0.00000, 0.92397, 0.00000, 9.55000, 2.41000, 3.70000, 1.00000, align = { 0.00000, 0.00000 }, seed = 789, },
			},
			["era_a_com_1_asset_restaurant_awning_end.grp"] = {
				{ 1.00000, 0.00000, 0.00000, 0.00000, 0.00000, 1.00000, 0.00000, 0.00000, 0.00000, 0.00000, 1.00000, 0.00000, -1.35000, 4.39500, 3.85500, 1.00000, align = { 0.00000, 0.00000 }, seed = 789, },
				{ -1.00000, -0.00000, 0.00000, 0.00000, 0.00000, -1.00000, 0.00000, 0.00000, -0.00000, 0.00000, 1.00000, 0.00000, 1.64000, 18.46000, 3.51500, 1.00000, align = { 0.00000, 0.00000 }, seed = 789, },
			},
			["era_a_com_1_asset_restaurant_awning_repeat.grp"] = {
				{ 1.00000, 0.00000, 0.00000, 0.00000, 0.00000, 1.00000, 0.00000, 0.00000, 0.00000, 0.00000, 1.00000, 0.00000, -7.35000, 4.39500, 3.85500, 1.00000, align = { 0.00000, 0.00000 }, seed = 789, },
				{ 1.00000, 0.00000, 0.00000, 0.00000, 0.00000, 1.00000, 0.00000, 0.00000, 0.00000, 0.00000, 1.00000, 0.00000, -10.35000, 4.39500, 3.85500, 1.00000, align = { 0.00000, 0.00000 }, seed = 789, },
				{ 1.00000, 0.00000, 0.00000, 0.00000, 0.00000, 1.00000, 0.00000, 0.00000, 0.00000, 0.00000, 1.00000, 0.00000, -4.35000, 4.39500, 3.85500, 1.00000, align = { 0.00000, 0.00000 }, seed = 789, },
				{ 1.00000, 0.00000, 0.00000, 0.00000, 0.00000, 1.00000, 0.00000, 0.00000, 0.00000, 0.00000, 1.00000, 0.00000, -1.35000, 4.39500, 3.85500, 1.00000, align = { 0.00000, 0.00000 }, seed = 789, },
				{ -1.00000, -0.00000, 0.00000, 0.00000, 0.00000, -1.00000, 0.00000, 0.00000, -0.00000, 0.00000, 1.00000, 0.00000, 7.64000, 18.46000, 3.51500, 1.00000, align = { 0.00000, 0.00000 }, seed = 789, },
				{ -1.00000, -0.00000, 0.00000, 0.00000, 0.00000, -1.00000, 0.00000, 0.00000, -0.00000, 0.00000, 1.00000, 0.00000, 10.64000, 18.46000, 3.51500, 1.00000, align = { 0.00000, 0.00000 }, seed = 789, },
				{ -1.00000, -0.00000, 0.00000, 0.00000, 0.00000, -1.00000, 0.00000, 0.00000, -0.00000, 0.00000, 1.00000, 0.00000, 4.64000, 18.46000, 3.51500, 1.00000, align = { 0.00000, 0.00000 }, seed = 789, },
				{ -1.00000, -0.00000, 0.00000, 0.00000, 0.00000, -1.00000, 0.00000, 0.00000, -0.00000, 0.00000, 1.00000, 0.00000, 1.64000, 18.46000, 3.51500, 1.00000, align = { 0.00000, 0.00000 }, seed = 789, },
			},
			["era_a_com_1_asset_restaurant_awning_start.grp"] = {
				{ 1.00000, 0.00000, 0.00000, 0.00000, 0.00000, 1.00000, 0.00000, 0.00000, 0.00000, 0.00000, 1.00000, 0.00000, -10.35000, 4.39500, 3.85500, 1.00000, align = { 0.00000, 0.00000 }, seed = 789, },
				{ -1.00000, -0.00000, 0.00000, 0.00000, 0.00000, -1.00000, 0.00000, 0.00000, -0.00000, 0.00000, 1.00000, 0.00000, 10.64000, 18.46000, 3.51500, 1.00000, align = { 0.00000, 0.00000 }, seed = 789, },
			},
			["era_a_com_1_asset_restaurant_menu_01.grp"] = {
				{ -0.40674, -0.91355, -0.00000, 0.00000, 0.91355, -0.40674, 0.00000, 0.00000, -0.00000, 0.00000, 1.00000, 0.00000, 4.06000, 19.25000, 0.00000, 1.00000, align = { 0.00000, 0.00000 }, seed = 789, },
			},
			["era_a_com_1_asset_restaurant_wall_sign_01.grp"] = {
				{ -1.00000, -0.00000, -0.00000, 0.00000, -0.00000, -1.00000, 0.00000, 0.00000, -0.00000, 0.00000, 1.00000, 0.00000, 13.34000, 18.62000, 3.06000, 1.00000, align = { 0.00000, 0.00000 }, seed = 789, },
			},
			["era_a_com_2_asset_food_sign_01.grp"] = {
				{ -0.78500, -0.00000, 0.00000, 0.00000, 0.00000, -0.78500, 0.00000, 0.00000, 0.00000, 0.00000, 0.78500, 0.00000, -5.83000, 18.49090, 4.23000, 1.00000, align = { 0.00000, 0.00000 }, seed = 622, },
			},
			["era_a_com_2_asset_food_wall_sign_01.grp"] = {
				{ -0.00000, -1.00000, 0.00000, 0.00000, 1.00000, -0.00000, -0.00000, 0.00000, 0.00000, -0.00000, 1.00000, 0.00000, -13.75000, 17.66000, 5.60000, 1.00000, align = { 0.00000, 0.00000 }, seed = 622, },
			},
			["era_a_com_2_asset_gstore_wall_sign_01.grp"] = {
				{ 1.00000, 0.00000, 0.00000, 0.00000, 0.00000, 1.00000, 0.00000, 0.00000, 0.00000, 0.00000, 1.00000, 0.00000, 3.87500, 2.23300, 5.60000, 1.00000, align = { 0.00000, 0.00000 }, seed = 789, },
			},
			["era_a_com_2_asset_gstore_wall_sign_02.grp"] = {
				{ 1.00000, 0.00000, 0.00000, 0.00000, 0.00000, 1.00000, 0.00000, 0.00000, 0.00000, 0.00000, 1.00000, 0.00000, 11.36000, 2.23300, 5.60000, 1.00000, align = { 0.00000, 0.00000 }, seed = 789, },
			},
			["era_a_com_2_asset_restaurant_sign_01.grp"] = {
				{ -1.12000, -0.00000, -0.00000, 0.00000, -0.00000, -1.12000, 0.00000, 0.00000, -0.00000, 0.00000, 1.12000, 0.00000, 6.18000, 18.51000, 4.23000, 1.00000, align = { 0.00000, 0.00000 }, seed = 789, },
			},
			["era_a_com_2_asset_restaurant_sign_02.grp"] = {
				{ 1.25417, 0.00000, 0.00000, 0.00000, 0.00000, 1.25417, 0.00000, 0.00000, 0.00000, 0.00000, 1.25417, 0.00000, -7.72000, 2.45850, 3.52500, 1.00000, align = { 0.00000, 0.00000 }, seed = 789, },
			},
			["era_a_com_2_asset_restaurant_wall_sign_02.grp"] = {
				{ 1.00000, 0.00000, 0.00000, 0.00000, 0.00000, 1.00000, 0.00000, 0.00000, 0.00000, 0.00000, 1.00000, 0.00000, -4.34000, 2.38800, 5.60000, 1.00000, align = { 0.00000, 0.00000 }, seed = 789, },
				{ 1.00000, 0.00000, 0.00000, 0.00000, 0.00000, 1.00000, 0.00000, 0.00000, 0.00000, 0.00000, 1.00000, 0.00000, -10.35000, 2.38800, 5.60000, 1.00000, align = { 0.00000, 0.00000 }, seed = 789, },
			},
			["era_a_com_2_asset_shop_awning_end.grp"] = {
				{ 1.00000, 0.00000, 0.00000, 0.00000, 0.00000, 1.00000, 0.00000, 0.00000, 0.00000, 0.00000, 1.00000, 0.00000, 10.63300, 4.31700, 3.84900, 1.00000, align = { 0.00000, 0.00000 }, seed = 789, },
				{ -1.00000, 0.00000, 0.00000, 0.00000, -0.00000, -1.00000, 0.00000, 0.00000, 0.00000, 0.00000, 1.00000, 0.00000, -10.36500, 18.44520, 3.54500, 1.00000, align = { 0.00000, 0.00000 }, seed = 622, },
			},
			["era_a_com_2_asset_shop_awning_repeat.grp"] = {
				{ 1.00000, 0.00000, 0.00000, 0.00000, 0.00000, 1.00000, 0.00000, 0.00000, 0.00000, 0.00000, 1.00000, 0.00000, 1.63300, 4.31700, 3.84900, 1.00000, align = { 0.00000, 0.00000 }, seed = 789, },
				{ 1.00000, 0.00000, 0.00000, 0.00000, 0.00000, 1.00000, 0.00000, 0.00000, 0.00000, 0.00000, 1.00000, 0.00000, 4.63301, 4.31700, 3.84900, 1.00000, align = { 0.00000, 0.00000 }, seed = 789, },
				{ 1.00000, 0.00000, 0.00000, 0.00000, 0.00000, 1.00000, 0.00000, 0.00000, 0.00000, 0.00000, 1.00000, 0.00000, 7.63301, 4.31700, 3.84900, 1.00000, align = { 0.00000, 0.00000 }, seed = 789, },
				{ 1.00000, 0.00000, 0.00000, 0.00000, 0.00000, 1.00000, 0.00000, 0.00000, 0.00000, 0.00000, 1.00000, 0.00000, 10.63301, 4.31700, 3.84900, 1.00000, align = { 0.00000, 0.00000 }, seed = 789, },
				{ -1.00000, 0.00000, 0.00000, 0.00000, -0.00000, -1.00000, 0.00000, 0.00000, 0.00000, 0.00000, 1.00000, 0.00000, -1.36500, 18.44520, 3.54500, 1.00000, align = { 0.00000, 0.00000 }, seed = 622, },
				{ -1.00000, 0.00000, 0.00000, 0.00000, -0.00000, -1.00000, 0.00000, 0.00000, 0.00000, 0.00000, 1.00000, 0.00000, -4.36501, 18.44521, 3.54500, 1.00000, align = { 0.00000, 0.00000 }, seed = 622, },
				{ -1.00000, 0.00000, 0.00000, 0.00000, -0.00000, -1.00000, 0.00000, 0.00000, 0.00000, 0.00000, 1.00000, 0.00000, -7.36500, 18.44521, 3.54500, 1.00000, align = { 0.00000, 0.00000 }, seed = 622, },
				{ -1.00000, 0.00000, 0.00000, 0.00000, -0.00000, -1.00000, 0.00000, 0.00000, 0.00000, 0.00000, 1.00000, 0.00000, -10.36500, 18.44521, 3.54500, 1.00000, align = { 0.00000, 0.00000 }, seed = 622, },
			},
			["era_a_com_2_asset_shop_awning_start.grp"] = {
				{ 1.00000, 0.00000, 0.00000, 0.00000, 0.00000, 1.00000, 0.00000, 0.00000, 0.00000, 0.00000, 1.00000, 0.00000, 1.63300, 4.31700, 3.84900, 1.00000, align = { 0.00000, 0.00000 }, seed = 789, },
				{ -1.00000, 0.00000, 0.00000, 0.00000, -0.00000, -1.00000, 0.00000, 0.00000, 0.00000, 0.00000, 1.00000, 0.00000, -1.36500, 18.44520, 3.54500, 1.00000, align = { 0.00000, 0.00000 }, seed = 622, },
			},
			["random_large_tree_town.grp"] = {
				{ -0.46214, -0.08816, 0.00000, 0.00000, 0.08816, -0.46214, 0.00000, 0.00000, 0.00000, 0.00000, 0.47047, 0.00000, -11.43000, 30.50000, 0.00000, 1.00000, },
			},
			["random_medium_tree_town.grp"] = {
				{ -0.24939, -0.42283, 0.00000, 0.00000, 0.42283, -0.24939, -0.00000, 0.00000, 0.00000, -0.00000, 0.49090, 0.00000, -13.65000, 29.35000, 0.00000, 1.00000, },
			},
			["random_shrub_town_fence.grp"] = {
				{ 0.37558, 0.63761, 0.00000, 0.00000, -0.63761, 0.37558, -0.00000, 0.00000, -0.00000, 0.00000, 0.74000, 0.00000, 1.19750, 30.98188, 0.00000, 1.00000, },
				{ -0.07350, -0.73634, -0.00000, 0.00000, 0.73634, -0.07350, -0.00000, 0.00000, -0.00000, -0.00000, 0.74000, 0.00000, 0.99750, 30.04188, 0.00000, 1.00000, },
				{ -0.07350, -0.73634, -0.00000, 0.00000, 0.73634, -0.07350, -0.00000, 0.00000, -0.00000, -0.00000, 0.74000, 0.00000, 14.92750, 30.04188, 0.00000, 1.00000, },
				{ 0.73999, 0.00387, 0.00000, 0.00000, -0.00387, 0.73999, -0.00000, 0.00000, -0.00000, -0.00000, 0.74000, 0.00000, 0.97750, 28.53188, 0.00000, 1.00000, },
				{ 0.73999, 0.00387, 0.00000, 0.00000, -0.00387, 0.73999, -0.00000, 0.00000, -0.00000, -0.00000, 0.74000, 0.00000, 14.90750, 28.53188, 0.00000, 1.00000, },
				{ 0.03486, 0.73918, 0.00000, 0.00000, -0.73918, 0.03486, -0.00000, 0.00000, -0.00000, -0.00000, 0.74000, 0.00000, 0.94750, 27.28188, 0.00000, 1.00000, },
				{ 0.03486, 0.73918, 0.00000, 0.00000, -0.73918, 0.03486, -0.00000, 0.00000, -0.00000, -0.00000, 0.74000, 0.00000, 14.87750, 27.28188, 0.00000, 1.00000, },
				{ 0.63761, -0.37558, 0.00000, 0.00000, 0.37558, 0.63761, -0.00000, 0.00000, 0.00000, 0.00000, 0.74000, 0.00000, 7.04950, 30.68188, 0.00000, 1.00000, },
				{ 0.63761, -0.37558, 0.00000, 0.00000, 0.37558, 0.63761, -0.00000, 0.00000, 0.00000, 0.00000, 0.74000, 0.00000, 13.99950, 30.68188, 0.00000, 1.00000, },
				{ -0.73634, 0.07350, 0.00000, 0.00000, -0.07350, -0.73634, 0.00000, 0.00000, 0.00000, 0.00000, 0.74000, 0.00000, 6.10950, 30.88188, 0.00000, 1.00000, },
				{ -0.73634, 0.07350, 0.00000, 0.00000, -0.07350, -0.73634, 0.00000, 0.00000, 0.00000, 0.00000, 0.74000, 0.00000, 13.05950, 30.88188, 0.00000, 1.00000, },
				{ 0.00387, -0.73999, 0.00000, 0.00000, 0.73999, 0.00387, -0.00000, 0.00000, -0.00000, 0.00000, 0.74000, 0.00000, 4.59950, 30.90188, 0.00000, 1.00000, },
				{ 0.00387, -0.73999, 0.00000, 0.00000, 0.73999, 0.00387, -0.00000, 0.00000, -0.00000, 0.00000, 0.74000, 0.00000, 11.54950, 30.90188, 0.00000, 1.00000, },
				{ 0.00387, -0.73999, 0.00000, 0.00000, 0.73999, 0.00387, -0.00000, 0.00000, -0.00000, 0.00000, 0.74000, 0.00000, 7.94950, 30.90188, 0.00000, 1.00000, },
				{ 0.00387, -0.73999, 0.00000, 0.00000, 0.73999, 0.00387, -0.00000, 0.00000, -0.00000, 0.00000, 0.74000, 0.00000, 14.89950, 30.90188, 0.00000, 1.00000, },
				{ 0.73918, -0.03486, 0.00000, 0.00000, 0.03486, 0.73918, -0.00000, 0.00000, -0.00000, 0.00000, 0.74000, 0.00000, 3.34950, 30.93188, 0.00000, 1.00000, },
				{ 0.73918, -0.03486, 0.00000, 0.00000, 0.03486, 0.73918, -0.00000, 0.00000, -0.00000, 0.00000, 0.74000, 0.00000, 10.29950, 30.93188, 0.00000, 1.00000, },
				{ -0.73634, 0.07350, 0.00000, 0.00000, -0.07350, -0.73634, 0.00000, 0.00000, 0.00000, 0.00000, 0.74000, 0.00000, 2.25950, 30.88188, 0.00000, 1.00000, },
				{ -0.73634, 0.07350, 0.00000, 0.00000, -0.07350, -0.73634, 0.00000, 0.00000, 0.00000, 0.00000, 0.74000, 0.00000, 9.20950, 30.88188, 0.00000, 1.00000, },
				{ 0.63761, -0.37558, 0.00000, 0.00000, 0.37558, 0.63761, -0.00000, 0.00000, 0.00000, 0.00000, 0.74000, 0.00000, -10.45050, 26.58188, 0.00000, 1.00000, },
				{ -0.73634, 0.07350, 0.00000, 0.00000, -0.07350, -0.73634, 0.00000, 0.00000, 0.00000, 0.00000, 0.74000, 0.00000, -11.39050, 26.78188, 0.00000, 1.00000, },
				{ 0.00387, -0.73999, 0.00000, 0.00000, 0.73999, 0.00387, -0.00000, 0.00000, -0.00000, 0.00000, 0.74000, 0.00000, -12.90050, 26.80188, 0.00000, 1.00000, },
				{ 0.00387, -0.73999, 0.00000, 0.00000, 0.73999, 0.00387, -0.00000, 0.00000, -0.00000, 0.00000, 0.74000, 0.00000, -9.55050, 26.80188, 0.00000, 1.00000, },
				{ 0.73918, -0.03486, 0.00000, 0.00000, 0.03486, 0.73918, -0.00000, 0.00000, -0.00000, 0.00000, 0.74000, 0.00000, -14.15050, 26.83188, 0.00000, 1.00000, },
				{ -0.73634, 0.07350, 0.00000, 0.00000, -0.07350, -0.73634, 0.00000, 0.00000, 0.00000, 0.00000, 0.74000, 0.00000, -15.24050, 26.78188, 0.00000, 1.00000, },
				{ 0.37558, 0.63761, 0.00000, 0.00000, -0.63761, 0.37558, -0.00000, 0.00000, -0.00000, 0.00000, 0.74000, 0.00000, -8.05250, 31.48188, 0.00000, 1.00000, },
				{ -0.07350, -0.73634, -0.00000, 0.00000, 0.73634, -0.07350, -0.00000, 0.00000, -0.00000, -0.00000, 0.74000, 0.00000, -8.25250, 30.54188, 0.00000, 1.00000, },
				{ 0.73999, 0.00387, 0.00000, 0.00000, -0.00387, 0.73999, -0.00000, 0.00000, -0.00000, -0.00000, 0.74000, 0.00000, -8.27250, 29.03188, 0.00000, 1.00000, },
				{ 0.03486, 0.73918, 0.00000, 0.00000, -0.73918, 0.03486, -0.00000, 0.00000, -0.00000, -0.00000, 0.74000, 0.00000, -8.30250, 27.78188, 0.00000, 1.00000, },
				{ -0.07350, -0.73634, -0.00000, 0.00000, 0.73634, -0.07350, -0.00000, 0.00000, -0.00000, -0.00000, 0.74000, 0.00000, -8.25250, 26.69188, 0.00000, 1.00000, },
			},
		},
	},
}
--End Generated

function data()
	return townbuildingutil.make_building2(
		{ { -4.60, -0.10 }, { 4.60, -0.10 }, { 4.60, 9.10 }, { -4.60, 9.10 } },
		"COMMERCIAL", 
		"A", 
		2,
		{ 4, 4 },
		generatedData,
		"construction/building/era_a/com_2_4x4_01.gtex"
	)
end
