local townbuildingutil = require "townbuildingutil"

--Model file: "building/era_a/com_2_3x3_02.mdl"

--Begin Generated
local generatedData = {
	["base"] = {
		models = {
			["building/era_a/com_2_3x3_02.mdl"] = {
				{ 1.00000, 0.00000, 0.00000, 0.00000, 0.00000, 1.00000, 0.00000, 0.00000, 0.00000, 0.00000, 1.00000, 0.00000, 0.00000, 0.00000, 0.00000, 1.00000, },
			},
		},
		curves = {
			["scaffold"] = {
				{ { 9.71387, 1.89101, 0.00000 }, { 9.71387, 1.89101, 0.00000 }, { 9.71591, 11.69104, 0.00000 }, { 9.71591, 11.69104, 0.00000 }, { 9.71591, 11.69104, 0.00000 }, { -8.91650, 11.69104, 0.00000 }, { -8.91650, 11.69104, 0.00000 }, { -8.91650, 11.69104, 0.00000 }, { -8.91856, 1.89105, 0.00000 }, { -8.91856, 1.89105, 0.00000 }, },
			},
			["shared/asphalt_02.gtex.lua;shared/dirt.gtex.lua"] = {
				{ { 12.00000, 0.00000, 0.00000 }, { 12.00000, 0.00000, 0.00000 }, { 12.00000, 3.29000, 0.00000 }, { 12.00000, 3.29000, 0.00000 }, { 12.00000, 3.29000, 0.00000 }, { 9.23462, 3.29000, 0.00000 }, { 9.23462, 3.29000, 0.00000 }, { 9.23462, 3.29000, 0.00000 }, { 9.23462, 11.29028, 0.00000 }, { 9.23462, 11.29028, 0.00000 }, { 9.23462, 11.29028, 0.00000 }, { -8.41833, 11.29028, 0.00000 }, { -8.41833, 11.29028, 0.00000 }, { -8.41833, 11.29028, 0.00000 }, { -8.41846, 11.69104, 0.00000 }, { -8.41846, 11.69104, 0.00000 }, { -8.41846, 11.69104, 0.00000 }, { -12.00000, 11.69104, 0.00000 }, { -12.00000, 11.69104, 0.00000 }, { -12.00000, 11.69104, 0.00000 }, { -12.00000, 0.00000, 0.00000 }, { -12.00000, 0.00000, 0.00000 }, },
			},
			["shared/grass_cutted_01.gtex.lua"] = {
				{ { 12.00000, 11.29028, 0.63500 }, { 12.00000, 11.29028, 0.63500 }, { 12.00000, 24.00000, 0.65000 }, { 12.00000, 24.00000, 0.65000 }, { 12.00000, 24.00000, 0.65000 }, { 3.58000, 24.00000, 0.00000 }, { 3.58000, 24.00000, 0.00000 }, { 3.58000, 24.00000, 0.00000 }, { 4.92999, 19.41000, 0.00000 }, { 4.92999, 19.41000, 0.00000 }, { 4.92999, 19.41000, 0.00000 }, { 7.98999, 15.96000, 0.00000 }, { 7.98999, 15.96000, 0.00000 }, },
			},
			["shared/gravel_02.gtex.lua"] = {
				{ { 12.00000, 11.29028, 0.00000 }, { 12.00000, 11.29028, 0.00000 }, { 7.98999, 15.96000, 0.00000 }, { 7.98999, 15.96000, 0.00000 }, { 7.98999, 15.96000, 0.00000 }, { 4.92999, 19.41000, 0.00000 }, { 4.92999, 19.41000, 0.00000 }, { 4.92999, 19.41000, 0.00000 }, { -5.81000, 20.39000, 0.00000 }, { -5.81000, 20.39000, 0.00000 }, { -5.81000, 20.39000, 0.00000 }, { -8.41846, 11.69104, 0.00000 }, { -8.41846, 11.69104, 0.00000 }, },
			},
			["shared/gravel_02.gtex.lua;shared/dirt.gtex.lua"] = {
				{ { -8.41846, 11.69104, 0.00000 }, { -8.41846, 11.69104, 0.00000 }, { -5.81000, 20.39000, 0.00000 }, { -5.81000, 20.39000, 0.00000 }, { -5.81000, 20.39000, 0.00000 }, { -12.00000, 20.39000, 0.00000 }, { -12.00000, 20.39000, 0.00000 }, { -12.00000, 20.39000, 0.00000 }, { -12.00000, 11.69104, 0.00000 }, { -12.00000, 11.69104, 0.00000 }, },
				{ { 4.92999, 19.41000, 0.00000 }, { 4.92999, 19.41000, 0.00000 }, { 3.58000, 24.00000, 0.00000 }, { 3.58000, 24.00000, 0.00000 }, { 3.58000, 24.00000, 0.00000 }, { -5.81000, 24.00000, 0.00000 }, { -5.81000, 24.00000, 0.00000 }, { -5.81000, 24.00000, 0.00000 }, { -5.81000, 20.39000, 0.00000 }, { -5.81000, 20.39000, 0.00000 }, },
				{ { 12.00000, 3.29000, 0.00000 }, { 12.00000, 3.29000, 0.00000 }, { 12.00000, 11.29028, 0.63500 }, { 12.00000, 11.29028, 0.63500 }, { 12.00000, 11.29028, 0.63500 }, { 9.23462, 11.29028, 0.00000 }, { 9.23462, 11.29028, 0.00000 }, { 9.23462, 11.29028, 0.00000 }, { 9.23462, 3.29000, 0.00000 }, { 9.23462, 3.29000, 0.00000 }, },
			},
			["shared/gravel_03.gtex.lua;shared/dirt.gtex.lua"] = {
				{ { -5.81000, 20.39000, 0.00000 }, { -5.81000, 20.39000, 0.00000 }, { -5.81000, 24.00000, 0.00000 }, { -5.81000, 24.00000, 0.00000 }, { -5.81000, 24.00000, 0.00000 }, { -12.00000, 24.00000, 0.00000 }, { -12.00000, 24.00000, 0.00000 }, { -12.00000, 24.00000, 0.00000 }, { -12.00000, 20.39000, 0.00000 }, { -12.00000, 20.39000, 0.00000 }, },
			},
		},
	},
	["layout_1"] = {
		models = {
			["asset/commercial/all_eras/era_a_com_wall.mdl"] = {
				{ 1.04362, -0.00000, 0.00000, 0.00000, 0.00000, 1.00000, -0.00000, 0.00000, -0.00000, 0.00000, 1.00000, 0.00000, -10.43499, 11.54104, 0.00000, 1.00000, },
				{ 0.00000, 1.00000, 0.00000, 0.00000, -1.00000, 0.00000, -0.00000, 0.00000, -0.00000, -0.00000, 1.00000, 0.00000, 11.85001, 4.50000, 0.00000, 1.00000, },
				{ 0.00000, 1.00000, 0.00000, 0.00000, -1.00000, 0.00000, -0.00000, 0.00000, -0.00000, -0.00000, 1.00000, 0.00000, 11.85001, 7.50000, 0.00000, 1.00000, },
				{ 0.00000, 1.00000, 0.00000, 0.00000, -1.00000, 0.00000, -0.00000, 0.00000, -0.00000, -0.00000, 1.00000, 0.00000, 11.85001, 10.50000, 0.00000, 1.00000, },
				{ 0.00000, 1.00000, 0.00000, 0.00000, -1.00000, 0.00000, -0.00000, 0.00000, -0.00000, -0.00000, 1.00000, 0.00000, 11.85000, 13.50000, 0.00000, 1.00000, },
				{ 0.00000, 1.00000, 0.00000, 0.00000, -1.00000, 0.00000, -0.00000, 0.00000, -0.00000, -0.00000, 1.00000, 0.00000, 11.85000, 16.50000, 0.00000, 1.00000, },
				{ 0.00000, 1.00000, 0.00000, 0.00000, -1.00000, 0.00000, -0.00000, 0.00000, -0.00000, -0.00000, 1.00000, 0.00000, 11.85000, 19.50000, 0.00000, 1.00000, },
				{ 0.00000, 1.00000, 0.00000, 0.00000, -1.00000, 0.00000, -0.00000, 0.00000, -0.00000, -0.00000, 1.00000, 0.00000, 11.85000, 22.50000, 0.00000, 1.00000, },
				{ 1.00000, -0.00000, 0.00000, 0.00000, 0.00000, 1.00000, -0.00000, 0.00000, -0.00000, 0.00000, 1.00000, 0.00000, 1.50000, 23.85000, 0.00000, 1.00000, },
				{ 1.00000, -0.00000, 0.00000, 0.00000, 0.00000, 1.00000, -0.00000, 0.00000, -0.00000, 0.00000, 1.00000, 0.00000, 4.50000, 23.85000, 0.00000, 1.00000, },
				{ 1.00000, -0.00000, 0.00000, 0.00000, 0.00000, 1.00000, -0.00000, 0.00000, -0.00000, 0.00000, 1.00000, 0.00000, 7.50000, 23.85000, 0.00000, 1.00000, },
				{ 0.89947, -0.00000, 0.00000, 0.00000, 0.00000, 1.00000, -0.00000, 0.00000, -0.00000, 0.00000, 1.00000, 0.00000, 10.35000, 23.85000, 0.00000, 1.00000, },
				{ 1.00000, -0.00000, 0.00000, 0.00000, 0.00000, 1.00000, -0.00000, 0.00000, -0.00000, 0.00000, 1.00000, 0.00000, -1.50000, 23.85000, 0.00000, 1.00000, },
				{ 1.00000, -0.00000, 0.00000, 0.00000, 0.00000, 1.00000, -0.00000, 0.00000, -0.00000, 0.00000, 1.00000, 0.00000, -4.50000, 23.85000, 0.00000, 1.00000, },
				{ 0.89947, -0.00000, 0.00000, 0.00000, 0.00000, 1.00000, -0.00000, 0.00000, -0.00000, 0.00000, 1.00000, 0.00000, -10.35000, 20.54104, 0.00000, 1.00000, },
				{ 1.07500, -0.00000, 0.00000, 0.00000, 0.00000, 1.00000, -0.00000, 0.00000, -0.00000, 0.00000, 1.00000, 0.00000, -7.39000, 20.54104, 0.00000, 1.00000, },
				{ 0.00000, 1.00000, 0.00000, 0.00000, -1.00000, 0.00000, -0.00000, 0.00000, -0.00000, -0.00000, 1.00000, 0.00000, -11.84999, 13.19104, 0.00000, 1.00000, },
				{ 0.00000, 1.00000, 0.00000, 0.00000, -1.00000, 0.00000, -0.00000, 0.00000, -0.00000, -0.00000, 1.00000, 0.00000, -11.84999, 16.19104, 0.00000, 1.00000, },
				{ 0.00000, 1.00000, 0.00000, 0.00000, -1.00000, 0.00000, -0.00000, 0.00000, -0.00000, -0.00000, 1.00000, 0.00000, -11.84999, 19.19104, 0.00000, 1.00000, },
			},
			["asset/commercial/era_a/com_1_ground_double_bench_a.mdl"] = {
				{ -0.00000, -1.00000, -0.00000, 0.00000, 1.00000, -0.00000, -0.00000, 0.00000, -0.00000, -0.00000, 1.00000, 0.00000, -9.52998, 5.09497, 0.00000, 1.00000, },
				{ -0.00000, -1.00000, -0.00000, 0.00000, 1.00000, -0.00000, -0.00000, 0.00000, -0.00000, -0.00000, 1.00000, 0.00000, -9.52998, 8.47497, 0.00000, 1.00000, },
			},
			["station/air/asset/fence_wood.mdl"] = {
				{ -0.00000, -1.19500, 0.00000, 0.00000, 1.00000, -0.00000, 0.00000, 0.00000, 0.00000, 0.00000, 1.00000, 0.00000, -5.89500, 22.19500, 0.00000, 1.00000, },
				{ 0.78935, 0.00000, 0.00000, 0.00000, 0.00000, 1.00000, 0.00000, 0.00000, 0.00000, 0.00000, 1.00000, 0.00000, 10.70500, 3.31500, 0.00000, 1.00000, },
			},
		},
		groups = {
			["era_a_com_1_asset_food_box.grp"] = {
				{ 0.08716, -0.99619, 0.00000, 0.00000, 0.99619, 0.08716, 0.00000, 0.00000, 0.00000, 0.00000, 1.00000, 0.00000, -9.66000, 21.33000, 0.00000, 1.00000, },
				{ -0.01047, -0.99995, 0.00000, 0.00000, 0.99995, -0.01047, 0.00000, 0.00000, 0.00000, 0.00000, 1.00000, 0.00000, -10.30000, 21.23000, 0.00000, 1.00000, },
				{ 0.08716, -0.99619, 0.00000, 0.00000, 0.99619, 0.08716, 0.00000, 0.00000, 0.00000, 0.00000, 1.00000, 0.00000, -9.58600, 21.40800, 0.47000, 1.00000, ignore = { 4, 50 }, },
				{ 0.25545, -0.96682, 0.00000, 0.00000, 0.96682, 0.25545, 0.00000, 0.00000, 0.00000, 0.00000, 1.00000, 0.00000, -10.30000, 21.20000, 0.47000, 1.00000, ignore = { 4, 50 }, },
				{ 0.89415, -0.44776, 0.00000, 0.00000, 0.44776, 0.89415, 0.00000, 0.00000, 0.00000, 0.00000, 1.00000, 0.00000, -11.23000, 21.41000, 0.00000, 1.00000, ignore = { 4, 50 }, },
			},
			["era_a_com_1_asset_ground_chair.grp"] = {
				{ 1.00000, -0.00018, 0.00000, 0.00000, 0.00018, 1.00000, 0.00000, 0.00000, 0.00000, 0.00000, 1.00000, 0.00000, -4.96177, 18.49567, 0.00000, 1.00000, seed = 25, ignore = { 3, 40 }, },
				{ 0.98354, -0.18070, 0.00000, 0.00000, 0.18070, 0.98354, 0.00000, 0.00000, 0.00000, 0.00000, 1.00000, 0.00000, -3.92193, 18.47733, 0.00000, 1.00000, seed = 25, ignore = { 3, 40 }, },
				{ -0.99379, -0.11129, -0.00000, 0.00000, 0.11129, -0.99379, 0.00000, 0.00000, -0.00000, 0.00000, 1.00000, 0.00000, -3.94927, 16.92757, 0.00000, 1.00000, seed = 25, ignore = { 3, 40 }, },
				{ -0.98416, 0.17726, -0.00000, 0.00000, -0.17726, -0.98416, 0.00000, 0.00000, -0.00000, 0.00000, 1.00000, 0.00000, -4.98946, 16.92591, 0.00000, 1.00000, seed = 25, ignore = { 3, 40 }, },
				{ 1.00000, -0.00018, 0.00000, 0.00000, 0.00018, 1.00000, 0.00000, 0.00000, 0.00000, 0.00000, 1.00000, 0.00000, -8.71177, 14.91004, 0.00000, 1.00000, seed = 25, ignore = { 3, 40 }, },
				{ 0.98354, -0.18070, 0.00000, 0.00000, 0.18070, 0.98354, 0.00000, 0.00000, 0.00000, 0.00000, 1.00000, 0.00000, -7.67193, 14.89170, 0.00000, 1.00000, seed = 25, ignore = { 3, 40 }, },
				{ -0.99379, -0.11129, -0.00000, 0.00000, 0.11129, -0.99379, 0.00000, 0.00000, -0.00000, 0.00000, 1.00000, 0.00000, -7.69927, 13.34194, 0.00000, 1.00000, seed = 25, ignore = { 3, 40 }, },
				{ -0.98416, 0.17726, -0.00000, 0.00000, -0.17726, -0.98416, 0.00000, 0.00000, -0.00000, 0.00000, 1.00000, 0.00000, -8.73946, 13.34028, 0.00000, 1.00000, seed = 25, ignore = { 3, 40 }, },
				{ 1.00000, -0.00018, 0.00000, 0.00000, 0.00018, 1.00000, 0.00000, 0.00000, 0.00000, 0.00000, 1.00000, 0.00000, -4.67177, 14.99004, 0.00000, 1.00000, seed = 25, ignore = { 3, 40 }, },
				{ 0.98354, -0.18070, 0.00000, 0.00000, 0.18070, 0.98354, 0.00000, 0.00000, 0.00000, 0.00000, 1.00000, 0.00000, -3.63193, 14.97170, 0.00000, 1.00000, seed = 25, ignore = { 3, 40 }, },
				{ -0.99379, -0.11129, -0.00000, 0.00000, 0.11129, -0.99379, 0.00000, 0.00000, -0.00000, 0.00000, 1.00000, 0.00000, -3.65927, 13.42194, 0.00000, 1.00000, seed = 25, ignore = { 3, 40 }, },
				{ -0.98416, 0.17726, -0.00000, 0.00000, -0.17726, -0.98416, 0.00000, 0.00000, -0.00000, 0.00000, 1.00000, 0.00000, -4.69946, 13.42028, 0.00000, 1.00000, seed = 25, ignore = { 3, 40 }, },
				{ 0.99961, -0.02810, 0.00000, 0.00000, 0.02810, 0.99961, 0.00000, 0.00000, 0.00000, 0.00000, 1.00000, 0.00000, -8.52893, 18.24552, 0.00000, 1.00000, seed = 25, ignore = { 3, 40 }, },
				{ 0.97811, -0.20809, 0.00000, 0.00000, 0.20809, 0.97811, 0.00000, 0.00000, 0.00000, 0.00000, 1.00000, 0.00000, -7.49001, 18.19816, 0.00000, 1.00000, seed = 25, ignore = { 3, 40 }, },
				{ -0.98484, -0.17347, -0.00000, 0.00000, 0.17347, -0.98484, 0.00000, 0.00000, -0.00000, 0.00000, 1.00000, 0.00000, -7.56061, 16.64976, 0.00000, 1.00000, seed = 25, ignore = { 3, 40 }, },
				{ -0.97883, 0.20468, -0.00000, 0.00000, -0.20468, -0.97883, 0.00000, 0.00000, -0.00000, 0.00000, 1.00000, 0.00000, -8.60044, 16.67715, 0.00000, 1.00000, seed = 25, ignore = { 3, 40 }, },
			},
			["era_a_com_1_asset_ground_sunshade.grp"] = {
				{ 0.97708, -0.21289, 0.00000, 0.00000, 0.21289, 0.97708, 0.00000, 0.00000, 0.00000, 0.00000, 1.00000, 0.00000, -4.39623, 17.67060, 0.00000, 1.00000, seed = 25, ignore = { 3, 40 }, },
				{ 0.97708, -0.21289, 0.00000, 0.00000, 0.21289, 0.97708, 0.00000, 0.00000, 0.00000, 0.00000, 1.00000, 0.00000, -8.14623, 14.08497, 0.00000, 1.00000, seed = 25, ignore = { 3, 40 }, },
				{ 0.97708, -0.21289, 0.00000, 0.00000, 0.21289, 0.97708, 0.00000, 0.00000, 0.00000, 0.00000, 1.00000, 0.00000, -4.10623, 14.16497, 0.00000, 1.00000, seed = 25, ignore = { 3, 40 }, },
				{ 0.55021, -0.83503, 0.00000, 0.00000, 0.83503, 0.55021, 0.00000, 0.00000, 0.00000, 0.00000, 1.00000, 0.00000, -7.98665, 17.40498, 0.00000, 1.00000, seed = 25, ignore = { 3, 40 }, },
			},
			["era_a_com_1_asset_ground_table.grp"] = {
				{ 0.99984, -0.01764, 0.00000, 0.00000, 0.01764, 0.99984, 0.00000, 0.00000, 0.00000, 0.00000, 1.00000, 0.00000, -4.39597, 17.68563, 0.00000, 1.00000, seed = 25, ignore = { 3, 40 }, },
				{ 0.99984, -0.01764, 0.00000, 0.00000, 0.01764, 0.99984, 0.00000, 0.00000, 0.00000, 0.00000, 1.00000, 0.00000, -8.14597, 14.10000, 0.00000, 1.00000, seed = 25, ignore = { 3, 40 }, },
				{ 0.99984, -0.01764, 0.00000, 0.00000, 0.01764, 0.99984, 0.00000, 0.00000, 0.00000, 0.00000, 1.00000, 0.00000, -4.10597, 14.18000, 0.00000, 1.00000, seed = 25, ignore = { 3, 40 }, },
				{ 0.99896, -0.04555, 0.00000, 0.00000, 0.04555, 0.99896, 0.00000, 0.00000, 0.00000, 0.00000, 1.00000, 0.00000, -7.98597, 17.42000, 0.00000, 1.00000, seed = 25, ignore = { 3, 40 }, },
			},
			["era_a_com_2_asset_hotel_door_awning_round.grp"] = {
				{ 1.00000, 0.00000, 0.00000, 0.00000, 0.00000, 1.00000, 0.00000, 0.00000, 0.00000, 0.00000, 1.00000, 0.00000, -6.27445, 2.29028, 3.76503, 1.00000, align = { 0.00000, 0.00000 }, seed = 768, },
				{ 1.00000, 0.00000, 0.00000, 0.00000, 0.00000, 1.00000, 0.00000, 0.00000, 0.00000, 0.00000, 1.00000, 0.00000, -2.88245, 2.29028, 3.76503, 1.00000, align = { 0.00000, 0.00000 }, seed = 768, },
				{ 1.00000, 0.00000, 0.00000, 0.00000, 0.00000, 1.00000, 0.00000, 0.00000, 0.00000, 0.00000, 1.00000, 0.00000, 0.28155, 2.29028, 3.76503, 1.00000, align = { 0.00000, 0.00000 }, seed = 768, },
				{ 1.00000, 0.00000, 0.00000, 0.00000, 0.00000, 1.00000, 0.00000, 0.00000, 0.00000, 0.00000, 1.00000, 0.00000, 3.32090, 2.29028, 3.76503, 1.00000, align = { 0.00000, 0.00000 }, seed = 768, },
				{ 1.00000, 0.00000, 0.00000, 0.00000, 0.00000, 1.00000, 0.00000, 0.00000, 0.00000, 0.00000, 1.00000, 0.00000, 6.90431, 2.29028, 3.76503, 1.00000, align = { 0.00000, 0.00000 }, seed = 768, },
				{ -1.00000, -0.00000, -0.00000, 0.00000, -0.00000, -1.00000, 0.00000, 0.00000, -0.00000, 0.00000, 1.00000, 0.00000, -5.61131, 11.29028, 3.76503, 1.00000, align = { 0.00000, 0.00000 }, seed = 768, },
				{ -1.00000, -0.00000, -0.00000, 0.00000, -0.00000, -1.00000, 0.00000, 0.00000, -0.00000, 0.00000, 1.00000, 0.00000, 0.39869, 11.29028, 3.76503, 1.00000, align = { 0.00000, 0.00000 }, seed = 768, },
				{ -1.00000, -0.00000, -0.00000, 0.00000, -0.00000, -1.00000, 0.00000, 0.00000, -0.00000, 0.00000, 1.00000, 0.00000, 6.41012, 11.29028, 3.76503, 1.00000, align = { 0.00000, 0.00000 }, seed = 768, },
			},
			["era_a_com_2_asset_hotel_roof_sign_3d_01.grp"] = {
				{ 1.26105, 0.00000, 0.00000, 0.00000, 0.00000, 1.26105, 0.00000, 0.00000, 0.00000, 0.00000, 1.26105, 0.00000, 0.20000, 2.13000, 10.17000, 1.00000, align = { 0.00000, 0.00000 }, seed = 546, },
			},
			["era_a_com_2_asset_hotel_wall_sign_01.grp"] = {
				{ 1.00000, 0.00000, 0.00000, 0.00000, 0.00000, 1.00000, 0.00000, 0.00000, 0.00000, 0.00000, 1.00000, 0.00000, -8.66000, 1.92000, 6.01000, 1.00000, align = { 0.00000, 0.00000 }, seed = 546, },
			},
			["era_a_com_2_asset_hotel_win_awning_a.grp"] = {
				{ 0.87750, 0.00000, 0.00000, 0.00000, 0.00000, 1.00000, 0.00000, 0.00000, 0.00000, 0.00000, 1.00000, 0.00000, -6.22860, 2.29200, 8.90930, 1.00000, align = { 0.00000, 0.00000 }, seed = 546, },
				{ 0.87750, 0.00000, 0.00000, 0.00000, 0.00000, 1.00000, 0.00000, 0.00000, 0.00000, 0.00000, 1.00000, 0.00000, 0.24140, 2.29200, 8.90930, 1.00000, align = { 0.00000, 0.00000 }, seed = 546, },
				{ -0.87750, 0.00000, 0.00000, 0.00000, -0.00000, -1.00000, 0.00000, 0.00000, 0.00000, 0.00000, 1.00000, 0.00000, 0.39640, 11.28700, 8.90930, 1.00000, align = { 0.00000, 0.00000 }, seed = 546, },
				{ -0.87750, 0.00000, 0.00000, 0.00000, -0.00000, -1.00000, 0.00000, 0.00000, 0.00000, 0.00000, 1.00000, 0.00000, -5.60860, 11.28700, 8.90930, 1.00000, align = { 0.00000, 0.00000 }, seed = 546, },
				{ -0.87750, 0.00000, 0.00000, 0.00000, -0.00000, -1.00000, 0.00000, 0.00000, 0.00000, 0.00000, 1.00000, 0.00000, 8.04140, 11.28700, 8.90930, 1.00000, align = { 0.00000, 0.00000 }, seed = 546, },
				{ -0.87750, 0.00000, 0.00000, 0.00000, -0.00000, -1.00000, 0.00000, 0.00000, 0.00000, 0.00000, 1.00000, 0.00000, -1.23360, 11.28700, 8.90930, 1.00000, align = { 0.00000, 0.00000 }, seed = 546, },
				{ -0.87750, 0.00000, 0.00000, 0.00000, -0.00000, -1.00000, 0.00000, 0.00000, 0.00000, 0.00000, 1.00000, 0.00000, -7.23860, 11.28700, 8.90930, 1.00000, align = { 0.00000, 0.00000 }, seed = 546, },
				{ -0.87750, 0.00000, 0.00000, 0.00000, -0.00000, -1.00000, 0.00000, 0.00000, 0.00000, 0.00000, 1.00000, 0.00000, 6.41140, 11.28700, 8.90930, 1.00000, align = { 0.00000, 0.00000 }, seed = 546, },
				{ 0.87750, 0.00000, 0.00000, 0.00000, 0.00000, 1.00000, 0.00000, 0.00000, 0.00000, 0.00000, 1.00000, 0.00000, 6.86640, 2.29200, 8.90930, 1.00000, align = { 0.00000, 0.00000 }, seed = 546, },
				{ 0.87750, 0.00000, 0.00000, 0.00000, 0.00000, 1.00000, 0.00000, 0.00000, 0.00000, 0.00000, 1.00000, 0.00000, 3.27140, 1.63700, 8.90930, 1.00000, align = { 0.00000, 0.00000 }, seed = 546, },
				{ 0.87750, 0.00000, 0.00000, 0.00000, 0.00000, 1.00000, 0.00000, 0.00000, 0.00000, 0.00000, 1.00000, 0.00000, -2.79360, 1.63700, 8.90930, 1.00000, align = { 0.00000, 0.00000 }, seed = 546, },
				{ 0.87750, 0.00000, 0.00000, 0.00000, 0.00000, 1.00000, 0.00000, 0.00000, 0.00000, 0.00000, 1.00000, 0.00000, -6.22860, 2.29200, 5.90730, 1.00000, align = { 0.00000, 0.00000 }, seed = 546, },
				{ 0.87750, 0.00000, 0.00000, 0.00000, 0.00000, 1.00000, 0.00000, 0.00000, 0.00000, 0.00000, 1.00000, 0.00000, 0.24140, 2.29200, 5.90730, 1.00000, align = { 0.00000, 0.00000 }, seed = 546, },
				{ -0.87750, 0.00000, 0.00000, 0.00000, -0.00000, -1.00000, 0.00000, 0.00000, 0.00000, 0.00000, 1.00000, 0.00000, 0.39640, 11.28700, 5.90730, 1.00000, align = { 0.00000, 0.00000 }, seed = 546, },
				{ -0.87750, 0.00000, 0.00000, 0.00000, -0.00000, -1.00000, 0.00000, 0.00000, 0.00000, 0.00000, 1.00000, 0.00000, -5.60860, 11.28700, 5.90730, 1.00000, align = { 0.00000, 0.00000 }, seed = 546, },
				{ -0.87750, 0.00000, 0.00000, 0.00000, -0.00000, -1.00000, 0.00000, 0.00000, 0.00000, 0.00000, 1.00000, 0.00000, 8.04140, 11.28700, 5.90730, 1.00000, align = { 0.00000, 0.00000 }, seed = 546, },
				{ -0.87750, 0.00000, 0.00000, 0.00000, -0.00000, -1.00000, 0.00000, 0.00000, 0.00000, 0.00000, 1.00000, 0.00000, -1.23360, 11.28700, 5.90730, 1.00000, align = { 0.00000, 0.00000 }, seed = 546, },
				{ -0.87750, 0.00000, 0.00000, 0.00000, -0.00000, -1.00000, 0.00000, 0.00000, 0.00000, 0.00000, 1.00000, 0.00000, -7.23860, 11.28700, 5.90730, 1.00000, align = { 0.00000, 0.00000 }, seed = 546, },
				{ -0.87750, 0.00000, 0.00000, 0.00000, -0.00000, -1.00000, 0.00000, 0.00000, 0.00000, 0.00000, 1.00000, 0.00000, 6.41140, 11.28700, 5.90730, 1.00000, align = { 0.00000, 0.00000 }, seed = 546, },
				{ 0.87750, 0.00000, 0.00000, 0.00000, 0.00000, 1.00000, 0.00000, 0.00000, 0.00000, 0.00000, 1.00000, 0.00000, 6.86640, 2.29200, 5.90730, 1.00000, align = { 0.00000, 0.00000 }, seed = 546, },
				{ 0.87750, 0.00000, 0.00000, 0.00000, 0.00000, 1.00000, 0.00000, 0.00000, 0.00000, 0.00000, 1.00000, 0.00000, 3.27140, 1.63700, 5.90730, 1.00000, align = { 0.00000, 0.00000 }, seed = 546, },
				{ 0.87750, 0.00000, 0.00000, 0.00000, 0.00000, 1.00000, 0.00000, 0.00000, 0.00000, 0.00000, 1.00000, 0.00000, -2.79360, 1.63700, 5.90730, 1.00000, align = { 0.00000, 0.00000 }, seed = 546, },
			},
			["era_a_garden_chair.grp"] = {
				{ 0.88130, -0.47255, 0.00000, 0.00000, 0.47255, 0.88130, 0.00000, 0.00000, -0.00000, 0.00000, 1.00000, 0.00000, 2.36271, 20.28329, 0.00000, 1.00000, seed = 456, ignore = { 2, 25 }, },
				{ -0.54464, -0.83867, -0.00000, 0.00000, 0.83867, -0.54464, 0.00000, 0.00000, -0.00000, 0.00000, 1.00000, 0.00000, 2.60840, 19.22947, 0.00000, 1.00000, seed = 456, ignore = { 2, 25 }, },
				{ 0.41945, 0.90778, 0.00000, 0.00000, -0.90778, 0.41945, -0.00000, 0.00000, -0.00000, 0.00000, 1.00000, 0.00000, 1.22337, 20.12519, -0.00000, 1.00000, seed = 456, ignore = { 2, 25 }, },
				{ -0.41310, 0.91068, -0.00000, 0.00000, -0.91068, -0.41310, -0.00000, 0.00000, -0.00000, 0.00000, 1.00000, 0.00000, 1.38976, 18.95633, -0.00000, 1.00000, seed = 456, ignore = { 2, 25 }, },
				{ 0.97815, 0.20791, 0.00000, 0.00000, -0.20791, 0.97815, 0.00000, 0.00000, 0.00000, 0.00000, 1.00000, 0.00000, 3.15773, 14.30664, 0.00000, 1.00000, seed = 456, ignore = { 2, 25 }, },
				{ 0.12533, -0.99211, 0.00000, 0.00000, 0.99211, 0.12533, 0.00000, 0.00000, 0.00000, 0.00000, 1.00000, 0.00000, 4.02558, 13.66032, 0.00000, 1.00000, seed = 456, ignore = { 2, 25 }, },
				{ -0.26556, 0.96410, 0.00000, 0.00000, -0.96410, -0.26556, 0.00000, 0.00000, 0.00000, 0.00000, 1.00000, 0.00000, 2.63912, 13.46501, 0.00000, 1.00000, seed = 456, ignore = { 2, 25 }, },
				{ -0.99415, -0.10800, 0.00000, 0.00000, 0.10800, -0.99415, 0.00000, 0.00000, 0.00000, 0.00000, 1.00000, 0.00000, 3.35930, 12.87059, 0.00000, 1.00000, seed = 456, ignore = { 2, 25 }, },
				{ -0.08368, 0.99649, 0.00000, 0.00000, -0.99649, -0.08368, 0.00000, 0.00000, 0.00000, 0.00000, 1.00000, 0.00000, 4.69000, 16.88000, 0.00000, 1.00000, seed = 456, ignore = { 2, 25 }, },
				{ 1.00000, 0.00000, 0.00000, 0.00000, 0.00000, 1.00000, 0.00000, 0.00000, 0.00000, 0.00000, 1.00000, 0.00000, 5.44000, 17.66000, 0.00000, 1.00000, seed = 456, ignore = { 2, 25 }, },
				{ -0.95832, 0.28569, 0.00000, 0.00000, -0.28569, -0.95832, 0.00000, 0.00000, 0.00000, 0.00000, 1.00000, 0.00000, 5.41000, 16.16000, 0.00000, 1.00000, seed = 456, ignore = { 2, 25 }, },
				{ -0.01745, -0.99985, 0.00000, 0.00000, 0.99985, -0.01745, 0.00000, 0.00000, 0.00000, 0.00000, 1.00000, 0.00000, 6.14000, 16.90000, 0.00000, 1.00000, seed = 456, ignore = { 2, 25 }, },
				{ -0.08368, 0.99649, 0.00000, 0.00000, -0.99649, -0.08368, 0.00000, 0.00000, 0.00000, 0.00000, 1.00000, 0.00000, 6.64000, 14.08000, 0.00000, 1.00000, seed = 456, ignore = { 2, 25 }, },
				{ 1.00000, 0.00000, 0.00000, 0.00000, 0.00000, 1.00000, 0.00000, 0.00000, 0.00000, 0.00000, 1.00000, 0.00000, 7.39000, 14.86000, 0.00000, 1.00000, seed = 456, ignore = { 2, 25 }, },
				{ -0.98978, -0.14263, 0.00000, 0.00000, 0.14263, -0.98978, 0.00000, 0.00000, 0.00000, 0.00000, 1.00000, 0.00000, 7.41000, 13.46000, 0.00000, 1.00000, seed = 456, ignore = { 2, 25 }, },
				{ -0.01745, -0.99985, 0.00000, 0.00000, 0.99985, -0.01745, 0.00000, 0.00000, 0.00000, 0.00000, 1.00000, 0.00000, 8.09000, 14.10000, 0.00000, 1.00000, seed = 456, ignore = { 2, 25 }, },
			},
			["garden_table_round.grp"] = {
				{ -0.54464, -0.83867, -0.00000, 0.00000, 0.83867, -0.54464, 0.00000, 0.00000, -0.00000, 0.00000, 1.00000, 0.00000, 2.01000, 19.63000, 0.00000, 1.00000, seed = 456, ignore = { 2, 25 }, },
				{ 0.12533, -0.99211, 0.00000, 0.00000, 0.99211, 0.12533, 0.00000, 0.00000, 0.00000, 0.00000, 1.00000, 0.00000, 3.31000, 13.58000, 0.00000, 1.00000, seed = 456, ignore = { 2, 25 }, },
				{ 1.00000, 0.00000, 0.00000, 0.00000, 0.00000, 1.00000, 0.00000, 0.00000, 0.00000, 0.00000, 1.00000, 0.00000, 5.43000, 16.94000, 0.00000, 1.00000, seed = 456, ignore = { 2, 25 }, },
				{ 1.00000, 0.00000, 0.00000, 0.00000, 0.00000, 1.00000, 0.00000, 0.00000, 0.00000, 0.00000, 1.00000, 0.00000, 7.38000, 14.14000, 0.00000, 1.00000, seed = 456, ignore = { 2, 25 }, },
			},
			["random_medium_tree_town.grp"] = {
				{ 0.09117, 0.64062, 0.00000, 0.00000, -0.64062, 0.09117, 0.00000, 0.00000, 0.00000, 0.00000, 0.64707, 0.00000, 6.80000, 21.40000, 0.00000, 1.00000, },
				{ 0.43310, -0.29766, 0.00000, 0.00000, 0.29766, 0.43310, 0.00000, 0.00000, 0.00000, 0.00000, 0.52552, 0.00000, 9.85000, 22.40000, 0.00000, 1.00000, },
				{ 0.23750, -0.67440, 0.00000, 0.00000, 0.67440, 0.23750, 0.00000, 0.00000, 0.00000, 0.00000, 0.71500, 0.00000, 10.10000, 18.70000, 0.00000, 1.00000, },
			},
			["random_shrub_town.grp"] = {
				{ 0.26777, -0.50464, 0.00000, 0.00000, 0.50464, 0.26777, 0.00000, 0.00000, -0.00000, 0.00000, 0.57128, 0.00000, 6.02000, 21.05000, 0.00000, 1.00000, },
				{ -0.56809, -0.30654, 0.00000, 0.00000, 0.30654, -0.56809, 0.00000, 0.00000, 0.00000, 0.00000, 0.64552, 0.00000, 7.83000, 21.05000, 0.00000, 1.00000, },
				{ -0.16947, -0.73122, 0.00000, 0.00000, 0.73122, -0.16947, 0.00000, 0.00000, 0.00000, 0.00000, 0.75060, 0.00000, 9.14000, 21.05000, 0.00000, 1.00000, },
				{ 0.57408, 0.28687, 0.00000, 0.00000, -0.28687, 0.57408, 0.00000, 0.00000, -0.00000, -0.00000, 0.64176, 0.00000, 8.55000, 19.74000, 0.00000, 1.00000, },
				{ -0.16947, -0.73122, 0.00000, 0.00000, 0.73122, -0.16947, 0.00000, 0.00000, 0.00000, 0.00000, 0.75060, 0.00000, 9.61000, 19.74000, 0.00000, 1.00000, },
				{ 0.21368, -0.54105, 0.00000, 0.00000, 0.54105, 0.21368, -0.00000, 0.00000, 0.00000, 0.00000, 0.58171, 0.00000, 9.61000, 18.02000, 0.00000, 1.00000, },
			},
			["random_shrub_town_fence.grp"] = {
				{ 0.52691, -0.51959, 0.00000, 0.00000, 0.51959, 0.52691, -0.00000, 0.00000, -0.00000, 0.00000, 0.74000, 0.00000, 2.38769, 22.68554, 0.00000, 1.00000, },
				{ -0.15931, 0.72265, -0.00000, 0.00000, -0.72265, -0.15931, -0.00000, 0.00000, -0.00000, -0.00000, 0.74000, 0.00000, -0.23231, 22.68554, 0.00000, 1.00000, },
				{ 0.70369, 0.22896, 0.00000, 0.00000, -0.22896, 0.70369, -0.00000, 0.00000, -0.00000, 0.00000, 0.74000, 0.00000, 1.08769, 22.68554, 0.00000, 1.00000, },
				{ -0.73999, -0.00387, -0.00000, 0.00000, 0.00387, -0.73999, -0.00000, 0.00000, -0.00000, -0.00000, 0.74000, 0.00000, -1.56231, 22.79554, 0.00000, 1.00000, },
				{ 0.52691, -0.51959, 0.00000, 0.00000, 0.51959, 0.52691, -0.00000, 0.00000, -0.00000, 0.00000, 0.74000, 0.00000, 7.63769, 22.68554, 0.00000, 1.00000, },
				{ -0.15931, 0.72265, -0.00000, 0.00000, -0.72265, -0.15931, -0.00000, 0.00000, -0.00000, -0.00000, 0.74000, 0.00000, 5.01769, 22.68554, 0.00000, 1.00000, },
				{ 0.70369, 0.22896, 0.00000, 0.00000, -0.22896, 0.70369, -0.00000, 0.00000, -0.00000, 0.00000, 0.74000, 0.00000, 6.33769, 22.68554, 0.00000, 1.00000, },
				{ -0.73999, -0.00387, -0.00000, 0.00000, 0.00387, -0.73999, -0.00000, 0.00000, -0.00000, -0.00000, 0.74000, 0.00000, 3.68769, 22.79554, 0.00000, 1.00000, },
				{ 0.52691, -0.51959, 0.00000, 0.00000, 0.51959, 0.52691, -0.00000, 0.00000, -0.00000, 0.00000, 0.74000, 0.00000, 11.03769, 22.68554, 0.00000, 1.00000, },
				{ -0.15931, 0.72265, -0.00000, 0.00000, -0.72265, -0.15931, -0.00000, 0.00000, -0.00000, -0.00000, 0.74000, 0.00000, 8.41769, 22.68554, 0.00000, 1.00000, },
				{ 0.70369, 0.22896, 0.00000, 0.00000, -0.22896, 0.70369, -0.00000, 0.00000, -0.00000, 0.00000, 0.74000, 0.00000, 9.73769, 22.68554, 0.00000, 1.00000, },
				{ 0.07350, 0.73634, -0.00000, 0.00000, -0.73634, 0.07350, -0.00000, 0.00000, -0.00000, 0.00000, 0.74000, 0.00000, 10.81769, 18.72554, 0.00000, 1.00000, },
				{ -0.73999, -0.00387, -0.00000, 0.00000, 0.00387, -0.73999, -0.00000, 0.00000, -0.00000, -0.00000, 0.74000, 0.00000, 10.83769, 19.79554, 0.00000, 1.00000, },
				{ -0.03486, -0.73918, -0.00000, 0.00000, 0.73918, -0.03486, -0.00000, 0.00000, -0.00000, -0.00000, 0.74000, 0.00000, 10.86769, 14.53554, 0.00000, 1.00000, },
				{ -0.73999, -0.00387, -0.00000, 0.00000, 0.00387, -0.73999, -0.00000, 0.00000, -0.00000, -0.00000, 0.74000, 0.00000, 10.83769, 16.88554, 0.00000, 1.00000, },
				{ -0.73999, -0.00387, -0.00000, 0.00000, 0.00387, -0.73999, -0.00000, 0.00000, -0.00000, -0.00000, 0.74000, 0.00000, 10.83769, 21.53554, 0.00000, 1.00000, },
				{ -0.73999, -0.00387, -0.00000, 0.00000, 0.00387, -0.73999, -0.00000, 0.00000, -0.00000, -0.00000, 0.74000, 0.00000, 10.83769, 13.28554, 0.00000, 1.00000, },
				{ 0.07350, 0.73634, -0.00000, 0.00000, -0.73634, 0.07350, -0.00000, 0.00000, -0.00000, 0.00000, 0.74000, 0.00000, 10.81769, 15.62554, 0.00000, 1.00000, },
				{ 0.07350, 0.73634, -0.00000, 0.00000, -0.73634, 0.07350, -0.00000, 0.00000, -0.00000, 0.00000, 0.74000, 0.00000, 10.81769, 20.27554, 0.00000, 1.00000, },
				{ -0.37558, -0.63761, 0.00000, 0.00000, 0.63761, -0.37558, -0.00000, 0.00000, 0.00000, -0.00000, 0.74000, 0.00000, 10.61769, 17.78554, 0.00000, 1.00000, },
				{ -0.37558, -0.63761, 0.00000, 0.00000, 0.63761, -0.37558, -0.00000, 0.00000, 0.00000, -0.00000, 0.74000, 0.00000, 10.61769, 22.43554, 0.00000, 1.00000, },
				{ 0.15259, 0.72410, 0.00000, 0.00000, -0.72410, 0.15259, -0.00000, 0.00000, -0.00000, 0.00000, 0.74000, 0.00000, 10.83769, 12.29554, 0.00000, 1.00000, },
				{ -0.15931, 0.72265, -0.00000, 0.00000, -0.72265, -0.15931, -0.00000, 0.00000, -0.00000, -0.00000, 0.74000, 0.00000, -9.63231, 19.68554, 0.00000, 1.00000, },
				{ 0.07350, 0.73634, -0.00000, 0.00000, -0.73634, 0.07350, -0.00000, 0.00000, -0.00000, 0.00000, 0.74000, 0.00000, -10.98231, 18.72554, 0.00000, 1.00000, },
				{ -0.73999, -0.00387, -0.00000, 0.00000, 0.00387, -0.73999, -0.00000, 0.00000, -0.00000, -0.00000, 0.74000, 0.00000, -10.96231, 19.79554, 0.00000, 1.00000, },
				{ 0.70369, 0.22896, 0.00000, 0.00000, -0.22896, 0.70369, -0.00000, 0.00000, -0.00000, 0.00000, 0.74000, 0.00000, -8.16231, 19.68554, 0.00000, 1.00000, },
				{ 0.52691, -0.51959, 0.00000, 0.00000, 0.51959, 0.52691, -0.00000, 0.00000, -0.00000, 0.00000, 0.74000, 0.00000, -6.66231, 19.68554, 0.00000, 1.00000, },
				{ -0.03486, -0.73918, -0.00000, 0.00000, 0.73918, -0.03486, -0.00000, 0.00000, -0.00000, -0.00000, 0.74000, 0.00000, -10.93231, 14.53554, 0.00000, 1.00000, },
				{ -0.73999, -0.00387, -0.00000, 0.00000, 0.00387, -0.73999, -0.00000, 0.00000, -0.00000, -0.00000, 0.74000, 0.00000, -10.96231, 16.88554, 0.00000, 1.00000, },
				{ -0.73999, -0.00387, -0.00000, 0.00000, 0.00387, -0.73999, -0.00000, 0.00000, -0.00000, -0.00000, 0.74000, 0.00000, -10.96231, 13.28554, 0.00000, 1.00000, },
				{ 0.07350, 0.73634, -0.00000, 0.00000, -0.73634, 0.07350, -0.00000, 0.00000, -0.00000, 0.00000, 0.74000, 0.00000, -10.98231, 15.62554, 0.00000, 1.00000, },
				{ -0.37558, -0.63761, 0.00000, 0.00000, 0.63761, -0.37558, -0.00000, 0.00000, 0.00000, -0.00000, 0.74000, 0.00000, -11.18231, 17.78554, 0.00000, 1.00000, },
				{ 0.15259, 0.72410, 0.00000, 0.00000, -0.72410, 0.15259, -0.00000, 0.00000, -0.00000, 0.00000, 0.74000, 0.00000, -10.96231, 12.29554, 0.00000, 1.00000, },
			},
		},
	},
	["layout_1"] = {
		models = {
			["asset/commercial/all_eras/era_a_com_wall.mdl"] = {
				{ 1.04362, -0.00000, 0.00000, 0.00000, 0.00000, 1.00000, -0.00000, 0.00000, -0.00000, 0.00000, 1.00000, 0.00000, -10.43499, 11.54104, 0.00000, 1.00000, },
				{ 0.00000, 1.00000, 0.00000, 0.00000, -1.00000, 0.00000, -0.00000, 0.00000, -0.00000, -0.00000, 1.00000, 0.00000, 11.85001, 4.50000, 0.00000, 1.00000, },
				{ 0.00000, 1.00000, 0.00000, 0.00000, -1.00000, 0.00000, -0.00000, 0.00000, -0.00000, -0.00000, 1.00000, 0.00000, 11.85001, 7.50000, 0.00000, 1.00000, },
				{ 0.00000, 1.00000, 0.00000, 0.00000, -1.00000, 0.00000, -0.00000, 0.00000, -0.00000, -0.00000, 1.00000, 0.00000, 11.85001, 10.50000, 0.00000, 1.00000, },
				{ 0.00000, 1.00000, 0.00000, 0.00000, -1.00000, 0.00000, -0.00000, 0.00000, -0.00000, -0.00000, 1.00000, 0.00000, 11.85000, 13.50000, 0.00000, 1.00000, },
				{ 0.00000, 1.00000, 0.00000, 0.00000, -1.00000, 0.00000, -0.00000, 0.00000, -0.00000, -0.00000, 1.00000, 0.00000, 11.85000, 16.50000, 0.00000, 1.00000, },
				{ 0.00000, 1.00000, 0.00000, 0.00000, -1.00000, 0.00000, -0.00000, 0.00000, -0.00000, -0.00000, 1.00000, 0.00000, 11.85000, 19.50000, 0.00000, 1.00000, },
				{ 0.00000, 1.00000, 0.00000, 0.00000, -1.00000, 0.00000, -0.00000, 0.00000, -0.00000, -0.00000, 1.00000, 0.00000, 11.85000, 22.50000, 0.00000, 1.00000, },
				{ 1.00000, -0.00000, 0.00000, 0.00000, 0.00000, 1.00000, -0.00000, 0.00000, -0.00000, 0.00000, 1.00000, 0.00000, 1.50000, 23.85000, 0.00000, 1.00000, },
				{ 1.00000, -0.00000, 0.00000, 0.00000, 0.00000, 1.00000, -0.00000, 0.00000, -0.00000, 0.00000, 1.00000, 0.00000, 4.50000, 23.85000, 0.00000, 1.00000, },
				{ 1.00000, -0.00000, 0.00000, 0.00000, 0.00000, 1.00000, -0.00000, 0.00000, -0.00000, 0.00000, 1.00000, 0.00000, 7.50000, 23.85000, 0.00000, 1.00000, },
				{ 0.89947, -0.00000, 0.00000, 0.00000, 0.00000, 1.00000, -0.00000, 0.00000, -0.00000, 0.00000, 1.00000, 0.00000, 10.35000, 23.85000, 0.00000, 1.00000, },
				{ 1.00000, -0.00000, 0.00000, 0.00000, 0.00000, 1.00000, -0.00000, 0.00000, -0.00000, 0.00000, 1.00000, 0.00000, -1.50000, 23.85000, 0.00000, 1.00000, },
				{ 1.00000, -0.00000, 0.00000, 0.00000, 0.00000, 1.00000, -0.00000, 0.00000, -0.00000, 0.00000, 1.00000, 0.00000, -4.50000, 23.85000, 0.00000, 1.00000, },
				{ 0.89947, -0.00000, 0.00000, 0.00000, 0.00000, 1.00000, -0.00000, 0.00000, -0.00000, 0.00000, 1.00000, 0.00000, -10.35000, 20.54104, 0.00000, 1.00000, },
				{ 1.07500, -0.00000, 0.00000, 0.00000, 0.00000, 1.00000, -0.00000, 0.00000, -0.00000, 0.00000, 1.00000, 0.00000, -7.39000, 20.54104, 0.00000, 1.00000, },
				{ 0.00000, 1.00000, 0.00000, 0.00000, -1.00000, 0.00000, -0.00000, 0.00000, -0.00000, -0.00000, 1.00000, 0.00000, -11.84999, 13.19104, 0.00000, 1.00000, },
				{ 0.00000, 1.00000, 0.00000, 0.00000, -1.00000, 0.00000, -0.00000, 0.00000, -0.00000, -0.00000, 1.00000, 0.00000, -11.84999, 16.19104, 0.00000, 1.00000, },
				{ 0.00000, 1.00000, 0.00000, 0.00000, -1.00000, 0.00000, -0.00000, 0.00000, -0.00000, -0.00000, 1.00000, 0.00000, -11.84999, 19.19104, 0.00000, 1.00000, },
			},
			["asset/commercial/era_a/com_1_ground_double_bench_a.mdl"] = {
				{ -0.00000, -1.00000, -0.00000, 0.00000, 1.00000, -0.00000, -0.00000, 0.00000, -0.00000, -0.00000, 1.00000, 0.00000, -9.52998, 5.09497, 0.00000, 1.00000, },
				{ -0.00000, -1.00000, -0.00000, 0.00000, 1.00000, -0.00000, -0.00000, 0.00000, -0.00000, -0.00000, 1.00000, 0.00000, -9.52998, 8.47497, 0.00000, 1.00000, },
			},
			["station/air/asset/fence_wood.mdl"] = {
				{ -0.00000, -1.19500, 0.00000, 0.00000, 1.00000, -0.00000, 0.00000, 0.00000, 0.00000, 0.00000, 1.00000, 0.00000, -5.89500, 22.19500, 0.00000, 1.00000, },
				{ 0.78935, 0.00000, 0.00000, 0.00000, 0.00000, 1.00000, 0.00000, 0.00000, 0.00000, 0.00000, 1.00000, 0.00000, 10.70500, 3.31500, 0.00000, 1.00000, },
			},
		},
		groups = {
			["era_a_com_1_asset_food_box.grp"] = {
				{ 0.08716, -0.99619, 0.00000, 0.00000, 0.99619, 0.08716, 0.00000, 0.00000, 0.00000, 0.00000, 1.00000, 0.00000, -9.66000, 21.33000, 0.00000, 1.00000, },
				{ -0.01047, -0.99995, 0.00000, 0.00000, 0.99995, -0.01047, 0.00000, 0.00000, 0.00000, 0.00000, 1.00000, 0.00000, -10.30000, 21.23000, 0.00000, 1.00000, },
				{ 0.08716, -0.99619, 0.00000, 0.00000, 0.99619, 0.08716, 0.00000, 0.00000, 0.00000, 0.00000, 1.00000, 0.00000, -9.58600, 21.40800, 0.47000, 1.00000, ignore = { 7, 50 }, },
				{ 0.25545, -0.96682, 0.00000, 0.00000, 0.96682, 0.25545, 0.00000, 0.00000, 0.00000, 0.00000, 1.00000, 0.00000, -10.30000, 21.20000, 0.47000, 1.00000, ignore = { 7, 50 }, },
				{ 0.89415, -0.44776, 0.00000, 0.00000, 0.44776, 0.89415, 0.00000, 0.00000, 0.00000, 0.00000, 1.00000, 0.00000, -11.23000, 21.41000, 0.00000, 1.00000, ignore = { 7, 50 }, },
			},
			["era_a_com_1_asset_ground_chair.grp"] = {
				{ 1.00000, -0.00018, 0.00000, 0.00000, 0.00018, 1.00000, 0.00000, 0.00000, 0.00000, 0.00000, 1.00000, 0.00000, -4.96177, 18.88004, 0.00000, 1.00000, seed = 25, ignore = { 6, 40 }, },
				{ 0.98354, -0.18070, 0.00000, 0.00000, 0.18070, 0.98354, 0.00000, 0.00000, 0.00000, 0.00000, 1.00000, 0.00000, -3.92193, 18.86170, 0.00000, 1.00000, seed = 25, ignore = { 6, 40 }, },
				{ -0.99379, -0.11129, -0.00000, 0.00000, 0.11129, -0.99379, 0.00000, 0.00000, -0.00000, 0.00000, 1.00000, 0.00000, -3.94927, 17.31194, 0.00000, 1.00000, seed = 25, ignore = { 6, 40 }, },
				{ -0.98416, 0.17726, -0.00000, 0.00000, -0.17726, -0.98416, 0.00000, 0.00000, -0.00000, 0.00000, 1.00000, 0.00000, -4.98946, 17.31028, 0.00000, 1.00000, seed = 25, ignore = { 6, 40 }, },
				{ 1.00000, -0.00018, 0.00000, 0.00000, 0.00018, 1.00000, 0.00000, 0.00000, 0.00000, 0.00000, 1.00000, 0.00000, -8.71177, 14.91004, 0.00000, 1.00000, seed = 25, ignore = { 6, 40 }, },
				{ 0.98354, -0.18070, 0.00000, 0.00000, 0.18070, 0.98354, 0.00000, 0.00000, 0.00000, 0.00000, 1.00000, 0.00000, -7.67193, 14.89170, 0.00000, 1.00000, seed = 25, ignore = { 6, 40 }, },
				{ -0.99379, -0.11129, -0.00000, 0.00000, 0.11129, -0.99379, 0.00000, 0.00000, -0.00000, 0.00000, 1.00000, 0.00000, -7.69927, 13.34194, 0.00000, 1.00000, seed = 25, ignore = { 6, 40 }, },
				{ -0.98416, 0.17726, -0.00000, 0.00000, -0.17726, -0.98416, 0.00000, 0.00000, -0.00000, 0.00000, 1.00000, 0.00000, -8.73946, 13.34028, 0.00000, 1.00000, seed = 25, ignore = { 6, 40 }, },
				{ 1.00000, -0.00018, 0.00000, 0.00000, 0.00018, 1.00000, 0.00000, 0.00000, 0.00000, 0.00000, 1.00000, 0.00000, -4.67177, 14.99004, 0.00000, 1.00000, seed = 25, ignore = { 6, 40 }, },
				{ 0.98354, -0.18070, 0.00000, 0.00000, 0.18070, 0.98354, 0.00000, 0.00000, 0.00000, 0.00000, 1.00000, 0.00000, -3.63193, 14.97170, 0.00000, 1.00000, seed = 25, ignore = { 6, 40 }, },
				{ -0.99379, -0.11129, -0.00000, 0.00000, 0.11129, -0.99379, 0.00000, 0.00000, -0.00000, 0.00000, 1.00000, 0.00000, -3.65927, 13.42194, 0.00000, 1.00000, seed = 25, ignore = { 6, 40 }, },
				{ -0.98416, 0.17726, -0.00000, 0.00000, -0.17726, -0.98416, 0.00000, 0.00000, -0.00000, 0.00000, 1.00000, 0.00000, -4.69946, 13.42028, 0.00000, 1.00000, seed = 25, ignore = { 6, 40 }, },
				{ 0.99961, -0.02810, 0.00000, 0.00000, 0.02810, 0.99961, 0.00000, 0.00000, 0.00000, 0.00000, 1.00000, 0.00000, -8.52893, 18.24552, 0.00000, 1.00000, seed = 25, ignore = { 6, 40 }, },
				{ 0.97811, -0.20809, 0.00000, 0.00000, 0.20809, 0.97811, 0.00000, 0.00000, 0.00000, 0.00000, 1.00000, 0.00000, -7.49001, 18.19816, 0.00000, 1.00000, seed = 25, ignore = { 6, 40 }, },
				{ -0.98484, -0.17347, -0.00000, 0.00000, 0.17347, -0.98484, 0.00000, 0.00000, -0.00000, 0.00000, 1.00000, 0.00000, -7.56061, 16.64976, 0.00000, 1.00000, seed = 25, ignore = { 6, 40 }, },
				{ -0.97883, 0.20468, -0.00000, 0.00000, -0.20468, -0.97883, 0.00000, 0.00000, -0.00000, 0.00000, 1.00000, 0.00000, -8.60044, 16.67715, 0.00000, 1.00000, seed = 25, ignore = { 6, 40 }, },
			},
			["era_a_com_1_asset_ground_sunshade.grp"] = {
				{ 0.97708, -0.21289, 0.00000, 0.00000, 0.21289, 0.97708, 0.00000, 0.00000, 0.00000, 0.00000, 1.00000, 0.00000, -4.39623, 18.05497, 0.00000, 1.00000, seed = 25, ignore = { 6, 40 }, },
				{ 0.97708, -0.21289, 0.00000, 0.00000, 0.21289, 0.97708, 0.00000, 0.00000, 0.00000, 0.00000, 1.00000, 0.00000, -8.14623, 14.08497, 0.00000, 1.00000, seed = 25, ignore = { 6, 40 }, },
				{ 0.97708, -0.21289, 0.00000, 0.00000, 0.21289, 0.97708, 0.00000, 0.00000, 0.00000, 0.00000, 1.00000, 0.00000, -4.10623, 14.16497, 0.00000, 1.00000, seed = 25, ignore = { 6, 40 }, },
				{ 0.55021, -0.83503, 0.00000, 0.00000, 0.83503, 0.55021, 0.00000, 0.00000, 0.00000, 0.00000, 1.00000, 0.00000, -7.98665, 17.40498, 0.00000, 1.00000, seed = 25, ignore = { 6, 40 }, },
			},
			["era_a_com_1_asset_ground_table.grp"] = {
				{ 0.99984, -0.01764, 0.00000, 0.00000, 0.01764, 0.99984, 0.00000, 0.00000, 0.00000, 0.00000, 1.00000, 0.00000, -4.39597, 18.07000, 0.00000, 1.00000, seed = 25, ignore = { 6, 40 }, },
				{ 0.99984, -0.01764, 0.00000, 0.00000, 0.01764, 0.99984, 0.00000, 0.00000, 0.00000, 0.00000, 1.00000, 0.00000, -8.14597, 14.10000, 0.00000, 1.00000, seed = 25, ignore = { 6, 40 }, },
				{ 0.99984, -0.01764, 0.00000, 0.00000, 0.01764, 0.99984, 0.00000, 0.00000, 0.00000, 0.00000, 1.00000, 0.00000, -4.10597, 14.18000, 0.00000, 1.00000, seed = 25, ignore = { 6, 40 }, },
