local townbuildingutil = require "townbuildingutil"

--Model file: "building/era_a/com_1_4x4_02.mdl"

--Begin Generated
local generatedData = {
	["base"] = {
		models = {
			["building/era_a/com_1_4x4_02.mdl"] = {
				{ 1.00000, 0.00000, 0.00000, 0.00000, 0.00000, 1.00000, 0.00000, 0.00000, 0.00000, 0.00000, 1.00000, 0.00000, 0.00000, 3.00000, 0.00000, 1.00000, },
			},
			["building/era_a/ind_1_1x1_02.mdl"] = {
				{ 1.00000, 0.00000, 0.00000, 0.00000, 0.00000, 1.00000, 0.00000, 0.00000, 0.00000, 0.00000, 1.00000, 0.00000, 12.74000, 24.74000, 0.00000, 1.00000, },
			},
		},
		curves = {
			["scaffold"] = {
				{ { 16.05786, 25.40952, 0.00000 }, { 16.05786, 25.40952, 0.00000 }, { 16.05786, 32.04417, 0.00000 }, { 16.05786, 32.04417, 0.00000 }, { 16.05786, 32.04417, 0.00000 }, { 9.41431, 32.04417, 0.00000 }, { 9.41431, 32.04417, 0.00000 }, { 9.41431, 32.04417, 0.00000 }, { 9.41431, 25.40952, 0.00000 }, { 9.41431, 25.40952, 0.00000 }, },
				{ { 5.93228, 4.74038, 0.00000 }, { 5.93228, 4.74038, 0.00000 }, { 5.93228, 6.56342, 0.00000 }, { 5.93228, 6.56342, 0.00000 }, { 5.93228, 6.56342, 0.00000 }, { 7.80069, 6.56342, 0.00000 }, { 7.80069, 6.56342, 0.00000 }, { 7.80069, 6.56342, 0.00000 }, { 7.80069, 11.58496, 0.00000 }, { 7.80069, 11.58496, 0.00000 }, { 7.80069, 11.58496, 0.00000 }, { 5.93228, 11.58496, 0.00000 }, { 5.93228, 11.58496, 0.00000 }, { 5.93228, 11.58496, 0.00000 }, { 5.93228, 15.44043, 0.00000 }, { 5.93228, 15.44043, 0.00000 }, { 5.93228, 15.44043, 0.00000 }, { -6.79816, 15.43308, 0.00000 }, { -6.79816, 15.43308, 0.00000 }, { -6.79816, 15.43307, 0.00000 }, { -6.80487, 4.74039, 0.00000 }, { -6.80487, 4.74038, 0.00000 }, },
			},
			["shared/asphalt_02.gtex.lua;shared/dirt.gtex.lua"] = {
				{ { 16.00000, 24.00000, 0.00000 }, { 16.00000, 24.00000, 0.00000 }, { 16.00000, 32.00000, 0.00000 }, { 16.00000, 32.00000, 0.00000 }, { 16.00000, 32.00000, -0.00000 }, { -7.17001, 32.00000, -0.00000 }, { -7.17001, 32.00000, -0.00000 }, { -7.17001, 31.99999, -0.00000 }, { -7.17001, 14.85895, -0.00000 }, { -7.17001, 14.85895, -0.00000 }, { -7.17001, 14.85895, -0.00000 }, { -3.59000, 14.85895, -0.00000 }, { -3.59000, 14.85895, -0.00000 }, { -3.59000, 14.85895, -0.00000 }, { -3.59000, 24.87500, -0.00000 }, { -3.59000, 24.87500, -0.00000 }, { -3.59000, 24.87500, -0.00000 }, { 5.33499, 24.87500, -0.00000 }, { 5.33499, 24.87500, -0.00000 }, { 5.33499, 24.87500, -0.00000 }, { 5.33499, 24.00000, -0.00000 }, { 5.33499, 24.00000, 0.00000 }, { 5.33499, 24.00000, 0.00000 }, { 16.00000, 24.00000, 0.00000 }, { 16.00000, 24.00000, 0.00000 }, },
				{ { 16.00000, 0.00000, -0.00000 }, { 16.00000, 0.00000, -0.00000 }, { 16.00000, 6.66342, -0.00000 }, { 16.00000, 6.66342, -0.00000 }, { 16.00000, 6.66342, -0.00000 }, { 7.38409, 6.66342, -0.00000 }, { 7.38409, 6.66342, -0.00000 }, { 7.38409, 6.66342, -0.00000 }, { 7.38409, 11.37967, -0.00000 }, { 7.38409, 11.37967, -0.00000 }, { 7.38409, 11.37967, -0.00000 }, { 5.33499, 11.37967, -0.00000 }, { 5.33499, 11.37967, -0.00000 }, { 5.33499, 11.37967, -0.00000 }, { 5.33499, 14.85895, -0.00000 }, { 5.33499, 14.85895, -0.00000 }, { 5.33499, 14.85895, -0.00000 }, { -7.17001, 14.85895, -0.00000 }, { -7.17001, 14.85895, -0.00000 }, { -7.17001, 14.85895, -0.00000 }, { -7.17001, 22.90000, -0.00000 }, { -7.17001, 22.90000, -0.00000 }, { -7.17001, 22.90000, -0.00000 }, { -16.00000, 22.90000, -0.00000 }, { -16.00000, 22.90000, -0.00000 }, { -16.00000, 22.89999, -0.00000 }, { -16.00000, 0.00000, -0.00000 }, { -16.00000, 0.00000, -0.00000 }, },
			},
			["shared/grass_cutted_01.gtex.lua"] = {
				{ { 16.00000, 6.66342, -0.00000 }, { 16.00000, 6.66342, -0.00000 }, { 16.00000, 11.37967, -0.00000 }, { 16.00000, 11.37967, -0.00000 }, { 16.00000, 11.37967, -0.00000 }, { 7.38409, 11.37967, -0.00000 }, { 7.38409, 11.37967, -0.00000 }, { 7.38409, 11.37967, -0.00000 }, { 7.38409, 6.66342, -0.00000 }, { 7.38409, 6.66342, -0.00000 }, },
			},
			["shared/gravel_03.gtex.lua;shared/dirt.gtex.lua"] = {
				{ { 5.33499, 14.85895, -0.00000 }, { 5.33499, 14.85895, -0.00000 }, { 5.33499, 24.87500, -0.00000 }, { 5.33499, 24.87500, -0.00000 }, { 5.33499, 24.87500, -0.00000 }, { -3.59000, 24.87500, -0.00000 }, { -3.59000, 24.87500, -0.00000 }, { -3.59000, 24.87500, -0.00000 }, { -3.59000, 14.85895, -0.00000 }, { -3.59000, 14.85895, -0.00000 }, },
				{ { -7.17001, 22.90000, -0.00000 }, { -7.17001, 22.90000, -0.00000 }, { -7.17001, 32.00000, -0.00000 }, { -7.17001, 32.00000, -0.00000 }, { -7.17001, 32.00000, -0.00000 }, { -16.00000, 32.00000, -0.00000 }, { -16.00000, 32.00000, -0.00000 }, { -16.00000, 32.00000, -0.00000 }, { -16.00000, 22.90000, -0.00000 }, { -16.00000, 22.90000, -0.00000 }, },
				{ { 16.00000, 11.37967, -0.00000 }, { 16.00000, 11.37967, -0.00000 }, { 16.00000, 24.00000, -0.00000 }, { 16.00000, 24.00000, 0.00000 }, { 16.00000, 24.00000, -0.00000 }, { 5.33499, 24.00000, -0.00000 }, { 5.33499, 24.00000, -0.00000 }, { 5.33499, 24.00000, -0.00000 }, { 5.33499, 11.37967, -0.00000 }, { 5.33499, 11.37967, -0.00000 }, },
			},
		},
	},
	["layout_1"] = {
		models = {
			["asset/commercial/all_eras/era_a_com_wall.mdl"] = {
				{ -1.00000, 0.00000, 0.00000, 0.00000, -0.00000, -1.00000, -0.00000, 0.00000, 0.00000, -0.00000, 1.00000, 0.00000, -7.65000, 5.57000, 0.00000, 1.00000, },
				{ -1.00000, 0.00000, 0.00000, 0.00000, -0.00000, -1.00000, -0.00000, 0.00000, 0.00000, -0.00000, 1.00000, 0.00000, 11.50000, 6.61000, 0.00000, 1.00000, },
				{ -1.00000, 0.00000, 0.00000, 0.00000, -0.00000, -1.00000, -0.00000, 0.00000, 0.00000, -0.00000, 1.00000, 0.00000, 14.50000, 6.61000, 0.00000, 1.00000, },
				{ -1.00000, 0.00000, 0.00000, 0.00000, -0.00000, -1.00000, -0.00000, 0.00000, 0.00000, -0.00000, 1.00000, 0.00000, 8.50000, 6.61000, 0.00000, 1.00000, },
				{ -1.00000, 0.00000, 0.00000, 0.00000, -0.00000, -1.00000, -0.00000, 0.00000, 0.00000, -0.00000, 1.00000, 0.00000, 5.50000, 6.61000, 0.00000, 1.00000, },
				{ 0.00000, 1.00000, 0.00000, 0.00000, -1.00000, 0.00000, -0.00000, 0.00000, -0.00000, -0.00000, 1.00000, 0.00000, -15.85001, 21.20000, 0.00000, 1.00000, },
				{ 0.00000, 1.00000, 0.00000, 0.00000, -1.00000, 0.00000, -0.00000, 0.00000, -0.00000, -0.00000, 1.00000, 0.00000, 15.84999, 21.20000, 0.00000, 1.00000, },
				{ 0.00000, 1.00000, 0.00000, 0.00000, -1.00000, 0.00000, -0.00000, 0.00000, -0.00000, -0.00000, 1.00000, 0.00000, -7.15000, 24.50000, 0.00000, 1.00000, },
				{ 0.00000, 1.00000, 0.00000, 0.00000, -1.00000, 0.00000, -0.00000, 0.00000, -0.00000, -0.00000, 1.00000, 0.00000, 15.84999, 24.20000, 0.00000, 1.00000, },
				{ 0.00000, 1.00000, 0.00000, 0.00000, -1.00000, 0.00000, -0.00000, 0.00000, -0.00000, -0.00000, 1.00000, 0.00000, -7.15000, 27.50000, 0.00000, 1.00000, },
				{ 0.00000, 1.00000, 0.00000, 0.00000, -1.00000, 0.00000, -0.00000, 0.00000, -0.00000, -0.00000, 1.00000, 0.00000, 15.84999, 27.20000, 0.00000, 1.00000, },
				{ 0.00000, 1.00000, 0.00000, 0.00000, -1.00000, 0.00000, -0.00000, 0.00000, -0.00000, -0.00000, 1.00000, 0.00000, -7.15000, 30.50000, 0.00000, 1.00000, },
				{ 0.00000, 1.00000, 0.00000, 0.00000, -1.00000, 0.00000, -0.00000, 0.00000, -0.00000, -0.00000, 1.00000, 0.00000, 15.84999, 30.20000, 0.00000, 1.00000, },
				{ 1.00000, -0.00000, 0.00000, 0.00000, 0.00000, 1.00000, -0.00000, 0.00000, -0.00000, 0.00000, 1.00000, 0.00000, -14.50001, 22.85000, 0.00000, 1.00000, },
				{ 1.00000, -0.00000, 0.00000, 0.00000, 0.00000, 1.00000, -0.00000, 0.00000, -0.00000, 0.00000, 1.00000, 0.00000, -11.50001, 22.85000, 0.00000, 1.00000, },
				{ 1.00000, -0.00000, 0.00000, 0.00000, 0.00000, 1.00000, -0.00000, 0.00000, -0.00000, 0.00000, 1.00000, 0.00000, -8.50000, 22.85000, 0.00000, 1.00000, },
				{ 1.00000, -0.00000, 0.00000, 0.00000, 0.00000, 1.00000, -0.00000, 0.00000, -0.00000, 0.00000, 1.00000, 0.00000, -5.50000, 31.85000, 0.00000, 1.00000, },
				{ 1.00000, -0.00000, 0.00000, 0.00000, 0.00000, 1.00000, -0.00000, 0.00000, -0.00000, 0.00000, 1.00000, 0.00000, -2.50000, 31.85000, 0.00000, 1.00000, },
				{ 1.00000, -0.00000, 0.00000, 0.00000, 0.00000, 1.00000, -0.00000, 0.00000, -0.00000, 0.00000, 1.00000, 0.00000, 0.50000, 31.85000, 0.00000, 1.00000, },
				{ 1.00000, -0.00000, 0.00000, 0.00000, 0.00000, 1.00000, -0.00000, 0.00000, -0.00000, 0.00000, 1.00000, 0.00000, 3.50000, 31.85000, 0.00000, 1.00000, },
				{ 1.00000, -0.00000, 0.00000, 0.00000, 0.00000, 1.00000, -0.00000, 0.00000, -0.00000, 0.00000, 1.00000, 0.00000, 6.50000, 31.85000, 0.00000, 1.00000, },
				{ 1.00000, -0.00000, 0.00000, 0.00000, 0.00000, 1.00000, -0.00000, 0.00000, -0.00000, 0.00000, 1.00000, 0.00000, 9.50000, 31.85000, 0.00000, 1.00000, },
				{ 1.66654, -0.00000, 0.00000, 0.00000, 0.00000, 1.00000, -0.00000, 0.00000, -0.00000, 0.00000, 1.00000, 0.00000, 13.50000, 31.85000, 0.00000, 1.00000, },
				{ 0.00000, 1.00000, 0.00000, 0.00000, -1.00000, 0.00000, -0.00000, 0.00000, -0.00000, -0.00000, 1.00000, 0.00000, -15.84998, 18.20000, 0.00000, 1.00000, },
				{ 0.00000, 1.00000, 0.00000, 0.00000, -1.00000, 0.00000, -0.00000, 0.00000, -0.00000, -0.00000, 1.00000, 0.00000, 15.85002, 18.20000, 0.00000, 1.00000, },
				{ 0.00000, 1.00000, 0.00000, 0.00000, -1.00000, 0.00000, -0.00000, 0.00000, -0.00000, -0.00000, 1.00000, 0.00000, -15.84998, 15.20000, 0.00000, 1.00000, },
				{ 0.00000, 1.00000, 0.00000, 0.00000, -1.00000, 0.00000, -0.00000, 0.00000, -0.00000, -0.00000, 1.00000, 0.00000, 15.85002, 15.20000, 0.00000, 1.00000, },
				{ 0.00000, 1.00000, 0.00000, 0.00000, -1.00000, 0.00000, -0.00000, 0.00000, -0.00000, -0.00000, 1.00000, 0.00000, 15.85004, 12.20000, 0.00000, 1.00000, },
				{ 0.00000, 1.31360, 0.00000, 0.00000, -1.00000, 0.00000, -0.00000, 0.00000, -0.00000, -0.00000, 1.00000, 0.00000, 15.85004, 8.72960, 0.00000, 1.00000, },
				{ 0.00000, 1.00000, 0.00000, 0.00000, -1.00000, 0.00000, -0.00000, 0.00000, -0.00000, -0.00000, 1.00000, 0.00000, -15.84998, 12.20000, 0.00000, 1.00000, },
				{ 0.00000, 1.00000, 0.00000, 0.00000, -1.00000, 0.00000, -0.00000, 0.00000, -0.00000, -0.00000, 1.00000, 0.00000, -15.84998, 9.20000, 0.00000, 1.00000, },
				{ 0.00000, 1.00000, 0.00000, 0.00000, -1.00000, 0.00000, -0.00000, 0.00000, -0.00000, -0.00000, 1.00000, 0.00000, -15.84998, 6.20000, 0.00000, 1.00000, },
				{ -0.00000, -0.75000, 0.00000, 0.00000, 1.00000, -0.00000, -0.00000, 0.00000, 0.00000, 0.00000, 1.00000, 0.00000, 14.10000, 1.12500, -0.00000, 1.00000, align = { 9.45100, 1.14900 }, },
				{ 1.00000, -0.00000, 0.00000, 0.00000, 0.00000, 1.00000, -0.00000, 0.00000, 0.00000, 0.00000, 1.00000, 0.00000, 9.45000, 2.10000, 0.00000, 1.00000, align = { 9.45100, 1.14900 }, },
				{ 1.00000, -0.00000, 0.00000, 0.00000, 0.00000, 1.00000, -0.00000, 0.00000, 0.00000, 0.00000, 1.00000, 0.00000, 12.45000, 2.10000, -0.00000, 1.00000, align = { 9.45100, 1.14900 }, },
				{ -0.00000, -0.75000, 0.00000, 0.00000, 1.00000, -0.00000, -0.00000, 0.00000, 0.00000, 0.00000, 1.00000, 0.00000, 7.80000, 1.12500, 0.00000, 1.00000, align = { 9.45100, 1.14900 }, },
				{ 1.00000, -0.00000, 0.00000, 0.00000, 0.00000, 1.00000, -0.00000, 0.00000, 0.00000, 0.00000, 1.00000, 0.00000, 9.45000, 0.15000, -0.00000, 1.00000, align = { 9.45100, 1.14900 }, },
				{ 1.00000, -0.00000, 0.00000, 0.00000, 0.00000, 1.00000, -0.00000, 0.00000, 0.00000, 0.00000, 1.00000, 0.00000, 12.45000, 0.15000, -0.00000, 1.00000, align = { 9.45100, 1.14900 }, },
			},
			["asset/commercial/era_a/waggonwheel_01.mdl"] = {
				{ 0.72897, 0.68455, -0.00000, 0.00000, -0.68455, 0.72897, 0.00000, 0.00000, 0.00000, -0.00000, 1.00000, 0.00000, 15.13739, 18.74481, 0.00000, 1.00000, },
				{ 0.52696, 0.84989, -0.00000, 0.00000, -0.84989, 0.52696, -0.00000, 0.00000, 0.00000, 0.00000, 1.00000, 0.00000, 14.89243, 18.17895, 0.00000, 1.00000, },
			},
			["asset/commercial/era_a/waggonwheel_02.mdl"] = {
				{ 0.52696, 0.84989, -0.00000, 0.00000, -0.84989, 0.52696, -0.00000, 0.00000, 0.00000, 0.00000, 1.00000, 0.00000, 14.60261, 17.71151, 0.00000, 1.00000, },
				{ 0.52696, 0.84989, -0.00000, 0.00000, -0.84989, 0.52696, -0.00000, 0.00000, 0.00000, 0.00000, 1.00000, 0.00000, 14.52761, 19.36151, 0.00000, 1.00000, },
				{ 0.52696, 0.84989, -0.00000, 0.00000, -0.84989, 0.52696, -0.00000, 0.00000, 0.00000, 0.00000, 1.00000, 0.00000, 14.08761, 18.50084, 0.00000, 1.00000, },
				{ 0.12748, 0.84989, 0.51130, 0.00000, -0.20561, 0.52696, -0.82465, 0.00000, -0.97030, 0.00000, 0.24192, 0.00000, -6.30739, 10.25084, 0.34200, 1.00000, },
				{ -0.17520, 0.43076, -0.66596, 0.00000, -0.13186, -0.68834, -0.41055, 0.00000, -0.78209, 0.01956, 0.21841, 0.00000, 15.64048, 19.30676, 0.29300, 1.00000, },
				{ 0.11225, 0.71616, 0.36642, 0.00000, -0.13374, 0.38143, -0.70454, 0.00000, -0.79326, 0.03703, 0.17063, 0.00000, 15.64048, 17.56676, 0.29300, 1.00000, },
			},
			["asset/industry/pallet_01.mdl"] = {
				{ 1.00000, 0.00000, 0.00000, 0.00000, 0.00000, 0.28903, -0.95732, 0.00000, 0.00000, 0.95732, 0.28903, 0.00000, -1.04800, 15.03100, 0.57000, 1.00000, },
				{ 1.00000, 0.00000, 0.00000, 0.00000, 0.00000, 1.00000, 0.00000, 0.00000, 0.00000, 0.00000, 1.00000, 0.00000, 0.21000, 15.47000, 0.00000, 1.00000, },
				{ 1.00000, 0.00000, 0.00000, 0.00000, 0.00000, 1.00000, 0.00000, 0.00000, 0.00000, 0.00000, 1.00000, 0.00000, 0.21000, 15.47000, 0.14400, 1.00000, },
				{ 0.99780, -0.06627, 0.00000, 0.00000, 0.06627, 0.99780, 0.00000, 0.00000, 0.00000, 0.00000, 1.00000, 0.00000, 0.21000, 15.47000, 0.28400, 1.00000, },
				{ 0.99756, 0.06976, 0.00000, 0.00000, -0.06976, 0.99756, 0.00000, 0.00000, 0.00000, 0.00000, 1.00000, 0.00000, 0.21000, 15.47000, 0.42400, 1.00000, },
				{ 0.93483, -0.35511, 0.00000, 0.00000, 0.35511, 0.93483, 0.00000, 0.00000, 0.00000, 0.00000, 1.00000, 0.00000, 0.30500, 23.11500, 0.00000, 1.00000, ignore = { 4, 50 }, },
			},
			["asset/industry/wooden_box_03.mdl"] = {
				{ -0.01396, -0.99990, -0.00000, 0.00000, 0.99990, -0.01396, 0.00000, 0.00000, -0.00000, 0.00000, 1.00000, 0.00000, 3.83000, 15.54000, 0.00000, 1.00000, },
				{ -0.01396, -0.99990, -0.00000, 0.00000, 0.99990, -0.01396, 0.00000, 0.00000, -0.00000, 0.00000, 1.00000, 0.00000, 1.89000, 15.54000, 0.00000, 1.00000, },
				{ -0.01396, -0.99990, -0.00000, 0.00000, 0.99990, -0.01396, 0.00000, 0.00000, -0.00000, 0.00000, 1.00000, 0.00000, 3.83000, 15.54000, 1.08000, 1.00000, ignore = { 2, 50 }, },
				{ -0.01396, -0.99990, -0.00000, 0.00000, 0.99990, -0.01396, 0.00000, 0.00000, -0.00000, 0.00000, 1.00000, 0.00000, 1.89000, 15.54000, 1.08000, 1.00000, ignore = { 2, 50 }, },
				{ -0.11147, -0.99377, -0.00000, 0.00000, 0.99377, -0.11147, 0.00000, 0.00000, -0.00000, 0.00000, 1.00000, 0.00000, 3.83000, 16.66000, 1.08000, 1.00000, ignore = { 2, 50 }, },
				{ 0.03839, -0.99926, 0.00000, 0.00000, 0.99926, 0.03839, 0.00000, 0.00000, -0.00000, -0.00000, 1.00000, 0.00000, 3.83000, 18.00000, 0.00000, 1.00000, ignore = { 2, 50 }, },
				{ -0.11147, -0.99377, -0.00000, 0.00000, 0.99377, -0.11147, 0.00000, 0.00000, -0.00000, 0.00000, 1.00000, 0.00000, 3.83000, 16.66000, 0.00000, 1.00000, },
				{ 0.06279, -0.99803, 0.00000, 0.00000, 0.99803, 0.06279, 0.00000, 0.00000, -0.00000, -0.00000, 1.00000, 0.00000, 1.89000, 16.66000, 0.00000, 1.00000, },
			},
			["asset/industry/wooden_box_04.mdl"] = {
				{ 1.00000, 0.00000, 0.00000, 0.00000, 0.00000, 1.00000, 0.00000, 0.00000, 0.00000, 0.00000, 1.00000, 0.00000, 3.94000, 29.83000, 0.00000, 1.00000, },
				{ 0.98927, 0.14608, 0.00000, 0.00000, -0.14608, 0.98927, 0.00000, 0.00000, 0.00000, 0.00000, 1.00000, 0.00000, 2.22000, 29.80000, 0.00000, 1.00000, },
				{ 1.00000, 0.00000, 0.00000, 0.00000, 0.00000, 1.00000, 0.00000, 0.00000, 0.00000, 0.00000, 1.00000, 0.00000, 3.94000, 27.67000, 0.00000, 1.00000, ignore = { 3, 50 }, },
				{ 0.99705, 0.07672, 0.00000, 0.00000, -0.07672, 0.99705, 0.00000, 0.00000, 0.00000, 0.00000, 1.00000, 0.00000, 5.74000, 29.83000, 0.00000, 1.00000, ignore = { 3, 50 }, },
				{ 0.99649, -0.08368, 0.00000, 0.00000, 0.08368, 0.99649, 0.00000, 0.00000, 0.00000, 0.00000, 1.00000, 0.00000, 2.06000, 27.64000, 0.00000, 1.00000, ignore = { 3, 50 }, },
			},
			["station/rail/asset/cargo_pallet_jack.mdl"] = {
				{ -0.25207, -0.96771, -0.00000, 0.00000, 0.96771, -0.25207, 0.00000, 0.00000, -0.00000, 0.00000, 1.00000, 0.00000, -0.80000, 16.39000, 0.00000, 1.00000, },
				{ -0.25207, -0.96771, -0.00000, 0.00000, 0.96771, -0.25207, 0.00000, 0.00000, -0.00000, 0.00000, 1.00000, 0.00000, 0.52000, 23.83000, 0.00000, 1.00000, ignore = { 4, 50 }, },
			},
			["street/street_asset_mix/trash_standing_a.mdl"] = {
				{ 1.00000, 0.00000, 0.00000, 0.00000, 0.00000, 1.00000, 0.00000, 0.00000, 0.00000, 0.00000, 1.00000, 0.00000, 6.49000, 8.45000, 0.00000, 1.00000, },
				{ 1.00000, 0.00000, 0.00000, 0.00000, 0.00000, 1.00000, 0.00000, 0.00000, 0.00000, 0.00000, 1.00000, 0.00000, 10.69000, 5.98000, 0.00000, 1.00000, },
			},
		},
		groups = {
			["era_a_barn_open.grp"] = {
				{ -0.00000, 0.57500, 0.00000, 0.00000, -0.57500, -0.00000, 0.00000, 0.00000, 0.00000, 0.00000, 0.57500, 0.00000, 1.40000, 28.60000, 0.00000, 1.00000, },
			},
			["era_a_barrel_wood.grp"] = {
				{ 0.91355, 0.40674, 0.00000, 0.00000, -0.40674, 0.91355, 0.00000, 0.00000, -0.00000, -0.00000, 1.00000, 0.00000, -0.03637, 29.16596, -0.00000, 1.00000, },
				{ -0.62413, -0.78132, 0.00000, 0.00000, 0.78132, -0.62413, 0.00000, 0.00000, 0.00000, 0.00000, 1.00000, 0.00000, -2.68637, 30.51596, -0.00000, 1.00000, },
				{ -0.00000, -1.00000, 0.00000, 0.00000, 1.00000, -0.00000, 0.00000, 0.00000, 0.00000, 0.00000, 1.00000, 0.00000, -4.03637, 30.51596, -0.00000, 1.00000, },
				{ -0.35785, -0.93378, 0.00000, 0.00000, 0.93378, -0.35785, 0.00000, 0.00000, 0.00000, 0.00000, 1.00000, 0.00000, -3.27637, 29.16596, -0.00000, 1.00000, },
				{ -0.66301, -0.74861, 0.00000, 0.00000, 0.74861, -0.66301, 0.00000, 0.00000, 0.00000, 0.00000, 1.00000, 0.00000, -1.38637, 30.51596, -0.00000, 1.00000, },
				{ 0.78498, -0.61953, 0.00000, 0.00000, 0.61953, 0.78498, 0.00000, 0.00000, 0.00000, 0.00000, 1.00000, 0.00000, -1.38637, 29.16596, -0.00000, 1.00000, },
				{ 0.93378, -0.35785, 0.00000, 0.00000, 0.35785, 0.93378, 0.00000, 0.00000, 0.00000, 0.00000, 1.00000, 0.00000, -4.63351, 29.18596, -0.00000, 1.00000, },
				{ -0.99869, -0.05115, 0.00000, 0.00000, 0.05115, -0.99869, 0.00000, 0.00000, 0.00000, 0.00000, 1.00000, 0.00000, 0.66363, 30.51596, -0.00000, 1.00000, },
				{ 0.93378, -0.35785, 0.00000, 0.00000, 0.35785, 0.93378, 0.00000, 0.00000, 0.00000, 0.00000, 1.00000, 0.00000, -3.97351, 27.60596, -0.00000, 1.00000, },
			},
			["era_a_com_1_asset_ad_sign.grp"] = {
				{ -0.00000, -1.00000, -0.00000, 0.00000, 1.00000, -0.00000, 0.00000, 0.00000, -0.00000, 0.00000, 1.00000, 0.00000, -5.88000, 9.92000, 2.06000, 1.00000, align = { 0.00000, 3.00000 }, seed = 491, },
			},
			["era_a_com_1_asset_horse_wall_sign_01.grp"] = {
				{ -0.00000, -1.00000, 0.00000, 0.00000, 1.00000, -0.00000, 0.00000, 0.00000, 0.00000, 0.00000, 1.00000, 0.00000, -6.21500, 11.39000, 3.65000, 1.00000, align = { 0.00000, 3.00000 }, seed = 491, },
			},
			["era_a_com_2_asset_horse_sign_01.grp"] = {
				{ 0.85615, 0.00000, 0.00000, 0.00000, 0.00000, 0.85615, 0.00000, 0.00000, 0.00000, 0.00000, 0.85615, 0.00000, -0.43145, 5.32000, 3.71232, 1.00000, align = { 0.00000, 3.00000 }, seed = 491, },
			},
			["era_a_com_2_asset_horse_wall_sign_01.grp"] = {
				{ 0.78000, -0.00000, 0.00000, 0.00000, 0.00000, 0.78000, 0.00000, 0.00000, 0.00000, 0.00000, 0.78000, 0.00000, -5.84000, 5.41000, 3.66000, 1.00000, align = { 0.00000, 3.00000 }, seed = 491, },
			},
			["era_a_com_2_asset_shop_awning_end.grp"] = {
				{ 0.90048, 0.00000, 0.00000, 0.00000, 0.00000, 1.00000, 0.00000, 0.00000, 0.00000, 0.00000, 1.00000, 0.00000, 3.70428, 5.32000, 3.08000, 1.00000, align = { 0.00000, 3.00000 }, seed = 491, },
			},
			["era_a_com_2_asset_shop_awning_repeat.grp"] = {
				{ 0.90048, 0.00000, 0.00000, 0.00000, 0.00000, 1.00000, 0.00000, 0.00000, 0.00000, 0.00000, 1.00000, 0.00000, -4.40000, 5.32000, 3.08000, 1.00000, align = { 0.00000, 3.00000 }, seed = 491, },
				{ 0.90048, 0.00000, 0.00000, 0.00000, 0.00000, 1.00000, 0.00000, 0.00000, 0.00000, 0.00000, 1.00000, 0.00000, -1.69858, 5.32000, 3.08000, 1.00000, align = { 0.00000, 3.00000 }, seed = 491, },
				{ 0.90048, 0.00000, 0.00000, 0.00000, 0.00000, 1.00000, 0.00000, 0.00000, 0.00000, 0.00000, 1.00000, 0.00000, 1.00285, 5.32000, 3.08000, 1.00000, align = { 0.00000, 3.00000 }, seed = 491, },
				{ 0.90048, 0.00000, 0.00000, 0.00000, 0.00000, 1.00000, 0.00000, 0.00000, 0.00000, 0.00000, 1.00000, 0.00000, 3.70428, 5.32000, 3.08000, 1.00000, align = { 0.00000, 3.00000 }, seed = 491, },
			},
			["era_a_com_2_asset_shop_awning_start.grp"] = {
				{ 0.90048, 0.00000, 0.00000, 0.00000, 0.00000, 1.00000, 0.00000, 0.00000, 0.00000, 0.00000, 1.00000, 0.00000, -4.40000, 5.32000, 3.08000, 1.00000, align = { 0.00000, 3.00000 }, seed = 491, },
			},
			["era_a_container.grp"] = {
				{ -0.99897, -0.04536, -0.00000, 0.00000, 0.04536, -0.99897, 0.00000, 0.00000, -0.00000, 0.00000, 1.00000, 0.00000, -11.11000, 23.92000, 0.00000, 1.00000, },
				{ -0.99897, 0.04536, -0.00000, 0.00000, -0.04536, -0.99897, 0.00000, 0.00000, -0.00000, 0.00000, 1.00000, 0.00000, -14.27000, 23.92000, 0.00000, 1.00000, },
			},
			["era_a_garden_bench.grp"] = {
				{ 1.00000, 0.00000, 0.00000, 0.00000, 0.00000, 1.00000, 0.00000, 0.00000, 0.00000, 0.00000, 1.00000, 0.00000, 12.50000, 6.01000, 0.00000, 1.00000, seed = 26, },
				{ 1.00000, 0.00000, 0.00000, 0.00000, 0.00000, 1.00000, 0.00000, 0.00000, 0.00000, 0.00000, 1.00000, 0.00000, 8.80000, 6.01000, 0.00000, 1.00000, seed = 26, },
			},
			["era_a_market_roof.grp"] = {
				{ -0.00000, -1.00000, 0.00000, 0.00000, 1.00000, -0.00000, 0.00000, 0.00000, 0.00000, 0.00000, 1.00000, 0.00000, 14.38748, 18.23176, 0.00000, 1.00000, },
				{ -0.00000, -1.00000, 0.00000, 0.00000, 1.00000, -0.00000, 0.00000, 0.00000, 0.00000, 0.00000, 1.00000, 0.00000, 14.38748, 14.89176, 0.00000, 1.00000, },
				{ -0.00000, -1.00000, 0.00000, 0.00000, 1.00000, -0.00000, 0.00000, 0.00000, 0.00000, 0.00000, 1.00000, 0.00000, 14.38748, 21.51176, 0.00000, 1.00000, },
			},
			["era_a_waggon_01.grp"] = {
				{ -0.36812, -0.92978, 0.00000, 0.00000, 0.92978, -0.36812, 0.00000, 0.00000, 0.00000, 0.00000, 1.00000, 0.00000, 13.74761, 14.85176, 0.00000, 1.00000, },
				{ 0.04536, 0.99897, 0.00000, 0.00000, -0.99897, 0.04536, 0.00000, 0.00000, 0.00000, -0.00000, 1.00000, 0.00000, -11.97168, 14.35000, 0.00000, 1.00000, },
				{ -0.03839, 0.99926, -0.00000, 0.00000, -0.99926, -0.03839, 0.00000, 0.00000, -0.00000, 0.00000, 1.00000, 0.00000, -11.97168, 11.65000, 0.00000, 1.00000, },
				{ -0.09063, 0.99588, 0.00000, 0.00000, -0.99588, -0.09063, 0.00000, 0.00000, 0.00000, 0.00000, 1.00000, 0.00000, -12.02168, 17.10000, 0.00000, 1.00000, },
				{ 0.34857, 0.93728, 0.00000, 0.00000, -0.93728, 0.34857, 0.00000, 0.00000, -0.00000, -0.00000, 1.00000, 0.00000, -12.17169, 19.45000, 0.00000, 1.00000, },
			},
			["era_a_wooden_box.grp"] = {
				{ -0.46947, -0.88295, 0.00000, 0.00000, 0.88295, -0.46947, 0.00000, 0.00000, 0.00000, 0.00000, 1.00000, 0.00000, 0.25501, 23.09716, 0.15000, 1.00000, seed = 256, ignore = { 4, 50 }, },
				{ 0.00349, -0.99999, -0.00000, 0.00000, 0.99999, 0.00349, 0.00000, 0.00000, -0.00000, -0.00000, 1.00000, 0.00000, -1.17528, 22.91428, 0.89113, 1.00000, seed = 256, ignore = { 4, 50 }, },
				{ 0.00349, -0.99999, -0.00000, 0.00000, 0.99999, 0.00349, 0.00000, 0.00000, -0.00000, -0.00000, 1.00000, 0.00000, -1.10671, 21.68948, 0.89113, 1.00000, seed = 256, ignore = { 4, 50 }, },
				{ 0.00349, -0.99999, -0.00000, 0.00000, 0.99999, 0.00349, 0.00000, 0.00000, -0.00000, -0.00000, 1.00000, 0.00000, -2.26156, 24.00080, 0.89113, 1.00000, seed = 256, ignore = { 4, 50 }, },
				{ 0.00349, -0.99999, -0.00000, 0.00000, 0.99999, 0.00349, 0.00000, 0.00000, -0.00000, -0.00000, 1.00000, 0.00000, -1.06478, 23.95739, 0.00000, 1.00000, seed = 256, ignore = { 4, 50 }, },
				{ 0.00349, -0.99999, -0.00000, 0.00000, 0.99999, 0.00349, 0.00000, 0.00000, -0.00000, -0.00000, 1.00000, 0.00000, -1.10781, 24.05045, 0.89113, 1.00000, seed = 256, ignore = { 4, 50 }, },
			},
			["era_a_wooden_box_on.grp"] = {
				{ 0.00349, -0.99999, -0.00000, 0.00000, 0.99999, 0.00349, 0.00000, 0.00000, -0.00000, -0.00000, 1.00000, 0.00000, -1.11999, 22.83216, 0.00000, 1.00000, seed = 256, },
				{ 0.00349, -0.99999, -0.00000, 0.00000, 0.99999, 0.00349, 0.00000, 0.00000, -0.00000, -0.00000, 1.00000, 0.00000, -2.33419, 22.94613, 0.89113, 1.00000, seed = 256, },
				{ -0.01396, -0.99990, -0.00000, 0.00000, 0.99990, -0.01396, 0.00000, 0.00000, -0.00000, 0.00000, 1.00000, 0.00000, -2.33000, 23.97000, 0.00000, 1.00000, seed = 256, },
				{ 0.00349, -0.99999, -0.00000, 0.00000, 0.99999, 0.00349, 0.00000, 0.00000, -0.00000, -0.00000, 1.00000, 0.00000, -2.27901, 21.77821, 0.89113, 1.00000, seed = 256, },
				{ 0.00349, -0.99999, -0.00000, 0.00000, 0.99999, 0.00349, 0.00000, 0.00000, -0.00000, -0.00000, 1.00000, 0.00000, -1.01601, 21.77225, 0.00000, 1.00000, seed = 256, },
				{ 0.00349, -0.99999, -0.00000, 0.00000, 0.99999, 0.00349, 0.00000, 0.00000, -0.00000, -0.00000, 1.00000, 0.00000, -2.26031, 21.85502, 0.00000, 1.00000, seed = 256, },
				{ 0.00349, -0.99999, -0.00000, 0.00000, 0.99999, 0.00349, 0.00000, 0.00000, -0.00000, -0.00000, 1.00000, 0.00000, -2.34786, 22.79119, 0.00000, 1.00000, seed = 256, },
				{ 0.89101, -0.45399, 0.00000, 0.00000, 0.45399, 0.89101, 0.00000, 0.00000, 0.00000, 0.00000, 1.00000, 0.00000, 6.79000, 15.52000, 0.00000, 1.00000, },
				{ -0.17365, -0.98481, -0.00000, 0.00000, 0.98481, -0.17365, 0.00000, 0.00000, -0.00000, 0.00000, 1.00000, 0.00000, 14.44000, 21.21000, 0.00000, 1.00000, },
				{ -0.01396, -0.99990, -0.00000, 0.00000, 0.99990, -0.01396, 0.00000, 0.00000, -0.00000, 0.00000, 1.00000, 0.00000, 7.45000, 30.35000, 0.00000, 1.00000, },
				{ 0.14608, -0.98927, 0.00000, 0.00000, 0.98927, 0.14608, 0.00000, 0.00000, 0.00000, 0.00000, 1.00000, 0.00000, 14.86000, 22.38000, 0.00000, 1.00000, },
				{ -0.01396, -0.99990, -0.00000, 0.00000, 0.99990, -0.01396, 0.00000, 0.00000, -0.00000, 0.00000, 1.00000, 0.00000, 6.86000, 12.77000, 0.00000, 1.00000, },
				{ -0.01396, -0.99990, -0.00000, 0.00000, 0.99990, -0.01396, 0.00000, 0.00000, -0.00000, 0.00000, 1.00000, 0.00000, 8.21000, 12.77000, 0.00000, 1.00000, },
				{ -0.17365, -0.98481, -0.00000, 0.00000, 0.98481, -0.17365, 0.00000, 0.00000, -0.00000, 0.00000, 1.00000, 0.00000, 8.36000, 14.05000, 0.00000, 1.00000, },
				{ 0.14608, -0.98927, 0.00000, 0.00000, 0.98927, 0.14608, 0.00000, 0.00000, 0.00000, 0.00000, 1.00000, 0.00000, 8.21000, 15.31000, 0.00000, 1.00000, },
				{ -0.01047, -0.99995, -0.00000, 0.00000, 0.99995, -0.01047, 0.00000, 0.00000, -0.00000, 0.00000, 1.00000, 0.00000, 7.01000, 14.05000, 0.00000, 1.00000, },
			},
			["random_medium_tree_town.grp"] = {
				{ 0.50569, -0.60694, 0.00000, 0.00000, 0.60694, 0.50569, 0.00000, 0.00000, 0.00000, 0.00000, 0.79000, 0.00000, 12.65000, 9.05000, 0.00000, 1.00000, },
			},
			["random_shrub_town.grp"] = {
				{ 0.63430, 0.38113, 0.00000, 0.00000, -0.38113, 0.63430, 0.00000, 0.00000, 0.00000, -0.00000, 0.74000, 0.00000, 10.01608, 0.91811, -0.00000, 1.00000, align = { 9.45100, 1.14900 }, },
				{ -0.73089, 0.11576, 0.00000, 0.00000, -0.11576, -0.73089, -0.00000, 0.00000, 0.00000, -0.00000, 0.74000, 0.00000, 13.05608, 1.07811, -0.00000, 1.00000, align = { 9.45100, 1.14900 }, },
				{ -0.71956, -0.17272, 0.00000, 0.00000, 0.17272, -0.71956, -0.00000, 0.00000, 0.00000, -0.00000, 0.74000, 0.00000, 8.65663, 1.11985, 0.00000, 1.00000, align = { 9.45100, 1.14900 }, },
				{ -0.41276, -0.61419, 0.00000, 0.00000, 0.61419, -0.41276, -0.00000, 0.00000, 0.00000, -0.00000, 0.74000, 0.00000, 11.69663, 1.11985, -0.00000, 1.00000, align = { 9.45100, 1.14900 }, },
			},
			["random_shrub_town_fence.grp"] = {
				{ 0.73634, -0.07350, 0.00000, 0.00000, 0.07350, 0.73634, -0.00000, 0.00000, -0.00000, 0.00000, 0.74000, 0.00000, 8.39000, 7.65380, 0.00000, 1.00000, },
				{ -0.07350, -0.73634, -0.00000, 0.00000, 0.73634, -0.07350, -0.00000, 0.00000, -0.00000, -0.00000, 0.74000, 0.00000, -7.99851, 31.37991, 0.00000, 1.00000, },
				{ -0.07350, -0.73634, -0.00000, 0.00000, 0.73634, -0.07350, -0.00000, 0.00000, -0.00000, -0.00000, 0.74000, 0.00000, -14.64851, 21.97991, 0.00000, 1.00000, },
				{ -0.07350, -0.73634, -0.00000, 0.00000, 0.73634, -0.07350, -0.00000, 0.00000, -0.00000, -0.00000, 0.74000, 0.00000, -14.64851, 12.97991, 0.00000, 1.00000, },
				{ 0.07350, 0.73634, 0.00000, 0.00000, -0.73634, 0.07350, -0.00000, 0.00000, -0.00000, -0.00000, 0.74000, 0.00000, 14.74275, 8.62105, 0.00000, 1.00000, },
				{ -0.00387, 0.73999, -0.00000, 0.00000, -0.73999, -0.00387, 0.00000, 0.00000, -0.00000, 0.00000, 0.74000, 0.00000, 9.98000, 7.53380, 0.00000, 1.00000, },
				{ 0.73999, 0.00387, 0.00000, 0.00000, -0.00387, 0.73999, 0.00000, 0.00000, -0.00000, -0.00000, 0.74000, 0.00000, -8.11851, 29.78991, 0.00000, 1.00000, },
				{ 0.73999, 0.00387, 0.00000, 0.00000, -0.00387, 0.73999, 0.00000, 0.00000, -0.00000, -0.00000, 0.74000, 0.00000, -14.76851, 20.38991, 0.00000, 1.00000, },
				{ 0.73999, 0.00387, 0.00000, 0.00000, -0.00387, 0.73999, 0.00000, 0.00000, -0.00000, -0.00000, 0.74000, 0.00000, -14.76851, 11.38991, 0.00000, 1.00000, },
				{ -0.00387, 0.73999, -0.00000, 0.00000, -0.73999, -0.00387, 0.00000, 0.00000, -0.00000, 0.00000, 0.74000, 0.00000, -8.55000, 6.34380, 0.00000, 1.00000, },
				{ -0.73999, -0.00387, -0.00000, 0.00000, 0.00387, -0.73999, 0.00000, 0.00000, -0.00000, 0.00000, 0.74000, 0.00000, 14.86275, 10.21105, 0.00000, 1.00000, },
				{ -0.69504, -0.25401, -0.00000, 0.00000, 0.25401, -0.69504, 0.00000, 0.00000, -0.00000, 0.00000, 0.74000, 0.00000, 11.14614, 7.50380, 0.00000, 1.00000, },
				{ -0.25401, 0.69504, -0.00000, 0.00000, -0.69504, -0.25401, 0.00000, 0.00000, -0.00000, 0.00000, 0.74000, 0.00000, -8.14851, 28.62377, 0.00000, 1.00000, },
				{ 0.69504, 0.25401, -0.00000, 0.00000, -0.25401, 0.69504, 0.00000, 0.00000, 0.00000, -0.00000, 0.74000, 0.00000, -8.22535, 21.75062, 0.00000, 1.00000, },
				{ -0.25401, 0.69504, -0.00000, 0.00000, -0.69504, -0.25401, 0.00000, 0.00000, -0.00000, 0.00000, 0.74000, 0.00000, -14.79851, 19.22378, 0.00000, 1.00000, },
				{ -0.25401, 0.69504, -0.00000, 0.00000, -0.69504, -0.25401, 0.00000, 0.00000, -0.00000, 0.00000, 0.74000, 0.00000, -14.79851, 10.22377, 0.00000, 1.00000, },
				{ -0.69504, -0.25401, -0.00000, 0.00000, 0.25401, -0.69504, 0.00000, 0.00000, -0.00000, 0.00000, 0.74000, 0.00000, -7.38386, 6.31380, 0.00000, 1.00000, },
				{ 0.25401, -0.69504, -0.00000, 0.00000, 0.69504, 0.25401, 0.00000, 0.00000, -0.00000, -0.00000, 0.74000, 0.00000, 14.89275, 11.37718, 0.00000, 1.00000, },
				{ -0.57056, 0.47123, -0.00000, 0.00000, -0.47123, -0.57056, 0.00000, 0.00000, -0.00000, 0.00000, 0.74000, 0.00000, 12.43606, 7.50380, 0.00000, 1.00000, },
				{ 0.47123, 0.57056, -0.00000, 0.00000, -0.57056, 0.47123, 0.00000, 0.00000, 0.00000, -0.00000, 0.74000, 0.00000, -8.14851, 27.33385, 0.00000, 1.00000, },
				{ 0.57056, -0.47123, -0.00000, 0.00000, 0.47123, 0.57056, -0.00000, 0.00000, 0.00000, -0.00000, 0.74000, 0.00000, -9.51528, 21.75062, 0.00000, 1.00000, },
				{ 0.47123, 0.57056, -0.00000, 0.00000, -0.57056, 0.47123, 0.00000, 0.00000, 0.00000, -0.00000, 0.74000, 0.00000, -14.79851, 17.93385, 0.00000, 1.00000, },
				{ 0.47123, 0.57056, -0.00000, 0.00000, -0.57056, 0.47123, 0.00000, 0.00000, 0.00000, -0.00000, 0.74000, 0.00000, -14.79851, 8.93385, 0.00000, 1.00000, },
				{ -0.47123, -0.57056, -0.00000, 0.00000, 0.57056, -0.47123, -0.00000, 0.00000, 0.00000, -0.00000, 0.74000, 0.00000, 14.89275, 12.66711, 0.00000, 1.00000, },
				{ -0.64494, 0.36284, -0.00000, 0.00000, -0.36284, -0.64494, 0.00000, 0.00000, -0.00000, 0.00000, 0.74000, 0.00000, 13.77429, 7.50380, 0.00000, 1.00000, },
				{ 0.36284, 0.64494, -0.00000, 0.00000, -0.64494, 0.36284, -0.00000, 0.00000, 0.00000, 0.00000, 0.74000, 0.00000, -8.14851, 25.99562, 0.00000, 1.00000, },
				{ 0.64494, -0.36284, -0.00000, 0.00000, 0.36284, 0.64494, 0.00000, 0.00000, 0.00000, -0.00000, 0.74000, 0.00000, -10.85351, 21.75062, 0.00000, 1.00000, },
				{ 0.36284, 0.64494, -0.00000, 0.00000, -0.64494, 0.36284, -0.00000, 0.00000, 0.00000, 0.00000, 0.74000, 0.00000, -14.79851, 16.59562, 0.00000, 1.00000, },
				{ 0.36284, 0.64494, -0.00000, 0.00000, -0.64494, 0.36284, -0.00000, 0.00000, 0.00000, 0.00000, 0.74000, 0.00000, -14.79851, 7.59562, 0.00000, 1.00000, },
				{ 0.33681, -0.65891, 0.00000, 0.00000, 0.65891, 0.33681, 0.00000, 0.00000, -0.00000, -0.00000, 0.74000, 0.00000, 14.96999, 7.50380, 0.00000, 1.00000, },
				{ -0.65891, -0.33681, 0.00000, 0.00000, 0.33681, -0.65891, 0.00000, 0.00000, 0.00000, 0.00000, 0.74000, 0.00000, -8.14851, 24.79992, 0.00000, 1.00000, },
				{ -0.33681, 0.65891, 0.00000, 0.00000, -0.65891, -0.33681, 0.00000, 0.00000, 0.00000, 0.00000, 0.74000, 0.00000, -12.04920, 21.75062, 0.00000, 1.00000, },
				{ -0.65891, -0.33681, 0.00000, 0.00000, 0.33681, -0.65891, 0.00000, 0.00000, 0.00000, 0.00000, 0.74000, 0.00000, -14.79851, 15.39992, 0.00000, 1.00000, },
				{ -0.65891, -0.33681, 0.00000, 0.00000, 0.33681, -0.65891, 0.00000, 0.00000, 0.00000, 0.00000, 0.74000, 0.00000, -14.79851, 6.39992, 0.00000, 1.00000, },
				{ -0.65891, -0.33681, 0.00000, 0.00000, 0.33681, -0.65891, 0.00000, 0.00000, 0.00000, 0.00000, 0.74000, 0.00000, -8.14851, 23.74992, 0.00000, 1.00000, },
				{ -0.33681, 0.65891, 0.00000, 0.00000, -0.65891, -0.33681, 0.00000, 0.00000, 0.00000, 0.00000, 0.74000, 0.00000, -13.09921, 21.75062, 0.00000, 1.00000, },
				{ -0.65891, -0.33681, 0.00000, 0.00000, 0.33681, -0.65891, 0.00000, 0.00000, 0.00000, 0.00000, 0.74000, 0.00000, -14.79851, 14.34992, 0.00000, 1.00000, },
				{ -0.65891, -0.33681, 0.00000, 0.00000, 0.33681, -0.65891, 0.00000, 0.00000, 0.00000, 0.00000, 0.74000, 0.00000, -14.79851, 5.34992, 0.00000, 1.00000, },
			},
		},
	},
}
--End Generated

function data()
	return townbuildingutil.make_building2(
		{ { -4.60, -0.10 }, { 4.60, -0.10 }, { 4.60, 9.10 }, { -4.60, 9.10 } },
		"COMMERCIAL", 
		"A", 
		1,
		{ 4, 4 },
		generatedData,
		"construction/building/era_a/com_1_4x4_02.gtex"
	)
end
