local townbuildingutil = require "townbuildingutil"

--Model file: "building/era_a/com_1_4x4_01.mdl"

--Begin Generated
local generatedData = {
	["base"] = {
		models = {
			["building/era_a/com_1_4x4_01.mdl"] = {
				{ 1.00000, 0.00000, 0.00000, 0.00000, 0.00000, 1.00000, 0.00000, 0.00000, 0.00000, 0.00000, 1.00000, 0.00000, 0.00000, 1.00000, 0.00000, 1.00000, },
			},
		},
		curves = {
			["scaffold"] = {
				{ { 5.19727, 3.72318, 0.00000 }, { 5.19727, 3.72319, 0.00000 }, { 5.19727, 10.55154, 0.00000 }, { 5.19727, 10.55154, 0.00000 }, { 5.19727, 10.55154, 0.00000 }, { 2.52527, 10.55154, 0.00000 }, { 2.52527, 10.55154, 0.00000 }, { 2.52527, 10.55154, 0.00000 }, { 2.52527, 11.63941, 0.00000 }, { 2.52527, 11.63941, 0.00000 }, { 2.52527, 11.63941, 0.00000 }, { -3.28964, 11.63941, 0.00000 }, { -3.28964, 11.63941, 0.00000 }, { -3.28964, 11.63941, 0.00000 }, { -3.28964, 13.49048, 0.00000 }, { -3.28964, 13.49048, 0.00000 }, { -3.28964, 13.49048, 0.00000 }, { -10.79556, 13.49048, 0.00000 }, { -10.79556, 13.49048, 0.00000 }, { -10.79556, 13.49047, 0.00000 }, { -10.79532, 3.72319, 0.00000 }, { -10.79532, 3.72318, 0.00000 }, },
			},
			["shared/asphalt_02.gtex.lua;shared/dirt.gtex.lua"] = {
				{ { -6.00000, 17.08267, 0.00000 }, { -6.00000, 17.08267, 0.00000 }, { -6.00000, 25.33390, 0.00000 }, { -6.00000, 25.33390, 0.00000 }, { -6.00000, 25.33390, 0.00000 }, { 2.04407, 25.33390, 0.00000 }, { 2.04407, 25.33390, 0.00000 }, { 2.04407, 25.33390, 0.00000 }, { 2.04407, 27.00000, 0.00000 }, { 2.04407, 27.00000, 0.00000 }, { 2.04407, 27.00000, 0.00000 }, { 3.00000, 27.00000, 0.00000 }, { 3.00000, 27.00000, 0.00000 }, { 3.00000, 27.00000, 0.00000 }, { 3.00000, 32.00000, 0.00000 }, { 3.00000, 32.00000, 0.00000 }, { 3.00000, 32.00000, 0.00000 }, { -8.27750, 32.00400, 0.00000 }, { -8.27750, 32.00400, 0.00000 }, { -8.27750, 32.00400, 0.00000 }, { -8.27750, 27.00000, 0.00000 }, { -8.27750, 27.00000, 0.00000 }, { -8.27750, 27.00000, 0.00000 }, { -10.39682, 26.99900, 0.00000 }, { -10.39682, 26.99900, 0.00000 }, { -10.39682, 26.99900, 0.00000 }, { -10.39682, 17.08267, 0.00000 }, { -10.39682, 17.08267, 0.00000 }, },
				{ { 6.00000, 9.00000, 0.00000 }, { 6.00000, 9.00000, 0.00000 }, { 6.00000, 26.99999, 0.00000 }, { 6.00000, 27.00000, 0.00000 }, { 6.00000, 27.00000, 0.00000 }, { 2.04407, 27.00000, 0.00000 }, { 2.04407, 27.00000, 0.00000 }, { 2.04407, 27.00000, 0.00000 }, { 2.04407, 17.08267, 0.00000 }, { 2.04407, 17.08267, 0.00000 }, { 2.04407, 17.08267, 0.00000 }, { -10.39682, 17.08267, 0.00000 }, { -10.39682, 17.08267, 0.00000 }, { -10.39682, 17.08267, 0.00000 }, { -10.39682, 13.10577, 0.00000 }, { -10.39682, 13.10577, 0.00000 }, { -10.39682, 13.10577, 0.00000 }, { -3.68784, 13.10577, 0.00000 }, { -3.68784, 13.10577, 0.00000 }, { -3.68784, 13.10577, 0.00000 }, { -3.68787, 11.46154, 0.00000 }, { -3.68787, 11.46154, 0.00000 }, { -3.68787, 11.46154, 0.00000 }, { 2.32471, 11.46155, 0.00000 }, { 2.32471, 11.46155, 0.00000 }, { 2.32471, 11.46155, 0.00000 }, { 2.32471, 10.18127, 0.00000 }, { 2.32471, 10.18127, 0.00000 }, { 2.32471, 10.18127, 0.00000 }, { 4.79590, 10.18127, 0.00000 }, { 4.79590, 10.18127, 0.00000 }, { 4.79590, 10.18127, 0.00000 }, { 4.79590, 9.00000, 0.00000 }, { 4.79590, 9.00000, 0.00000 }, },
				{ { 16.00000, -0.00100, 0.00000 }, { 16.00000, -0.00100, 0.00000 }, { 16.00000, 8.74900, 0.00000 }, { 16.00000, 8.74900, 0.00000 }, { 16.00000, 8.74900, 0.00000 }, { 12.00000, 8.75000, 0.00000 }, { 12.00000, 8.75000, 0.00000 }, { 12.00000, 8.75000, 0.00000 }, { 12.00000, 9.00000, 0.00000 }, { 12.00000, 9.00000, 0.00000 }, { 12.00000, 9.00000, 0.00000 }, { 4.79590, 9.00000, 0.00000 }, { 4.79590, 9.00000, 0.00000 }, { 4.79590, 9.00000, 0.00000 }, { 4.79590, 10.18127, 0.00000 }, { 4.79590, 10.18127, 0.00000 }, { 4.79590, 10.18127, 0.00000 }, { 2.32471, 10.18127, 0.00000 }, { 2.32471, 10.18127, 0.00000 }, { 2.32471, 10.18127, 0.00000 }, { 2.32471, 11.46155, 0.00000 }, { 2.32471, 11.46155, 0.00000 }, { 2.32471, 11.46155, 0.00000 }, { -3.68787, 11.46154, 0.00000 }, { -3.68787, 11.46154, 0.00000 }, { -3.68787, 11.46154, 0.00000 }, { -3.68784, 13.10577, 0.00000 }, { -3.68784, 13.10577, 0.00000 }, { -3.68784, 13.10577, 0.00000 }, { -10.39682, 13.10577, 0.00000 }, { -10.39682, 13.10577, 0.00000 }, { -10.39682, 13.10577, 0.00000 }, { -10.39682, 10.26000, 0.00000 }, { -10.39682, 10.26000, 0.00000 }, { -10.39682, 10.26000, 0.00000 }, { -16.00000, 10.26000, 0.00000 }, { -16.00000, 10.26000, 0.00000 }, { -16.00000, 10.26000, 0.00000 }, { -16.00000, 0.00000, 0.00000 }, { -16.00000, 0.00000, 0.00000 }, },
			},
			["shared/gravel_03.gtex.lua;shared/dirt.gtex.lua"] = {
				{ { -8.27750, 27.00000, 0.00000 }, { -8.27750, 27.00000, 0.00000 }, { -8.27750, 32.00400, 0.00000 }, { -8.27750, 32.00400, 0.00000 }, { -8.27750, 32.00400, 0.00000 }, { -16.00000, 32.00000, 0.00000 }, { -16.00000, 32.00000, 0.00000 }, { -16.00000, 32.00000, 0.00000 }, { -16.00000, 26.99900, 0.00000 }, { -16.00000, 26.99900, 0.00000 }, },
				{ { 16.00000, 8.74900, 0.00000 }, { 16.00000, 8.74900, 0.00000 }, { 16.00000, 31.99990, 0.00000 }, { 16.00000, 31.99991, 0.00000 }, { 16.00000, 31.99991, 0.00000 }, { 3.00000, 32.00000, 0.00000 }, { 3.00000, 32.00000, 0.00000 }, { 3.00000, 32.00000, 0.00000 }, { 3.00000, 27.00000, 0.00000 }, { 3.00000, 27.00000, 0.00000 }, { 3.00000, 27.00000, 0.00000 }, { 12.00000, 26.99900, 0.00000 }, { 12.00000, 26.99900, 0.00000 }, { 12.00000, 26.99900, 0.00000 }, { 12.00000, 8.75000, 0.00000 }, { 12.00000, 8.75000, 0.00000 }, },
				{ { 3.00000, 27.00000, 0.00000 }, { 3.00000, 27.00000, 0.00000 }, { 3.00000, 32.00000, 0.00000 }, { 3.00000, 32.00000, 0.00000 }, { 3.00000, 32.00000, 0.00000 }, { -8.27750, 32.00400, 0.00000 }, { -8.27750, 32.00400, 0.00000 }, { -8.27750, 32.00400, 0.00000 }, { -8.27750, 27.00000, 0.00000 }, { -8.27750, 27.00000, 0.00000 }, },
				{ { -10.39682, 10.26000, 0.00000 }, { -10.39682, 10.26000, 0.00000 }, { -10.39682, 26.99900, 0.00000 }, { -10.39682, 26.99900, 0.00000 }, { -10.39682, 26.99900, 0.00000 }, { -16.00000, 26.99900, 0.00000 }, { -16.00000, 26.99900, 0.00000 }, { -16.00000, 26.99900, 0.00000 }, { -16.00000, 10.26000, 0.00000 }, { -16.00000, 10.26000, 0.00000 }, },
				{ { 2.04407, 17.08267, 0.00000 }, { 2.04407, 17.08267, 0.00000 }, { 2.04407, 25.33390, 0.00000 }, { 2.04407, 25.33390, 0.00000 }, { 2.04407, 25.33390, 0.00000 }, { -6.00000, 25.33390, 0.00000 }, { -6.00000, 25.33390, 0.00000 }, { -6.00000, 25.33390, 0.00000 }, { -6.00000, 17.08267, 0.00000 }, { -6.00000, 17.08267, 0.00000 }, },
				{ { 12.00000, 9.00000, 0.00000 }, { 12.00000, 9.00000, 0.00000 }, { 12.00000, 26.99900, 0.00000 }, { 12.00000, 26.99900, 0.00000 }, { 12.00000, 26.99900, 0.00000 }, { 6.00000, 27.00000, 0.00000 }, { 6.00000, 27.00000, 0.00000 }, { 6.00000, 27.00000, 0.00000 }, { 6.00000, 9.00000, 0.00000 }, { 6.00000, 9.00000, 0.00000 }, },
			},
		},
	},
	["layout_1"] = {
		models = {
			["asset/commercial/all_eras/era_a_com_wall.mdl"] = {
				{ 0.00000, 1.00000, 0.00000, 0.00000, -1.00000, 0.00000, -0.00000, 0.00000, -0.00000, -0.00000, 1.00000, 0.00000, -15.85001, 22.49900, 0.00000, 1.00000, },
				{ 0.00000, 1.00000, 0.00000, 0.00000, -1.00000, 0.00000, -0.00000, 0.00000, -0.00000, -0.00000, 1.00000, 0.00000, -8.42751, 28.19900, 0.00000, 1.00000, },
				{ 0.00000, 0.77000, 0.00000, 0.00000, -1.00000, 0.00000, -0.00000, 0.00000, -0.00000, -0.00000, 1.00000, 0.00000, -8.42751, 30.84900, 0.00000, 1.00000, },
				{ 0.00000, 1.00000, 0.00000, 0.00000, -1.00000, 0.00000, -0.00000, 0.00000, -0.00000, -0.00000, 1.00000, 0.00000, -15.85001, 25.49900, 0.00000, 1.00000, },
				{ 0.00000, 1.00000, 0.00000, 0.00000, -1.00000, 0.00000, -0.00000, 0.00000, -0.00000, -0.00000, 1.00000, 0.00000, -15.85001, 16.49900, 0.00000, 1.00000, },
				{ 0.00000, 1.00000, 0.00000, 0.00000, -1.00000, 0.00000, -0.00000, 0.00000, -0.00000, -0.00000, 1.00000, 0.00000, -15.85001, 13.49900, 0.00000, 1.00000, },
				{ 0.00000, 1.00000, 0.00000, 0.00000, -1.00000, 0.00000, -0.00000, 0.00000, -0.00000, -0.00000, 1.00000, 0.00000, -15.85001, 19.49900, 0.00000, 1.00000, },
				{ 0.00000, 0.63245, 0.00000, 0.00000, -1.00000, 0.00000, -0.00000, 0.00000, -0.00000, -0.00000, 1.00000, 0.00000, -15.85000, 11.04900, 0.00000, 1.00000, },
				{ -1.00000, 0.00000, 0.00000, 0.00000, -0.00000, -1.00000, -0.00000, 0.00000, 0.00000, -0.00000, 1.00000, 0.00000, -14.20000, 10.25400, 0.00000, 1.00000, },
				{ -1.00000, 0.00000, 0.00000, 0.00000, -0.00000, -1.00000, -0.00000, 0.00000, 0.00000, -0.00000, 1.00000, 0.00000, -11.20000, 10.25400, 0.00000, 1.00000, },
				{ 0.00000, 1.00000, 0.00000, 0.00000, -1.00000, 0.00000, -0.00000, 0.00000, -0.00000, -0.00000, 1.00000, 0.00000, 11.84999, 22.49900, 0.00000, 1.00000, },
				{ 0.00000, 1.00000, 0.00000, 0.00000, -1.00000, 0.00000, -0.00000, 0.00000, -0.00000, -0.00000, 1.00000, 0.00000, 11.84999, 22.49900, 1.66500, 1.00000, },
				{ 0.00000, 1.00000, 0.00000, 0.00000, -1.00000, 0.00000, -0.00000, 0.00000, -0.00000, -0.00000, 1.00000, 0.00000, 15.84999, 22.49900, 0.00000, 1.00000, },
				{ 0.00000, 1.00000, 0.00000, 0.00000, -1.00000, 0.00000, -0.00000, 0.00000, -0.00000, -0.00000, 1.00000, 0.00000, 11.84999, 25.49900, 0.00000, 1.00000, },
				{ 0.00000, 1.00000, 0.00000, 0.00000, -1.00000, 0.00000, -0.00000, 0.00000, -0.00000, -0.00000, 1.00000, 0.00000, 11.84999, 25.49900, 1.66500, 1.00000, },
				{ 0.00000, 1.00000, 0.00000, 0.00000, -1.00000, 0.00000, -0.00000, 0.00000, -0.00000, -0.00000, 1.00000, 0.00000, 15.84999, 25.49900, 0.00000, 1.00000, },
				{ 0.00000, 1.00000, 0.00000, 0.00000, -1.00000, 0.00000, -0.00000, 0.00000, -0.00000, -0.00000, 1.00000, 0.00000, 15.84999, 28.49900, 0.00000, 1.00000, },
				{ 0.00000, 0.66727, 0.00000, 0.00000, -1.00000, 0.00000, -0.00000, 0.00000, -0.00000, -0.00000, 1.00000, 0.00000, 15.84999, 30.99900, 0.00000, 1.00000, },
				{ 0.00000, 1.00000, 0.00000, 0.00000, -1.00000, 0.00000, -0.00000, 0.00000, -0.00000, -0.00000, 1.00000, 0.00000, 11.84999, 16.49900, 0.00000, 1.00000, },
				{ 0.00000, 1.00000, 0.00000, 0.00000, -1.00000, 0.00000, -0.00000, 0.00000, -0.00000, -0.00000, 1.00000, 0.00000, 11.84999, 16.49900, 1.66500, 1.00000, },
				{ 0.00000, 1.00000, 0.00000, 0.00000, -1.00000, 0.00000, -0.00000, 0.00000, -0.00000, -0.00000, 1.00000, 0.00000, 15.84999, 16.49900, 0.00000, 1.00000, },
				{ 0.00000, 1.00000, 0.00000, 0.00000, -1.00000, 0.00000, -0.00000, 0.00000, -0.00000, -0.00000, 1.00000, 0.00000, 11.84999, 13.49900, 0.00000, 1.00000, },
				{ 0.00000, 1.00000, 0.00000, 0.00000, -1.00000, 0.00000, -0.00000, 0.00000, -0.00000, -0.00000, 1.00000, 0.00000, 11.84999, 13.49900, 1.66500, 1.00000, },
				{ 0.00000, 1.00000, 0.00000, 0.00000, -1.00000, 0.00000, -0.00000, 0.00000, -0.00000, -0.00000, 1.00000, 0.00000, 15.84999, 13.49900, 0.00000, 1.00000, },
				{ 0.00000, 1.00000, 0.00000, 0.00000, -1.00000, 0.00000, -0.00000, 0.00000, -0.00000, -0.00000, 1.00000, 0.00000, 11.84999, 19.49900, 0.00000, 1.00000, },
				{ 0.00000, 1.00000, 0.00000, 0.00000, -1.00000, 0.00000, -0.00000, 0.00000, -0.00000, -0.00000, 1.00000, 0.00000, 11.84999, 19.49900, 1.66500, 1.00000, },
				{ 0.00000, 1.00000, 0.00000, 0.00000, -1.00000, 0.00000, -0.00000, 0.00000, -0.00000, -0.00000, 1.00000, 0.00000, 15.84999, 19.49900, 0.00000, 1.00000, },
				{ 0.00000, 1.00000, 0.00000, 0.00000, -1.00000, 0.00000, -0.00000, 0.00000, -0.00000, -0.00000, 1.00000, 0.00000, 11.85000, 10.49900, 0.00000, 1.00000, },
				{ 0.00000, 1.00000, 0.00000, 0.00000, -1.00000, 0.00000, -0.00000, 0.00000, -0.00000, -0.00000, 1.00000, 0.00000, 11.85000, 10.49900, 1.66500, 1.00000, },
				{ 0.00000, 1.00000, 0.00000, 0.00000, -1.00000, 0.00000, -0.00000, 0.00000, -0.00000, -0.00000, 1.00000, 0.00000, 15.85000, 10.49900, 0.00000, 1.00000, },
				{ 1.00000, -0.00000, 0.00000, 0.00000, 0.00000, 1.00000, -0.00000, 0.00000, -0.00000, 0.00000, 1.00000, 0.00000, 10.20000, 9.14400, 0.00000, 1.00000, },
				{ 1.00000, -0.00000, 0.00000, 0.00000, 0.00000, 1.00000, -0.00000, 0.00000, -0.00000, 0.00000, 1.00000, 0.00000, 10.20000, 9.14400, 1.66500, 1.00000, },
				{ 1.32000, -0.00000, 0.00000, 0.00000, 0.00000, 1.00000, -0.00000, 0.00000, -0.00000, 0.00000, 1.00000, 0.00000, 6.71950, 9.14400, 0.00000, 1.00000, },
				{ 1.32000, -0.00000, 0.00000, 0.00000, 0.00000, 1.00000, -0.00000, 0.00000, -0.00000, 0.00000, 1.00000, 0.00000, 6.71950, 9.14400, 1.66500, 1.00000, },
				{ -1.00000, 0.00000, 0.00000, 0.00000, -0.00000, -1.00000, -0.00000, 0.00000, 0.00000, -0.00000, 1.00000, 0.00000, -10.07751, 26.84900, 0.00000, 1.00000, },
				{ -1.37500, 0.00000, 0.00000, 0.00000, -0.00000, -1.00000, -0.00000, 0.00000, 0.00000, -0.00000, 1.00000, 0.00000, -13.63751, 26.84900, 0.00000, 1.00000, },
				{ -1.00000, 0.00000, 0.00000, 0.00000, -0.00000, -1.00000, -0.00000, 0.00000, 0.00000, -0.00000, 1.00000, 0.00000, -6.77751, 31.85400, 0.00000, 1.00000, },
				{ -1.00000, 0.00000, 0.00000, 0.00000, -0.00000, -1.00000, -0.00000, 0.00000, 0.00000, -0.00000, 1.00000, 0.00000, -3.77750, 31.85400, 0.00000, 1.00000, },
				{ -1.00000, 0.00000, 0.00000, 0.00000, -0.00000, -1.00000, -0.00000, 0.00000, 0.00000, -0.00000, 1.00000, 0.00000, -0.77750, 31.85400, 0.00000, 1.00000, },
				{ -1.00000, 0.00000, 0.00000, 0.00000, -0.00000, -1.00000, -0.00000, 0.00000, 0.00000, -0.00000, 1.00000, 0.00000, 2.22250, 31.85400, 0.00000, 1.00000, },
				{ -1.00000, 0.00000, 0.00000, 0.00000, -0.00000, -1.00000, -0.00000, 0.00000, 0.00000, -0.00000, 1.00000, 0.00000, 5.22250, 31.85400, 0.00000, 1.00000, },
				{ -1.00000, 0.00000, 0.00000, 0.00000, -0.00000, -1.00000, -0.00000, 0.00000, 0.00000, -0.00000, 1.00000, 0.00000, 8.22250, 31.85400, 0.00000, 1.00000, },
				{ -1.00000, 0.00000, 0.00000, 0.00000, -0.00000, -1.00000, -0.00000, 0.00000, 0.00000, -0.00000, 1.00000, 0.00000, 11.22250, 31.85400, 0.00000, 1.00000, },
				{ -0.99500, 0.00000, 0.00000, 0.00000, -0.00000, -1.00000, -0.00000, 0.00000, 0.00000, -0.00000, 1.00000, 0.00000, 14.21250, 31.85400, 0.00000, 1.00000, },
				{ 0.00000, 0.75000, 0.00000, 0.00000, -1.00000, 0.00000, -0.00000, 0.00000, -0.00000, -0.00000, 1.00000, 0.00000, -15.85005, 1.12500, 0.00000, 1.00000, align = { -14.20105, 1.10100 }, },
				{ -1.00000, 0.00000, 0.00000, 0.00000, -0.00000, -1.00000, -0.00000, 0.00000, 0.00000, -0.00000, 1.00000, 0.00000, -14.20005, 0.15000, 0.00000, 1.00000, align = { -14.20105, 1.10100 }, },
				{ 0.00000, 0.75000, 0.00000, 0.00000, -1.00000, 0.00000, -0.00000, 0.00000, -0.00000, -0.00000, 1.00000, 0.00000, -12.54905, 1.12600, 0.00000, 1.00000, align = { -14.20105, 1.10100 }, },
				{ -1.00000, 0.00000, 0.00000, 0.00000, -0.00000, -1.00000, -0.00000, 0.00000, 0.00000, -0.00000, 1.00000, 0.00000, -14.20005, 2.10000, 0.00000, 1.00000, align = { -14.20105, 1.10100 }, },
				{ 0.00000, 0.75000, 0.00000, 0.00000, -1.00000, 0.00000, -0.00000, 0.00000, -0.00000, -0.00000, 1.00000, 0.00000, 8.54600, 1.12500, 0.00000, 1.00000, align = { 10.19500, 1.10100 }, },
				{ -1.00000, 0.00000, 0.00000, 0.00000, -0.00000, -1.00000, -0.00000, 0.00000, 0.00000, -0.00000, 1.00000, 0.00000, 10.19600, 0.15000, 0.00000, 1.00000, align = { 10.19500, 1.10100 }, },
				{ 0.00000, 0.75000, 0.00000, 0.00000, -1.00000, 0.00000, -0.00000, 0.00000, -0.00000, -0.00000, 1.00000, 0.00000, 11.84700, 1.12600, 0.00000, 1.00000, align = { 10.19500, 1.10100 }, },
				{ -1.00000, 0.00000, 0.00000, 0.00000, -0.00000, -1.00000, -0.00000, 0.00000, 0.00000, -0.00000, 1.00000, 0.00000, 10.19600, 2.10000, 0.00000, 1.00000, align = { 10.19500, 1.10100 }, },
			},
			["station/rail/asset/era_a_street_pillar.mdl"] = {
				{ 1.00000, 0.00000, 0.00000, 0.00000, -0.00000, 1.00000, -0.00000, 0.00000, 0.00000, 0.00000, 1.00000, 0.00000, -11.15001, 0.26000, -0.00000, 1.00000, },
				{ 1.00000, 0.00000, 0.00000, 0.00000, -0.00000, 1.00000, -0.00000, 0.00000, 0.00000, 0.00000, 1.00000, 0.00000, -9.15001, 0.26000, -0.00000, 1.00000, },
				{ 1.00000, 0.00000, 0.00000, 0.00000, -0.00000, 1.00000, -0.00000, 0.00000, 0.00000, 0.00000, 1.00000, 0.00000, -7.15001, 0.26000, -0.00000, 1.00000, },
				{ 1.00000, 0.00000, 0.00000, 0.00000, -0.00000, 1.00000, -0.00000, 0.00000, 0.00000, 0.00000, 1.00000, 0.00000, -5.15001, 0.26000, -0.00000, 1.00000, },
				{ 1.00000, 0.00000, 0.00000, 0.00000, -0.00000, 1.00000, -0.00000, 0.00000, 0.00000, 0.00000, 1.00000, 0.00000, -1.15001, 0.26000, -0.00000, 1.00000, },
				{ 1.00000, 0.00000, 0.00000, 0.00000, -0.00000, 1.00000, -0.00000, 0.00000, 0.00000, 0.00000, 1.00000, 0.00000, 0.84999, 0.26000, -0.00000, 1.00000, },
				{ 1.00000, 0.00000, 0.00000, 0.00000, -0.00000, 1.00000, -0.00000, 0.00000, 0.00000, 0.00000, 1.00000, 0.00000, 2.84999, 0.26000, -0.00000, 1.00000, },
				{ 1.00000, 0.00000, 0.00000, 0.00000, -0.00000, 1.00000, -0.00000, 0.00000, 0.00000, 0.00000, 1.00000, 0.00000, 4.84999, 0.26000, -0.00000, 1.00000, },
				{ 1.00000, 0.00000, 0.00000, 0.00000, -0.00000, 1.00000, -0.00000, 0.00000, 0.00000, 0.00000, 1.00000, 0.00000, 6.84999, 0.26000, -0.00000, 1.00000, },
				{ 1.00000, 0.00000, 0.00000, 0.00000, -0.00000, 1.00000, -0.00000, 0.00000, 0.00000, 0.00000, 1.00000, 0.00000, -3.15001, 0.26000, -0.00000, 1.00000, },
			},
			["street/street_asset_mix/trash_standing_a.mdl"] = {
				{ 1.00000, 0.00000, 0.00000, 0.00000, 0.00000, 1.00000, 0.00000, 0.00000, 0.00000, 0.00000, 1.00000, 0.00000, -3.78000, 13.82000, 0.00000, 1.00000, },
				{ 1.00000, 0.00000, 0.00000, 0.00000, 0.00000, 1.00000, 0.00000, 0.00000, 0.00000, 0.00000, 1.00000, 0.00000, -2.42000, 5.56000, 0.00000, 1.00000, },
				{ 1.00000, 0.00000, 0.00000, 0.00000, 0.00000, 1.00000, 0.00000, 0.00000, 0.00000, 0.00000, 1.00000, 0.00000, 5.27000, 7.58000, 0.00000, 1.00000, },
			},
		},
		groups = {
			["era_a_barn_open.grp"] = {
				{ 0.68000, 0.00000, 0.00000, 0.00000, 0.00000, 0.68000, 0.00000, 0.00000, 0.00000, 0.00000, 0.68000, 0.00000, 7.80000, 18.65000, 0.00000, 1.00000, },
			},
			["era_a_barrel_wood.grp"] = {
				{ 0.93378, -0.35785, 0.00000, 0.00000, 0.35785, 0.93378, 0.00000, 0.00000, 0.00000, 0.00000, 1.00000, 0.00000, -2.68351, 13.75596, -0.00000, 1.00000, },
				{ 0.93378, -0.35785, 0.00000, 0.00000, 0.35785, 0.93378, 0.00000, 0.00000, 0.00000, 0.00000, 1.00000, 0.00000, -1.28351, 12.27596, -0.00000, 1.00000, },
				{ 0.63787, 0.57032, -0.51755, 0.00000, 0.38582, 0.34497, 0.85565, 0.00000, 0.66653, -0.74548, 0.00000, 0.00000, -1.10351, 13.91596, 0.54000, 1.00000, },
				{ 0.93378, -0.35785, 0.00000, 0.00000, 0.35785, 0.93378, 0.00000, 0.00000, 0.00000, 0.00000, 1.00000, 0.00000, -2.68351, 12.27596, -0.00000, 1.00000, },
			},
			["era_a_com_1_asset_ad_sign.grp"] = {
				{ 1.00000, 0.00000, 0.00000, 0.00000, 0.00000, 1.00000, 0.00000, 0.00000, 0.00000, 0.00000, 1.00000, 0.00000, 9.76000, 9.00500, 1.21500, 1.00000, },
				{ -0.00000, 1.00000, 0.00000, 0.00000, -1.00000, -0.00000, 0.00000, 0.00000, 0.00000, 0.00000, 1.00000, 0.00000, 11.99000, 17.99500, 1.21500, 1.00000, },
			},
			["era_a_com_1_asset_ad_sign_big.grp"] = {
				{ -0.00000, -0.75923, 0.00000, 0.00000, 0.75923, -0.00000, 0.00000, 0.00000, 0.00000, 0.00000, 0.75923, 0.00000, -10.39000, 11.61000, 2.14000, 1.00000, },
			},
			["era_a_com_1_asset_food_ad_01.grp"] = {
				{ -0.32557, -0.94552, 0.00000, 0.00000, 0.94552, -0.32557, 0.00000, 0.00000, 0.00000, 0.00000, 1.00000, 0.00000, -6.30000, 13.58159, 0.00000, 1.00000, align = { -5.89000, 11.15000 }, seed = 18, },
			},
			["era_a_com_1_asset_food_booth_03.grp"] = {
				{ -0.00000, -1.00000, 0.00000, 0.00000, 1.00000, -0.00000, 0.00000, 0.00000, 0.00000, 0.00000, 1.00000, 0.00000, -5.89000, 5.69000, 0.00000, 1.00000, align = { -5.89000, 6.69000 }, seed = 141, },
				{ -0.00000, -1.00000, 0.00000, 0.00000, 1.00000, -0.00000, 0.00000, 0.00000, 0.00000, 0.00000, 1.00000, 0.00000, -5.89000, 10.15000, 0.00000, 1.00000, align = { -5.89000, 11.15000 }, seed = 18, },
				{ -1.00000, 0.00000, 0.00000, 0.00000, -0.00000, -1.00000, 0.00000, 0.00000, 0.00000, 0.00000, 1.00000, 0.00000, -9.59000, 13.21000, 0.00000, 1.00000, align = { -8.59000, 13.21000 }, seed = 18, },
			},
			["era_a_com_1_asset_food_booth_04.grp"] = {
				{ -0.00000, -1.00000, 0.00000, 0.00000, 1.00000, -0.00000, 0.00000, 0.00000, 0.00000, 0.00000, 1.00000, 0.00000, -5.89000, 6.69000, 0.00000, 1.00000, align = { -5.89000, 6.69000 }, seed = 141, },
				{ -0.00000, -1.00000, 0.00000, 0.00000, 1.00000, -0.00000, 0.00000, 0.00000, 0.00000, 0.00000, 1.00000, 0.00000, -5.89000, 11.15000, 0.00000, 1.00000, align = { -5.89000, 11.15000 }, seed = 18, },
				{ -1.00000, 0.00000, 0.00000, 0.00000, -0.00000, -1.00000, 0.00000, 0.00000, 0.00000, 0.00000, 1.00000, 0.00000, -8.59000, 13.21000, 0.00000, 1.00000, align = { -8.59000, 13.21000 }, seed = 18, },
			},
			["era_a_com_1_asset_food_booth_05.grp"] = {
				{ -0.00000, -1.00000, 0.00000, 0.00000, 1.00000, -0.00000, 0.00000, 0.00000, 0.00000, 0.00000, 1.00000, 0.00000, -5.89000, 7.69000, 0.00000, 1.00000, align = { -5.89000, 6.69000 }, seed = 141, },
				{ -0.00000, -1.00000, 0.00000, 0.00000, 1.00000, -0.00000, 0.00000, 0.00000, 0.00000, 0.00000, 1.00000, 0.00000, -5.89000, 12.15000, 0.00000, 1.00000, align = { -5.89000, 11.15000 }, seed = 18, },
				{ -1.00000, 0.00000, 0.00000, 0.00000, -0.00000, -1.00000, 0.00000, 0.00000, 0.00000, 0.00000, 1.00000, 0.00000, -7.59000, 13.21000, 0.00000, 1.00000, align = { -8.59000, 13.21000 }, seed = 18, },
			},
			["era_a_com_1_asset_food_booth_end.grp"] = {
				{ -0.00000, -1.00000, 0.00000, 0.00000, 1.00000, -0.00000, 0.00000, 0.00000, 0.00000, 0.00000, 1.00000, 0.00000, -5.89000, 5.69000, 0.00000, 1.00000, align = { -5.89000, 6.69000 }, seed = 141, },
				{ -0.00000, -1.00000, 0.00000, 0.00000, 1.00000, -0.00000, 0.00000, 0.00000, 0.00000, 0.00000, 1.00000, 0.00000, -5.89000, 10.15000, 0.00000, 1.00000, align = { -5.89000, 11.15000 }, seed = 18, },
				{ -1.00000, 0.00000, 0.00000, 0.00000, -0.00000, -1.00000, 0.00000, 0.00000, 0.00000, 0.00000, 1.00000, 0.00000, -9.59000, 13.21000, 0.00000, 1.00000, align = { -8.59000, 13.21000 }, seed = 18, },
			},
			["era_a_com_1_asset_food_booth_m_01.grp"] = {
				{ -0.00000, 1.00000, 0.00000, 0.00000, -1.00000, -0.00000, 0.00000, 0.00000, 0.00000, 0.00000, 1.00000, 0.00000, -11.58900, 14.48165, 0.77400, 1.00000, align = { -12.35000, 15.38165 }, seed = 421, },
				{ 0.02094, 0.99978, 0.00000, 0.00000, -0.99978, 0.02094, 0.00000, 0.00000, 0.00000, 0.00000, 1.00000, 0.00000, -11.56801, 18.85591, 0.77400, 1.00000, align = { -12.31000, 19.77165 }, seed = 421, },
				{ 0.99939, 0.03490, 0.00000, 0.00000, -0.03490, 0.99939, 0.00000, 0.00000, -0.00000, -0.00000, 1.00000, 0.00000, -5.15289, 18.05970, 0.77400, 1.00000, align = { -4.28000, 18.85165 }, seed = 421, },
				{ 0.07324, -0.99731, 0.00000, 0.00000, 0.99731, 0.07324, 0.00000, 0.00000, 0.00000, 0.00000, 1.00000, 0.00000, 8.89513, 21.49349, 0.77400, 1.00000, align = { 9.72000, 20.65165 }, seed = 421, },
				{ 0.07324, -0.99731, 0.00000, 0.00000, 0.99731, 0.07324, 0.00000, 0.00000, 0.00000, 0.00000, 1.00000, 0.00000, 8.89513, 13.39349, 0.77400, 1.00000, align = { 9.72000, 12.55165 }, seed = 421, },
				{ 1.00000, 0.00000, 0.00000, 0.00000, -0.00000, 1.00000, 0.00000, 0.00000, 0.00000, 0.00000, 1.00000, 0.00000, -4.55000, 28.53065, 0.77400, 1.00000, align = { -3.65000, 29.29165 }, seed = 421, },
				{ -0.99985, -0.01745, 0.00000, 0.00000, 0.01745, -0.99985, 0.00000, 0.00000, -0.00000, 0.00000, 1.00000, 0.00000, 1.33658, 24.32824, 0.77400, 1.00000, align = { 0.45000, 23.55165 }, seed = 421, },
			},
			["era_a_com_1_asset_food_booth_m_02.grp"] = {
				{ -0.04536, -0.99897, -0.00000, 0.00000, 0.99897, -0.04536, -0.00000, 0.00000, -0.00000, -0.00000, 1.00000, 0.00000, 8.84409, 16.73298, 0.77400, 1.00000, align = { 9.61000, 16.69165 }, seed = 123, },
				{ -0.05234, -0.99863, 0.00000, 0.00000, 0.99863, -0.05234, 0.00000, 0.00000, 0.00000, 0.00000, 1.00000, 0.00000, 8.64439, 24.97833, 0.77400, 1.00000, align = { 9.41000, 24.93164 }, seed = 123, },
				{ -0.99978, 0.02094, 0.00000, 0.00000, -0.02094, -0.99978, 0.00000, 0.00000, 0.00000, 0.00000, 1.00000, 0.00000, -4.13739, 24.35834, 0.77400, 1.00000, align = { -4.16000, 23.59164 }, seed = 123, },
				{ 1.00000, 0.00175, 0.00000, 0.00000, -0.00175, 1.00000, 0.00000, 0.00000, 0.00000, 0.00000, 1.00000, 0.00000, 0.43479, 18.10464, 0.77400, 1.00000, align = { 0.44000, 18.87165 }, seed = 123, },
				{ 0.99951, -0.03141, 0.00000, 0.00000, 0.03141, 0.99951, 0.00000, 0.00000, 0.00000, 0.00000, 1.00000, 0.00000, 0.26936, 28.45523, 0.77400, 1.00000, align = { 0.30000, 29.22165 }, seed = 123, },
				{ 0.09758, 0.99523, 0.00000, 0.00000, -0.99523, 0.09758, 0.00000, 0.00000, 0.00000, 0.00000, 1.00000, 0.00000, -11.38730, 23.77028, 0.77400, 1.00000, align = { -12.15000, 23.85164 }, seed = 123, },
			},
			["era_a_com_1_asset_food_booth_m_03.grp"] = {
				{ -0.00000, 1.00000, 0.00000, 0.00000, -1.00000, -0.00000, 0.00000, 0.00000, 0.00000, 0.00000, 1.00000, 0.00000, -11.58900, 16.00855, 0.77400, 1.00000, align = { -12.35000, 15.38165 }, seed = 421, },
				{ 0.02094, 0.99978, 0.00000, 0.00000, -0.99978, 0.02094, 0.00000, 0.00000, 0.00000, 0.00000, 1.00000, 0.00000, -11.53604, 20.38247, 0.77400, 1.00000, align = { -12.31000, 19.77165 }, seed = 421, },
				{ 0.99939, 0.03490, 0.00000, 0.00000, -0.03490, 0.99939, 0.00000, 0.00000, -0.00000, -0.00000, 1.00000, 0.00000, -3.62692, 18.11299, 0.77400, 1.00000, align = { -4.28000, 18.85165 }, seed = 421, },
				{ 0.07324, -0.99731, 0.00000, 0.00000, 0.99731, 0.07324, 0.00000, 0.00000, 0.00000, 0.00000, 1.00000, 0.00000, 9.00696, 19.97069, 0.77400, 1.00000, align = { 9.72000, 20.65165 }, seed = 421, },
				{ 0.07324, -0.99731, 0.00000, 0.00000, 0.99731, 0.07324, 0.00000, 0.00000, 0.00000, 0.00000, 1.00000, 0.00000, 9.00696, 11.87070, 0.77400, 1.00000, align = { 9.72000, 12.55165 }, seed = 421, },
				{ 1.00000, 0.00000, 0.00000, 0.00000, -0.00000, 1.00000, 0.00000, 0.00000, 0.00000, 0.00000, 1.00000, 0.00000, -3.02310, 28.53065, 0.77400, 1.00000, align = { -3.65000, 29.29165 }, seed = 421, },
				{ -0.99985, -0.01745, 0.00000, 0.00000, 0.01745, -0.99985, 0.00000, 0.00000, -0.00000, 0.00000, 1.00000, 0.00000, -0.19009, 24.30159, 0.77400, 1.00000, align = { 0.45000, 23.55165 }, seed = 421, },
			},
			["era_a_com_1_asset_food_booth_m_04.grp"] = {
				{ -0.00000, 1.00000, 0.00000, 0.00000, -1.00000, -0.00000, 0.00000, 0.00000, 0.00000, 0.00000, 1.00000, 0.00000, -11.58900, 15.24510, 0.77400, 1.00000, align = { -12.35000, 15.38165 }, seed = 421, },
				{ 0.02094, 0.99978, 0.00000, 0.00000, -0.99978, 0.02094, 0.00000, 0.00000, 0.00000, 0.00000, 1.00000, 0.00000, -11.55203, 19.61919, 0.77400, 1.00000, align = { -12.31000, 19.77165 }, seed = 421, },
				{ 0.99939, 0.03490, 0.00000, 0.00000, -0.03490, 0.99939, 0.00000, 0.00000, -0.00000, -0.00000, 1.00000, 0.00000, -4.38991, 18.08634, 0.77400, 1.00000, align = { -4.28000, 18.85165 }, seed = 421, },
				{ 0.07324, -0.99731, 0.00000, 0.00000, 0.99731, 0.07324, 0.00000, 0.00000, 0.00000, 0.00000, 1.00000, 0.00000, 8.95104, 20.73209, 0.77400, 1.00000, align = { 9.72000, 20.65165 }, seed = 421, },
				{ 0.07324, -0.99731, 0.00000, 0.00000, 0.99731, 0.07324, 0.00000, 0.00000, 0.00000, 0.00000, 1.00000, 0.00000, 8.95104, 12.63209, 0.77400, 1.00000, align = { 9.72000, 12.55165 }, seed = 421, },
				{ 1.00000, 0.00000, 0.00000, 0.00000, -0.00000, 1.00000, 0.00000, 0.00000, 0.00000, 0.00000, 1.00000, 0.00000, -3.78655, 28.53065, 0.77400, 1.00000, align = { -3.65000, 29.29165 }, seed = 421, },
				{ -0.99985, -0.01745, 0.00000, 0.00000, 0.01745, -0.99985, 0.00000, 0.00000, -0.00000, 0.00000, 1.00000, 0.00000, 0.57325, 24.31491, 0.77400, 1.00000, align = { 0.45000, 23.55165 }, seed = 421, },
				{ -0.04536, -0.99897, -0.00000, 0.00000, 0.99897, -0.04536, -0.00000, 0.00000, -0.00000, -0.00000, 1.00000, 0.00000, 8.80945, 15.97032, 0.77400, 1.00000, align = { 9.61000, 16.69165 }, seed = 123, },
				{ -0.05234, -0.99863, 0.00000, 0.00000, 0.99863, -0.05234, 0.00000, 0.00000, 0.00000, 0.00000, 1.00000, 0.00000, 8.60444, 24.21592, 0.77400, 1.00000, align = { 9.41000, 24.93164 }, seed = 123, },
				{ -0.99978, 0.02094, 0.00000, 0.00000, -0.02094, -0.99978, 0.00000, 0.00000, 0.00000, 0.00000, 1.00000, 0.00000, -4.90067, 24.37433, 0.77400, 1.00000, align = { -4.16000, 23.59164 }, seed = 123, },
				{ 1.00000, 0.00175, 0.00000, 0.00000, -0.00175, 1.00000, 0.00000, 0.00000, 0.00000, 0.00000, 1.00000, 0.00000, 1.19824, 18.10597, 0.77400, 1.00000, align = { 0.44000, 18.87165 }, seed = 123, },
				{ 0.99951, -0.03141, 0.00000, 0.00000, 0.03141, 0.99951, 0.00000, 0.00000, 0.00000, 0.00000, 1.00000, 0.00000, 1.03244, 28.43125, 0.77400, 1.00000, align = { 0.30000, 29.22165 }, seed = 123, },
				{ 0.09758, 0.99523, 0.00000, 0.00000, -0.99523, 0.09758, 0.00000, 0.00000, 0.00000, 0.00000, 1.00000, 0.00000, -11.31280, 24.53009, 0.77400, 1.00000, align = { -12.15000, 23.85164 }, seed = 123, },
			},
			["era_a_com_1_asset_food_booth_m_05.grp"] = {
				{ -0.04536, -0.99897, -0.00000, 0.00000, 0.99897, -0.04536, -0.00000, 0.00000, -0.00000, -0.00000, 1.00000, 0.00000, 8.87872, 17.49565, 0.77400, 1.00000, align = { 9.61000, 16.69165 }, seed = 123, },
				{ -0.05234, -0.99863, 0.00000, 0.00000, 0.99863, -0.05234, 0.00000, 0.00000, 0.00000, 0.00000, 1.00000, 0.00000, 8.68435, 25.74073, 0.77400, 1.00000, align = { 9.41000, 24.93164 }, seed = 123, },
				{ -0.99978, 0.02094, 0.00000, 0.00000, -0.02094, -0.99978, 0.00000, 0.00000, 0.00000, 0.00000, 1.00000, 0.00000, -3.37411, 24.34235, 0.77400, 1.00000, align = { -4.16000, 23.59164 }, seed = 123, },
				{ 1.00000, 0.00175, 0.00000, 0.00000, -0.00175, 1.00000, 0.00000, 0.00000, 0.00000, 0.00000, 1.00000, 0.00000, -0.32866, 18.10330, 0.77400, 1.00000, align = { 0.44000, 18.87165 }, seed = 123, },
				{ 0.99951, -0.03141, 0.00000, 0.00000, 0.03141, 0.99951, 0.00000, 0.00000, 0.00000, 0.00000, 1.00000, 0.00000, -0.49371, 28.47921, 0.77400, 1.00000, align = { 0.30000, 29.22165 }, seed = 123, },
				{ 0.09758, 0.99523, 0.00000, 0.00000, -0.99523, 0.09758, 0.00000, 0.00000, 0.00000, 0.00000, 1.00000, 0.00000, -11.46180, 23.01048, 0.77400, 1.00000, align = { -12.15000, 23.85164 }, seed = 123, },
			},
			["era_a_com_1_asset_food_booth_m_end.grp"] = {
				{ -0.00000, 1.00000, 0.00000, 0.00000, -1.00000, -0.00000, 0.00000, 0.00000, 0.00000, 0.00000, 1.00000, 0.00000, -11.58900, 16.00855, 0.77400, 1.00000, align = { -12.35000, 15.38165 }, seed = 421, },
				{ 0.02094, 0.99978, 0.00000, 0.00000, -0.99978, 0.02094, 0.00000, 0.00000, 0.00000, 0.00000, 1.00000, 0.00000, -11.53604, 20.38247, 0.77400, 1.00000, align = { -12.31000, 19.77165 }, seed = 421, },
				{ 0.99939, 0.03490, 0.00000, 0.00000, -0.03490, 0.99939, 0.00000, 0.00000, -0.00000, -0.00000, 1.00000, 0.00000, -3.62692, 18.11299, 0.77400, 1.00000, align = { -4.28000, 18.85165 }, seed = 421, },
				{ 0.07324, -0.99731, 0.00000, 0.00000, 0.99731, 0.07324, 0.00000, 0.00000, 0.00000, 0.00000, 1.00000, 0.00000, 9.00696, 19.97069, 0.77400, 1.00000, align = { 9.72000, 20.65165 }, seed = 421, },
				{ 0.07324, -0.99731, 0.00000, 0.00000, 0.99731, 0.07324, 0.00000, 0.00000, 0.00000, 0.00000, 1.00000, 0.00000, 9.00696, 11.87070, 0.77400, 1.00000, align = { 9.72000, 12.55165 }, seed = 421, },
				{ 1.00000, 0.00000, 0.00000, 0.00000, -0.00000, 1.00000, 0.00000, 0.00000, 0.00000, 0.00000, 1.00000, 0.00000, -3.02310, 28.53065, 0.77400, 1.00000, align = { -3.65000, 29.29165 }, seed = 421, },
				{ -0.99985, -0.01745, 0.00000, 0.00000, 0.01745, -0.99985, 0.00000, 0.00000, -0.00000, 0.00000, 1.00000, 0.00000, -0.19009, 24.30159, 0.77400, 1.00000, align = { 0.45000, 23.55165 }, seed = 421, },
				{ -0.04536, -0.99897, -0.00000, 0.00000, 0.99897, -0.04536, -0.00000, 0.00000, -0.00000, -0.00000, 1.00000, 0.00000, 8.80945, 15.97032, 0.77400, 1.00000, align = { 9.61000, 16.69165 }, seed = 123, },
				{ -0.05234, -0.99863, 0.00000, 0.00000, 0.99863, -0.05234, 0.00000, 0.00000, 0.00000, 0.00000, 1.00000, 0.00000, 8.60444, 24.21592, 0.77400, 1.00000, align = { 9.41000, 24.93164 }, seed = 123, },
				{ -0.99978, 0.02094, 0.00000, 0.00000, -0.02094, -0.99978, 0.00000, 0.00000, 0.00000, 0.00000, 1.00000, 0.00000, -4.90067, 24.37433, 0.77400, 1.00000, align = { -4.16000, 23.59164 }, seed = 123, },
				{ 1.00000, 0.00175, 0.00000, 0.00000, -0.00175, 1.00000, 0.00000, 0.00000, 0.00000, 0.00000, 1.00000, 0.00000, 1.19824, 18.10597, 0.77400, 1.00000, align = { 0.44000, 18.87165 }, seed = 123, },
				{ 0.99951, -0.03141, 0.00000, 0.00000, 0.03141, 0.99951, 0.00000, 0.00000, 0.00000, 0.00000, 1.00000, 0.00000, 1.03244, 28.43125, 0.77400, 1.00000, align = { 0.30000, 29.22165 }, seed = 123, },
				{ 0.09758, 0.99523, 0.00000, 0.00000, -0.99523, 0.09758, 0.00000, 0.00000, 0.00000, 0.00000, 1.00000, 0.00000, -11.31280, 24.53009, 0.77400, 1.00000, align = { -12.15000, 23.85164 }, seed = 123, },
			},
			["era_a_com_1_asset_food_booth_m_start.grp"] = {
				{ -0.00000, 1.00000, 0.00000, 0.00000, -1.00000, -0.00000, 0.00000, 0.00000, 0.00000, 0.00000, 1.00000, 0.00000, -11.58900, 14.48165, 0.77400, 1.00000, align = { -12.35000, 15.38165 }, seed = 421, },
				{ 0.02094, 0.99978, 0.00000, 0.00000, -0.99978, 0.02094, 0.00000, 0.00000, 0.00000, 0.00000, 1.00000, 0.00000, -11.56801, 18.85591, 0.77400, 1.00000, align = { -12.31000, 19.77165 }, seed = 421, },
				{ 0.99939, 0.03490, 0.00000, 0.00000, -0.03490, 0.99939, 0.00000, 0.00000, -0.00000, -0.00000, 1.00000, 0.00000, -5.15289, 18.05970, 0.77400, 1.00000, align = { -4.28000, 18.85165 }, seed = 421, },
				{ 0.07324, -0.99731, 0.00000, 0.00000, 0.99731, 0.07324, 0.00000, 0.00000, 0.00000, 0.00000, 1.00000, 0.00000, 8.89513, 21.49349, 0.77400, 1.00000, align = { 9.72000, 20.65165 }, seed = 421, },
				{ 0.07324, -0.99731, 0.00000, 0.00000, 0.99731, 0.07324, 0.00000, 0.00000, 0.00000, 0.00000, 1.00000, 0.00000, 8.89513, 13.39349, 0.77400, 1.00000, align = { 9.72000, 12.55165 }, seed = 421, },
				{ 1.00000, 0.00000, 0.00000, 0.00000, -0.00000, 1.00000, 0.00000, 0.00000, 0.00000, 0.00000, 1.00000, 0.00000, -4.55000, 28.53065, 0.77400, 1.00000, align = { -3.65000, 29.29165 }, seed = 421, },
				{ -0.99985, -0.01745, 0.00000, 0.00000, 0.01745, -0.99985, 0.00000, 0.00000, -0.00000, 0.00000, 1.00000, 0.00000, 1.33658, 24.32824, 0.77400, 1.00000, align = { 0.45000, 23.55165 }, seed = 421, },
				{ -0.04536, -0.99897, -0.00000, 0.00000, 0.99897, -0.04536, -0.00000, 0.00000, -0.00000, -0.00000, 1.00000, 0.00000, 8.87872, 17.49565, 0.77400, 1.00000, align = { 9.61000, 16.69165 }, seed = 123, },
				{ -0.05234, -0.99863, 0.00000, 0.00000, 0.99863, -0.05234, 0.00000, 0.00000, 0.00000, 0.00000, 1.00000, 0.00000, 8.68435, 25.74073, 0.77400, 1.00000, align = { 9.41000, 24.93164 }, seed = 123, },
				{ -0.99978, 0.02094, 0.00000, 0.00000, -0.02094, -0.99978, 0.00000, 0.00000, 0.00000, 0.00000, 1.00000, 0.00000, -3.37411, 24.34235, 0.77400, 1.00000, align = { -4.16000, 23.59164 }, seed = 123, },
				{ 1.00000, 0.00175, 0.00000, 0.00000, -0.00175, 1.00000, 0.00000, 0.00000, 0.00000, 0.00000, 1.00000, 0.00000, -0.32866, 18.10330, 0.77400, 1.00000, align = { 0.44000, 18.87165 }, seed = 123, },
				{ 0.99951, -0.03141, 0.00000, 0.00000, 0.03141, 0.99951, 0.00000, 0.00000, 0.00000, 0.00000, 1.00000, 0.00000, -0.49371, 28.47921, 0.77400, 1.00000, align = { 0.30000, 29.22165 }, seed = 123, },
				{ 0.09758, 0.99523, 0.00000, 0.00000, -0.99523, 0.09758, 0.00000, 0.00000, 0.00000, 0.00000, 1.00000, 0.00000, -11.46180, 23.01048, 0.77400, 1.00000, align = { -12.15000, 23.85164 }, seed = 123, },
			},
			["era_a_com_1_asset_food_booth_start.grp"] = {
				{ -0.00000, -1.00000, 0.00000, 0.00000, 1.00000, -0.00000, 0.00000, 0.00000, 0.00000, 0.00000, 1.00000, 0.00000, -5.89000, 7.69000, 0.00000, 1.00000, align = { -5.89000, 6.69000 }, seed = 141, },
				{ -0.00000, -1.00000, 0.00000, 0.00000, 1.00000, -0.00000, 0.00000, 0.00000, 0.00000, 0.00000, 1.00000, 0.00000, -5.89000, 12.15000, 0.00000, 1.00000, align = { -5.89000, 11.15000 }, seed = 18, },
				{ -1.00000, 0.00000, 0.00000, 0.00000, -0.00000, -1.00000, 0.00000, 0.00000, 0.00000, 0.00000, 1.00000, 0.00000, -7.59000, 13.21000, 0.00000, 1.00000, align = { -8.59000, 13.21000 }, seed = 18, },
			},
			["era_a_com_1_asset_food_box_m.grp"] = {
				{ -0.99897, 0.04536, 0.00000, 0.00000, -0.04536, -0.99897, -0.00000, 0.00000, 0.00000, -0.00000, 1.00000, 0.00000, 10.89940, 15.54698, 0.81000, 1.00000, align = { 9.61000, 16.69165 }, },
				{ -0.99297, 0.11840, -0.00000, 0.00000, -0.11840, -0.99297, 0.00000, 0.00000, 0.00000, 0.00000, 1.00000, 0.00000, 10.93002, 16.22128, 0.81000, 1.00000, align = { 9.61000, 16.69165 }, },
				{ -0.44151, 0.89726, 0.00000, 0.00000, -0.00000, 0.00000, -1.00000, 0.00000, -0.89726, -0.44151, 0.00000, 0.00000, 11.14294, 17.16259, 1.12000, 1.00000, align = { 9.61000, 16.69165 }, },
				{ -0.99863, 0.05234, 0.00000, 0.00000, -0.05234, -0.99863, -0.00000, 0.00000, 0.00000, -0.00000, 1.00000, 0.00000, 10.69138, 23.77800, 0.81000, 1.00000, align = { 9.41000, 24.93164 }, },
				{ -0.99211, 0.12533, -0.00000, 0.00000, -0.12533, -0.99211, 0.00000, 0.00000, 0.00000, 0.00000, 1.00000, 0.00000, 10.72671, 24.45208, 0.81000, 1.00000, align = { 9.41000, 24.93164 }, },
				{ -0.43523, 0.90032, 0.00000, 0.00000, -0.00000, 0.00000, -1.00000, 0.00000, -0.90032, -0.43523, 0.00000, 0.00000, 10.94619, 25.39188, 1.12000, 1.00000, align = { 9.41000, 24.93164 }, },
				{ 0.02094, 0.99978, -0.00000, 0.00000, -0.99978, 0.02094, 0.00000, 0.00000, 0.00000, -0.00000, 1.00000, 0.00000, -5.27282, 22.27466, 0.81000, 1.00000, align = { -4.16000, 23.59164 }, },
				{ 0.09411, 0.99556, -0.00000, 0.00000, -0.99556, 0.09411, 0.00000, 0.00000, 0.00000, -0.00000, 1.00000, 0.00000, -4.59797, 22.26052, 0.81000, 1.00000, align = { -4.16000, 23.59164 }, },
				{ 0.88620, 0.46330, 0.00000, 0.00000, 0.00000, 0.00000, -1.00000, 0.00000, -0.46330, 0.88620, 0.00000, 0.00000, -3.65174, 22.07067, 1.12000, 1.00000, align = { -4.16000, 23.59164 }, },
				{ 0.00175, -1.00000, 0.00000, 0.00000, 1.00000, 0.00175, 0.00000, 0.00000, 0.00000, 0.00000, 1.00000, 0.00000, 1.52266, 20.21354, 0.81000, 1.00000, align = { 0.44000, 18.87165 }, },
				{ -0.07150, -0.99744, -0.00000, 0.00000, 0.99744, -0.07150, 0.00000, 0.00000, -0.00000, 0.00000, 1.00000, 0.00000, 0.84766, 20.21236, 0.81000, 1.00000, align = { 0.44000, 18.87165 }, },
				{ -0.87546, -0.48328, 0.00000, 0.00000, -0.00000, -0.00000, -1.00000, 0.00000, 0.48328, -0.87546, 0.00000, 0.00000, -0.10263, 20.38070, 1.12000, 1.00000, align = { 0.44000, 18.87165 }, },
				{ -0.03141, -0.99951, 0.00000, 0.00000, 0.99951, -0.03141, 0.00000, 0.00000, 0.00000, 0.00000, 1.00000, 0.00000, 1.42655, 30.52690, 0.81000, 1.00000, align = { 0.30000, 29.22165 }, },
				{ -0.10453, -0.99452, -0.00000, 0.00000, 0.99452, -0.10453, 0.00000, 0.00000, -0.00000, 0.00000, 1.00000, 0.00000, 0.75189, 30.54811, 0.81000, 1.00000, align = { 0.30000, 29.22165 }, },
				{ -0.89101, -0.45399, 0.00000, 0.00000, -0.00000, -0.00000, -1.00000, 0.00000, 0.45399, -0.89101, 0.00000, 0.00000, -0.19230, 30.74786, 1.12000, 1.00000, align = { 0.30000, 29.22165 }, },
				{ 0.99523, -0.09758, 0.00000, 0.00000, 0.09758, 0.99523, 0.00000, 0.00000, 0.00000, 0.00000, 1.00000, 0.00000, -13.37773, 25.06223, 0.81000, 1.00000, align = { -12.15000, 23.85164 }, },
				{ 0.98541, -0.17021, -0.00000, 0.00000, 0.17021, 0.98541, 0.00000, 0.00000, -0.00000, -0.00000, 1.00000, 0.00000, -13.44360, 24.39045, 0.81000, 1.00000, align = { -12.15000, 23.85164 }, },
				{ 0.39394, -0.91914, 0.00000, 0.00000, 0.00000, -0.00000, -1.00000, 0.00000, 0.91914, 0.39394, 0.00000, 0.00000, -13.70549, 23.46157, 1.12000, 1.00000, align = { -12.15000, 23.85164 }, },
				{ 0.96222, -0.27228, 0.00000, 0.00000, 0.27228, 0.96222, 0.00000, 0.00000, 0.00000, 0.00000, 1.00000, 0.00000, -6.44000, 9.21000, 0.00000, 1.00000, align = { -5.89000, 11.15000 }, seed = 18, },
				{ 0.93358, -0.35837, 0.00000, 0.00000, 0.35837, 0.93358, 0.00000, 0.00000, 0.00000, 0.00000, 1.00000, 0.00000, -10.01000, 26.07000, 0.00000, 1.00000, },
