local townbuildingutil = require "townbuildingutil"

--Model file: "building/era_a/com_1_3x3_01.mdl"

--Begin Generated
local generatedData = {
	["base"] = {
		models = {
			["building/era_a/com_1_3x3_01.mdl"] = {
				{ 1.00000, 0.00000, 0.00000, 0.00000, 0.00000, 1.00000, 0.00000, 0.00000, 0.00000, 0.00000, 1.00000, 0.00000, 0.00000, 13.23000, 0.00000, 1.00000, },
			},
		},
		curves = {
			["scaffold"] = {
				{ { 2.60167, 14.55190, 0.00000 }, { 2.60167, 14.55190, 0.00000 }, { 2.60167, 15.29677, 0.00000 }, { 2.60167, 15.29677, 0.00000 }, { 2.60167, 15.29677, 0.00000 }, { 6.24124, 15.29677, 0.00000 }, { 6.24124, 15.29677, 0.00000 }, { 6.24124, 15.29677, 0.00000 }, { 6.24124, 24.10050, 0.00000 }, { 6.24124, 24.10050, 0.00000 }, { 6.24124, 24.10050, 0.00000 }, { -4.55753, 24.10050, 0.00000 }, { -4.55753, 24.10050, 0.00000 }, { -4.55753, 24.10050, 0.00000 }, { -4.55753, 15.29677, 0.00000 }, { -4.55753, 15.29677, 0.00000 }, { -4.55753, 15.29677, 0.00000 }, { -0.91254, 15.29677, 0.00000 }, { -0.91254, 15.29677, 0.00000 }, { -0.91254, 15.29677, 0.00000 }, { -0.91254, 14.55190, 0.00000 }, { -0.91254, 14.55190, 0.00000 }, },
			},
			["shared/asphalt_02.gtex.lua;shared/dirt.gtex.lua"] = {
				{ { 5.00000, 0.00000, 0.00000 }, { 5.00000, 0.00000, 0.00000 }, { 5.00000, 2.05000, 0.00000 }, { 5.00000, 2.05000, 0.00000 }, { 5.00000, 2.05000, 0.00000 }, { -5.00000, 2.05000, 0.00000 }, { -5.00000, 2.05000, 0.00000 }, { -5.00000, 2.05000, 0.00000 }, { -5.00000, 0.00000, 0.00000 }, { -5.00000, 0.00000, 0.00000 }, },
				{ { 12.00000, 15.60000, 0.00000 }, { 12.00000, 15.60000, 0.00000 }, { 12.00000, 24.00000, 0.00000 }, { 12.00000, 24.00000, 0.00000 }, { 12.00000, 24.00000, 0.00000 }, { -4.14000, 24.00000, 0.00000 }, { -4.14000, 24.00000, 0.00000 }, { -4.14000, 24.00000, 0.00000 }, { -4.14000, 15.60000, 0.00000 }, { -4.14000, 15.60000, 0.00000 }, },
				{ { 7.00000, 0.00000, 0.00000 }, { 7.00000, 0.00000, 0.00000 }, { 7.00000, 15.60000, 0.00000 }, { 7.00000, 15.60000, 0.00000 }, { 7.00000, 15.60000, 0.00000 }, { -7.00000, 15.60000, 0.00000 }, { -7.00000, 15.60000, 0.00000 }, { -7.00000, 15.60000, 0.00000 }, { -7.00000, 0.00000, 0.00000 }, { -7.00000, 0.00000, 0.00000 }, { -7.00000, 0.00000, 0.00000 }, { -5.00000, 0.00000, 0.00000 }, { -5.00000, 0.00000, 0.00000 }, { -5.00000, 0.00000, 0.00000 }, { -5.00000, 10.95000, 0.00000 }, { -5.00000, 10.95000, 0.00000 }, { -5.00000, 10.95000, 0.00000 }, { 5.00000, 10.95000, 0.00000 }, { 5.00000, 10.95000, 0.00000 }, { 5.00000, 10.95000, 0.00000 }, { 5.00000, 0.00000, 0.00000 }, { 5.00000, 0.00000, 0.00000 }, },
			},
			["shared/grass_cutted_01.gtex.lua"] = {
				{ { -4.14000, 15.60000, 0.00000 }, { -4.14000, 15.60000, 0.00000 }, { -4.14000, 24.00000, 0.00000 }, { -4.14000, 24.00000, 0.00000 }, { -4.14000, 24.00000, 0.00000 }, { -12.00000, 24.00000, 0.00000 }, { -12.00000, 24.00000, 0.00000 }, { -12.00000, 24.00000, 0.00000 }, { -12.00000, 15.60000, 0.00000 }, { -12.00000, 15.60000, 0.00000 }, },
			},
			["shared/gravel_03.gtex.lua;shared/dirt.gtex.lua"] = {
				{ { -7.00000, 0.00000, 0.00000 }, { -7.00000, 0.00000, 0.00000 }, { -7.00000, 15.60000, 0.00000 }, { -7.00000, 15.60000, 0.00000 }, { -7.00000, 15.60000, 0.00000 }, { -12.00000, 15.60000, 0.00000 }, { -12.00000, 15.60000, 0.00000 }, { -12.00000, 15.60000, 0.00000 }, { -12.00000, 0.00000, 0.00000 }, { -12.00000, 0.00000, 0.00000 }, },
				{ { 5.00000, 2.05000, 0.00000 }, { 5.00000, 2.05000, 0.00000 }, { 5.00000, 10.95000, 0.00000 }, { 5.00000, 10.95000, 0.00000 }, { 5.00000, 10.95000, 0.00000 }, { -5.00000, 10.95000, 0.00000 }, { -5.00000, 10.95000, 0.00000 }, { -5.00000, 10.95000, 0.00000 }, { -5.00000, 2.05000, 0.00000 }, { -5.00000, 2.05000, 0.00000 }, },
				{ { 12.00000, 0.00000, 0.00000 }, { 12.00000, 0.00000, 0.00000 }, { 12.00000, 15.60000, 0.00000 }, { 12.00000, 15.60000, 0.00000 }, { 12.00000, 15.60000, 0.00000 }, { 7.00000, 15.60000, 0.00000 }, { 7.00000, 15.60000, 0.00000 }, { 7.00000, 15.60000, 0.00000 }, { 7.00000, 0.00000, 0.00000 }, { 7.00000, 0.00000, 0.00000 }, },
			},
		},
	},
	["layout_1"] = {
		models = {
			["asset/commercial/all_eras/era_a_com_wall.mdl"] = {
				{ 0.00000, 1.00000, 0.00000, 0.00000, -1.00000, 0.00000, -0.00000, 0.00000, -0.00000, -0.00000, 1.00000, 0.00000, -11.85000, 1.49900, 0.00000, 1.00000, },
				{ 0.00000, 1.00000, 0.00000, 0.00000, -1.00000, 0.00000, -0.00000, 0.00000, -0.00000, -0.00000, 1.00000, 0.00000, -11.85000, 4.49900, 0.00000, 1.00000, },
				{ 0.00000, 1.00000, 0.00000, 0.00000, -1.00000, 0.00000, -0.00000, 0.00000, -0.00000, -0.00000, 1.00000, 0.00000, -11.85000, 7.49900, 0.00000, 1.00000, },
				{ 0.00000, 1.00000, 0.00000, 0.00000, -1.00000, 0.00000, -0.00000, 0.00000, -0.00000, -0.00000, 1.00000, 0.00000, -11.85000, 10.49900, 0.00000, 1.00000, },
				{ 0.00000, 1.40189, 0.00000, 0.00000, -1.00000, 0.00000, -0.00000, 0.00000, -0.00000, -0.00000, 1.00000, 0.00000, -11.85001, 14.09900, 0.00000, 1.00000, },
				{ 0.00000, 1.00000, 0.00000, 0.00000, -1.00000, 0.00000, -0.00000, 0.00000, -0.00000, -0.00000, 1.00000, 0.00000, 11.85000, 1.49900, 0.00000, 1.00000, },
				{ 0.00000, 1.00000, 0.00000, 0.00000, -1.00000, 0.00000, -0.00000, 0.00000, -0.00000, -0.00000, 1.00000, 0.00000, 11.85000, 4.49900, 0.00000, 1.00000, },
				{ 0.00000, 1.00000, 0.00000, 0.00000, -1.00000, 0.00000, -0.00000, 0.00000, -0.00000, -0.00000, 1.00000, 0.00000, 11.85000, 7.49900, 0.00000, 1.00000, },
				{ 0.00000, 1.00000, 0.00000, 0.00000, -1.00000, 0.00000, -0.00000, 0.00000, -0.00000, -0.00000, 1.00000, 0.00000, 11.85000, 10.49900, 0.00000, 1.00000, },
				{ 0.00000, 1.00000, 0.00000, 0.00000, -1.00000, 0.00000, -0.00000, 0.00000, -0.00000, -0.00000, 1.00000, 0.00000, 11.84999, 13.49900, 0.00000, 1.00000, },
				{ 0.00000, 1.00000, 0.00000, 0.00000, -1.00000, 0.00000, -0.00000, 0.00000, -0.00000, -0.00000, 1.00000, 0.00000, 11.84999, 16.49900, 0.00000, 1.00000, },
				{ 0.00000, 1.00000, 0.00000, 0.00000, -1.00000, 0.00000, -0.00000, 0.00000, -0.00000, -0.00000, 1.00000, 0.00000, 11.84999, 19.49900, 0.00000, 1.00000, },
				{ 0.00000, 1.00000, 0.00000, 0.00000, -1.00000, 0.00000, -0.00000, 0.00000, -0.00000, -0.00000, 1.00000, 0.00000, 11.84999, 22.49900, 0.00000, 1.00000, },
				{ 0.89947, -0.00000, 0.00000, 0.00000, 0.00000, 1.00000, -0.00000, 0.00000, -0.00000, 0.00000, 1.00000, 0.00000, -10.35000, 16.04900, 0.00000, 1.00000, },
				{ 1.00000, -0.00000, 0.00000, 0.00000, 0.00000, 1.00000, -0.00000, 0.00000, -0.00000, 0.00000, 1.00000, 0.00000, -7.50000, 16.04900, 0.00000, 1.00000, },
				{ 1.00000, -0.00000, 0.00000, 0.00000, 0.00000, 1.00000, -0.00000, 0.00000, -0.00000, 0.00000, 1.00000, 0.00000, -4.50000, 16.04900, 0.00000, 1.00000, },
				{ 1.37500, -0.00000, 0.00000, 0.00000, 0.00000, 1.00000, -0.00000, 0.00000, -0.00000, 0.00000, 1.00000, 0.00000, -2.06000, 23.84900, 0.00000, 1.00000, },
				{ 1.00000, -0.00000, 0.00000, 0.00000, 0.00000, 1.00000, -0.00000, 0.00000, -0.00000, 0.00000, 1.00000, 0.00000, 1.50000, 23.84900, 0.00000, 1.00000, },
				{ 1.00000, -0.00000, 0.00000, 0.00000, 0.00000, 1.00000, -0.00000, 0.00000, -0.00000, 0.00000, 1.00000, 0.00000, 4.50000, 23.84900, 0.00000, 1.00000, },
				{ 1.00000, -0.00000, 0.00000, 0.00000, 0.00000, 1.00000, -0.00000, 0.00000, -0.00000, 0.00000, 1.00000, 0.00000, 7.50000, 23.84900, 0.00000, 1.00000, },
				{ 0.89947, -0.00000, 0.00000, 0.00000, 0.00000, 1.00000, -0.00000, 0.00000, -0.00000, 0.00000, 1.00000, 0.00000, 10.35000, 23.84900, 0.00000, 1.00000, },
			},
			["street/street_asset_mix/trash_standing_a.mdl"] = {
				{ 1.00000, 0.00000, 0.00000, 0.00000, 0.00000, 1.00000, 0.00000, 0.00000, 0.00000, 0.00000, 1.00000, 0.00000, 6.50000, 21.50500, 0.00000, 1.00000, },
				{ 1.00000, 0.00000, 0.00000, 0.00000, 0.00000, 1.00000, 0.00000, 0.00000, 0.00000, 0.00000, 1.00000, 0.00000, -10.15000, 14.70000, 0.00000, 1.00000, },
			},
		},
		groups = {
			["era_a_com_1_asset_food_ad_01.grp"] = {
				{ -0.26387, -0.96456, -0.00000, 0.00000, 0.96456, -0.26387, 0.00000, 0.00000, -0.00000, 0.00000, 1.00000, 0.00000, 2.01000, 14.26159, 0.00000, 1.00000, align = { 0.00000, 13.03000 }, seed = 141, },
			},
			["era_a_com_1_asset_food_booth_03.grp"] = {
				{ 1.00000, 0.00000, 0.00000, 0.00000, 0.00000, 1.00000, 0.00000, 0.00000, 0.00000, 0.00000, 1.00000, 0.00000, -1.37500, 15.33500, 0.00000, 1.00000, align = { -2.37500, 15.33500 }, seed = 84, },
				{ 1.00000, 0.00000, 0.00000, 0.00000, 0.00000, 1.00000, 0.00000, 0.00000, 0.00000, 0.00000, 1.00000, 0.00000, 5.10500, 15.33500, 0.00000, 1.00000, align = { 4.10500, 15.33500 }, seed = 141, },
			},
			["era_a_com_1_asset_food_booth_04.grp"] = {
				{ 1.00000, 0.00000, 0.00000, 0.00000, 0.00000, 1.00000, 0.00000, 0.00000, 0.00000, 0.00000, 1.00000, 0.00000, -2.37500, 15.33500, 0.00000, 1.00000, align = { -2.37500, 15.33500 }, seed = 84, },
				{ 1.00000, 0.00000, 0.00000, 0.00000, 0.00000, 1.00000, 0.00000, 0.00000, 0.00000, 0.00000, 1.00000, 0.00000, 4.10500, 15.33500, 0.00000, 1.00000, align = { 4.10500, 15.33500 }, seed = 141, },
			},
			["era_a_com_1_asset_food_booth_05.grp"] = {
				{ 1.00000, 0.00000, 0.00000, 0.00000, 0.00000, 1.00000, 0.00000, 0.00000, 0.00000, 0.00000, 1.00000, 0.00000, -3.37500, 15.33500, 0.00000, 1.00000, align = { -2.37500, 15.33500 }, seed = 84, },
				{ 1.00000, 0.00000, 0.00000, 0.00000, 0.00000, 1.00000, 0.00000, 0.00000, 0.00000, 0.00000, 1.00000, 0.00000, 3.10500, 15.33500, 0.00000, 1.00000, align = { 4.10500, 15.33500 }, seed = 141, },
			},
			["era_a_com_1_asset_food_booth_end.grp"] = {
				{ 1.00000, 0.00000, 0.00000, 0.00000, 0.00000, 1.00000, 0.00000, 0.00000, 0.00000, 0.00000, 1.00000, 0.00000, -1.37500, 15.33500, 0.00000, 1.00000, align = { -2.37500, 15.33500 }, seed = 84, },
				{ 1.00000, 0.00000, 0.00000, 0.00000, 0.00000, 1.00000, 0.00000, 0.00000, 0.00000, 0.00000, 1.00000, 0.00000, 5.10500, 15.33500, 0.00000, 1.00000, align = { 4.10500, 15.33500 }, seed = 141, },
			},
			["era_a_com_1_asset_food_booth_m_01.grp"] = {
				{ -0.00000, 1.00000, 0.00000, 0.00000, -1.00000, -0.00000, 0.00000, 0.00000, 0.00000, 0.00000, 1.00000, 0.00000, -9.03900, 2.00000, 0.77400, 1.00000, align = { -9.80000, 2.90000 }, seed = 421, },
				{ -0.00000, 1.00000, 0.00000, 0.00000, -1.00000, -0.00000, 0.00000, 0.00000, 0.00000, 0.00000, 1.00000, 0.00000, -9.03900, 6.05000, 0.77400, 1.00000, align = { -9.80000, 6.95000 }, seed = 421, },
				{ 0.07324, -0.99731, 0.00000, 0.00000, 0.99731, 0.07324, 0.00000, 0.00000, 0.00000, 0.00000, 1.00000, 0.00000, 9.07513, 7.64185, 0.77400, 1.00000, align = { 9.90000, 6.80000 }, seed = 421, },
				{ -0.99881, -0.04885, 0.00000, 0.00000, 0.04885, -0.99881, 0.00000, 0.00000, -0.00000, 0.00000, 1.00000, 0.00000, 2.91175, 9.13406, 0.77400, 1.00000, align = { 2.05000, 8.33000 }, seed = 421, },
				{ 0.99961, -0.02792, 0.00000, 0.00000, 0.02792, 0.99961, 0.00000, 0.00000, 0.00000, 0.00000, 1.00000, 0.00000, -3.09090, 3.71443, 0.77400, 1.00000, align = { -2.17000, 4.45000 }, seed = 421, },
			},
			["era_a_com_1_asset_food_booth_m_02.grp"] = {
				{ -0.04536, -0.99897, -0.00000, 0.00000, 0.99897, -0.04536, -0.00000, 0.00000, -0.00000, -0.00000, 1.00000, 0.00000, 9.02409, 2.54134, 0.77400, 1.00000, align = { 9.79000, 2.50000 }, seed = 123, },
				{ -0.05234, -0.99863, 0.00000, 0.00000, 0.99863, -0.05234, 0.00000, 0.00000, 0.00000, 0.00000, 1.00000, 0.00000, 8.82439, 11.19668, 0.77400, 1.00000, align = { 9.59000, 11.15000 }, seed = 123, },
				{ -0.99978, 0.02094, 0.00000, 0.00000, -0.02094, -0.99978, 0.00000, 0.00000, 0.00000, 0.00000, 1.00000, 0.00000, -2.08739, 9.01670, 0.77400, 1.00000, align = { -2.11000, 8.25000 }, seed = 123, },
				{ 0.99985, 0.01745, 0.00000, 0.00000, -0.01745, 0.99985, 0.00000, 0.00000, 0.00000, 0.00000, 1.00000, 0.00000, 2.10684, 3.60300, 0.77400, 1.00000, align = { 2.10000, 4.37000 }, seed = 123, },
				{ 0.09758, 0.99523, 0.00000, 0.00000, -0.99523, 0.09758, 0.00000, 0.00000, 0.00000, 0.00000, 1.00000, 0.00000, -8.84730, 11.26864, 0.77400, 1.00000, align = { -9.61000, 11.35000 }, seed = 123, },
			},
			["era_a_com_1_asset_food_booth_m_03.grp"] = {
				{ -0.00000, 1.00000, 0.00000, 0.00000, -1.00000, -0.00000, 0.00000, 0.00000, 0.00000, 0.00000, 1.00000, 0.00000, -9.03900, 3.52690, 0.77400, 1.00000, align = { -9.80000, 2.90000 }, seed = 421, },
				{ -0.00000, 1.00000, 0.00000, 0.00000, -1.00000, -0.00000, 0.00000, 0.00000, 0.00000, 0.00000, 1.00000, 0.00000, -9.03900, 7.57690, 0.77400, 1.00000, align = { -9.80000, 6.95000 }, seed = 421, },
				{ 0.07324, -0.99731, 0.00000, 0.00000, 0.99731, 0.07324, 0.00000, 0.00000, 0.00000, 0.00000, 1.00000, 0.00000, 9.18696, 6.11905, 0.77400, 1.00000, align = { 9.90000, 6.80000 }, seed = 421, },
				{ -0.99881, -0.04885, 0.00000, 0.00000, 0.04885, -0.99881, 0.00000, 0.00000, -0.00000, 0.00000, 1.00000, 0.00000, 1.38667, 9.05947, 0.77400, 1.00000, align = { 2.05000, 8.33000 }, seed = 421, },
				{ 0.99961, -0.02792, 0.00000, 0.00000, 0.02792, 0.99961, 0.00000, 0.00000, 0.00000, 0.00000, 1.00000, 0.00000, -1.56459, 3.67179, 0.77400, 1.00000, align = { -2.17000, 4.45000 }, seed = 421, },
			},
			["era_a_com_1_asset_food_booth_m_04.grp"] = {
				{ -0.00000, 1.00000, 0.00000, 0.00000, -1.00000, -0.00000, 0.00000, 0.00000, 0.00000, 0.00000, 1.00000, 0.00000, -9.03900, 2.76345, 0.77400, 1.00000, align = { -9.80000, 2.90000 }, seed = 421, },
				{ -0.00000, 1.00000, 0.00000, 0.00000, -1.00000, -0.00000, 0.00000, 0.00000, 0.00000, 0.00000, 1.00000, 0.00000, -9.03900, 6.81345, 0.77400, 1.00000, align = { -9.80000, 6.95000 }, seed = 421, },
				{ 0.07324, -0.99731, 0.00000, 0.00000, 0.99731, 0.07324, 0.00000, 0.00000, 0.00000, 0.00000, 1.00000, 0.00000, 9.13104, 6.88045, 0.77400, 1.00000, align = { 9.90000, 6.80000 }, seed = 421, },
				{ -0.99881, -0.04885, 0.00000, 0.00000, 0.04885, -0.99881, 0.00000, 0.00000, -0.00000, 0.00000, 1.00000, 0.00000, 2.14921, 9.09676, 0.77400, 1.00000, align = { 2.05000, 8.33000 }, seed = 421, },
				{ 0.99961, -0.02792, 0.00000, 0.00000, 0.02792, 0.99961, 0.00000, 0.00000, 0.00000, 0.00000, 1.00000, 0.00000, -2.32774, 3.69311, 0.77400, 1.00000, align = { -2.17000, 4.45000 }, seed = 421, },
				{ -0.04536, -0.99897, -0.00000, 0.00000, 0.99897, -0.04536, -0.00000, 0.00000, -0.00000, -0.00000, 1.00000, 0.00000, 8.98945, 1.77867, 0.77400, 1.00000, align = { 9.79000, 2.50000 }, seed = 123, },
				{ -0.05234, -0.99863, 0.00000, 0.00000, 0.99863, -0.05234, 0.00000, 0.00000, 0.00000, 0.00000, 1.00000, 0.00000, 8.78444, 10.43428, 0.77400, 1.00000, align = { 9.59000, 11.15000 }, seed = 123, },
				{ -0.99978, 0.02094, 0.00000, 0.00000, -0.02094, -0.99978, 0.00000, 0.00000, 0.00000, 0.00000, 1.00000, 0.00000, -2.85067, 9.03268, 0.77400, 1.00000, align = { -2.11000, 8.25000 }, seed = 123, },
				{ 0.99985, 0.01745, 0.00000, 0.00000, -0.01745, 0.99985, 0.00000, 0.00000, 0.00000, 0.00000, 1.00000, 0.00000, 2.87017, 3.61633, 0.77400, 1.00000, align = { 2.10000, 4.37000 }, seed = 123, },
				{ 0.09758, 0.99523, 0.00000, 0.00000, -0.99523, 0.09758, 0.00000, 0.00000, 0.00000, 0.00000, 1.00000, 0.00000, -8.77280, 12.02844, 0.77400, 1.00000, align = { -9.61000, 11.35000 }, seed = 123, },
			},
			["era_a_com_1_asset_food_booth_m_05.grp"] = {
				{ -0.04536, -0.99897, -0.00000, 0.00000, 0.99897, -0.04536, -0.00000, 0.00000, -0.00000, -0.00000, 1.00000, 0.00000, 9.05872, 3.30400, 0.77400, 1.00000, align = { 9.79000, 2.50000 }, seed = 123, },
				{ -0.05234, -0.99863, 0.00000, 0.00000, 0.99863, -0.05234, 0.00000, 0.00000, 0.00000, 0.00000, 1.00000, 0.00000, 8.86435, 11.95909, 0.77400, 1.00000, align = { 9.59000, 11.15000 }, seed = 123, },
				{ -0.99978, 0.02094, 0.00000, 0.00000, -0.02094, -0.99978, 0.00000, 0.00000, 0.00000, 0.00000, 1.00000, 0.00000, -1.32411, 9.00071, 0.77400, 1.00000, align = { -2.11000, 8.25000 }, seed = 123, },
				{ 0.99985, 0.01745, 0.00000, 0.00000, -0.01745, 0.99985, 0.00000, 0.00000, 0.00000, 0.00000, 1.00000, 0.00000, 1.34350, 3.58968, 0.77400, 1.00000, align = { 2.10000, 4.37000 }, seed = 123, },
				{ 0.09758, 0.99523, 0.00000, 0.00000, -0.99523, 0.09758, 0.00000, 0.00000, 0.00000, 0.00000, 1.00000, 0.00000, -8.92180, 10.50883, 0.77400, 1.00000, align = { -9.61000, 11.35000 }, seed = 123, },
			},
			["era_a_com_1_asset_food_booth_m_end.grp"] = {
				{ -0.00000, 1.00000, 0.00000, 0.00000, -1.00000, -0.00000, 0.00000, 0.00000, 0.00000, 0.00000, 1.00000, 0.00000, -9.03900, 3.52690, 0.77400, 1.00000, align = { -9.80000, 2.90000 }, seed = 421, },
				{ -0.00000, 1.00000, 0.00000, 0.00000, -1.00000, -0.00000, 0.00000, 0.00000, 0.00000, 0.00000, 1.00000, 0.00000, -9.03900, 7.57690, 0.77400, 1.00000, align = { -9.80000, 6.95000 }, seed = 421, },
				{ 0.07324, -0.99731, 0.00000, 0.00000, 0.99731, 0.07324, 0.00000, 0.00000, 0.00000, 0.00000, 1.00000, 0.00000, 9.18696, 6.11905, 0.77400, 1.00000, align = { 9.90000, 6.80000 }, seed = 421, },
				{ -0.99881, -0.04885, 0.00000, 0.00000, 0.04885, -0.99881, 0.00000, 0.00000, -0.00000, 0.00000, 1.00000, 0.00000, 1.38667, 9.05947, 0.77400, 1.00000, align = { 2.05000, 8.33000 }, seed = 421, },
				{ 0.99961, -0.02792, 0.00000, 0.00000, 0.02792, 0.99961, 0.00000, 0.00000, 0.00000, 0.00000, 1.00000, 0.00000, -1.56459, 3.67179, 0.77400, 1.00000, align = { -2.17000, 4.45000 }, seed = 421, },
				{ -0.04536, -0.99897, -0.00000, 0.00000, 0.99897, -0.04536, -0.00000, 0.00000, -0.00000, -0.00000, 1.00000, 0.00000, 8.98945, 1.77867, 0.77400, 1.00000, align = { 9.79000, 2.50000 }, seed = 123, },
				{ -0.05234, -0.99863, 0.00000, 0.00000, 0.99863, -0.05234, 0.00000, 0.00000, 0.00000, 0.00000, 1.00000, 0.00000, 8.78444, 10.43428, 0.77400, 1.00000, align = { 9.59000, 11.15000 }, seed = 123, },
				{ -0.99978, 0.02094, 0.00000, 0.00000, -0.02094, -0.99978, 0.00000, 0.00000, 0.00000, 0.00000, 1.00000, 0.00000, -2.85067, 9.03268, 0.77400, 1.00000, align = { -2.11000, 8.25000 }, seed = 123, },
				{ 0.99985, 0.01745, 0.00000, 0.00000, -0.01745, 0.99985, 0.00000, 0.00000, 0.00000, 0.00000, 1.00000, 0.00000, 2.87017, 3.61633, 0.77400, 1.00000, align = { 2.10000, 4.37000 }, seed = 123, },
				{ 0.09758, 0.99523, 0.00000, 0.00000, -0.99523, 0.09758, 0.00000, 0.00000, 0.00000, 0.00000, 1.00000, 0.00000, -8.77280, 12.02844, 0.77400, 1.00000, align = { -9.61000, 11.35000 }, seed = 123, },
			},
			["era_a_com_1_asset_food_booth_m_start.grp"] = {
				{ -0.00000, 1.00000, 0.00000, 0.00000, -1.00000, -0.00000, 0.00000, 0.00000, 0.00000, 0.00000, 1.00000, 0.00000, -9.03900, 2.00000, 0.77400, 1.00000, align = { -9.80000, 2.90000 }, seed = 421, },
				{ -0.00000, 1.00000, 0.00000, 0.00000, -1.00000, -0.00000, 0.00000, 0.00000, 0.00000, 0.00000, 1.00000, 0.00000, -9.03900, 6.05000, 0.77400, 1.00000, align = { -9.80000, 6.95000 }, seed = 421, },
				{ 0.07324, -0.99731, 0.00000, 0.00000, 0.99731, 0.07324, 0.00000, 0.00000, 0.00000, 0.00000, 1.00000, 0.00000, 9.07513, 7.64185, 0.77400, 1.00000, align = { 9.90000, 6.80000 }, seed = 421, },
				{ -0.99881, -0.04885, 0.00000, 0.00000, 0.04885, -0.99881, 0.00000, 0.00000, -0.00000, 0.00000, 1.00000, 0.00000, 2.91175, 9.13406, 0.77400, 1.00000, align = { 2.05000, 8.33000 }, seed = 421, },
				{ 0.99961, -0.02792, 0.00000, 0.00000, 0.02792, 0.99961, 0.00000, 0.00000, 0.00000, 0.00000, 1.00000, 0.00000, -3.09090, 3.71443, 0.77400, 1.00000, align = { -2.17000, 4.45000 }, seed = 421, },
				{ -0.04536, -0.99897, -0.00000, 0.00000, 0.99897, -0.04536, -0.00000, 0.00000, -0.00000, -0.00000, 1.00000, 0.00000, 9.05872, 3.30400, 0.77400, 1.00000, align = { 9.79000, 2.50000 }, seed = 123, },
				{ -0.05234, -0.99863, 0.00000, 0.00000, 0.99863, -0.05234, 0.00000, 0.00000, 0.00000, 0.00000, 1.00000, 0.00000, 8.86435, 11.95909, 0.77400, 1.00000, align = { 9.59000, 11.15000 }, seed = 123, },
				{ -0.99978, 0.02094, 0.00000, 0.00000, -0.02094, -0.99978, 0.00000, 0.00000, 0.00000, 0.00000, 1.00000, 0.00000, -1.32411, 9.00071, 0.77400, 1.00000, align = { -2.11000, 8.25000 }, seed = 123, },
				{ 0.99985, 0.01745, 0.00000, 0.00000, -0.01745, 0.99985, 0.00000, 0.00000, 0.00000, 0.00000, 1.00000, 0.00000, 1.34350, 3.58968, 0.77400, 1.00000, align = { 2.10000, 4.37000 }, seed = 123, },
				{ 0.09758, 0.99523, 0.00000, 0.00000, -0.99523, 0.09758, 0.00000, 0.00000, 0.00000, 0.00000, 1.00000, 0.00000, -8.92180, 10.50883, 0.77400, 1.00000, align = { -9.61000, 11.35000 }, seed = 123, },
			},
			["era_a_com_1_asset_food_booth_start.grp"] = {
				{ 1.00000, 0.00000, 0.00000, 0.00000, 0.00000, 1.00000, 0.00000, 0.00000, 0.00000, 0.00000, 1.00000, 0.00000, -3.37500, 15.33500, 0.00000, 1.00000, align = { -2.37500, 15.33500 }, seed = 84, },
				{ 1.00000, 0.00000, 0.00000, 0.00000, 0.00000, 1.00000, 0.00000, 0.00000, 0.00000, 0.00000, 1.00000, 0.00000, 3.10500, 15.33500, 0.00000, 1.00000, align = { 4.10500, 15.33500 }, seed = 141, },
			},
			["era_a_com_1_asset_food_box_m.grp"] = {
				{ -0.99897, 0.04536, 0.00000, 0.00000, -0.04536, -0.99897, -0.00000, 0.00000, 0.00000, -0.00000, 1.00000, 0.00000, 11.07940, 1.35533, 0.81000, 1.00000, align = { 9.79000, 2.50000 }, },
				{ -0.99297, 0.11840, -0.00000, 0.00000, -0.11840, -0.99297, 0.00000, 0.00000, 0.00000, 0.00000, 1.00000, 0.00000, 11.11002, 2.02964, 0.81000, 1.00000, align = { 9.79000, 2.50000 }, },
				{ -0.44151, 0.89726, 0.00000, 0.00000, -0.00000, 0.00000, -1.00000, 0.00000, -0.89726, -0.44151, 0.00000, 0.00000, 11.32294, 2.97095, 1.12000, 1.00000, align = { 9.79000, 2.50000 }, },
				{ -0.99863, 0.05234, 0.00000, 0.00000, -0.05234, -0.99863, -0.00000, 0.00000, 0.00000, -0.00000, 1.00000, 0.00000, 10.87138, 9.99636, 0.81000, 1.00000, align = { 9.59000, 11.15000 }, },
				{ -0.99211, 0.12533, -0.00000, 0.00000, -0.12533, -0.99211, 0.00000, 0.00000, 0.00000, 0.00000, 1.00000, 0.00000, 10.90671, 10.67043, 0.81000, 1.00000, align = { 9.59000, 11.15000 }, },
				{ -0.43523, 0.90032, 0.00000, 0.00000, -0.00000, 0.00000, -1.00000, 0.00000, -0.90032, -0.43523, 0.00000, 0.00000, 11.12619, 11.61023, 1.12000, 1.00000, align = { 9.59000, 11.15000 }, },
				{ 0.02094, 0.99978, -0.00000, 0.00000, -0.99978, 0.02094, 0.00000, 0.00000, 0.00000, -0.00000, 1.00000, 0.00000, -3.22282, 6.93302, 0.81000, 1.00000, align = { -2.11000, 8.25000 }, },
				{ 0.09411, 0.99556, -0.00000, 0.00000, -0.99556, 0.09411, 0.00000, 0.00000, 0.00000, -0.00000, 1.00000, 0.00000, -2.54797, 6.91888, 0.81000, 1.00000, align = { -2.11000, 8.25000 }, },
				{ 0.88620, 0.46330, 0.00000, 0.00000, 0.00000, 0.00000, -1.00000, 0.00000, -0.46330, 0.88620, 0.00000, 0.00000, -1.60174, 6.72902, 1.12000, 1.00000, align = { -2.11000, 8.25000 }, },
				{ 0.01745, -0.99985, 0.00000, 0.00000, 0.99985, 0.01745, 0.00000, 0.00000, 0.00000, 0.00000, 1.00000, 0.00000, 3.16145, 5.72873, 0.81000, 1.00000, align = { 2.10000, 4.37000 }, },
				{ -0.05582, -0.99844, -0.00000, 0.00000, 0.99844, -0.05582, 0.00000, 0.00000, -0.00000, 0.00000, 1.00000, 0.00000, 2.48655, 5.71695, 0.81000, 1.00000, align = { 2.10000, 4.37000 }, },
				{ -0.86777, -0.49697, 0.00000, 0.00000, -0.00000, -0.00000, -1.00000, 0.00000, 0.49697, -0.86777, 0.00000, 0.00000, 1.53373, 5.87035, 1.12000, 1.00000, align = { 2.10000, 4.37000 }, },
				{ 0.99523, -0.09758, 0.00000, 0.00000, 0.09758, 0.99523, 0.00000, 0.00000, 0.00000, 0.00000, 1.00000, 0.00000, -10.83773, 12.56058, 0.81000, 1.00000, align = { -9.61000, 11.35000 }, },
				{ 0.98541, -0.17021, -0.00000, 0.00000, 0.17021, 0.98541, 0.00000, 0.00000, -0.00000, -0.00000, 1.00000, 0.00000, -10.90359, 11.88880, 0.81000, 1.00000, align = { -9.61000, 11.35000 }, },
				{ 0.39394, -0.91914, 0.00000, 0.00000, 0.00000, -0.00000, -1.00000, 0.00000, 0.91914, 0.39394, 0.00000, 0.00000, -11.16549, 10.95993, 1.12000, 1.00000, align = { -9.61000, 11.35000 }, },
			},
			["era_a_com_1_asset_food_sign_01.grp"] = {
				{ 0.75555, 0.00000, 0.00000, 0.00000, 0.00000, 0.75555, 0.00000, 0.00000, 0.00000, 0.00000, 0.75555, 0.00000, 0.84500, 14.78000, 3.40500, 1.00000, align = { 0.00000, 13.03000 }, seed = 141, },
				{ -0.00000, 0.66866, 0.00000, 0.00000, -0.66866, -0.00000, 0.00000, 0.00000, 0.00000, 0.00000, 0.66866, 0.00000, 5.83500, 19.36000, 3.37500, 1.00000, align = { 0.00000, 13.03000 }, seed = 141, },
			},
			["era_a_com_1_asset_ground_double_bench.grp"] = {
				{ 0.99997, 0.00746, 0.00000, 0.00000, -0.00746, 0.99997, 0.00000, 0.00000, 0.00000, 0.00000, 1.00000, 0.00000, 9.90000, 22.29745, 0.00000, 1.00000, seed = 768, },
				{ 0.99998, 0.00642, 0.00000, 0.00000, -0.00642, 0.99998, 0.00000, 0.00000, 0.00000, 0.00000, 1.00000, 0.00000, 9.90000, 18.73745, 0.00000, 1.00000, seed = 768, },
				{ -0.99985, 0.01706, 0.00000, 0.00000, -0.01706, -0.99985, 0.00000, 0.00000, 0.00000, 0.00000, 1.00000, 0.00000, 9.90000, 20.25745, 0.00000, 1.00000, seed = 768, },
				{ -0.99978, -0.02115, 0.00000, 0.00000, 0.02115, -0.99978, 0.00000, 0.00000, 0.00000, 0.00000, 1.00000, 0.00000, 9.90000, 16.69745, 0.00000, 1.00000, seed = 768, },
			},
			["era_a_com_1_asset_ground_table.grp"] = {
				{ 1.00000, 0.00000, 0.00000, 0.00000, 0.00000, 1.00000, 0.00000, 0.00000, 0.00000, 0.00000, 1.00000, 0.00000, 9.90000, 21.30000, 0.00000, 1.00000, seed = 768, },
				{ 0.99979, -0.02063, 0.00000, 0.00000, 0.02063, 0.99979, 0.00000, 0.00000, 0.00000, 0.00000, 1.00000, 0.00000, 9.90000, 17.74000, 0.00000, 1.00000, seed = 768, },
			},
			["era_a_com_2_asset_shop_awning_end.grp"] = {
				{ 1.00000, 0.00000, 0.00000, 0.00000, 0.00000, 1.00000, 0.00000, 0.00000, 0.00000, 0.00000, 1.00000, 0.00000, -2.38000, 15.53000, 3.02000, 1.00000, align = { 0.00000, 13.03000 }, seed = 141, },
				{ 1.00000, 0.00000, 0.00000, 0.00000, 0.00000, 1.00000, 0.00000, 0.00000, 0.00000, 0.00000, 1.00000, 0.00000, 4.11000, 15.53000, 3.02000, 1.00000, align = { 0.00000, 13.03000 }, seed = 141, },
				{ -0.00000, 1.00000, 0.00000, 0.00000, -1.00000, -0.00000, 0.00000, 0.00000, 0.00000, 0.00000, 1.00000, 0.00000, 5.84000, 20.88000, 3.02000, 1.00000, align = { 0.00000, 13.03000 }, seed = 141, },
			},
			["era_a_com_2_asset_shop_awning_repeat.grp"] = {
				{ 1.00000, 0.00000, 0.00000, 0.00000, 0.00000, 1.00000, 0.00000, 0.00000, 0.00000, 0.00000, 1.00000, 0.00000, -2.38000, 15.53000, 3.02000, 1.00000, align = { 0.00000, 13.03000 }, seed = 141, },
				{ 1.00000, 0.00000, 0.00000, 0.00000, 0.00000, 1.00000, 0.00000, 0.00000, 0.00000, 0.00000, 1.00000, 0.00000, 4.11000, 15.53000, 3.02000, 1.00000, align = { 0.00000, 13.03000 }, seed = 141, },
				{ -0.00000, 1.00000, 0.00000, 0.00000, -1.00000, -0.00000, 0.00000, 0.00000, 0.00000, 0.00000, 1.00000, 0.00000, 5.84000, 17.88000, 3.02000, 1.00000, align = { 0.00000, 13.03000 }, seed = 141, },
				{ -0.00000, 1.00000, 0.00000, 0.00000, -1.00000, -0.00000, 0.00000, 0.00000, 0.00000, 0.00000, 1.00000, 0.00000, 5.84000, 20.88000, 3.02000, 1.00000, align = { 0.00000, 13.03000 }, seed = 141, },
			},
			["era_a_com_2_asset_shop_awning_start.grp"] = {
				{ 1.00000, 0.00000, 0.00000, 0.00000, 0.00000, 1.00000, 0.00000, 0.00000, 0.00000, 0.00000, 1.00000, 0.00000, -2.38000, 15.53000, 3.02000, 1.00000, align = { 0.00000, 13.03000 }, seed = 141, },
				{ 1.00000, 0.00000, 0.00000, 0.00000, 0.00000, 1.00000, 0.00000, 0.00000, 0.00000, 0.00000, 1.00000, 0.00000, 4.11000, 15.53000, 3.02000, 1.00000, align = { 0.00000, 13.03000 }, seed = 141, },
				{ -0.00000, 1.00000, 0.00000, 0.00000, -1.00000, -0.00000, 0.00000, 0.00000, 0.00000, 0.00000, 1.00000, 0.00000, 5.84000, 17.88000, 3.02000, 1.00000, align = { 0.00000, 13.03000 }, seed = 141, },
			},
			["era_a_garden_bench.grp"] = {
				{ 0.99951, 0.03141, 0.00000, 0.00000, -0.03141, 0.99951, 0.00000, 0.00000, 0.00000, 0.00000, 1.00000, 0.00000, -8.28000, 14.82000, 0.00000, 1.00000, seed = 456, },
			},
			["era_a_market_01.grp"] = {
				{ -0.00000, 1.00000, 0.00000, 0.00000, -1.00000, -0.00000, 0.00000, 0.00000, 0.00000, 0.00000, 1.00000, 0.00000, -9.80000, 2.90000, 0.00000, 1.00000, },
				{ -0.00000, 1.00000, 0.00000, 0.00000, -1.00000, -0.00000, 0.00000, 0.00000, 0.00000, 0.00000, 1.00000, 0.00000, -9.80000, 6.95000, 0.00000, 1.00000, },
				{ 0.07324, -0.99731, 0.00000, 0.00000, 0.99731, 0.07324, 0.00000, 0.00000, 0.00000, 0.00000, 1.00000, 0.00000, 9.90000, 6.80000, 0.00000, 1.00000, },
				{ -0.99881, -0.04885, 0.00000, 0.00000, 0.04885, -0.99881, 0.00000, 0.00000, 0.00000, 0.00000, 1.00000, 0.00000, 2.05000, 8.33000, 0.00000, 1.00000, },
				{ 0.99961, -0.02792, 0.00000, 0.00000, 0.02792, 0.99961, 0.00000, 0.00000, 0.00000, 0.00000, 1.00000, 0.00000, -2.17000, 4.45000, 0.00000, 1.00000, },
			},
			["era_a_market_02.grp"] = {
				{ -0.04536, -0.99897, 0.00000, 0.00000, 0.99897, -0.04536, 0.00000, 0.00000, 0.00000, 0.00000, 1.00000, 0.00000, 9.79000, 2.50000, 0.00000, 1.00000, },
				{ -0.05234, -0.99863, 0.00000, 0.00000, 0.99863, -0.05234, 0.00000, 0.00000, 0.00000, 0.00000, 1.00000, 0.00000, 9.59000, 11.15000, 0.00000, 1.00000, },
				{ -0.99978, 0.02094, 0.00000, 0.00000, -0.02094, -0.99978, 0.00000, 0.00000, 0.00000, 0.00000, 1.00000, 0.00000, -2.11000, 8.25000, 0.00000, 1.00000, },
				{ 0.99985, 0.01745, 0.00000, 0.00000, -0.01745, 0.99985, 0.00000, 0.00000, 0.00000, 0.00000, 1.00000, 0.00000, 2.10000, 4.37000, 0.00000, 1.00000, },
				{ 0.09758, 0.99523, 0.00000, 0.00000, -0.99523, 0.09758, 0.00000, 0.00000, 0.00000, 0.00000, 1.00000, 0.00000, -9.61000, 11.35000, 0.00000, 1.00000, },
			},
			["era_a_wooden_box.grp"] = {
				{ -0.17365, -0.98481, -0.00000, 0.00000, 0.98481, -0.17365, 0.00000, 0.00000, -0.00000, 0.00000, 1.00000, 0.00000, -10.73000, 0.56000, 0.00000, 1.00000, },
				{ -0.86771, -0.11270, -0.00000, 0.00000, 0.11270, -0.86771, 0.00000, 0.00000, -0.00000, 0.00000, 0.87500, 0.00000, -11.16000, 7.33000, 0.00000, 1.00000, },
				{ 0.04606, -0.69347, 0.00000, 0.00000, 0.69347, 0.04606, 0.00000, 0.00000, -0.00000, -0.00000, 0.69500, 0.00000, -10.58000, 5.87000, 0.00000, 1.00000, },
			},
			["random_medium_tree_town.grp"] = {
				{ 1.00000, 0.00000, 0.00000, 0.00000, 0.00000, 1.00000, 0.00000, 0.00000, 0.00000, 0.00000, 1.00000, 0.00000, -7.20000, 20.70000, 0.00000, 1.00000, },
				{ -0.80014, -0.08834, 0.00000, 0.00000, 0.08834, -0.80014, -0.00000, 0.00000, 0.00000, -0.00000, 0.80500, 0.00000, -10.48000, 18.90000, 0.00000, 1.00000, },
			},
			["random_shrub_town.grp"] = {
				{ 0.23970, -0.70010, 0.00000, 0.00000, 0.70010, 0.23970, -0.00000, 0.00000, 0.00000, 0.00000, 0.74000, 0.00000, -10.02000, 20.12380, 0.00000, 1.00000, },
				{ 0.67759, 0.29744, 0.00000, 0.00000, -0.29744, 0.67759, -0.00000, 0.00000, -0.00000, 0.00000, 0.74000, 0.00000, -10.40000, 17.82380, 0.00000, 1.00000, },
				{ 0.23970, -0.70010, 0.00000, 0.00000, 0.70010, 0.23970, -0.00000, 0.00000, 0.00000, 0.00000, 0.74000, 0.00000, -8.88000, 18.66380, 0.00000, 1.00000, },
				{ 0.23970, -0.70010, 0.00000, 0.00000, 0.70010, 0.23970, -0.00000, 0.00000, 0.00000, 0.00000, 0.74000, 0.00000, -7.46000, 19.58380, 0.00000, 1.00000, },
				{ -0.73999, -0.00387, 0.00000, 0.00000, 0.00387, -0.73999, -0.00000, 0.00000, 0.00000, -0.00000, 0.74000, 0.00000, -5.66000, 16.92380, 0.00000, 1.00000, },
			},
		},
	},
}
--End Generated

function data()
	return townbuildingutil.make_building2(
		{ { -4.60, -0.10 }, { 4.60, -0.10 }, { 4.60, 9.10 }, { -4.60, 9.10 } },
		"COMMERCIAL", 
		"A", 
		1,
		{ 3, 3 },
		generatedData,
		"construction/building/era_a/com_1_3x3_01.gtex"
	)
end
