local townbuildingutil = require "townbuildingutil"

--Model file: "building/era_a/com_1_3x4_04.mdl"

--Begin Generated
local generatedData = {
	["base"] = {
		models = {
			["building/era_a/com_1_3x4_04.mdl"] = {
				{ 1.00000, 0.00000, 0.00000, 0.00000, 0.00000, 1.00000, 0.00000, 0.00000, 0.00000, 0.00000, 1.00000, 0.00000, 0.00000, 2.00000, 0.00000, 1.00000, },
			},
			["building/era_a/res_1_1x2_01.mdl"] = {
				{ 1.00000, 0.00000, 0.00000, 0.00000, 0.00000, 1.00000, 0.00000, 0.00000, 0.00000, 0.00000, 1.00000, 0.00000, 4.50000, 20.70000, 0.00000, 1.00000, },
			},
		},
		curves = {
			["scaffold"] = {
				{ { 7.97036, 24.82595, 2.82880 }, { 7.97036, 24.82595, 2.82880 }, { 7.97036, 31.90810, 2.77953 }, { 7.97036, 31.90810, 2.77953 }, { 7.97036, 31.90810, 2.77953 }, { 0.96812, 31.90810, 2.82880 }, { 0.96811, 31.90810, 2.82880 }, { 0.96811, 31.90810, 2.82880 }, { 0.96811, 24.82595, 2.77953 }, { 0.96811, 24.82595, 2.77953 }, },
				{ { 4.16934, 3.82815, 0.00000 }, { 4.16934, 3.82815, 0.00000 }, { 4.16934, 4.70153, 0.00000 }, { 4.16934, 4.70153, 0.00000 }, { 4.16934, 4.70153, 0.00000 }, { 7.07837, 4.70153, 0.00000 }, { 7.07837, 4.70153, 0.00000 }, { 7.07837, 4.70153, 0.00000 }, { 7.07837, 10.89882, 0.00000 }, { 7.07837, 10.89882, 0.00000 }, { 7.07837, 10.89882, 0.00000 }, { 4.16934, 10.89882, 0.00000 }, { 4.16934, 10.89882, 0.00000 }, { 4.16934, 10.89882, 0.00000 }, { 4.16934, 11.57071, 0.00000 }, { 4.16934, 11.57071, 0.00000 }, { 4.16934, 11.57071, 0.00000 }, { -5.61417, 11.57076, 0.00000 }, { -5.61417, 11.57076, 0.00000 }, { -5.61417, 11.57076, 0.00000 }, { -5.61417, 3.82815, 0.00000 }, { -5.61417, 3.82815, 0.00000 }, },
			},
			["shared/asphalt_02.gtex.lua;shared/dirt.gtex.lua"] = {
				{ { 12.00000, 0.00000, 0.00000 }, { 12.00000, 0.00000, 0.00000 }, { 12.00000, 4.70153, 0.00000 }, { 12.00000, 4.70153, 0.00000 }, { 12.00000, 4.70153, 0.00000 }, { 6.37827, 4.70153, 0.00000 }, { 6.37827, 4.70153, 0.00000 }, { 6.37827, 4.70153, 0.00000 }, { 6.37827, 10.71692, 0.00000 }, { 6.37827, 10.71692, 0.00000 }, { 6.37827, 10.71692, 0.00000 }, { 3.79150, 10.71692, 0.00000 }, { 3.79150, 10.71692, 0.00000 }, { 3.79150, 10.71692, 0.00000 }, { 3.79150, 11.19287, 0.00000 }, { 3.79150, 11.19287, 0.00000 }, { 3.79150, 11.19287, 0.00000 }, { -5.11810, 11.19287, 0.00000 }, { -5.11810, 11.19287, 0.00000 }, { -5.11810, 11.19287, 0.00000 }, { -5.11810, 5.42815, 0.00000 }, { -5.11810, 5.42815, 0.00000 }, { -5.11810, 5.42815, 0.00000 }, { -12.00000, 5.42815, 0.00000 }, { -12.00000, 5.42815, 0.00000 }, { -12.00000, 5.42815, 0.00000 }, { -12.00000, -0.00100, 0.00000 }, { -12.00000, -0.00100, 0.00000 }, },
			},
			["shared/grass_cutted_01.gtex.lua"] = {
				{ { 3.79150, 13.50000, 0.00000 }, { 3.79150, 13.50000, 0.00000 }, { 3.79150, 16.50000, 0.00000 }, { 3.79150, 16.50000, 0.00000 }, { 3.79150, 16.50000, 0.00000 }, { -5.11810, 16.50000, 0.00000 }, { -5.11810, 16.50000, 0.00000 }, { -5.11810, 16.50000, 0.00000 }, { -5.11810, 13.50000, 0.00000 }, { -5.11810, 13.50000, 0.00000 }, },
				{ { 12.00000, 4.70153, 0.00000 }, { 12.00000, 4.70153, 0.00000 }, { 12.00000, 9.29900, 0.00000 }, { 12.00000, 9.29900, 0.00000 }, { 12.00000, 9.29900, 0.00000 }, { 6.37827, 9.29900, 0.00000 }, { 6.37827, 9.29900, 0.00000 }, { 6.37827, 9.29900, 0.00000 }, { 6.37827, 4.70153, 0.00000 }, { 6.37827, 4.70153, 0.00000 }, },
				{ { -9.67499, 5.42815, 0.00000 }, { -9.67499, 5.42816, 0.00000 }, { -9.67499, 24.83179, 0.00000 }, { -9.67499, 24.83179, 0.00000 }, { -9.67499, 24.83179, 0.00000 }, { 0.97360, 24.83179, 0.00000 }, { 0.97360, 24.83179, 0.00000 }, { 0.97360, 24.83179, 0.00000 }, { 0.96811, 32.00000, 0.00000 }, { 0.96811, 32.00000, 0.00000 }, { 0.96811, 32.00000, 0.00000 }, { -12.00000, 32.00000, 0.00000 }, { -12.00000, 32.00000, 0.00000 }, { -12.00000, 31.99999, 0.00000 }, { -12.00000, 5.42816, 0.00000 }, { -12.00000, 5.42815, 0.00000 }, },
				{ { 12.00000, 9.29900, 0.00000 }, { 12.00000, 9.29900, 0.00000 }, { 12.00000, 26.99999, 0.00000 }, { 12.00000, 27.00000, 0.00000 }, { 12.00000, 27.00000, 0.00000 }, { 9.69998, 27.00000, 0.00000 }, { 9.69998, 27.00000, 0.00000 }, { 9.69998, 26.99999, 0.00000 }, { 9.69998, 9.29900, 0.00000 }, { 9.69998, 9.29900, 0.00000 }, },
			},
			["shared/gravel_02.gtex.lua"] = {
				{ { -5.11810, 5.42815, 0.00000 }, { -5.11810, 5.42815, 0.00000 }, { -5.11810, 16.50000, 0.00000 }, { -5.11810, 16.50000, 0.00000 }, { -5.11810, 16.50000, 0.00000 }, { -9.67499, 16.50000, 0.00000 }, { -9.67499, 16.50000, 0.00000 }, { -9.67499, 16.50000, 0.00000 }, { -9.67499, 5.42815, 0.00000 }, { -9.67499, 5.42815, 0.00000 }, },
				{ { 9.69998, 9.29900, 0.00000 }, { 9.69998, 9.29900, 0.00000 }, { 9.69998, 26.99999, 0.00000 }, { 9.69998, 27.00000, 0.00000 }, { 9.69998, 27.00000, 0.00000 }, { 8.00000, 27.00000, 0.00000 }, { 8.00000, 27.00000, 0.00000 }, { 8.00000, 27.00000, 0.00000 }, { 8.00000, 32.00000, 0.00000 }, { 8.00000, 32.00000, 0.00000 }, { 8.00000, 32.00000, 0.00000 }, { 0.96811, 32.00000, 0.00000 }, { 0.96811, 32.00000, 0.00000 }, { 0.96811, 32.00000, 0.00000 }, { 0.97360, 24.83179, 0.00000 }, { 0.97360, 24.83179, 0.00000 }, { 0.97360, 24.83179, 0.00000 }, { -9.67499, 24.83179, 0.00000 }, { -9.67499, 24.83179, 0.00000 }, { -9.67499, 24.83179, 0.00000 }, { -9.67499, 16.50000, 0.00000 }, { -9.67499, 16.50000, 0.00000 }, { -9.67499, 16.50000, 0.00000 }, { 3.79150, 16.50000, 0.00000 }, { 3.79150, 16.50000, 0.00000 }, { 3.79150, 16.50000, 0.00000 }, { 3.79150, 13.50000, 0.00000 }, { 3.79150, 13.50000, 0.00000 }, { 3.79150, 13.50000, 0.00000 }, { 3.79150, 10.71692, 0.00000 }, { 3.79150, 10.71692, 0.00000 }, { 3.79150, 10.71692, 0.00000 }, { 6.37827, 10.71692, 0.00000 }, { 6.37827, 10.71692, 0.00000 }, { 6.37827, 10.71692, 0.00000 }, { 6.37827, 9.29900, 0.00000 }, { 6.37827, 9.29900, 0.00000 }, },
				{ { 3.79150, 11.19287, 0.00000 }, { 3.79150, 11.19287, 0.00000 }, { 3.79150, 13.50000, 0.00000 }, { 3.79150, 13.50000, 0.00000 }, { 3.79150, 13.50000, 0.00000 }, { -5.11810, 13.50000, 0.00000 }, { -5.11810, 13.50000, 0.00000 }, { -5.11810, 13.50000, 0.00000 }, { -5.11810, 11.19287, 0.00000 }, { -5.11810, 11.19287, 0.00000 }, },
			},
			["shared/gravel_03.gtex.lua;shared/dirt.gtex.lua"] = {
				{ { 12.00000, 27.00000, 0.00000 }, { 12.00000, 27.00000, 0.00000 }, { 12.00000, 32.00000, 0.00000 }, { 12.00000, 32.00000, 0.00000 }, { 12.00000, 32.00000, 0.00000 }, { 8.00000, 32.00000, 0.00000 }, { 8.00000, 32.00000, 0.00000 }, { 8.00000, 32.00000, 0.00000 }, { 8.00000, 27.00000, 0.00000 }, { 8.00000, 27.00000, 0.00000 }, },
			},
		},
	},
	["layout_1"] = {
		models = {
			["asset/commercial/all_eras/era_a_com_wall.mdl"] = {
				{ 0.00000, 1.00000, 0.00000, 0.00000, -1.00000, 0.00000, -0.00000, 0.00000, -0.00000, -0.00000, 1.00000, 0.00000, 11.84999, 16.49900, 0.00000, 1.00000, },
				{ 0.00000, 1.00000, 0.00000, 0.00000, -1.00000, 0.00000, -0.00000, 0.00000, -0.00000, -0.00000, 1.00000, 0.00000, 11.84999, 22.49900, 0.00000, 1.00000, },
				{ 0.00000, 1.00000, 0.00000, 0.00000, -1.00000, 0.00000, -0.00000, 0.00000, -0.00000, -0.00000, 1.00000, 0.00000, 11.84999, 13.49900, 0.00000, 1.00000, },
				{ 0.00000, 1.00000, 0.00000, 0.00000, -1.00000, 0.00000, -0.00000, 0.00000, -0.00000, -0.00000, 1.00000, 0.00000, 11.84999, 19.49900, 0.00000, 1.00000, },
				{ 0.00000, 1.00000, 0.00000, 0.00000, -1.00000, 0.00000, -0.00000, 0.00000, -0.00000, -0.00000, 1.00000, 0.00000, 11.84999, 25.49900, 0.00000, 1.00000, },
				{ 1.00000, -0.00000, 0.00000, 0.00000, 0.00000, 1.00000, -0.00000, 0.00000, -0.00000, 0.00000, 1.00000, 0.00000, 10.20230, 26.84900, 0.00000, 1.00000, },
				{ 1.00000, -0.00000, 0.00000, 0.00000, 0.00000, 1.00000, -0.00000, 0.00000, -0.00000, 0.00000, 1.00000, 0.00000, 7.20230, 26.84900, 0.00000, 1.00000, },
				{ 0.00000, 1.00000, 0.00000, 0.00000, -1.00000, 0.00000, -0.00000, 0.00000, -0.00000, -0.00000, 1.00000, 0.00000, 11.85000, 10.49900, 0.00000, 1.00000, },
				{ 1.00000, -0.00000, 0.00000, 0.00000, 0.00000, 1.00000, -0.00000, 0.00000, -0.00000, 0.00000, 1.00000, 0.00000, 10.20100, 9.14900, 0.00000, 1.00000, },
				{ 1.00000, -0.00000, 0.00000, 0.00000, 0.00000, 1.00000, -0.00000, 0.00000, -0.00000, 0.00000, 1.00000, 0.00000, 7.20100, 9.14900, 0.00000, 1.00000, },
				{ 0.00000, 1.00000, 0.00000, 0.00000, -1.00000, 0.00000, -0.00000, 0.00000, -0.00000, -0.00000, 1.00000, 0.00000, -11.85001, 16.49900, 0.00000, 1.00000, },
				{ 0.00000, 1.00000, 0.00000, 0.00000, -1.00000, 0.00000, -0.00000, 0.00000, -0.00000, -0.00000, 1.00000, 0.00000, -11.85001, 22.49900, 0.00000, 1.00000, },
				{ 0.00000, 1.00000, 0.00000, 0.00000, -1.00000, 0.00000, -0.00000, 0.00000, -0.00000, -0.00000, 1.00000, 0.00000, -11.85001, 28.49900, 0.00000, 1.00000, },
				{ 0.00000, 1.00000, 0.00000, 0.00000, -1.00000, 0.00000, -0.00000, 0.00000, -0.00000, -0.00000, 1.00000, 0.00000, -11.85001, 13.49900, 0.00000, 1.00000, },
				{ 0.00000, 1.00000, 0.00000, 0.00000, -1.00000, 0.00000, -0.00000, 0.00000, -0.00000, -0.00000, 1.00000, 0.00000, -11.85001, 19.49900, 0.00000, 1.00000, },
				{ 0.00000, 1.00000, 0.00000, 0.00000, -1.00000, 0.00000, -0.00000, 0.00000, -0.00000, -0.00000, 1.00000, 0.00000, -11.85001, 25.49900, 0.00000, 1.00000, },
				{ 0.00000, 0.67130, 0.00000, 0.00000, -1.00000, 0.00000, -0.00000, 0.00000, -0.00000, -0.00000, 1.00000, 0.00000, -11.85001, 31.00595, 0.00000, 1.00000, },
				{ 0.00000, 1.00000, 0.00000, 0.00000, -1.00000, 0.00000, -0.00000, 0.00000, -0.00000, -0.00000, 1.00000, 0.00000, -11.85000, 10.49900, 0.00000, 1.00000, },
				{ 0.00000, 1.14000, 0.00000, 0.00000, -1.00000, 0.00000, -0.00000, 0.00000, -0.00000, -0.00000, 1.00000, 0.00000, -11.85000, 7.28900, 0.00000, 1.00000, },
				{ -1.00000, 0.00000, 0.00000, 0.00000, -0.00000, -1.00000, -0.00000, 0.00000, 0.00000, -0.00000, 1.00000, 0.00000, -10.50000, 5.43500, 0.00000, 1.00000, },
				{ -1.17000, 0.00000, 0.00000, 0.00000, -0.00000, -1.00000, -0.00000, 0.00000, 0.00000, -0.00000, 1.00000, 0.00000, -7.24500, 5.43500, 0.00000, 1.00000, },
			},
			["street/street_asset_mix/trash_standing_a.mdl"] = {
				{ -0.00000, -1.00000, 0.00000, 0.00000, 1.00000, -0.00000, 0.00000, 0.00000, 0.00000, 0.00000, 1.00000, 0.00000, -8.77262, 4.52000, 0.00000, 1.00000, },
			},
		},
		groups = {
			["era_a_barrel_wood.grp"] = {
				{ 0.93378, -0.35785, 0.00000, 0.00000, 0.35785, 0.93378, 0.00000, 0.00000, 0.00000, 0.00000, 1.00000, 0.00000, 8.48649, 30.74596, -0.00000, 1.00000, },
				{ 0.93378, -0.35785, 0.00000, 0.00000, 0.35785, 0.93378, 0.00000, 0.00000, 0.00000, 0.00000, 1.00000, 0.00000, 8.48649, 29.39596, -0.00000, 1.00000, },
				{ 0.93378, -0.35785, 0.00000, 0.00000, 0.35785, 0.93378, 0.00000, 0.00000, 0.00000, 0.00000, 1.00000, 0.00000, 9.43649, 30.04596, -0.00000, 1.00000, },
			},
			["era_a_com_1_asset_food_box_m.grp"] = {
				{ 0.99337, 0.11494, 0.00000, 0.00000, -0.11494, 0.99337, 0.00000, 0.00000, 0.00000, 0.00000, 1.00000, 0.00000, 8.13000, 27.90000, 0.00000, 1.00000, },
			},
			["era_a_com_1_asset_ground_chair.grp"] = {
				{ 0.92992, 0.36777, 0.00000, 0.00000, -0.36777, 0.92992, 0.00000, 0.00000, 0.00000, 0.00000, 1.00000, 0.00000, -8.87591, 15.65555, 0.00000, 1.00000, seed = 476, },
				{ 0.99585, -0.09102, 0.00000, 0.00000, 0.09102, 0.99585, 0.00000, 0.00000, 0.00000, 0.00000, 1.00000, 0.00000, -7.83867, 15.73132, 0.00000, 1.00000, seed = 476, },
				{ -0.97965, -0.20070, -0.00000, 0.00000, 0.20070, -0.97965, 0.00000, 0.00000, -0.00000, 0.00000, 1.00000, 0.00000, -7.72575, 14.18544, 0.00000, 1.00000, seed = 476, },
				{ -0.99977, 0.02133, -0.00000, 0.00000, -0.02133, -0.99977, 0.00000, 0.00000, -0.00000, 0.00000, 1.00000, 0.00000, -8.76153, 14.08973, 0.00000, 1.00000, seed = 476, },
				{ 0.97671, 0.21456, 0.00000, 0.00000, -0.21456, 0.97671, 0.00000, 0.00000, 0.00000, 0.00000, 1.00000, 0.00000, -9.19884, 18.95274, 0.00000, 1.00000, seed = 476, },
				{ 0.99843, -0.05600, 0.00000, 0.00000, 0.05600, 0.99843, 0.00000, 0.00000, 0.00000, 0.00000, 1.00000, 0.00000, -8.16490, 19.06487, 0.00000, 1.00000, seed = 476, },
				{ -0.97200, -0.23496, -0.00000, 0.00000, 0.23496, -0.97200, 0.00000, 0.00000, -0.00000, 0.00000, 1.00000, 0.00000, -7.99778, 17.52391, 0.00000, 1.00000, seed = 476, },
				{ -0.99991, -0.01378, -0.00000, 0.00000, 0.01378, -0.99991, 0.00000, 0.00000, -0.00000, 0.00000, 1.00000, 0.00000, -9.02956, 17.39189, 0.00000, 1.00000, seed = 476, },
				{ 0.99396, 0.10973, 0.00000, 0.00000, -0.10973, 0.99396, 0.00000, 0.00000, 0.00000, 0.00000, 1.00000, 0.00000, -9.11736, 22.21893, 0.00000, 1.00000, seed = 476, },
				{ 0.98685, -0.16161, 0.00000, 0.00000, 0.16161, 0.98685, 0.00000, 0.00000, 0.00000, 0.00000, 1.00000, 0.00000, -8.07736, 22.22073, 0.00000, 1.00000, seed = 476, },
				{ -0.99145, -0.13052, -0.00000, 0.00000, 0.13052, -0.99145, 0.00000, 0.00000, -0.00000, 0.00000, 1.00000, 0.00000, -8.07467, 20.67074, 0.00000, 1.00000, seed = 476, },
				{ -0.99572, 0.09238, -0.00000, 0.00000, -0.09238, -0.99572, 0.00000, 0.00000, -0.00000, 0.00000, 1.00000, 0.00000, -9.11463, 20.64893, 0.00000, 1.00000, seed = 476, },
				{ 0.27467, -0.96154, -0.00000, 0.00000, 0.96154, 0.27467, 0.00000, 0.00000, 0.00000, -0.00000, 1.00000, 0.00000, -1.50764, 22.72946, 0.00000, 1.00000, seed = 476, },
				{ -0.18837, -0.98210, 0.00000, 0.00000, 0.98210, -0.18837, 0.00000, 0.00000, 0.00000, 0.00000, 1.00000, 0.00000, -1.53410, 21.68980, 0.00000, 1.00000, seed = 476, },
				{ -0.10353, 0.99463, -0.00000, 0.00000, -0.99463, -0.10353, 0.00000, 0.00000, 0.00000, 0.00000, 1.00000, 0.00000, -3.08360, 21.72923, 0.00000, 1.00000, seed = 476, },
				{ 0.11940, 0.99285, -0.00000, 0.00000, -0.99285, 0.11940, 0.00000, 0.00000, 0.00000, 0.00000, 1.00000, 0.00000, -3.07713, 22.76940, 0.00000, 1.00000, seed = 476, },
				{ 0.27467, -0.96154, -0.00000, 0.00000, 0.96154, 0.27467, 0.00000, 0.00000, 0.00000, -0.00000, 1.00000, 0.00000, 2.31236, 22.72946, 0.00000, 1.00000, seed = 476, },
				{ -0.18837, -0.98210, 0.00000, 0.00000, 0.98210, -0.18837, 0.00000, 0.00000, 0.00000, 0.00000, 1.00000, 0.00000, 2.28590, 21.68980, 0.00000, 1.00000, seed = 476, },
				{ -0.10353, 0.99463, -0.00000, 0.00000, -0.99463, -0.10353, 0.00000, 0.00000, 0.00000, 0.00000, 1.00000, 0.00000, 0.73640, 21.72923, 0.00000, 1.00000, seed = 476, },
				{ 0.11940, 0.99285, -0.00000, 0.00000, -0.99285, 0.11940, 0.00000, 0.00000, 0.00000, 0.00000, 1.00000, 0.00000, 0.74287, 22.76940, 0.00000, 1.00000, seed = 476, },
				{ 0.39622, -0.91815, 0.00000, 0.00000, 0.91815, 0.39622, 0.00000, 0.00000, 0.00000, 0.00000, 1.00000, 0.00000, -1.38648, 19.27970, 0.00000, 1.00000, seed = 476, },
				{ -0.06031, -0.99818, 0.00000, 0.00000, 0.99818, -0.06031, 0.00000, 0.00000, 0.00000, 0.00000, 1.00000, 0.00000, -1.27881, 18.24529, 0.00000, 1.00000, seed = 476, },
				{ -0.23077, 0.97301, -0.00000, 0.00000, -0.97301, -0.23077, 0.00000, 0.00000, 0.00000, 0.00000, 1.00000, 0.00000, -2.82049, 18.08482, 0.00000, 1.00000, seed = 476, },
				{ -0.00947, 0.99996, -0.00000, 0.00000, -0.99996, -0.00947, 0.00000, 0.00000, 0.00000, 0.00000, 1.00000, 0.00000, -2.94805, 19.11716, 0.00000, 1.00000, seed = 476, },
				{ 0.39622, -0.91815, 0.00000, 0.00000, 0.91815, 0.39622, 0.00000, 0.00000, 0.00000, 0.00000, 1.00000, 0.00000, 2.43352, 19.27970, 0.00000, 1.00000, seed = 476, },
				{ -0.06031, -0.99818, 0.00000, 0.00000, 0.99818, -0.06031, 0.00000, 0.00000, 0.00000, 0.00000, 1.00000, 0.00000, 2.54119, 18.24529, 0.00000, 1.00000, seed = 476, },
				{ -0.23077, 0.97301, -0.00000, 0.00000, -0.97301, -0.23077, 0.00000, 0.00000, 0.00000, 0.00000, 1.00000, 0.00000, 0.99951, 18.08482, 0.00000, 1.00000, seed = 476, },
				{ -0.00947, 0.99996, -0.00000, 0.00000, -0.99996, -0.00947, 0.00000, 0.00000, 0.00000, 0.00000, 1.00000, 0.00000, 0.87195, 19.11716, 0.00000, 1.00000, seed = 476, },
				{ 0.21375, -0.97689, -0.00000, 0.00000, 0.97689, 0.21375, 0.00000, 0.00000, 0.00000, -0.00000, 1.00000, 0.00000, 9.49588, 12.73722, 0.00000, 1.00000, seed = 476, },
				{ -0.24966, -0.96833, 0.00000, 0.00000, 0.96833, -0.24966, 0.00000, 0.00000, 0.00000, 0.00000, 1.00000, 0.00000, 9.40419, 11.70127, 0.00000, 1.00000, seed = 476, },
				{ -0.04087, 0.99916, -0.00000, 0.00000, -0.99916, -0.04087, 0.00000, 0.00000, 0.00000, 0.00000, 1.00000, 0.00000, 7.86023, 11.83792, 0.00000, 1.00000, seed = 476, },
				{ 0.18151, 0.98339, -0.00000, 0.00000, -0.98339, 0.18151, 0.00000, 0.00000, 0.00000, 0.00000, 1.00000, 0.00000, 7.93199, 12.87563, 0.00000, 1.00000, seed = 476, },
				{ 0.39622, -0.91815, 0.00000, 0.00000, 0.91815, 0.39622, 0.00000, 0.00000, 0.00000, 0.00000, 1.00000, 0.00000, 9.38352, 16.08970, 0.00000, 1.00000, seed = 476, },
				{ -0.06031, -0.99818, 0.00000, 0.00000, 0.99818, -0.06031, 0.00000, 0.00000, 0.00000, 0.00000, 1.00000, 0.00000, 9.49119, 15.05529, 0.00000, 1.00000, seed = 476, },
				{ -0.23077, 0.97301, -0.00000, 0.00000, -0.97301, -0.23077, 0.00000, 0.00000, 0.00000, 0.00000, 1.00000, 0.00000, 7.94951, 14.89482, 0.00000, 1.00000, seed = 476, },
				{ -0.00947, 0.99996, -0.00000, 0.00000, -0.99996, -0.00947, 0.00000, 0.00000, 0.00000, 0.00000, 1.00000, 0.00000, 7.82195, 15.92716, 0.00000, 1.00000, seed = 476, },
				{ 0.26459, -0.96436, -0.00000, 0.00000, 0.96436, 0.26459, 0.00000, 0.00000, 0.00000, -0.00000, 1.00000, 0.00000, 9.46817, 19.48090, 0.00000, 1.00000, seed = 476, },
				{ -0.19864, -0.98007, 0.00000, 0.00000, 0.98007, -0.19864, 0.00000, 0.00000, 0.00000, 0.00000, 1.00000, 0.00000, 9.43083, 18.44157, 0.00000, 1.00000, seed = 476, },
				{ -0.09311, 0.99566, -0.00000, 0.00000, -0.99566, -0.09311, 0.00000, 0.00000, 0.00000, 0.00000, 1.00000, 0.00000, 7.88183, 18.49723, 0.00000, 1.00000, seed = 476, },
				{ 0.12979, 0.99154, -0.00000, 0.00000, -0.99154, 0.12979, 0.00000, 0.00000, 0.00000, 0.00000, 1.00000, 0.00000, 7.89918, 19.53728, 0.00000, 1.00000, seed = 476, },
				{ 0.20693, -0.97836, 0.00000, 0.00000, 0.97836, 0.20693, -0.00000, 0.00000, 0.00000, 0.00000, 1.00000, 0.00000, 9.29940, 22.98129, -0.00000, 1.00000, seed = 476, },
				{ -0.25642, -0.96657, 0.00000, 0.00000, 0.96657, -0.25642, 0.00000, 0.00000, 0.00000, 0.00000, 1.00000, 0.00000, 9.20049, 21.94600, 0.00000, 1.00000, seed = 476, },
				{ -0.03389, 0.99943, -0.00000, 0.00000, -0.99943, -0.03389, 0.00000, 0.00000, 0.00000, 0.00000, 1.00000, 0.00000, 7.65751, 22.09343, 0.00000, 1.00000, seed = 476, },
				{ 0.18837, 0.98210, -0.00000, 0.00000, -0.98210, 0.18837, 0.00000, 0.00000, 0.00000, 0.00000, 1.00000, 0.00000, 7.73652, 23.13061, -0.00000, 1.00000, seed = 476, },
			},
			["era_a_com_1_asset_ground_sunshade.grp"] = {
				{ 0.04226, 0.99911, 0.00000, 0.00000, -0.99911, 0.04226, 0.00000, 0.00000, 0.00000, 0.00000, 1.00000, 0.00000, -8.22715, 14.73541, 0.00000, 1.00000, seed = 476, },
				{ 0.54155, -0.84067, 0.00000, 0.00000, 0.84067, 0.54155, 0.00000, 0.00000, 0.00000, 0.00000, 1.00000, 0.00000, -8.53435, 18.20506, 0.00000, 1.00000, seed = 476, },
				{ 0.44931, -0.89338, 0.00000, 0.00000, 0.89338, 0.44931, 0.00000, 0.00000, 0.00000, 0.00000, 1.00000, 0.00000, -8.53594, 21.40497, 0.00000, 1.00000, seed = 476, },
				{ -0.87679, -0.48087, 0.00000, 0.00000, 0.48087, -0.87679, 0.00000, 0.00000, 0.00000, 0.00000, 1.00000, 0.00000, -2.33710, 22.17038, 0.00000, 1.00000, seed = 476, },
				{ -0.87679, -0.48087, 0.00000, 0.00000, 0.48087, -0.87679, 0.00000, 0.00000, 0.00000, 0.00000, 1.00000, 0.00000, 1.48290, 22.17038, 0.00000, 1.00000, seed = 476, },
				{ -0.80755, -0.58979, 0.00000, 0.00000, 0.58979, -0.80755, 0.00000, 0.00000, 0.00000, 0.00000, 1.00000, 0.00000, -2.13703, 18.61844, 0.00000, 1.00000, seed = 476, },
				{ -0.80755, -0.58979, 0.00000, 0.00000, 0.58979, -0.80755, 0.00000, 0.00000, 0.00000, 0.00000, 1.00000, 0.00000, 1.68297, 18.61844, 0.00000, 1.00000, seed = 476, },
				{ -0.90526, -0.42487, 0.00000, 0.00000, 0.42487, -0.90526, 0.00000, 0.00000, 0.00000, 0.00000, 1.00000, 0.00000, 8.63295, 12.23133, 0.00000, 1.00000, seed = 476, },
				{ -0.80755, -0.58979, 0.00000, 0.00000, 0.58979, -0.80755, 0.00000, 0.00000, 0.00000, 0.00000, 1.00000, 0.00000, 8.63297, 15.42844, 0.00000, 1.00000, seed = 476, },
				{ -0.88178, -0.47166, 0.00000, 0.00000, 0.47166, -0.88178, 0.00000, 0.00000, 0.00000, 0.00000, 1.00000, 0.00000, 8.63290, 18.93054, 0.00000, 1.00000, seed = 476, },
				{ -0.90820, -0.41854, 0.00000, 0.00000, 0.41854, -0.90820, 0.00000, 0.00000, 0.00000, 0.00000, 1.00000, 0.00000, 8.43296, 22.48143, -0.00000, 1.00000, seed = 476, },
			},
			["era_a_com_1_asset_ground_table.grp"] = {
				{ 0.99734, 0.07285, 0.00000, 0.00000, -0.07285, 0.99734, 0.00000, 0.00000, 0.00000, 0.00000, 1.00000, 0.00000, -8.23917, 14.90000, 0.00000, 1.00000, seed = 476, },
				{ 0.99417, 0.10782, 0.00000, 0.00000, -0.10782, 0.99417, 0.00000, 0.00000, 0.00000, 0.00000, 1.00000, 0.00000, -8.53597, 18.22000, 0.00000, 1.00000, seed = 476, },
				{ 1.00000, 0.00174, 0.00000, 0.00000, -0.00174, 1.00000, 0.00000, 0.00000, 0.00000, 0.00000, 1.00000, 0.00000, -8.53597, 21.42000, 0.00000, 1.00000, seed = 476, },
				{ -0.02544, -0.99968, 0.00000, 0.00000, 0.99968, -0.02544, 0.00000, 0.00000, 0.00000, 0.00000, 1.00000, 0.00000, -2.32207, 22.17000, 0.00000, 1.00000, seed = 476, },
				{ -0.02544, -0.99968, 0.00000, 0.00000, 0.99968, -0.02544, 0.00000, 0.00000, 0.00000, 0.00000, 1.00000, 0.00000, 1.49793, 22.17000, 0.00000, 1.00000, seed = 476, },
				{ 0.10353, -0.99463, 0.00000, 0.00000, 0.99463, 0.10353, 0.00000, 0.00000, 0.00000, 0.00000, 1.00000, 0.00000, -2.12207, 18.62000, 0.00000, 1.00000, seed = 476, },
				{ 0.10353, -0.99463, 0.00000, 0.00000, 0.99463, 0.10353, 0.00000, 0.00000, 0.00000, 0.00000, 1.00000, 0.00000, 1.69793, 18.62000, 0.00000, 1.00000, seed = 476, },
				{ -0.08816, -0.99611, 0.00000, 0.00000, 0.99611, -0.08816, 0.00000, 0.00000, 0.00000, 0.00000, 1.00000, 0.00000, 8.64793, 12.23000, 0.00000, 1.00000, seed = 476, },
				{ 0.10353, -0.99463, 0.00000, 0.00000, 0.99463, 0.10353, 0.00000, 0.00000, 0.00000, 0.00000, 1.00000, 0.00000, 8.64793, 15.43000, 0.00000, 1.00000, seed = 476, },
				{ -0.03591, -0.99936, 0.00000, 0.00000, 0.99936, -0.03591, 0.00000, 0.00000, 0.00000, 0.00000, 1.00000, 0.00000, 8.64793, 18.93000, 0.00000, 1.00000, seed = 476, },
				{ -0.09511, -0.99547, 0.00000, 0.00000, 0.99547, -0.09511, 0.00000, 0.00000, 0.00000, 0.00000, 1.00000, 0.00000, 8.44793, 22.48000, 0.00000, 1.00000, seed = 476, },
			},
			["era_a_com_1_asset_restaurant_awning_end.grp"] = {
				{ -1.00500, 0.00000, 0.00000, 0.00000, -0.00000, -1.00000, -0.00000, 0.00000, 0.00000, -0.00000, 1.00000, 0.00000, -3.74500, 11.19000, 3.14000, 1.00000, align = { 0.00000, 2.00000 }, seed = 458, },
				{ 1.00500, 0.00000, 0.00000, 0.00000, 0.00000, 1.00000, 0.00000, 0.00000, 0.00000, 0.00000, 1.00000, 0.00000, 2.28500, 4.22000, 3.14000, 1.00000, align = { 0.00000, 2.00000 }, seed = 458, },
			},
			["era_a_com_1_asset_restaurant_awning_repeat.grp"] = {
				{ -1.00500, 0.00000, 0.00000, 0.00000, -0.00000, -1.00000, -0.00000, 0.00000, 0.00000, -0.00000, 1.00000, 0.00000, 2.28500, 11.19000, 3.14000, 1.00000, align = { 0.00000, 2.00000 }, seed = 458, },
				{ -1.00500, 0.00000, 0.00000, 0.00000, -0.00000, -1.00000, -0.00000, 0.00000, 0.00000, -0.00000, 1.00000, 0.00000, -0.73000, 11.19000, 3.14000, 1.00000, align = { 0.00000, 2.00000 }, seed = 458, },
				{ -1.00500, 0.00000, 0.00000, 0.00000, -0.00000, -1.00000, -0.00000, 0.00000, 0.00000, -0.00000, 1.00000, 0.00000, -3.74500, 11.19000, 3.14000, 1.00000, align = { 0.00000, 2.00000 }, seed = 458, },
				{ 1.00500, 0.00000, 0.00000, 0.00000, 0.00000, 1.00000, 0.00000, 0.00000, 0.00000, 0.00000, 1.00000, 0.00000, -3.74500, 4.22000, 3.14000, 1.00000, align = { 0.00000, 2.00000 }, seed = 458, },
				{ 1.00500, 0.00000, 0.00000, 0.00000, 0.00000, 1.00000, 0.00000, 0.00000, 0.00000, 0.00000, 1.00000, 0.00000, -0.73000, 4.22000, 3.14000, 1.00000, align = { 0.00000, 2.00000 }, seed = 458, },
				{ 1.00500, 0.00000, 0.00000, 0.00000, 0.00000, 1.00000, 0.00000, 0.00000, 0.00000, 0.00000, 1.00000, 0.00000, 2.28500, 4.22000, 3.14000, 1.00000, align = { 0.00000, 2.00000 }, seed = 458, },
			},
			["era_a_com_1_asset_restaurant_awning_start.grp"] = {
				{ -1.00500, 0.00000, 0.00000, 0.00000, -0.00000, -1.00000, -0.00000, 0.00000, 0.00000, -0.00000, 1.00000, 0.00000, 2.28500, 11.19000, 3.14000, 1.00000, align = { 0.00000, 2.00000 }, seed = 458, },
				{ 1.00500, 0.00000, 0.00000, 0.00000, 0.00000, 1.00000, 0.00000, 0.00000, 0.00000, 0.00000, 1.00000, 0.00000, -3.74500, 4.22000, 3.14000, 1.00000, align = { 0.00000, 2.00000 }, seed = 458, },
			},
			["era_a_com_1_asset_restaurant_menu_01.grp"] = {
				{ -0.46330, 0.88620, -0.00000, 0.00000, -0.88620, -0.46330, 0.00000, 0.00000, -0.00000, 0.00000, 1.00000, 0.00000, -3.70000, 2.78000, 0.00000, 1.00000, seed = 458, },
				{ 0.45088, 0.89259, 0.00000, 0.00000, -0.89259, 0.45088, 0.00000, 0.00000, 0.00000, 0.00000, 1.00000, 0.00000, -3.96000, 12.38000, 0.00000, 1.00000, align = { 0.00000, 2.00000 }, seed = 458, },
			},
			["era_a_com_1_asset_restaurant_sign_02.grp"] = {
				{ 1.00000, 0.00000, 0.00000, 0.00000, 0.00000, 1.00000, 0.00000, 0.00000, 0.00000, 0.00000, 1.00000, 0.00000, 4.45000, 24.95000, 3.55000, 1.00000, align = { 4.50000, 20.70000 }, seed = 458, },
			},
			["era_a_com_1_asset_restaurant_wall_sign_02.grp"] = {
				{ 1.00000, 0.00000, 0.00000, 0.00000, 0.00000, 1.00000, 0.00000, 0.00000, 0.00000, 0.00000, 1.00000, 0.00000, 5.81000, 4.90000, 2.70000, 1.00000, align = { 0.00000, 2.00000 }, seed = 458, },
			},
			["era_a_com_2_asset_restaurant_sign_02.grp"] = {
				{ 1.00000, 0.00000, 0.00000, 0.00000, 0.00000, 1.00000, 0.00000, 0.00000, 0.00000, 0.00000, 1.00000, 0.00000, -0.72241, 4.28000, 3.80000, 1.00000, align = { 0.00000, 2.00000 }, seed = 458, },
			},
			["era_a_garden_bench.grp"] = {
				{ 0.99978, -0.02094, 0.00000, 0.00000, 0.02094, 0.99978, 0.00000, 0.00000, -0.00000, -0.00000, 1.00000, 0.00000, -7.10262, 4.53000, 0.00000, 1.00000, seed = 456, },
				{ 0.99978, -0.02094, 0.00000, 0.00000, 0.02094, 0.99978, 0.00000, 0.00000, -0.00000, -0.00000, 1.00000, 0.00000, -10.60262, 4.53000, 0.00000, 1.00000, seed = 456, },
			},
			["era_a_garden_chair.grp"] = {
				{ -0.73135, 0.68200, 0.00000, 0.00000, -0.68200, -0.73135, 0.00000, 0.00000, 0.00000, 0.00000, 1.00000, 0.00000, -8.47789, 8.42848, 0.00000, 1.00000, seed = 256, },
				{ 0.74080, 0.67172, 0.00000, 0.00000, -0.67172, 0.74080, 0.00000, 0.00000, 0.00000, 0.00000, 1.00000, 0.00000, -8.44623, 9.51010, 0.00000, 1.00000, seed = 256, },
				{ -0.63742, -0.77051, 0.00000, 0.00000, 0.77051, -0.63742, 0.00000, 0.00000, 0.00000, 0.00000, 1.00000, 0.00000, -7.49101, 8.48640, 0.00000, 1.00000, seed = 256, },
				{ 0.65869, -0.75241, 0.00000, 0.00000, 0.75241, 0.65869, 0.00000, 0.00000, 0.00000, 0.00000, 1.00000, 0.00000, -7.41716, 9.41729, 0.00000, 1.00000, seed = 256, },
			},
			["era_a_garden_ladder.grp"] = {
				{ 0.92050, -0.39073, 0.00000, 0.00000, 0.39073, 0.92050, 0.00000, 0.00000, 0.00000, 0.00000, 1.00000, 0.00000, -7.97001, 30.80000, 0.00000, 1.00000, },
			},
			["era_a_waggon_01.grp"] = {
				{ 0.53583, 0.84433, 0.00000, 0.00000, -0.84433, 0.53583, 0.00000, 0.00000, 0.00000, 0.00000, 1.00000, 0.00000, 9.60177, 6.51000, 0.00000, 1.00000, },
			},
			["era_a_wooden_box.grp"] = {
				{ -0.17365, -0.98481, -0.00000, 0.00000, 0.98481, -0.17365, 0.00000, 0.00000, -0.00000, 0.00000, 1.00000, 0.00000, 10.96000, 30.80000, 0.00000, 1.00000, },
				{ 0.02792, -0.99961, 0.00000, 0.00000, 0.99961, 0.02792, 0.00000, 0.00000, -0.00000, -0.00000, 1.00000, 0.00000, 10.96000, 29.55000, 0.00000, 1.00000, },
				{ -0.04536, -0.99897, -0.00000, 0.00000, 0.99897, -0.04536, 0.00000, 0.00000, -0.00000, 0.00000, 1.00000, 0.00000, 10.96000, 28.35000, 0.00000, 1.00000, },
			},
			["garden_table_round.grp"] = {
				{ 0.74080, 0.67172, 0.00000, 0.00000, -0.67172, 0.74080, 0.00000, 0.00000, 0.00000, 0.00000, 1.00000, 0.00000, -7.97000, 8.97000, 0.00000, 1.00000, seed = 256, },
			},
			["random_large_tree_town.grp"] = {
				{ 0.36238, -0.73001, 0.00000, 0.00000, 0.73001, 0.36238, 0.00000, 0.00000, 0.00000, 0.00000, 0.81500, 0.00000, -2.83000, 29.17000, 0.00000, 1.00000, },
				{ 0.57435, -0.01604, 0.00000, 0.00000, 0.01604, 0.57435, 0.00000, 0.00000, 0.00000, 0.00000, 0.57458, 0.00000, -5.38000, 30.17000, 0.00000, 1.00000, },
			},
			["random_medium_tree_town.grp"] = {
				{ 0.23750, -0.67440, 0.00000, 0.00000, 0.67440, 0.23750, 0.00000, 0.00000, 0.00000, 0.00000, 0.71500, 0.00000, -8.55000, 28.95000, 0.00000, 1.00000, },
			},
			["random_shrub_town.grp"] = {
				{ 0.85012, -0.52659, 0.00000, 0.00000, 0.52659, 0.85012, -0.00000, 0.00000, -0.00000, 0.00000, 1.00000, 0.00000, -9.34000, 27.40000, 0.00000, 1.00000, },
				{ -0.30278, 0.95306, 0.00000, 0.00000, -0.95306, -0.30278, -0.00000, 0.00000, -0.00000, -0.00000, 1.00000, 0.00000, -10.14000, 28.20000, 0.00000, 1.00000, },
				{ -0.98414, 0.17738, 0.00000, 0.00000, -0.17738, -0.98414, -0.00000, 0.00000, 0.00000, -0.00000, 1.00000, 0.00000, -7.24000, 26.30000, 0.00000, 1.00000, },
				{ 0.89626, -0.44352, 0.00000, 0.00000, 0.44352, 0.89626, -0.00000, 0.00000, -0.00000, 0.00000, 1.00000, 0.00000, -5.44000, 25.90000, 0.00000, 1.00000, },
				{ -0.99939, -0.03501, 0.00000, 0.00000, 0.03501, -0.99939, -0.00000, 0.00000, 0.00000, -0.00000, 1.00000, 0.00000, -3.82000, 15.03000, 0.00000, 1.00000, },
				{ -0.42860, -0.90349, 0.00000, 0.00000, 0.90349, -0.42860, -0.00000, 0.00000, 0.00000, 0.00000, 1.00000, 0.00000, -1.74000, 15.03000, 0.00000, 1.00000, },
				{ 0.91758, 0.39756, 0.00000, 0.00000, -0.39756, 0.91758, -0.00000, 0.00000, -0.00000, -0.00000, 1.00000, 0.00000, 0.12000, 15.03000, 0.00000, 1.00000, },
				{ 0.50261, -0.86451, 0.00000, 0.00000, 0.86451, 0.50261, -0.00000, 0.00000, -0.00000, 0.00000, 1.00000, 0.00000, 2.10000, 15.03000, 0.00000, 1.00000, },
				{ -0.94662, -0.32234, 0.00000, 0.00000, 0.32234, -0.94662, -0.00000, 0.00000, 0.00000, -0.00000, 1.00000, 0.00000, -3.24000, 26.30000, 0.00000, 1.00000, },
				{ 0.20380, 0.97901, 0.00000, 0.00000, -0.97901, 0.20380, -0.00000, 0.00000, -0.00000, -0.00000, 1.00000, 0.00000, -1.48000, 26.80000, 0.00000, 1.00000, },
				{ -0.99671, -0.08107, 0.00000, 0.00000, 0.08107, -0.99671, -0.00000, 0.00000, 0.00000, -0.00000, 1.00000, 0.00000, -0.28000, 27.62000, 0.00000, 1.00000, },
			},
			["random_shrub_town_fence.grp"] = {
				{ -0.07350, -0.73634, -0.00000, 0.00000, 0.73634, -0.07350, -0.00000, 0.00000, -0.00000, -0.00000, 0.74000, 0.00000, -10.78250, 26.17188, 0.00000, 1.00000, },
				{ -0.07350, -0.73634, -0.00000, 0.00000, 0.73634, -0.07350, -0.00000, 0.00000, -0.00000, -0.00000, 0.74000, 0.00000, 11.06750, 26.03188, 0.00000, 1.00000, },
				{ 0.07350, 0.73634, 0.00000, 0.00000, -0.73634, 0.07350, -0.00000, 0.00000, -0.00000, 0.00000, 0.74000, 0.00000, 9.84750, 26.03188, 0.00000, 1.00000, },
				{ 0.65155, 0.35083, 0.00000, 0.00000, -0.35083, 0.65155, -0.00000, 0.00000, -0.00000, 0.00000, 0.74000, 0.00000, 8.62750, 26.03188, 0.00000, 1.00000, },
				{ 0.73999, 0.00387, 0.00000, 0.00000, -0.00387, 0.73999, -0.00000, 0.00000, -0.00000, -0.00000, 0.74000, 0.00000, -10.90250, 24.82188, 0.00000, 1.00000, },
				{ 0.73999, 0.00387, 0.00000, 0.00000, -0.00387, 0.73999, -0.00000, 0.00000, -0.00000, -0.00000, 0.74000, 0.00000, 10.94750, 24.82188, 0.00000, 1.00000, },
				{ 0.03486, 0.73918, 0.00000, 0.00000, -0.73918, 0.03486, -0.00000, 0.00000, -0.00000, -0.00000, 0.74000, 0.00000, -10.93250, 23.41188, 0.00000, 1.00000, },
				{ 0.03486, 0.73918, 0.00000, 0.00000, -0.73918, 0.03486, -0.00000, 0.00000, -0.00000, -0.00000, 0.74000, 0.00000, 10.91750, 23.41188, 0.00000, 1.00000, },
				{ 0.42972, -0.60245, -0.00000, 0.00000, 0.60245, 0.42972, -0.00000, 0.00000, 0.00000, -0.00000, 0.74000, 0.00000, -10.93250, 21.91188, 0.00000, 1.00000, },
				{ 0.42972, -0.60245, -0.00000, 0.00000, 0.60245, 0.42972, -0.00000, 0.00000, 0.00000, -0.00000, 0.74000, 0.00000, 10.91750, 21.91188, 0.00000, 1.00000, },
				{ 0.60245, 0.42972, -0.00000, 0.00000, -0.42972, 0.60245, -0.00000, 0.00000, 0.00000, 0.00000, 0.74000, 0.00000, -10.97000, 20.43438, 0.00000, 1.00000, },
				{ 0.60245, 0.42972, -0.00000, 0.00000, -0.42972, 0.60245, -0.00000, 0.00000, 0.00000, 0.00000, 0.74000, 0.00000, 10.88000, 20.43438, 0.00000, 1.00000, },
				{ -0.07350, -0.73634, -0.00000, 0.00000, 0.73634, -0.07350, -0.00000, 0.00000, -0.00000, -0.00000, 0.74000, 0.00000, -10.78250, 19.57188, 0.00000, 1.00000, },
				{ -0.07350, -0.73634, -0.00000, 0.00000, 0.73634, -0.07350, -0.00000, 0.00000, -0.00000, -0.00000, 0.74000, 0.00000, 11.06750, 19.57188, 0.00000, 1.00000, },
				{ 0.73999, 0.00387, 0.00000, 0.00000, -0.00387, 0.73999, -0.00000, 0.00000, -0.00000, -0.00000, 0.74000, 0.00000, -10.90250, 18.22188, 0.00000, 1.00000, },
				{ 0.73999, 0.00387, 0.00000, 0.00000, -0.00387, 0.73999, -0.00000, 0.00000, -0.00000, -0.00000, 0.74000, 0.00000, 10.94750, 18.22188, 0.00000, 1.00000, },
				{ 0.03486, 0.73918, 0.00000, 0.00000, -0.73918, 0.03486, -0.00000, 0.00000, -0.00000, -0.00000, 0.74000, 0.00000, -10.93250, 16.81188, 0.00000, 1.00000, },
				{ 0.03486, 0.73918, 0.00000, 0.00000, -0.73918, 0.03486, -0.00000, 0.00000, -0.00000, -0.00000, 0.74000, 0.00000, 10.91750, 16.81188, 0.00000, 1.00000, },
				{ 0.42972, -0.60245, -0.00000, 0.00000, 0.60245, 0.42972, -0.00000, 0.00000, 0.00000, -0.00000, 0.74000, 0.00000, -10.93250, 15.31188, 0.00000, 1.00000, },
				{ 0.42972, -0.60245, -0.00000, 0.00000, 0.60245, 0.42972, -0.00000, 0.00000, 0.00000, -0.00000, 0.74000, 0.00000, 10.91750, 15.31188, 0.00000, 1.00000, },
				{ 0.60245, 0.42972, -0.00000, 0.00000, -0.42972, 0.60245, -0.00000, 0.00000, 0.00000, 0.00000, 0.74000, 0.00000, -10.97000, 13.83438, 0.00000, 1.00000, },
				{ 0.60245, 0.42972, -0.00000, 0.00000, -0.42972, 0.60245, -0.00000, 0.00000, 0.00000, 0.00000, 0.74000, 0.00000, 10.88000, 13.83438, 0.00000, 1.00000, },
				{ 0.42972, -0.60245, -0.00000, 0.00000, 0.60245, 0.42972, -0.00000, 0.00000, 0.00000, -0.00000, 0.74000, 0.00000, -6.31658, 6.12501, 0.00000, 1.00000, },
				{ -0.07350, -0.73634, -0.00000, 0.00000, 0.73634, -0.07350, -0.00000, 0.00000, -0.00000, -0.00000, 0.74000, 0.00000, -10.78250, 13.02188, 0.00000, 1.00000, },
				{ -0.07350, -0.73634, -0.00000, 0.00000, 0.73634, -0.07350, -0.00000, 0.00000, -0.00000, -0.00000, 0.74000, 0.00000, 11.06750, 13.02188, 0.00000, 1.00000, },
				{ -0.73634, 0.07350, -0.00000, 0.00000, -0.07350, -0.73634, -0.00000, 0.00000, -0.00000, -0.00000, 0.74000, 0.00000, -7.12908, 5.93751, 0.00000, 1.00000, },
				{ 0.73999, 0.00387, 0.00000, 0.00000, -0.00387, 0.73999, -0.00000, 0.00000, -0.00000, -0.00000, 0.74000, 0.00000, -10.90250, 11.67188, 0.00000, 1.00000, },
				{ 0.73999, 0.00387, 0.00000, 0.00000, -0.00387, 0.73999, -0.00000, 0.00000, -0.00000, -0.00000, 0.74000, 0.00000, 10.94750, 11.67188, 0.00000, 1.00000, },
				{ 0.00387, -0.73999, 0.00000, 0.00000, 0.73999, 0.00387, -0.00000, 0.00000, -0.00000, 0.00000, 0.74000, 0.00000, -8.47908, 6.05751, 0.00000, 1.00000, },
				{ 0.03486, 0.73918, 0.00000, 0.00000, -0.73918, 0.03486, -0.00000, 0.00000, -0.00000, -0.00000, 0.74000, 0.00000, -10.93250, 10.26188, 0.00000, 1.00000, },
				{ 0.03486, 0.73918, 0.00000, 0.00000, -0.73918, 0.03486, -0.00000, 0.00000, -0.00000, -0.00000, 0.74000, 0.00000, 10.91750, 10.26188, 0.00000, 1.00000, },
				{ 0.73918, -0.03486, 0.00000, 0.00000, 0.03486, 0.73918, -0.00000, 0.00000, -0.00000, 0.00000, 0.74000, 0.00000, -9.88908, 6.08751, 0.00000, 1.00000, },
				{ 0.42972, -0.60245, -0.00000, 0.00000, 0.60245, 0.42972, -0.00000, 0.00000, 0.00000, -0.00000, 0.74000, 0.00000, -10.93250, 8.76188, 0.00000, 1.00000, },
				{ 0.60245, 0.42972, -0.00000, 0.00000, -0.42972, 0.60245, -0.00000, 0.00000, 0.00000, 0.00000, 0.74000, 0.00000, -10.97000, 7.28438, 0.00000, 1.00000, },
				{ -0.51867, 0.52781, 0.00000, 0.00000, -0.52781, -0.51867, -0.00000, 0.00000, 0.00000, -0.00000, 0.74000, 0.00000, -10.97000, 6.16438, 0.00000, 1.00000, },
			},
		},
	},
}
--End Generated

function data()
	return townbuildingutil.make_building2(
		{ { -4.60, -0.10 }, { 4.60, -0.10 }, { 4.60, 9.10 }, { -4.60, 9.10 } },
		"COMMERCIAL", 
		"A", 
		1,
		{ 3, 4 },
		generatedData,
		"construction/building/era_a/com_1_3x4_04.gtex"
	)
end
