local townbuildingutil = require "townbuildingutil"

--Model file: "building/era_a/com_1_4x4_04.mdl"

--Begin Generated
local generatedData = {
	["base"] = {
		models = {
			["building/era_a/com_1_4x4_04.mdl"] = {
				{ 1.00000, 0.00000, 0.00000, 0.00000, 0.00000, 1.00000, 0.00000, 0.00000, 0.00000, 0.00000, 1.00000, 0.00000, 0.00000, 3.00000, 0.00000, 1.00000, },
			},
		},
		curves = {
			["scaffold"] = {
				{ { 5.04785, 4.96353, 0.00000 }, { 5.04785, 4.96353, 0.00000 }, { 5.04785, 6.52533, 0.00000 }, { 5.04785, 6.52533, 0.00000 }, { 5.04785, 6.52533, 0.00000 }, { 5.79968, 6.52533, 0.00000 }, { 5.79968, 6.52533, 0.00000 }, { 5.79968, 6.52533, 0.00000 }, { 5.79968, 21.62542, 0.00000 }, { 5.79968, 21.62543, 0.00000 }, { 5.79968, 21.62543, 0.00000 }, { -5.49664, 21.61882, 0.00000 }, { -5.49664, 21.61882, 0.00000 }, { -5.49664, 21.61882, 0.00000 }, { -5.49664, 20.81677, 0.00000 }, { -5.49664, 20.81677, 0.00000 }, { -5.49664, 20.81677, 0.00000 }, { -6.98206, 20.81677, 0.00000 }, { -6.98206, 20.81677, 0.00000 }, { -6.98206, 20.81677, 0.00000 }, { -6.98206, 11.00000, 0.00000 }, { -6.98206, 11.00000, 0.00000 }, { -6.98206, 11.00000, 0.00000 }, { -5.49658, 11.00000, 0.00000 }, { -5.49658, 11.00000, 0.00000 }, { -5.49658, 11.00000, 0.00000 }, { -5.49658, 6.53199, 0.00000 }, { -5.49658, 6.53199, 0.00000 }, { -5.49658, 6.53199, 0.00000 }, { -4.75195, 6.53199, 0.00000 }, { -4.75195, 6.53199, 0.00000 }, { -4.75195, 6.53199, 0.00000 }, { -4.75195, 4.96347, 0.00000 }, { -4.75195, 4.96347, 0.00000 }, },
			},
			["shared/asphalt_02.gtex.lua;shared/dirt.gtex.lua"] = {
				{ { 16.00000, 0.00000, 0.00000 }, { 16.00000, 0.00000, 0.00000 }, { 16.00000, 7.01000, 0.00000 }, { 16.00000, 7.01000, 0.00000 }, { 16.00000, 7.01000, 0.00000 }, { 5.14819, 7.01000, 0.00000 }, { 5.14819, 7.01000, 0.00000 }, { 5.14819, 7.01000, 0.00000 }, { 5.14819, 21.57537, 0.00000 }, { 5.14819, 21.57537, 0.00000 }, { 5.14819, 21.57537, 0.00000 }, { -4.85181, 21.57538, 0.00000 }, { -4.85181, 21.57538, 0.00000 }, { -4.85181, 21.57538, 0.00000 }, { -4.85181, 20.41681, 0.00000 }, { -4.85181, 20.41681, 0.00000 }, { -4.85181, 20.41681, 0.00000 }, { -6.59082, 20.41681, 0.00000 }, { -6.59082, 20.41681, 0.00000 }, { -6.59082, 20.41681, 0.00000 }, { -6.59082, 11.21681, 0.00000 }, { -6.59082, 11.21681, 0.00000 }, { -6.59082, 11.21681, 0.00000 }, { -16.00000, 11.21681, 0.00000 }, { -16.00000, 11.21681, 0.00000 }, { -16.00000, 11.21681, 0.00000 }, { -16.00000, 0.00000, 0.00000 }, { -16.00000, 0.00000, 0.00000 }, },
			},
			["shared/grass_cutted_01.gtex.lua"] = {
				{ { 16.00000, 7.01000, 0.00000 }, { 16.00000, 7.01000, 0.00000 }, { 16.00000, 31.99999, 0.00000 }, { 16.00000, 32.00000, 0.00000 }, { 15.99999, 32.00000, 0.00000 }, { -15.99999, 32.00000, 0.00000 }, { -16.00000, 32.00000, 0.00000 }, { -16.00000, 31.99999, 0.00000 }, { -16.00000, 11.21681, 0.00000 }, { -16.00000, 11.21681, 0.00000 }, { -16.00000, 11.21681, 0.00000 }, { -13.40002, 11.21681, 0.00000 }, { -13.40002, 11.21681, 0.00000 }, { -13.40002, 11.21681, 0.00000 }, { -13.40002, 29.60000, 0.00000 }, { -13.40002, 29.60000, 0.00000 }, { -13.40002, 29.60000, 0.00000 }, { -2.52503, 29.60000, 0.00000 }, { -2.52502, 29.60000, 0.00000 }, { -2.52502, 29.60000, 0.00000 }, { -2.52502, 24.02500, 0.00000 }, { -2.52502, 24.02500, 0.00000 }, { -2.52502, 24.02500, 0.00000 }, { 8.70001, 24.02500, 0.00000 }, { 8.70001, 24.02500, 0.00000 }, { 8.70001, 24.02499, 0.00000 }, { 8.70001, 7.01000, 0.00000 }, { 8.70001, 7.01000, 0.00000 }, },
				{ { -6.59082, 11.21681, 0.00000 }, { -6.59082, 11.21681, 0.00000 }, { -6.59082, 16.89651, 0.00000 }, { -6.59082, 16.89651, 0.00000 }, { -6.59082, 16.89651, 0.00000 }, { -13.40002, 16.89650, 0.00000 }, { -13.40002, 16.89650, 0.00000 }, { -13.40002, 16.89650, 0.00000 }, { -13.40002, 11.21681, 0.00000 }, { -13.40002, 11.21681, 0.00000 }, },
			},
			["shared/gravel_02.gtex.lua"] = {
				{ { -6.59082, 16.89651, 0.00000 }, { -6.59082, 16.89651, 0.00000 }, { -13.40002, 16.89650, 0.00000 }, { -13.40002, 16.89650, 0.00000 }, { -13.40002, 16.89651, 0.00000 }, { -13.40002, 29.60000, 0.00000 }, { -13.40002, 29.60000, 0.00000 }, { -13.40002, 29.60000, 0.00000 }, { -2.52502, 29.60000, 0.00000 }, { -2.52502, 29.60000, 0.00000 }, { -2.52502, 29.59999, 0.00000 }, { -2.52502, 24.02500, 0.00000 }, { -2.52502, 24.02500, 0.00000 }, { -2.52502, 24.02500, 0.00000 }, { 8.70001, 24.02500, 0.00000 }, { 8.70001, 24.02500, 0.00000 }, { 8.70001, 24.02500, 0.00000 }, { 8.70001, 7.01000, 0.00000 }, { 8.70001, 7.01000, 0.00000 }, { 8.70001, 7.01000, 0.00000 }, { 5.14819, 7.01000, 0.00000 }, { 5.14819, 7.01000, 0.00000 }, { 5.14819, 7.01000, 0.00000 }, { 5.14819, 21.57537, 0.00000 }, { 5.14819, 21.57537, 0.00000 }, { 5.14819, 21.57537, 0.00000 }, { -4.85181, 21.57538, 0.00000 }, { -4.85181, 21.57538, 0.00000 }, { -4.85181, 21.57538, 0.00000 }, { -4.85181, 20.41681, 0.00000 }, { -4.85181, 20.41681, 0.00000 }, { -4.85181, 20.41681, 0.00000 }, { -6.59082, 20.41681, 0.00000 }, { -6.59082, 20.41681, 0.00000 }, },
			},
		},
	},
	["layout_1"] = {
		models = {
			["asset/commercial/all_eras/era_a_com_wall.mdl"] = {
				{ -1.00000, 0.00000, 0.00000, 0.00000, -0.00000, -1.00000, -0.00000, 0.00000, 0.00000, -0.00000, 1.00000, 0.00000, -8.20000, 11.25000, 0.00000, 1.00000, },
				{ -1.00000, 0.00000, 0.00000, 0.00000, -0.00000, -1.00000, -0.00000, 0.00000, 0.00000, -0.00000, 1.00000, 0.00000, 11.50000, 7.16000, 0.00000, 1.00000, },
				{ -1.00000, 0.00000, 0.00000, 0.00000, -0.00000, -1.00000, -0.00000, 0.00000, 0.00000, -0.00000, 1.00000, 0.00000, -5.20000, 11.25000, 0.00000, 1.00000, },
				{ -1.00000, 0.00000, 0.00000, 0.00000, -0.00000, -1.00000, -0.00000, 0.00000, 0.00000, -0.00000, 1.00000, 0.00000, 14.50000, 7.16000, 0.00000, 1.00000, },
				{ -1.00000, 0.00000, 0.00000, 0.00000, -0.00000, -1.00000, -0.00000, 0.00000, 0.00000, -0.00000, 1.00000, 0.00000, -11.20000, 11.25000, 0.00000, 1.00000, },
				{ -1.00000, 0.00000, 0.00000, 0.00000, -0.00000, -1.00000, -0.00000, 0.00000, 0.00000, -0.00000, 1.00000, 0.00000, 8.50000, 7.16000, 0.00000, 1.00000, },
				{ -1.00000, 0.00000, 0.00000, 0.00000, -0.00000, -1.00000, -0.00000, 0.00000, 0.00000, -0.00000, 1.00000, 0.00000, -14.20000, 11.25000, 0.00000, 1.00000, },
				{ -1.00000, 0.00000, 0.00000, 0.00000, -0.00000, -1.00000, -0.00000, 0.00000, 0.00000, -0.00000, 1.00000, 0.00000, 5.50000, 7.16000, 0.00000, 1.00000, },
				{ 0.00000, 1.00000, 0.00000, 0.00000, -1.00000, 0.00000, -0.00000, 0.00000, -0.00000, -0.00000, 1.00000, 0.00000, -15.85001, 21.20000, 0.00000, 1.00000, },
				{ 0.00000, 1.00000, 0.00000, 0.00000, -1.00000, 0.00000, -0.00000, 0.00000, -0.00000, -0.00000, 1.00000, 0.00000, 15.84999, 21.20000, 0.00000, 1.00000, },
				{ 0.00000, 1.00000, 0.00000, 0.00000, -1.00000, 0.00000, -0.00000, 0.00000, -0.00000, -0.00000, 1.00000, 0.00000, -15.85001, 24.20000, 0.00000, 1.00000, },
				{ 0.00000, 1.00000, 0.00000, 0.00000, -1.00000, 0.00000, -0.00000, 0.00000, -0.00000, -0.00000, 1.00000, 0.00000, 15.84999, 24.20000, 0.00000, 1.00000, },
				{ 0.00000, 1.00000, 0.00000, 0.00000, -1.00000, 0.00000, -0.00000, 0.00000, -0.00000, -0.00000, 1.00000, 0.00000, -15.85001, 27.20000, 0.00000, 1.00000, },
				{ 0.00000, 1.00000, 0.00000, 0.00000, -1.00000, 0.00000, -0.00000, 0.00000, -0.00000, -0.00000, 1.00000, 0.00000, 15.84999, 27.20000, 0.00000, 1.00000, },
				{ 0.00000, 1.00000, 0.00000, 0.00000, -1.00000, 0.00000, -0.00000, 0.00000, -0.00000, -0.00000, 1.00000, 0.00000, -15.85001, 30.20000, 0.00000, 1.00000, },
				{ 0.00000, 1.00000, 0.00000, 0.00000, -1.00000, 0.00000, -0.00000, 0.00000, -0.00000, -0.00000, 1.00000, 0.00000, 15.84999, 30.20000, 0.00000, 1.00000, },
				{ 1.00000, -0.00000, 0.00000, 0.00000, 0.00000, 1.00000, -0.00000, 0.00000, -0.00000, 0.00000, 1.00000, 0.00000, -14.50001, 31.85000, 0.00000, 1.00000, },
				{ 1.00000, -0.00000, 0.00000, 0.00000, 0.00000, 1.00000, -0.00000, 0.00000, -0.00000, 0.00000, 1.00000, 0.00000, -11.50001, 31.85000, 0.00000, 1.00000, },
				{ 1.00000, -0.00000, 0.00000, 0.00000, 0.00000, 1.00000, -0.00000, 0.00000, -0.00000, 0.00000, 1.00000, 0.00000, -8.50000, 31.85000, 0.00000, 1.00000, },
				{ 1.00000, -0.00000, 0.00000, 0.00000, 0.00000, 1.00000, -0.00000, 0.00000, -0.00000, 0.00000, 1.00000, 0.00000, -5.50000, 31.85000, 0.00000, 1.00000, },
				{ 1.00000, -0.00000, 0.00000, 0.00000, 0.00000, 1.00000, -0.00000, 0.00000, -0.00000, 0.00000, 1.00000, 0.00000, -2.50000, 31.85000, 0.00000, 1.00000, },
				{ 1.00000, -0.00000, 0.00000, 0.00000, 0.00000, 1.00000, -0.00000, 0.00000, -0.00000, 0.00000, 1.00000, 0.00000, 0.50000, 31.85000, 0.00000, 1.00000, },
				{ 1.00000, -0.00000, 0.00000, 0.00000, 0.00000, 1.00000, -0.00000, 0.00000, -0.00000, 0.00000, 1.00000, 0.00000, 3.50000, 31.85000, 0.00000, 1.00000, },
				{ 1.00000, -0.00000, 0.00000, 0.00000, 0.00000, 1.00000, -0.00000, 0.00000, -0.00000, 0.00000, 1.00000, 0.00000, 6.50000, 31.85000, 0.00000, 1.00000, },
				{ 1.00000, -0.00000, 0.00000, 0.00000, 0.00000, 1.00000, -0.00000, 0.00000, -0.00000, 0.00000, 1.00000, 0.00000, 9.50000, 31.85000, 0.00000, 1.00000, },
				{ 1.66654, -0.00000, 0.00000, 0.00000, 0.00000, 1.00000, -0.00000, 0.00000, -0.00000, 0.00000, 1.00000, 0.00000, 13.50000, 31.85000, 0.00000, 1.00000, },
				{ 0.00000, 1.00000, 0.00000, 0.00000, -1.00000, 0.00000, -0.00000, 0.00000, -0.00000, -0.00000, 1.00000, 0.00000, -15.84998, 18.20000, 0.00000, 1.00000, },
				{ 0.00000, 1.00000, 0.00000, 0.00000, -1.00000, 0.00000, -0.00000, 0.00000, -0.00000, -0.00000, 1.00000, 0.00000, 15.85002, 18.20000, 0.00000, 1.00000, },
				{ 0.00000, 1.00000, 0.00000, 0.00000, -1.00000, 0.00000, -0.00000, 0.00000, -0.00000, -0.00000, 1.00000, 0.00000, -15.84998, 15.20000, 0.00000, 1.00000, },
				{ 0.00000, 1.00000, 0.00000, 0.00000, -1.00000, 0.00000, -0.00000, 0.00000, -0.00000, -0.00000, 1.00000, 0.00000, 15.85002, 15.20000, 0.00000, 1.00000, },
				{ 0.00000, 0.86787, 0.00000, 0.00000, -1.00000, 0.00000, -0.00000, 0.00000, -0.00000, -0.00000, 1.00000, 0.00000, -15.84998, 12.40000, 0.00000, 1.00000, },
				{ 0.00000, 1.00000, 0.00000, 0.00000, -1.00000, 0.00000, -0.00000, 0.00000, -0.00000, -0.00000, 1.00000, 0.00000, 15.85004, 12.20000, 0.00000, 1.00000, },
				{ 0.00000, 1.12785, 0.00000, 0.00000, -1.00000, 0.00000, -0.00000, 0.00000, -0.00000, -0.00000, 1.00000, 0.00000, 15.85004, 9.00500, 0.00000, 1.00000, },
			},
			["street/street_asset_mix/trash_standing_a.mdl"] = {
				{ 1.00000, 0.00000, 0.00000, 0.00000, 0.00000, 1.00000, 0.00000, 0.00000, 0.00000, 0.00000, 1.00000, 0.00000, 10.64000, 6.05000, 0.00000, 1.00000, },
			},
		},
		groups = {
			["era_a_barrel_wood.grp"] = {
				{ 0.93378, -0.35785, 0.00000, 0.00000, 0.35785, 0.93378, 0.00000, 0.00000, 0.00000, 0.00000, 1.00000, 0.00000, 6.57649, 13.13596, -0.00000, 1.00000, },
				{ 0.93378, -0.35785, 0.00000, 0.00000, 0.35785, 0.93378, 0.00000, 0.00000, 0.00000, 0.00000, 1.00000, 0.00000, 7.25649, 11.91596, -0.00000, 1.00000, },
				{ 0.93378, -0.35785, 0.00000, 0.00000, 0.35785, 0.93378, 0.00000, 0.00000, 0.00000, 0.00000, 1.00000, 0.00000, 5.91649, 11.73596, -0.00000, 1.00000, },
			},
			["era_a_com_1_asset_food_box_m.grp"] = {
				{ 0.99337, 0.11494, 0.00000, 0.00000, -0.11494, 0.99337, 0.00000, 0.00000, 0.00000, 0.00000, 1.00000, 0.00000, 7.07000, 15.41000, 0.00000, 1.00000, },
				{ 0.52101, 0.85355, 0.00000, 0.00000, -0.85355, 0.52101, 0.00000, 0.00000, 0.00000, 0.00000, 1.00000, 0.00000, 8.05000, 15.93000, 0.00000, 1.00000, },
				{ 0.96502, -0.26219, 0.00000, 0.00000, 0.26219, 0.96502, 0.00000, 0.00000, 0.00000, 0.00000, 1.00000, 0.00000, 7.07000, 16.27000, 0.00000, 1.00000, },
			},
			["era_a_com_1_asset_ground_chair.grp"] = {
				{ 0.97671, 0.21456, 0.00000, 0.00000, -0.21456, 0.97671, 0.00000, 0.00000, 0.00000, 0.00000, 1.00000, 0.00000, -12.08883, 28.38274, 0.00000, 1.00000, seed = 256, },
				{ 0.99843, -0.05600, 0.00000, 0.00000, 0.05600, 0.99843, 0.00000, 0.00000, 0.00000, 0.00000, 1.00000, 0.00000, -11.05490, 28.49487, 0.00000, 1.00000, seed = 256, },
				{ -0.97200, -0.23496, -0.00000, 0.00000, 0.23496, -0.97200, 0.00000, 0.00000, -0.00000, 0.00000, 1.00000, 0.00000, -10.88778, 26.95391, 0.00000, 1.00000, seed = 256, },
				{ -0.99862, 0.05252, -0.00000, 0.00000, -0.05252, -0.99862, 0.00000, 0.00000, -0.00000, 0.00000, 1.00000, 0.00000, -11.91956, 26.82189, 0.00000, 1.00000, seed = 256, },
				{ 0.92992, 0.36777, 0.00000, 0.00000, -0.36777, 0.92992, 0.00000, 0.00000, 0.00000, 0.00000, 1.00000, 0.00000, -11.76591, 23.63556, 0.00000, 1.00000, seed = 256, },
				{ 0.99585, -0.09102, 0.00000, 0.00000, 0.09102, 0.99585, 0.00000, 0.00000, 0.00000, 0.00000, 1.00000, 0.00000, -10.72867, 23.71132, 0.00000, 1.00000, seed = 256, },
				{ -0.97965, -0.20070, -0.00000, 0.00000, 0.20070, -0.97965, 0.00000, 0.00000, -0.00000, 0.00000, 1.00000, 0.00000, -10.61575, 22.16544, 0.00000, 1.00000, seed = 256, },
				{ -0.99977, 0.02133, -0.00000, 0.00000, -0.02133, -0.99977, 0.00000, 0.00000, -0.00000, 0.00000, 1.00000, 0.00000, -11.65152, 22.06973, 0.00000, 1.00000, seed = 256, },
				{ 0.92992, 0.36777, 0.00000, 0.00000, -0.36777, 0.92992, 0.00000, 0.00000, 0.00000, 0.00000, 1.00000, 0.00000, -12.01591, 19.38556, 0.00000, 1.00000, seed = 256, },
				{ 0.99585, -0.09102, 0.00000, 0.00000, 0.09102, 0.99585, 0.00000, 0.00000, 0.00000, 0.00000, 1.00000, 0.00000, -10.97867, 19.46132, 0.00000, 1.00000, seed = 256, },
				{ -0.97965, -0.20070, -0.00000, 0.00000, 0.20070, -0.97965, 0.00000, 0.00000, -0.00000, 0.00000, 1.00000, 0.00000, -10.86575, 17.91544, 0.00000, 1.00000, seed = 256, },
				{ -0.99977, 0.02133, -0.00000, 0.00000, -0.02133, -0.99977, 0.00000, 0.00000, -0.00000, 0.00000, 1.00000, 0.00000, -11.90152, 17.81973, 0.00000, 1.00000, seed = 256, },
				{ 0.96327, 0.26855, 0.00000, 0.00000, -0.26855, 0.96327, 0.00000, 0.00000, 0.00000, 0.00000, 1.00000, 0.00000, -7.33344, 27.68797, 0.00000, 1.00000, seed = 256, },
				{ 0.98088, -0.19461, 0.00000, 0.00000, 0.19461, 0.98088, 0.00000, 0.00000, 0.00000, 0.00000, 1.00000, 0.00000, -6.29397, 27.65491, 0.00000, 1.00000, seed = 256, },
				{ -0.99526, -0.09720, -0.00000, 0.00000, 0.09720, -0.99526, 0.00000, 0.00000, -0.00000, 0.00000, 1.00000, 0.00000, -6.34325, 26.10569, 0.00000, 1.00000, seed = 256, },
				{ -0.99207, 0.12572, -0.00000, 0.00000, -0.12572, -0.99207, 0.00000, 0.00000, -0.00000, 0.00000, 1.00000, 0.00000, -7.38336, 26.11877, 0.00000, 1.00000, seed = 256, },
			},
			["era_a_com_1_asset_ground_double_bench.grp"] = {
				{ 0.99926, -0.03839, 0.00000, 0.00000, 0.03839, 0.99926, 0.00000, 0.00000, 0.00000, 0.00000, 1.00000, 0.00000, -9.77300, 8.57876, 0.00000, 1.00000, seed = 256, },
				{ -0.99985, 0.01745, -0.00000, 0.00000, -0.01745, -0.99985, 0.00000, 0.00000, -0.00000, 0.00000, 1.00000, 0.00000, -9.80641, 6.87897, 0.00000, 1.00000, seed = 256, },
				{ 0.99999, 0.00349, 0.00000, 0.00000, -0.00349, 0.99999, 0.00000, 0.00000, 0.00000, 0.00000, 1.00000, 0.00000, -13.36901, 8.54023, 0.00000, 1.00000, seed = 256, },
				{ -0.99970, -0.02443, -0.00000, 0.00000, 0.02443, -0.99970, 0.00000, 0.00000, -0.00000, 0.00000, 1.00000, 0.00000, -13.33121, 6.84053, 0.00000, 1.00000, seed = 256, },
				{ 0.99897, 0.04536, 0.00000, 0.00000, -0.04536, 0.99897, 0.00000, 0.00000, 0.00000, 0.00000, 1.00000, 0.00000, -9.70717, 4.58149, 0.00000, 1.00000, seed = 256, },
				{ -0.99780, -0.06627, -0.00000, 0.00000, 0.06627, -0.99780, 0.00000, 0.00000, -0.00000, 0.00000, 1.00000, 0.00000, -9.63294, 2.78291, 0.00000, 1.00000, seed = 256, },
				{ 0.99978, -0.02094, 0.00000, 0.00000, 0.02094, 0.99978, 0.00000, 0.00000, 0.00000, 0.00000, 1.00000, 0.00000, -13.40744, 4.75918, 0.00000, 1.00000, seed = 256, },
				{ -1.00000, -0.00000, -0.00000, 0.00000, 0.00000, -1.00000, 0.00000, 0.00000, -0.00000, 0.00000, 1.00000, 0.00000, -13.45257, 2.95964, 0.00000, 1.00000, seed = 256, },
			},
			["era_a_com_1_asset_ground_sunshade.grp"] = {
				{ 0.54155, -0.84067, 0.00000, 0.00000, 0.84067, 0.54155, 0.00000, 0.00000, 0.00000, 0.00000, 1.00000, 0.00000, -11.42435, 27.63506, 0.00000, 1.00000, seed = 256, },
				{ 0.04226, 0.99911, 0.00000, 0.00000, -0.99911, 0.04226, 0.00000, 0.00000, 0.00000, 0.00000, 1.00000, 0.00000, -11.11715, 22.71541, 0.00000, 1.00000, seed = 256, },
				{ 0.04226, 0.99911, 0.00000, 0.00000, -0.99911, 0.04226, 0.00000, 0.00000, 0.00000, 0.00000, 1.00000, 0.00000, -11.36715, 18.46541, 0.00000, 1.00000, seed = 256, },
				{ -0.99800, 0.06317, 0.00000, 0.00000, -0.06317, -0.99800, 0.00000, 0.00000, 0.00000, 0.00000, 1.00000, 0.00000, -6.78442, 26.70505, 0.00000, 1.00000, seed = 256, },
			},
			["era_a_com_1_asset_ground_table.grp"] = {
				{ 0.99956, -0.02967, 0.00000, 0.00000, 0.02967, 0.99956, 0.00000, 0.00000, 0.00000, 0.00000, 1.00000, 0.00000, -9.82597, 7.72000, 0.00000, 1.00000, seed = 256, },
				{ 0.99993, 0.01221, 0.00000, 0.00000, -0.01221, 0.99993, 0.00000, 0.00000, 0.00000, 0.00000, 1.00000, 0.00000, -13.38597, 7.68000, 0.00000, 1.00000, seed = 256, },
				{ 0.99954, 0.03040, 0.00000, 0.00000, -0.03040, 0.99954, 0.00000, 0.00000, 0.00000, 0.00000, 1.00000, 0.00000, -9.71208, 3.68000, 0.00000, 1.00000, seed = 256, },
				{ 0.99936, -0.03591, 0.00000, 0.00000, 0.03591, 0.99936, 0.00000, 0.00000, 0.00000, 0.00000, 1.00000, 0.00000, -13.47207, 3.86000, 0.00000, 1.00000, seed = 256, },
				{ 0.99417, 0.10782, 0.00000, 0.00000, -0.10782, 0.99417, 0.00000, 0.00000, 0.00000, 0.00000, 1.00000, 0.00000, -11.42597, 27.65000, 0.00000, 1.00000, seed = 256, },
				{ 0.99734, 0.07285, 0.00000, 0.00000, -0.07285, 0.99734, 0.00000, 0.00000, 0.00000, 0.00000, 1.00000, 0.00000, -11.12917, 22.88000, 0.00000, 1.00000, seed = 256, },
				{ 0.99734, 0.07285, 0.00000, 0.00000, -0.07285, 0.99734, 0.00000, 0.00000, 0.00000, 0.00000, 1.00000, 0.00000, -11.37917, 18.63000, 0.00000, 1.00000, seed = 256, },
				{ 0.99949, -0.03180, 0.00000, 0.00000, 0.03180, 0.99949, 0.00000, 0.00000, 0.00000, 0.00000, 1.00000, 0.00000, -6.77917, 26.87000, 0.00000, 1.00000, seed = 256, },
			},
			["era_a_com_1_asset_restaurant_awning_end.grp"] = {
				{ 0.99500, 0.00000, 0.00000, 0.00000, 0.00000, 1.00000, 0.00000, 0.00000, 0.00000, 0.00000, 1.00000, 0.00000, 3.13500, 5.35500, 3.20000, 1.00000, align = { 0.00000, 0.00000 }, seed = 258, },
				{ 0.00000, -1.03500, 0.00000, 0.00000, 1.00000, 0.00000, -0.00000, 0.00000, -0.00000, 0.00000, 1.00000, 0.00000, -4.86000, 8.92000, 3.20000, 1.00000, align = { 0.00000, 0.00000 }, seed = 258, },
			},
			["era_a_com_1_asset_restaurant_awning_repeat.grp"] = {
				{ 0.99500, 0.00000, 0.00000, 0.00000, 0.00000, 1.00000, 0.00000, 0.00000, 0.00000, 0.00000, 1.00000, 0.00000, -2.83500, 5.35500, 3.20000, 1.00000, align = { 0.00000, 0.00000 }, seed = 258, },
				{ 0.99500, 0.00000, 0.00000, 0.00000, 0.00000, 1.00000, 0.00000, 0.00000, 0.00000, 0.00000, 1.00000, 0.00000, 0.15000, 5.35500, 3.20000, 1.00000, align = { 0.00000, 0.00000 }, seed = 258, },
				{ 0.99500, 0.00000, 0.00000, 0.00000, 0.00000, 1.00000, 0.00000, 0.00000, 0.00000, 0.00000, 1.00000, 0.00000, 3.13500, 5.35500, 3.20000, 1.00000, align = { 0.00000, 0.00000 }, seed = 258, },
				{ 0.00000, -1.03500, 0.00000, 0.00000, 1.00000, 0.00000, -0.00000, 0.00000, -0.00000, 0.00000, 1.00000, 0.00000, -4.86000, 8.92000, 3.20000, 1.00000, align = { 0.00000, 0.00000 }, seed = 258, },
			},
			["era_a_com_1_asset_restaurant_awning_start.grp"] = {
				{ 0.99500, 0.00000, 0.00000, 0.00000, 0.00000, 1.00000, 0.00000, 0.00000, 0.00000, 0.00000, 1.00000, 0.00000, -2.83500, 5.35500, 3.20000, 1.00000, align = { 0.00000, 0.00000 }, seed = 258, },
				{ 0.00000, -1.03500, 0.00000, 0.00000, 1.00000, 0.00000, -0.00000, 0.00000, -0.00000, 0.00000, 1.00000, 0.00000, -4.86000, 8.92000, 3.20000, 1.00000, align = { 0.00000, 0.00000 }, seed = 258, },
			},
			["era_a_com_1_asset_restaurant_menu_01.grp"] = {
				{ -0.26219, -0.96502, 0.00000, 0.00000, 0.96502, -0.26219, 0.00000, 0.00000, 0.00000, 0.00000, 1.00000, 0.00000, 1.36000, 4.26000, 0.00000, 1.00000, align = { 0.00000, 0.00000 }, seed = 258, },
				{ -0.18224, 0.98325, 0.00000, 0.00000, -0.98325, -0.18224, 0.00000, 0.00000, 0.00000, 0.00000, 1.00000, 0.00000, -6.32000, 21.73000, 0.00000, 1.00000, align = { 0.00000, 0.00000 }, seed = 258, },
			},
			["era_a_com_1_asset_restaurant_sign_01.grp"] = {
				{ -0.00000, -1.00000, 0.00000, 0.00000, 1.00000, -0.00000, 0.00000, 0.00000, 0.00000, 0.00000, 1.00000, 0.00000, -4.82000, 8.90000, 3.57000, 1.00000, align = { 0.00000, 0.00000 }, seed = 258, },
			},
			["era_a_com_1_asset_restaurant_wall_sign_01.grp"] = {
				{ 1.00000, 0.00000, 0.00000, 0.00000, 0.00000, 1.00000, 0.00000, 0.00000, 0.00000, 0.00000, 1.00000, 0.00000, 4.90500, 6.57500, 3.26000, 1.00000, align = { 0.00000, 0.00000 }, seed = 258, },
				{ 1.00000, 0.00000, 0.00000, 0.00000, 0.00000, 1.00000, 0.00000, 0.00000, 0.00000, 0.00000, 1.00000, 0.00000, -4.57500, 6.57500, 3.26000, 1.00000, align = { 0.00000, 0.00000 }, seed = 258, },
			},
			["era_a_com_2_asset_restaurant_sign_01.grp"] = {
				{ 1.00000, 0.00000, 0.00000, 0.00000, 0.00000, 1.00000, 0.00000, 0.00000, 0.00000, 0.00000, 1.00000, 0.00000, 0.14000, 5.36000, 3.63000, 1.00000, align = { 0.00000, 0.00000 }, seed = 258, },
			},
			["era_a_container.grp"] = {
				{ -0.00000, 1.00000, -0.00000, 0.00000, -1.00000, -0.00000, 0.00000, 0.00000, -0.00000, 0.00000, 1.00000, 0.00000, 5.79000, 16.13000, 0.00000, 1.00000, },
			},
			["era_a_garden_bench.grp"] = {
				{ 0.99995, -0.01047, 0.00000, 0.00000, 0.01047, 0.99995, 0.00000, 0.00000, -0.00000, -0.00000, 1.00000, 0.00000, 8.86000, 6.07000, 0.00000, 1.00000, seed = 123, },
				{ 0.99939, -0.03490, 0.00000, 0.00000, 0.03490, 0.99939, 0.00000, 0.00000, -0.00000, -0.00000, 1.00000, 0.00000, 12.36000, 6.07000, 0.00000, 1.00000, seed = 123, },
			},
			["era_a_garden_ladder.grp"] = {
				{ 0.76154, 0.64812, 0.00000, 0.00000, -0.64812, 0.76154, 0.00000, 0.00000, 0.00000, 0.00000, 1.00000, 0.00000, 13.32999, 10.70000, 0.00000, 1.00000, },
				{ -0.65474, 0.75585, 0.00000, 0.00000, -0.75585, -0.65474, 0.00000, 0.00000, 0.00000, 0.00000, 1.00000, 0.00000, 4.57999, 27.15000, 0.00000, 1.00000, },
			},
			["era_a_waggon_01.grp"] = {
				{ 0.86074, -0.50904, 0.00000, 0.00000, 0.50904, 0.86074, 0.00000, 0.00000, 0.00000, 0.00000, 1.00000, 0.00000, 7.10000, 21.55000, 0.00000, 1.00000, },
			},
			["random_large_tree_town.grp"] = {
				{ 1.00000, 0.00000, 0.00000, 0.00000, 0.00000, 1.00000, 0.00000, 0.00000, 0.00000, 0.00000, 1.00000, 0.00000, -0.24916, 26.45000, 0.00000, 1.00000, },
				{ -0.72597, -0.28524, 0.00000, 0.00000, 0.28524, -0.72597, -0.00000, 0.00000, 0.00000, -0.00000, 0.78000, 0.00000, 2.30084, 30.15000, 0.00000, 1.00000, },
				{ 0.44035, 0.45282, 0.00000, 0.00000, -0.45282, 0.44035, 0.00000, 0.00000, 0.00000, 0.00000, 0.63162, 0.00000, 3.57084, 25.47000, 0.00000, 1.00000, },
			},
			["random_medium_tree_town.grp"] = {
				{ 1.00000, 0.00000, 0.00000, 0.00000, 0.00000, 1.00000, 0.00000, 0.00000, 0.00000, 0.00000, 1.00000, 0.00000, 11.90000, 19.20000, 0.00000, 1.00000, },
				{ 1.00000, 0.00000, 0.00000, 0.00000, 0.00000, 1.00000, 0.00000, 0.00000, 0.00000, 0.00000, 1.00000, 0.00000, 12.00000, 27.35000, 0.00000, 1.00000, },
				{ 1.00000, 0.00000, 0.00000, 0.00000, 0.00000, 1.00000, 0.00000, 0.00000, 0.00000, 0.00000, 1.00000, 0.00000, 11.90000, 11.65000, 0.00000, 1.00000, },
			},
			["random_shrub_town.grp"] = {
				{ -0.71956, -0.17272, 0.00000, 0.00000, 0.17272, -0.71956, -0.00000, 0.00000, 0.00000, -0.00000, 0.74000, 0.00000, -11.05119, 14.33700, 0.00000, 1.00000, },
				{ 0.63430, 0.38113, 0.00000, 0.00000, -0.38113, 0.63430, 0.00000, 0.00000, 0.00000, -0.00000, 0.74000, 0.00000, -10.05174, 15.61526, 0.00000, 1.00000, },
				{ -0.41276, -0.61419, 0.00000, 0.00000, 0.61419, -0.41276, -0.00000, 0.00000, 0.00000, -0.00000, 0.74000, 0.00000, -8.32119, 15.01700, 0.00000, 1.00000, },
				{ -0.73089, 0.11576, 0.00000, 0.00000, -0.11576, -0.73089, -0.00000, 0.00000, 0.00000, -0.00000, 0.74000, 0.00000, -9.06174, 14.22526, 0.00000, 1.00000, },
			},
			["random_shrub_town_fence.grp"] = {
				{ -0.07350, -0.73634, -0.00000, 0.00000, 0.73634, -0.07350, -0.00000, 0.00000, -0.00000, -0.00000, 0.74000, 0.00000, -15.13250, 13.02188, 0.00000, 1.00000, },
				{ -0.07350, -0.73634, -0.00000, 0.00000, 0.73634, -0.07350, -0.00000, 0.00000, -0.00000, -0.00000, 0.74000, 0.00000, 14.90750, 13.02188, 0.00000, 1.00000, },
				{ -0.07350, -0.73634, -0.00000, 0.00000, 0.73634, -0.07350, -0.00000, 0.00000, -0.00000, -0.00000, 0.74000, 0.00000, 14.90750, 7.86188, 0.00000, 1.00000, },
				{ 0.60245, 0.42972, -0.00000, 0.00000, -0.42972, 0.60245, -0.00000, 0.00000, 0.00000, 0.00000, 0.74000, 0.00000, -15.22000, 13.83438, 0.00000, 1.00000, },
				{ 0.60245, 0.42972, -0.00000, 0.00000, -0.42972, 0.60245, -0.00000, 0.00000, 0.00000, 0.00000, 0.74000, 0.00000, 14.82000, 13.83438, 0.00000, 1.00000, },
				{ 0.60245, 0.42972, -0.00000, 0.00000, -0.42972, 0.60245, -0.00000, 0.00000, 0.00000, 0.00000, 0.74000, 0.00000, 14.82000, 8.89438, 0.00000, 1.00000, },
				{ 0.42972, -0.60245, -0.00000, 0.00000, 0.60245, 0.42972, -0.00000, 0.00000, 0.00000, -0.00000, 0.74000, 0.00000, -15.18250, 15.31188, 0.00000, 1.00000, },
				{ 0.42972, -0.60245, -0.00000, 0.00000, 0.60245, 0.42972, -0.00000, 0.00000, 0.00000, -0.00000, 0.74000, 0.00000, 14.85750, 15.31188, 0.00000, 1.00000, },
				{ 0.42972, -0.60245, -0.00000, 0.00000, 0.60245, 0.42972, -0.00000, 0.00000, 0.00000, -0.00000, 0.74000, 0.00000, 14.85750, 10.15188, 0.00000, 1.00000, },
				{ 0.73999, 0.00387, 0.00000, 0.00000, -0.00387, 0.73999, -0.00000, 0.00000, -0.00000, -0.00000, 0.74000, 0.00000, -15.20250, 12.20188, 0.00000, 1.00000, },
				{ 0.73999, 0.00387, 0.00000, 0.00000, -0.00387, 0.73999, -0.00000, 0.00000, -0.00000, -0.00000, 0.74000, 0.00000, 14.83750, 12.20188, 0.00000, 1.00000, },
				{ -0.54678, -0.49863, -0.00000, 0.00000, 0.49863, -0.54678, 0.00000, 0.00000, -0.00000, 0.00000, 0.74000, 0.00000, -13.75250, 12.20188, 0.00000, 1.00000, },
				{ -0.59359, -0.44187, -0.00000, 0.00000, 0.44187, -0.59359, 0.00000, 0.00000, -0.00000, 0.00000, 0.74000, 0.00000, -12.55250, 12.20188, 0.00000, 1.00000, },
				{ -0.33998, 0.65728, -0.00000, 0.00000, -0.65728, -0.33998, -0.00000, 0.00000, -0.00000, 0.00000, 0.74000, 0.00000, -11.40250, 12.20188, 0.00000, 1.00000, },
				{ 0.72451, -0.15061, 0.00000, 0.00000, 0.15061, 0.72451, 0.00000, 0.00000, -0.00000, -0.00000, 0.74000, 0.00000, -10.20250, 12.20188, 0.00000, 1.00000, },
				{ 0.51019, 0.53601, 0.00000, 0.00000, -0.53601, 0.51019, -0.00000, 0.00000, -0.00000, -0.00000, 0.74000, 0.00000, -9.00250, 12.20188, 0.00000, 1.00000, },
				{ -0.00990, -0.73993, -0.00000, 0.00000, 0.73993, -0.00990, 0.00000, 0.00000, -0.00000, 0.00000, 0.74000, 0.00000, -7.90250, 12.20188, 0.00000, 1.00000, },
				{ 0.03486, 0.73918, 0.00000, 0.00000, -0.73918, 0.03486, -0.00000, 0.00000, -0.00000, -0.00000, 0.74000, 0.00000, -15.18250, 16.81188, 0.00000, 1.00000, },
				{ 0.03486, 0.73918, 0.00000, 0.00000, -0.73918, 0.03486, -0.00000, 0.00000, -0.00000, -0.00000, 0.74000, 0.00000, 14.85750, 16.81188, 0.00000, 1.00000, },
				{ 0.03486, 0.73918, 0.00000, 0.00000, -0.73918, 0.03486, -0.00000, 0.00000, -0.00000, -0.00000, 0.74000, 0.00000, 14.85750, 11.65188, 0.00000, 1.00000, },
				{ 0.73999, 0.00387, 0.00000, 0.00000, -0.00387, 0.73999, -0.00000, 0.00000, -0.00000, -0.00000, 0.74000, 0.00000, -15.15250, 18.22188, 0.00000, 1.00000, },
				{ 0.73999, 0.00387, 0.00000, 0.00000, -0.00387, 0.73999, -0.00000, 0.00000, -0.00000, -0.00000, 0.74000, 0.00000, 14.88750, 18.22188, 0.00000, 1.00000, },
				{ 0.60245, 0.42972, -0.00000, 0.00000, -0.42972, 0.60245, -0.00000, 0.00000, 0.00000, 0.00000, 0.74000, 0.00000, -15.16000, 20.43438, 0.00000, 1.00000, },
				{ 0.60245, 0.42972, -0.00000, 0.00000, -0.42972, 0.60245, -0.00000, 0.00000, 0.00000, 0.00000, 0.74000, 0.00000, 14.88000, 20.43438, 0.00000, 1.00000, },
				{ 0.03486, 0.73918, 0.00000, 0.00000, -0.73918, 0.03486, -0.00000, 0.00000, -0.00000, -0.00000, 0.74000, 0.00000, -15.18250, 23.41188, 0.00000, 1.00000, },
				{ 0.03486, 0.73918, 0.00000, 0.00000, -0.73918, 0.03486, -0.00000, 0.00000, -0.00000, -0.00000, 0.74000, 0.00000, 14.85750, 23.41188, 0.00000, 1.00000, },
				{ 0.03486, 0.73918, 0.00000, 0.00000, -0.73918, 0.03486, -0.00000, 0.00000, -0.00000, -0.00000, 0.74000, 0.00000, 14.85750, 27.26188, 0.00000, 1.00000, },
				{ 0.73999, 0.00387, 0.00000, 0.00000, -0.00387, 0.73999, -0.00000, 0.00000, -0.00000, -0.00000, 0.74000, 0.00000, -15.15250, 24.66188, 0.00000, 1.00000, },
				{ 0.73999, 0.00387, 0.00000, 0.00000, -0.00387, 0.73999, -0.00000, 0.00000, -0.00000, -0.00000, 0.74000, 0.00000, 14.88750, 24.66188, 0.00000, 1.00000, },
				{ 0.73999, 0.00387, 0.00000, 0.00000, -0.00387, 0.73999, -0.00000, 0.00000, -0.00000, -0.00000, 0.74000, 0.00000, 14.88750, 28.51188, 0.00000, 1.00000, },
				{ -0.07350, -0.73634, -0.00000, 0.00000, 0.73634, -0.07350, -0.00000, 0.00000, -0.00000, -0.00000, 0.74000, 0.00000, -15.03250, 19.57188, 0.00000, 1.00000, },
				{ -0.07350, -0.73634, -0.00000, 0.00000, 0.73634, -0.07350, -0.00000, 0.00000, -0.00000, -0.00000, 0.74000, 0.00000, 15.00750, 19.57188, 0.00000, 1.00000, },
				{ 0.42972, -0.60245, -0.00000, 0.00000, 0.60245, 0.42972, -0.00000, 0.00000, 0.00000, -0.00000, 0.74000, 0.00000, -15.18250, 21.91188, 0.00000, 1.00000, },
				{ 0.42972, -0.60245, -0.00000, 0.00000, 0.60245, 0.42972, -0.00000, 0.00000, 0.00000, -0.00000, 0.74000, 0.00000, 14.85750, 21.91188, 0.00000, 1.00000, },
				{ -0.07350, -0.73634, -0.00000, 0.00000, 0.73634, -0.07350, -0.00000, 0.00000, -0.00000, -0.00000, 0.74000, 0.00000, 14.90750, 26.17188, 0.00000, 1.00000, },
				{ -0.07350, -0.73634, -0.00000, 0.00000, 0.73634, -0.07350, -0.00000, 0.00000, -0.00000, -0.00000, 0.74000, 0.00000, 14.90750, 30.02188, 0.00000, 1.00000, },
				{ 0.37558, 0.63761, 0.00000, 0.00000, -0.63761, 0.37558, -0.00000, 0.00000, -0.00000, 0.00000, 0.74000, 0.00000, 15.10750, 30.96188, 0.00000, 1.00000, },
			},
		},
	},
}
--End Generated

function data()
	return townbuildingutil.make_building2(
		{ { -4.60, -0.10 }, { 4.60, -0.10 }, { 4.60, 9.10 }, { -4.60, 9.10 } },
		"COMMERCIAL", 
		"A", 
		1,
		{ 4, 4 },
		generatedData,
		"construction/building/era_a/com_1_4x4_04.gtex"
	)
end
