local townbuildingutil = require "townbuildingutil"

--Model file: "building/era_a/com_2_3x4_03.mdl"

--Begin Generated
local generatedData = {
	["base"] = {
		models = {
			["building/era_a/com_2_3x4_03.mdl"] = {
				{ 1.00000, 0.00000, 0.00000, 0.00000, 0.00000, 1.00000, 0.00000, 0.00000, 0.00000, 0.00000, 1.00000, 0.00000, 0.00000, 1.00000, 0.00000, 1.00000, },
			},
			["building/era_a/ind_1_1x1_02.mdl"] = {
				{ 1.00000, 0.00000, 0.00000, 0.00000, 0.00000, 1.00000, 0.00000, 0.00000, 0.00000, 0.00000, 1.00000, 0.00000, -2.95000, 25.08589, 0.00000, 1.00000, },
			},
		},
		curves = {
			["scaffold"] = {
				{ { 10.74930, 2.94723, 0.00000 }, { 10.74930, 2.94724, 0.00000 }, { 10.74930, 15.21450, 0.00000 }, { 10.74930, 15.21451, 0.00000 }, { 10.74930, 15.21451, 0.00000 }, { -10.62869, 15.21451, 0.00000 }, { -10.62869, 15.21451, 0.00000 }, { -10.62869, 15.21451, 0.00000 }, { -10.62869, 2.94724, 0.00000 }, { -10.62869, 2.94724, 0.00000 }, },
				{ { 0.36786, 25.75541, 0.00000 }, { 0.36786, 25.75542, 0.00000 }, { 0.36786, 32.39005, 0.00000 }, { 0.36786, 32.39006, 0.00000 }, { 0.36786, 32.39006, 0.00000 }, { -6.27570, 32.39006, 0.00000 }, { -6.27570, 32.39006, 0.00000 }, { -6.27570, 32.39005, 0.00000 }, { -6.27570, 25.75542, 0.00000 }, { -6.27570, 25.75541, 0.00000 }, },
			},
			["shared/asphalt_02.gtex.lua;shared/dirt.gtex.lua"] = {
				{ { 12.00000, 0.00000, 0.00000 }, { 12.00000, 0.00000, 0.00000 }, { 12.00000, 32.00000, 0.00000 }, { 12.00000, 32.00000, 0.00000 }, { 12.00000, 32.00000, 0.00000 }, { 0.14999, 32.00000, 0.00000 }, { 0.14999, 32.00000, 0.00000 }, { 0.14999, 32.00000, 0.00000 }, { 0.14999, 14.15000, 0.00000 }, { 0.14999, 14.15000, 0.00000 }, { 0.14999, 14.15000, 0.00000 }, { -10.00000, 14.15000, 0.00000 }, { -10.00000, 14.15000, 0.00000 }, { -10.00000, 14.15000, 0.00000 }, { -10.00000, 32.00000, 0.00000 }, { -10.00000, 32.00000, 0.00000 }, { -10.00000, 32.00000, 0.00000 }, { -12.00000, 32.00000, 0.00000 }, { -12.00000, 32.00000, 0.00000 }, { -12.00000, 32.00000, 0.00000 }, { -12.00000, 0.00000, 0.00000 }, { -12.00000, 0.00000, 0.00000 }, },
			},
			["shared/gravel_03.gtex.lua;shared/dirt.gtex.lua"] = {
				{ { 0.14999, 14.15000, 0.00000 }, { 0.14999, 14.15000, 0.00000 }, { 0.14999, 32.00000, 0.00000 }, { 0.14999, 32.00000, 0.00000 }, { 0.14999, 32.00000, 0.00000 }, { -10.00000, 32.00000, 0.00000 }, { -10.00000, 32.00000, 0.00000 }, { -10.00000, 32.00000, 0.00000 }, { -10.00000, 14.15000, 0.00000 }, { -10.00000, 14.15000, 0.00000 }, },
			},
		},
	},
	["layout_1"] = {
		models = {
			["asset/commercial/all_eras/era_a_com_wall.mdl"] = {
				{ 0.00000, 1.00000, 0.00000, 0.00000, -1.00000, 0.00000, -0.00000, 0.00000, -0.00000, -0.00000, 1.00000, 0.00000, 0.15000, 15.20000, 0.00000, 1.00000, },
				{ 0.00000, 1.00000, 0.00000, 0.00000, -1.00000, 0.00000, -0.00000, 0.00000, -0.00000, -0.00000, 1.00000, 0.00000, 0.15000, 18.20000, 0.00000, 1.00000, },
				{ 0.00000, 1.00000, 0.00000, 0.00000, -1.00000, 0.00000, -0.00000, 0.00000, -0.00000, -0.00000, 1.00000, 0.00000, 0.15000, 21.20000, 0.00000, 1.00000, },
				{ 0.00000, 1.00000, 0.00000, 0.00000, -1.00000, 0.00000, -0.00000, 0.00000, -0.00000, -0.00000, 1.00000, 0.00000, 0.15000, 24.20000, 0.00000, 1.00000, },
				{ 0.00000, 1.00000, 0.00000, 0.00000, -1.00000, 0.00000, -0.00000, 0.00000, -0.00000, -0.00000, 1.00000, 0.00000, 0.14999, 27.20000, 0.00000, 1.00000, },
				{ 0.00000, 1.00000, 0.00000, 0.00000, -1.00000, 0.00000, -0.00000, 0.00000, -0.00000, -0.00000, 1.00000, 0.00000, 0.14999, 30.20000, 0.00000, 1.00000, },
				{ 1.00000, -0.00000, 0.00000, 0.00000, 0.00000, 1.00000, -0.00000, 0.00000, -0.00000, 0.00000, 1.00000, 0.00000, 1.49999, 31.85000, 0.00000, 1.00000, },
				{ 1.00000, -0.00000, 0.00000, 0.00000, 0.00000, 1.00000, -0.00000, 0.00000, -0.00000, 0.00000, 1.00000, 0.00000, -10.50001, 31.85000, 0.00000, 1.00000, },
				{ 1.00000, -0.00000, 0.00000, 0.00000, 0.00000, 1.00000, -0.00000, 0.00000, -0.00000, 0.00000, 1.00000, 0.00000, 4.49999, 31.85000, 0.00000, 1.00000, },
				{ 1.00000, -0.00000, 0.00000, 0.00000, 0.00000, 1.00000, -0.00000, 0.00000, -0.00000, 0.00000, 1.00000, 0.00000, -7.50001, 31.85000, 0.00000, 1.00000, },
				{ 1.00000, -0.00000, 0.00000, 0.00000, 0.00000, 1.00000, -0.00000, 0.00000, -0.00000, 0.00000, 1.00000, 0.00000, 7.49999, 31.85000, 0.00000, 1.00000, },
				{ 1.00000, -0.00000, 0.00000, 0.00000, 0.00000, 1.00000, -0.00000, 0.00000, -0.00000, 0.00000, 1.00000, 0.00000, 10.49999, 31.85000, 0.00000, 1.00000, },
				{ 0.00000, 1.00000, 0.00000, 0.00000, -1.00000, 0.00000, -0.00000, 0.00000, -0.00000, -0.00000, 1.00000, 0.00000, 11.85000, 24.20000, 0.00000, 1.00000, },
				{ 0.00000, 1.00000, 0.00000, 0.00000, -1.00000, 0.00000, -0.00000, 0.00000, -0.00000, -0.00000, 1.00000, 0.00000, 11.85000, 24.20000, 0.00000, 1.00000, },
				{ 0.00000, 1.00000, 0.00000, 0.00000, -1.00000, 0.00000, -0.00000, 0.00000, -0.00000, -0.00000, 1.00000, 0.00000, 11.84999, 27.20000, 0.00000, 1.00000, },
				{ 0.00000, 1.00000, 0.00000, 0.00000, -1.00000, 0.00000, -0.00000, 0.00000, -0.00000, -0.00000, 1.00000, 0.00000, 11.84999, 30.20000, 0.00000, 1.00000, },
				{ 0.00000, 1.00000, 0.00000, 0.00000, -1.00000, 0.00000, -0.00000, 0.00000, -0.00000, -0.00000, 1.00000, 0.00000, 11.85001, 21.20000, 0.00000, 1.00000, },
				{ 0.00000, 1.00000, 0.00000, 0.00000, -1.00000, 0.00000, -0.00000, 0.00000, -0.00000, -0.00000, 1.00000, 0.00000, 11.85001, 18.20000, 0.00000, 1.00000, },
				{ -1.00000, 0.00000, 0.00000, 0.00000, -0.00000, -1.00000, -0.00000, 0.00000, 0.00000, -0.00000, 1.00000, 0.00000, 10.20001, 14.79130, 0.00000, 1.00000, },
				{ 0.00000, 0.68580, 0.00000, 0.00000, -1.00000, 0.00000, -0.00000, 0.00000, -0.00000, -0.00000, 1.00000, 0.00000, 11.85001, 15.67000, 0.00000, 1.00000, },
			},
			["asset/commercial/era_a/waggonwheel_01.mdl"] = {
				{ -0.68455, 0.72897, -0.00000, 0.00000, -0.72897, -0.68455, 0.00000, 0.00000, -0.00000, 0.00000, 1.00000, 0.00000, -8.22305, 31.02991, 0.00000, 1.00000, },
				{ -0.84989, 0.52696, -0.00000, 0.00000, -0.52696, -0.84989, 0.00000, 0.00000, -0.00000, 0.00000, 1.00000, 0.00000, -7.65719, 30.78496, 0.00000, 1.00000, },
			},
			["asset/commercial/era_a/waggonwheel_02.mdl"] = {
				{ -0.84989, 0.52696, -0.00000, 0.00000, -0.52696, -0.84989, 0.00000, 0.00000, -0.00000, 0.00000, 1.00000, 0.00000, -7.18975, 30.49513, 0.00000, 1.00000, },
				{ -0.84989, 0.52696, -0.00000, 0.00000, -0.52696, -0.84989, 0.00000, 0.00000, -0.00000, 0.00000, 1.00000, 0.00000, -7.97908, 29.98013, 0.00000, 1.00000, },
				{ -0.84989, 0.52696, -0.00000, 0.00000, -0.52696, -0.84989, 0.00000, 0.00000, -0.00000, 0.00000, 1.00000, 0.00000, -8.83975, 30.18013, 0.00000, 1.00000, },
			},
			["asset/industry/pallet_01.mdl"] = {
				{ 1.00000, 0.00000, 0.00000, 0.00000, 0.00000, 0.28903, -0.95732, 0.00000, 0.00000, 0.95732, 0.28903, 0.00000, 6.64000, 15.29500, 0.57000, 1.00000, },
				{ 1.00000, 0.00000, 0.00000, 0.00000, 0.00000, 1.00000, 0.00000, 0.00000, 0.00000, 0.00000, 1.00000, 0.00000, 9.21000, 15.95000, 0.00000, 1.00000, },
				{ 1.00000, 0.00000, 0.00000, 0.00000, 0.00000, 1.00000, 0.00000, 0.00000, 0.00000, 0.00000, 1.00000, 0.00000, 9.21000, 15.95000, 0.14400, 1.00000, },
				{ 0.99780, -0.06627, 0.00000, 0.00000, 0.06627, 0.99780, 0.00000, 0.00000, 0.00000, 0.00000, 1.00000, 0.00000, 9.21000, 15.95000, 0.28400, 1.00000, },
				{ 0.99756, 0.06976, 0.00000, 0.00000, -0.06976, 0.99756, 0.00000, 0.00000, 0.00000, 0.00000, 1.00000, 0.00000, 9.21000, 15.95000, 0.42400, 1.00000, },
				{ 0.99990, -0.01396, 0.00000, 0.00000, 0.01396, 0.99990, 0.00000, 0.00000, 0.00000, 0.00000, 1.00000, 0.00000, 9.21000, 15.95000, 0.56400, 1.00000, },
				{ 0.98978, -0.14263, 0.00000, 0.00000, 0.14263, 0.98978, 0.00000, 0.00000, 0.00000, 0.00000, 1.00000, 0.00000, 9.21000, 15.95000, 0.70400, 1.00000, },
				{ 0.99731, 0.07324, 0.00000, 0.00000, -0.07324, 0.99731, 0.00000, 0.00000, 0.00000, 0.00000, 1.00000, 0.00000, 9.21000, 15.95000, 0.84400, 1.00000, },
			},
			["asset/industry/wooden_box_03.mdl"] = {
				{ -0.00000, -1.00000, 0.00000, 0.00000, 1.00000, -0.00000, 0.00000, 0.00000, 0.00000, 0.00000, 1.00000, 0.00000, 1.90000, 18.00000, 0.00000, 1.00000, },
				{ 0.01745, -0.99985, 0.00000, 0.00000, 0.99985, 0.01745, 0.00000, 0.00000, 0.00000, 0.00000, 1.00000, 0.00000, 3.71854, 17.97911, 0.00000, 1.00000, },
				{ 0.01745, -0.99985, 0.00000, 0.00000, 0.99985, 0.01745, 0.00000, 0.00000, 0.00000, 0.00000, 1.00000, 0.00000, 1.91196, 19.02384, 0.00000, 1.00000, },
				{ -0.02792, -0.99961, 0.00000, 0.00000, 0.99961, -0.02792, 0.00000, 0.00000, 0.00000, 0.00000, 1.00000, 0.00000, 3.72231, 19.03802, 0.00000, 1.00000, },
				{ 0.01745, -0.99985, 0.00000, 0.00000, 0.99985, 0.01745, 0.00000, 0.00000, 0.00000, 0.00000, 1.00000, 0.00000, 1.96542, 20.09097, 0.00000, 1.00000, },
				{ -0.03490, -0.99939, 0.00000, 0.00000, 0.99939, -0.03490, 0.00000, 0.00000, 0.00000, 0.00000, 1.00000, 0.00000, 3.77585, 20.06041, 0.00000, 1.00000, },
				{ 0.01745, -0.99985, 0.00000, 0.00000, 0.99985, 0.01745, 0.00000, 0.00000, 0.00000, 0.00000, 1.00000, 0.00000, 3.72039, 20.06042, 0.99587, 1.00000, ignore = { 4, 50 }, },
				{ 0.01745, -0.99985, 0.00000, 0.00000, 0.99985, 0.01745, 0.00000, 0.00000, 0.00000, 0.00000, 1.00000, 0.00000, 3.74570, 18.01257, 0.99587, 1.00000, ignore = { 4, 50 }, },
				{ 0.01745, -0.99985, 0.00000, 0.00000, 0.99985, 0.01745, 0.00000, 0.00000, 0.00000, 0.00000, 1.00000, 0.00000, 1.81915, 18.99516, 0.99587, 1.00000, ignore = { 4, 50 }, },
				{ 0.01745, -0.99985, 0.00000, 0.00000, 0.99985, 0.01745, 0.00000, 0.00000, 0.00000, 0.00000, 1.00000, 0.00000, 1.87193, 20.06156, 0.99587, 1.00000, ignore = { 4, 50 }, },
				{ 0.01745, -0.99985, 0.00000, 0.00000, 0.99985, 0.01745, 0.00000, 0.00000, 0.00000, 0.00000, 1.00000, 0.00000, 1.85462, 17.95485, 0.99587, 1.00000, ignore = { 4, 50 }, },
				{ 0.01745, -0.99985, 0.00000, 0.00000, 0.99985, 0.01745, 0.00000, 0.00000, 0.00000, 0.00000, 1.00000, 0.00000, 3.84035, 19.00683, 0.99587, 1.00000, ignore = { 4, 50 }, },
			},
			["asset/industry/wooden_box_04.mdl"] = {
				{ 0.04188, -0.99912, 0.00000, 0.00000, 0.99912, 0.04188, 0.00000, 0.00000, 0.00000, 0.00000, 1.00000, 0.00000, 5.26000, 26.66000, 0.00000, 1.00000, ignore = { 5, 25 }, },
				{ -0.05582, -0.99844, -0.00000, 0.00000, 0.99844, -0.05582, 0.00000, 0.00000, -0.00000, 0.00000, 1.00000, 0.00000, 5.04000, 25.04000, 0.00000, 1.00000, ignore = { 5, 25 }, },
				{ -0.01396, -0.99990, -0.00000, 0.00000, 0.99990, -0.01396, 0.00000, 0.00000, -0.00000, 0.00000, 1.00000, 0.00000, 2.58000, 26.66000, 0.00000, 1.00000, },
			},
			["station/rail/asset/cargo_pallet_jack.mdl"] = {
				{ -0.99488, -0.10106, 0.00000, 0.00000, 0.10106, -0.99488, 0.00000, 0.00000, 0.00000, 0.00000, 1.00000, 0.00000, 5.80000, 16.31000, 0.00000, 1.00000, },
			},
			["station/rail/asset/era_a_street_pillar.mdl"] = {
				{ 1.00000, 0.00000, 0.00000, 0.00000, -0.00000, 1.00000, -0.00000, 0.00000, 0.00000, 0.00000, 1.00000, 0.00000, -9.99802, 0.26000, -0.00000, 1.00000, },
				{ 1.00000, 0.00000, 0.00000, 0.00000, -0.00000, 1.00000, -0.00000, 0.00000, 0.00000, 0.00000, 1.00000, 0.00000, -7.99802, 0.26000, -0.00000, 1.00000, },
				{ 1.00000, 0.00000, 0.00000, 0.00000, -0.00000, 1.00000, -0.00000, 0.00000, 0.00000, 0.00000, 1.00000, 0.00000, -5.99802, 0.26000, -0.00000, 1.00000, },
				{ 1.00000, 0.00000, 0.00000, 0.00000, -0.00000, 1.00000, -0.00000, 0.00000, 0.00000, 0.00000, 1.00000, 0.00000, -3.99802, 0.26000, -0.00000, 1.00000, },
				{ 1.00000, 0.00000, 0.00000, 0.00000, -0.00000, 1.00000, -0.00000, 0.00000, 0.00000, 0.00000, 1.00000, 0.00000, -1.99802, 0.26000, -0.00000, 1.00000, },
				{ 1.00000, 0.00000, 0.00000, 0.00000, -0.00000, 1.00000, -0.00000, 0.00000, 0.00000, 0.00000, 1.00000, 0.00000, 0.00198, 0.26000, -0.00000, 1.00000, },
				{ 1.00000, 0.00000, 0.00000, 0.00000, -0.00000, 1.00000, -0.00000, 0.00000, 0.00000, 0.00000, 1.00000, 0.00000, 2.00198, 0.26000, -0.00000, 1.00000, },
				{ 1.00000, 0.00000, 0.00000, 0.00000, -0.00000, 1.00000, -0.00000, 0.00000, 0.00000, 0.00000, 1.00000, 0.00000, 4.00198, 0.26000, -0.00000, 1.00000, },
				{ 1.00000, 0.00000, 0.00000, 0.00000, -0.00000, 1.00000, -0.00000, 0.00000, 0.00000, 0.00000, 1.00000, 0.00000, 6.00198, 0.26000, -0.00000, 1.00000, },
				{ 1.00000, 0.00000, 0.00000, 0.00000, -0.00000, 1.00000, -0.00000, 0.00000, 0.00000, 0.00000, 1.00000, 0.00000, 8.00198, 0.26000, -0.00000, 1.00000, },
				{ 1.00000, 0.00000, 0.00000, 0.00000, -0.00000, 1.00000, -0.00000, 0.00000, 0.00000, 0.00000, 1.00000, 0.00000, 10.00198, 0.26000, -0.00000, 1.00000, },
			},
			["street/street_asset_mix/trash_standing_a.mdl"] = {
				{ 1.00000, 0.00000, 0.00000, 0.00000, 0.00000, 1.00000, 0.00000, 0.00000, 0.00000, 0.00000, 1.00000, 0.00000, 11.37000, 13.95000, 0.00000, 1.00000, },
			},
		},
		groups = {
			["era_a_barn_open.grp"] = {
				{ 0.57500, 0.00000, 0.00000, 0.00000, 0.00000, 0.57500, 0.00000, 0.00000, 0.00000, 0.00000, 0.57500, 0.00000, 3.53000, 24.20000, 0.00000, 1.00000, ignore = { 6, 25 }, },
			},
			["era_a_barrel_wood.grp"] = {
				{ 0.93378, -0.35785, 0.00000, 0.00000, 0.35785, 0.93378, 0.00000, 0.00000, 0.00000, 0.00000, 1.00000, 0.00000, -11.11351, 29.24596, -0.00000, 1.00000, },
				{ 0.93378, -0.35785, 0.00000, 0.00000, 0.35785, 0.93378, 0.00000, 0.00000, 0.00000, 0.00000, 1.00000, 0.00000, -10.51351, 30.79596, -0.00000, 1.00000, },
			},
			["era_a_com_1_asset_ad_sign_big.grp"] = {
				{ -0.00000, 1.00000, 0.00000, 0.00000, -1.00000, -0.00000, 0.00000, 0.00000, 0.00000, 0.00000, 1.00000, 0.00000, 10.53000, 12.63000, 2.24000, 1.00000, align = { 0.00000, 1.00000 }, },
				{ -0.00000, -1.00000, 0.00000, 0.00000, 1.00000, -0.00000, 0.00000, 0.00000, 0.00000, 0.00000, 1.00000, 0.00000, -10.42000, 12.75000, 2.24000, 1.00000, align = { 0.00000, 1.00000 }, },
			},
			["era_a_com_1_asset_food_ad_01.grp"] = {
				{ 0.68200, -0.73135, 0.00000, 0.00000, 0.73135, 0.68200, 0.00000, 0.00000, 0.00000, 0.00000, 1.00000, 0.00000, 9.66000, 2.48000, 0.00000, 1.00000, align = { 6.38000, 3.02000 }, seed = 789, },
			},
			["era_a_com_1_asset_food_booth_01.grp"] = {
				{ 1.00000, 0.00000, 0.00000, 0.00000, 0.00000, 1.00000, 0.00000, 0.00000, 0.00000, 0.00000, 1.00000, 0.00000, 4.38000, 3.02000, 0.00000, 1.00000, align = { 6.38000, 3.02000 }, seed = 789, },
			},
			["era_a_com_1_asset_food_booth_02.grp"] = {
				{ 1.00000, 0.00000, 0.00000, 0.00000, 0.00000, 1.00000, 0.00000, 0.00000, 0.00000, 0.00000, 1.00000, 0.00000, 8.38000, 3.02000, 0.00000, 1.00000, align = { 6.38000, 3.02000 }, seed = 789, },
			},
			["era_a_com_1_asset_food_booth_03.grp"] = {
				{ 1.00000, 0.00000, 0.00000, 0.00000, 0.00000, 1.00000, 0.00000, 0.00000, 0.00000, 0.00000, 1.00000, 0.00000, 7.38000, 3.02000, 0.00000, 1.00000, align = { 6.38000, 3.02000 }, seed = 789, },
			},
			["era_a_com_1_asset_food_booth_04.grp"] = {
				{ 1.00000, 0.00000, 0.00000, 0.00000, 0.00000, 1.00000, 0.00000, 0.00000, 0.00000, 0.00000, 1.00000, 0.00000, 6.38000, 3.02000, 0.00000, 1.00000, align = { 6.38000, 3.02000 }, seed = 789, },
			},
			["era_a_com_1_asset_food_booth_05.grp"] = {
				{ 1.00000, 0.00000, 0.00000, 0.00000, 0.00000, 1.00000, 0.00000, 0.00000, 0.00000, 0.00000, 1.00000, 0.00000, 5.38000, 3.02000, 0.00000, 1.00000, align = { 6.38000, 3.02000 }, seed = 789, },
			},
			["era_a_com_1_asset_food_booth_end.grp"] = {
				{ 1.00000, 0.00000, 0.00000, 0.00000, 0.00000, 1.00000, 0.00000, 0.00000, 0.00000, 0.00000, 1.00000, 0.00000, 8.38000, 3.02000, 0.00000, 1.00000, align = { 6.38000, 3.02000 }, seed = 789, },
			},
			["era_a_com_1_asset_food_booth_start.grp"] = {
				{ 1.00000, 0.00000, 0.00000, 0.00000, 0.00000, 1.00000, 0.00000, 0.00000, 0.00000, 0.00000, 1.00000, 0.00000, 4.38000, 3.02000, 0.00000, 1.00000, align = { 6.38000, 3.02000 }, seed = 789, },
			},
			["era_a_com_1_asset_food_box.grp"] = {
				{ 0.99959, -0.02854, 0.00000, 0.00000, 0.02854, 0.99959, 0.00000, 0.00000, 0.00000, 0.00000, 1.00000, 0.00000, 2.44000, 28.35000, 0.48000, 1.00000, seed = 26, ignore = { 3, 50 }, },
				{ 0.99951, -0.03134, 0.00000, 0.00000, 0.03134, 0.99951, 0.00000, 0.00000, 0.00000, 0.00000, 1.00000, 0.00000, 2.44000, 28.96000, 0.00000, 1.00000, seed = 26, ignore = { 3, 50 }, },
				{ 0.99959, -0.02854, 0.00000, 0.00000, 0.02854, 0.99959, 0.00000, 0.00000, 0.00000, 0.00000, 1.00000, 0.00000, 1.62000, 28.96000, 0.48000, 1.00000, seed = 26, ignore = { 3, 50 }, },
				{ 0.99951, -0.03134, 0.00000, 0.00000, 0.03134, 0.99951, 0.00000, 0.00000, 0.00000, 0.00000, 1.00000, 0.00000, 1.62000, 29.57000, 0.00000, 1.00000, seed = 26, ignore = { 3, 50 }, },
				{ 0.99951, -0.03134, 0.00000, 0.00000, 0.03134, 0.99951, 0.00000, 0.00000, 0.00000, 0.00000, 1.00000, 0.00000, 2.44000, 29.57000, 0.00000, 1.00000, seed = 26, ignore = { 3, 50 }, },
				{ 0.99959, -0.02854, 0.00000, 0.00000, 0.02854, 0.99959, 0.00000, 0.00000, 0.00000, 0.00000, 1.00000, 0.00000, 1.62000, 30.18000, 0.48000, 1.00000, seed = 26, ignore = { 3, 50 }, },
				{ 0.99951, -0.03134, 0.00000, 0.00000, 0.03134, 0.99951, 0.00000, 0.00000, 0.00000, 0.00000, 1.00000, 0.00000, 1.62000, 28.35000, 0.00000, 1.00000, seed = 26, },
				{ 0.99959, -0.02854, 0.00000, 0.00000, 0.02854, 0.99959, 0.00000, 0.00000, 0.00000, 0.00000, 1.00000, 0.00000, 1.62000, 28.35000, 0.48000, 1.00000, seed = 26, },
				{ 0.99951, -0.03134, 0.00000, 0.00000, 0.03134, 0.99951, 0.00000, 0.00000, 0.00000, 0.00000, 1.00000, 0.00000, 1.62000, 28.96000, 0.00000, 1.00000, seed = 26, },
				{ 0.99951, -0.03134, 0.00000, 0.00000, 0.03134, 0.99951, 0.00000, 0.00000, 0.00000, 0.00000, 1.00000, 0.00000, 1.62000, 30.18000, 0.00000, 1.00000, seed = 26, },
				{ 0.99951, -0.03134, 0.00000, 0.00000, 0.03134, 0.99951, 0.00000, 0.00000, 0.00000, 0.00000, 1.00000, 0.00000, 2.44000, 28.35000, 0.00000, 1.00000, seed = 26, },
				{ 0.99677, 0.08027, 0.00000, 0.00000, -0.08027, 0.99677, 0.00000, 0.00000, 0.00000, 0.00000, 1.00000, 0.00000, 3.28000, 28.35000, 0.00000, 1.00000, seed = 26, },
				{ 0.99951, -0.03134, 0.00000, 0.00000, 0.03134, 0.99951, 0.00000, 0.00000, 0.00000, 0.00000, 1.00000, 0.00000, 2.44000, 30.18000, 0.00000, 1.00000, seed = 26, },
			},
			["era_a_com_1_asset_food_empty_box.grp"] = {
				{ 0.94997, -0.31233, 0.00000, 0.00000, 0.31233, 0.94997, 0.00000, 0.00000, 0.00000, 0.00000, 1.00000, 0.00000, 6.21000, 30.36000, 0.00000, 1.00000, },
				{ 0.94997, -0.31233, 0.00000, 0.00000, 0.31233, 0.94997, 0.00000, 0.00000, 0.00000, 0.00000, 1.00000, 0.00000, 5.33000, 29.26000, 0.00000, 1.00000, },
				{ -0.06279, 0.99803, 0.00000, 0.00000, -0.99803, -0.06279, 0.00000, 0.00000, 0.00000, 0.00000, 1.00000, 0.00000, 5.25000, 30.36000, 0.00000, 1.00000, },
			},
			["era_a_com_1_asset_horse_wall_sign_01.grp"] = {
				{ -0.00000, -1.00000, 0.00000, 0.00000, 1.00000, -0.00000, 0.00000, 0.00000, 0.00000, 0.00000, 1.00000, 0.00000, -10.43000, 3.72000, 2.69000, 1.00000, align = { 0.00000, 1.00000 }, seed = 256, },
			},
			["era_a_com_2_asset_food_sign_01.grp"] = {
				{ 0.36500, 0.00000, 0.00000, 0.00000, 0.00000, 0.36500, 0.00000, 0.00000, 0.00000, 0.00000, 0.36500, 0.00000, 1.56000, 3.09700, 3.34500, 1.00000, align = { 0.00000, 1.00000 }, seed = 123, },
				{ 0.36500, 0.00000, 0.00000, 0.00000, 0.00000, 0.36500, 0.00000, 0.00000, 0.00000, 0.00000, 0.36500, 0.00000, 7.55000, 3.09700, 3.35500, 1.00000, align = { 0.00000, 1.00000 }, seed = 123, },
				{ -0.00000, 0.36500, 0.00000, 0.00000, -0.36500, -0.00000, 0.00000, 0.00000, 0.00000, 0.00000, 0.36500, 0.00000, 10.55500, 8.87200, 3.35500, 1.00000, align = { 0.00000, 1.00000 }, seed = 123, },
				{ 0.36500, 0.00000, 0.00000, 0.00000, 0.00000, 0.36500, 0.00000, 0.00000, 0.00000, 0.00000, 0.36500, 0.00000, 4.56000, 3.09700, 3.35500, 1.00000, align = { 0.00000, 1.00000 }, seed = 123, },
				{ -0.00000, 0.36500, 0.00000, 0.00000, -0.36500, -0.00000, 0.00000, 0.00000, 0.00000, 0.00000, 0.36500, 0.00000, 10.55500, 5.88200, 3.35500, 1.00000, align = { 0.00000, 1.00000 }, seed = 123, },
			},
			["era_a_com_2_asset_food_wall_sign_01.grp"] = {
				{ 1.00000, 0.00000, 0.00000, 0.00000, 0.00000, 1.00000, 0.00000, 0.00000, 0.00000, 0.00000, 1.00000, 0.00000, 10.10000, 3.09500, 5.60000, 1.00000, align = { 0.00000, 1.00000 }, seed = 123, },
				{ -0.00000, 1.00000, 0.00000, 0.00000, -1.00000, -0.00000, 0.00000, 0.00000, 0.00000, 0.00000, 1.00000, 0.00000, 10.54000, 3.57500, 5.60000, 1.00000, align = { 0.00000, 1.00000 }, seed = 123, },
			},
			["era_a_com_2_asset_horse_sign_01.grp"] = {
				{ 0.40104, 0.00000, 0.00000, 0.00000, 0.00000, 0.40104, 0.00000, 0.00000, 0.00000, 0.00000, 0.40104, 0.00000, -1.44000, 3.08400, 3.35000, 1.00000, align = { 0.00000, 1.00000 }, seed = 256, },
				{ 0.40104, 0.00000, 0.00000, 0.00000, 0.00000, 0.40104, 0.00000, 0.00000, 0.00000, 0.00000, 0.40104, 0.00000, -4.44000, 3.08400, 3.35000, 1.00000, align = { 0.00000, 1.00000 }, seed = 256, },
				{ -0.00000, -0.40104, 0.00000, 0.00000, 0.40104, -0.00000, 0.00000, 0.00000, 0.00000, 0.00000, 0.40104, 0.00000, -10.43600, 5.88400, 3.35000, 1.00000, align = { 0.00000, 1.00000 }, seed = 256, },
				{ 0.40104, 0.00000, 0.00000, 0.00000, 0.00000, 0.40104, 0.00000, 0.00000, 0.00000, 0.00000, 0.40104, 0.00000, -7.44000, 3.08400, 3.35000, 1.00000, align = { 0.00000, 1.00000 }, seed = 256, },
				{ -0.00000, -0.40104, 0.00000, 0.00000, 0.40104, -0.00000, 0.00000, 0.00000, 0.00000, 0.00000, 0.40104, 0.00000, -10.43600, 8.88400, 3.35000, 1.00000, align = { 0.00000, 1.00000 }, seed = 256, },
			},
			["era_a_com_2_asset_horse_wall_sign_01.grp"] = {
				{ 1.00000, 0.00000, 0.00000, 0.00000, 0.00000, 1.00000, 0.00000, 0.00000, 0.00000, 0.00000, 1.00000, 0.00000, -10.22000, 3.22000, 4.98000, 1.00000, align = { 0.00000, 1.00000 }, seed = 256, },
			},
			["era_a_com_2_asset_shop_awning_end.grp"] = {
				{ 0.99500, 0.00000, 0.00000, 0.00000, 0.00000, 1.00000, 0.00000, 0.00000, 0.00000, 0.00000, 1.00000, 0.00000, 7.54000, 3.04500, 3.10700, 1.00000, align = { 0.00000, 1.00000 }, seed = 123, },
				{ -0.00000, 0.99500, 0.00000, 0.00000, -1.00000, -0.00000, 0.00000, 0.00000, 0.00000, 0.00000, 1.00000, 0.00000, 10.61000, 8.88500, 3.10700, 1.00000, align = { 0.00000, 1.00000 }, seed = 123, },
				{ 0.99500, 0.00000, 0.00000, 0.00000, 0.00000, 1.00000, 0.00000, 0.00000, 0.00000, 0.00000, 1.00000, 0.00000, -1.45000, 3.04500, 3.10700, 1.00000, align = { 0.00000, 1.00000 }, seed = 256, },
				{ -0.00000, -0.99500, 0.00000, 0.00000, 1.00000, -0.00000, 0.00000, 0.00000, 0.00000, 0.00000, 1.00000, 0.00000, -10.47000, 5.88000, 3.10700, 1.00000, align = { 0.00000, 1.00000 }, seed = 256, },
			},
			["era_a_com_2_asset_shop_awning_repeat.grp"] = {
				{ 0.99500, 0.00000, 0.00000, 0.00000, 0.00000, 1.00000, 0.00000, 0.00000, 0.00000, 0.00000, 1.00000, 0.00000, 1.57000, 3.04500, 3.10700, 1.00000, align = { 0.00000, 1.00000 }, seed = 123, },
				{ 0.99500, 0.00000, 0.00000, 0.00000, 0.00000, 1.00000, 0.00000, 0.00000, 0.00000, 0.00000, 1.00000, 0.00000, 4.55501, 3.04500, 3.10700, 1.00000, align = { 0.00000, 1.00000 }, seed = 123, },
				{ 0.99500, 0.00000, 0.00000, 0.00000, 0.00000, 1.00000, 0.00000, 0.00000, 0.00000, 0.00000, 1.00000, 0.00000, 7.54001, 3.04500, 3.10700, 1.00000, align = { 0.00000, 1.00000 }, seed = 123, },
				{ -0.00000, 0.99500, 0.00000, 0.00000, -1.00000, -0.00000, 0.00000, 0.00000, 0.00000, 0.00000, 1.00000, 0.00000, 10.61000, 5.90000, 3.10700, 1.00000, align = { 0.00000, 1.00000 }, seed = 123, },
				{ -0.00000, 0.99500, 0.00000, 0.00000, -1.00000, -0.00000, 0.00000, 0.00000, 0.00000, 0.00000, 1.00000, 0.00000, 10.61000, 8.88501, 3.10700, 1.00000, align = { 0.00000, 1.00000 }, seed = 123, },
				{ 0.99500, 0.00000, 0.00000, 0.00000, 0.00000, 1.00000, 0.00000, 0.00000, 0.00000, 0.00000, 1.00000, 0.00000, -7.42000, 3.04500, 3.10700, 1.00000, align = { 0.00000, 1.00000 }, seed = 256, },
				{ 0.99500, 0.00000, 0.00000, 0.00000, 0.00000, 1.00000, 0.00000, 0.00000, 0.00000, 0.00000, 1.00000, 0.00000, -4.43499, 3.04500, 3.10700, 1.00000, align = { 0.00000, 1.00000 }, seed = 256, },
				{ 0.99500, 0.00000, 0.00000, 0.00000, 0.00000, 1.00000, 0.00000, 0.00000, 0.00000, 0.00000, 1.00000, 0.00000, -1.44999, 3.04500, 3.10700, 1.00000, align = { 0.00000, 1.00000 }, seed = 256, },
				{ -0.00000, -0.99500, 0.00000, 0.00000, 1.00000, -0.00000, 0.00000, 0.00000, 0.00000, 0.00000, 1.00000, 0.00000, -10.47000, 8.86500, 3.10700, 1.00000, align = { 0.00000, 1.00000 }, seed = 256, },
				{ -0.00000, -0.99500, 0.00000, 0.00000, 1.00000, -0.00000, 0.00000, 0.00000, 0.00000, 0.00000, 1.00000, 0.00000, -10.47000, 5.87999, 3.10700, 1.00000, align = { 0.00000, 1.00000 }, seed = 256, },
			},
			["era_a_com_2_asset_shop_awning_start.grp"] = {
				{ 0.99500, 0.00000, 0.00000, 0.00000, 0.00000, 1.00000, 0.00000, 0.00000, 0.00000, 0.00000, 1.00000, 0.00000, 1.57000, 3.04500, 3.10700, 1.00000, align = { 0.00000, 1.00000 }, seed = 123, },
				{ -0.00000, 0.99500, 0.00000, 0.00000, -1.00000, -0.00000, 0.00000, 0.00000, 0.00000, 0.00000, 1.00000, 0.00000, 10.61000, 5.90000, 3.10700, 1.00000, align = { 0.00000, 1.00000 }, seed = 123, },
				{ 0.99500, 0.00000, 0.00000, 0.00000, 0.00000, 1.00000, 0.00000, 0.00000, 0.00000, 0.00000, 1.00000, 0.00000, -7.42000, 3.04500, 3.10700, 1.00000, align = { 0.00000, 1.00000 }, seed = 256, },
				{ -0.00000, -0.99500, 0.00000, 0.00000, 1.00000, -0.00000, 0.00000, 0.00000, 0.00000, 0.00000, 1.00000, 0.00000, -10.47000, 8.86500, 3.10700, 1.00000, align = { 0.00000, 1.00000 }, seed = 256, },
			},
			["era_a_container.grp"] = {
				{ -1.00000, 0.00000, 0.00000, 0.00000, -0.00000, -1.00000, 0.00000, 0.00000, 0.00000, 0.00000, 1.00000, 0.00000, -5.88000, 15.74000, 0.00000, 1.00000, },
				{ -0.00000, -1.00000, 0.00000, 0.00000, 1.00000, -0.00000, 0.00000, 0.00000, 0.00000, 0.00000, 1.00000, 0.00000, 11.01000, 22.92000, 0.00000, 1.00000, },
				{ -0.01396, -0.99990, 0.00000, 0.00000, 0.99990, -0.01396, 0.00000, 0.00000, 0.00000, 0.00000, 1.00000, 0.00000, 10.99000, 20.40000, 0.00000, 1.00000, },
			},
			["era_a_market_roof.grp"] = {
				{ 1.00000, 0.00000, 0.00000, 0.00000, 0.00000, 1.00000, 0.00000, 0.00000, 0.00000, 0.00000, 1.00000, 0.00000, -7.76000, 30.37000, 0.00000, 1.00000, },
			},
			["era_a_waggon_01.grp"] = {
				{ -0.11494, -0.99337, -0.00000, 0.00000, 0.99337, -0.11494, 0.00000, 0.00000, -0.00000, 0.00000, 1.00000, 0.00000, -2.22168, 23.90000, 0.00000, 1.00000, },
				{ 0.17021, -0.98541, 0.00000, 0.00000, 0.98541, 0.17021, 0.00000, 0.00000, 0.00000, 0.00000, 1.00000, 0.00000, -1.97168, 21.55000, 0.00000, 1.00000, },
				{ 0.36812, -0.92978, 0.00000, 0.00000, 0.92978, 0.36812, 0.00000, 0.00000, 0.00000, 0.00000, 1.00000, 0.00000, 9.62831, 30.00000, 0.00000, 1.00000, },
				{ -0.26556, -0.96410, 0.00000, 0.00000, 0.96410, -0.26556, 0.00000, 0.00000, 0.00000, 0.00000, 1.00000, 0.00000, 9.27832, 26.95000, 0.00000, 1.00000, },
				{ -0.07672, -0.99705, 0.00000, 0.00000, 0.99705, -0.07672, 0.00000, 0.00000, 0.00000, 0.00000, 1.00000, 0.00000, -2.12168, 19.15000, 0.00000, 1.00000, },
				{ 0.11840, -0.99297, 0.00000, 0.00000, 0.99297, 0.11840, 0.00000, 0.00000, 0.00000, 0.00000, 1.00000, 0.00000, -2.12168, 16.75000, 0.00000, 1.00000, },
			},
			["era_a_wooden_box.grp"] = {
				{ 0.14608, -0.98927, 0.00000, 0.00000, 0.98927, 0.14608, 0.00000, 0.00000, 0.00000, 0.00000, 1.00000, 0.00000, -7.01000, 26.37000, 0.00000, 1.00000, },
				{ -0.17365, -0.98481, -0.00000, 0.00000, 0.98481, -0.17365, 0.00000, 0.00000, -0.00000, 0.00000, 1.00000, 0.00000, -8.59000, 27.55000, 0.00000, 1.00000, },
				{ -0.01396, -0.99990, -0.00000, 0.00000, 0.99990, -0.01396, 0.00000, 0.00000, -0.00000, 0.00000, 1.00000, 0.00000, -8.42000, 26.17000, 0.00000, 1.00000, },
				{ 0.89101, -0.45399, 0.00000, 0.00000, 0.45399, 0.89101, 0.00000, 0.00000, 0.00000, 0.00000, 1.00000, 0.00000, -7.11000, 27.82000, 0.00000, 1.00000, },
			},
			["era_a_wooden_box_on.grp"] = {
				{ 0.99985, 0.01745, 0.00000, 0.00000, -0.01745, 0.99985, 0.00000, 0.00000, 0.00000, 0.00000, 1.00000, 0.00000, 2.90512, 21.86213, 0.00000, 1.00000, seed = 256, },
				{ 0.99985, 0.01745, 0.00000, 0.00000, -0.01745, 0.99985, 0.00000, 0.00000, 0.00000, 0.00000, 1.00000, 0.00000, 2.80115, 22.94210, 0.00000, 1.00000, seed = 256, },
				{ 0.99985, 0.01745, 0.00000, 0.00000, -0.01745, 0.99985, 0.00000, 0.00000, 0.00000, 0.00000, 1.00000, 0.00000, 2.85635, 24.08740, 0.00000, 1.00000, seed = 256, },
				{ 1.00000, 0.00000, 0.00000, 0.00000, 0.00000, 1.00000, 0.00000, 0.00000, 0.00000, 0.00000, 1.00000, 0.00000, 1.88000, 24.10000, 0.00000, 1.00000, seed = 256, },
				{ 0.99985, 0.01745, 0.00000, 0.00000, -0.01745, 0.99985, 0.00000, 0.00000, 0.00000, 0.00000, 1.00000, 0.00000, 1.86215, 22.90113, 0.00000, 1.00000, seed = 256, },
				{ 0.99985, 0.01745, 0.00000, 0.00000, -0.01745, 0.99985, 0.00000, 0.00000, 0.00000, 0.00000, 1.00000, 0.00000, 1.94971, 21.94490, 0.00000, 1.00000, seed = 256, },
				{ 0.99985, 0.01745, 0.00000, 0.00000, -0.01745, 0.99985, 0.00000, 0.00000, 0.00000, 0.00000, 1.00000, 0.00000, 2.90442, 21.77936, 0.89113, 1.00000, seed = 256, ignore = { 2, 25 }, },
				{ 0.99985, 0.01745, 0.00000, 0.00000, -0.01745, 0.99985, 0.00000, 0.00000, 0.00000, 0.00000, 1.00000, 0.00000, 2.87585, 23.02422, 0.89113, 1.00000, seed = 256, ignore = { 2, 25 }, },
				{ 0.99985, 0.01745, 0.00000, 0.00000, -0.01745, 0.99985, 0.00000, 0.00000, 0.00000, 0.00000, 1.00000, 0.00000, 1.93100, 21.86809, 0.89113, 1.00000, seed = 256, ignore = { 2, 25 }, },
				{ 0.99985, 0.01745, 0.00000, 0.00000, -0.01745, 0.99985, 0.00000, 0.00000, 0.00000, 0.00000, 1.00000, 0.00000, 1.87582, 23.05607, 0.89113, 1.00000, seed = 256, ignore = { 2, 25 }, },
				{ 0.99985, 0.01745, 0.00000, 0.00000, -0.01745, 0.99985, 0.00000, 0.00000, 0.00000, 0.00000, 1.00000, 0.00000, 1.94846, 24.24081, 0.89113, 1.00000, seed = 256, ignore = { 2, 25 }, },
			},
		},
	},
}
--End Generated

function data()
	return townbuildingutil.make_building2(
		{ { -4.60, -0.10 }, { 4.60, -0.10 }, { 4.60, 9.10 }, { -4.60, 9.10 } },
		"COMMERCIAL", 
		"A", 
		2,
		{ 3, 4 },
		generatedData,
		"construction/building/era_a/com_2_3x4_03.gtex"
	)
end
