local townbuildingutil = require "townbuildingutil"

--Model file: "building/era_a/com_1_1x1_02.mdl"

--Begin Generated
local generatedData = {
	["base"] = {
		models = {
			["building/era_a/com_1_1x1_02.mdl"] = {
				{ 1.00000, 0.00000, 0.00000, 0.00000, 0.00000, 1.00000, 0.00000, 0.00000, 0.00000, 0.00000, 1.00000, 0.00000, 0.00000, 0.00000, 0.00000, 1.00000, },
			},
		},
		curves = {
			["scaffold"] = {
				{ { 3.39639, 0.65705, 3.78956 }, { 3.39639, 0.65705, 3.78956 }, { 3.39638, 7.43252, 3.78956 }, { 3.39638, 7.43252, 3.78956 }, { 3.39638, 7.43252, 3.78956 }, { -3.37930, 7.43252, 3.68985 }, { -3.37930, 7.43252, 3.68985 }, { -3.37930, 7.43252, 3.68985 }, { -3.37906, 0.65699, 3.68955 }, { -3.37906, 0.65699, 3.68955 }, },
			},
			["shared/asphalt_02.gtex.lua;shared/dirt.gtex.lua"] = {
				{ { 4.00000, 0.00000, 0.00000 }, { 4.00000, 0.00000, 0.00000 }, { 4.00000, 8.00000, 0.00000 }, { 4.00000, 8.00000, 0.00000 }, { 4.00000, 8.00000, 0.00000 }, { -4.00000, 8.00000, 0.00000 }, { -4.00000, 8.00000, 0.00000 }, { -4.00000, 8.00000, 0.00000 }, { -4.00000, 0.00000, 0.00000 }, { -4.00000, 0.00000, 0.00000 }, },
			},
		},
	},
	["layout_1"] = {
		models = {
			["asset/industry/cardboard_box_01.mdl"] = {
				{ -0.21303, -0.97705, -0.00000, 0.00000, 0.97705, -0.21303, 0.00000, 0.00000, -0.00000, 0.00000, 1.00000, 0.00000, 1.04000, 7.56000, -0.04000, 1.00000, },
				{ -0.11147, -0.99377, -0.00000, 0.00000, 0.99377, -0.11147, 0.00000, 0.00000, -0.00000, 0.00000, 1.00000, 0.00000, 2.18000, 7.56000, 0.46000, 1.00000, },
				{ 0.16505, -0.98629, 0.00000, 0.00000, 0.98629, 0.16505, 0.00000, 0.00000, 0.00000, 0.00000, 1.00000, 0.00000, 2.18000, 7.56000, -0.04000, 1.00000, },
			},
		},
		groups = {
			["era_a_com_1_asset_gstore_sign_01.grp"] = {
				{ 1.00000, 0.00000, 0.00000, 0.00000, 0.00000, 1.00000, 0.00000, 0.00000, 0.00000, 0.00000, 1.00000, 0.00000, 0.00000, 1.05000, 3.18000, 1.00000, align = { 0.00000, 0.00000 }, seed = 123, },
			},
		},
	},
	["layout_1"] = {
		models = {
			["asset/industry/cardboard_box_01.mdl"] = {
				{ -0.10973, -0.99396, 0.00000, 0.00000, 0.99396, -0.10973, 0.00000, 0.00000, 0.00000, 0.00000, 1.00000, 0.00000, -1.87000, 7.56000, -0.04000, 1.00000, },
			},
		},
		groups = {
			["era_a_com_1_asset_gstore_sign_01.grp"] = {
				{ 1.00000, 0.00000, 0.00000, 0.00000, 0.00000, 1.00000, 0.00000, 0.00000, 0.00000, 0.00000, 1.00000, 0.00000, 0.00000, 1.05000, 3.18000, 1.00000, align = { 0.00000, 0.00000 }, seed = 123, },
			},
			["era_a_wooden_box.grp"] = {
				{ -0.00576, -0.82498, -0.00000, 0.00000, 0.82498, -0.00576, 0.00000, 0.00000, -0.00000, 0.00000, 0.82500, 0.00000, -0.83000, 7.56000, 0.00000, 1.00000, },
			},
		},
	},
}
--End Generated

function data()
	return townbuildingutil.make_building2(
		{ { -4.60, -0.10 }, { 4.60, -0.10 }, { 4.60, 9.10 }, { -4.60, 9.10 } },
		"COMMERCIAL", 
		"A", 
		1,
		{ 1, 1 },
		generatedData,
		"construction/building/era_a/com_1_1x1_02.gtex"
	)
end
