local townbuildingutil = require "townbuildingutil"

--Model file: "building/era_a/com_2_3x4_04.mdl"

--Begin Generated
local generatedData = {
	["base"] = {
		models = {
			["building/era_a/com_2_3x4_04.mdl"] = {
				{ 1.00000, 0.00000, 0.00000, 0.00000, 0.00000, 1.00000, 0.00000, 0.00000, 0.00000, 0.00000, 1.00000, 0.00000, 0.00000, 1.00000, 0.00000, 1.00000, },
			},
		},
		curves = {
			["scaffold"] = {
				{ { 10.71191, 3.00354, 13.20001 }, { 10.71191, 3.00354, 13.20001 }, { 10.71191, 13.54297, 13.20001 }, { 10.71191, 13.54297, 13.20001 }, { 10.71191, 13.54297, 13.20001 }, { -0.06726, 13.54294, 13.20004 }, { -0.06726, 13.54294, 13.20004 }, { -0.06726, 13.54294, 13.20004 }, { -0.06719, 15.74395, 13.45997 }, { -0.06719, 15.74395, 13.45997 }, { -0.06719, 15.74395, 13.45997 }, { -10.60058, 15.74393, 13.46002 }, { -10.60059, 15.74393, 13.46002 }, { -10.60059, 15.74393, 13.46002 }, { -10.60059, 6.09513, 13.20001 }, { -10.60059, 6.09513, 13.20001 }, { -10.60059, 6.09513, 13.20001 }, { -7.50919, 3.00355, 13.20001 }, { -7.50919, 3.00355, 13.20001 }, },
			},
			["shared/asphalt_02.gtex.lua;shared/dirt.gtex.lua"] = {
				{ { 12.00000, 0.00000, 0.00000 }, { 12.00000, 0.00000, 0.00000 }, { 12.00000, 13.46780, 0.00000 }, { 12.00000, 13.46780, 0.00000 }, { 12.00000, 13.46780, 0.00000 }, { -0.08682, 13.46780, 0.00000 }, { -0.08682, 13.46780, 0.00000 }, { -0.08682, 13.46780, 0.00000 }, { -0.08682, 15.66580, 0.00000 }, { -0.08682, 15.66580, 0.00000 }, { -0.08682, 15.66580, 0.00000 }, { -10.14432, 15.66580, 0.00000 }, { -10.14435, 15.66580, 0.00000 }, { -10.14435, 15.66580, 0.00000 }, { -10.14435, 32.00000, 0.00000 }, { -10.14435, 32.00000, 0.00000 }, { -10.14435, 32.00000, 0.00000 }, { -12.00000, 32.00000, 0.00000 }, { -12.00000, 32.00000, 0.00000 }, { -12.00000, 32.00000, 0.00000 }, { -12.00000, 0.00000, 0.00000 }, { -12.00000, 0.00000, 0.00000 }, },
			},
			["shared/grass_cutted_01.gtex.lua"] = {
				{ { 12.00000, 13.46780, 0.00000 }, { 12.00000, 13.46780, 0.00000 }, { 12.00000, 28.11950, 0.00000 }, { 12.00000, 28.11950, 0.00000 }, { 12.00000, 28.11950, 0.00000 }, { -0.08682, 28.11950, 0.00000 }, { -0.08682, 28.11950, 0.00000 }, { -0.08682, 28.11950, 0.00000 }, { -0.08682, 13.46780, 0.00000 }, { -0.08682, 13.46780, 0.00000 }, { -0.08682, 13.46780, 0.00000 }, { 2.00000, 13.46780, 0.00000 }, { 2.00000, 13.46780, 0.00000 }, { 2.00000, 13.46780, 0.00000 }, { 2.00000, 26.29996, 0.00000 }, { 2.00000, 26.29996, 0.00000 }, { 2.00000, 26.29996, 0.00000 }, { 9.80020, 26.29996, 0.00000 }, { 9.80020, 26.29996, 0.00000 }, { 9.80020, 26.29996, 0.00000 }, { 9.80020, 13.46780, 0.00000 }, { 9.80020, 13.46780, 0.00000 }, },
			},
			["shared/gravel_02.gtex.lua"] = {
				{ { 9.80020, 13.46780, 0.00000 }, { 9.80020, 13.46780, 0.00000 }, { 9.80020, 26.29996, 0.00000 }, { 9.80020, 26.29996, 0.00000 }, { 9.80020, 26.29996, 0.00000 }, { 2.00000, 26.29996, 0.00000 }, { 2.00000, 26.29996, 0.00000 }, { 2.00000, 26.29996, 0.00000 }, { 2.00000, 13.46780, 0.00000 }, { 2.00000, 13.46780, 0.00000 }, },
				{ { -0.08682, 15.66580, 0.00000 }, { -0.08682, 15.66580, 0.00000 }, { -0.08682, 32.00000, 0.00000 }, { -0.08682, 32.00000, 0.00000 }, { -0.08682, 32.00000, 0.00000 }, { -10.14435, 32.00000, 0.00000 }, { -10.14435, 32.00000, 0.00000 }, { -10.14435, 32.00000, 0.00000 }, { -10.14435, 15.66580, 0.00000 }, { -10.14435, 15.66580, 0.00000 }, },
			},
			["shared/gravel_03.gtex.lua;shared/dirt.gtex.lua"] = {
				{ { 12.00000, 28.11950, 0.00000 }, { 12.00000, 28.11950, 0.00000 }, { 12.00000, 32.00000, 0.00000 }, { 12.00000, 32.00000, 0.00000 }, { 12.00000, 32.00000, 0.00000 }, { -0.08682, 32.00000, 0.00000 }, { -0.08682, 32.00000, 0.00000 }, { -0.08682, 32.00000, 0.00000 }, { -0.08682, 28.11950, 0.00000 }, { -0.08682, 28.11950, 0.00000 }, },
			},
		},
	},
	["layout_1"] = {
		models = {
			["asset/commercial/all_eras/era_a_com_wall.mdl"] = {
				{ 0.00000, 1.00000, 0.00000, 0.00000, -1.00000, 0.00000, -0.00000, 0.00000, -0.00000, -0.00000, 1.00000, 0.00000, 11.85000, 14.73900, 0.00000, 1.00000, },
				{ 1.00000, -0.00000, 0.00000, 0.00000, 0.00000, 1.00000, -0.00000, 0.00000, -0.00000, 0.00000, 1.00000, 0.00000, 10.50000, 13.08900, 0.00000, 1.00000, },
				{ 0.00000, 1.00000, 0.00000, 0.00000, -1.00000, 0.00000, -0.00000, 0.00000, -0.00000, -0.00000, 1.00000, 0.00000, -0.10000, 14.87900, 0.00000, 1.00000, },
				{ 0.00000, 1.00000, 0.00000, 0.00000, -1.00000, 0.00000, -0.00000, 0.00000, -0.00000, -0.00000, 1.00000, 0.00000, -0.10001, 17.87900, 0.00000, 1.00000, },
				{ 0.00000, 1.00000, 0.00000, 0.00000, -1.00000, 0.00000, -0.00000, 0.00000, -0.00000, -0.00000, 1.00000, 0.00000, -0.10001, 20.87900, 0.00000, 1.00000, },
				{ 0.00000, 1.00000, 0.00000, 0.00000, -1.00000, 0.00000, -0.00000, 0.00000, -0.00000, -0.00000, 1.00000, 0.00000, -0.10001, 23.87900, 0.00000, 1.00000, },
				{ 0.00000, 1.00000, 0.00000, 0.00000, -1.00000, 0.00000, -0.00000, 0.00000, -0.00000, -0.00000, 1.00000, 0.00000, -0.10001, 26.87900, 0.00000, 1.00000, },
				{ 0.00000, 1.10600, 0.00000, 0.00000, -1.00000, 0.00000, -0.00000, 0.00000, -0.00000, -0.00000, 1.00000, 0.00000, -0.10001, 30.03900, 0.00000, 1.00000, },
				{ 1.01500, -0.00000, 0.00000, 0.00000, 0.00000, 1.00000, -0.00000, 0.00000, -0.00000, 0.00000, 1.00000, 0.00000, -10.47501, 31.84900, 0.00000, 1.00000, },
				{ 1.01500, -0.00000, 0.00000, 0.00000, 0.00000, 1.00000, -0.00000, 0.00000, -0.00000, 0.00000, 1.00000, 0.00000, 1.57249, 28.38900, 0.00000, 1.00000, },
				{ 1.00000, -0.00000, 0.00000, 0.00000, 0.00000, 1.00000, -0.00000, 0.00000, -0.00000, 0.00000, 1.00000, 0.00000, -7.45001, 31.84900, 0.00000, 1.00000, },
				{ 1.00000, -0.00000, 0.00000, 0.00000, 0.00000, 1.00000, -0.00000, 0.00000, -0.00000, 0.00000, 1.00000, 0.00000, 4.59749, 28.38900, 0.00000, 1.00000, },
				{ 1.00000, -0.00000, 0.00000, 0.00000, 0.00000, 1.00000, -0.00000, 0.00000, -0.00000, 0.00000, 1.00000, 0.00000, -4.45001, 31.84900, 0.00000, 1.00000, },
				{ 1.00000, -0.00000, 0.00000, 0.00000, 0.00000, 1.00000, -0.00000, 0.00000, -0.00000, 0.00000, 1.00000, 0.00000, 7.59749, 28.38900, 0.00000, 1.00000, },
				{ 1.00000, -0.00000, 0.00000, 0.00000, 0.00000, 1.00000, -0.00000, 0.00000, -0.00000, 0.00000, 1.00000, 0.00000, -1.45001, 31.84900, 0.00000, 1.00000, },
				{ 0.96950, -0.00000, 0.00000, 0.00000, 0.00000, 1.00000, -0.00000, 0.00000, -0.00000, 0.00000, 1.00000, 0.00000, 10.54695, 28.38900, 0.00000, 1.00000, },
				{ 0.00000, 1.00000, 0.00000, 0.00000, -1.00000, 0.00000, -0.00000, 0.00000, -0.00000, -0.00000, 1.00000, 0.00000, 11.85001, 17.73900, 0.00000, 1.00000, },
				{ 0.00000, 1.00000, 0.00000, 0.00000, -1.00000, 0.00000, -0.00000, 0.00000, -0.00000, -0.00000, 1.00000, 0.00000, 11.85001, 20.73900, 0.00000, 1.00000, },
				{ 0.00000, 1.00000, 0.00000, 0.00000, -1.00000, 0.00000, -0.00000, 0.00000, -0.00000, -0.00000, 1.00000, 0.00000, 11.85001, 23.73900, 0.00000, 1.00000, },
				{ 0.00000, 1.00000, 0.00000, 0.00000, -1.00000, 0.00000, -0.00000, 0.00000, -0.00000, -0.00000, 1.00000, 0.00000, 11.85001, 26.73900, 0.00000, 1.00000, },
			},
			["asset/commercial/era_a/com_2_asset_hotel_door_awning_01_a.mdl"] = {
				{ -0.00000, 1.14000, 0.00000, 0.00000, -1.00000, -0.00000, 0.00000, 0.00000, 0.00000, 0.00000, 1.00000, 0.00000, 10.54000, 4.67332, 3.46000, 1.00000, align = { 0.00000, 1.00000 }, },
				{ -0.00000, 1.14000, 0.00000, 0.00000, -1.00000, -0.00000, 0.00000, 0.00000, 0.00000, 0.00000, 1.00000, 0.00000, 10.54000, 7.67331, 3.46000, 1.00000, align = { 0.00000, 1.00000 }, },
				{ -0.00000, 1.14000, 0.00000, 0.00000, -1.00000, -0.00000, 0.00000, 0.00000, 0.00000, 0.00000, 1.00000, 0.00000, 10.54000, 10.67332, 3.46000, 1.00000, align = { 0.00000, 1.00000 }, },
			},
			["station/rail/asset/era_a_street_pillar.mdl"] = {
				{ 1.00000, 0.00000, 0.00000, 0.00000, -0.00000, 1.00000, -0.00000, 0.00000, 0.00000, 0.00000, 1.00000, 0.00000, -9.99802, 0.26000, -0.00000, 1.00000, },
				{ 1.00000, 0.00000, 0.00000, 0.00000, -0.00000, 1.00000, -0.00000, 0.00000, 0.00000, 0.00000, 1.00000, 0.00000, -7.99802, 0.26000, -0.00000, 1.00000, },
				{ 1.00000, 0.00000, 0.00000, 0.00000, -0.00000, 1.00000, -0.00000, 0.00000, 0.00000, 0.00000, 1.00000, 0.00000, -5.99802, 0.26000, -0.00000, 1.00000, },
				{ 1.00000, 0.00000, 0.00000, 0.00000, -0.00000, 1.00000, -0.00000, 0.00000, 0.00000, 0.00000, 1.00000, 0.00000, -3.99802, 0.26000, -0.00000, 1.00000, },
				{ 1.00000, 0.00000, 0.00000, 0.00000, -0.00000, 1.00000, -0.00000, 0.00000, 0.00000, 0.00000, 1.00000, 0.00000, -1.99802, 0.26000, -0.00000, 1.00000, },
				{ 1.00000, 0.00000, 0.00000, 0.00000, -0.00000, 1.00000, -0.00000, 0.00000, 0.00000, 0.00000, 1.00000, 0.00000, 0.00198, 0.26000, -0.00000, 1.00000, },
				{ 1.00000, 0.00000, 0.00000, 0.00000, -0.00000, 1.00000, -0.00000, 0.00000, 0.00000, 0.00000, 1.00000, 0.00000, 2.00198, 0.26000, -0.00000, 1.00000, },
				{ 1.00000, 0.00000, 0.00000, 0.00000, -0.00000, 1.00000, -0.00000, 0.00000, 0.00000, 0.00000, 1.00000, 0.00000, 4.00198, 0.26000, -0.00000, 1.00000, },
				{ 1.00000, 0.00000, 0.00000, 0.00000, -0.00000, 1.00000, -0.00000, 0.00000, 0.00000, 0.00000, 1.00000, 0.00000, 6.00198, 0.26000, -0.00000, 1.00000, },
				{ 1.00000, 0.00000, 0.00000, 0.00000, -0.00000, 1.00000, -0.00000, 0.00000, 0.00000, 0.00000, 1.00000, 0.00000, 8.00198, 0.26000, -0.00000, 1.00000, },
				{ 1.00000, 0.00000, 0.00000, 0.00000, -0.00000, 1.00000, -0.00000, 0.00000, 0.00000, 0.00000, 1.00000, 0.00000, 10.00198, 0.26000, -0.00000, 1.00000, },
			},
		},
		groups = {
			["era_a_com_1_asset_food_box_m.grp"] = {
				{ 0.03141, -0.99951, 0.00000, 0.00000, 0.99951, 0.03141, 0.00000, 0.00000, 0.00000, 0.00000, 1.00000, 0.00000, 5.72000, 29.14000, 0.00000, 1.00000, },
				{ -0.99995, -0.01047, 0.00000, 0.00000, 0.01047, -0.99995, 0.00000, 0.00000, 0.00000, 0.00000, 1.00000, 0.00000, 6.05000, 29.91000, 0.00000, 1.00000, },
				{ -0.25882, -0.96593, 0.00000, 0.00000, 0.96593, -0.25882, 0.00000, 0.00000, 0.00000, 0.00000, 1.00000, 0.00000, 6.58000, 29.10000, 0.00000, 1.00000, },
				{ 0.30902, -0.95106, 0.00000, 0.00000, 0.95106, 0.30902, 0.00000, 0.00000, 0.00000, 0.00000, 1.00000, 0.00000, 7.50000, 29.44000, 0.00000, 1.00000, },
			},
			["era_a_com_1_asset_ground_chair.grp"] = {
				{ 0.99590, 0.09045, 0.00000, 0.00000, -0.09045, 0.99590, 0.00000, 0.00000, 0.00000, 0.00000, 1.00000, 0.00000, -7.50177, 28.95004, 0.00000, 1.00000, seed = 456, },
				{ 0.98354, -0.18070, 0.00000, 0.00000, 0.18070, 0.98354, 0.00000, 0.00000, 0.00000, 0.00000, 1.00000, 0.00000, -6.46193, 28.93170, 0.00000, 1.00000, seed = 456, },
				{ -0.99379, -0.11129, -0.00000, 0.00000, 0.11129, -0.99379, 0.00000, 0.00000, -0.00000, 0.00000, 1.00000, 0.00000, -6.49738, 26.92201, 0.00000, 1.00000, seed = 456, },
				{ -0.98416, 0.17726, -0.00000, 0.00000, -0.17726, -0.98416, 0.00000, 0.00000, -0.00000, 0.00000, 1.00000, 0.00000, -7.52946, 27.38028, 0.00000, 1.00000, seed = 456, },
				{ 0.92992, 0.36777, 0.00000, 0.00000, -0.36777, 0.92992, 0.00000, 0.00000, 0.00000, 0.00000, 1.00000, 0.00000, -4.16591, 28.94555, 0.00000, 1.00000, seed = 456, },
				{ 0.99585, -0.09102, 0.00000, 0.00000, 0.09102, 0.99585, 0.00000, 0.00000, 0.00000, 0.00000, 1.00000, 0.00000, -3.12867, 29.02132, 0.00000, 1.00000, seed = 456, },
				{ -0.97965, -0.20070, -0.00000, 0.00000, 0.20070, -0.97965, 0.00000, 0.00000, -0.00000, 0.00000, 1.00000, 0.00000, -3.01575, 27.47544, 0.00000, 1.00000, seed = 456, },
				{ -0.99977, 0.02133, -0.00000, 0.00000, -0.02133, -0.99977, 0.00000, 0.00000, -0.00000, 0.00000, 1.00000, 0.00000, -4.05152, 27.37972, 0.00000, 1.00000, seed = 456, },
				{ 1.00000, -0.00018, 0.00000, 0.00000, 0.00018, 1.00000, 0.00000, 0.00000, 0.00000, 0.00000, 1.00000, 0.00000, -4.36177, 24.45004, 0.00000, 1.00000, seed = 456, },
				{ 0.98354, -0.18070, 0.00000, 0.00000, 0.18070, 0.98354, 0.00000, 0.00000, 0.00000, 0.00000, 1.00000, 0.00000, -3.32193, 24.43170, 0.00000, 1.00000, seed = 456, },
				{ -0.99379, -0.11129, -0.00000, 0.00000, 0.11129, -0.99379, 0.00000, 0.00000, -0.00000, 0.00000, 1.00000, 0.00000, -3.34927, 22.88194, 0.00000, 1.00000, seed = 456, },
				{ -0.98416, 0.17726, -0.00000, 0.00000, -0.17726, -0.98416, 0.00000, 0.00000, -0.00000, 0.00000, 1.00000, 0.00000, -4.38946, 22.88028, 0.00000, 1.00000, seed = 456, },
				{ 0.99961, -0.02810, 0.00000, 0.00000, 0.02810, 0.99961, 0.00000, 0.00000, 0.00000, 0.00000, 1.00000, 0.00000, -8.54893, 24.76552, 0.00000, 1.00000, seed = 456, },
				{ 0.97811, -0.20809, 0.00000, 0.00000, 0.20809, 0.97811, 0.00000, 0.00000, 0.00000, 0.00000, 1.00000, 0.00000, -7.51001, 24.71815, 0.00000, 1.00000, seed = 456, },
				{ -0.98484, -0.17347, -0.00000, 0.00000, 0.17347, -0.98484, 0.00000, 0.00000, -0.00000, 0.00000, 1.00000, 0.00000, -7.58061, 23.16976, 0.00000, 1.00000, seed = 456, },
				{ -0.97883, 0.20468, -0.00000, 0.00000, -0.20468, -0.97883, 0.00000, 0.00000, -0.00000, 0.00000, 1.00000, 0.00000, -8.62044, 23.19715, 0.00000, 1.00000, seed = 456, },
				{ 0.96603, 0.25845, 0.00000, 0.00000, -0.25845, 0.96603, 0.00000, 0.00000, 0.00000, 0.00000, 1.00000, 0.00000, -4.23485, 20.47373, 0.00000, 1.00000, seed = 456, },
				{ 0.97879, -0.20487, 0.00000, 0.00000, 0.20487, 0.97879, 0.00000, 0.00000, 0.00000, 0.00000, 1.00000, 0.00000, -3.19577, 20.42978, 0.00000, 1.00000, seed = 456, },
				{ -0.99623, -0.08677, -0.00000, 0.00000, 0.08677, -0.99623, 0.00000, 0.00000, -0.00000, 0.00000, 1.00000, 0.00000, -3.26128, 18.88117, 0.00000, 1.00000, seed = 456, },
				{ -0.99070, 0.13610, -0.00000, 0.00000, -0.13610, -0.99070, 0.00000, 0.00000, -0.00000, 0.00000, 1.00000, 0.00000, -4.30119, 18.90513, 0.00000, 1.00000, seed = 456, },
			},
			["era_a_com_1_asset_ground_sunshade.grp"] = {
				{ 0.41907, -0.90795, 0.00000, 0.00000, 0.90795, 0.41907, 0.00000, 0.00000, 0.00000, 0.00000, 1.00000, 0.00000, -6.93623, 28.12497, 0.00000, 1.00000, seed = 456, },
				{ 0.78523, 0.61920, 0.00000, 0.00000, -0.61920, 0.78523, 0.00000, 0.00000, 0.00000, 0.00000, 1.00000, 0.00000, -3.51715, 28.02540, 0.00000, 1.00000, seed = 456, },
				{ 0.97708, -0.21289, 0.00000, 0.00000, 0.21289, 0.97708, 0.00000, 0.00000, 0.00000, 0.00000, 1.00000, 0.00000, -3.79623, 23.62497, 0.00000, 1.00000, seed = 456, },
				{ -0.42074, 0.90718, 0.00000, 0.00000, -0.90718, -0.42074, 0.00000, 0.00000, 0.00000, 0.00000, 1.00000, 0.00000, -8.00665, 23.92498, 0.00000, 1.00000, seed = 456, },
				{ 0.09848, -0.99514, 0.00000, 0.00000, 0.99514, 0.09848, 0.00000, 0.00000, 0.00000, 0.00000, 1.00000, 0.00000, -3.69614, 19.48512, 0.00000, 1.00000, seed = 456, },
			},
			["era_a_com_1_asset_ground_table.grp"] = {
				{ 0.99984, -0.01764, 0.00000, 0.00000, 0.01764, 0.99984, 0.00000, 0.00000, 0.00000, 0.00000, 1.00000, 0.00000, -6.93597, 28.14000, 0.00000, 1.00000, seed = 456, },
				{ 0.99734, 0.07285, 0.00000, 0.00000, -0.07285, 0.99734, 0.00000, 0.00000, 0.00000, 0.00000, 1.00000, 0.00000, -3.52917, 28.19000, 0.00000, 1.00000, seed = 456, },
				{ 0.99984, -0.01764, 0.00000, 0.00000, 0.01764, 0.99984, 0.00000, 0.00000, 0.00000, 0.00000, 1.00000, 0.00000, -3.79597, 23.64000, 0.00000, 1.00000, seed = 456, },
				{ 0.99896, -0.04555, 0.00000, 0.00000, 0.04555, 0.99896, 0.00000, 0.00000, 0.00000, 0.00000, 1.00000, 0.00000, -8.00597, 23.94000, 0.00000, 1.00000, seed = 456, },
				{ 0.99911, -0.04226, 0.00000, 0.00000, 0.04226, 0.99911, 0.00000, 0.00000, 0.00000, 0.00000, 1.00000, 0.00000, -3.68917, 19.65000, 0.00000, 1.00000, seed = 456, },
			},
			["era_a_com_1_asset_hotel_sign_01.grp"] = {
				{ -0.00000, 0.81345, 0.00000, 0.00000, -0.81345, -0.00000, 0.00000, 0.00000, 0.00000, 0.00000, 0.81345, 0.00000, 10.65100, 8.12000, 4.00000, 1.00000, align = { 0.00000, 1.00000 }, seed = 768, },
				{ 0.81345, 0.00000, 0.00000, 0.00000, 0.00000, 0.81345, 0.00000, 0.00000, 0.00000, 0.00000, 0.81345, 0.00000, 8.47500, 3.07000, 4.00000, 1.00000, align = { 0.00000, 1.00000 }, seed = 768, },
			},
			["era_a_com_1_asset_restaurant_awning_end.grp"] = {
				{ 0.70258, -0.70258, 0.00000, 0.00000, 0.70711, 0.70711, -0.00000, 0.00000, -0.00000, 0.00000, 1.00000, 0.00000, -8.96955, 4.63665, 3.10000, 1.00000, align = { 0.00000, 1.00000 }, seed = 78, },
				{ 0.00000, -0.98842, 0.00000, 0.00000, 1.00000, 0.00000, -0.00000, 0.00000, -0.00000, 0.00000, 1.00000, 0.00000, -10.47500, 8.78000, 3.10000, 1.00000, align = { 0.00000, 1.00000 }, seed = 78, },
				{ -0.98842, -0.00000, 0.00000, 0.00000, 0.00000, -1.00000, -0.00000, 0.00000, 0.00000, 0.00000, 1.00000, 0.00000, -5.26500, 15.62500, 3.10000, 1.00000, align = { 0.00000, 1.00000 }, seed = 78, },
				{ 0.99500, 0.00000, 0.00000, 0.00000, 0.00000, 1.00000, 0.00000, 0.00000, 0.00000, 0.00000, 1.00000, 0.00000, 3.97000, 3.12500, 3.10000, 1.00000, align = { 0.00000, 1.00000 }, seed = 78, },
			},
			["era_a_com_1_asset_restaurant_awning_repeat.grp"] = {
				{ 0.70258, -0.70258, 0.00000, 0.00000, 0.70711, 0.70711, -0.00000, 0.00000, -0.00000, 0.00000, 1.00000, 0.00000, -8.96955, 4.63665, 3.10000, 1.00000, align = { 0.00000, 1.00000 }, seed = 78, },
				{ 0.00000, -0.98842, 0.00000, 0.00000, 1.00000, 0.00000, -0.00000, 0.00000, -0.00000, 0.00000, 1.00000, 0.00000, -10.47500, 8.78000, 3.10000, 1.00000, align = { 0.00000, 1.00000 }, seed = 78, },
				{ 0.00000, -0.98842, 0.00000, 0.00000, 1.00000, 0.00000, -0.00000, 0.00000, -0.00000, 0.00000, 1.00000, 0.00000, -10.47500, 11.74527, 3.10000, 1.00000, align = { 0.00000, 1.00000 }, seed = 78, },
				{ -0.98842, -0.00000, 0.00000, 0.00000, 0.00000, -1.00000, -0.00000, 0.00000, 0.00000, 0.00000, 1.00000, 0.00000, -5.26500, 15.62500, 3.10000, 1.00000, align = { 0.00000, 1.00000 }, seed = 78, },
				{ -0.98842, -0.00000, 0.00000, 0.00000, 0.00000, -1.00000, -0.00000, 0.00000, 0.00000, 0.00000, 1.00000, 0.00000, -2.29973, 15.62500, 3.10000, 1.00000, align = { 0.00000, 1.00000 }, seed = 78, },
				{ 0.99500, 0.00000, 0.00000, 0.00000, 0.00000, 1.00000, 0.00000, 0.00000, 0.00000, 0.00000, 1.00000, 0.00000, -4.98500, 3.12500, 3.10000, 1.00000, align = { 0.00000, 1.00000 }, seed = 78, },
				{ 0.99500, 0.00000, 0.00000, 0.00000, 0.00000, 1.00000, 0.00000, 0.00000, 0.00000, 0.00000, 1.00000, 0.00000, -2.00000, 3.12500, 3.10000, 1.00000, align = { 0.00000, 1.00000 }, seed = 78, },
				{ 0.99500, 0.00000, 0.00000, 0.00000, 0.00000, 1.00000, 0.00000, 0.00000, 0.00000, 0.00000, 1.00000, 0.00000, 0.98500, 3.12500, 3.10000, 1.00000, align = { 0.00000, 1.00000 }, seed = 78, },
				{ 0.99500, 0.00000, 0.00000, 0.00000, 0.00000, 1.00000, 0.00000, 0.00000, 0.00000, 0.00000, 1.00000, 0.00000, 3.97000, 3.12500, 3.10000, 1.00000, align = { 0.00000, 1.00000 }, seed = 78, },
			},
			["era_a_com_1_asset_restaurant_awning_start.grp"] = {
				{ 0.70258, -0.70258, 0.00000, 0.00000, 0.70711, 0.70711, -0.00000, 0.00000, -0.00000, 0.00000, 1.00000, 0.00000, -8.96955, 4.63665, 3.10000, 1.00000, align = { 0.00000, 1.00000 }, seed = 78, },
				{ 0.00000, -0.98842, 0.00000, 0.00000, 1.00000, 0.00000, -0.00000, 0.00000, -0.00000, 0.00000, 1.00000, 0.00000, -10.47500, 11.74527, 3.10000, 1.00000, align = { 0.00000, 1.00000 }, seed = 78, },
				{ -0.98842, -0.00000, 0.00000, 0.00000, 0.00000, -1.00000, -0.00000, 0.00000, 0.00000, 0.00000, 1.00000, 0.00000, -2.29973, 15.62500, 3.10000, 1.00000, align = { 0.00000, 1.00000 }, seed = 78, },
				{ 0.99500, 0.00000, 0.00000, 0.00000, 0.00000, 1.00000, 0.00000, 0.00000, 0.00000, 0.00000, 1.00000, 0.00000, -4.98500, 3.12500, 3.10000, 1.00000, align = { 0.00000, 1.00000 }, seed = 78, },
			},
			["era_a_com_1_asset_restaurant_sign_02.grp"] = {
				{ 0.70711, -0.70711, 0.00000, 0.00000, 0.70711, 0.70711, 0.00000, 0.00000, 0.00000, 0.00000, 1.00000, 0.00000, -8.98894, 4.60601, 3.60000, 1.00000, align = { 0.00000, 1.00000 }, seed = 78, },
			},
			["era_a_com_2_asset_hotel_roof_sign_3d_01.grp"] = {
				{ 0.93895, 0.00000, 0.00000, 0.00000, 0.00000, 0.93895, 0.00000, 0.00000, 0.00000, 0.00000, 0.93895, 0.00000, 8.57500, 2.96000, 13.26000, 1.00000, align = { 0.00000, 1.00000 }, seed = 768, },
				{ -0.00000, 0.93895, 0.00000, 0.00000, -0.93895, -0.00000, 0.00000, 0.00000, 0.00000, 0.00000, 0.93895, 0.00000, 10.76000, 8.37000, 13.26000, 1.00000, align = { 0.00000, 1.00000 }, seed = 768, },
			},
			["era_a_com_2_asset_hotel_wall_sign_01.grp"] = {
				{ 1.00000, 0.00000, 0.00000, 0.00000, 0.00000, 1.00000, 0.00000, 0.00000, 0.00000, 0.00000, 1.00000, 0.00000, 10.30000, 3.05000, 6.66000, 1.00000, align = { 0.00000, 1.00000 }, seed = 768, },
			},
			["era_a_com_2_asset_hotel_win_awning_a.grp"] = {
				{ 0.97500, 0.00000, 0.00000, 0.00000, 0.00000, 1.00000, 0.00000, 0.00000, 0.00000, 0.00000, 1.00000, 0.00000, 7.63600, 3.06200, 6.08930, 1.00000, align = { 0.00000, 1.00000 }, },
				{ 0.97500, 0.00000, 0.00000, 0.00000, 0.00000, 1.00000, 0.00000, 0.00000, 0.00000, 0.00000, 1.00000, 0.00000, 7.63600, 3.06200, 9.08930, 1.00000, align = { 0.00000, 1.00000 }, },
				{ 0.81900, 0.00000, 0.00000, 0.00000, 0.00000, 1.00000, 0.00000, 0.00000, 0.00000, 0.00000, 1.00000, 0.00000, 7.66600, 3.16200, 12.15930, 1.00000, align = { 0.00000, 1.00000 }, },
				{ 0.97500, 0.00000, 0.00000, 0.00000, 0.00000, 1.00000, 0.00000, 0.00000, 0.00000, 0.00000, 1.00000, 0.00000, 9.36642, 3.06200, 6.08930, 1.00000, align = { 0.00000, 1.00000 }, },
				{ -0.00000, 0.97500, 0.00000, 0.00000, -1.00000, -0.00000, 0.00000, 0.00000, 0.00000, 0.00000, 1.00000, 0.00000, 10.65142, 4.50700, 6.08930, 1.00000, align = { 0.00000, 1.00000 }, },
				{ -0.97500, 0.00000, -0.00000, 0.00000, -0.00000, -1.00000, 0.00000, 0.00000, -0.00000, 0.00000, 1.00000, 0.00000, 9.12364, 13.48900, 6.08930, 1.00000, align = { 0.00000, 1.00000 }, },
				{ -0.00000, 0.97500, 0.00000, 0.00000, -1.00000, -0.00000, 0.00000, 0.00000, 0.00000, 0.00000, 1.00000, 0.00000, 10.65142, 6.39200, 6.08930, 1.00000, align = { 0.00000, 1.00000 }, },
				{ -0.00000, 0.97500, 0.00000, 0.00000, -1.00000, -0.00000, 0.00000, 0.00000, 0.00000, 0.00000, 1.00000, 0.00000, 10.65142, 8.27200, 6.08930, 1.00000, align = { 0.00000, 1.00000 }, },
				{ -0.97500, 0.00000, -0.00000, 0.00000, -0.00000, -1.00000, 0.00000, 0.00000, -0.00000, 0.00000, 1.00000, 0.00000, 5.16864, 13.48900, 6.08930, 1.00000, align = { 0.00000, 1.00000 }, },
				{ -0.00000, 0.97500, 0.00000, 0.00000, -1.00000, -0.00000, 0.00000, 0.00000, 0.00000, 0.00000, 1.00000, 0.00000, 10.65142, 10.15700, 6.08930, 1.00000, align = { 0.00000, 1.00000 }, },
				{ -0.97500, 0.00000, -0.00000, 0.00000, -0.00000, -1.00000, 0.00000, 0.00000, -0.00000, 0.00000, 1.00000, 0.00000, 3.18864, 13.48900, 6.08930, 1.00000, align = { 0.00000, 1.00000 }, },
				{ -0.00000, 0.97500, 0.00000, 0.00000, -1.00000, -0.00000, 0.00000, 0.00000, 0.00000, 0.00000, 1.00000, 0.00000, 10.65142, 12.04200, 6.08930, 1.00000, align = { 0.00000, 1.00000 }, },
				{ -0.97500, 0.00000, -0.00000, 0.00000, -0.00000, -1.00000, 0.00000, 0.00000, -0.00000, 0.00000, 1.00000, 0.00000, 1.21864, 13.48900, 6.08930, 1.00000, align = { 0.00000, 1.00000 }, },
				{ 0.97500, 0.00000, 0.00000, 0.00000, 0.00000, 1.00000, 0.00000, 0.00000, 0.00000, 0.00000, 1.00000, 0.00000, 9.36642, 3.06200, 9.08930, 1.00000, align = { 0.00000, 1.00000 }, },
				{ -0.00000, 0.97500, 0.00000, 0.00000, -1.00000, -0.00000, 0.00000, 0.00000, 0.00000, 0.00000, 1.00000, 0.00000, 10.65142, 4.50700, 9.08930, 1.00000, align = { 0.00000, 1.00000 }, },
				{ -0.97500, 0.00000, -0.00000, 0.00000, -0.00000, -1.00000, 0.00000, 0.00000, -0.00000, 0.00000, 1.00000, 0.00000, 9.12364, 13.48900, 9.08930, 1.00000, align = { 0.00000, 1.00000 }, },
				{ -0.00000, 0.97500, 0.00000, 0.00000, -1.00000, -0.00000, 0.00000, 0.00000, 0.00000, 0.00000, 1.00000, 0.00000, 10.65142, 6.39200, 9.08930, 1.00000, align = { 0.00000, 1.00000 }, },
				{ -0.00000, 0.97500, 0.00000, 0.00000, -1.00000, -0.00000, 0.00000, 0.00000, 0.00000, 0.00000, 1.00000, 0.00000, 10.65142, 8.27200, 9.08930, 1.00000, align = { 0.00000, 1.00000 }, },
				{ -0.97500, 0.00000, -0.00000, 0.00000, -0.00000, -1.00000, 0.00000, 0.00000, -0.00000, 0.00000, 1.00000, 0.00000, 5.16864, 13.48900, 9.08930, 1.00000, align = { 0.00000, 1.00000 }, },
				{ -0.00000, 0.97500, 0.00000, 0.00000, -1.00000, -0.00000, 0.00000, 0.00000, 0.00000, 0.00000, 1.00000, 0.00000, 10.65142, 10.15700, 9.08930, 1.00000, align = { 0.00000, 1.00000 }, },
				{ -0.97500, 0.00000, -0.00000, 0.00000, -0.00000, -1.00000, 0.00000, 0.00000, -0.00000, 0.00000, 1.00000, 0.00000, 3.18864, 13.48900, 9.08930, 1.00000, align = { 0.00000, 1.00000 }, },
				{ -0.00000, 0.97500, 0.00000, 0.00000, -1.00000, -0.00000, 0.00000, 0.00000, 0.00000, 0.00000, 1.00000, 0.00000, 10.65142, 12.04200, 9.08930, 1.00000, align = { 0.00000, 1.00000 }, },
				{ -0.97500, 0.00000, -0.00000, 0.00000, -0.00000, -1.00000, 0.00000, 0.00000, -0.00000, 0.00000, 1.00000, 0.00000, 1.21864, 13.48900, 9.08930, 1.00000, align = { 0.00000, 1.00000 }, },
				{ 0.81900, 0.00000, 0.00000, 0.00000, 0.00000, 1.00000, 0.00000, 0.00000, 0.00000, 0.00000, 1.00000, 0.00000, 9.33642, 3.16200, 12.15930, 1.00000, align = { 0.00000, 1.00000 }, },
				{ -0.00000, 0.81900, 0.00000, 0.00000, -1.00000, -0.00000, 0.00000, 0.00000, 0.00000, 0.00000, 1.00000, 0.00000, 10.55142, 4.29700, 12.15930, 1.00000, align = { 0.00000, 1.00000 }, },
				{ -0.00000, 0.81900, 0.00000, 0.00000, -1.00000, -0.00000, 0.00000, 0.00000, 0.00000, 0.00000, 1.00000, 0.00000, 10.55142, 5.88700, 12.15930, 1.00000, align = { 0.00000, 1.00000 }, },
				{ -0.00000, 0.81900, 0.00000, 0.00000, -1.00000, -0.00000, 0.00000, 0.00000, 0.00000, 0.00000, 1.00000, 0.00000, 10.55142, 7.47700, 12.15930, 1.00000, align = { 0.00000, 1.00000 }, },
				{ -0.00000, 0.81900, 0.00000, 0.00000, -1.00000, -0.00000, 0.00000, 0.00000, 0.00000, 0.00000, 1.00000, 0.00000, 10.55142, 9.06700, 12.15930, 1.00000, align = { 0.00000, 1.00000 }, },
				{ -0.00000, 0.81900, 0.00000, 0.00000, -1.00000, -0.00000, 0.00000, 0.00000, 0.00000, 0.00000, 1.00000, 0.00000, 10.55142, 10.65700, 12.15930, 1.00000, align = { 0.00000, 1.00000 }, },
				{ -0.00000, 0.81900, 0.00000, 0.00000, -1.00000, -0.00000, 0.00000, 0.00000, 0.00000, 0.00000, 1.00000, 0.00000, 10.55142, 12.24700, 12.15930, 1.00000, align = { 0.00000, 1.00000 }, },
				{ -0.81900, 0.00000, -0.00000, 0.00000, -0.00000, -1.00000, 0.00000, 0.00000, -0.00000, 0.00000, 1.00000, 0.00000, 9.34142, 13.38400, 12.15930, 1.00000, align = { 0.00000, 1.00000 }, },
				{ -0.81900, 0.00000, -0.00000, 0.00000, -0.00000, -1.00000, 0.00000, 0.00000, -0.00000, 0.00000, 1.00000, 0.00000, 7.67142, 13.38400, 12.15930, 1.00000, align = { 0.00000, 1.00000 }, },
				{ -0.81900, 0.00000, -0.00000, 0.00000, -0.00000, -1.00000, 0.00000, 0.00000, -0.00000, 0.00000, 1.00000, 0.00000, 6.00143, 13.38400, 12.15930, 1.00000, align = { 0.00000, 1.00000 }, },
				{ -0.81900, 0.00000, -0.00000, 0.00000, -0.00000, -1.00000, 0.00000, 0.00000, -0.00000, 0.00000, 1.00000, 0.00000, 4.33142, 13.38400, 12.15930, 1.00000, align = { 0.00000, 1.00000 }, },
				{ -0.81900, 0.00000, -0.00000, 0.00000, -0.00000, -1.00000, 0.00000, 0.00000, -0.00000, 0.00000, 1.00000, 0.00000, 2.66144, 13.38400, 12.15930, 1.00000, align = { 0.00000, 1.00000 }, },
				{ -0.81900, 0.00000, -0.00000, 0.00000, -0.00000, -1.00000, 0.00000, 0.00000, -0.00000, 0.00000, 1.00000, 0.00000, 0.99142, 13.38400, 12.15930, 1.00000, align = { 0.00000, 1.00000 }, },
			},
			["era_a_com_2_asset_restaurant_sign_02.grp"] = {
				{ 0.58863, 0.00000, 0.00000, 0.00000, 0.00000, 0.58863, 0.00000, 0.00000, 0.00000, 0.00000, 0.58863, 0.00000, -4.99000, 3.19500, 3.35000, 1.00000, align = { 0.00000, 1.00000 }, seed = 78, },
				{ -0.00000, -0.58863, 0.00000, 0.00000, 0.58863, -0.00000, 0.00000, 0.00000, 0.00000, 0.00000, 0.58863, 0.00000, -10.41500, 8.77000, 3.35000, 1.00000, align = { 0.00000, 1.00000 }, seed = 78, },
				{ -0.00000, -0.58863, 0.00000, 0.00000, 0.58863, -0.00000, 0.00000, 0.00000, 0.00000, 0.00000, 0.58863, 0.00000, -10.41500, 11.76000, 3.35000, 1.00000, align = { 0.00000, 1.00000 }, seed = 78, },
				{ -0.58863, -0.00000, -0.00000, 0.00000, -0.00000, -0.58863, 0.00000, 0.00000, -0.00000, 0.00000, 0.58863, 0.00000, -5.29000, 15.56500, 3.35000, 1.00000, align = { 0.00000, 1.00000 }, seed = 78, },
				{ -0.58863, -0.00000, -0.00000, 0.00000, -0.00000, -0.58863, 0.00000, 0.00000, -0.00000, 0.00000, 0.58863, 0.00000, -2.29000, 15.56500, 3.35000, 1.00000, align = { 0.00000, 1.00000 }, seed = 78, },
				{ 0.58863, 0.00000, 0.00000, 0.00000, 0.00000, 0.58863, 0.00000, 0.00000, 0.00000, 0.00000, 0.58863, 0.00000, -1.99000, 3.19500, 3.35000, 1.00000, align = { 0.00000, 1.00000 }, seed = 78, },
				{ 0.58863, 0.00000, 0.00000, 0.00000, 0.00000, 0.58863, 0.00000, 0.00000, 0.00000, 0.00000, 0.58863, 0.00000, 1.01000, 3.19500, 3.35000, 1.00000, align = { 0.00000, 1.00000 }, seed = 78, },
				{ 0.58863, 0.00000, 0.00000, 0.00000, 0.00000, 0.58863, 0.00000, 0.00000, 0.00000, 0.00000, 0.58863, 0.00000, 4.01000, 3.19500, 3.35000, 1.00000, align = { 0.00000, 1.00000 }, seed = 78, },
			},
			["era_a_com_2_asset_restaurant_wall_sign_02.grp"] = {
				{ 0.80000, 0.00000, 0.00000, 0.00000, 0.00000, 0.80000, 0.00000, 0.00000, 0.00000, 0.00000, 0.80000, 0.00000, -6.73000, 3.18000, 5.28000, 1.00000, align = { 0.00000, 1.00000 }, seed = 78, },
				{ -0.00000, -0.80000, 0.00000, 0.00000, 0.80000, -0.00000, 0.00000, 0.00000, 0.00000, 0.00000, 0.80000, 0.00000, -10.40000, 6.92000, 5.28000, 1.00000, align = { 0.00000, 1.00000 }, seed = 78, },
			},
			["era_a_container.grp"] = {
				{ -0.99951, -0.03141, 0.00000, 0.00000, 0.03141, -0.99951, 0.00000, 0.00000, 0.00000, 0.00000, 1.00000, 0.00000, 1.43000, 29.33000, 0.00000, 1.00000, },
				{ -0.99939, 0.03490, 0.00000, 0.00000, -0.03490, -0.99939, 0.00000, 0.00000, 0.00000, 0.00000, 1.00000, 0.00000, 3.85000, 29.31000, 0.00000, 1.00000, },
			},
			["era_a_garden_chair.grp"] = {
				{ -0.08368, 0.99649, 0.00000, 0.00000, -0.99649, -0.08368, 0.00000, 0.00000, 0.00000, 0.00000, 1.00000, 0.00000, 3.39000, 20.28000, 0.00000, 1.00000, seed = 123, },
				{ 1.00000, 0.00000, 0.00000, 0.00000, 0.00000, 1.00000, 0.00000, 0.00000, 0.00000, 0.00000, 1.00000, 0.00000, 4.14000, 21.06000, 0.00000, 1.00000, seed = 123, },
				{ -0.98978, -0.14263, 0.00000, 0.00000, 0.14263, -0.98978, 0.00000, 0.00000, 0.00000, 0.00000, 1.00000, 0.00000, 4.16000, 19.66000, 0.00000, 1.00000, seed = 123, },
				{ -0.01745, -0.99985, 0.00000, 0.00000, 0.99985, -0.01745, 0.00000, 0.00000, 0.00000, 0.00000, 1.00000, 0.00000, 4.84000, 20.30000, 0.00000, 1.00000, seed = 123, },
				{ -0.08368, 0.99649, 0.00000, 0.00000, -0.99649, -0.08368, 0.00000, 0.00000, 0.00000, 0.00000, 1.00000, 0.00000, 7.29000, 21.13000, 0.00000, 1.00000, seed = 123, },
				{ 1.00000, 0.00000, 0.00000, 0.00000, 0.00000, 1.00000, 0.00000, 0.00000, 0.00000, 0.00000, 1.00000, 0.00000, 8.04000, 21.91000, 0.00000, 1.00000, seed = 123, },
				{ -0.93232, 0.36162, 0.00000, 0.00000, -0.36162, -0.93232, 0.00000, 0.00000, 0.00000, 0.00000, 1.00000, 0.00000, 7.86000, 20.16000, 0.00000, 1.00000, seed = 123, },
				{ -0.01745, -0.99985, 0.00000, 0.00000, 0.99985, -0.01745, 0.00000, 0.00000, 0.00000, 0.00000, 1.00000, 0.00000, 8.74000, 21.15000, 0.00000, 1.00000, seed = 123, },
				{ 0.97815, 0.20791, 0.00000, 0.00000, -0.20791, 0.97815, 0.00000, 0.00000, 0.00000, 0.00000, 1.00000, 0.00000, 5.65773, 17.65664, 0.00000, 1.00000, seed = 123, },
				{ 0.12533, -0.99211, 0.00000, 0.00000, 0.99211, 0.12533, 0.00000, 0.00000, 0.00000, 0.00000, 1.00000, 0.00000, 6.52558, 17.01032, 0.00000, 1.00000, seed = 123, },
				{ -0.26556, 0.96410, 0.00000, 0.00000, -0.96410, -0.26556, 0.00000, 0.00000, 0.00000, 0.00000, 1.00000, 0.00000, 5.13912, 16.81501, 0.00000, 1.00000, seed = 123, },
				{ -0.99415, -0.10800, 0.00000, 0.00000, 0.10800, -0.99415, 0.00000, 0.00000, 0.00000, 0.00000, 1.00000, 0.00000, 5.85930, 16.22058, 0.00000, 1.00000, seed = 123, },
				{ 0.88130, -0.47255, -0.00000, 0.00000, 0.47255, 0.88130, 0.00000, 0.00000, 0.00000, -0.00000, 1.00000, 0.00000, 5.91271, 24.88329, 0.00000, 1.00000, seed = 123, },
				{ -0.54464, -0.83867, 0.00000, 0.00000, 0.83867, -0.54464, 0.00000, 0.00000, -0.00000, 0.00000, 1.00000, 0.00000, 6.15840, 23.82947, 0.00000, 1.00000, seed = 123, },
				{ 0.41945, 0.90778, -0.00000, 0.00000, -0.90778, 0.41945, 0.00000, 0.00000, 0.00000, -0.00000, 1.00000, 0.00000, 4.97337, 24.57519, 0.00000, 1.00000, seed = 123, },
				{ -0.82904, 0.55919, 0.00000, 0.00000, -0.55919, -0.82904, 0.00000, 0.00000, 0.00000, 0.00000, 1.00000, 0.00000, 5.13976, 23.65633, 0.00000, 1.00000, seed = 123, },
			},
			["era_a_wooden_box.grp"] = {
				{ 0.94997, 0.31233, 0.00000, 0.00000, -0.31233, 0.94997, 0.00000, 0.00000, 0.00000, 0.00000, 1.00000, 0.00000, 0.75000, 31.15000, 0.00000, 1.00000, },
			},
			["garden_table_round.grp"] = {
				{ 1.00000, 0.00000, 0.00000, 0.00000, 0.00000, 1.00000, 0.00000, 0.00000, 0.00000, 0.00000, 1.00000, 0.00000, 4.13000, 20.34000, 0.00000, 1.00000, seed = 123, },
				{ 1.00000, 0.00000, 0.00000, 0.00000, 0.00000, 1.00000, 0.00000, 0.00000, 0.00000, 0.00000, 1.00000, 0.00000, 8.03000, 21.19000, 0.00000, 1.00000, seed = 123, },
				{ 0.12533, -0.99211, 0.00000, 0.00000, 0.99211, 0.12533, 0.00000, 0.00000, 0.00000, 0.00000, 1.00000, 0.00000, 5.81000, 16.93000, 0.00000, 1.00000, seed = 123, },
				{ -0.54464, -0.83867, 0.00000, 0.00000, 0.83867, -0.54464, 0.00000, 0.00000, 0.00000, 0.00000, 1.00000, 0.00000, 5.56000, 24.23000, 0.00000, 1.00000, seed = 123, },
			},
			["random_medium_tree_town.grp"] = {
				{ -0.24939, -0.42283, 0.00000, 0.00000, 0.42283, -0.24939, -0.00000, 0.00000, 0.00000, -0.00000, 0.49090, 0.00000, 10.15000, 26.55000, 0.00000, 1.00000, },
				{ -0.33449, 0.21500, 0.00000, 0.00000, -0.21500, -0.33449, -0.00000, 0.00000, -0.00000, -0.00000, 0.39763, 0.00000, 9.70000, 24.55000, 0.00000, 1.00000, },
				{ 0.41600, 0.03250, 0.00000, 0.00000, -0.03250, 0.41600, -0.00000, 0.00000, -0.00000, 0.00000, 0.41726, 0.00000, 7.60000, 26.80000, 0.00000, 1.00000, },
			},
			["random_shrub_town_fence.grp"] = {
				{ 0.63761, -0.37558, 0.00000, 0.00000, 0.37558, 0.63761, -0.00000, 0.00000, 0.00000, 0.00000, 0.74000, 0.00000, -0.98231, 30.71754, 0.00000, 1.00000, },
				{ -0.73634, 0.07350, 0.00000, 0.00000, -0.07350, -0.73634, 0.00000, 0.00000, 0.00000, 0.00000, 0.74000, 0.00000, -1.92231, 30.91754, 0.00000, 1.00000, },
				{ 0.00387, -0.73999, 0.00000, 0.00000, 0.73999, 0.00387, -0.00000, 0.00000, -0.00000, 0.00000, 0.74000, 0.00000, -3.43231, 30.93754, 0.00000, 1.00000, },
				{ 0.73918, -0.03486, 0.00000, 0.00000, 0.03486, 0.73918, -0.00000, 0.00000, -0.00000, 0.00000, 0.74000, 0.00000, -4.68231, 30.96754, 0.00000, 1.00000, },
				{ -0.37558, -0.63761, 0.00000, 0.00000, 0.63761, -0.37558, -0.00000, 0.00000, 0.00000, -0.00000, 0.74000, 0.00000, -1.28231, 24.86554, 0.00000, 1.00000, },
				{ 0.07350, 0.73634, -0.00000, 0.00000, -0.73634, 0.07350, -0.00000, 0.00000, -0.00000, 0.00000, 0.74000, 0.00000, -1.08231, 25.80554, 0.00000, 1.00000, },
				{ -0.73999, -0.00387, -0.00000, 0.00000, 0.00387, -0.73999, -0.00000, 0.00000, -0.00000, -0.00000, 0.74000, 0.00000, -1.06231, 27.31554, 0.00000, 1.00000, },
				{ -0.73999, -0.00387, -0.00000, 0.00000, 0.00387, -0.73999, -0.00000, 0.00000, -0.00000, -0.00000, 0.74000, 0.00000, -1.06231, 20.36554, 0.00000, 1.00000, },
				{ 0.15259, 0.72410, 0.00000, 0.00000, -0.72410, 0.15259, -0.00000, 0.00000, -0.00000, 0.00000, 0.74000, 0.00000, -1.06231, 19.37554, 0.00000, 1.00000, },
				{ -0.73999, -0.00387, -0.00000, 0.00000, 0.00387, -0.73999, -0.00000, 0.00000, -0.00000, -0.00000, 0.74000, 0.00000, -1.06231, 23.96554, 0.00000, 1.00000, },
				{ -0.03486, -0.73918, -0.00000, 0.00000, 0.73918, -0.03486, -0.00000, 0.00000, -0.00000, -0.00000, 0.74000, 0.00000, -1.03231, 28.56554, 0.00000, 1.00000, },
				{ -0.03486, -0.73918, -0.00000, 0.00000, 0.73918, -0.03486, -0.00000, 0.00000, -0.00000, -0.00000, 0.74000, 0.00000, -1.03231, 21.61554, 0.00000, 1.00000, },
				{ 0.07350, 0.73634, -0.00000, 0.00000, -0.73634, 0.07350, -0.00000, 0.00000, -0.00000, 0.00000, 0.74000, 0.00000, -1.08231, 29.65554, 0.00000, 1.00000, },
				{ 0.07350, 0.73634, -0.00000, 0.00000, -0.73634, 0.07350, -0.00000, 0.00000, -0.00000, 0.00000, 0.74000, 0.00000, -1.08231, 22.70554, 0.00000, 1.00000, },
				{ 0.63761, -0.37558, 0.00000, 0.00000, 0.37558, 0.63761, -0.00000, 0.00000, 0.00000, 0.00000, 0.74000, 0.00000, -6.65050, 30.73188, 0.00000, 1.00000, },
				{ -0.73634, 0.07350, 0.00000, 0.00000, -0.07350, -0.73634, 0.00000, 0.00000, 0.00000, 0.00000, 0.74000, 0.00000, -7.59050, 30.93188, 0.00000, 1.00000, },
				{ 0.00387, -0.73999, 0.00000, 0.00000, 0.73999, 0.00387, -0.00000, 0.00000, -0.00000, 0.00000, 0.74000, 0.00000, -9.10050, 30.95188, 0.00000, 1.00000, },
				{ 0.00387, -0.73999, 0.00000, 0.00000, 0.73999, 0.00387, -0.00000, 0.00000, -0.00000, 0.00000, 0.74000, 0.00000, -5.75050, 30.95188, 0.00000, 1.00000, },
				{ 0.37558, 0.63761, 0.00000, 0.00000, -0.63761, 0.37558, -0.00000, 0.00000, -0.00000, 0.00000, 0.74000, 0.00000, 1.09750, 27.28188, 0.00000, 1.00000, },
				{ 0.37558, 0.63761, 0.00000, 0.00000, -0.63761, 0.37558, -0.00000, 0.00000, -0.00000, 0.00000, 0.74000, 0.00000, 1.09750, 21.56188, 0.00000, 1.00000, },
				{ 0.37558, 0.63761, 0.00000, 0.00000, -0.63761, 0.37558, -0.00000, 0.00000, -0.00000, 0.00000, 0.74000, 0.00000, 11.09750, 21.56188, 0.00000, 1.00000, },
				{ 0.63761, -0.37558, 0.00000, 0.00000, 0.37558, 0.63761, -0.00000, 0.00000, 0.00000, 0.00000, 0.74000, 0.00000, 7.04950, 27.13188, 0.00000, 1.00000, },
				{ -0.07350, -0.73634, -0.00000, 0.00000, 0.73634, -0.07350, -0.00000, 0.00000, -0.00000, -0.00000, 0.74000, 0.00000, 0.89750, 26.34188, 0.00000, 1.00000, },
				{ -0.07350, -0.73634, -0.00000, 0.00000, 0.73634, -0.07350, -0.00000, 0.00000, -0.00000, -0.00000, 0.74000, 0.00000, 10.89750, 26.34188, 0.00000, 1.00000, },
				{ -0.07350, -0.73634, -0.00000, 0.00000, 0.73634, -0.07350, -0.00000, 0.00000, -0.00000, -0.00000, 0.74000, 0.00000, 0.89750, 20.62188, 0.00000, 1.00000, },
				{ -0.07350, -0.73634, -0.00000, 0.00000, 0.73634, -0.07350, -0.00000, 0.00000, -0.00000, -0.00000, 0.74000, 0.00000, 10.89750, 20.62188, 0.00000, 1.00000, },
				{ -0.73634, 0.07350, 0.00000, 0.00000, -0.07350, -0.73634, 0.00000, 0.00000, 0.00000, 0.00000, 0.74000, 0.00000, 6.10950, 27.33188, 0.00000, 1.00000, },
				{ -0.73634, 0.07350, 0.00000, 0.00000, -0.07350, -0.73634, 0.00000, 0.00000, 0.00000, 0.00000, 0.74000, 0.00000, 11.36950, 27.33188, 0.00000, 1.00000, },
				{ 0.73999, 0.00387, 0.00000, 0.00000, -0.00387, 0.73999, -0.00000, 0.00000, -0.00000, -0.00000, 0.74000, 0.00000, 0.87750, 24.83188, 0.00000, 1.00000, },
				{ 0.73999, 0.00387, 0.00000, 0.00000, -0.00387, 0.73999, -0.00000, 0.00000, -0.00000, -0.00000, 0.74000, 0.00000, 10.87750, 24.83188, 0.00000, 1.00000, },
				{ 0.73999, 0.00387, 0.00000, 0.00000, -0.00387, 0.73999, -0.00000, 0.00000, -0.00000, -0.00000, 0.74000, 0.00000, 0.87750, 19.11188, 0.00000, 1.00000, },
				{ 0.73999, 0.00387, 0.00000, 0.00000, -0.00387, 0.73999, -0.00000, 0.00000, -0.00000, -0.00000, 0.74000, 0.00000, 10.87750, 19.11188, 0.00000, 1.00000, },
				{ 0.00387, -0.73999, 0.00000, 0.00000, 0.73999, 0.00387, -0.00000, 0.00000, -0.00000, 0.00000, 0.74000, 0.00000, 4.59950, 27.35188, 0.00000, 1.00000, },
				{ 0.00387, -0.73999, 0.00000, 0.00000, 0.73999, 0.00387, -0.00000, 0.00000, -0.00000, 0.00000, 0.74000, 0.00000, 9.85950, 27.35188, 0.00000, 1.00000, },
				{ 0.03486, 0.73918, 0.00000, 0.00000, -0.73918, 0.03486, -0.00000, 0.00000, -0.00000, -0.00000, 0.74000, 0.00000, 0.84750, 23.58188, 0.00000, 1.00000, },
				{ 0.03486, 0.73918, 0.00000, 0.00000, -0.73918, 0.03486, -0.00000, 0.00000, -0.00000, -0.00000, 0.74000, 0.00000, 10.84750, 23.58188, 0.00000, 1.00000, },
				{ 0.03486, 0.73918, 0.00000, 0.00000, -0.73918, 0.03486, -0.00000, 0.00000, -0.00000, -0.00000, 0.74000, 0.00000, 0.84750, 17.86189, 0.00000, 1.00000, },
				{ 0.03486, 0.73918, 0.00000, 0.00000, -0.73918, 0.03486, -0.00000, 0.00000, -0.00000, -0.00000, 0.74000, 0.00000, 10.84750, 17.86189, 0.00000, 1.00000, },
