local townbuildingutil = require "townbuildingutil"

--Model file: "building/era_a/com_1_2x2_01.mdl"

--Begin Generated
local generatedData = {
	["base"] = {
		models = {
			["building/era_a/com_1_2x2_01.mdl"] = {
				{ 1.00000, 0.00000, 0.00000, 0.00000, 0.00000, 1.00000, 0.00000, 0.00000, 0.00000, 0.00000, 1.00000, 0.00000, 2.20000, 0.00000, 0.00000, 1.00000, },
			},
		},
		curves = {
			["scaffold"] = {
				{ { 5.23413, 1.69214, 3.87742 }, { 5.23413, 1.69214, 3.87742 }, { 5.23413, 2.59964, 3.87742 }, { 5.23413, 2.59964, 3.87742 }, { 5.23413, 2.59964, 3.87742 }, { 6.01006, 2.59964, 3.16273 }, { 6.01006, 2.59964, 3.16273 }, { 6.01006, 2.59964, 3.16273 }, { 6.01006, 6.89636, 3.16273 }, { 6.01006, 6.89636, 3.16273 }, { 6.01006, 6.89636, 3.16273 }, { 5.23413, 6.89636, 3.87742 }, { 5.23413, 6.89636, 3.87742 }, { 5.23413, 6.89636, 3.87742 }, { 5.23413, 11.41540, 3.87742 }, { 5.23413, 11.41540, 3.87742 }, { 5.23413, 11.41540, 3.87742 }, { -1.50101, 11.41541, 3.97739 }, { -1.50101, 11.41541, 3.97739 }, { -1.50101, 11.41540, 3.97739 }, { -1.49429, 1.69895, 3.97739 }, { -1.49429, 1.69894, 3.97739 }, },
			},
			["shared/asphalt_02.gtex.lua;shared/dirt.gtex.lua"] = {
				{ { 5.00000, 0.00000, 0.00000 }, { 5.00000, 0.00000, 0.00000 }, { 5.00000, 11.41540, 0.00000 }, { 5.00000, 11.41541, 0.00000 }, { 5.00000, 11.41541, 0.00000 }, { -1.50101, 11.41540, 0.00000 }, { -1.50101, 11.41540, 0.00000 }, { -1.50101, 11.41540, 0.00000 }, { -1.50101, 2.00000, 0.00000 }, { -1.50101, 2.00000, 0.00000 }, { -1.50101, 2.00000, 0.00000 }, { -8.00000, 2.00000, 0.00000 }, { -8.00000, 2.00000, 0.00000 }, { -8.00000, 2.00000, 0.00000 }, { -8.00000, 0.00000, 0.00000 }, { -8.00000, 0.00000, 0.00000 }, },
			},
			["shared/grass_cutted_01.gtex.lua"] = {
				{ { 8.00000, 0.00000, 0.00000 }, { 8.00000, 0.00000, 0.00000 }, { 8.00000, 6.89636, 0.00000 }, { 8.00000, 6.89636, 0.00000 }, { 8.00000, 6.89636, 0.00000 }, { 5.00000, 6.89636, 0.00000 }, { 5.00000, 6.89636, 0.00000 }, { 5.00000, 6.89636, 0.00000 }, { 5.00000, 0.00000, 0.00000 }, { 5.00000, 0.00000, 0.00000 }, },
			},
			["shared/gravel_02.gtex.lua;shared/border2.gtex.lua"] = {
				{ { 5.00000, 11.41541, 0.00000 }, { 5.00000, 11.41541, 0.00000 }, { 5.00000, 16.00000, 0.00000 }, { 5.00000, 16.00000, 0.00000 }, { 5.00000, 16.00000, 0.00000 }, { -8.00000, 16.00000, 0.00000 }, { -8.00000, 16.00000, 0.00000 }, { -8.00000, 16.00000, 0.00000 }, { -8.00000, 2.00000, 0.00000 }, { -8.00000, 2.00000, 0.00000 }, { -8.00000, 2.00000, 0.00000 }, { -1.50102, 2.00000, 0.00000 }, { -1.50101, 2.00000, 0.00000 }, { -1.50101, 2.00000, 0.00000 }, { -1.50101, 11.41540, 0.00000 }, { -1.50101, 11.41540, 0.00000 }, },
			},
			["shared/gravel_03.gtex.lua;shared/dirt.gtex.lua"] = {
				{ { 8.00000, 6.89636, 0.00000 }, { 8.00000, 6.89636, 0.00000 }, { 8.00000, 16.00000, 0.00000 }, { 8.00000, 16.00000, 0.00000 }, { 8.00000, 16.00000, 0.00000 }, { 5.00000, 16.00000, 0.00000 }, { 5.00000, 16.00000, 0.00000 }, { 5.00000, 16.00000, 0.00000 }, { 5.00000, 6.89636, 0.00000 }, { 5.00000, 6.89636, 0.00000 }, },
			},
		},
	},
	["layout_1"] = {
		models = {
			["asset/commercial/all_eras/era_a_com_wall.mdl"] = {
				{ -0.00000, -1.00000, 0.00000, 0.00000, 1.00000, -0.00000, 0.00000, 0.00000, 0.00000, 0.00000, 1.00000, 0.00000, -7.86000, 14.50000, 0.00000, 1.00000, },
				{ -1.00000, 0.00000, 0.00000, 0.00000, -0.00000, -1.00000, 0.00000, 0.00000, 0.00000, 0.00000, 1.00000, 0.00000, -6.21000, 15.84900, 0.00000, 1.00000, },
				{ -1.00000, 0.00000, 0.00000, 0.00000, -0.00000, -1.00000, 0.00000, 0.00000, 0.00000, 0.00000, 1.00000, 0.00000, -3.21000, 15.84900, 0.00000, 1.00000, },
				{ -0.00000, -1.00000, 0.00000, 0.00000, 1.00000, -0.00000, 0.00000, 0.00000, 0.00000, 0.00000, 1.00000, 0.00000, -7.86000, 11.50000, 0.00000, 1.00000, },
				{ -0.00000, -1.00000, 0.00000, 0.00000, 1.00000, -0.00000, 0.00000, 0.00000, 0.00000, 0.00000, 1.00000, 0.00000, -7.86000, 8.50000, 0.00000, 1.00000, },
				{ -0.00000, -1.00000, 0.00000, 0.00000, 1.00000, -0.00000, 0.00000, 0.00000, 0.00000, 0.00000, 1.00000, 0.00000, -7.86000, 5.50000, 0.00000, 1.00000, },
				{ -0.00000, -1.32952, 0.00000, 0.00000, 1.00000, -0.00000, 0.00000, 0.00000, 0.00000, 0.00000, 1.00000, 0.00000, -7.86000, 2.02000, 0.00000, 1.00000, },
				{ -1.00000, 0.00000, 0.00000, 0.00000, -0.00000, -1.00000, -0.00000, 0.00000, 0.00000, -0.00000, 1.00000, 0.00000, -0.21000, 15.84900, 0.00000, 1.00000, },
				{ -1.00000, 0.00000, 0.00000, 0.00000, -0.00000, -1.00000, -0.00000, 0.00000, 0.00000, -0.00000, 1.00000, 0.00000, 2.79000, 15.84900, 0.00000, 1.00000, },
				{ -1.23220, 0.00000, 0.00000, 0.00000, -0.00000, -1.00000, -0.00000, 0.00000, 0.00000, -0.00000, 1.00000, 0.00000, 6.14000, 15.84900, 0.00000, 1.00000, },
				{ -1.06500, 0.00000, 0.00000, 0.00000, -0.00000, -1.00000, -0.00000, 0.00000, 0.00000, -0.00000, 1.00000, 0.00000, 6.40000, 6.83900, 0.00000, 1.00000, },
			},
		},
		groups = {
			["era_a_barrel_wood.grp"] = {
				{ 1.00000, 0.00000, 0.00000, 0.00000, 0.00000, 1.00000, 0.00000, 0.00000, 0.00000, 0.00000, 1.00000, 0.00000, 6.89649, 10.94596, -0.00000, 1.00000, },
			},
			["era_a_com_1_asset_food_box.grp"] = {
				{ 0.99939, 0.03490, 0.00000, 0.00000, -0.03490, 0.99939, 0.00000, 0.00000, 0.00000, 0.00000, 1.00000, 0.00000, 7.30000, 7.46000, 0.47000, 1.00000, },
				{ 0.94997, 0.31233, 0.00000, 0.00000, -0.31233, 0.94997, 0.00000, 0.00000, 0.00000, 0.00000, 1.00000, 0.00000, 6.20000, 7.51000, 0.00000, 1.00000, },
				{ 0.98420, -0.17708, 0.00000, 0.00000, 0.17708, 0.98420, 0.00000, 0.00000, 0.00000, 0.00000, 1.00000, 0.00000, 7.30000, 7.46000, 0.00000, 1.00000, },
			},
			["era_a_com_1_asset_food_empty_box.grp"] = {
				{ 1.00000, 0.00000, 0.00000, 0.00000, 0.00000, 1.00000, 0.00000, 0.00000, 0.00000, 0.00000, 1.00000, 0.00000, 5.98000, 8.56000, 0.00000, 1.00000, },
				{ 0.91914, 0.39394, 0.00000, 0.00000, -0.39394, 0.91914, 0.00000, 0.00000, 0.00000, 0.00000, 1.00000, 0.00000, 5.53000, 9.85000, 0.00000, 1.00000, },
			},
			["era_a_com_1_asset_ground_chair.grp"] = {
				{ 0.99863, 0.05234, 0.00000, 0.00000, -0.05234, 0.99863, 0.00000, 0.00000, 0.00000, 0.00000, 1.00000, 0.00000, -6.05919, 11.61255, 0.00000, 1.00000, seed = 123, },
				{ 0.97113, -0.23853, 0.00000, 0.00000, 0.23853, 0.97113, 0.00000, 0.00000, 0.00000, 0.00000, 1.00000, 0.00000, -5.00998, 11.69229, 0.00000, 1.00000, seed = 123, },
				{ -0.99863, -0.05234, -0.00000, 0.00000, 0.05234, -0.99863, 0.00000, 0.00000, -0.00000, 0.00000, 1.00000, 0.00000, -5.12890, 10.14686, 0.00000, 1.00000, seed = 123, },
				{ -0.99912, -0.04188, -0.00000, 0.00000, 0.04188, -0.99912, 0.00000, 0.00000, -0.00000, 0.00000, 1.00000, 0.00000, -6.16737, 10.20670, 0.00000, 1.00000, seed = 123, },
				{ 0.95424, 0.29904, 0.00000, 0.00000, -0.29904, 0.95424, 0.00000, 0.00000, 0.00000, 0.00000, 1.00000, 0.00000, -6.11000, 8.24994, 0.00000, 1.00000, seed = 123, },
				{ 0.98657, -0.16333, 0.00000, 0.00000, 0.16333, 0.98657, 0.00000, 0.00000, 0.00000, 0.00000, 1.00000, 0.00000, -5.07000, 8.24994, 0.00000, 1.00000, seed = 123, },
				{ -0.99167, -0.12880, -0.00000, 0.00000, 0.12880, -0.99167, 0.00000, 0.00000, -0.00000, 0.00000, 1.00000, 0.00000, -5.07000, 6.69994, 0.00000, 1.00000, seed = 123, },
				{ -0.99556, 0.09411, -0.00000, 0.00000, -0.09411, -0.99556, 0.00000, 0.00000, -0.00000, 0.00000, 1.00000, 0.00000, -6.11000, 6.67994, 0.00000, 1.00000, seed = 123, },
				{ 0.95424, 0.29904, 0.00000, 0.00000, -0.29904, 0.95424, 0.00000, 0.00000, 0.00000, 0.00000, 1.00000, 0.00000, -6.11000, 4.82994, 0.00000, 1.00000, seed = 123, },
				{ 0.98657, -0.16333, 0.00000, 0.00000, 0.16333, 0.98657, 0.00000, 0.00000, 0.00000, 0.00000, 1.00000, 0.00000, -5.07000, 4.82994, 0.00000, 1.00000, seed = 123, },
				{ -0.99167, -0.12880, -0.00000, 0.00000, 0.12880, -0.99167, 0.00000, 0.00000, -0.00000, 0.00000, 1.00000, 0.00000, -5.07000, 3.27994, 0.00000, 1.00000, seed = 123, },
				{ -0.99556, 0.09411, -0.00000, 0.00000, -0.09411, -0.99556, 0.00000, 0.00000, -0.00000, 0.00000, 1.00000, 0.00000, -6.11000, 3.25994, 0.00000, 1.00000, seed = 123, },
			},
			["era_a_com_1_asset_ground_sunshade.grp"] = {
				{ 0.98399, 0.17823, 0.00000, 0.00000, -0.17823, 0.98399, 0.00000, 0.00000, 0.00000, 0.00000, 1.00000, 0.00000, -5.53115, 10.91501, 0.00000, 1.00000, seed = 123, },
				{ 0.27987, -0.96004, 0.00000, 0.00000, 0.96004, 0.27987, 0.00000, 0.00000, 0.00000, 0.00000, 1.00000, 0.00000, -5.53000, 7.43497, 0.00000, 1.00000, seed = 123, },
				{ -0.78229, 0.62291, 0.00000, 0.00000, -0.62291, -0.78229, 0.00000, 0.00000, 0.00000, 0.00000, 1.00000, 0.00000, -5.53000, 4.01497, 0.00000, 1.00000, seed = 123, },
			},
			["era_a_com_1_asset_ground_table.grp"] = {
				{ 0.99705, -0.07672, 0.00000, 0.00000, 0.07672, 0.99705, 0.00000, 0.00000, 0.00000, 0.00000, 1.00000, 0.00000, -5.53000, 10.93000, 0.00000, 1.00000, seed = 123, },
				{ 1.00000, 0.00000, 0.00000, 0.00000, 0.00000, 1.00000, 0.00000, 0.00000, 0.00000, 0.00000, 1.00000, 0.00000, -5.53000, 7.45000, 0.00000, 1.00000, seed = 123, },
				{ 1.00000, 0.00000, 0.00000, 0.00000, 0.00000, 1.00000, 0.00000, 0.00000, 0.00000, 0.00000, 1.00000, 0.00000, -5.53000, 4.03000, 0.00000, 1.00000, seed = 123, },
			},
			["era_a_com_1_asset_restaurant_menu_01.grp"] = {
				{ 0.22835, -0.97358, 0.00000, 0.00000, 0.97358, 0.22835, 0.00000, 0.00000, 0.00000, 0.00000, 1.00000, 0.00000, 2.00000, 1.34700, 0.00000, 1.00000, align = { 0.00000, 0.00000 }, seed = 256, },
			},
			["era_a_com_1_asset_restaurant_sign_01.grp"] = {
				{ 1.00000, 0.00000, 0.00000, 0.00000, 0.00000, 1.00000, 0.00000, 0.00000, 0.00000, 0.00000, 1.00000, 0.00000, 1.90000, 2.13400, 3.35000, 1.00000, align = { 0.00000, 0.00000 }, seed = 256, },
				{ -0.00000, -1.00000, 0.00000, 0.00000, 1.00000, -0.00000, 0.00000, 0.00000, 0.00000, 0.00000, 1.00000, 0.00000, -1.16104, 3.88400, 3.35000, 1.00000, align = { 0.00000, 0.00000 }, seed = 256, },
			},
			["era_a_com_1_asset_restaurant_wall_sign_01.grp"] = {
				{ 1.00000, 0.00000, 0.00000, 0.00000, 0.00000, 1.00000, 0.00000, 0.00000, 0.00000, 0.00000, 1.00000, 0.00000, 4.76000, 2.10050, 2.75000, 1.00000, align = { 0.00000, 0.00000 }, seed = 256, },
			},
			["era_a_garden_bench.grp"] = {
				{ 1.00000, 0.00000, 0.00000, 0.00000, 0.00000, 1.00000, 0.00000, 0.00000, 0.00000, 0.00000, 1.00000, 0.00000, 1.87000, 11.50000, 0.00000, 1.00000, },
			},
			["era_a_wooden_box.grp"] = {
				{ 0.03141, 0.99951, 0.00000, 0.00000, -0.99951, 0.03141, 0.00000, 0.00000, 0.00000, 0.00000, 1.00000, 0.00000, 7.10000, 14.01000, 0.00000, 1.00000, },
				{ 0.89101, -0.45399, 0.00000, 0.00000, 0.45399, 0.89101, 0.00000, 0.00000, 0.00000, 0.00000, 1.00000, 0.00000, 7.10000, 12.59000, 0.00000, 1.00000, },
			},
			["random_shrub_town.grp"] = {
				{ -0.73634, 0.07350, 0.00000, 0.00000, -0.07350, -0.73634, 0.00000, 0.00000, 0.00000, 0.00000, 0.74000, 0.00000, 7.39000, 1.74380, 0.00000, 1.00000, },
				{ 0.39542, -0.62549, 0.00000, 0.00000, 0.62549, 0.39542, -0.00000, 0.00000, 0.00000, 0.00000, 0.74000, 0.00000, 6.79000, 0.65150, 0.00000, 1.00000, },
				{ -0.20970, -0.47770, 0.00000, 0.00000, 0.47770, -0.20970, -0.00000, 0.00000, 0.00000, 0.00000, 0.52170, 0.00000, 5.94000, 1.71623, 0.00000, 1.00000, },
			},
			["random_shrub_town_fence.grp"] = {
				{ 0.74000, 0.00000, 0.00000, 0.00000, 0.00000, 0.74000, 0.00000, 0.00000, 0.00000, 0.00000, 0.74000, 0.00000, -6.56000, 14.77010, 0.00000, 1.00000, },
				{ -0.73634, 0.07350, -0.00000, 0.00000, -0.07350, -0.73634, 0.00000, 0.00000, -0.00000, 0.00000, 0.74000, 0.00000, -4.91000, 14.51901, 0.00000, 1.00000, },
				{ -0.07350, -0.73634, -0.00000, 0.00000, 0.73634, -0.07350, -0.00000, 0.00000, -0.00000, -0.00000, 0.74000, 0.00000, -3.91000, 14.45691, 0.00000, 1.00000, },
				{ 0.73634, -0.07350, 0.00000, 0.00000, 0.07350, 0.73634, -0.00000, 0.00000, -0.00000, 0.00000, 0.74000, 0.00000, -2.91000, 14.52418, 0.00000, 1.00000, },
				{ 0.07350, 0.73634, 0.00000, 0.00000, -0.73634, 0.07350, -0.00000, 0.00000, -0.00000, -0.00000, 0.74000, 0.00000, -1.91000, 14.53319, 0.00000, 1.00000, },
				{ -0.73634, 0.07350, -0.00000, 0.00000, -0.07350, -0.73634, 0.00000, 0.00000, -0.00000, 0.00000, 0.74000, 0.00000, -0.91000, 14.69943, 0.00000, 1.00000, },
				{ -0.07350, -0.73634, -0.00000, 0.00000, 0.73634, -0.07350, -0.00000, 0.00000, -0.00000, -0.00000, 0.74000, 0.00000, 0.09000, 14.48020, 0.00000, 1.00000, },
				{ 0.73634, -0.07350, 0.00000, 0.00000, 0.07350, 0.73634, -0.00000, 0.00000, -0.00000, 0.00000, 0.74000, 0.00000, 1.09000, 14.70591, 0.00000, 1.00000, },
				{ 0.07350, 0.73634, 0.00000, 0.00000, -0.73634, 0.07350, -0.00000, 0.00000, -0.00000, -0.00000, 0.74000, 0.00000, 2.09000, 14.62032, 0.00000, 1.00000, },
				{ -0.73634, 0.07350, -0.00000, 0.00000, -0.07350, -0.73634, 0.00000, 0.00000, -0.00000, 0.00000, 0.74000, 0.00000, 3.09000, 14.43988, 0.00000, 1.00000, },
				{ -0.73634, 0.07350, -0.00000, 0.00000, -0.07350, -0.73634, 0.00000, 0.00000, -0.00000, 0.00000, 0.74000, 0.00000, 5.11000, 13.07988, 0.00000, 1.00000, },
				{ 0.03615, -0.73912, 0.00000, 0.00000, 0.73912, 0.03615, -0.00000, 0.00000, 0.00000, 0.00000, 0.74000, 0.00000, 5.41000, 12.19988, 0.00000, 1.00000, },
				{ -0.07350, -0.73634, -0.00000, 0.00000, 0.73634, -0.07350, -0.00000, 0.00000, -0.00000, -0.00000, 0.74000, 0.00000, 4.09000, 14.54589, 0.00000, 1.00000, },
				{ 0.73634, -0.07350, 0.00000, 0.00000, 0.07350, 0.73634, -0.00000, 0.00000, -0.00000, 0.00000, 0.74000, 0.00000, 5.27000, 14.77419, 0.00000, 1.00000, },
				{ 0.73634, -0.07350, 0.00000, 0.00000, 0.07350, 0.73634, -0.00000, 0.00000, -0.00000, 0.00000, 0.74000, 0.00000, 5.27000, 14.77419, 0.00000, 1.00000, },
			},
		},
	},
}
--End Generated

function data()
	return townbuildingutil.make_building2(
		{ { -4.60, -0.10 }, { 4.60, -0.10 }, { 4.60, 9.10 }, { -4.60, 9.10 } },
		"COMMERCIAL", 
		"A", 
		1,
		{ 2, 2 },
		generatedData,
		"construction/building/era_a/com_1_2x2_01.gtex"
	)
end
