local townbuildingutil = require "townbuildingutil"

--Model file: "building/era_a/com_1_3x3_02.mdl"

--Begin Generated
local generatedData = {
	["base"] = {
		models = {
			["building/era_a/com_1_3x3_02.mdl"] = {
				{ 1.00000, 0.00000, 0.00000, 0.00000, 0.00000, 1.00000, 0.00000, 0.00000, 0.00000, 0.00000, 1.00000, 0.00000, -2.60000, 0.00000, 0.00000, 1.00000, },
			},
		},
		curves = {
			["scaffold"] = {
				{ { 3.76476, 1.93649, 0.00000 }, { 3.76476, 1.93649, 0.00000 }, { 3.76474, 10.00096, 0.00000 }, { 3.76474, 10.00096, 0.00000 }, { 3.76474, 10.00096, 0.00000 }, { -7.68121, 9.99426, 0.00000 }, { -7.68121, 9.99426, 0.00000 }, { -7.68121, 9.99426, 0.00000 }, { -7.68121, 7.99221, 0.00000 }, { -7.68121, 7.99221, 0.00000 }, { -7.68121, 7.99221, 0.00000 }, { -8.66249, 7.99224, 0.00000 }, { -8.66249, 7.99224, 0.00000 }, { -8.66249, 7.99224, 0.00000 }, { -8.65999, 4.18608, 0.00000 }, { -8.65999, 4.18608, 0.00000 }, { -8.65999, 4.18608, 0.00000 }, { -7.68121, 4.17939, 0.00000 }, { -7.68121, 4.17939, 0.00000 }, { -7.68121, 4.17939, 0.00000 }, { -7.68121, 1.93644, 0.00000 }, { -7.68121, 1.93644, 0.00000 }, },
			},
			["shared/asphalt_02.gtex.lua;shared/dirt.gtex.lua"] = {
				{ { 12.00000, -0.00100, 0.00000 }, { 12.00000, -0.00100, 0.00000 }, { 12.00000, 5.90000, 0.00000 }, { 12.00000, 5.90000, 0.00000 }, { 12.00000, 5.90000, 0.00000 }, { 3.76474, 5.90000, 0.00000 }, { 3.76474, 5.90000, 0.00000 }, { 3.76474, 5.90000, 0.00000 }, { 3.76474, 10.00000, 0.00000 }, { 3.76474, 10.00000, 0.00000 }, { 3.76474, 10.00000, 0.00000 }, { -7.59999, 10.00000, 0.00000 }, { -7.60001, 10.00000, 0.00000 }, { -7.60001, 10.00000, 0.00000 }, { -7.60001, 2.90000, 0.00000 }, { -7.60001, 2.90000, 0.00000 }, { -7.60001, 2.90000, 0.00000 }, { -12.00000, 2.90000, 0.00000 }, { -12.00000, 2.90000, 0.00000 }, { -12.00000, 2.90000, 0.00000 }, { -12.00000, 0.00000, 0.00000 }, { -12.00000, 0.00000, 0.00000 }, },
			},
			["shared/grass_cutted_01.gtex.lua"] = {
				{ { 8.00000, 13.00000, 0.00000 }, { 8.00000, 13.00000, 0.00000 }, { 8.00000, 20.00000, 0.00000 }, { 8.00000, 20.00000, 0.00000 }, { 8.00000, 20.00000, 0.00000 }, { 1.00000, 20.00000, 0.00000 }, { 1.00000, 20.00000, 0.00000 }, { 1.00000, 20.00000, 0.00000 }, { 1.00000, 13.00000, 0.00000 }, { 1.00000, 13.00000, 0.00000 }, },
			},
			["shared/gravel_02.gtex.lua"] = {
				{ { 12.00000, 5.90000, 0.00000 }, { 12.00000, 5.90000, 0.00000 }, { 12.00000, 23.99999, 0.00000 }, { 12.00000, 24.00000, 0.00000 }, { 12.00000, 24.00000, 0.00000 }, { -3.30000, 23.99899, 0.00000 }, { -3.30000, 23.99899, 0.00000 }, { -3.30000, 23.99899, 0.00000 }, { -3.30000, 10.00000, 0.00000 }, { -3.30000, 10.00000, 0.00000 }, { -3.30000, 10.00000, 0.00000 }, { 1.00000, 10.00000, 0.00000 }, { 1.00000, 10.00000, 0.00000 }, { 1.00000, 10.00000, 0.00000 }, { 1.00000, 20.00000, 0.00000 }, { 1.00000, 20.00000, 0.00000 }, { 1.00000, 20.00000, 0.00000 }, { 8.00000, 20.00000, 0.00000 }, { 8.00000, 20.00000, 0.00000 }, { 8.00000, 20.00000, 0.00000 }, { 8.00000, 10.00000, 0.00000 }, { 8.00000, 10.00000, 0.00000 }, { 8.00000, 10.00000, 0.00000 }, { 3.76474, 10.00000, 0.00000 }, { 3.76474, 10.00000, 0.00000 }, { 3.76474, 10.00000, 0.00000 }, { 3.76474, 5.90000, 0.00000 }, { 3.76474, 5.90000, 0.00000 }, },
				{ { 8.00000, 10.00000, 0.00000 }, { 8.00000, 10.00000, 0.00000 }, { 8.00000, 13.00000, 0.00000 }, { 8.00000, 13.00000, 0.00000 }, { 8.00000, 13.00000, 0.00000 }, { 1.00000, 13.00000, 0.00000 }, { 1.00000, 13.00000, 0.00000 }, { 1.00000, 13.00000, 0.00000 }, { 1.00000, 10.00000, 0.00000 }, { 1.00000, 10.00000, 0.00000 }, },
			},
			["shared/gravel_02.gtex.lua;shared/border2.gtex.lua"] = {
				{ { -3.30000, 10.00000, 0.00000 }, { -3.30000, 10.00000, 0.00000 }, { -3.30000, 18.00000, 0.00000 }, { -3.30000, 18.00000, 0.00000 }, { -3.30000, 18.00000, 0.00000 }, { -12.00000, 17.99900, 0.00000 }, { -12.00000, 17.99900, 0.00000 }, { -12.00000, 17.99900, 0.00000 }, { -12.00000, 2.90000, 0.00000 }, { -12.00000, 2.90000, 0.00000 }, { -12.00000, 2.90000, 0.00000 }, { -7.60001, 2.90000, 0.00000 }, { -7.60001, 2.90000, 0.00000 }, { -7.60001, 2.90000, 0.00000 }, { -7.60001, 10.00000, 0.00000 }, { -7.60001, 10.00000, 0.00000 }, },
			},
			["shared/gravel_03.gtex.lua;shared/dirt.gtex.lua"] = {
				{ { -3.30000, 18.00000, 0.00000 }, { -3.30000, 18.00000, 0.00000 }, { -3.30000, 23.99899, 0.00000 }, { -3.30000, 23.99899, 0.00000 }, { -3.30000, 23.99899, 0.00000 }, { -12.00000, 23.99900, 0.00000 }, { -12.00000, 23.99900, 0.00000 }, { -12.00000, 23.99900, 0.00000 }, { -12.00000, 17.99900, 0.00000 }, { -12.00000, 17.99900, 0.00000 }, },
			},
		},
	},
	["layout_1"] = {
		models = {
			["asset/commercial/all_eras/era_a_com_wall.mdl"] = {
				{ 0.00000, 1.00000, 0.00000, 0.00000, -1.00000, 0.00000, -0.00000, 0.00000, -0.00000, -0.00000, 1.00000, 0.00000, 11.85000, 7.49900, 0.00000, 1.00000, },
				{ 0.00000, 1.00000, 0.00000, 0.00000, -1.00000, 0.00000, -0.00000, 0.00000, -0.00000, -0.00000, 1.00000, 0.00000, -11.85000, 7.49900, 0.00000, 1.00000, },
				{ -1.00000, 0.00000, 0.00000, 0.00000, -0.00000, -1.00000, -0.00000, 0.00000, 0.00000, -0.00000, 1.00000, 0.00000, 4.19999, 23.84900, 0.00000, 1.00000, },
				{ 0.00000, 1.00000, 0.00000, 0.00000, -1.00000, 0.00000, -0.00000, 0.00000, -0.00000, -0.00000, 1.00000, 0.00000, 11.85000, 4.49900, 0.00000, 1.00000, },
				{ 0.00000, 1.00000, 0.00000, 0.00000, -1.00000, 0.00000, -0.00000, 0.00000, -0.00000, -0.00000, 1.00000, 0.00000, -11.85000, 4.49900, 0.00000, 1.00000, },
				{ -1.00000, 0.00000, 0.00000, 0.00000, -0.00000, -1.00000, -0.00000, 0.00000, 0.00000, -0.00000, 1.00000, 0.00000, 7.19999, 23.84900, 0.00000, 1.00000, },
				{ -1.00000, 0.00000, 0.00000, 0.00000, -0.00000, -1.00000, -0.00000, 0.00000, 0.00000, -0.00000, 1.00000, 0.00000, 7.20000, 6.15000, 0.00000, 1.00000, },
				{ -1.00000, 0.00000, 0.00000, 0.00000, -0.00000, -1.00000, -0.00000, 0.00000, 0.00000, -0.00000, 1.00000, 0.00000, -10.50000, 2.85000, 0.00000, 1.00000, },
				{ -1.00000, 0.00000, 0.00000, 0.00000, -0.00000, -1.00000, -0.00000, 0.00000, 0.00000, -0.00000, 1.00000, 0.00000, 4.20000, 6.15000, 0.00000, 1.00000, },
				{ 0.00000, 1.00000, 0.00000, 0.00000, -1.00000, 0.00000, -0.00000, 0.00000, -0.00000, -0.00000, 1.00000, 0.00000, 11.85000, 1.49900, 0.00000, 1.00000, },
				{ -1.00000, 0.00000, 0.00000, 0.00000, -0.00000, -1.00000, -0.00000, 0.00000, 0.00000, -0.00000, 1.00000, 0.00000, 10.19999, 23.84900, 0.00000, 1.00000, },
				{ -1.00000, 0.00000, 0.00000, 0.00000, -0.00000, -1.00000, -0.00000, 0.00000, 0.00000, -0.00000, 1.00000, 0.00000, 10.20000, 6.15000, 0.00000, 1.00000, },
				{ -1.00000, 0.00000, 0.00000, 0.00000, -0.00000, -1.00000, -0.00000, 0.00000, 0.00000, -0.00000, 1.00000, 0.00000, -7.50000, 2.85000, 0.00000, 1.00000, },
				{ 0.00000, 1.00000, 0.00000, 0.00000, -1.00000, 0.00000, -0.00000, 0.00000, -0.00000, -0.00000, 1.00000, 0.00000, 11.85000, 10.49900, 0.00000, 1.00000, },
				{ 0.00000, 1.00000, 0.00000, 0.00000, -1.00000, 0.00000, -0.00000, 0.00000, -0.00000, -0.00000, 1.00000, 0.00000, -11.85000, 10.49900, 0.00000, 1.00000, },
				{ -1.00000, 0.00000, 0.00000, 0.00000, -0.00000, -1.00000, -0.00000, 0.00000, 0.00000, -0.00000, 1.00000, 0.00000, 1.19999, 23.84900, 0.00000, 1.00000, },
				{ 0.00000, 1.00000, 0.00000, 0.00000, -1.00000, 0.00000, -0.00000, 0.00000, -0.00000, -0.00000, 1.00000, 0.00000, 11.84999, 13.49900, 0.00000, 1.00000, },
				{ 0.00000, 1.00000, 0.00000, 0.00000, -1.00000, 0.00000, -0.00000, 0.00000, -0.00000, -0.00000, 1.00000, 0.00000, -11.85001, 13.49900, 0.00000, 1.00000, },
				{ -1.00000, 0.00000, 0.00000, 0.00000, -0.00000, -1.00000, -0.00000, 0.00000, 0.00000, -0.00000, 1.00000, 0.00000, -1.80001, 23.84899, 0.00000, 1.00000, },
				{ 0.00000, 1.00000, 0.00000, 0.00000, -1.00000, 0.00000, -0.00000, 0.00000, -0.00000, -0.00000, 1.00000, 0.00000, 11.84999, 16.49900, 0.00000, 1.00000, },
				{ 0.00000, 1.00000, 0.00000, 0.00000, -1.00000, 0.00000, -0.00000, 0.00000, -0.00000, -0.00000, 1.00000, 0.00000, -11.85001, 16.49900, 0.00000, 1.00000, },
				{ 0.00000, -1.00000, 0.00000, 0.00000, 1.00000, 0.00000, -0.00000, 0.00000, 0.00000, 0.00000, 1.00000, 0.00000, -3.15000, 22.19900, 0.00000, 1.00000, },
				{ 0.00000, 1.00000, 0.00000, 0.00000, -1.00000, 0.00000, -0.00000, 0.00000, -0.00000, -0.00000, 1.00000, 0.00000, 11.84999, 22.49900, 0.00000, 1.00000, },
				{ 0.00000, 1.00000, 0.00000, 0.00000, -1.00000, 0.00000, -0.00000, 0.00000, -0.00000, -0.00000, 1.00000, 0.00000, -11.85001, 22.49900, 0.00000, 1.00000, },
				{ 0.00000, 1.00000, 0.00000, 0.00000, -1.00000, 0.00000, -0.00000, 0.00000, -0.00000, -0.00000, 1.00000, 0.00000, 11.84999, 19.49900, 0.00000, 1.00000, },
				{ 0.00000, 1.00000, 0.00000, 0.00000, -1.00000, 0.00000, -0.00000, 0.00000, -0.00000, -0.00000, 1.00000, 0.00000, -11.85001, 19.49900, 0.00000, 1.00000, },
				{ 0.00000, -1.00000, 0.00000, 0.00000, 1.00000, 0.00000, -0.00000, 0.00000, 0.00000, 0.00000, 1.00000, 0.00000, -3.15000, 19.19900, 0.00000, 1.00000, },
			},
		},
		groups = {
			["era_a_barrel_wood.grp"] = {
				{ 1.00000, 0.00000, 0.00000, 0.00000, 0.00000, 1.00000, 0.00000, 0.00000, 0.00000, 0.00000, 1.00000, 0.00000, -5.06351, 22.87596, -0.00000, 1.00000, },
				{ 1.00000, 0.00000, 0.00000, 0.00000, 0.00000, 1.00000, 0.00000, 0.00000, 0.00000, 0.00000, 1.00000, 0.00000, -6.20351, 23.43596, -0.00000, 1.00000, },
				{ 0.98769, -0.15643, 0.00000, 0.00000, -0.00000, -0.00000, 1.00000, 0.00000, -0.15643, -0.98769, -0.00000, 0.00000, -6.82351, 22.90596, 0.55000, 1.00000, },
			},
			["era_a_com_1_asset_food_box_m.grp"] = {
				{ 0.94552, -0.32557, 0.00000, 0.00000, 0.32557, 0.94552, 0.00000, 0.00000, 0.00000, 0.00000, 1.00000, 0.00000, -11.08000, 22.22000, 0.00000, 1.00000, },
				{ -0.34202, -0.93969, 0.00000, 0.00000, 0.93969, -0.34202, 0.00000, 0.00000, 0.00000, 0.00000, 1.00000, 0.00000, -9.86000, 19.80000, 0.00000, 1.00000, },
				{ 0.99211, 0.12533, 0.00000, 0.00000, -0.12533, 0.99211, 0.00000, 0.00000, 0.00000, 0.00000, 1.00000, 0.00000, -11.08000, 23.14000, 0.00000, 1.00000, },
			},
			["era_a_com_1_asset_ground_chair.grp"] = {
				{ 0.92090, 0.38980, 0.00000, 0.00000, -0.38980, 0.92090, 0.00000, 0.00000, 0.00000, 0.00000, 1.00000, 0.00000, 9.61338, 12.14018, 0.00000, 1.00000, seed = 31, },
				{ 0.99773, -0.06728, 0.00000, 0.00000, 0.06728, 0.99773, 0.00000, 0.00000, 0.00000, 0.00000, 1.00000, 0.00000, 10.64852, 12.24062, 0.00000, 1.00000, seed = 31, },
				{ -0.97460, -0.22397, -0.00000, 0.00000, 0.22397, -0.97460, 0.00000, 0.00000, -0.00000, 0.00000, 1.00000, 0.00000, 10.79822, 10.69787, 0.00000, 1.00000, seed = 31, },
				{ -1.00000, -0.00248, -0.00000, 0.00000, 0.00248, -1.00000, 0.00000, 0.00000, -0.00000, 0.00000, 1.00000, 0.00000, 9.76501, 10.57752, 0.00000, 1.00000, seed = 31, },
				{ 0.97907, 0.20351, 0.00000, 0.00000, -0.20351, 0.97907, 0.00000, 0.00000, 0.00000, 0.00000, 1.00000, 0.00000, 5.91961, 12.25322, 0.00000, 1.00000, seed = 31, },
				{ 0.96566, -0.25979, 0.00000, 0.00000, 0.25979, 0.96566, 0.00000, 0.00000, 0.00000, 0.00000, 1.00000, 0.00000, 6.95455, 12.15069, 0.00000, 1.00000, seed = 31, },
				{ -0.99954, -0.03040, -0.00000, 0.00000, 0.03040, -0.99954, 0.00000, 0.00000, -0.00000, 0.00000, 1.00000, 0.00000, 6.80174, 10.60824, 0.00000, 1.00000, seed = 31, },
				{ -0.98143, 0.19180, -0.00000, 0.00000, -0.19180, -0.98143, 0.00000, 0.00000, -0.00000, 0.00000, 1.00000, 0.00000, 5.76483, 10.69087, 0.00000, 1.00000, seed = 31, },
				{ 0.92992, 0.36777, 0.00000, 0.00000, -0.36777, 0.92992, 0.00000, 0.00000, 0.00000, 0.00000, 1.00000, 0.00000, 9.67409, 15.87556, 0.00000, 1.00000, seed = 31, },
				{ 0.99585, -0.09102, 0.00000, 0.00000, 0.09102, 0.99585, 0.00000, 0.00000, 0.00000, 0.00000, 1.00000, 0.00000, 10.71133, 15.95132, 0.00000, 1.00000, seed = 31, },
				{ -0.97965, -0.20070, -0.00000, 0.00000, 0.20070, -0.97965, 0.00000, 0.00000, -0.00000, 0.00000, 1.00000, 0.00000, 10.82425, 14.40544, 0.00000, 1.00000, seed = 31, },
				{ -0.99977, 0.02133, -0.00000, 0.00000, -0.02133, -0.99977, 0.00000, 0.00000, -0.00000, 0.00000, 1.00000, 0.00000, 9.78848, 14.30973, 0.00000, 1.00000, seed = 31, },
				{ 0.97671, 0.21456, 0.00000, 0.00000, -0.21456, 0.97671, 0.00000, 0.00000, 0.00000, 0.00000, 1.00000, 0.00000, 9.35116, 19.17274, 0.00000, 1.00000, seed = 31, },
				{ 0.99843, -0.05600, 0.00000, 0.00000, 0.05600, 0.99843, 0.00000, 0.00000, 0.00000, 0.00000, 1.00000, 0.00000, 10.38510, 19.28487, 0.00000, 1.00000, seed = 31, },
				{ -0.97200, -0.23496, -0.00000, 0.00000, 0.23496, -0.97200, 0.00000, 0.00000, -0.00000, 0.00000, 1.00000, 0.00000, 10.55222, 17.74391, 0.00000, 1.00000, seed = 31, },
				{ -0.99991, -0.01378, -0.00000, 0.00000, 0.01378, -0.99991, 0.00000, 0.00000, -0.00000, 0.00000, 1.00000, 0.00000, 9.52044, 17.61189, 0.00000, 1.00000, seed = 31, },
				{ 0.99855, 0.05387, 0.00000, 0.00000, -0.05387, 0.99855, 0.00000, 0.00000, 0.00000, 0.00000, 1.00000, 0.00000, -0.89265, 22.37173, 0.00000, 1.00000, seed = 31, },
				{ 0.97150, -0.23704, 0.00000, 0.00000, 0.23704, 0.97150, 0.00000, 0.00000, 0.00000, 0.00000, 1.00000, 0.00000, 0.15644, 22.45309, 0.00000, 1.00000, seed = 31, },
				{ -0.99855, -0.05387, -0.00000, 0.00000, 0.05387, -0.99855, 0.00000, 0.00000, -0.00000, 0.00000, 1.00000, 0.00000, 0.03991, 20.90747, 0.00000, 1.00000, seed = 31, },
				{ -0.99906, -0.04342, -0.00000, 0.00000, 0.04342, -0.99906, 0.00000, 0.00000, -0.00000, 0.00000, 1.00000, 0.00000, -0.99865, 20.96572, 0.00000, 1.00000, seed = 31, },
				{ 0.93118, 0.36457, 0.00000, 0.00000, -0.36457, 0.93118, 0.00000, 0.00000, 0.00000, 0.00000, 1.00000, 0.00000, -1.46559, 19.21774, 0.00000, 1.00000, seed = 31, },
				{ 0.99553, -0.09444, 0.00000, 0.00000, 0.09444, 0.99553, 0.00000, 0.00000, 0.00000, 0.00000, 1.00000, 0.00000, -0.42810, 19.28994, 0.00000, 1.00000, seed = 31, },
				{ -0.98034, -0.19734, -0.00000, 0.00000, 0.19734, -0.98034, 0.00000, 0.00000, -0.00000, 0.00000, 1.00000, 0.00000, -0.32049, 17.74368, 0.00000, 1.00000, seed = 31, },
				{ -0.99969, 0.02476, -0.00000, 0.00000, -0.02476, -0.99969, 0.00000, 0.00000, -0.00000, 0.00000, 1.00000, 0.00000, -1.35659, 17.65153, 0.00000, 1.00000, seed = 31, },
				{ 0.91097, 0.41247, 0.00000, 0.00000, -0.41247, 0.91097, 0.00000, 0.00000, 0.00000, 0.00000, 1.00000, 0.00000, -1.40108, 15.91376, 0.00000, 1.00000, seed = 31, },
				{ 0.99909, -0.04258, 0.00000, 0.00000, 0.04258, 0.99909, 0.00000, 0.00000, 0.00000, 0.00000, 1.00000, 0.00000, -0.36874, 16.03978, 0.00000, 1.00000, seed = 31, },
				{ -0.96876, -0.24801, -0.00000, 0.00000, 0.24801, -0.96876, 0.00000, 0.00000, -0.00000, 0.00000, 1.00000, 0.00000, -0.18092, 14.50120, 0.00000, 1.00000, seed = 31, },
				{ -0.99963, -0.02722, -0.00000, 0.00000, 0.02722, -0.99963, 0.00000, 0.00000, -0.00000, 0.00000, 1.00000, 0.00000, -1.21083, 14.35533, 0.00000, 1.00000, seed = 31, },
				{ 0.91097, 0.41247, 0.00000, 0.00000, -0.41247, 0.91097, 0.00000, 0.00000, 0.00000, 0.00000, 1.00000, 0.00000, -7.64108, 15.91376, 0.00000, 1.00000, seed = 31, },
				{ 0.99909, -0.04258, 0.00000, 0.00000, 0.04258, 0.99909, 0.00000, 0.00000, 0.00000, 0.00000, 1.00000, 0.00000, -6.60874, 16.03978, 0.00000, 1.00000, seed = 31, },
				{ -0.96876, -0.24801, -0.00000, 0.00000, 0.24801, -0.96876, 0.00000, 0.00000, -0.00000, 0.00000, 1.00000, 0.00000, -6.42092, 14.50120, 0.00000, 1.00000, seed = 31, },
				{ -0.99963, -0.02722, -0.00000, 0.00000, 0.02722, -0.99963, 0.00000, 0.00000, -0.00000, 0.00000, 1.00000, 0.00000, -7.45083, 14.35533, 0.00000, 1.00000, seed = 31, },
				{ 0.99968, -0.02513, 0.00000, 0.00000, 0.02513, 0.99968, 0.00000, 0.00000, 0.00000, 0.00000, 1.00000, 0.00000, -4.27747, 15.85121, 0.00000, 1.00000, seed = 31, },
				{ 0.96203, -0.27295, 0.00000, 0.00000, 0.27295, 0.96203, 0.00000, 0.00000, 0.00000, 0.00000, 1.00000, 0.00000, -3.22160, 15.93329, 0.00000, 1.00000, seed = 31, },
				{ -0.99986, -0.01675, -0.00000, 0.00000, 0.01675, -0.99986, 0.00000, 0.00000, -0.00000, 0.00000, 1.00000, 0.00000, -3.39545, 14.39307, 0.00000, 1.00000, seed = 31, },
				{ -0.97872, 0.20518, -0.00000, 0.00000, -0.20518, -0.97872, 0.00000, 0.00000, -0.00000, 0.00000, 1.00000, 0.00000, -4.43113, 14.48985, 0.00000, 1.00000, seed = 31, },
				{ 0.99855, 0.05387, 0.00000, 0.00000, -0.05387, 0.99855, 0.00000, 0.00000, 0.00000, 0.00000, 1.00000, 0.00000, -7.88265, 11.86173, 0.00000, 1.00000, seed = 31, },
				{ 0.97150, -0.23704, 0.00000, 0.00000, 0.23704, 0.97150, 0.00000, 0.00000, 0.00000, 0.00000, 1.00000, 0.00000, -6.83356, 11.94309, 0.00000, 1.00000, seed = 31, },
				{ -0.99855, -0.05387, -0.00000, 0.00000, 0.05387, -0.99855, 0.00000, 0.00000, -0.00000, 0.00000, 1.00000, 0.00000, -6.95009, 10.39747, 0.00000, 1.00000, seed = 31, },
				{ -0.99906, -0.04342, -0.00000, 0.00000, 0.04342, -0.99906, 0.00000, 0.00000, -0.00000, 0.00000, 1.00000, 0.00000, -7.98865, 10.45572, 0.00000, 1.00000, seed = 31, },
				{ 0.99855, 0.05387, 0.00000, 0.00000, -0.05387, 0.99855, 0.00000, 0.00000, 0.00000, 0.00000, 1.00000, 0.00000, -4.15202, 11.87827, 0.00000, 1.00000, seed = 31, },
				{ 0.97150, -0.23704, 0.00000, 0.00000, 0.23704, 0.97150, 0.00000, 0.00000, 0.00000, 0.00000, 1.00000, 0.00000, -2.88356, 11.94309, 0.00000, 1.00000, seed = 31, },
				{ -0.99855, -0.05387, -0.00000, 0.00000, 0.05387, -0.99855, 0.00000, 0.00000, -0.00000, 0.00000, 1.00000, 0.00000, -3.00009, 10.39747, 0.00000, 1.00000, seed = 31, },
				{ -0.99906, -0.04342, -0.00000, 0.00000, 0.04342, -0.99906, 0.00000, 0.00000, -0.00000, 0.00000, 1.00000, 0.00000, -4.03865, 10.45572, 0.00000, 1.00000, seed = 31, },
			},
			["era_a_com_1_asset_ground_sunshade.grp"] = {
				{ 0.58414, -0.81165, 0.00000, 0.00000, 0.81165, 0.58414, 0.00000, 0.00000, 0.00000, 0.00000, 1.00000, 0.00000, 10.26938, 11.38504, 0.00000, 1.00000, seed = 31, },
				{ 0.41537, -0.90965, 0.00000, 0.00000, 0.90965, 0.41537, 0.00000, 0.00000, 0.00000, 0.00000, 1.00000, 0.00000, 6.41644, 11.38504, 0.00000, 1.00000, seed = 31, },
				{ 0.04226, 0.99911, 0.00000, 0.00000, -0.99911, 0.04226, 0.00000, 0.00000, 0.00000, 0.00000, 1.00000, 0.00000, 10.32285, 14.95541, 0.00000, 1.00000, seed = 31, },
				{ 0.54155, -0.84067, 0.00000, 0.00000, 0.84067, 0.54155, 0.00000, 0.00000, 0.00000, 0.00000, 1.00000, 0.00000, 10.01565, 18.42506, 0.00000, 1.00000, seed = 31, },
				{ 0.98371, 0.17974, 0.00000, 0.00000, -0.17974, 0.98371, 0.00000, 0.00000, 0.00000, 0.00000, 1.00000, 0.00000, -0.36353, 21.67501, 0.00000, 1.00000, seed = 31, },
				{ 0.34585, -0.93829, 0.00000, 0.00000, 0.93829, 0.34585, 0.00000, 0.00000, 0.00000, 0.00000, 1.00000, 0.00000, -0.83041, 18.44500, 0.00000, 1.00000, seed = 31, },
				{ -0.85201, 0.52353, 0.00000, 0.00000, -0.52353, -0.85201, 0.00000, 0.00000, 0.00000, 0.00000, 1.00000, 0.00000, -0.72660, 15.17508, 0.00000, 1.00000, seed = 31, },
				{ -0.85201, 0.52353, 0.00000, 0.00000, -0.52353, -0.85201, 0.00000, 0.00000, 0.00000, 0.00000, 1.00000, 0.00000, -6.96660, 15.17508, 0.00000, 1.00000, seed = 31, },
				{ -0.44199, 0.89702, 0.00000, 0.00000, -0.89702, -0.44199, 0.00000, 0.00000, 0.00000, 0.00000, 1.00000, 0.00000, -3.77010, 15.17506, 0.00000, 1.00000, seed = 31, },
				{ -0.16599, 0.98613, 0.00000, 0.00000, -0.98613, -0.16599, 0.00000, 0.00000, 0.00000, 0.00000, 1.00000, 0.00000, -7.35353, 11.16501, 0.00000, 1.00000, seed = 31, },
				{ 0.98371, 0.17974, 0.00000, 0.00000, -0.17974, 0.98371, 0.00000, 0.00000, 0.00000, 0.00000, 1.00000, 0.00000, -3.40353, 11.16501, 0.00000, 1.00000, seed = 31, },
			},
			["era_a_com_1_asset_ground_table.grp"] = {
				{ 0.99533, 0.09658, 0.00000, 0.00000, -0.09658, 0.99533, 0.00000, 0.00000, 0.00000, 0.00000, 1.00000, 0.00000, 10.26792, 11.40000, 0.00000, 1.00000, seed = 31, },
				{ 0.99513, -0.09858, 0.00000, 0.00000, 0.09858, 0.99513, 0.00000, 0.00000, 0.00000, 0.00000, 1.00000, 0.00000, 6.41793, 11.40000, 0.00000, 1.00000, seed = 31, },
				{ 0.99734, 0.07285, 0.00000, 0.00000, -0.07285, 0.99734, 0.00000, 0.00000, 0.00000, 0.00000, 1.00000, 0.00000, 10.31083, 15.12000, 0.00000, 1.00000, seed = 31, },
				{ 0.99417, 0.10782, 0.00000, 0.00000, -0.10782, 0.99417, 0.00000, 0.00000, 0.00000, 0.00000, 1.00000, 0.00000, 10.01403, 18.44000, 0.00000, 1.00000, seed = 31, },
				{ 0.99717, -0.07518, 0.00000, 0.00000, 0.07518, 0.99717, 0.00000, 0.00000, 0.00000, 0.00000, 1.00000, 0.00000, -0.36240, 21.69000, 0.00000, 1.00000, seed = 31, },
				{ 0.99759, 0.06943, 0.00000, 0.00000, -0.06943, 0.99759, 0.00000, 0.00000, 0.00000, 0.00000, 1.00000, 0.00000, -0.83146, 18.46000, 0.00000, 1.00000, seed = 31, },
				{ 0.99263, 0.12117, 0.00000, 0.00000, -0.12117, 0.99263, 0.00000, 0.00000, 0.00000, 0.00000, 1.00000, 0.00000, -0.72842, 15.19000, 0.00000, 1.00000, seed = 31, },
				{ 0.99263, 0.12117, 0.00000, 0.00000, -0.12117, 0.99263, 0.00000, 0.00000, 0.00000, 0.00000, 1.00000, 0.00000, -6.96842, 15.19000, 0.00000, 1.00000, seed = 31, },
				{ 0.99369, -0.11216, 0.00000, 0.00000, 0.11216, 0.99369, 0.00000, 0.00000, 0.00000, 0.00000, 1.00000, 0.00000, -3.76842, 15.19000, 0.00000, 1.00000, seed = 31, },
				{ 0.99717, -0.07518, 0.00000, 0.00000, 0.07518, 0.99717, 0.00000, 0.00000, 0.00000, 0.00000, 1.00000, 0.00000, -7.35240, 11.18000, 0.00000, 1.00000, seed = 31, },
				{ 0.99717, -0.07518, 0.00000, 0.00000, 0.07518, 0.99717, 0.00000, 0.00000, 0.00000, 0.00000, 1.00000, 0.00000, -3.40240, 11.18000, 0.00000, 1.00000, seed = 31, },
			},
			["era_a_com_1_asset_restaurant_awning_end.grp"] = {
				{ 1.00500, 0.00000, 0.00000, 0.00000, 0.00000, 1.00000, 0.00000, 0.00000, 0.00000, 0.00000, 1.00000, 0.00000, 1.03500, 2.42000, 3.00000, 1.00000, align = { -2.60000, 0.00000 }, seed = 456, },
				{ -0.00000, 1.03500, 0.00000, 0.00000, -1.00000, -0.00000, 0.00000, 0.00000, 0.00000, 0.00000, 1.00000, 0.00000, 3.18000, 4.27000, 3.00000, 1.00000, align = { -2.60000, 0.00000 }, seed = 456, },
			},
			["era_a_com_1_asset_restaurant_awning_repeat.grp"] = {
				{ 1.00500, 0.00000, 0.00000, 0.00000, 0.00000, 1.00000, 0.00000, 0.00000, 0.00000, 0.00000, 1.00000, 0.00000, -4.99500, 2.42000, 3.00000, 1.00000, align = { -2.60000, 0.00000 }, seed = 456, },
				{ 1.00500, 0.00000, 0.00000, 0.00000, 0.00000, 1.00000, 0.00000, 0.00000, 0.00000, 0.00000, 1.00000, 0.00000, -1.98000, 2.42000, 3.00000, 1.00000, align = { -2.60000, 0.00000 }, seed = 456, },
				{ 1.00500, 0.00000, 0.00000, 0.00000, 0.00000, 1.00000, 0.00000, 0.00000, 0.00000, 0.00000, 1.00000, 0.00000, 1.03500, 2.42000, 3.00000, 1.00000, align = { -2.60000, 0.00000 }, seed = 456, },
				{ -0.00000, 1.03500, 0.00000, 0.00000, -1.00000, -0.00000, 0.00000, 0.00000, 0.00000, 0.00000, 1.00000, 0.00000, 3.18000, 4.27000, 3.00000, 1.00000, align = { -2.60000, 0.00000 }, seed = 456, },
			},
			["era_a_com_1_asset_restaurant_awning_start.grp"] = {
				{ 1.00500, 0.00000, 0.00000, 0.00000, 0.00000, 1.00000, 0.00000, 0.00000, 0.00000, 0.00000, 1.00000, 0.00000, -4.99500, 2.42000, 3.00000, 1.00000, align = { -2.60000, 0.00000 }, seed = 456, },
				{ -0.00000, 1.03500, 0.00000, 0.00000, -1.00000, -0.00000, 0.00000, 0.00000, 0.00000, 0.00000, 1.00000, 0.00000, 3.18000, 4.27000, 3.00000, 1.00000, align = { -2.60000, 0.00000 }, seed = 456, },
			},
			["era_a_com_1_asset_restaurant_menu_01.grp"] = {
				{ -0.28402, -0.95882, -0.00000, 0.00000, 0.95882, -0.28402, 0.00000, 0.00000, -0.00000, 0.00000, 1.00000, 0.00000, -0.30000, 1.31700, 0.00000, 1.00000, align = { -2.60000, 0.00000 }, seed = 25, },
			},
			["era_a_com_1_asset_restaurant_sign_01.grp"] = {
				{ -0.00000, 1.00000, 0.00000, 0.00000, -1.00000, -0.00000, 0.00000, 0.00000, 0.00000, 0.00000, 1.00000, 0.00000, 3.15000, 4.28400, 3.40000, 1.00000, align = { -2.60000, 0.00000 }, seed = 25, },
			},
			["era_a_com_1_asset_restaurant_wall_sign_01.grp"] = {
				{ 1.00000, 0.00000, 0.00000, 0.00000, 0.00000, 1.00000, 0.00000, 0.00000, 0.00000, 0.00000, 1.00000, 0.00000, -6.78000, 2.41050, 1.99000, 1.00000, align = { -2.60000, 0.00000 }, seed = 25, },
				{ 1.00000, 0.00000, 0.00000, 0.00000, 0.00000, 1.00000, 0.00000, 0.00000, 0.00000, 0.00000, 1.00000, 0.00000, 2.70000, 2.41050, 1.99000, 1.00000, align = { -2.60000, 0.00000 }, seed = 25, },
			},
			["era_a_com_2_asset_restaurant_sign_01.grp"] = {
				{ 0.92000, 0.00000, 0.00000, 0.00000, 0.00000, 0.92000, 0.00000, 0.00000, 0.00000, 0.00000, 0.92000, 0.00000, -1.96000, 2.46350, 3.36000, 1.00000, align = { -2.60000, 0.00000 }, seed = 25, },
			},
			["era_a_container.grp"] = {
				{ -0.00000, 1.00000, 0.00000, 0.00000, -1.00000, -0.00000, 0.00000, 0.00000, 0.00000, 0.00000, 1.00000, 0.00000, -11.04000, 20.46000, 0.00000, 1.00000, },
			},
			["era_a_garden_bench.grp"] = {
				{ 0.99951, 0.03141, 0.00000, 0.00000, -0.03141, 0.99951, 0.00000, 0.00000, 0.00000, 0.00000, 1.00000, 0.00000, 7.08000, 5.28000, 0.00000, 1.00000, seed = 123, },
				{ 0.99897, -0.04536, 0.00000, 0.00000, 0.04536, 0.99897, 0.00000, 0.00000, 0.00000, 0.00000, 1.00000, 0.00000, 9.94000, 5.26000, 0.00000, 1.00000, seed = 123, },
			},
			["era_a_waggon_01.grp"] = {
				{ 0.90851, -0.41787, -0.00000, 0.00000, 0.41787, 0.90851, -0.00000, 0.00000, 0.00000, 0.00000, 1.00000, 0.00000, -6.04000, 20.67000, 0.00000, 1.00000, },
			},
			["random_medium_tree_town.grp"] = {
				{ 0.77500, 0.00000, 0.00000, 0.00000, 0.00000, 0.77500, 0.00000, 0.00000, 0.00000, 0.00000, 0.77500, 0.00000, -5.30000, 19.15000, 0.00000, 1.00000, },
			},
			["random_shrub_town.grp"] = {
				{ 0.46637, -0.57454, 0.00000, 0.00000, 0.57454, 0.46637, 0.00000, 0.00000, -0.00000, 0.00000, 0.74000, 0.00000, 4.39005, 17.60097, 0.00000, 1.00000, },
				{ -0.63430, -0.38113, 0.00000, 0.00000, 0.38113, -0.63430, 0.00000, 0.00000, 0.00000, 0.00000, 0.74000, 0.00000, 3.52491, 16.72089, 0.00000, 1.00000, },
				{ 0.18051, 0.71765, 0.00000, 0.00000, -0.71765, 0.18051, 0.00000, 0.00000, -0.00000, -0.00000, 0.74000, 0.00000, 4.09497, 15.32521, 0.00000, 1.00000, },
				{ 0.30061, 0.67619, 0.00000, 0.00000, -0.67619, 0.30061, 0.00000, 0.00000, -0.00000, -0.00000, 0.74000, 0.00000, 5.44847, 15.57721, 0.00000, 1.00000, },
				{ -0.20022, 0.71240, 0.00000, 0.00000, -0.71240, -0.20022, 0.00000, 0.00000, 0.00000, -0.00000, 0.74000, 0.00000, 5.78437, 17.06915, 0.00000, 1.00000, },
			},
			["random_shrub_town_fence.grp"] = {
				{ -0.07350, -0.73634, -0.00000, 0.00000, 0.73634, -0.07350, -0.00000, 0.00000, -0.00000, -0.00000, 0.74000, 0.00000, 5.72000, 7.16380, 0.00000, 1.00000, },
				{ -0.07350, -0.73634, -0.00000, 0.00000, 0.73634, -0.07350, -0.00000, 0.00000, -0.00000, -0.00000, 0.74000, 0.00000, 5.72000, 22.91380, 0.00000, 1.00000, },
				{ -0.07350, -0.73634, -0.00000, 0.00000, 0.73634, -0.07350, -0.00000, 0.00000, -0.00000, -0.00000, 0.74000, 0.00000, 3.06000, 22.91380, 0.00000, 1.00000, },
				{ -0.66639, 0.06651, -0.00000, 0.00000, -0.06651, -0.66639, 0.00000, 0.00000, -0.00000, 0.00000, 0.66970, 0.00000, -11.00600, 14.48780, 0.00000, 1.00000, },
				{ -0.66639, 0.06651, -0.00000, 0.00000, -0.06651, -0.66639, 0.00000, 0.00000, -0.00000, 0.00000, 0.66970, 0.00000, -11.00600, 8.64780, 0.00000, 1.00000, },
				{ -0.73298, -0.10171, -0.00000, 0.00000, 0.10171, -0.73298, -0.00000, 0.00000, -0.00000, -0.00000, 0.74000, 0.00000, 4.40000, 7.16380, 0.00000, 1.00000, },
				{ -0.73298, -0.10171, -0.00000, 0.00000, 0.10171, -0.73298, -0.00000, 0.00000, -0.00000, -0.00000, 0.74000, 0.00000, 4.40000, 22.91380, 0.00000, 1.00000, },
				{ -0.73298, -0.10171, -0.00000, 0.00000, 0.10171, -0.73298, -0.00000, 0.00000, -0.00000, -0.00000, 0.74000, 0.00000, 1.74000, 22.91380, 0.00000, 1.00000, },
				{ -0.10171, 0.73298, -0.00000, 0.00000, -0.73298, -0.10171, 0.00000, 0.00000, -0.00000, 0.00000, 0.74000, 0.00000, -6.50600, 17.54780, 0.00000, 1.00000, },
				{ 0.70729, 0.21759, 0.00000, 0.00000, -0.21759, 0.70729, 0.00000, 0.00000, -0.00000, -0.00000, 0.74000, 0.00000, -8.15600, 17.54780, 0.00000, 1.00000, },
				{ -0.66109, 0.33250, -0.00000, 0.00000, -0.33250, -0.66109, -0.00000, 0.00000, -0.00000, -0.00000, 0.74000, 0.00000, -9.45600, 17.54780, 0.00000, 1.00000, },
				{ -0.73187, -0.10938, -0.00000, 0.00000, 0.10938, -0.73187, -0.00000, 0.00000, -0.00000, -0.00000, 0.74000, 0.00000, -10.80600, 17.54780, 0.00000, 1.00000, },
				{ 0.07607, -0.73608, 0.00000, 0.00000, 0.73608, 0.07607, 0.00000, 0.00000, -0.00000, 0.00000, 0.74000, 0.00000, -5.09600, 17.54780, 0.00000, 1.00000, },
				{ 0.47467, 0.56770, 0.00000, 0.00000, -0.56770, 0.47467, 0.00000, 0.00000, 0.00000, -0.00000, 0.74000, 0.00000, -3.72600, 17.54780, 0.00000, 1.00000, },
				{ 0.73634, -0.07350, 0.00000, 0.00000, 0.07350, 0.73634, -0.00000, 0.00000, -0.00000, 0.00000, 0.74000, 0.00000, 7.06000, 7.13380, 0.00000, 1.00000, },
				{ 0.73634, -0.07350, 0.00000, 0.00000, 0.07350, 0.73634, -0.00000, 0.00000, -0.00000, 0.00000, 0.74000, 0.00000, 7.06000, 22.88380, 0.00000, 1.00000, },
				{ -0.68466, 0.28080, -0.00000, 0.00000, -0.28080, -0.68466, -0.00000, 0.00000, -0.00000, -0.00000, 0.74000, 0.00000, 8.30000, 7.13380, 0.00000, 1.00000, },
				{ -0.68466, 0.28080, -0.00000, 0.00000, -0.28080, -0.68466, -0.00000, 0.00000, -0.00000, -0.00000, 0.74000, 0.00000, 8.30000, 22.88380, 0.00000, 1.00000, },
				{ -0.06651, -0.66639, -0.00000, 0.00000, 0.66639, -0.06651, -0.00000, 0.00000, -0.00000, -0.00000, 0.66970, 0.00000, -10.81600, 13.05780, 0.00000, 1.00000, },
				{ 0.51076, 0.43316, 0.00000, 0.00000, -0.43316, 0.51076, -0.00000, 0.00000, -0.00000, 0.00000, 0.66970, 0.00000, -10.81600, 15.99780, 0.00000, 1.00000, },
				{ -0.06651, -0.66639, -0.00000, 0.00000, 0.66639, -0.06651, -0.00000, 0.00000, -0.00000, -0.00000, 0.66970, 0.00000, -10.81600, 7.33780, 0.00000, 1.00000, },
				{ -0.73634, 0.07350, -0.00000, 0.00000, -0.07350, -0.73634, 0.00000, 0.00000, -0.00000, 0.00000, 0.74000, 0.00000, 9.62000, 7.13380, 0.00000, 1.00000, },
				{ -0.73634, 0.07350, -0.00000, 0.00000, -0.07350, -0.73634, 0.00000, 0.00000, -0.00000, 0.00000, 0.74000, 0.00000, 9.62000, 22.88380, 0.00000, 1.00000, },
				{ 0.06651, 0.66639, 0.00000, 0.00000, -0.66639, 0.06651, -0.00000, 0.00000, -0.00000, -0.00000, 0.66970, 0.00000, -11.03600, 11.34779, 0.00000, 1.00000, },
				{ 0.06651, 0.66639, 0.00000, 0.00000, -0.66639, 0.06651, -0.00000, 0.00000, -0.00000, -0.00000, 0.66970, 0.00000, -11.03600, 5.72779, 0.00000, 1.00000, },
				{ -0.73918, 0.03486, -0.00000, 0.00000, -0.03486, -0.73918, 0.00000, 0.00000, -0.00000, 0.00000, 0.74000, 0.00000, 10.98000, 7.10380, 0.00000, 1.00000, },
				{ -0.73918, 0.03486, -0.00000, 0.00000, -0.03486, -0.73918, 0.00000, 0.00000, -0.00000, 0.00000, 0.74000, 0.00000, 10.98000, 22.85380, 0.00000, 1.00000, },
				{ 0.66639, -0.06651, 0.00000, 0.00000, 0.06651, 0.66639, -0.00000, 0.00000, -0.00000, 0.00000, 0.66970, 0.00000, -11.06600, 10.08780, 0.00000, 1.00000, },
				{ 0.66639, -0.06651, 0.00000, 0.00000, 0.06651, 0.66639, -0.00000, 0.00000, -0.00000, 0.00000, 0.66970, 0.00000, -11.06600, 4.00780, 0.00000, 1.00000, },
				{ -0.50312, -0.44200, -0.00000, 0.00000, 0.44200, -0.50312, 0.00000, 0.00000, -0.00000, 0.00000, 0.66970, 0.00000, -9.61600, 4.00780, 0.00000, 1.00000, },
				{ 0.66639, -0.06651, 0.00000, 0.00000, 0.06651, 0.66639, -0.00000, 0.00000, -0.00000, 0.00000, 0.66970, 0.00000, -8.06600, 4.00780, 0.00000, 1.00000, },
				{ -0.56770, 0.47467, -0.00000, 0.00000, -0.47467, -0.56770, -0.00000, 0.00000, -0.00000, -0.00000, 0.74000, 0.00000, -3.72600, 18.74780, 0.00000, 1.00000, },
				{ -0.47467, -0.56770, -0.00000, 0.00000, 0.56770, -0.47467, -0.00000, 0.00000, -0.00000, -0.00000, 0.74000, 0.00000, -3.72600, 19.94780, 0.00000, 1.00000, },
				{ 0.56770, -0.47467, 0.00000, 0.00000, 0.47467, 0.56770, 0.00000, 0.00000, -0.00000, -0.00000, 0.74000, 0.00000, -3.72600, 21.14780, 0.00000, 1.00000, },
				{ 0.47467, 0.56770, 0.00000, 0.00000, -0.56770, 0.47467, 0.00000, 0.00000, 0.00000, -0.00000, 0.74000, 0.00000, -3.72600, 22.34780, 0.00000, 1.00000, },
				{ -0.56770, 0.47467, -0.00000, 0.00000, -0.47467, -0.56770, -0.00000, 0.00000, -0.00000, -0.00000, 0.74000, 0.00000, -3.72600, 23.54779, 0.00000, 1.00000, },
			},
		},
	},
}
--End Generated

function data()
	return townbuildingutil.make_building2(
		{ { -4.60, -0.10 }, { 4.60, -0.10 }, { 4.60, 9.10 }, { -4.60, 9.10 } },
		"COMMERCIAL", 
		"A", 
		1,
		{ 3, 3 },
		generatedData,
		"construction/building/era_a/com_1_3x3_02.gtex"
	)
end
