local townbuildingutil = require "townbuildingutil"

--Model file: "building/era_a/com_2_3x4_02.mdl"

--Begin Generated
local generatedData = {
	["base"] = {
		models = {
			["building/era_a/com_2_3x4_02.mdl"] = {
				{ 1.00000, 0.00000, 0.00000, 0.00000, 0.00000, 1.00000, 0.00000, 0.00000, 0.00000, 0.00000, 1.00000, 0.00000, 0.00000, 0.00000, 0.00000, 1.00000, },
			},
		},
		curves = {
			["scaffold"] = {
				{ { 10.30664, 2.02676, 0.00000 }, { 10.30664, 2.02676, 0.00000 }, { 10.30664, 16.02625, 0.00000 }, { 10.30664, 16.02625, 0.00000 }, { 10.30664, 16.02625, 0.00000 }, { -9.71826, 16.02625, 0.00000 }, { -9.71826, 16.02625, 0.00000 }, { -9.71826, 16.02625, 0.00000 }, { -9.71826, 2.02674, 0.00000 }, { -9.71826, 2.02673, 0.00000 }, },
			},
			["shared/asphalt_02.gtex.lua;shared/dirt.gtex.lua"] = {
				{ { 12.00000, 0.00000, 0.00000 }, { 12.00000, 0.00000, 0.00000 }, { 12.00000, 14.85374, 0.00000 }, { 12.00000, 14.85374, 0.00000 }, { 12.00000, 14.85374, 0.00000 }, { -12.00000, 14.85374, 0.00000 }, { -12.00000, 14.85374, 0.00000 }, { -12.00000, 14.85374, 0.00000 }, { -12.00000, 0.00000, 0.00000 }, { -12.00000, 0.00000, 0.00000 }, },
			},
			["shared/grass_cutted_01.gtex.lua"] = {
				{ { 12.00000, 14.85374, 0.00000 }, { 12.00000, 14.85374, 0.00000 }, { 12.00000, 25.55000, 0.00000 }, { 12.00000, 25.55000, 0.00000 }, { 12.00000, 25.55000, 0.00000 }, { 5.69998, 25.55000, 0.00000 }, { 5.69998, 25.55000, 0.00000 }, { 5.69998, 25.55000, 0.00000 }, { 5.69998, 32.00000, 0.00000 }, { 5.69998, 32.00000, 0.00000 }, { 5.69998, 32.00000, 0.00000 }, { -5.70001, 32.00000, 0.00000 }, { -5.70001, 32.00000, 0.00000 }, { -5.70001, 32.00000, 0.00000 }, { -5.69998, 25.55000, 0.00000 }, { -5.69998, 25.55000, 0.00000 }, { -5.69998, 25.55000, 0.00000 }, { -12.00000, 25.55000, 0.00000 }, { -12.00000, 25.55000, 0.00000 }, { -12.00000, 25.55000, 0.00000 }, { -12.00000, 14.85374, 0.00000 }, { -12.00000, 14.85374, 0.00000 }, { -12.00000, 14.85374, 0.00000 }, { -10.07501, 14.85374, 0.00000 }, { -10.07501, 14.85374, 0.00000 }, { -10.07501, 14.85374, 0.00000 }, { -10.07501, 23.82500, 0.00000 }, { -10.07501, 23.82500, 0.00000 }, { -10.07501, 23.82500, 0.00000 }, { -4.09998, 23.82500, 0.00000 }, { -4.09998, 23.82500, 0.00000 }, { -4.09998, 23.82500, 0.00000 }, { -4.09998, 27.49500, 0.00000 }, { -4.09998, 27.49500, 0.00000 }, { -4.09998, 27.49500, 0.00000 }, { 4.04999, 27.49500, 0.00000 }, { 4.04999, 27.49500, 0.00000 }, { 4.04999, 27.49500, 0.00000 }, { 4.04999, 23.82500, 0.00000 }, { 4.04999, 23.82500, 0.00000 }, { 4.04999, 23.82500, 0.00000 }, { 10.10663, 23.82500, 0.00000 }, { 10.10663, 23.82500, 0.00000 }, { 10.10663, 23.82500, 0.00000 }, { 10.10663, 14.85374, 0.00000 }, { 10.10663, 14.85374, 0.00000 }, },
			},
			["shared/gravel_02.gtex.lua"] = {
				{ { 10.10663, 14.85374, 0.00000 }, { 10.10663, 14.85375, 0.00000 }, { 10.10663, 23.82500, 0.00000 }, { 10.10663, 23.82500, 0.00000 }, { 10.10663, 23.82500, 0.00000 }, { 4.04999, 23.82500, 0.00000 }, { 4.04999, 23.82500, 0.00000 }, { 4.04999, 23.82500, 0.00000 }, { 4.04999, 27.49500, 0.00000 }, { 4.04999, 27.49500, 0.00000 }, { 4.04999, 27.49500, 0.00000 }, { -4.09998, 27.49500, 0.00000 }, { -4.09998, 27.49500, 0.00000 }, { -4.09998, 27.49500, 0.00000 }, { -4.09998, 23.82500, 0.00000 }, { -4.09998, 23.82500, 0.00000 }, { -4.09998, 23.82500, 0.00000 }, { -10.07501, 23.82500, 0.00000 }, { -10.07501, 23.82500, 0.00000 }, { -10.07501, 23.82499, 0.00000 }, { -10.07501, 14.85375, 0.00000 }, { -10.07501, 14.85374, 0.00000 }, },
			},
		},
	},
	["layout_1"] = {
		models = {
			["asset/commercial/all_eras/era_a_com_wall.mdl"] = {
				{ -1.00000, 0.00000, 0.00000, 0.00000, -0.00000, -1.00000, -0.00000, 0.00000, 0.00000, -0.00000, 1.00000, 0.00000, 10.20001, 14.79130, 0.00000, 1.00000, },
				{ 0.00000, 0.68580, 0.00000, 0.00000, -1.00000, 0.00000, -0.00000, 0.00000, -0.00000, -0.00000, 1.00000, 0.00000, 11.85001, 15.67000, 0.00000, 1.00000, },
				{ 0.00000, 1.00000, 0.00000, 0.00000, -1.00000, 0.00000, -0.00000, 0.00000, -0.00000, -0.00000, 1.00000, 0.00000, 11.85001, 18.20000, 0.00000, 1.00000, },
				{ 0.00000, 1.00000, 0.00000, 0.00000, -1.00000, 0.00000, -0.00000, 0.00000, -0.00000, -0.00000, 1.00000, 0.00000, 11.85001, 21.20000, 0.00000, 1.00000, },
				{ 0.00000, 1.00000, 0.00000, 0.00000, -1.00000, 0.00000, -0.00000, 0.00000, -0.00000, -0.00000, 1.00000, 0.00000, 11.85000, 24.20000, 0.00000, 1.00000, },
				{ 1.00000, -0.00000, 0.00000, 0.00000, 0.00000, 1.00000, -0.00000, 0.00000, -0.00000, 0.00000, 1.00000, 0.00000, 10.19999, 25.55000, 0.00000, 1.00000, },
				{ 1.00000, -0.00000, 0.00000, 0.00000, 0.00000, 1.00000, -0.00000, 0.00000, -0.00000, 0.00000, 1.00000, 0.00000, 7.19999, 25.55000, 0.00000, 1.00000, },
				{ 0.00000, 1.00000, 0.00000, 0.00000, -1.00000, 0.00000, -0.00000, 0.00000, -0.00000, -0.00000, 1.00000, 0.00000, 5.84999, 27.20000, 0.00000, 1.00000, },
				{ 0.00000, 1.10000, 0.00000, 0.00000, -1.00000, 0.00000, -0.00000, 0.00000, -0.00000, -0.00000, 1.00000, 0.00000, 5.84999, 30.35000, 0.00000, 1.00000, },
				{ 0.00000, -1.10000, -0.00000, 0.00000, 1.00000, 0.00000, -0.00000, 0.00000, 0.00000, -0.00000, 1.00000, 0.00000, -5.85001, 30.35000, 0.00000, 1.00000, },
				{ 0.00000, -1.00000, -0.00000, 0.00000, 1.00000, 0.00000, -0.00000, 0.00000, 0.00000, -0.00000, 1.00000, 0.00000, -5.85001, 27.20000, 0.00000, 1.00000, },
				{ 1.00000, 0.00000, -0.00000, 0.00000, -0.00000, 1.00000, -0.00000, 0.00000, 0.00000, 0.00000, 1.00000, 0.00000, -7.19998, 25.55000, 0.00000, 1.00000, },
				{ 1.00000, 0.00000, -0.00000, 0.00000, -0.00000, 1.00000, -0.00000, 0.00000, 0.00000, 0.00000, 1.00000, 0.00000, -10.19998, 25.55000, 0.00000, 1.00000, },
				{ 0.00000, -1.00000, -0.00000, 0.00000, 1.00000, 0.00000, -0.00000, 0.00000, 0.00000, -0.00000, 1.00000, 0.00000, -11.85001, 24.20000, 0.00000, 1.00000, },
				{ 0.00000, -1.00000, -0.00000, 0.00000, 1.00000, 0.00000, -0.00000, 0.00000, 0.00000, -0.00000, 1.00000, 0.00000, -11.85001, 21.20000, 0.00000, 1.00000, },
				{ 0.00000, -1.00000, -0.00000, 0.00000, 1.00000, 0.00000, -0.00000, 0.00000, 0.00000, -0.00000, 1.00000, 0.00000, -11.85001, 18.20000, 0.00000, 1.00000, },
				{ 0.00000, -0.68580, -0.00000, 0.00000, 1.00000, 0.00000, -0.00000, 0.00000, 0.00000, -0.00000, 1.00000, 0.00000, -11.85001, 15.67000, 0.00000, 1.00000, },
				{ -1.00000, -0.00000, -0.00000, 0.00000, 0.00000, -1.00000, -0.00000, 0.00000, -0.00000, -0.00000, 1.00000, 0.00000, -10.20001, 14.79130, 0.00000, 1.00000, },
				{ 1.00000, -0.00000, 0.00000, 0.00000, 0.00000, 1.00000, -0.00000, 0.00000, -0.00000, 0.00000, 1.00000, 0.00000, 4.19999, 31.85000, 0.00000, 1.00000, },
				{ 1.00000, -0.00000, 0.00000, 0.00000, 0.00000, 1.00000, -0.00000, 0.00000, -0.00000, 0.00000, 1.00000, 0.00000, 1.19999, 31.85000, 0.00000, 1.00000, },
				{ 0.80000, 0.00000, -0.00000, 0.00000, -0.00000, 1.00000, -0.00000, 0.00000, 0.00000, 0.00000, 1.00000, 0.00000, -1.50000, 31.85000, 0.00000, 1.00000, },
				{ 1.00000, 0.00000, -0.00000, 0.00000, -0.00000, 1.00000, -0.00000, 0.00000, 0.00000, 0.00000, 1.00000, 0.00000, -4.19998, 31.85000, 0.00000, 1.00000, },
			},
			["station/rail/asset/era_a_street_pillar.mdl"] = {
				{ 1.00000, 0.00000, 0.00000, 0.00000, -0.00000, 1.00000, -0.00000, 0.00000, 0.00000, 0.00000, 1.00000, 0.00000, -9.99802, 0.26000, -0.00000, 1.00000, },
				{ 1.00000, 0.00000, 0.00000, 0.00000, -0.00000, 1.00000, -0.00000, 0.00000, 0.00000, 0.00000, 1.00000, 0.00000, -7.99802, 0.26000, -0.00000, 1.00000, },
				{ 1.00000, 0.00000, 0.00000, 0.00000, -0.00000, 1.00000, -0.00000, 0.00000, 0.00000, 0.00000, 1.00000, 0.00000, -5.99802, 0.26000, -0.00000, 1.00000, },
				{ 1.00000, 0.00000, 0.00000, 0.00000, -0.00000, 1.00000, -0.00000, 0.00000, 0.00000, 0.00000, 1.00000, 0.00000, -3.99802, 0.26000, -0.00000, 1.00000, },
				{ 1.00000, 0.00000, 0.00000, 0.00000, -0.00000, 1.00000, -0.00000, 0.00000, 0.00000, 0.00000, 1.00000, 0.00000, -1.99802, 0.26000, -0.00000, 1.00000, },
				{ 1.00000, 0.00000, 0.00000, 0.00000, -0.00000, 1.00000, -0.00000, 0.00000, 0.00000, 0.00000, 1.00000, 0.00000, 0.00198, 0.26000, -0.00000, 1.00000, },
				{ 1.00000, 0.00000, 0.00000, 0.00000, -0.00000, 1.00000, -0.00000, 0.00000, 0.00000, 0.00000, 1.00000, 0.00000, 2.00198, 0.26000, -0.00000, 1.00000, },
				{ 1.00000, 0.00000, 0.00000, 0.00000, -0.00000, 1.00000, -0.00000, 0.00000, 0.00000, 0.00000, 1.00000, 0.00000, 4.00198, 0.26000, -0.00000, 1.00000, },
				{ 1.00000, 0.00000, 0.00000, 0.00000, -0.00000, 1.00000, -0.00000, 0.00000, 0.00000, 0.00000, 1.00000, 0.00000, 6.00198, 0.26000, -0.00000, 1.00000, },
				{ 1.00000, 0.00000, 0.00000, 0.00000, -0.00000, 1.00000, -0.00000, 0.00000, 0.00000, 0.00000, 1.00000, 0.00000, 8.00198, 0.26000, -0.00000, 1.00000, },
				{ 1.00000, 0.00000, 0.00000, 0.00000, -0.00000, 1.00000, -0.00000, 0.00000, 0.00000, 0.00000, 1.00000, 0.00000, 10.00198, 0.26000, -0.00000, 1.00000, },
			},
			["street/street_asset_mix/trash_standing_a.mdl"] = {
				{ 1.00000, 0.00000, 0.00000, 0.00000, 0.00000, 1.00000, 0.00000, 0.00000, 0.00000, 0.00000, 1.00000, 0.00000, 11.06000, 13.85000, 0.00000, 1.00000, },
				{ 1.00000, 0.00000, 0.00000, 0.00000, 0.00000, 1.00000, 0.00000, 0.00000, 0.00000, 0.00000, 1.00000, 0.00000, -10.84000, 13.85000, 0.00000, 1.00000, },
			},
		},
		groups = {
			["era_a_com_1_asset_ground_chair.grp"] = {
				{ 1.00000, -0.00018, 0.00000, 0.00000, 0.00018, 1.00000, 0.00000, 0.00000, 0.00000, 0.00000, 1.00000, 0.00000, -5.46177, 22.80004, 0.00000, 1.00000, seed = 25, ignore = { 2, 40 }, },
				{ 0.98354, -0.18070, 0.00000, 0.00000, 0.18070, 0.98354, 0.00000, 0.00000, 0.00000, 0.00000, 1.00000, 0.00000, -4.42193, 22.78170, 0.00000, 1.00000, seed = 25, ignore = { 2, 40 }, },
				{ -0.99379, -0.11129, -0.00000, 0.00000, 0.11129, -0.99379, 0.00000, 0.00000, -0.00000, 0.00000, 1.00000, 0.00000, -4.44927, 21.23194, 0.00000, 1.00000, seed = 25, ignore = { 2, 40 }, },
				{ -0.98416, 0.17726, -0.00000, 0.00000, -0.17726, -0.98416, 0.00000, 0.00000, -0.00000, 0.00000, 1.00000, 0.00000, -5.48946, 21.23028, 0.00000, 1.00000, seed = 25, ignore = { 2, 40 }, },
				{ 1.00000, -0.00018, 0.00000, 0.00000, 0.00018, 1.00000, 0.00000, 0.00000, 0.00000, 0.00000, 1.00000, 0.00000, -8.71177, 19.15004, 0.00000, 1.00000, seed = 25, ignore = { 2, 40 }, },
				{ 0.98354, -0.18070, 0.00000, 0.00000, 0.18070, 0.98354, 0.00000, 0.00000, 0.00000, 0.00000, 1.00000, 0.00000, -7.67193, 19.13170, 0.00000, 1.00000, seed = 25, ignore = { 2, 40 }, },
				{ -0.99379, -0.11129, -0.00000, 0.00000, 0.11129, -0.99379, 0.00000, 0.00000, -0.00000, 0.00000, 1.00000, 0.00000, -7.69927, 17.58194, 0.00000, 1.00000, seed = 25, ignore = { 2, 40 }, },
				{ -0.98416, 0.17726, -0.00000, 0.00000, -0.17726, -0.98416, 0.00000, 0.00000, -0.00000, 0.00000, 1.00000, 0.00000, -8.73946, 17.58028, 0.00000, 1.00000, seed = 25, ignore = { 2, 40 }, },
				{ 1.00000, -0.00018, 0.00000, 0.00000, 0.00018, 1.00000, 0.00000, 0.00000, 0.00000, 0.00000, 1.00000, 0.00000, -4.81177, 18.95004, 0.00000, 1.00000, seed = 25, ignore = { 2, 40 }, },
				{ 0.98354, -0.18070, 0.00000, 0.00000, 0.18070, 0.98354, 0.00000, 0.00000, 0.00000, 0.00000, 1.00000, 0.00000, -3.77193, 18.93170, 0.00000, 1.00000, seed = 25, ignore = { 2, 40 }, },
				{ -0.99379, -0.11129, -0.00000, 0.00000, 0.11129, -0.99379, 0.00000, 0.00000, -0.00000, 0.00000, 1.00000, 0.00000, -3.79927, 17.38194, 0.00000, 1.00000, seed = 25, ignore = { 2, 40 }, },
				{ -0.98416, 0.17726, -0.00000, 0.00000, -0.17726, -0.98416, 0.00000, 0.00000, -0.00000, 0.00000, 1.00000, 0.00000, -4.83946, 17.38028, 0.00000, 1.00000, seed = 25, ignore = { 2, 40 }, },
				{ 0.99961, -0.02810, 0.00000, 0.00000, 0.02810, 0.99961, 0.00000, 0.00000, 0.00000, 0.00000, 1.00000, 0.00000, 3.85107, 19.06552, 0.00000, 1.00000, seed = 25, ignore = { 2, 40 }, },
				{ 0.97811, -0.20809, 0.00000, 0.00000, 0.20809, 0.97811, 0.00000, 0.00000, 0.00000, 0.00000, 1.00000, 0.00000, 4.88999, 19.01816, 0.00000, 1.00000, seed = 25, ignore = { 2, 40 }, },
				{ -0.98484, -0.17347, -0.00000, 0.00000, 0.17347, -0.98484, 0.00000, 0.00000, -0.00000, 0.00000, 1.00000, 0.00000, 4.81939, 17.46976, 0.00000, 1.00000, seed = 25, ignore = { 2, 40 }, },
				{ -0.97883, 0.20468, -0.00000, 0.00000, -0.20468, -0.97883, 0.00000, 0.00000, -0.00000, 0.00000, 1.00000, 0.00000, 3.77956, 17.49715, 0.00000, 1.00000, seed = 25, ignore = { 2, 40 }, },
				{ 0.96603, 0.25845, 0.00000, 0.00000, -0.25845, 0.96603, 0.00000, 0.00000, 0.00000, 0.00000, 1.00000, 0.00000, 7.81516, 22.82373, 0.00000, 1.00000, seed = 25, },
				{ 0.97879, -0.20487, 0.00000, 0.00000, 0.20487, 0.97879, 0.00000, 0.00000, 0.00000, 0.00000, 1.00000, 0.00000, 8.85423, 22.77978, 0.00000, 1.00000, seed = 25, },
				{ -0.99623, -0.08677, -0.00000, 0.00000, 0.08677, -0.99623, 0.00000, 0.00000, -0.00000, 0.00000, 1.00000, 0.00000, 8.78872, 21.23117, 0.00000, 1.00000, seed = 25, },
				{ -0.99070, 0.13610, -0.00000, 0.00000, -0.13610, -0.99070, 0.00000, 0.00000, -0.00000, 0.00000, 1.00000, 0.00000, 7.74881, 21.25513, 0.00000, 1.00000, seed = 25, },
				{ 0.92992, 0.36777, 0.00000, 0.00000, -0.36777, 0.92992, 0.00000, 0.00000, 0.00000, 0.00000, 1.00000, 0.00000, 7.53409, 19.19555, 0.00000, 1.00000, seed = 25, },
				{ 0.99585, -0.09102, 0.00000, 0.00000, 0.09102, 0.99585, 0.00000, 0.00000, 0.00000, 0.00000, 1.00000, 0.00000, 8.57133, 19.27132, 0.00000, 1.00000, seed = 25, },
				{ -0.97965, -0.20070, -0.00000, 0.00000, 0.20070, -0.97965, 0.00000, 0.00000, -0.00000, 0.00000, 1.00000, 0.00000, 8.68425, 17.72544, 0.00000, 1.00000, seed = 25, },
				{ -0.99977, 0.02133, -0.00000, 0.00000, -0.02133, -0.99977, 0.00000, 0.00000, -0.00000, 0.00000, 1.00000, 0.00000, 7.64848, 17.62973, 0.00000, 1.00000, seed = 25, },
				{ 0.99590, 0.09045, 0.00000, 0.00000, -0.09045, 0.99590, 0.00000, 0.00000, 0.00000, 0.00000, 1.00000, 0.00000, 3.99823, 22.85004, 0.00000, 1.00000, seed = 25, },
				{ 0.98354, -0.18070, 0.00000, 0.00000, 0.18070, 0.98354, 0.00000, 0.00000, 0.00000, 0.00000, 1.00000, 0.00000, 5.03807, 22.83170, 0.00000, 1.00000, seed = 25, },
				{ -0.99379, -0.11129, -0.00000, 0.00000, 0.11129, -0.99379, 0.00000, 0.00000, -0.00000, 0.00000, 1.00000, 0.00000, 5.00262, 20.82201, 0.00000, 1.00000, seed = 25, },
				{ -0.98416, 0.17726, -0.00000, 0.00000, -0.17726, -0.98416, 0.00000, 0.00000, -0.00000, 0.00000, 1.00000, 0.00000, 3.97054, 21.28028, 0.00000, 1.00000, seed = 25, },
				{ 1.00000, -0.00018, 0.00000, 0.00000, 0.00018, 1.00000, 0.00000, 0.00000, 0.00000, 0.00000, 1.00000, 0.00000, -8.91177, 22.85004, 0.00000, 1.00000, seed = 25, },
				{ 0.98354, -0.18070, 0.00000, 0.00000, 0.18070, 0.98354, 0.00000, 0.00000, 0.00000, 0.00000, 1.00000, 0.00000, -7.87193, 22.83170, 0.00000, 1.00000, seed = 25, },
				{ -0.99379, -0.11129, -0.00000, 0.00000, 0.11129, -0.99379, 0.00000, 0.00000, -0.00000, 0.00000, 1.00000, 0.00000, -7.89927, 21.28194, 0.00000, 1.00000, seed = 25, },
				{ -0.98416, 0.17726, -0.00000, 0.00000, -0.17726, -0.98416, 0.00000, 0.00000, -0.00000, 0.00000, 1.00000, 0.00000, -8.93946, 21.28028, 0.00000, 1.00000, seed = 25, },
			},
			["era_a_com_1_asset_ground_sunshade.grp"] = {
				{ 0.97708, -0.21289, 0.00000, 0.00000, 0.21289, 0.97708, 0.00000, 0.00000, 0.00000, 0.00000, 1.00000, 0.00000, -4.89623, 21.97497, 0.00000, 1.00000, seed = 25, ignore = { 2, 40 }, },
				{ 0.97708, -0.21289, 0.00000, 0.00000, 0.21289, 0.97708, 0.00000, 0.00000, 0.00000, 0.00000, 1.00000, 0.00000, -8.14623, 18.32497, 0.00000, 1.00000, seed = 25, ignore = { 2, 40 }, },
				{ 0.97708, -0.21289, 0.00000, 0.00000, 0.21289, 0.97708, 0.00000, 0.00000, 0.00000, 0.00000, 1.00000, 0.00000, -4.24623, 18.12497, 0.00000, 1.00000, seed = 25, ignore = { 2, 40 }, },
				{ -0.42074, 0.90718, 0.00000, 0.00000, -0.90718, -0.42074, 0.00000, 0.00000, 0.00000, 0.00000, 1.00000, 0.00000, 4.39335, 18.22498, 0.00000, 1.00000, seed = 25, ignore = { 2, 40 }, },
				{ 0.09848, -0.99514, 0.00000, 0.00000, 0.99514, 0.09848, 0.00000, 0.00000, 0.00000, 0.00000, 1.00000, 0.00000, 8.35386, 21.83512, 0.00000, 1.00000, seed = 25, },
				{ 0.78523, 0.61920, 0.00000, 0.00000, -0.61920, 0.78523, 0.00000, 0.00000, 0.00000, 0.00000, 1.00000, 0.00000, 8.18285, 18.27541, 0.00000, 1.00000, seed = 25, },
				{ 0.41907, -0.90795, 0.00000, 0.00000, 0.90795, 0.41907, 0.00000, 0.00000, 0.00000, 0.00000, 1.00000, 0.00000, 4.56377, 22.02497, 0.00000, 1.00000, seed = 25, },
				{ 0.97708, -0.21289, 0.00000, 0.00000, 0.21289, 0.97708, 0.00000, 0.00000, 0.00000, 0.00000, 1.00000, 0.00000, -8.34623, 22.02497, 0.00000, 1.00000, seed = 25, },
			},
			["era_a_com_1_asset_ground_table.grp"] = {
				{ 0.99984, -0.01764, 0.00000, 0.00000, 0.01764, 0.99984, 0.00000, 0.00000, 0.00000, 0.00000, 1.00000, 0.00000, -4.89597, 21.99000, 0.00000, 1.00000, seed = 25, ignore = { 2, 40 }, },
				{ 0.99984, -0.01764, 0.00000, 0.00000, 0.01764, 0.99984, 0.00000, 0.00000, 0.00000, 0.00000, 1.00000, 0.00000, -8.14597, 18.34000, 0.00000, 1.00000, seed = 25, ignore = { 2, 40 }, },
				{ 0.99984, -0.01764, 0.00000, 0.00000, 0.01764, 0.99984, 0.00000, 0.00000, 0.00000, 0.00000, 1.00000, 0.00000, -4.24597, 18.14000, 0.00000, 1.00000, seed = 25, ignore = { 2, 40 }, },
				{ 0.99896, -0.04555, 0.00000, 0.00000, 0.04555, 0.99896, 0.00000, 0.00000, 0.00000, 0.00000, 1.00000, 0.00000, 4.39403, 18.24000, 0.00000, 1.00000, seed = 25, ignore = { 2, 40 }, },
				{ 0.99911, -0.04226, 0.00000, 0.00000, 0.04226, 0.99911, 0.00000, 0.00000, 0.00000, 0.00000, 1.00000, 0.00000, 8.36083, 22.00000, 0.00000, 1.00000, seed = 25, },
				{ 0.99734, 0.07285, 0.00000, 0.00000, -0.07285, 0.99734, 0.00000, 0.00000, 0.00000, 0.00000, 1.00000, 0.00000, 8.17083, 18.44000, 0.00000, 1.00000, seed = 25, },
				{ 0.99984, -0.01764, 0.00000, 0.00000, 0.01764, 0.99984, 0.00000, 0.00000, 0.00000, 0.00000, 1.00000, 0.00000, 4.56403, 22.04000, 0.00000, 1.00000, seed = 25, },
				{ 0.99984, -0.01764, 0.00000, 0.00000, 0.01764, 0.99984, 0.00000, 0.00000, 0.00000, 0.00000, 1.00000, 0.00000, -8.34597, 22.04000, 0.00000, 1.00000, seed = 25, },
			},
			["era_a_com_2_asset_hotel_door_awning_round.grp"] = {
				{ 1.00000, 0.00000, 0.00000, 0.00000, 0.00000, 1.00000, 0.00000, 0.00000, 0.00000, 0.00000, 1.00000, 0.00000, -7.20605, 3.02649, 3.76500, 1.00000, align = { 0.00000, 0.00000 }, seed = 456, },
				{ -0.00000, -1.00000, 0.00000, 0.00000, 1.00000, -0.00000, 0.00000, 0.00000, 0.00000, 0.00000, 1.00000, 0.00000, -8.70605, 4.52649, 3.76500, 1.00000, align = { 0.00000, 0.00000 }, seed = 456, },
				{ 1.00000, 0.00000, 0.00000, 0.00000, 0.00000, 1.00000, 0.00000, 0.00000, 0.00000, 0.00000, 1.00000, 0.00000, -4.20605, 3.02649, 3.76500, 1.00000, align = { 0.00000, 0.00000 }, seed = 456, },
				{ 1.00000, 0.00000, 0.00000, 0.00000, 0.00000, 1.00000, 0.00000, 0.00000, 0.00000, 0.00000, 1.00000, 0.00000, -1.20605, 3.02649, 3.76500, 1.00000, align = { 0.00000, 0.00000 }, seed = 456, },
				{ 1.00000, 0.00000, 0.00000, 0.00000, 0.00000, 1.00000, 0.00000, 0.00000, 0.00000, 0.00000, 1.00000, 0.00000, 1.79395, 3.02649, 3.76500, 1.00000, align = { 0.00000, 0.00000 }, seed = 456, },
				{ 1.00000, 0.00000, 0.00000, 0.00000, 0.00000, 1.00000, 0.00000, 0.00000, 0.00000, 0.00000, 1.00000, 0.00000, 4.79395, 3.02649, 3.76500, 1.00000, align = { 0.00000, 0.00000 }, seed = 456, },
				{ 1.00000, 0.00000, 0.00000, 0.00000, 0.00000, 1.00000, 0.00000, 0.00000, 0.00000, 0.00000, 1.00000, 0.00000, 7.79395, 3.02649, 3.76500, 1.00000, align = { 0.00000, 0.00000 }, seed = 456, },
				{ -0.00000, 1.00000, 0.00000, 0.00000, -1.00000, -0.00000, 0.00000, 0.00000, 0.00000, 0.00000, 1.00000, 0.00000, 9.29395, 4.52649, 3.76500, 1.00000, align = { 0.00000, 0.00000 }, seed = 456, },
				{ -0.00000, -1.00000, 0.00000, 0.00000, 1.00000, -0.00000, 0.00000, 0.00000, 0.00000, 0.00000, 1.00000, 0.00000, -8.70605, 7.52649, 3.76500, 1.00000, align = { 0.00000, 0.00000 }, seed = 456, },
				{ -0.00000, -1.00000, 0.00000, 0.00000, 1.00000, -0.00000, 0.00000, 0.00000, 0.00000, 0.00000, 1.00000, 0.00000, -8.70605, 10.52649, 3.76500, 1.00000, align = { 0.00000, 0.00000 }, seed = 456, },
				{ -0.00000, -1.00000, 0.00000, 0.00000, 1.00000, -0.00000, 0.00000, 0.00000, 0.00000, 0.00000, 1.00000, 0.00000, -8.70605, 13.52649, 3.76500, 1.00000, align = { 0.00000, 0.00000 }, seed = 456, },
				{ -1.00000, -0.00000, 0.00000, 0.00000, 0.00000, -1.00000, 0.00000, 0.00000, 0.00000, 0.00000, 1.00000, 0.00000, -7.20606, 15.02649, 3.76500, 1.00000, align = { 0.00000, 0.00000 }, seed = 456, },
				{ -1.00000, 0.00000, -0.00000, 0.00000, -0.00000, -1.00000, 0.00000, 0.00000, -0.00000, 0.00000, 1.00000, 0.00000, -4.20605, 15.02649, 3.76500, 1.00000, align = { 0.00000, 0.00000 }, seed = 456, },
				{ -1.00000, 0.00000, -0.00000, 0.00000, -0.00000, -1.00000, 0.00000, 0.00000, -0.00000, 0.00000, 1.00000, 0.00000, -1.20605, 15.02649, 3.76500, 1.00000, align = { 0.00000, 0.00000 }, seed = 456, },
				{ -1.00000, 0.00000, -0.00000, 0.00000, -0.00000, -1.00000, 0.00000, 0.00000, -0.00000, 0.00000, 1.00000, 0.00000, 1.79395, 15.02649, 3.76500, 1.00000, align = { 0.00000, 0.00000 }, seed = 456, },
				{ -1.00000, 0.00000, -0.00000, 0.00000, -0.00000, -1.00000, 0.00000, 0.00000, -0.00000, 0.00000, 1.00000, 0.00000, 4.79395, 15.02649, 3.76500, 1.00000, align = { 0.00000, 0.00000 }, seed = 456, },
				{ -1.00000, 0.00000, -0.00000, 0.00000, -0.00000, -1.00000, 0.00000, 0.00000, -0.00000, 0.00000, 1.00000, 0.00000, 7.79395, 15.02649, 3.76500, 1.00000, align = { 0.00000, 0.00000 }, seed = 456, },
				{ -0.00000, 1.00000, 0.00000, 0.00000, -1.00000, -0.00000, 0.00000, 0.00000, 0.00000, 0.00000, 1.00000, 0.00000, 9.29395, 7.52649, 3.76500, 1.00000, align = { 0.00000, 0.00000 }, seed = 456, },
				{ -0.00000, 1.00000, 0.00000, 0.00000, -1.00000, -0.00000, 0.00000, 0.00000, 0.00000, 0.00000, 1.00000, 0.00000, 9.29395, 10.52649, 3.76500, 1.00000, align = { 0.00000, 0.00000 }, seed = 456, },
				{ -0.00000, 1.00000, 0.00000, 0.00000, -1.00000, -0.00000, 0.00000, 0.00000, 0.00000, 0.00000, 1.00000, 0.00000, 9.29395, 13.52649, 3.76500, 1.00000, align = { 0.00000, 0.00000 }, seed = 456, },
			},
			["era_a_com_2_asset_hotel_roof_sign_3d_01.grp"] = {
				{ 1.26105, 0.00000, 0.00000, 0.00000, 0.00000, 1.26105, 0.00000, 0.00000, 0.00000, 0.00000, 1.26105, 0.00000, 0.00000, 2.16000, 10.46000, 1.00000, align = { 0.00000, 0.00000 }, seed = 256, },
				{ -0.00000, 1.26105, 0.00000, 0.00000, -1.26105, -0.00000, 0.00000, 0.00000, 0.00000, 0.00000, 1.26105, 0.00000, 10.18000, 8.95000, 10.46400, 1.00000, align = { 0.00000, 0.00000 }, seed = 256, },
				{ -0.00000, -1.26105, 0.00000, 0.00000, 1.26105, -0.00000, 0.00000, 0.00000, 0.00000, 0.00000, 1.26105, 0.00000, -9.59200, 8.95000, 10.46400, 1.00000, align = { 0.00000, 0.00000 }, seed = 256, },
			},
			["era_a_com_2_asset_hotel_wall_sign_01.grp"] = {
				{ 1.00000, 0.00000, 0.00000, 0.00000, 0.00000, 1.00000, 0.00000, 0.00000, 0.00000, 0.00000, 1.00000, 0.00000, -9.42000, 2.12000, 6.01000, 1.00000, },
				{ 1.00000, 0.00000, 0.00000, 0.00000, 0.00000, 1.00000, 0.00000, 0.00000, 0.00000, 0.00000, 1.00000, 0.00000, 10.03000, 2.12000, 6.01000, 1.00000, },
			},
			["era_a_com_2_asset_hotel_win_awning_b.grp"] = {
				{ 1.00000, 0.00000, 0.00000, 0.00000, 0.00000, 1.00000, 0.00000, 0.00000, 0.00000, 0.00000, 1.00000, 0.00000, 7.37642, 3.03200, 12.98930, 1.00000, align = { 0.00000, 0.00000 }, },
				{ 1.00000, 0.00000, 0.00000, 0.00000, 0.00000, 1.00000, 0.00000, 0.00000, 0.00000, 0.00000, 1.00000, 0.00000, 3.32640, 3.03200, 12.98930, 1.00000, align = { 0.00000, 0.00000 }, },
				{ 1.00000, 0.00000, 0.00000, 0.00000, 0.00000, 1.00000, 0.00000, 0.00000, 0.00000, 0.00000, 1.00000, 0.00000, 1.30640, 3.03200, 12.98930, 1.00000, align = { 0.00000, 0.00000 }, },
				{ 1.00000, 0.00000, 0.00000, 0.00000, 0.00000, 1.00000, 0.00000, 0.00000, 0.00000, 0.00000, 1.00000, 0.00000, -0.72360, 3.03200, 12.98930, 1.00000, align = { 0.00000, 0.00000 }, },
				{ 1.00000, 0.00000, 0.00000, 0.00000, 0.00000, 1.00000, 0.00000, 0.00000, 0.00000, 0.00000, 1.00000, 0.00000, -2.74360, 3.03200, 12.98930, 1.00000, align = { 0.00000, 0.00000 }, },
				{ 1.00000, 0.00000, 0.00000, 0.00000, 0.00000, 1.00000, 0.00000, 0.00000, 0.00000, 0.00000, 1.00000, 0.00000, -6.79360, 3.03200, 12.98930, 1.00000, align = { 0.00000, 0.00000 }, },
				{ -1.00000, 0.00000, 0.00000, 0.00000, -0.00000, -1.00000, 0.00000, 0.00000, 0.00000, 0.00000, 1.00000, 0.00000, 7.36642, 15.02200, 12.98930, 1.00000, align = { 0.00000, 0.00000 }, },
				{ -1.00000, 0.00000, 0.00000, 0.00000, -0.00000, -1.00000, 0.00000, 0.00000, 0.00000, 0.00000, 1.00000, 0.00000, 5.35640, 15.02200, 12.98930, 1.00000, align = { 0.00000, 0.00000 }, },
				{ -1.00000, 0.00000, 0.00000, 0.00000, -0.00000, -1.00000, 0.00000, 0.00000, 0.00000, 0.00000, 1.00000, 0.00000, 3.31640, 15.02200, 12.98930, 1.00000, align = { 0.00000, 0.00000 }, },
				{ -1.00000, 0.00000, 0.00000, 0.00000, -0.00000, -1.00000, 0.00000, 0.00000, 0.00000, 0.00000, 1.00000, 0.00000, 1.29640, 15.02200, 12.98930, 1.00000, align = { 0.00000, 0.00000 }, },
				{ -1.00000, 0.00000, 0.00000, 0.00000, -0.00000, -1.00000, 0.00000, 0.00000, 0.00000, 0.00000, 1.00000, 0.00000, -0.72360, 15.02200, 12.98930, 1.00000, align = { 0.00000, 0.00000 }, },
				{ -1.00000, 0.00000, 0.00000, 0.00000, -0.00000, -1.00000, 0.00000, 0.00000, 0.00000, 0.00000, 1.00000, 0.00000, -2.74360, 15.02200, 12.98930, 1.00000, align = { 0.00000, 0.00000 }, },
				{ -1.00000, 0.00000, 0.00000, 0.00000, -0.00000, -1.00000, 0.00000, 0.00000, 0.00000, 0.00000, 1.00000, 0.00000, -4.76860, 15.02200, 12.98930, 1.00000, align = { 0.00000, 0.00000 }, },
				{ -1.00000, 0.00000, 0.00000, 0.00000, -0.00000, -1.00000, 0.00000, 0.00000, 0.00000, 0.00000, 1.00000, 0.00000, -6.79360, 15.02200, 12.98930, 1.00000, align = { 0.00000, 0.00000 }, },
				{ -0.00000, -1.00000, 0.00000, 0.00000, 1.00000, -0.00000, -0.00000, 0.00000, 0.00000, -0.00000, 1.00000, 0.00000, -8.70172, 13.07014, 12.98930, 1.00000, align = { 0.00000, 0.00000 }, },
				{ -0.00000, -1.00000, 0.00000, 0.00000, 1.00000, -0.00000, -0.00000, 0.00000, 0.00000, -0.00000, 1.00000, 0.00000, -8.70172, 11.06012, 12.98930, 1.00000, align = { 0.00000, 0.00000 }, },
				{ -0.00000, -1.00000, 0.00000, 0.00000, 1.00000, -0.00000, -0.00000, 0.00000, 0.00000, -0.00000, 1.00000, 0.00000, -8.70172, 9.02012, 12.98930, 1.00000, align = { 0.00000, 0.00000 }, },
				{ -0.00000, -1.00000, 0.00000, 0.00000, 1.00000, -0.00000, -0.00000, 0.00000, 0.00000, -0.00000, 1.00000, 0.00000, -8.70172, 7.00012, 12.98930, 1.00000, align = { 0.00000, 0.00000 }, },
				{ -0.00000, -1.00000, 0.00000, 0.00000, 1.00000, -0.00000, -0.00000, 0.00000, 0.00000, -0.00000, 1.00000, 0.00000, -8.70172, 4.96012, 12.98930, 1.00000, align = { 0.00000, 0.00000 }, },
				{ -0.00000, 1.00000, 0.00000, 0.00000, -1.00000, -0.00000, -0.00000, 0.00000, -0.00000, -0.00000, 1.00000, 0.00000, 9.28828, 13.10013, 12.98930, 1.00000, align = { 0.00000, 0.00000 }, },
				{ -0.00000, 1.00000, 0.00000, 0.00000, -1.00000, -0.00000, -0.00000, 0.00000, -0.00000, -0.00000, 1.00000, 0.00000, 9.28828, 11.06012, 12.98930, 1.00000, align = { 0.00000, 0.00000 }, },
				{ -0.00000, 1.00000, 0.00000, 0.00000, -1.00000, -0.00000, -0.00000, 0.00000, -0.00000, -0.00000, 1.00000, 0.00000, 9.28828, 9.02012, 12.98930, 1.00000, align = { 0.00000, 0.00000 }, },
				{ -0.00000, 1.00000, 0.00000, 0.00000, -1.00000, -0.00000, -0.00000, 0.00000, -0.00000, -0.00000, 1.00000, 0.00000, 9.28828, 7.00012, 12.98930, 1.00000, align = { 0.00000, 0.00000 }, },
				{ -0.00000, 1.00000, 0.00000, 0.00000, -1.00000, -0.00000, -0.00000, 0.00000, -0.00000, -0.00000, 1.00000, 0.00000, 9.28828, 4.96012, 12.98930, 1.00000, align = { 0.00000, 0.00000 }, },
			},
			["era_a_garden_chair.grp"] = {
				{ 0.88130, -0.47255, 0.00000, 0.00000, 0.47255, 0.88130, 0.00000, 0.00000, -0.00000, 0.00000, 1.00000, 0.00000, -2.28729, 26.93329, 0.00000, 1.00000, seed = 25, ignore = { 3, 25 }, },
				{ -0.54464, -0.83867, -0.00000, 0.00000, 0.83867, -0.54464, 0.00000, 0.00000, -0.00000, 0.00000, 1.00000, 0.00000, -2.04160, 25.87947, 0.00000, 1.00000, seed = 25, ignore = { 3, 25 }, },
				{ 0.41945, 0.90778, 0.00000, 0.00000, -0.90778, 0.41945, -0.00000, 0.00000, -0.00000, 0.00000, 1.00000, 0.00000, -3.22663, 26.62519, -0.00000, 1.00000, seed = 25, ignore = { 3, 25 }, },
				{ -0.82904, 0.55919, -0.00000, 0.00000, -0.55919, -0.82904, -0.00000, 0.00000, -0.00000, 0.00000, 1.00000, 0.00000, -3.06024, 25.70633, -0.00000, 1.00000, seed = 25, ignore = { 3, 25 }, },
				{ -0.08368, 0.99649, 0.00000, 0.00000, -0.99649, -0.08368, 0.00000, 0.00000, 0.00000, 0.00000, 1.00000, 0.00000, -0.20000, 25.56000, 0.00000, 1.00000, seed = 25, ignore = { 3, 25 }, },
				{ 1.00000, 0.00000, 0.00000, 0.00000, 0.00000, 1.00000, 0.00000, 0.00000, 0.00000, 0.00000, 1.00000, 0.00000, 0.55000, 26.34000, 0.00000, 1.00000, seed = 25, ignore = { 3, 25 }, },
				{ -0.95528, -0.29571, 0.00000, 0.00000, 0.29571, -0.95528, 0.00000, 0.00000, 0.00000, 0.00000, 1.00000, 0.00000, 0.59000, 24.95000, 0.00000, 1.00000, seed = 25, ignore = { 3, 25 }, },
				{ -0.01745, -0.99985, 0.00000, 0.00000, 0.99985, -0.01745, 0.00000, 0.00000, 0.00000, 0.00000, 1.00000, 0.00000, 1.25000, 25.58000, 0.00000, 1.00000, seed = 25, ignore = { 3, 25 }, },
				{ 0.97815, 0.20791, 0.00000, 0.00000, -0.20791, 0.97815, 0.00000, 0.00000, 0.00000, 0.00000, 1.00000, 0.00000, 2.50773, 26.85664, 0.00000, 1.00000, seed = 25, ignore = { 3, 25 }, },
				{ 0.12533, -0.99211, 0.00000, 0.00000, 0.99211, 0.12533, 0.00000, 0.00000, 0.00000, 0.00000, 1.00000, 0.00000, 3.37558, 26.21032, 0.00000, 1.00000, seed = 25, ignore = { 3, 25 }, },
				{ -0.26556, 0.96410, 0.00000, 0.00000, -0.96410, -0.26556, 0.00000, 0.00000, 0.00000, 0.00000, 1.00000, 0.00000, 1.98912, 26.01501, 0.00000, 1.00000, seed = 25, ignore = { 3, 25 }, },
				{ -0.99415, -0.10800, 0.00000, 0.00000, 0.10800, -0.99415, 0.00000, 0.00000, 0.00000, 0.00000, 1.00000, 0.00000, 2.70930, 25.42058, 0.00000, 1.00000, seed = 25, ignore = { 3, 25 }, },
			},
			["garden_table_round.grp"] = {
				{ -0.54464, -0.83867, -0.00000, 0.00000, 0.83867, -0.54464, 0.00000, 0.00000, -0.00000, 0.00000, 1.00000, 0.00000, -2.64000, 26.28000, 0.00000, 1.00000, seed = 25, ignore = { 3, 25 }, },
				{ 1.00000, 0.00000, 0.00000, 0.00000, 0.00000, 1.00000, 0.00000, 0.00000, 0.00000, 0.00000, 1.00000, 0.00000, 0.54000, 25.62000, 0.00000, 1.00000, seed = 25, ignore = { 3, 25 }, },
				{ 0.12533, -0.99211, 0.00000, 0.00000, 0.99211, 0.12533, 0.00000, 0.00000, 0.00000, 0.00000, 1.00000, 0.00000, 2.66000, 26.13000, 0.00000, 1.00000, seed = 25, ignore = { 3, 25 }, },
			},
			["random_large_tree_town.grp"] = {
				{ -0.37896, -0.07229, 0.00000, 0.00000, 0.07229, -0.37896, -0.00000, 0.00000, 0.00000, -0.00000, 0.38579, 0.00000, -9.60000, 28.00000, 0.00000, 1.00000, },
				{ 0.58149, 0.20022, 0.00000, 0.00000, -0.20022, 0.58149, 0.00000, 0.00000, 0.00000, 0.00000, 0.61500, 0.00000, -8.25000, 30.10000, 0.00000, 1.00000, },
				{ -0.46214, -0.08816, 0.00000, 0.00000, 0.08816, -0.46214, -0.00000, 0.00000, 0.00000, -0.00000, 0.47047, 0.00000, 8.00000, 28.10000, 0.00000, 1.00000, },
				{ 0.23038, -0.57022, 0.00000, 0.00000, 0.57022, 0.23038, 0.00000, 0.00000, 0.00000, 0.00000, 0.61500, 0.00000, 10.45000, 29.10000, 0.00000, 1.00000, },
			},
			["random_medium_tree_town.grp"] = {
				{ -0.24939, -0.42283, 0.00000, 0.00000, 0.42283, -0.24939, -0.00000, 0.00000, 0.00000, -0.00000, 0.49090, 0.00000, 7.56000, 30.41000, 0.00000, 1.00000, },
			},
			["random_shrub_town.grp"] = {
				{ 0.56332, 0.40705, 0.00000, 0.00000, -0.40705, 0.56332, -0.00000, 0.00000, -0.00000, -0.00000, 0.69500, 0.00000, -1.61000, 29.44000, 0.00000, 1.00000, },
				{ -0.74696, 0.07388, 0.00000, 0.00000, -0.07388, -0.74696, -0.00000, 0.00000, 0.00000, -0.00000, 0.75060, 0.00000, -0.07000, 29.32000, 0.00000, 1.00000, },
				{ 0.30037, 0.50691, 0.00000, 0.00000, -0.50691, 0.30037, -0.00000, 0.00000, -0.00000, -0.00000, 0.58922, 0.00000, 1.61000, 29.36000, 0.00000, 1.00000, },
			},
			["random_shrub_town_fence.grp"] = {
				{ -0.03486, -0.73918, -0.00000, 0.00000, 0.73918, -0.03486, -0.00000, 0.00000, -0.00000, -0.00000, 0.74000, 0.00000, 11.06769, 24.76554, 0.00000, 1.00000, },
				{ -0.73999, -0.00387, -0.00000, 0.00000, 0.00387, -0.73999, -0.00000, 0.00000, -0.00000, -0.00000, 0.74000, 0.00000, 11.03769, 23.51554, 0.00000, 1.00000, },
				{ 0.07350, 0.73634, -0.00000, 0.00000, -0.73634, 0.07350, -0.00000, 0.00000, -0.00000, 0.00000, 0.74000, 0.00000, 11.01769, 22.00554, 0.00000, 1.00000, },
				{ -0.37558, -0.63761, 0.00000, 0.00000, 0.63761, -0.37558, -0.00000, 0.00000, 0.00000, -0.00000, 0.74000, 0.00000, 10.81769, 21.06554, 0.00000, 1.00000, },
				{ -0.73999, -0.00387, -0.00000, 0.00000, 0.00387, -0.73999, -0.00000, 0.00000, -0.00000, -0.00000, 0.74000, 0.00000, 11.03769, 20.16554, 0.00000, 1.00000, },
				{ 0.07350, 0.73634, -0.00000, 0.00000, -0.73634, 0.07350, -0.00000, 0.00000, -0.00000, 0.00000, 0.74000, 0.00000, 11.01769, 18.90554, 0.00000, 1.00000, },
				{ -0.03486, -0.73918, -0.00000, 0.00000, 0.73918, -0.03486, -0.00000, 0.00000, -0.00000, -0.00000, 0.74000, 0.00000, 11.06769, 17.81554, 0.00000, 1.00000, },
				{ 0.15259, 0.72410, 0.00000, 0.00000, -0.72410, 0.15259, -0.00000, 0.00000, -0.00000, 0.00000, 0.74000, 0.00000, 11.03769, 15.57554, 0.00000, 1.00000, },
				{ -0.73999, -0.00387, -0.00000, 0.00000, 0.00387, -0.73999, -0.00000, 0.00000, -0.00000, -0.00000, 0.74000, 0.00000, 11.03769, 16.56554, 0.00000, 1.00000, },
				{ -0.03486, -0.73918, -0.00000, 0.00000, 0.73918, -0.03486, -0.00000, 0.00000, -0.00000, -0.00000, 0.74000, 0.00000, -10.83231, 24.76554, 0.00000, 1.00000, },
				{ -0.73999, -0.00387, -0.00000, 0.00000, 0.00387, -0.73999, -0.00000, 0.00000, -0.00000, -0.00000, 0.74000, 0.00000, -10.86231, 23.51554, 0.00000, 1.00000, },
				{ 0.07350, 0.73634, -0.00000, 0.00000, -0.73634, 0.07350, -0.00000, 0.00000, -0.00000, 0.00000, 0.74000, 0.00000, -10.88231, 22.00554, 0.00000, 1.00000, },
				{ -0.37558, -0.63761, 0.00000, 0.00000, 0.63761, -0.37558, -0.00000, 0.00000, 0.00000, -0.00000, 0.74000, 0.00000, -11.08231, 21.06554, 0.00000, 1.00000, },
				{ -0.73999, -0.00387, -0.00000, 0.00000, 0.00387, -0.73999, -0.00000, 0.00000, -0.00000, -0.00000, 0.74000, 0.00000, -10.86231, 20.16554, 0.00000, 1.00000, },
				{ 0.07350, 0.73634, -0.00000, 0.00000, -0.73634, 0.07350, -0.00000, 0.00000, -0.00000, 0.00000, 0.74000, 0.00000, -10.88231, 18.90554, 0.00000, 1.00000, },
				{ -0.03486, -0.73918, -0.00000, 0.00000, 0.73918, -0.03486, -0.00000, 0.00000, -0.00000, -0.00000, 0.74000, 0.00000, -10.83231, 17.81554, 0.00000, 1.00000, },
				{ 0.15259, 0.72410, 0.00000, 0.00000, -0.72410, 0.15259, -0.00000, 0.00000, -0.00000, 0.00000, 0.74000, 0.00000, -10.86231, 15.57554, 0.00000, 1.00000, },
				{ -0.73999, -0.00387, -0.00000, 0.00000, 0.00387, -0.73999, -0.00000, 0.00000, -0.00000, -0.00000, 0.74000, 0.00000, -10.86231, 16.56554, 0.00000, 1.00000, },
				{ 0.07350, 0.73634, -0.00000, 0.00000, -0.73634, 0.07350, -0.00000, 0.00000, -0.00000, 0.00000, 0.74000, 0.00000, -4.98231, 31.05554, 0.00000, 1.00000, },
				{ -0.37558, -0.63761, 0.00000, 0.00000, 0.63761, -0.37558, -0.00000, 0.00000, 0.00000, -0.00000, 0.74000, 0.00000, -5.18231, 30.11554, 0.00000, 1.00000, },
				{ -0.73999, -0.00387, -0.00000, 0.00000, 0.00387, -0.73999, -0.00000, 0.00000, -0.00000, -0.00000, 0.74000, 0.00000, -4.96231, 29.21554, 0.00000, 1.00000, },
				{ 0.07350, 0.73634, -0.00000, 0.00000, -0.73634, 0.07350, -0.00000, 0.00000, -0.00000, 0.00000, 0.74000, 0.00000, -4.98231, 27.95554, 0.00000, 1.00000, },
				{ -0.03486, -0.73918, -0.00000, 0.00000, 0.73918, -0.03486, -0.00000, 0.00000, -0.00000, -0.00000, 0.74000, 0.00000, -4.93231, 26.86554, 0.00000, 1.00000, },
				{ 0.15259, 0.72410, 0.00000, 0.00000, -0.72410, 0.15259, -0.00000, 0.00000, -0.00000, 0.00000, 0.74000, 0.00000, -4.96231, 24.62554, 0.00000, 1.00000, },
				{ -0.73999, -0.00387, -0.00000, 0.00000, 0.00387, -0.73999, -0.00000, 0.00000, -0.00000, -0.00000, 0.74000, 0.00000, -4.96231, 25.61554, 0.00000, 1.00000, },
				{ 0.07350, 0.73634, -0.00000, 0.00000, -0.73634, 0.07350, -0.00000, 0.00000, -0.00000, 0.00000, 0.74000, 0.00000, 4.86769, 31.05554, 0.00000, 1.00000, },
				{ -0.37558, -0.63761, 0.00000, 0.00000, 0.63761, -0.37558, -0.00000, 0.00000, 0.00000, -0.00000, 0.74000, 0.00000, 4.66769, 30.11554, 0.00000, 1.00000, },
				{ -0.73999, -0.00387, -0.00000, 0.00000, 0.00387, -0.73999, -0.00000, 0.00000, -0.00000, -0.00000, 0.74000, 0.00000, 4.88769, 29.21554, 0.00000, 1.00000, },
				{ 0.07350, 0.73634, -0.00000, 0.00000, -0.73634, 0.07350, -0.00000, 0.00000, -0.00000, 0.00000, 0.74000, 0.00000, 4.86769, 27.95554, 0.00000, 1.00000, },
				{ -0.03486, -0.73918, -0.00000, 0.00000, 0.73918, -0.03486, -0.00000, 0.00000, -0.00000, -0.00000, 0.74000, 0.00000, 4.91769, 26.86554, 0.00000, 1.00000, },
				{ 0.15259, 0.72410, 0.00000, 0.00000, -0.72410, 0.15259, -0.00000, 0.00000, -0.00000, 0.00000, 0.74000, 0.00000, 4.88769, 24.62554, 0.00000, 1.00000, },
				{ -0.73999, -0.00387, -0.00000, 0.00000, 0.00387, -0.73999, -0.00000, 0.00000, -0.00000, -0.00000, 0.74000, 0.00000, 4.88769, 25.61554, 0.00000, 1.00000, },
				{ 0.73634, -0.07350, -0.00000, 0.00000, 0.07350, 0.73634, -0.00000, 0.00000, 0.00000, 0.00000, 0.74000, 0.00000, 2.28912, 30.95840, 0.00000, 1.00000, },
				{ -0.63761, 0.37558, 0.00000, 0.00000, -0.37558, -0.63761, -0.00000, 0.00000, 0.00000, -0.00000, 0.74000, 0.00000, 1.34912, 31.15840, 0.00000, 1.00000, },
				{ -0.00387, 0.73999, -0.00000, 0.00000, -0.73999, -0.00387, -0.00000, 0.00000, -0.00000, 0.00000, 0.74000, 0.00000, 0.44912, 30.93839, 0.00000, 1.00000, },
				{ -0.00387, 0.73999, -0.00000, 0.00000, -0.73999, -0.00387, -0.00000, 0.00000, -0.00000, 0.00000, 0.74000, 0.00000, 3.59912, 30.93839, 0.00000, 1.00000, },
				{ 0.73634, -0.07350, -0.00000, 0.00000, 0.07350, 0.73634, -0.00000, 0.00000, 0.00000, 0.00000, 0.74000, 0.00000, -0.81088, 30.95840, 0.00000, 1.00000, },
				{ -0.73918, 0.03486, 0.00000, 0.00000, -0.03486, -0.73918, 0.00000, 0.00000, 0.00000, 0.00000, 0.74000, 0.00000, -1.90088, 30.90840, 0.00000, 1.00000, },
				{ 0.72410, -0.15259, 0.00000, 0.00000, 0.15259, 0.72410, -0.00000, 0.00000, 0.00000, 0.00000, 0.74000, 0.00000, -4.14088, 30.93839, 0.00000, 1.00000, },
				{ -0.00387, 0.73999, -0.00000, 0.00000, -0.73999, -0.00387, -0.00000, 0.00000, -0.00000, 0.00000, 0.74000, 0.00000, -3.15088, 30.93839, 0.00000, 1.00000, },
				{ 0.73634, -0.07350, -0.00000, 0.00000, 0.07350, 0.73634, -0.00000, 0.00000, 0.00000, 0.00000, 0.74000, 0.00000, -6.11088, 24.60839, 0.00000, 1.00000, },
				{ -0.73918, 0.03486, 0.00000, 0.00000, -0.03486, -0.73918, 0.00000, 0.00000, 0.00000, 0.00000, 0.74000, 0.00000, -7.20088, 24.55840, 0.00000, 1.00000, },
				{ 0.72410, -0.15259, 0.00000, 0.00000, 0.15259, 0.72410, -0.00000, 0.00000, 0.00000, 0.00000, 0.74000, 0.00000, -9.44088, 24.58840, 0.00000, 1.00000, },
				{ -0.00387, 0.73999, -0.00000, 0.00000, -0.73999, -0.00387, -0.00000, 0.00000, -0.00000, 0.00000, 0.74000, 0.00000, -8.45088, 24.58840, 0.00000, 1.00000, },
				{ 0.73634, -0.07350, -0.00000, 0.00000, 0.07350, 0.73634, -0.00000, 0.00000, 0.00000, 0.00000, 0.74000, 0.00000, 9.53912, 24.60839, 0.00000, 1.00000, },
				{ -0.73918, 0.03486, 0.00000, 0.00000, -0.03486, -0.73918, 0.00000, 0.00000, 0.00000, 0.00000, 0.74000, 0.00000, 8.44912, 24.55840, 0.00000, 1.00000, },
				{ 0.72410, -0.15259, 0.00000, 0.00000, 0.15259, 0.72410, -0.00000, 0.00000, 0.00000, 0.00000, 0.74000, 0.00000, 6.20912, 24.58840, 0.00000, 1.00000, },
				{ -0.00387, 0.73999, -0.00000, 0.00000, -0.73999, -0.00387, -0.00000, 0.00000, -0.00000, 0.00000, 0.74000, 0.00000, 7.19912, 24.58840, 0.00000, 1.00000, },
			},
		},
	},
	["layout_1"] = {
		models = {
			["asset/commercial/all_eras/era_a_com_wall.mdl"] = {
				{ -1.00000, 0.00000, 0.00000, 0.00000, -0.00000, -1.00000, -0.00000, 0.00000, 0.00000, -0.00000, 1.00000, 0.00000, 10.20001, 14.79130, 0.00000, 1.00000, },
