local townbuildingutil = require "townbuildingutil"

--Model file: "building/era_a/com_1_4x4_03.mdl"

--Begin Generated
local generatedData = {
	["base"] = {
		models = {
			["building/era_a/com_1_4x4_03.mdl"] = {
				{ 1.00000, 0.00000, 0.00000, 0.00000, 0.00000, 1.00000, 0.00000, 0.00000, 0.00000, 0.00000, 1.00000, 0.00000, 0.72000, 3.00000, 0.00000, 1.00000, },
			},
		},
		curves = {
			["scaffold"] = {
				{ { 8.08539, 4.56301, 2.74081 }, { 8.08539, 4.56301, 2.74081 }, { 8.08539, 17.76303, 2.59415 }, { 8.08539, 17.76304, 2.59415 }, { 8.08539, 17.76304, 2.59415 }, { -7.95166, 17.76298, 2.59415 }, { -7.95166, 17.76298, 2.59415 }, { -7.95166, 17.76298, 2.59415 }, { -7.95166, 4.56301, 2.74081 }, { -7.95166, 4.56301, 2.74081 }, },
			},
			["shared/asphalt_02.gtex.lua;shared/dirt.gtex.lua"] = {
				{ { 16.00000, 0.00000, 0.00000 }, { 16.00000, 0.00000, 0.00000 }, { 16.00000, 11.25000, 0.00000 }, { 16.00000, 11.25000, 0.00000 }, { 16.00000, 11.25000, 0.00000 }, { 7.83508, 11.25000, 0.00000 }, { 7.83508, 11.25000, 0.00000 }, { 7.83508, 11.25000, 0.00000 }, { 7.83508, 17.51304, 0.00000 }, { 7.83508, 17.51304, 0.00000 }, { 7.83508, 17.51304, 0.00000 }, { -7.86475, 17.51298, 0.00000 }, { -7.86475, 17.51298, 0.00000 }, { -7.86475, 17.51297, 0.00000 }, { -7.86475, 6.10000, 0.00000 }, { -7.86475, 6.10000, 0.00000 }, { -7.86475, 6.10000, 0.00000 }, { -16.00000, 6.10000, 0.00000 }, { -16.00000, 6.10000, 0.00000 }, { -16.00000, 6.10000, 0.00000 }, { -16.00000, 0.00000, 0.00000 }, { -16.00000, 0.00000, 0.00000 }, },
			},
			["shared/grass_cutted_01.gtex.lua"] = {
				{ { -7.19000, 24.00000, 0.00000 }, { -7.19000, 24.00000, 0.00000 }, { -7.19000, 30.00000, 0.00000 }, { -7.19000, 30.00000, 0.00000 }, { -7.19000, 30.00000, 0.00000 }, { -13.70001, 30.00000, 0.00000 }, { -13.70001, 30.00000, 0.00000 }, { -13.70001, 29.99999, 0.00000 }, { -13.70001, 24.00000, 0.00000 }, { -13.70001, 24.00000, 0.00000 }, },
				{ { -7.86475, 5.99900, 0.00000 }, { -7.86475, 5.99900, 0.00000 }, { -7.86475, 13.50000, 0.00000 }, { -7.86475, 13.50000, 0.00000 }, { -7.86475, 13.50000, 0.00000 }, { -13.70001, 13.50000, 0.00000 }, { -13.70001, 13.50000, 0.00000 }, { -13.70001, 13.50000, 0.00000 }, { -13.70001, 30.00000, 0.00000 }, { -13.70001, 30.00000, 0.00000 }, { -13.70001, 30.00000, 0.00000 }, { -16.00000, 30.00000, 0.00000 }, { -16.00000, 30.00000, 0.00000 }, { -16.00000, 30.00000, 0.00000 }, { -16.00000, 6.10000, 0.00000 }, { -16.00000, 6.10000, 0.00000 }, },
				{ { 1.95001, 22.05000, 0.00000 }, { 1.95001, 22.05000, 0.00000 }, { 1.95001, 26.35000, 0.00000 }, { 1.95001, 26.35000, 0.00000 }, { 1.95001, 26.35000, 0.00000 }, { -2.15002, 26.35000, 0.00000 }, { -2.15002, 26.35000, 0.00000 }, { -2.15002, 26.35000, 0.00000 }, { -2.15002, 22.05000, 0.00000 }, { -2.15002, 22.05000, 0.00000 }, },
				{ { 7.83508, 11.25000, 0.00000 }, { 7.83508, 11.25000, 0.00000 }, { 16.00000, 11.25000, 0.00000 }, { 16.00000, 11.25000, 0.00000 }, { 16.00000, 11.25000, 0.00000 }, { 16.00000, 26.50000, 0.00000 }, { 16.00000, 26.50000, 0.00000 }, { 16.00000, 26.50000, 0.00000 }, { 8.50000, 26.50000, 0.00000 }, { 8.50000, 26.50000, 0.00000 }, { 8.50000, 26.50000, 0.00000 }, { 8.50000, 32.00000, 0.00000 }, { 8.50000, 32.00000, 0.00000 }, { 8.50000, 32.00000, 0.00000 }, { -16.00000, 32.00000, 0.00000 }, { -16.00000, 32.00000, 0.00000 }, { -16.00000, 32.00000, 0.00000 }, { -16.00000, 30.00000, 0.00000 }, { -16.00000, 30.00000, 0.00000 }, { -16.00000, 30.00000, 0.00000 }, { 6.75995, 30.00000, 0.00000 }, { 6.75995, 30.00000, 0.00000 }, { 6.75995, 30.00000, 0.00000 }, { 6.75995, 24.60000, 0.00000 }, { 6.75995, 24.60000, 0.00000 }, { 6.75995, 24.60000, 0.00000 }, { 13.73999, 24.60000, 0.00000 }, { 13.73999, 24.60000, 0.00000 }, { 13.73999, 24.60000, 0.00000 }, { 13.73999, 13.39000, 0.00000 }, { 13.73999, 13.39000, 0.00000 }, { 13.73999, 13.39000, 0.00000 }, { 7.83508, 13.39000, 0.00000 }, { 7.83508, 13.39000, 0.00000 }, },
			},
			["shared/gravel_02.gtex.lua"] = {
				{ { 1.95001, 17.51304, 0.00000 }, { 1.95001, 17.51304, 0.00000 }, { 1.95001, 22.05000, 0.00000 }, { 1.95001, 22.05000, 0.00000 }, { 1.95001, 22.05000, 0.00000 }, { -2.15002, 22.05000, 0.00000 }, { -2.15002, 22.05000, 0.00000 }, { -2.15002, 22.05000, 0.00000 }, { -2.15002, 26.35000, 0.00000 }, { -2.15002, 26.35000, 0.00000 }, { -2.15002, 26.35000, 0.00000 }, { -7.19000, 26.35000, 0.00000 }, { -7.19000, 26.35000, 0.00000 }, { -7.19000, 26.35000, 0.00000 }, { -7.19000, 24.00000, 0.00000 }, { -7.19000, 24.00000, 0.00000 }, { -7.19000, 24.00000, 0.00000 }, { -13.70001, 24.00000, 0.00000 }, { -13.70001, 24.00000, 0.00000 }, { -13.70001, 24.00000, 0.00000 }, { -13.70001, 13.50000, 0.00000 }, { -13.70001, 13.50000, 0.00000 }, { -13.70001, 13.50000, 0.00000 }, { -7.86475, 13.50000, 0.00000 }, { -7.86475, 13.50000, 0.00000 }, { -7.86475, 13.50000, 0.00000 }, { -7.86475, 17.51298, 0.00000 }, { -7.86475, 17.51298, 0.00000 }, },
				{ { 13.73999, 13.39000, 0.00000 }, { 13.73999, 13.39000, 0.00000 }, { 13.73999, 24.60000, 0.00000 }, { 13.73999, 24.60000, 0.00000 }, { 13.73999, 24.60000, 0.00000 }, { 6.75995, 24.60000, 0.00000 }, { 6.75995, 24.60000, 0.00000 }, { 6.75995, 24.60000, 0.00000 }, { 6.75995, 30.00000, 0.00000 }, { 6.75995, 30.00000, 0.00000 }, { 6.75995, 30.00000, 0.00000 }, { -7.19000, 30.00000, 0.00000 }, { -7.19000, 30.00000, 0.00000 }, { -7.19000, 30.00000, 0.00000 }, { -7.19000, 26.35000, 0.00000 }, { -7.19000, 26.35000, 0.00000 }, { -7.19000, 26.35000, 0.00000 }, { 1.95001, 26.35000, 0.00000 }, { 1.95001, 26.35000, 0.00000 }, { 1.95001, 26.35000, 0.00000 }, { 1.95001, 17.51304, 0.00000 }, { 1.95001, 17.51304, 0.00000 }, { 1.95001, 17.51304, 0.00000 }, { 7.83508, 17.51304, 0.00000 }, { 7.83508, 17.51304, 0.00000 }, { 7.83508, 17.51304, 0.00000 }, { 7.83508, 13.39000, 0.00000 }, { 7.83508, 13.39000, 0.00000 }, },
			},
			["shared/gravel_03.gtex.lua;shared/dirt.gtex.lua"] = {
				{ { 16.00000, 27.00000, 0.00000 }, { 16.00000, 27.00000, 0.00000 }, { 16.00000, 32.00000, 0.00000 }, { 16.00000, 32.00000, 0.00000 }, { 16.00000, 32.00000, 0.00000 }, { 8.50000, 32.00000, 0.00000 }, { 8.50000, 32.00000, 0.00000 }, { 8.50000, 32.00000, 0.00000 }, { 8.50000, 26.50000, 0.00000 }, { 8.50000, 26.50000, 0.00000 }, },
			},
		},
	},
	["layout_1"] = {
		models = {
			["asset/commercial/all_eras/era_a_com_wall.mdl"] = {
				{ -1.00000, 0.00000, 0.00000, 0.00000, -0.00000, -1.00000, -0.00000, 0.00000, 0.00000, -0.00000, 1.00000, 0.00000, -8.20000, 6.15000, 0.00000, 1.00000, },
				{ -1.00000, 0.00000, 0.00000, 0.00000, -0.00000, -1.00000, -0.00000, 0.00000, 0.00000, -0.00000, 1.00000, 0.00000, 11.20000, 11.35000, 0.00000, 1.00000, },
				{ -1.00000, 0.00000, 0.00000, 0.00000, -0.00000, -1.00000, -0.00000, 0.00000, 0.00000, -0.00000, 1.00000, 0.00000, 14.20000, 11.35000, 0.00000, 1.00000, },
				{ -1.00000, 0.00000, 0.00000, 0.00000, -0.00000, -1.00000, -0.00000, 0.00000, 0.00000, -0.00000, 1.00000, 0.00000, -11.20000, 6.15000, 0.00000, 1.00000, },
				{ -1.00000, 0.00000, 0.00000, 0.00000, -0.00000, -1.00000, -0.00000, 0.00000, 0.00000, -0.00000, 1.00000, 0.00000, -14.20000, 6.15000, 0.00000, 1.00000, },
				{ -1.00000, 0.00000, 0.00000, 0.00000, -0.00000, -1.00000, -0.00000, 0.00000, 0.00000, -0.00000, 1.00000, 0.00000, 8.20000, 11.35000, 0.00000, 1.00000, },
				{ 1.00000, -0.00000, 0.00000, 0.00000, 0.00000, 1.00000, -0.00000, 0.00000, -0.00000, 0.00000, 1.00000, 0.00000, -14.50001, 31.85000, 0.00000, 1.00000, },
				{ 1.00000, -0.00000, 0.00000, 0.00000, 0.00000, 1.00000, -0.00000, 0.00000, -0.00000, 0.00000, 1.00000, 0.00000, -11.50001, 31.85000, 0.00000, 1.00000, },
				{ 1.00000, -0.00000, 0.00000, 0.00000, 0.00000, 1.00000, -0.00000, 0.00000, -0.00000, 0.00000, 1.00000, 0.00000, 10.20999, 26.84900, 0.00000, 1.00000, },
				{ 1.33000, -0.00000, 0.00000, 0.00000, 0.00000, 1.00000, -0.00000, 0.00000, -0.00000, 0.00000, 1.00000, 0.00000, 13.70999, 26.84900, 0.00000, 1.00000, },
				{ 0.00000, 1.00000, 0.00000, 0.00000, -1.00000, 0.00000, -0.00000, 0.00000, -0.00000, -0.00000, 1.00000, 0.00000, -15.85000, 13.49900, 0.00000, 1.00000, },
				{ 0.00000, 1.26367, 0.00000, 0.00000, -1.00000, 0.00000, -0.00000, 0.00000, -0.00000, -0.00000, 1.00000, 0.00000, 15.84999, 13.09900, 0.00000, 1.00000, },
				{ 0.00000, 1.00000, 0.00000, 0.00000, -1.00000, 0.00000, -0.00000, 0.00000, -0.00000, -0.00000, 1.00000, 0.00000, -15.85000, 16.49900, 0.00000, 1.00000, },
				{ 0.00000, 1.00000, 0.00000, 0.00000, -1.00000, 0.00000, -0.00000, 0.00000, -0.00000, -0.00000, 1.00000, 0.00000, 15.84999, 16.49900, 0.00000, 1.00000, },
				{ 0.00000, 1.00000, 0.00000, 0.00000, -1.00000, 0.00000, -0.00000, 0.00000, -0.00000, -0.00000, 1.00000, 0.00000, -15.85000, 19.49900, 0.00000, 1.00000, },
				{ 0.00000, 1.00000, 0.00000, 0.00000, -1.00000, 0.00000, -0.00000, 0.00000, -0.00000, -0.00000, 1.00000, 0.00000, 15.84999, 19.49900, 0.00000, 1.00000, },
				{ 0.00000, 1.00000, 0.00000, 0.00000, -1.00000, 0.00000, -0.00000, 0.00000, -0.00000, -0.00000, 1.00000, 0.00000, -15.85000, 7.49900, 0.00000, 1.00000, },
				{ 0.00000, 1.00000, 0.00000, 0.00000, -1.00000, 0.00000, -0.00000, 0.00000, -0.00000, -0.00000, 1.00000, 0.00000, -15.85000, 22.49900, 0.00000, 1.00000, },
				{ 0.00000, 1.00000, 0.00000, 0.00000, -1.00000, 0.00000, -0.00000, 0.00000, -0.00000, -0.00000, 1.00000, 0.00000, 15.84999, 22.49900, 0.00000, 1.00000, },
				{ 0.00000, 1.00000, 0.00000, 0.00000, -1.00000, 0.00000, -0.00000, 0.00000, -0.00000, -0.00000, 1.00000, 0.00000, 15.84999, 25.49900, 0.00000, 1.00000, },
				{ 0.00000, 1.00000, 0.00000, 0.00000, -1.00000, 0.00000, -0.00000, 0.00000, -0.00000, -0.00000, 1.00000, 0.00000, -15.85000, 25.49900, 0.00000, 1.00000, },
				{ 0.00000, 1.00000, 0.00000, 0.00000, -1.00000, 0.00000, -0.00000, 0.00000, -0.00000, -0.00000, 1.00000, 0.00000, -15.85000, 28.49900, 0.00000, 1.00000, },
				{ 0.00000, 0.56800, 0.00000, 0.00000, -1.00000, 0.00000, -0.00000, 0.00000, -0.00000, -0.00000, 1.00000, 0.00000, -15.85000, 30.84900, 0.00000, 1.00000, },
				{ 0.00000, 1.00000, 0.00000, 0.00000, -1.00000, 0.00000, -0.00000, 0.00000, -0.00000, -0.00000, 1.00000, 0.00000, 8.85999, 28.49900, 0.00000, 1.00000, },
				{ 0.00000, 1.00000, 0.00000, 0.00000, -1.00000, 0.00000, -0.00000, 0.00000, -0.00000, -0.00000, 1.00000, 0.00000, -15.85000, 10.49900, 0.00000, 1.00000, },
				{ 1.00000, -0.00000, 0.00000, 0.00000, 0.00000, 1.00000, -0.00000, 0.00000, -0.00000, 0.00000, 1.00000, 0.00000, -8.50000, 31.85000, 0.00000, 1.00000, },
				{ 1.00000, -0.00000, 0.00000, 0.00000, 0.00000, 1.00000, -0.00000, 0.00000, -0.00000, 0.00000, 1.00000, 0.00000, -5.50000, 31.85000, 0.00000, 1.00000, },
				{ 1.00000, -0.00000, 0.00000, 0.00000, 0.00000, 1.00000, -0.00000, 0.00000, -0.00000, 0.00000, 1.00000, 0.00000, -2.50000, 31.85000, 0.00000, 1.00000, },
				{ 1.00000, -0.00000, 0.00000, 0.00000, 0.00000, 1.00000, -0.00000, 0.00000, -0.00000, 0.00000, 1.00000, 0.00000, 0.50000, 31.85000, 0.00000, 1.00000, },
				{ 1.00000, -0.00000, 0.00000, 0.00000, 0.00000, 1.00000, -0.00000, 0.00000, -0.00000, 0.00000, 1.00000, 0.00000, 3.50000, 31.85000, 0.00000, 1.00000, },
				{ 1.00000, -0.00000, 0.00000, 0.00000, 0.00000, 1.00000, -0.00000, 0.00000, -0.00000, 0.00000, 1.00000, 0.00000, 6.50000, 31.85000, 0.00000, 1.00000, },
				{ 1.00000, -0.00000, 0.00000, 0.00000, 0.00000, 1.00000, -0.00000, 0.00000, -0.00000, 0.00000, 1.00000, 0.00000, 9.50000, 31.85000, 0.00000, 1.00000, },
				{ -0.00000, -0.75000, 0.00000, 0.00000, 1.00000, -0.00000, -0.00000, 0.00000, 0.00000, -0.00000, 1.00000, 0.00000, 1.64900, 1.12500, -0.00000, 1.00000, align = { 0.00000, 1.14900 }, },
				{ 1.00000, -0.00000, 0.00000, 0.00000, 0.00000, 1.00000, -0.00000, 0.00000, 0.00000, 0.00000, 1.00000, 0.00000, -0.00100, 2.10000, 0.00000, 1.00000, align = { 0.00000, 1.14900 }, },
				{ -0.00000, -0.75000, 0.00000, 0.00000, 1.00000, -0.00000, -0.00000, 0.00000, 0.00000, -0.00000, 1.00000, 0.00000, -1.65100, 1.12500, 0.00000, 1.00000, align = { 0.00000, 1.14900 }, },
				{ 1.00000, -0.00000, 0.00000, 0.00000, 0.00000, 1.00000, -0.00000, 0.00000, 0.00000, 0.00000, 1.00000, 0.00000, -0.00100, 0.15000, -0.00000, 1.00000, align = { 0.00000, 1.14900 }, },
				{ -0.00000, -0.75000, -0.00000, 0.00000, 1.00000, -0.00000, -0.00000, 0.00000, 0.00000, -0.00000, 1.00000, 0.00000, 15.84900, 1.12500, 0.00000, 1.00000, align = { 11.20000, 1.14900 }, },
				{ 1.00000, -0.00000, -0.00000, 0.00000, 0.00000, 1.00000, 0.00000, 0.00000, 0.00000, -0.00000, 1.00000, 0.00000, 11.19900, 2.10000, -0.00000, 1.00000, align = { 11.20000, 1.14900 }, },
				{ 1.00000, -0.00000, -0.00000, 0.00000, 0.00000, 1.00000, 0.00000, 0.00000, 0.00000, -0.00000, 1.00000, 0.00000, 14.19900, 2.10000, 0.00000, 1.00000, align = { 11.20000, 1.14900 }, },
				{ -0.00000, -0.75000, -0.00000, 0.00000, 1.00000, -0.00000, -0.00000, 0.00000, 0.00000, -0.00000, 1.00000, 0.00000, 9.54900, 1.12500, 0.00000, 1.00000, align = { 11.20000, 1.14900 }, },
				{ 1.00000, -0.00000, -0.00000, 0.00000, 0.00000, 1.00000, 0.00000, 0.00000, 0.00000, -0.00000, 1.00000, 0.00000, 11.19900, 0.15000, 0.00000, 1.00000, align = { 11.20000, 1.14900 }, },
				{ 1.00000, -0.00000, -0.00000, 0.00000, 0.00000, 1.00000, 0.00000, 0.00000, 0.00000, -0.00000, 1.00000, 0.00000, 14.19900, 0.15000, 0.00000, 1.00000, align = { 11.20000, 1.14900 }, },
				{ -0.00000, -0.75000, -0.00000, 0.00000, 1.00000, -0.00000, -0.00000, 0.00000, 0.00000, -0.00000, 1.00000, 0.00000, -9.55000, 1.12500, 0.00000, 1.00000, align = { -14.19900, 1.14900 }, },
				{ 1.00000, -0.00000, -0.00000, 0.00000, 0.00000, 1.00000, 0.00000, 0.00000, 0.00000, -0.00000, 1.00000, 0.00000, -14.20000, 2.10000, -0.00000, 1.00000, align = { -14.19900, 1.14900 }, },
				{ 1.00000, -0.00000, -0.00000, 0.00000, 0.00000, 1.00000, 0.00000, 0.00000, 0.00000, -0.00000, 1.00000, 0.00000, -11.20000, 2.10000, 0.00000, 1.00000, align = { -14.19900, 1.14900 }, },
				{ -0.00000, -0.75000, -0.00000, 0.00000, 1.00000, -0.00000, -0.00000, 0.00000, 0.00000, -0.00000, 1.00000, 0.00000, -15.85000, 1.12500, 0.00000, 1.00000, align = { -14.19900, 1.14900 }, },
				{ 1.00000, -0.00000, -0.00000, 0.00000, 0.00000, 1.00000, 0.00000, 0.00000, 0.00000, -0.00000, 1.00000, 0.00000, -14.20000, 0.15000, 0.00000, 1.00000, align = { -14.19900, 1.14900 }, },
				{ 1.00000, -0.00000, -0.00000, 0.00000, 0.00000, 1.00000, 0.00000, 0.00000, 0.00000, -0.00000, 1.00000, 0.00000, -11.20000, 0.15000, 0.00000, 1.00000, align = { -14.19900, 1.14900 }, },
			},
			["station/rail/asset/era_a_street_pillar.mdl"] = {
				{ 1.00000, 0.00000, 0.00000, 0.00000, -0.00000, 1.00000, -0.00000, 0.00000, 0.00000, 0.00000, 1.00000, 0.00000, -7.60001, 0.26000, -0.00000, 1.00000, },
				{ 1.00000, 0.00000, 0.00000, 0.00000, -0.00000, 1.00000, -0.00000, 0.00000, 0.00000, 0.00000, 1.00000, 0.00000, -5.60001, 0.26000, -0.00000, 1.00000, },
				{ 1.00000, 0.00000, 0.00000, 0.00000, -0.00000, 1.00000, -0.00000, 0.00000, 0.00000, 0.00000, 1.00000, 0.00000, -3.60001, 0.26000, -0.00000, 1.00000, },
				{ 1.00000, 0.00000, 0.00000, 0.00000, -0.00000, 1.00000, -0.00000, 0.00000, 0.00000, 0.00000, 1.00000, 0.00000, 3.47999, 0.26000, -0.00000, 1.00000, },
				{ 1.00000, 0.00000, 0.00000, 0.00000, -0.00000, 1.00000, -0.00000, 0.00000, 0.00000, 0.00000, 1.00000, 0.00000, 5.47999, 0.26000, -0.00000, 1.00000, },
				{ 1.00000, 0.00000, 0.00000, 0.00000, -0.00000, 1.00000, -0.00000, 0.00000, 0.00000, 0.00000, 1.00000, 0.00000, 7.47999, 0.26000, -0.00000, 1.00000, },
			},
			["street/street_asset_mix/mailbox_eu_a.mdl"] = {
				{ -0.99961, -0.02792, 0.00000, 0.00000, 0.02792, -0.99961, 0.00000, 0.00000, 0.00000, 0.00000, 1.00000, 0.00000, 5.60000, 5.38000, 0.00000, 1.00000, },
			},
			["street/street_asset_mix/trash_standing_a.mdl"] = {
				{ 1.00000, 0.00000, 0.00000, 0.00000, 0.00000, 1.00000, 0.00000, 0.00000, 0.00000, 0.00000, 1.00000, 0.00000, -9.22000, 5.33000, 0.00000, 1.00000, },
				{ 1.00000, 0.00000, 0.00000, 0.00000, 0.00000, 1.00000, 0.00000, 0.00000, 0.00000, 0.00000, 1.00000, 0.00000, 11.44000, 10.75000, 0.00000, 1.00000, },
			},
			["street/street_light_eu_a.mdl"] = {
				{ 1.00000, 0.00000, 0.00000, 0.00000, 0.00000, 1.00000, 0.00000, 0.00000, 0.00000, 0.00000, 1.00000, 0.00000, -4.51482, 3.10000, 0.00000, 1.00000, },
				{ 1.00000, 0.00000, 0.00000, 0.00000, 0.00000, 1.00000, 0.00000, 0.00000, 0.00000, 0.00000, 1.00000, 0.00000, 4.48519, 3.10000, 0.00000, 1.00000, },
				{ 1.00000, 0.00000, 0.00000, 0.00000, 0.00000, 1.00000, 0.00000, 0.00000, 0.00000, 0.00000, 1.00000, 0.00000, 9.29000, 8.16302, 0.00000, 1.00000, },
			},
		},
		groups = {
			["era_a_com_1_asset_food_box_m.grp"] = {
				{ 0.99731, 0.07324, 0.00000, 0.00000, -0.07324, 0.99731, 0.00000, 0.00000, 0.00000, 0.00000, 1.00000, 0.00000, 10.84000, 28.17000, 0.00000, 1.00000, },
				{ 0.97887, -0.20450, 0.00000, 0.00000, 0.20450, 0.97887, 0.00000, 0.00000, 0.00000, 0.00000, 1.00000, 0.00000, 10.92500, 27.39500, 0.00000, 1.00000, },
			},
			["era_a_com_1_asset_ground_chair.grp"] = {
				{ 0.99396, 0.10973, 0.00000, 0.00000, -0.10973, 0.99396, 0.00000, 0.00000, 0.00000, 0.00000, 1.00000, 0.00000, 10.84264, 23.06892, 0.00000, 1.00000, seed = 256, },
				{ 0.98685, -0.16161, 0.00000, 0.00000, 0.16161, 0.98685, 0.00000, 0.00000, 0.00000, 0.00000, 1.00000, 0.00000, 11.88264, 23.07073, 0.00000, 1.00000, seed = 256, },
				{ -0.99145, -0.13052, -0.00000, 0.00000, 0.13052, -0.99145, 0.00000, 0.00000, -0.00000, 0.00000, 1.00000, 0.00000, 11.88533, 21.52073, 0.00000, 1.00000, seed = 256, },
				{ -0.99572, 0.09238, -0.00000, 0.00000, -0.09238, -0.99572, 0.00000, 0.00000, -0.00000, 0.00000, 1.00000, 0.00000, 10.84537, 21.49893, 0.00000, 1.00000, seed = 256, },
				{ 0.97671, 0.21456, 0.00000, 0.00000, -0.21456, 0.97671, 0.00000, 0.00000, 0.00000, 0.00000, 1.00000, 0.00000, 10.76116, 19.80274, 0.00000, 1.00000, seed = 256, },
				{ 0.99843, -0.05600, 0.00000, 0.00000, 0.05600, 0.99843, 0.00000, 0.00000, 0.00000, 0.00000, 1.00000, 0.00000, 11.79510, 19.91487, 0.00000, 1.00000, seed = 256, },
				{ -0.97200, -0.23496, -0.00000, 0.00000, 0.23496, -0.97200, 0.00000, 0.00000, -0.00000, 0.00000, 1.00000, 0.00000, 11.96222, 18.37391, 0.00000, 1.00000, seed = 256, },
				{ -0.99991, -0.01378, -0.00000, 0.00000, 0.01378, -0.99991, 0.00000, 0.00000, -0.00000, 0.00000, 1.00000, 0.00000, 10.93044, 18.24189, 0.00000, 1.00000, seed = 256, },
				{ 0.92992, 0.36777, 0.00000, 0.00000, -0.36777, 0.92992, 0.00000, 0.00000, 0.00000, 0.00000, 1.00000, 0.00000, 11.08409, 16.50556, 0.00000, 1.00000, seed = 256, },
				{ 0.99585, -0.09102, 0.00000, 0.00000, 0.09102, 0.99585, 0.00000, 0.00000, 0.00000, 0.00000, 1.00000, 0.00000, 12.12133, 16.58132, 0.00000, 1.00000, seed = 256, },
				{ -0.97965, -0.20070, -0.00000, 0.00000, 0.20070, -0.97965, 0.00000, 0.00000, -0.00000, 0.00000, 1.00000, 0.00000, 12.23425, 15.03544, 0.00000, 1.00000, seed = 256, },
				{ -0.99977, 0.02133, -0.00000, 0.00000, -0.02133, -0.99977, 0.00000, 0.00000, -0.00000, 0.00000, 1.00000, 0.00000, 11.19847, 14.93973, 0.00000, 1.00000, seed = 256, },
				{ 0.96057, 0.27802, 0.00000, 0.00000, -0.27802, 0.96057, 0.00000, 0.00000, 0.00000, 0.00000, 1.00000, 0.00000, 6.98562, 21.58247, 0.00000, 1.00000, seed = 256, },
				{ 0.98275, -0.18494, 0.00000, 0.00000, 0.18494, 0.98275, 0.00000, 0.00000, 0.00000, 0.00000, 1.00000, 0.00000, 8.02537, 21.55965, 0.00000, 1.00000, seed = 256, },
				{ -0.99426, -0.10700, -0.00000, 0.00000, 0.10700, -0.99426, 0.00000, 0.00000, -0.00000, 0.00000, 1.00000, 0.00000, 7.99135, 20.01002, 0.00000, 1.00000, seed = 256, },
				{ -0.99326, 0.11594, -0.00000, 0.00000, -0.11594, -0.99326, 0.00000, 0.00000, -0.00000, 0.00000, 1.00000, 0.00000, 6.95116, 20.01285, 0.00000, 1.00000, seed = 256, },
			},
			["era_a_com_1_asset_ground_sunshade.grp"] = {
				{ 0.44931, -0.89338, 0.00000, 0.00000, 0.89338, 0.44931, 0.00000, 0.00000, 0.00000, 0.00000, 1.00000, 0.00000, 11.42406, 22.25496, 0.00000, 1.00000, seed = 256, },
				{ 0.54155, -0.84067, 0.00000, 0.00000, 0.84067, 0.54155, 0.00000, 0.00000, 0.00000, 0.00000, 1.00000, 0.00000, 11.42565, 19.05506, 0.00000, 1.00000, seed = 256, },
				{ 0.04226, 0.99911, 0.00000, 0.00000, -0.99911, 0.04226, 0.00000, 0.00000, 0.00000, 0.00000, 1.00000, 0.00000, 11.73285, 15.58541, 0.00000, 1.00000, seed = 256, },
				{ 0.48393, -0.87511, 0.00000, 0.00000, 0.87511, 0.48393, 0.00000, 0.00000, 0.00000, 0.00000, 1.00000, 0.00000, 7.54760, 20.75497, 0.00000, 1.00000, seed = 256, },
			},
			["era_a_com_1_asset_ground_table.grp"] = {
				{ 1.00000, 0.00174, 0.00000, 0.00000, -0.00174, 1.00000, 0.00000, 0.00000, 0.00000, 0.00000, 1.00000, 0.00000, 11.42403, 22.27000, 0.00000, 1.00000, seed = 256, },
				{ 0.99417, 0.10782, 0.00000, 0.00000, -0.10782, 0.99417, 0.00000, 0.00000, 0.00000, 0.00000, 1.00000, 0.00000, 11.42403, 19.07000, 0.00000, 1.00000, seed = 256, },
				{ 0.99734, 0.07285, 0.00000, 0.00000, -0.07285, 0.99734, 0.00000, 0.00000, 0.00000, 0.00000, 1.00000, 0.00000, 11.72083, 15.75000, 0.00000, 1.00000, seed = 256, },
				{ 0.99976, -0.02195, 0.00000, 0.00000, 0.02195, 0.99976, 0.00000, 0.00000, 0.00000, 0.00000, 1.00000, 0.00000, 7.54793, 20.77000, 0.00000, 1.00000, seed = 256, },
			},
			["era_a_com_1_asset_hotel_sign_01.grp"] = {
				{ 0.82500, 0.00000, 0.00000, 0.00000, 0.00000, 0.82500, 0.00000, 0.00000, 0.00000, 0.00000, 0.82500, 0.00000, -0.01481, 4.97117, 3.37000, 1.00000, align = { 0.72000, 3.00000 }, seed = 123, },
			},
			["era_a_com_2_asset_hotel_door_awning_level_1.grp"] = {
				{ 0.80098, 0.00000, 0.00000, 0.00000, 0.00000, 0.80500, 0.00000, 0.00000, 0.00000, 0.00000, 0.80500, 0.00000, 2.98500, 4.96099, 2.45500, 1.00000, align = { 0.72000, 3.00000 }, seed = 123, },
				{ -0.80098, 0.00000, 0.00000, 0.00000, -0.00000, -0.80500, 0.00000, 0.00000, 0.00000, 0.00000, 0.80500, 0.00000, 2.98500, 17.36599, 2.45500, 1.00000, align = { 0.72000, 3.00000 }, seed = 123, },
				{ 0.80098, 0.00000, 0.00000, 0.00000, 0.00000, 0.80500, 0.00000, 0.00000, 0.00000, 0.00000, 0.80500, 0.00000, -3.01500, 4.96099, 2.45500, 1.00000, align = { 0.72000, 3.00000 }, seed = 123, },
				{ -0.80098, 0.00000, 0.00000, 0.00000, -0.00000, -0.80500, 0.00000, 0.00000, 0.00000, 0.00000, 0.80500, 0.00000, -3.01500, 17.36599, 2.45500, 1.00000, align = { 0.72000, 3.00000 }, seed = 123, },
				{ 0.80098, 0.00000, 0.00000, 0.00000, 0.00000, 0.80500, 0.00000, 0.00000, 0.00000, 0.00000, 0.80500, 0.00000, -6.01500, 4.96099, 2.45500, 1.00000, align = { 0.72000, 3.00000 }, seed = 123, },
				{ -0.80098, 0.00000, 0.00000, 0.00000, -0.00000, -0.80500, 0.00000, 0.00000, 0.00000, 0.00000, 0.80500, 0.00000, -6.01500, 17.36599, 2.45500, 1.00000, align = { 0.72000, 3.00000 }, seed = 123, },
				{ 0.80098, 0.00000, 0.00000, 0.00000, 0.00000, 0.80500, 0.00000, 0.00000, 0.00000, 0.00000, 0.80500, 0.00000, 5.99000, 4.96099, 2.45500, 1.00000, align = { 0.72000, 3.00000 }, seed = 123, },
				{ -0.80098, 0.00000, 0.00000, 0.00000, -0.00000, -0.80500, 0.00000, 0.00000, 0.00000, 0.00000, 0.80500, 0.00000, 5.99000, 17.36599, 2.45500, 1.00000, align = { 0.72000, 3.00000 }, seed = 123, },
				{ -0.00000, 0.80098, 0.00000, 0.00000, -0.80500, -0.00000, 0.00000, 0.00000, 0.00000, 0.00000, 0.80500, 0.00000, 7.68500, 6.66399, 2.45500, 1.00000, align = { 0.72000, 3.00000 }, seed = 123, },
				{ -0.00000, 0.80098, 0.00000, 0.00000, -0.80500, -0.00000, 0.00000, 0.00000, 0.00000, 0.00000, 0.80500, 0.00000, 7.68500, 9.66299, 2.45500, 1.00000, align = { 0.72000, 3.00000 }, seed = 123, },
			},
			["era_a_com_2_asset_hotel_wall_sign_01.grp"] = {
				{ 0.70000, 0.00000, 0.00000, 0.00000, 0.00000, 0.70000, 0.00000, 0.00000, 0.00000, 0.00000, 0.70000, 0.00000, -7.11000, 4.88271, 4.19000, 1.00000, align = { 0.72000, 3.00000 }, seed = 123, },
			},
			["era_a_container.grp"] = {
				{ -0.00000, 1.00000, 0.00000, 0.00000, -1.00000, -0.00000, 0.00000, 0.00000, 0.00000, 0.00000, 1.00000, 0.00000, 9.71500, 28.17500, 0.00000, 1.00000, },
				{ -1.00000, -0.00000, 0.00000, 0.00000, 0.00000, -1.00000, 0.00000, 0.00000, 0.00000, 0.00000, 1.00000, 0.00000, 14.31500, 27.65500, 0.00000, 1.00000, },
				{ -0.05582, 0.99844, -0.00000, 0.00000, -0.99844, -0.05582, 0.00000, 0.00000, -0.00000, 0.00000, 1.00000, 0.00000, 9.81500, 30.70252, 0.00000, 1.00000, },
			},
			["era_a_garden_bench.grp"] = {
				{ 0.99998, -0.00698, 0.00000, 0.00000, 0.00698, 0.99998, 0.00000, 0.00000, -0.00000, -0.00000, 1.00000, 0.00000, -10.97000, 5.33000, 0.00000, 1.00000, seed = 123, },
				{ -0.99999, 0.00349, -0.00000, 0.00000, -0.00349, -0.99999, 0.00000, 0.00000, -0.00000, 0.00000, 1.00000, 0.00000, 9.66000, 10.77000, 0.00000, 1.00000, seed = 123, },
				{ -0.99998, -0.00698, -0.00000, 0.00000, 0.00698, -0.99998, 0.00000, 0.00000, -0.00000, 0.00000, 1.00000, 0.00000, 13.16000, 10.77000, 0.00000, 1.00000, seed = 123, },
			},
			["era_a_garden_chair.grp"] = {
				{ -0.08368, 0.99649, 0.00000, 0.00000, -0.99649, -0.08368, 0.00000, 0.00000, 0.00000, 0.00000, 1.00000, 0.00000, -12.61000, 19.04000, 0.00000, 1.00000, seed = 22, },
				{ 1.00000, 0.00000, 0.00000, 0.00000, 0.00000, 1.00000, 0.00000, 0.00000, 0.00000, 0.00000, 1.00000, 0.00000, -11.86000, 19.82000, 0.00000, 1.00000, seed = 22, },
				{ -0.98978, -0.14263, 0.00000, 0.00000, 0.14263, -0.98978, 0.00000, 0.00000, 0.00000, 0.00000, 1.00000, 0.00000, -11.84000, 18.42000, 0.00000, 1.00000, seed = 22, },
				{ -0.01745, -0.99985, 0.00000, 0.00000, 0.99985, -0.01745, 0.00000, 0.00000, 0.00000, 0.00000, 1.00000, 0.00000, -11.16000, 19.06000, 0.00000, 1.00000, seed = 22, },
				{ -0.08368, 0.99649, 0.00000, 0.00000, -0.99649, -0.08368, 0.00000, 0.00000, 0.00000, 0.00000, 1.00000, 0.00000, -9.11000, 19.84000, 0.00000, 1.00000, seed = 22, },
				{ 1.00000, 0.00000, 0.00000, 0.00000, 0.00000, 1.00000, 0.00000, 0.00000, 0.00000, 0.00000, 1.00000, 0.00000, -8.36000, 20.62000, 0.00000, 1.00000, seed = 22, },
				{ -0.93232, 0.36162, 0.00000, 0.00000, -0.36162, -0.93232, 0.00000, 0.00000, 0.00000, 0.00000, 1.00000, 0.00000, -8.54000, 18.87000, 0.00000, 1.00000, seed = 22, },
				{ -0.01745, -0.99985, 0.00000, 0.00000, 0.99985, -0.01745, 0.00000, 0.00000, 0.00000, 0.00000, 1.00000, 0.00000, -7.66000, 19.86000, 0.00000, 1.00000, seed = 22, },
				{ 0.97815, 0.20791, 0.00000, 0.00000, -0.20791, 0.97815, 0.00000, 0.00000, 0.00000, 0.00000, 1.00000, 0.00000, -10.34227, 16.41665, 0.00000, 1.00000, seed = 22, },
				{ 0.12533, -0.99211, 0.00000, 0.00000, 0.99211, 0.12533, 0.00000, 0.00000, 0.00000, 0.00000, 1.00000, 0.00000, -9.47442, 15.77032, 0.00000, 1.00000, seed = 22, },
				{ -0.26556, 0.96410, 0.00000, 0.00000, -0.96410, -0.26556, 0.00000, 0.00000, 0.00000, 0.00000, 1.00000, 0.00000, -10.86088, 15.57501, 0.00000, 1.00000, seed = 22, },
				{ -0.99415, -0.10800, 0.00000, 0.00000, 0.10800, -0.99415, 0.00000, 0.00000, 0.00000, 0.00000, 1.00000, 0.00000, -10.14070, 14.98059, 0.00000, 1.00000, seed = 22, },
				{ 0.31565, 0.94888, 0.00000, 0.00000, -0.94888, 0.31565, 0.00000, 0.00000, 0.00000, 0.00000, 1.00000, 0.00000, -10.86380, 22.51637, 0.00000, 1.00000, seed = 22, },
				{ 0.91914, -0.39394, 0.00000, 0.00000, 0.39394, 0.91914, 0.00000, 0.00000, 0.00000, 0.00000, 1.00000, 0.00000, -9.86717, 22.93784, 0.00000, 1.00000, seed = 22, },
				{ -0.96593, 0.25882, 0.00000, 0.00000, -0.25882, -0.96593, 0.00000, 0.00000, 0.00000, 0.00000, 1.00000, 0.00000, -10.40031, 21.64317, 0.00000, 1.00000, seed = 22, },
				{ -0.40992, -0.91212, 0.00000, 0.00000, 0.91212, -0.40992, 0.00000, 0.00000, 0.00000, 0.00000, 1.00000, 0.00000, -9.52317, 21.96354, 0.00000, 1.00000, seed = 22, },
			},
			["garden_table_round.grp"] = {
				{ 1.00000, 0.00000, 0.00000, 0.00000, 0.00000, 1.00000, 0.00000, 0.00000, 0.00000, 0.00000, 1.00000, 0.00000, -11.87000, 19.10000, 0.00000, 1.00000, seed = 22, },
				{ 1.00000, 0.00000, 0.00000, 0.00000, 0.00000, 1.00000, 0.00000, 0.00000, 0.00000, 0.00000, 1.00000, 0.00000, -8.37000, 19.90000, 0.00000, 1.00000, seed = 22, },
				{ 0.12533, -0.99211, 0.00000, 0.00000, 0.99211, 0.12533, 0.00000, 0.00000, 0.00000, 0.00000, 1.00000, 0.00000, -10.19000, 15.69000, 0.00000, 1.00000, seed = 22, },
				{ 0.91914, -0.39394, 0.00000, 0.00000, 0.39394, 0.91914, 0.00000, 0.00000, 0.00000, 0.00000, 1.00000, 0.00000, -10.16000, 22.28000, 0.00000, 1.00000, seed = 22, },
			},
			["random_large_tree_town.grp"] = {
				{ 1.00000, 0.00000, 0.00000, 0.00000, 0.00000, 1.00000, 0.00000, 0.00000, 0.00000, 0.00000, 1.00000, 0.00000, -10.10000, 26.00000, 0.00000, 1.00000, },
				{ 0.36238, -0.73001, 0.00000, 0.00000, 0.73001, 0.36238, 0.00000, 0.00000, 0.00000, 0.00000, 0.81500, 0.00000, 5.62000, 29.42000, 0.00000, 1.00000, },
				{ -0.72597, -0.28524, 0.00000, 0.00000, 0.28524, -0.72597, 0.00000, 0.00000, 0.00000, 0.00000, 0.78000, 0.00000, -8.75000, 29.75000, 0.00000, 1.00000, },
			},
			["random_medium_tree_town.grp"] = {
				{ 1.00000, 0.00000, 0.00000, 0.00000, 0.00000, 1.00000, 0.00000, 0.00000, 0.00000, 0.00000, 1.00000, 0.00000, -13.00000, 28.15000, 0.00000, 1.00000, },
			},
			["random_shrub_town.grp"] = {
				{ 1.00000, 0.00000, 0.00000, 0.00000, 0.00000, 1.00000, 0.00000, 0.00000, 0.00000, 0.00000, 1.00000, 0.00000, -1.99000, 24.27000, 0.00000, 1.00000, },
				{ 1.00000, 0.00000, 0.00000, 0.00000, 0.00000, 1.00000, 0.00000, 0.00000, 0.00000, 0.00000, 1.00000, 0.00000, 1.94000, 23.29000, 0.00000, 1.00000, },
				{ 1.00000, 0.00000, 0.00000, 0.00000, 0.00000, 1.00000, 0.00000, 0.00000, 0.00000, 0.00000, 1.00000, 0.00000, -11.82000, 10.25000, 0.00000, 1.00000, },
				{ -0.63742, -0.77051, 0.00000, 0.00000, 0.77051, -0.63742, 0.00000, 0.00000, 0.00000, 0.00000, 1.00000, 0.00000, -10.07000, 10.90000, 0.00000, 1.00000, },
				{ 0.98294, -0.18395, 0.00000, 0.00000, 0.18395, 0.98294, 0.00000, 0.00000, 0.00000, 0.00000, 1.00000, 0.00000, -11.17000, 11.45000, 0.00000, 1.00000, },
				{ -0.45399, -0.89101, 0.00000, 0.00000, 0.89101, -0.45399, 0.00000, 0.00000, 0.00000, 0.00000, 1.00000, 0.00000, -1.24000, 25.64000, 0.00000, 1.00000, },
				{ 0.99556, 0.09411, 0.00000, 0.00000, -0.09411, 0.99556, 0.00000, 0.00000, 0.00000, 0.00000, 1.00000, 0.00000, 0.39000, 22.47000, 0.00000, 1.00000, },
				{ -0.69340, 0.72055, 0.00000, 0.00000, -0.72055, -0.69340, 0.00000, 0.00000, 0.00000, 0.00000, 1.00000, 0.00000, -1.30000, 22.58000, 0.00000, 1.00000, },
				{ 0.37137, -0.92849, 0.00000, 0.00000, 0.92849, 0.37137, 0.00000, 0.00000, 0.00000, 0.00000, 1.00000, 0.00000, 1.65000, 25.28000, 0.00000, 1.00000, },
				{ 0.37137, -0.92849, 0.00000, 0.00000, 0.92849, 0.37137, 0.00000, 0.00000, 0.00000, 0.00000, 1.00000, 0.00000, 0.22000, 26.01000, 0.00000, 1.00000, },
				{ -0.57411, -0.40050, 0.00000, 0.00000, 0.40050, -0.57411, 0.00000, 0.00000, 0.00000, 0.00000, 0.70000, 0.00000, -2.06000, 14.05000, 0.00000, 1.00000, },
				{ 0.40848, 0.56846, 0.00000, 0.00000, -0.56846, 0.40848, 0.00000, 0.00000, 0.00000, 0.00000, 0.70000, 0.00000, -3.52000, 14.05000, 0.00000, 1.00000, },
				{ -0.35528, -0.60314, 0.00000, 0.00000, 0.60314, -0.35528, 0.00000, 0.00000, 0.00000, 0.00000, 0.70000, 0.00000, -4.76000, 14.05000, 0.00000, 1.00000, },
				{ 0.63430, 0.38113, 0.00000, 0.00000, -0.38113, 0.63430, 0.00000, 0.00000, 0.00000, -0.00000, 0.74000, 0.00000, 0.56508, 0.91811, -0.00000, 1.00000, align = { 0.00000, 1.14900 }, },
				{ 0.71706, -0.18281, 0.00000, 0.00000, 0.18281, 0.71706, 0.00000, 0.00000, -0.00000, -0.00000, 0.74000, 0.00000, -0.79437, 1.11985, 0.00000, 1.00000, align = { 0.00000, 1.14900 }, },
				{ 0.63430, 0.38113, -0.00000, 0.00000, -0.38113, 0.63430, 0.00000, 0.00000, 0.00000, -0.00000, 0.74000, 0.00000, 11.76509, 0.91811, 0.00000, 1.00000, align = { 11.20000, 1.14900 }, },
				{ -0.73089, 0.11576, 0.00000, 0.00000, -0.11576, -0.73089, 0.00000, 0.00000, 0.00000, 0.00000, 0.74000, 0.00000, 14.80509, 1.07811, 0.00000, 1.00000, align = { 11.20000, 1.14900 }, },
				{ -0.71956, -0.17272, 0.00000, 0.00000, 0.17272, -0.71956, -0.00000, 0.00000, 0.00000, -0.00000, 0.74000, 0.00000, 10.40563, 1.11985, 0.00000, 1.00000, align = { 11.20000, 1.14900 }, },
				{ -0.41276, -0.61419, -0.00000, 0.00000, 0.61419, -0.41276, -0.00000, 0.00000, 0.00000, -0.00000, 0.74000, 0.00000, 13.44563, 1.11985, 0.00000, 1.00000, align = { 11.20000, 1.14900 }, },
				{ 0.63430, 0.38113, -0.00000, 0.00000, -0.38113, 0.63430, 0.00000, 0.00000, 0.00000, -0.00000, 0.74000, 0.00000, -13.63391, 0.91811, 0.00000, 1.00000, align = { -14.19900, 1.14900 }, },
				{ -0.73089, 0.11576, 0.00000, 0.00000, -0.11576, -0.73089, 0.00000, 0.00000, 0.00000, 0.00000, 0.74000, 0.00000, -10.59391, 1.07811, 0.00000, 1.00000, align = { -14.19900, 1.14900 }, },
				{ -0.71956, -0.17272, 0.00000, 0.00000, 0.17272, -0.71956, -0.00000, 0.00000, 0.00000, -0.00000, 0.74000, 0.00000, -14.99337, 1.11985, 0.00000, 1.00000, align = { -14.19900, 1.14900 }, },
				{ -0.41276, -0.61419, -0.00000, 0.00000, 0.61419, -0.41276, -0.00000, 0.00000, 0.00000, -0.00000, 0.74000, 0.00000, -11.95337, 1.11985, 0.00000, 1.00000, align = { -14.19900, 1.14900 }, },
			},
			["random_shrub_town_fence.grp"] = {
				{ 0.73634, -0.07350, 0.00000, 0.00000, 0.07350, 0.73634, -0.00000, 0.00000, -0.00000, 0.00000, 0.74000, 0.00000, -15.02000, 7.13438, 0.00000, 1.00000, },
				{ 0.73634, -0.07350, 0.00000, 0.00000, 0.07350, 0.73634, -0.00000, 0.00000, -0.00000, 0.00000, 0.74000, 0.00000, -14.09000, 7.13438, 0.00000, 1.00000, },
				{ -0.07350, -0.73634, -0.00000, 0.00000, 0.73634, -0.07350, -0.00000, 0.00000, -0.00000, -0.00000, 0.74000, 0.00000, 14.86750, 13.02188, 0.00000, 1.00000, },
				{ -0.07350, -0.73634, -0.00000, 0.00000, 0.73634, -0.07350, -0.00000, 0.00000, -0.00000, -0.00000, 0.74000, 0.00000, -14.83250, 12.72188, 0.00000, 1.00000, },
				{ -0.07350, -0.73634, -0.00000, 0.00000, 0.73634, -0.07350, -0.00000, 0.00000, -0.00000, -0.00000, 0.74000, 0.00000, 14.96750, 19.57188, 0.00000, 1.00000, },
				{ -0.07350, -0.73634, -0.00000, 0.00000, 0.73634, -0.07350, -0.00000, 0.00000, -0.00000, -0.00000, 0.74000, 0.00000, -14.83250, 19.27188, 0.00000, 1.00000, },
				{ -0.07350, -0.73634, -0.00000, 0.00000, 0.73634, -0.07350, -0.00000, 0.00000, -0.00000, -0.00000, 0.74000, 0.00000, -14.83250, 27.17188, 0.00000, 1.00000, },
				{ -0.07350, -0.73634, -0.00000, 0.00000, 0.73634, -0.07350, -0.00000, 0.00000, -0.00000, -0.00000, 0.74000, 0.00000, 14.86750, 26.17188, 0.00000, 1.00000, },
				{ -0.39841, -0.62360, -0.00000, 0.00000, 0.62360, -0.39841, -0.00000, 0.00000, -0.00000, -0.00000, 0.74000, 0.00000, 13.74750, 12.24188, 0.00000, 1.00000, },
				{ -0.39841, -0.62360, -0.00000, 0.00000, 0.62360, -0.39841, -0.00000, 0.00000, -0.00000, -0.00000, 0.74000, 0.00000, 6.21750, 30.78188, 0.00000, 1.00000, },
				{ -0.39841, -0.62360, -0.00000, 0.00000, 0.62360, -0.39841, -0.00000, 0.00000, -0.00000, -0.00000, 0.74000, 0.00000, -1.38250, 30.78188, 0.00000, 1.00000, },
				{ -0.39841, -0.62360, -0.00000, 0.00000, 0.62360, -0.39841, -0.00000, 0.00000, -0.00000, -0.00000, 0.74000, 0.00000, -8.73250, 30.78188, 0.00000, 1.00000, },
				{ -0.39841, -0.62360, -0.00000, 0.00000, 0.62360, -0.39841, -0.00000, 0.00000, -0.00000, -0.00000, 0.74000, 0.00000, 13.74750, 25.89188, 0.00000, 1.00000, },
				{ -0.40036, -0.62235, -0.00000, 0.00000, 0.62235, -0.40036, -0.00000, 0.00000, -0.00000, -0.00000, 0.74000, 0.00000, 11.52750, 12.24188, 0.00000, 1.00000, },
				{ -0.40036, -0.62235, -0.00000, 0.00000, 0.62235, -0.40036, -0.00000, 0.00000, -0.00000, -0.00000, 0.74000, 0.00000, 3.99750, 30.78188, 0.00000, 1.00000, },
				{ -0.40036, -0.62235, -0.00000, 0.00000, 0.62235, -0.40036, -0.00000, 0.00000, -0.00000, -0.00000, 0.74000, 0.00000, -3.60250, 30.78188, 0.00000, 1.00000, },
				{ -0.40036, -0.62235, -0.00000, 0.00000, 0.62235, -0.40036, -0.00000, 0.00000, -0.00000, -0.00000, 0.74000, 0.00000, -10.95250, 30.78188, 0.00000, 1.00000, },
				{ -0.40036, -0.62235, -0.00000, 0.00000, 0.62235, -0.40036, -0.00000, 0.00000, -0.00000, -0.00000, 0.74000, 0.00000, 11.52750, 25.89188, 0.00000, 1.00000, },
				{ 0.73984, 0.01558, 0.00000, 0.00000, -0.01558, 0.73984, -0.00000, 0.00000, -0.00000, 0.00000, 0.74000, 0.00000, 9.48750, 12.24188, 0.00000, 1.00000, },
				{ 0.73984, 0.01558, 0.00000, 0.00000, -0.01558, 0.73984, -0.00000, 0.00000, -0.00000, 0.00000, 0.74000, 0.00000, 1.95750, 30.78188, 0.00000, 1.00000, },
				{ 0.73984, 0.01558, 0.00000, 0.00000, -0.01558, 0.73984, -0.00000, 0.00000, -0.00000, 0.00000, 0.74000, 0.00000, -5.64250, 30.78188, 0.00000, 1.00000, },
				{ 0.73984, 0.01558, 0.00000, 0.00000, -0.01558, 0.73984, -0.00000, 0.00000, -0.00000, 0.00000, 0.74000, 0.00000, -12.99250, 30.78188, 0.00000, 1.00000, },
				{ 0.73984, 0.01558, 0.00000, 0.00000, -0.01558, 0.73984, -0.00000, 0.00000, -0.00000, 0.00000, 0.74000, 0.00000, 9.48750, 25.89188, 0.00000, 1.00000, },
				{ 0.51034, 0.53586, 0.00000, 0.00000, -0.53586, 0.51034, -0.00000, 0.00000, -0.00000, 0.00000, 0.74000, 0.00000, 8.14750, 25.89188, 0.00000, 1.00000, },
				{ 0.27016, 0.68892, 0.00000, 0.00000, -0.68892, 0.27016, -0.00000, 0.00000, -0.00000, 0.00000, 0.74000, 0.00000, 8.14750, 26.99188, 0.00000, 1.00000, },
				{ 0.68744, -0.27392, 0.00000, 0.00000, 0.27392, 0.68744, -0.00000, 0.00000, -0.00000, 0.00000, 0.74000, 0.00000, 8.14750, 28.03188, 0.00000, 1.00000, },
				{ -0.65193, -0.35013, -0.00000, 0.00000, 0.35013, -0.65193, -0.00000, 0.00000, -0.00000, -0.00000, 0.74000, 0.00000, 8.14750, 28.95188, 0.00000, 1.00000, },
				{ 0.64019, 0.37116, 0.00000, 0.00000, -0.37116, 0.64019, -0.00000, 0.00000, -0.00000, 0.00000, 0.74000, 0.00000, 8.14750, 30.04188, 0.00000, 1.00000, },
				{ 0.33780, -0.65840, 0.00000, 0.00000, 0.65840, 0.33780, -0.00000, 0.00000, -0.00000, 0.00000, 0.74000, 0.00000, 8.14750, 30.89188, 0.00000, 1.00000, },
				{ 0.01939, -0.73975, 0.00000, 0.00000, 0.73975, 0.01939, -0.00000, 0.00000, -0.00000, 0.00000, 0.74000, 0.00000, 12.56750, 12.24188, 0.00000, 1.00000, },
				{ 0.01939, -0.73975, 0.00000, 0.00000, 0.73975, 0.01939, -0.00000, 0.00000, -0.00000, 0.00000, 0.74000, 0.00000, 5.03750, 30.78188, 0.00000, 1.00000, },
				{ 0.01939, -0.73975, 0.00000, 0.00000, 0.73975, 0.01939, -0.00000, 0.00000, -0.00000, 0.00000, 0.74000, 0.00000, -2.56250, 30.78188, 0.00000, 1.00000, },
				{ 0.01939, -0.73975, 0.00000, 0.00000, 0.73975, 0.01939, -0.00000, 0.00000, -0.00000, 0.00000, 0.74000, 0.00000, -9.91250, 30.78188, 0.00000, 1.00000, },
				{ 0.01939, -0.73975, 0.00000, 0.00000, 0.73975, 0.01939, -0.00000, 0.00000, -0.00000, 0.00000, 0.74000, 0.00000, 12.56750, 25.89188, 0.00000, 1.00000, },
				{ -0.70516, 0.22439, -0.00000, 0.00000, -0.22439, -0.70516, -0.00000, 0.00000, -0.00000, -0.00000, 0.74000, 0.00000, 10.34750, 12.24188, 0.00000, 1.00000, },
				{ -0.70516, 0.22439, -0.00000, 0.00000, -0.22439, -0.70516, -0.00000, 0.00000, -0.00000, -0.00000, 0.74000, 0.00000, 2.81750, 30.78188, 0.00000, 1.00000, },
				{ -0.70516, 0.22439, -0.00000, 0.00000, -0.22439, -0.70516, -0.00000, 0.00000, -0.00000, -0.00000, 0.74000, 0.00000, -4.78250, 30.78188, 0.00000, 1.00000, },
				{ -0.70516, 0.22439, -0.00000, 0.00000, -0.22439, -0.70516, -0.00000, 0.00000, -0.00000, -0.00000, 0.74000, 0.00000, -12.13250, 30.78188, 0.00000, 1.00000, },
				{ -0.70516, 0.22439, -0.00000, 0.00000, -0.22439, -0.70516, -0.00000, 0.00000, -0.00000, -0.00000, 0.74000, 0.00000, 10.34750, 25.89188, 0.00000, 1.00000, },
				{ -0.19697, -0.71330, -0.00000, 0.00000, 0.71330, -0.19697, -0.00000, 0.00000, -0.00000, -0.00000, 0.74000, 0.00000, 8.30750, 12.24188, 0.00000, 1.00000, },
				{ -0.19697, -0.71330, -0.00000, 0.00000, 0.71330, -0.19697, -0.00000, 0.00000, -0.00000, -0.00000, 0.74000, 0.00000, 0.86750, 30.78188, 0.00000, 1.00000, },
				{ -0.19697, -0.71330, -0.00000, 0.00000, 0.71330, -0.19697, -0.00000, 0.00000, -0.00000, -0.00000, 0.74000, 0.00000, -6.82250, 30.78188, 0.00000, 1.00000, },
				{ -0.19697, -0.71330, -0.00000, 0.00000, 0.71330, -0.19697, -0.00000, 0.00000, -0.00000, -0.00000, 0.74000, 0.00000, -14.17250, 30.78188, 0.00000, 1.00000, },
				{ -0.00387, 0.73999, -0.00000, 0.00000, -0.73999, -0.00387, 0.00000, 0.00000, -0.00000, 0.00000, 0.74000, 0.00000, -14.87000, 24.46438, 0.00000, 1.00000, },
