local townbuildingutil = require "townbuildingutil"

--Model file: "building/era_a/com_2_2x2_01.mdl"

--Begin Generated
local generatedData = {
	["base"] = {
		models = {
			["building/era_a/com_2_2x2_01.mdl"] = {
				{ 1.00000, 0.00000, 0.00000, 0.00000, 0.00000, 1.00000, 0.00000, 0.00000, 0.00000, 0.00000, 1.00000, 0.00000, 0.00000, 0.00000, 0.00000, 1.00000, },
			},
		},
		curves = {
			["scaffold"] = {
				{ { 6.36582, 1.85132, 0.00000 }, { 6.36582, 1.85132, 0.00000 }, { 6.36582, 9.25134, 0.00000 }, { 6.36582, 9.25134, 0.00000 }, { 6.36582, 9.25134, 0.00000 }, { -6.43052, 9.25140, 0.00000 }, { -6.43052, 9.25140, 0.00000 }, { -6.43052, 9.25140, 0.00000 }, { -6.43101, 1.85126, 0.00000 }, { -6.43101, 1.85126, 0.00000 }, },
			},
			["shared/asphalt_02.gtex.lua;shared/dirt.gtex.lua"] = {
				{ { 8.00000, 0.00000, 0.00000 }, { 8.00000, 0.00000, 0.00000 }, { 8.00000, 8.47347, 0.00000 }, { 8.00000, 8.47347, 0.00000 }, { 8.00000, 8.47347, 0.00000 }, { -7.99999, 8.47347, 0.00000 }, { -8.00000, 8.47347, 0.00000 }, { -8.00000, 8.47347, 0.00000 }, { -8.00000, 0.00000, 0.00000 }, { -8.00000, 0.00000, 0.00000 }, },
			},
			["shared/grass_cutted_01.gtex.lua"] = {
				{ { 8.00000, 8.47347, 0.00000 }, { 8.00000, 8.47347, 0.00000 }, { 8.00000, 15.99956, 0.00000 }, { 8.00000, 15.99957, 0.00000 }, { 7.99999, 15.99957, 0.00000 }, { -8.00000, 16.00000, 0.00000 }, { -8.00000, 16.00000, 0.00000 }, { -8.00000, 16.00000, 0.00000 }, { -8.00000, 8.47347, 0.00000 }, { -8.00000, 8.47347, 0.00000 }, { -8.00000, 8.47347, 0.00000 }, { -6.00000, 8.47347, 0.00000 }, { -6.00000, 8.47347, 0.00000 }, { -6.00000, 8.47347, 0.00000 }, { -6.00000, 13.00000, 0.00000 }, { -6.00000, 13.00000, 0.00000 }, { -6.00000, 13.00000, 0.00000 }, { 6.00000, 13.00000, 0.00000 }, { 6.00000, 13.00000, 0.00000 }, { 6.00000, 13.00000, 0.00000 }, { 6.00000, 8.47347, 0.00000 }, { 6.00000, 8.47347, 0.00000 }, },
			},
			["shared/gravel_02.gtex.lua"] = {
				{ { 6.00000, 8.47347, 0.00000 }, { 6.00000, 8.47347, 0.00000 }, { 6.00000, 13.00000, 0.00000 }, { 6.00000, 13.00000, 0.00000 }, { 6.00000, 13.00000, 0.00000 }, { -6.00000, 13.00000, 0.00000 }, { -6.00000, 13.00000, 0.00000 }, { -6.00000, 13.00000, 0.00000 }, { -6.00000, 8.47347, 0.00000 }, { -6.00000, 8.47347, 0.00000 }, },
			},
		},
	},
	["layout_1"] = {
		models = {
			["asset/commercial/all_eras/era_a_com_wall.mdl"] = {
				{ -1.00000, 0.00000, 0.00000, 0.00000, -0.00000, -1.00000, -0.00000, 0.00000, 0.00000, -0.00000, 1.00000, 0.00000, 6.20000, 8.56900, 0.00000, 1.00000, },
				{ 0.00000, 1.23429, 0.00000, 0.00000, -1.00000, 0.00000, -0.00000, 0.00000, -0.00000, -0.00000, 1.00000, 0.00000, -7.85000, 13.84900, 0.00000, 1.00000, },
				{ 1.00000, -0.00000, 0.00000, 0.00000, 0.00000, 1.00000, -0.00000, 0.00000, -0.00000, 0.00000, 1.00000, 0.00000, -6.50000, 15.84900, 0.00000, 1.00000, },
				{ 1.00000, -0.00000, 0.00000, 0.00000, 0.00000, 1.00000, -0.00000, 0.00000, -0.00000, 0.00000, 1.00000, 0.00000, -6.50000, 15.84900, 0.00000, 1.00000, },
				{ 1.00000, -0.00000, 0.00000, 0.00000, 0.00000, 1.00000, -0.00000, 0.00000, -0.00000, 0.00000, 1.00000, 0.00000, -3.50000, 15.84900, 0.00000, 1.00000, },
				{ 1.00000, -0.00000, 0.00000, 0.00000, 0.00000, 1.00000, -0.00000, 0.00000, -0.00000, 0.00000, 1.00000, 0.00000, -0.50000, 15.84900, 0.00000, 1.00000, },
				{ 1.00300, -0.00000, 0.00000, 0.00000, 0.00000, 1.00000, -0.00000, 0.00000, -0.00000, 0.00000, 1.00000, 0.00000, 2.50400, 15.84900, 0.00000, 1.00000, },
				{ 1.23465, -0.00000, 0.00000, 0.00000, 0.00000, 1.00000, -0.00000, 0.00000, -0.00000, 0.00000, 1.00000, 0.00000, 5.86000, 15.84900, 0.00000, 1.00000, },
				{ 0.00000, 1.44534, 0.00000, 0.00000, -1.00000, 0.00000, -0.00000, 0.00000, -0.00000, -0.00000, 1.00000, 0.00000, 7.85000, 10.58931, 0.00000, 1.00000, },
				{ 0.00000, 1.08037, 0.00000, 0.00000, -1.00000, 0.00000, -0.00000, 0.00000, -0.00000, -0.00000, 1.00000, 0.00000, 7.85000, 14.37900, 0.00000, 1.00000, },
				{ -1.00000, -0.00000, -0.00000, 0.00000, 0.00000, -1.00000, -0.00000, 0.00000, -0.00000, -0.00000, 1.00000, 0.00000, -6.20000, 8.56900, 0.00000, 1.00000, },
				{ 0.00000, -1.44534, -0.00000, 0.00000, 1.00000, 0.00000, -0.00000, 0.00000, 0.00000, -0.00000, 1.00000, 0.00000, -7.85000, 10.58930, 0.00000, 1.00000, },
			},
			["asset/commercial/era_a/com_2_asset_hotel_door_awning_01_a.mdl"] = {
				{ -1.14067, -0.00000, 0.00000, 0.00000, 0.00000, -1.14067, 0.00000, 0.00000, 0.00000, 0.00000, 1.14067, 0.00000, 3.93200, 9.05119, 3.50722, 1.00000, align = { 0.00000, 0.00000 }, },
				{ 1.14067, 0.00000, 0.00000, 0.00000, 0.00000, 1.14067, 0.00000, 0.00000, 0.00000, 0.00000, 1.14067, 0.00000, -3.99800, 2.05417, 3.50722, 1.00000, align = { 0.00000, 0.00000 }, },
				{ 1.14067, 0.00000, 0.00000, 0.00000, 0.00000, 1.14067, 0.00000, 0.00000, 0.00000, 0.00000, 1.14067, 0.00000, 3.93200, 2.05417, 3.50722, 1.00000, align = { 0.00000, 0.00000 }, },
				{ -1.14067, -0.00000, 0.00000, 0.00000, 0.00000, -1.14067, 0.00000, 0.00000, 0.00000, 0.00000, 1.14067, 0.00000, -3.99800, 9.05119, 3.50722, 1.00000, align = { 0.00000, 0.00000 }, },
			},
		},
		groups = {
			["era_a_com_1_asset_food_box.grp"] = {
				{ 0.99951, -0.03134, 0.00000, 0.00000, 0.03134, 0.99951, 0.00000, 0.00000, 0.00000, 0.00000, 1.00000, 0.00000, -7.12000, 8.10500, 0.00000, 1.00000, },
				{ 0.86780, -0.49691, 0.00000, 0.00000, 0.49691, 0.86780, 0.00000, 0.00000, 0.00000, 0.00000, 1.00000, 0.00000, -7.12000, 7.58500, 0.50000, 1.00000, ignore = { 3, 75 }, },
				{ 0.98292, 0.18402, 0.00000, 0.00000, -0.18402, 0.98292, 0.00000, 0.00000, 0.00000, 0.00000, 1.00000, 0.00000, -7.01000, 7.25500, 0.00000, 1.00000, ignore = { 3, 75 }, },
			},
			["era_a_com_1_asset_hotel_sign_01.grp"] = {
				{ 0.94500, 0.00000, 0.00000, 0.00000, 0.00000, 0.94500, 0.00000, 0.00000, 0.00000, 0.00000, 0.94500, 0.00000, 0.00000, 1.95000, 4.05000, 1.00000, align = { 0.00000, 0.00000 }, seed = 489, },
				{ -0.94500, 0.00000, 0.00000, 0.00000, -0.00000, -0.94500, 0.00000, 0.00000, 0.00000, 0.00000, 0.94500, 0.00000, 0.00000, 9.15000, 4.05000, 1.00000, align = { 0.00000, 0.00000 }, seed = 489, },
			},
			["era_a_com_2_asset_hotel_wall_sign_01.grp"] = {
				{ 1.00000, 0.00000, 0.00000, 0.00000, 0.00000, 1.00000, 0.00000, 0.00000, 0.00000, 0.00000, 1.00000, 0.00000, -6.03000, 1.84000, 5.67000, 1.00000, align = { 0.00000, 0.00000 }, seed = 489, },
			},
			["era_a_com_2_asset_hotel_win_awning_a.grp"] = {
				{ -0.87000, 0.00000, 0.00000, 0.00000, -0.00000, -1.00000, 0.00000, 0.00000, 0.00000, 0.00000, 1.00000, 0.00000, -4.00000, 9.05100, 6.48000, 1.00000, align = { 0.00000, 0.00000 }, },
				{ -0.87000, 0.00000, 0.00000, 0.00000, -0.00000, -1.00000, 0.00000, 0.00000, 0.00000, 0.00000, 1.00000, 0.00000, -4.00000, 9.05100, 9.48000, 1.00000, align = { 0.00000, 0.00000 }, },
				{ -0.87000, 0.00000, 0.00000, 0.00000, -0.00000, -1.00000, 0.00000, 0.00000, 0.00000, 0.00000, 1.00000, 0.00000, 3.19000, 9.05100, 6.48000, 1.00000, align = { 0.00000, 0.00000 }, },
				{ -0.87000, 0.00000, 0.00000, 0.00000, -0.00000, -1.00000, 0.00000, 0.00000, 0.00000, 0.00000, 1.00000, 0.00000, 4.69000, 9.05100, 6.48000, 1.00000, align = { 0.00000, 0.00000 }, },
				{ -0.87000, 0.00000, 0.00000, 0.00000, -0.00000, -1.00000, 0.00000, 0.00000, 0.00000, 0.00000, 1.00000, 0.00000, 3.19000, 9.05100, 9.48000, 1.00000, align = { 0.00000, 0.00000 }, },
				{ -0.87000, 0.00000, 0.00000, 0.00000, -0.00000, -1.00000, 0.00000, 0.00000, 0.00000, 0.00000, 1.00000, 0.00000, 4.69000, 9.05100, 9.48000, 1.00000, align = { 0.00000, 0.00000 }, },
				{ -0.87000, 0.00000, 0.00000, 0.00000, -0.00000, -1.00000, 0.00000, 0.00000, 0.00000, 0.00000, 1.00000, 0.00000, -0.78000, 9.05100, 6.48000, 1.00000, align = { 0.00000, 0.00000 }, },
				{ -0.87000, 0.00000, 0.00000, 0.00000, -0.00000, -1.00000, 0.00000, 0.00000, 0.00000, 0.00000, 1.00000, 0.00000, 0.72000, 9.05100, 6.48000, 1.00000, align = { 0.00000, 0.00000 }, },
				{ -0.87000, 0.00000, 0.00000, 0.00000, -0.00000, -1.00000, 0.00000, 0.00000, 0.00000, 0.00000, 1.00000, 0.00000, -0.78000, 9.05100, 9.48000, 1.00000, align = { 0.00000, 0.00000 }, },
				{ -0.87000, 0.00000, 0.00000, 0.00000, -0.00000, -1.00000, 0.00000, 0.00000, 0.00000, 0.00000, 1.00000, 0.00000, 0.72000, 9.05100, 9.48000, 1.00000, align = { 0.00000, 0.00000 }, },
				{ 0.87000, 0.00000, 0.00000, 0.00000, 0.00000, 1.00000, 0.00000, 0.00000, 0.00000, 0.00000, 1.00000, 0.00000, -4.74000, 2.05400, 6.48000, 1.00000, align = { 0.00000, 0.00000 }, },
				{ 0.87000, 0.00000, 0.00000, 0.00000, 0.00000, 1.00000, 0.00000, 0.00000, 0.00000, 0.00000, 1.00000, 0.00000, 3.18200, 2.05400, 6.48000, 1.00000, align = { 0.00000, 0.00000 }, },
				{ 0.87000, 0.00000, 0.00000, 0.00000, 0.00000, 1.00000, 0.00000, 0.00000, 0.00000, 0.00000, 1.00000, 0.00000, -3.24000, 2.05400, 6.48000, 1.00000, align = { 0.00000, 0.00000 }, },
				{ 0.87000, 0.00000, 0.00000, 0.00000, 0.00000, 1.00000, 0.00000, 0.00000, 0.00000, 0.00000, 1.00000, 0.00000, 4.67700, 2.05400, 6.48000, 1.00000, align = { 0.00000, 0.00000 }, },
				{ 0.87000, 0.00000, 0.00000, 0.00000, 0.00000, 1.00000, 0.00000, 0.00000, 0.00000, 0.00000, 1.00000, 0.00000, -0.03500, 2.05400, 6.48000, 1.00000, align = { 0.00000, 0.00000 }, },
				{ 0.87000, 0.00000, 0.00000, 0.00000, 0.00000, 1.00000, 0.00000, 0.00000, 0.00000, 0.00000, 1.00000, 0.00000, -4.74000, 2.05400, 9.48000, 1.00000, align = { 0.00000, 0.00000 }, },
				{ 0.87000, 0.00000, 0.00000, 0.00000, 0.00000, 1.00000, 0.00000, 0.00000, 0.00000, 0.00000, 1.00000, 0.00000, 3.18200, 2.05400, 9.48000, 1.00000, align = { 0.00000, 0.00000 }, },
				{ 0.87000, 0.00000, 0.00000, 0.00000, 0.00000, 1.00000, 0.00000, 0.00000, 0.00000, 0.00000, 1.00000, 0.00000, -3.24000, 2.05400, 9.48000, 1.00000, align = { 0.00000, 0.00000 }, },
				{ 0.87000, 0.00000, 0.00000, 0.00000, 0.00000, 1.00000, 0.00000, 0.00000, 0.00000, 0.00000, 1.00000, 0.00000, 4.67700, 2.05400, 9.48000, 1.00000, align = { 0.00000, 0.00000 }, },
				{ 0.87000, 0.00000, 0.00000, 0.00000, 0.00000, 1.00000, 0.00000, 0.00000, 0.00000, 0.00000, 1.00000, 0.00000, -0.03500, 2.05400, 9.48000, 1.00000, align = { 0.00000, 0.00000 }, },
			},
			["era_a_garden_chair.grp"] = {
				{ 0.27228, 0.96222, 0.00000, 0.00000, -0.96222, 0.27228, 0.00000, 0.00000, 0.00000, 0.00000, 1.00000, 0.00000, 1.11621, 11.84420, 0.00000, 1.00000, seed = 456, ignore = { 2, 25 }, },
				{ 0.93606, -0.35184, 0.00000, 0.00000, 0.35184, 0.93606, 0.00000, 0.00000, 0.00000, 0.00000, 1.00000, 0.00000, 2.09269, 12.31044, 0.00000, 1.00000, seed = 456, ignore = { 2, 25 }, },
				{ -0.97667, 0.21474, 0.00000, 0.00000, -0.21474, -0.97667, 0.00000, 0.00000, 0.00000, 0.00000, 1.00000, 0.00000, 1.61883, 10.99292, 0.00000, 1.00000, seed = 456, ignore = { 2, 25 }, },
				{ -0.36812, -0.92978, 0.00000, 0.00000, 0.92978, -0.36812, 0.00000, 0.00000, 0.00000, 0.00000, 1.00000, 0.00000, 2.48053, 11.35275, 0.00000, 1.00000, seed = 456, ignore = { 2, 25 }, },
				{ 0.97815, 0.20791, 0.00000, 0.00000, -0.20791, 0.97815, 0.00000, 0.00000, 0.00000, 0.00000, 1.00000, 0.00000, -1.89227, 12.10664, 0.00000, 1.00000, seed = 456, ignore = { 2, 25 }, },
				{ 0.12533, -0.99211, 0.00000, 0.00000, 0.99211, 0.12533, 0.00000, 0.00000, 0.00000, 0.00000, 1.00000, 0.00000, -1.02442, 11.46032, 0.00000, 1.00000, seed = 456, ignore = { 2, 25 }, },
				{ -0.26556, 0.96410, 0.00000, 0.00000, -0.96410, -0.26556, 0.00000, 0.00000, 0.00000, 0.00000, 1.00000, 0.00000, -2.41088, 11.26501, 0.00000, 1.00000, seed = 456, ignore = { 2, 25 }, },
				{ -0.99415, -0.10800, 0.00000, 0.00000, 0.10800, -0.99415, 0.00000, 0.00000, 0.00000, 0.00000, 1.00000, 0.00000, -1.69070, 10.67059, 0.00000, 1.00000, seed = 456, ignore = { 2, 25 }, },
				{ 0.88130, -0.47255, 0.00000, 0.00000, 0.47255, 0.88130, 0.00000, 0.00000, -0.00000, 0.00000, 1.00000, 0.00000, -3.73729, 11.93329, 0.00000, 1.00000, seed = 456, },
				{ -0.54464, -0.83867, -0.00000, 0.00000, 0.83867, -0.54464, 0.00000, 0.00000, -0.00000, 0.00000, 1.00000, 0.00000, -3.49160, 10.87947, 0.00000, 1.00000, seed = 456, },
				{ 0.41945, 0.90778, 0.00000, 0.00000, -0.90778, 0.41945, -0.00000, 0.00000, -0.00000, 0.00000, 1.00000, 0.00000, -4.87663, 11.77519, -0.00000, 1.00000, seed = 456, },
				{ -0.41310, 0.91068, -0.00000, 0.00000, -0.91068, -0.41310, -0.00000, 0.00000, -0.00000, 0.00000, 1.00000, 0.00000, -4.71024, 10.60633, -0.00000, 1.00000, seed = 456, },
				{ -0.39715, 0.91775, 0.00000, 0.00000, -0.91775, -0.39715, 0.00000, 0.00000, 0.00000, 0.00000, 1.00000, 0.00000, 3.99779, 11.19710, 0.00000, 1.00000, seed = 456, },
				{ 0.94777, 0.31896, 0.00000, 0.00000, -0.31896, 0.94777, 0.00000, 0.00000, 0.00000, 0.00000, 1.00000, 0.00000, 4.45983, 12.17558, 0.00000, 1.00000, seed = 456, },
				{ -0.99939, -0.03490, 0.00000, 0.00000, 0.03490, -0.99939, 0.00000, 0.00000, 0.00000, 0.00000, 1.00000, 0.00000, 4.90983, 10.74436, 0.00000, 1.00000, seed = 456, },
				{ 0.30237, -0.95319, 0.00000, 0.00000, 0.95319, 0.30237, 0.00000, 0.00000, 0.00000, 0.00000, 1.00000, 0.00000, 5.36567, 11.67855, 0.00000, 1.00000, seed = 456, },
			},
			["garden_table_round.grp"] = {
				{ 0.93606, -0.35184, 0.00000, 0.00000, 0.35184, 0.93606, 0.00000, 0.00000, 0.00000, 0.00000, 1.00000, 0.00000, 1.83000, 11.64000, 0.00000, 1.00000, seed = 456, ignore = { 2, 25 }, },
				{ 0.12533, -0.99211, 0.00000, 0.00000, 0.99211, 0.12533, 0.00000, 0.00000, 0.00000, 0.00000, 1.00000, 0.00000, -1.74000, 11.38000, 0.00000, 1.00000, seed = 456, ignore = { 2, 25 }, },
				{ -0.54464, -0.83867, -0.00000, 0.00000, 0.83867, -0.54464, 0.00000, 0.00000, -0.00000, 0.00000, 1.00000, 0.00000, -4.09000, 11.28000, 0.00000, 1.00000, seed = 456, },
				{ 0.94777, 0.31896, 0.00000, 0.00000, -0.31896, 0.94777, 0.00000, 0.00000, 0.00000, 0.00000, 1.00000, 0.00000, 4.68000, 11.49000, 0.00000, 1.00000, seed = 456, },
			},
			["random_shrub_town.grp"] = {
				{ 0.60053, 0.00000, 0.00000, 0.00000, 0.00000, 0.60053, 0.00000, 0.00000, 0.00000, 0.00000, 0.60053, 0.00000, -1.94000, 14.31000, 0.00000, 1.00000, },
				{ -0.49192, 0.34445, 0.00000, 0.00000, -0.34445, -0.49192, 0.00000, 0.00000, 0.00000, 0.00000, 0.60053, 0.00000, -0.54000, 14.02000, 0.00000, 1.00000, },
				{ 0.60053, 0.00000, 0.00000, 0.00000, 0.00000, 0.60053, 0.00000, 0.00000, 0.00000, 0.00000, 0.60053, 0.00000, 0.76000, 14.29000, 0.00000, 1.00000, },
				{ -0.38279, -0.46271, 0.00000, 0.00000, 0.46271, -0.38279, 0.00000, 0.00000, 0.00000, 0.00000, 0.60053, 0.00000, 2.21000, 14.12000, 0.00000, 1.00000, },
			},
		},
	},
}
--End Generated

function data()
	return townbuildingutil.make_building2(
		{ { -4.60, -0.10 }, { 4.60, -0.10 }, { 4.60, 9.10 }, { -4.60, 9.10 } },
		"COMMERCIAL", 
		"A", 
		2,
		{ 2, 2 },
		generatedData,
		"construction/building/era_a/com_2_2x2_01.gtex"
	)
end
