local townbuildingutil = require "townbuildingutil"

--Model file: "building/era_a/com_1_2x3_01.mdl"

--Begin Generated
local generatedData = {
	["base"] = {
		models = {
			["building/era_a/com_1_2x3_01.mdl"] = {
				{ 1.00000, 0.00000, 0.00000, 0.00000, 0.00000, 1.00000, 0.00000, 0.00000, 0.00000, 0.00000, 1.00000, 0.00000, 0.00000, 0.00000, 0.00000, 1.00000, },
			},
		},
		curves = {
			["scaffold"] = {
				{ { 5.17911, 1.95377, 0.00000 }, { 5.17911, 1.95377, 0.00000 }, { 5.17911, 8.57473, 0.00000 }, { 5.17911, 8.57473, 0.00000 }, { 5.17911, 8.57473, 0.00000 }, { -5.02097, 8.57473, 0.00000 }, { -5.02097, 8.57473, 0.00000 }, { -5.02097, 8.57473, 0.00000 }, { -5.02097, 1.96049, 0.00000 }, { -5.02097, 1.96049, 0.00000 }, },
			},
			["shared/asphalt_02.gtex.lua;shared/dirt.gtex.lua"] = {
				{ { 8.00000, -0.05000, 0.00000 }, { 8.00000, 0.00000, 0.00000 }, { 8.00000, 2.00000, 0.00000 }, { 8.00000, 2.00000, 0.00000 }, { 8.00000, 2.00000, 0.00000 }, { 5.07501, 2.00000, 0.00000 }, { 5.07501, 2.00000, 0.00000 }, { 5.07501, 2.00000, 0.00000 }, { 5.07501, 8.25950, 0.00000 }, { 5.07501, 8.25950, 0.00000 }, { 5.07501, 8.25950, 0.00000 }, { -4.91000, 8.25950, 0.00000 }, { -4.91000, 8.25950, 0.00000 }, { -4.91000, 8.25950, 0.00000 }, { -4.91000, 2.00000, 0.00000 }, { -4.91000, 2.00000, 0.00000 }, { -4.91000, 2.00000, 0.00000 }, { -8.00000, 2.00000, 0.00000 }, { -8.00000, 2.00000, 0.00000 }, { -8.00000, 2.00000, 0.00000 }, { -8.00000, 0.05000, 0.00000 }, { -8.00000, 0.05000, 0.00000 }, },
			},
			["shared/grass_cutted_01.gtex.lua"] = {
				{ { 8.00000, 10.51900, 0.00000 }, { 8.00000, 10.51900, 0.00000 }, { 8.00000, 23.99900, 0.00000 }, { 8.00000, 23.99900, 0.00000 }, { 8.00000, 23.99900, 0.00000 }, { -7.99750, 23.99900, 0.00000 }, { -7.99750, 23.99900, 0.00000 }, { -7.99750, 23.99900, 0.00000 }, { -8.00000, 5.37804, 0.00000 }, { -8.00000, 5.37804, 0.00000 }, { -8.00000, 5.37804, 0.00000 }, { -4.91000, 5.37804, 0.00000 }, { -4.91000, 5.37804, 0.00000 }, { -4.91000, 5.37804, 0.00000 }, { -4.91000, 8.25950, 0.00000 }, { -4.91000, 8.25950, 0.00000 }, { -4.91000, 8.25950, 0.00000 }, { -5.77499, 8.25950, 0.00000 }, { -5.77499, 8.25950, 0.00000 }, { -5.77499, 8.25950, 0.00000 }, { -5.77499, 21.95000, 0.00000 }, { -5.77499, 21.95000, 0.00000 }, { -5.77499, 21.95000, 0.00000 }, { 5.95999, 21.95000, 0.00000 }, { 5.95999, 21.95000, 0.00000 }, { 5.95999, 21.95000, 0.00000 }, { 5.95999, 10.51900, 0.00000 }, { 5.95999, 10.51900, 0.00000 }, },
				{ { -4.91000, 2.00000, 0.00000 }, { -4.91000, 2.00000, 0.00000 }, { -4.91096, 5.37804, 0.00000 }, { -4.91096, 5.37804, 0.00000 }, { -4.91096, 5.37804, 0.00000 }, { -8.00000, 5.37804, 0.00000 }, { -8.00000, 5.37804, 0.00000 }, { -8.00000, 5.37804, 0.00000 }, { -8.00000, 2.00000, 0.00000 }, { -8.00000, 2.00000, 0.00000 }, },
				{ { 8.00000, 2.00000, 0.00000 }, { 8.00000, 2.00000, 0.00000 }, { 8.00000, 5.37804, 0.00000 }, { 8.00000, 5.37804, 0.00000 }, { 8.00000, 5.37804, 0.00000 }, { 5.07501, 5.37804, 0.00000 }, { 5.07501, 5.37804, 0.00000 }, { 5.07501, 5.37804, 0.00000 }, { 5.07501, 2.00000, 0.00000 }, { 5.07501, 2.00000, 0.00000 }, },
			},
			["shared/gravel_02.gtex.lua;shared/border2.gtex.lua"] = {
				{ { 5.95999, 10.51900, 0.00000 }, { 5.95999, 10.51900, 0.00000 }, { 5.95999, 21.95000, 0.00000 }, { 5.95999, 21.95000, 0.00000 }, { 5.95999, 21.95000, 0.00000 }, { -5.77499, 21.95000, 0.00000 }, { -5.77499, 21.95000, 0.00000 }, { -5.77499, 21.95000, 0.00000 }, { -5.77499, 8.25950, 0.00000 }, { -5.77499, 8.25950, 0.00000 }, { -5.77499, 8.25950, 0.00000 }, { 1.91000, 8.25950, 0.00000 }, { 1.91000, 8.25950, 0.00000 }, { 1.91000, 8.25950, 0.00000 }, { 1.91000, 10.51900, 0.00000 }, { 1.91000, 10.51900, 0.00000 }, },
			},
			["shared/gravel_03.gtex.lua;shared/dirt.gtex.lua"] = {
				{ { 8.00000, 5.37804, 0.00000 }, { 8.00000, 5.37804, 0.00000 }, { 8.00000, 10.51900, 0.00000 }, { 8.00000, 10.51900, 0.00000 }, { 8.00000, 10.51900, 0.00000 }, { 1.91000, 10.51900, 0.00000 }, { 1.91000, 10.51900, 0.00000 }, { 1.91000, 10.51900, 0.00000 }, { 1.91000, 8.25950, 0.00000 }, { 1.91000, 8.25950, 0.00000 }, { 1.91000, 8.25950, 0.00000 }, { 5.07501, 8.25950, 0.00000 }, { 5.07501, 8.25950, 0.00000 }, { 5.07501, 8.25950, 0.00000 }, { 5.07501, 5.37804, 0.00000 }, { 5.07501, 5.37804, 0.00000 }, },
			},
		},
	},
	["layout_1"] = {
		models = {
			["asset/commercial/all_eras/era_a_com_wall.mdl"] = {
				{ -1.00000, 0.00000, 0.00000, 0.00000, -0.00000, -1.00000, -0.00000, 0.00000, 0.00000, -0.00000, 1.00000, 0.00000, 6.20000, 5.37804, 0.00000, 1.00000, },
				{ -1.00000, 0.00000, 0.00000, 0.00000, -0.00000, -1.00000, -0.00000, 0.00000, 0.00000, -0.00000, 1.00000, 0.00000, -6.20000, 5.37804, 0.00000, 1.00000, },
				{ -1.00000, 0.00000, 0.00000, 0.00000, -0.00000, -1.00000, -0.00000, 0.00000, 0.00000, -0.00000, 1.00000, 0.00000, 6.51000, 10.36900, 0.00000, 1.00000, },
				{ -0.93450, 0.00000, 0.00000, 0.00000, -0.00000, -1.00000, -0.00000, 0.00000, 0.00000, -0.00000, 1.00000, 0.00000, 3.61000, 10.36900, 0.00000, 1.00000, },
				{ 0.00000, 1.00000, 0.00000, 0.00000, -1.00000, 0.00000, -0.00000, 0.00000, -0.00000, -0.00000, 1.00000, 0.00000, 2.06000, 9.01900, 0.00000, 1.00000, },
				{ 1.09500, -0.00000, 0.00000, 0.00000, 0.00000, 1.00000, -0.00000, 0.00000, -0.00000, 0.00000, 1.00000, 0.00000, -6.35500, 23.84900, 0.00000, 1.00000, },
				{ 1.00000, -0.00000, 0.00000, 0.00000, 0.00000, 1.00000, -0.00000, 0.00000, -0.00000, 0.00000, 1.00000, 0.00000, -3.21000, 23.84900, 0.00000, 1.00000, },
				{ 1.00000, -0.00000, 0.00000, 0.00000, 0.00000, 1.00000, -0.00000, 0.00000, -0.00000, 0.00000, 1.00000, 0.00000, -0.21000, 23.84900, 0.00000, 1.00000, },
				{ 1.00000, -0.00000, 0.00000, 0.00000, 0.00000, 1.00000, -0.00000, 0.00000, -0.00000, 0.00000, 1.00000, 0.00000, 2.79000, 23.84900, 0.00000, 1.00000, },
				{ 1.23465, -0.00000, 0.00000, 0.00000, 0.00000, 1.00000, -0.00000, 0.00000, -0.00000, 0.00000, 1.00000, 0.00000, 6.15000, 23.84900, 0.00000, 1.00000, },
				{ 0.00000, 1.00000, 0.00000, 0.00000, -1.00000, 0.00000, -0.00000, 0.00000, -0.00000, -0.00000, 1.00000, 0.00000, 7.85000, 1.49900, 0.00000, 1.00000, },
				{ 0.00000, 1.00000, 0.00000, 0.00000, -1.00000, 0.00000, -0.00000, 0.00000, -0.00000, -0.00000, 1.00000, 0.00000, -7.85000, 1.49900, 0.00000, 1.00000, },
				{ 0.00000, 0.84269, 0.00000, 0.00000, -1.00000, 0.00000, -0.00000, 0.00000, -0.00000, -0.00000, 1.00000, 0.00000, 7.85000, 4.26400, 0.00000, 1.00000, },
				{ 0.00000, 0.84269, 0.00000, 0.00000, -1.00000, 0.00000, -0.00000, 0.00000, -0.00000, -0.00000, 1.00000, 0.00000, -7.85000, 4.26400, 0.00000, 1.00000, },
			},
		},
		groups = {
			["era_a_barrel_wood.grp"] = {
				{ 1.00000, 0.00000, 0.00000, 0.00000, 0.00000, 1.00000, 0.00000, 0.00000, 0.00000, 0.00000, 1.00000, 0.00000, 2.84649, 9.46596, -0.00000, 1.00000, },
				{ 1.00000, 0.00000, 0.00000, 0.00000, 0.00000, 1.00000, 0.00000, 0.00000, 0.00000, 0.00000, 1.00000, 0.00000, 4.17649, 9.14596, -0.00000, 1.00000, },
				{ 1.00000, 0.00000, 0.00000, 0.00000, 0.00000, 1.00000, 0.00000, 0.00000, 0.00000, 0.00000, 1.00000, 0.00000, 5.58649, 9.49596, -0.00000, 1.00000, },
			},
			["era_a_com_1_asset_ground_chair.grp"] = {
				{ 0.99855, 0.05387, 0.00000, 0.00000, -0.05387, 0.99855, 0.00000, 0.00000, 0.00000, 0.00000, 1.00000, 0.00000, -4.64265, 21.07173, 0.00000, 1.00000, seed = 123, },
				{ 0.97150, -0.23704, 0.00000, 0.00000, 0.23704, 0.97150, 0.00000, 0.00000, 0.00000, 0.00000, 1.00000, 0.00000, -3.59356, 21.15309, 0.00000, 1.00000, seed = 123, },
				{ -0.99855, -0.05387, -0.00000, 0.00000, 0.05387, -0.99855, 0.00000, 0.00000, -0.00000, 0.00000, 1.00000, 0.00000, -3.71009, 19.60747, 0.00000, 1.00000, seed = 123, },
				{ -0.99906, -0.04342, -0.00000, 0.00000, 0.04342, -0.99906, 0.00000, 0.00000, -0.00000, 0.00000, 1.00000, 0.00000, -4.74865, 19.66572, 0.00000, 1.00000, seed = 123, },
				{ 0.93118, 0.36457, 0.00000, 0.00000, -0.36457, 0.93118, 0.00000, 0.00000, 0.00000, 0.00000, 1.00000, 0.00000, -4.71559, 16.56774, 0.00000, 1.00000, seed = 123, },
				{ 0.99553, -0.09444, 0.00000, 0.00000, 0.09444, 0.99553, 0.00000, 0.00000, 0.00000, 0.00000, 1.00000, 0.00000, -3.67810, 16.63994, 0.00000, 1.00000, seed = 123, },
				{ -0.98034, -0.19734, -0.00000, 0.00000, 0.19734, -0.98034, 0.00000, 0.00000, -0.00000, 0.00000, 1.00000, 0.00000, -3.57049, 15.09368, 0.00000, 1.00000, seed = 123, },
				{ -0.99969, 0.02476, -0.00000, 0.00000, -0.02476, -0.99969, 0.00000, 0.00000, -0.00000, 0.00000, 1.00000, 0.00000, -4.60659, 15.00153, 0.00000, 1.00000, seed = 123, },
				{ 0.99396, 0.10973, 0.00000, 0.00000, -0.10973, 0.99396, 0.00000, 0.00000, 0.00000, 0.00000, 1.00000, 0.00000, -0.67736, 21.18892, 0.00000, 1.00000, seed = 123, },
				{ 0.98685, -0.16161, 0.00000, 0.00000, 0.16161, 0.98685, 0.00000, 0.00000, 0.00000, 0.00000, 1.00000, 0.00000, 0.36264, 21.19073, 0.00000, 1.00000, seed = 123, },
				{ -0.99145, -0.13052, -0.00000, 0.00000, 0.13052, -0.99145, 0.00000, 0.00000, -0.00000, 0.00000, 1.00000, 0.00000, 0.36533, 19.64073, 0.00000, 1.00000, seed = 123, },
				{ -0.99572, 0.09238, -0.00000, 0.00000, -0.09238, -0.99572, 0.00000, 0.00000, -0.00000, 0.00000, 1.00000, 0.00000, -0.67463, 19.61893, 0.00000, 1.00000, seed = 123, },
				{ 0.97671, 0.21456, 0.00000, 0.00000, -0.21456, 0.97671, 0.00000, 0.00000, 0.00000, 0.00000, 1.00000, 0.00000, 3.49117, 21.12274, 0.00000, 1.00000, seed = 123, },
				{ 0.99843, -0.05600, 0.00000, 0.00000, 0.05600, 0.99843, 0.00000, 0.00000, 0.00000, 0.00000, 1.00000, 0.00000, 4.52510, 21.23487, 0.00000, 1.00000, seed = 123, },
				{ -0.97200, -0.23496, -0.00000, 0.00000, 0.23496, -0.97200, 0.00000, 0.00000, -0.00000, 0.00000, 1.00000, 0.00000, 4.69222, 19.69390, 0.00000, 1.00000, seed = 123, },
				{ -0.99991, -0.01378, -0.00000, 0.00000, 0.01378, -0.99991, 0.00000, 0.00000, -0.00000, 0.00000, 1.00000, 0.00000, 3.66044, 19.56189, 0.00000, 1.00000, seed = 123, },
				{ 0.92992, 0.36777, 0.00000, 0.00000, -0.36777, 0.92992, 0.00000, 0.00000, 0.00000, 0.00000, 1.00000, 0.00000, 3.81409, 16.56556, 0.00000, 1.00000, seed = 123, },
				{ 0.99585, -0.09102, 0.00000, 0.00000, 0.09102, 0.99585, 0.00000, 0.00000, 0.00000, 0.00000, 1.00000, 0.00000, 4.85133, 16.64132, 0.00000, 1.00000, seed = 123, },
				{ -0.97965, -0.20070, -0.00000, 0.00000, 0.20070, -0.97965, 0.00000, 0.00000, -0.00000, 0.00000, 1.00000, 0.00000, 4.96425, 15.09544, 0.00000, 1.00000, seed = 123, },
				{ -0.99977, 0.02133, -0.00000, 0.00000, -0.02133, -0.99977, 0.00000, 0.00000, -0.00000, 0.00000, 1.00000, 0.00000, 3.92847, 14.99973, 0.00000, 1.00000, seed = 123, },
				{ 0.91097, 0.41247, 0.00000, 0.00000, -0.41247, 0.91097, 0.00000, 0.00000, 0.00000, 0.00000, 1.00000, 0.00000, -4.85108, 11.91376, 0.00000, 1.00000, seed = 123, },
				{ 0.99909, -0.04258, 0.00000, 0.00000, 0.04258, 0.99909, 0.00000, 0.00000, 0.00000, 0.00000, 1.00000, 0.00000, -3.81874, 12.03978, 0.00000, 1.00000, seed = 123, },
				{ -0.96876, -0.24801, -0.00000, 0.00000, 0.24801, -0.96876, 0.00000, 0.00000, -0.00000, 0.00000, 1.00000, 0.00000, -3.63092, 10.50120, 0.00000, 1.00000, seed = 123, },
				{ -0.99963, -0.02722, -0.00000, 0.00000, 0.02722, -0.99963, 0.00000, 0.00000, -0.00000, 0.00000, 1.00000, 0.00000, -4.66083, 10.35533, 0.00000, 1.00000, seed = 123, },
				{ 0.95381, 0.30042, 0.00000, 0.00000, -0.30042, 0.95381, 0.00000, 0.00000, 0.00000, 0.00000, 1.00000, 0.00000, -0.74323, 16.13910, 0.00000, 1.00000, seed = 123, },
				{ 0.98681, -0.16190, 0.00000, 0.00000, 0.16190, 0.98681, 0.00000, 0.00000, 0.00000, 0.00000, 1.00000, 0.00000, 0.29677, 16.14060, 0.00000, 1.00000, seed = 123, },
				{ -0.99148, -0.13023, -0.00000, 0.00000, 0.13023, -0.99148, 0.00000, 0.00000, -0.00000, 0.00000, 1.00000, 0.00000, 0.29901, 14.59060, 0.00000, 1.00000, seed = 123, },
				{ -0.99570, 0.09267, -0.00000, 0.00000, -0.09267, -0.99570, 0.00000, 0.00000, -0.00000, 0.00000, 1.00000, 0.00000, -0.74096, 14.56910, 0.00000, 1.00000, seed = 123, },
			},
			["era_a_com_1_asset_ground_sunshade.grp"] = {
				{ 0.98371, 0.17974, 0.00000, 0.00000, -0.17974, 0.98371, 0.00000, 0.00000, 0.00000, 0.00000, 1.00000, 0.00000, -4.11353, 20.37501, 0.00000, 1.00000, seed = 123, },
				{ 0.34585, -0.93829, 0.00000, 0.00000, 0.93829, 0.34585, 0.00000, 0.00000, 0.00000, 0.00000, 1.00000, 0.00000, -4.08041, 15.79500, 0.00000, 1.00000, seed = 123, },
				{ 0.44931, -0.89338, 0.00000, 0.00000, 0.89338, 0.44931, 0.00000, 0.00000, 0.00000, 0.00000, 1.00000, 0.00000, -0.09594, 20.37497, 0.00000, 1.00000, seed = 123, },
				{ 0.54155, -0.84067, 0.00000, 0.00000, 0.84067, 0.54155, 0.00000, 0.00000, 0.00000, 0.00000, 1.00000, 0.00000, 4.15565, 20.37505, 0.00000, 1.00000, seed = 123, },
				{ 0.04226, 0.99911, 0.00000, 0.00000, -0.99911, 0.04226, 0.00000, 0.00000, 0.00000, 0.00000, 1.00000, 0.00000, 4.45193, 15.79501, 0.00000, 1.00000, seed = 123, },
				{ -0.85201, 0.52353, 0.00000, 0.00000, -0.52353, -0.85201, 0.00000, 0.00000, 0.00000, 0.00000, 1.00000, 0.00000, -4.17660, 11.17508, 0.00000, 1.00000, seed = 123, },
				{ 0.50427, -0.86355, 0.00000, 0.00000, 0.86355, 0.50427, 0.00000, 0.00000, 0.00000, 0.00000, 1.00000, 0.00000, -0.16205, 15.32497, 0.00000, 1.00000, seed = 123, },
			},
			["era_a_com_1_asset_ground_table.grp"] = {
				{ 0.99717, -0.07518, 0.00000, 0.00000, 0.07518, 0.99717, 0.00000, 0.00000, 0.00000, 0.00000, 1.00000, 0.00000, -4.11240, 20.39000, 0.00000, 1.00000, seed = 123, },
				{ 0.99759, 0.06943, 0.00000, 0.00000, -0.06943, 0.99759, 0.00000, 0.00000, 0.00000, 0.00000, 1.00000, 0.00000, -4.08145, 15.81000, 0.00000, 1.00000, seed = 123, },
				{ 1.00000, 0.00174, 0.00000, 0.00000, -0.00174, 1.00000, 0.00000, 0.00000, 0.00000, 0.00000, 1.00000, 0.00000, -0.09597, 20.39000, 0.00000, 1.00000, seed = 123, },
				{ 0.99417, 0.10782, 0.00000, 0.00000, -0.10782, 0.99417, 0.00000, 0.00000, 0.00000, 0.00000, 1.00000, 0.00000, 4.15403, 20.39000, 0.00000, 1.00000, seed = 123, },
				{ 0.99734, 0.07285, 0.00000, 0.00000, -0.07285, 0.99734, 0.00000, 0.00000, 0.00000, 0.00000, 1.00000, 0.00000, 4.45083, 15.81000, 0.00000, 1.00000, seed = 123, },
				{ 0.99263, 0.12117, 0.00000, 0.00000, -0.12117, 0.99263, 0.00000, 0.00000, 0.00000, 0.00000, 1.00000, 0.00000, -4.17842, 11.19000, 0.00000, 1.00000, seed = 123, },
				{ 1.00000, 0.00145, 0.00000, 0.00000, -0.00145, 1.00000, 0.00000, 0.00000, 0.00000, 0.00000, 1.00000, 0.00000, -0.16207, 15.34000, 0.00000, 1.00000, seed = 123, },
			},
			["era_a_com_1_asset_restaurant_sign_02.grp"] = {
				{ 0.63992, 0.00000, 0.00000, 0.00000, 0.00000, 0.61695, -0.16994, 0.00000, 0.00000, 0.16994, 0.61695, 0.00000, -3.16500, 2.27500, 2.57500, 1.00000, align = { 0.00000, 0.00000 }, seed = 458, },
				{ 0.63992, 0.00000, 0.00000, 0.00000, 0.00000, 0.61695, -0.16994, 0.00000, 0.00000, 0.16994, 0.61695, 0.00000, 3.33500, 2.27500, 2.57500, 1.00000, align = { 0.00000, 0.00000 }, seed = 458, },
				{ -0.00000, -1.00000, 0.00000, 0.00000, 0.99619, -0.00000, -0.08716, 0.00000, 0.08716, -0.00000, 0.99619, 0.00000, -4.88500, 5.25500, 3.69500, 1.00000, align = { 0.00000, 0.00000 }, seed = 458, },
				{ 0.00000, 1.00000, 0.00000, 0.00000, -0.99619, 0.00000, -0.08716, 0.00000, -0.08716, 0.00000, 0.99619, 0.00000, 5.01500, 5.25500, 3.69500, 1.00000, align = { 0.00000, 0.00000 }, seed = 458, },
			},
			["era_a_com_1_asset_restaurant_wall_sign_02.grp"] = {
				{ 1.00000, 0.00000, 0.00000, 0.00000, 0.00000, 1.00000, 0.00000, 0.00000, 0.00000, 0.00000, 1.00000, 0.00000, 4.72000, 2.28000, 2.64000, 1.00000, align = { 0.00000, 0.00000 }, seed = 458, },
			},
			["era_a_garden_bench.grp"] = {
				{ -0.00000, 1.00000, -0.00000, 0.00000, -1.00000, -0.00000, 0.00000, 0.00000, -0.00000, 0.00000, 1.00000, 0.00000, 5.61000, 6.90000, 0.00000, 1.00000, },
			},
			["era_a_garden_chair.grp"] = {
				{ 0.83292, 0.55339, 0.00000, 0.00000, -0.55339, 0.83292, 0.00000, 0.00000, 0.00000, 0.00000, 1.00000, 0.00000, 6.84000, 9.66000, 0.00000, 1.00000, },
			},
			["random_shrub_town.grp"] = {
				{ 0.73206, -0.10810, 0.00000, 0.00000, 0.10810, 0.73206, -0.00000, 0.00000, -0.00000, 0.00000, 0.74000, 0.00000, -6.33000, 3.64380, 0.00000, 1.00000, },
				{ 0.73206, -0.10810, 0.00000, 0.00000, 0.10810, 0.73206, -0.00000, 0.00000, -0.00000, 0.00000, 0.74000, 0.00000, 6.27000, 3.48380, 0.00000, 1.00000, },
				{ -0.53614, 0.31455, 0.00000, 0.00000, -0.31455, -0.53614, -0.00000, 0.00000, 0.00000, -0.00000, 0.62160, 0.00000, 7.13000, 3.48380, 0.00000, 1.00000, },
			},
			["random_shrub_town_fence.grp"] = {
				{ -0.73634, 0.07350, -0.00000, 0.00000, -0.07350, -0.73634, 0.00000, 0.00000, -0.00000, 0.00000, 0.74000, 0.00000, -6.97000, 6.56380, 0.00000, 1.00000, },
				{ -0.07350, -0.73634, -0.00000, 0.00000, 0.73634, -0.07350, -0.00000, 0.00000, -0.00000, -0.00000, 0.74000, 0.00000, -6.97000, 8.06380, 0.00000, 1.00000, },
				{ 0.73634, -0.07350, 0.00000, 0.00000, 0.07350, 0.73634, -0.00000, 0.00000, -0.00000, 0.00000, 0.74000, 0.00000, -6.97000, 9.56380, 0.00000, 1.00000, },
				{ 0.07350, 0.73634, 0.00000, 0.00000, -0.73634, 0.07350, -0.00000, 0.00000, -0.00000, -0.00000, 0.74000, 0.00000, -6.97000, 11.06380, 0.00000, 1.00000, },
				{ -0.73634, 0.07350, -0.00000, 0.00000, -0.07350, -0.73634, 0.00000, 0.00000, -0.00000, 0.00000, 0.74000, 0.00000, -6.97000, 12.56380, 0.00000, 1.00000, },
				{ -0.07350, -0.73634, -0.00000, 0.00000, 0.73634, -0.07350, -0.00000, 0.00000, -0.00000, -0.00000, 0.74000, 0.00000, -6.97000, 14.06380, 0.00000, 1.00000, },
				{ 0.73634, -0.07350, 0.00000, 0.00000, 0.07350, 0.73634, -0.00000, 0.00000, -0.00000, 0.00000, 0.74000, 0.00000, -6.97000, 15.56380, 0.00000, 1.00000, },
				{ 0.07350, 0.73634, 0.00000, 0.00000, -0.73634, 0.07350, -0.00000, 0.00000, -0.00000, -0.00000, 0.74000, 0.00000, -6.97000, 17.06380, 0.00000, 1.00000, },
				{ -0.73634, 0.07350, -0.00000, 0.00000, -0.07350, -0.73634, 0.00000, 0.00000, -0.00000, 0.00000, 0.74000, 0.00000, -6.97000, 18.56380, 0.00000, 1.00000, },
				{ -0.07350, -0.73634, -0.00000, 0.00000, 0.73634, -0.07350, -0.00000, 0.00000, -0.00000, -0.00000, 0.74000, 0.00000, -6.97000, 20.06380, 0.00000, 1.00000, },
				{ 0.73634, -0.07350, 0.00000, 0.00000, 0.07350, 0.73634, -0.00000, 0.00000, -0.00000, 0.00000, 0.74000, 0.00000, -6.97000, 21.56380, 0.00000, 1.00000, },
				{ -0.73634, 0.07350, -0.00000, 0.00000, -0.07350, -0.73634, 0.00000, 0.00000, -0.00000, 0.00000, 0.74000, 0.00000, 5.36000, 11.09380, 0.00000, 1.00000, },
				{ -0.07350, -0.73634, -0.00000, 0.00000, 0.73634, -0.07350, -0.00000, 0.00000, -0.00000, -0.00000, 0.74000, 0.00000, 1.93999, 11.12380, 0.00000, 1.00000, },
				{ 0.73634, -0.07350, 0.00000, 0.00000, 0.07350, 0.73634, -0.00000, 0.00000, -0.00000, 0.00000, 0.74000, 0.00000, 3.75000, 11.31380, 0.00000, 1.00000, },
				{ 0.07350, 0.73634, 0.00000, 0.00000, -0.73634, 0.07350, -0.00000, 0.00000, -0.00000, -0.00000, 0.74000, 0.00000, 7.08000, 11.06380, 0.00000, 1.00000, },
				{ -0.73634, 0.07350, -0.00000, 0.00000, -0.07350, -0.73634, 0.00000, 0.00000, -0.00000, 0.00000, 0.74000, 0.00000, 7.08000, 12.56380, 0.00000, 1.00000, },
				{ -0.07350, -0.73634, -0.00000, 0.00000, 0.73634, -0.07350, -0.00000, 0.00000, -0.00000, -0.00000, 0.74000, 0.00000, 7.08000, 14.06380, 0.00000, 1.00000, },
				{ 0.73634, -0.07350, 0.00000, 0.00000, 0.07350, 0.73634, -0.00000, 0.00000, -0.00000, 0.00000, 0.74000, 0.00000, 7.08000, 15.56380, 0.00000, 1.00000, },
				{ 0.07350, 0.73634, 0.00000, 0.00000, -0.73634, 0.07350, -0.00000, 0.00000, -0.00000, -0.00000, 0.74000, 0.00000, 7.08000, 17.06380, 0.00000, 1.00000, },
				{ -0.73634, 0.07350, -0.00000, 0.00000, -0.07350, -0.73634, 0.00000, 0.00000, -0.00000, 0.00000, 0.74000, 0.00000, 7.08000, 18.56380, 0.00000, 1.00000, },
				{ -0.07350, -0.73634, -0.00000, 0.00000, 0.73634, -0.07350, -0.00000, 0.00000, -0.00000, -0.00000, 0.74000, 0.00000, 7.08000, 20.06380, 0.00000, 1.00000, },
				{ 0.73634, -0.07350, 0.00000, 0.00000, 0.07350, 0.73634, -0.00000, 0.00000, -0.00000, 0.00000, 0.74000, 0.00000, 7.08000, 21.56380, 0.00000, 1.00000, },
				{ -0.07350, -0.73634, -0.00000, 0.00000, 0.73634, -0.07350, -0.00000, 0.00000, -0.00000, -0.00000, 0.74000, 0.00000, -6.80000, 23.05000, 0.00000, 1.00000, },
				{ 0.73634, -0.07350, 0.00000, 0.00000, 0.07350, 0.73634, -0.00000, 0.00000, -0.00000, 0.00000, 0.74000, 0.00000, -5.30000, 23.05000, 0.00000, 1.00000, },
				{ 0.07350, 0.73634, 0.00000, 0.00000, -0.73634, 0.07350, -0.00000, 0.00000, -0.00000, -0.00000, 0.74000, 0.00000, -3.80000, 23.05000, 0.00000, 1.00000, },
				{ -0.73634, 0.07350, -0.00000, 0.00000, -0.07350, -0.73634, 0.00000, 0.00000, -0.00000, 0.00000, 0.74000, 0.00000, -2.30000, 23.05000, 0.00000, 1.00000, },
				{ -0.07350, -0.73634, -0.00000, 0.00000, 0.73634, -0.07350, -0.00000, 0.00000, -0.00000, -0.00000, 0.74000, 0.00000, -0.80000, 23.05000, 0.00000, 1.00000, },
				{ 0.73634, -0.07350, 0.00000, 0.00000, 0.07350, 0.73634, -0.00000, 0.00000, -0.00000, 0.00000, 0.74000, 0.00000, 0.70000, 23.05000, 0.00000, 1.00000, },
				{ 0.07350, 0.73634, 0.00000, 0.00000, -0.73634, 0.07350, -0.00000, 0.00000, -0.00000, -0.00000, 0.74000, 0.00000, 2.20000, 23.05000, 0.00000, 1.00000, },
				{ -0.73634, 0.07350, -0.00000, 0.00000, -0.07350, -0.73634, 0.00000, 0.00000, -0.00000, 0.00000, 0.74000, 0.00000, 3.70000, 23.05000, 0.00000, 1.00000, },
				{ -0.07350, -0.73634, -0.00000, 0.00000, 0.73634, -0.07350, -0.00000, 0.00000, -0.00000, -0.00000, 0.74000, 0.00000, 5.20000, 23.05000, 0.00000, 1.00000, },
				{ 0.73892, -0.04002, 0.00000, 0.00000, 0.04002, 0.73892, 0.00000, 0.00000, -0.00000, -0.00000, 0.74000, 0.00000, 7.05000, 23.05000, 0.00000, 1.00000, },
			},
		},
	},
}
--End Generated

function data()
	return townbuildingutil.make_building2(
		{ { -4.60, -0.10 }, { 4.60, -0.10 }, { 4.60, 9.10 }, { -4.60, 9.10 } },
		"COMMERCIAL", 
		"A", 
		1,
		{ 2, 3 },
		generatedData,
		"construction/building/era_a/com_1_2x3_01.gtex"
	)
end
