local townbuildingutil = require "townbuildingutil"

--Model file: "building/era_a/com_1_2x3_02.mdl"

--Begin Generated
local generatedData = {
	["base"] = {
		models = {
			["building/era_a/com_1_2x3_02.mdl"] = {
				{ 1.00000, 0.00000, 0.00000, 0.00000, 0.00000, 1.00000, 0.00000, 0.00000, 0.00000, 0.00000, 1.00000, 0.00000, 1.11000, 0.00000, 0.00000, 1.00000, },
			},
			["building/era_a/ind_1_1x1_02.mdl"] = {
				{ 1.00000, 0.00000, 0.00000, 0.00000, 0.00000, 1.00000, 0.00000, 0.00000, 0.00000, 0.00000, 1.00000, 0.00000, -1.89000, 16.80000, 0.00000, 1.00000, },
			},
		},
		curves = {
			["scaffold"] = {
				{ { 1.42787, 17.46953, 0.00000 }, { 1.42787, 17.46953, 0.00000 }, { 1.42787, 24.10417, 0.00000 }, { 1.42787, 24.10417, 0.00000 }, { 1.42787, 24.10417, 0.00000 }, { -5.21568, 24.10417, 0.00000 }, { -5.21568, 24.10417, 0.00000 }, { -5.21568, 24.10417, 0.00000 }, { -5.21568, 17.46953, 0.00000 }, { -5.21568, 17.46952, 0.00000 }, },
				{ { 7.68617, 1.34570, 0.00000 }, { 7.68617, 1.34570, 0.00000 }, { 7.68617, 6.34570, 0.00000 }, { 7.68617, 6.34570, 0.00000 }, { 7.68617, 6.34570, 0.00000 }, { 6.70058, 6.34570, 0.00000 }, { 6.70058, 6.34570, 0.00000 }, { 6.70058, 6.34570, 0.00000 }, { 6.70058, 8.06108, 0.00000 }, { 6.70058, 8.06108, 0.00000 }, { 6.70058, 8.06108, 0.00000 }, { -3.69225, 8.06108, 0.00000 }, { -3.69225, 8.06108, 0.00000 }, { -3.69225, 8.06108, 0.00000 }, { -3.69225, 4.69158, 0.00000 }, { -3.69225, 4.69158, 0.00000 }, { -3.69225, 4.69158, 0.00000 }, { -6.06578, 4.69158, 0.00000 }, { -6.06578, 4.69158, 0.00000 }, { -6.06578, 4.69158, 0.00000 }, { -6.06578, 3.29158, 0.00000 }, { -6.06578, 3.29158, 0.00000 }, { -6.06578, 3.29158, 0.00000 }, { -3.69225, 3.29158, 0.00000 }, { -3.69225, 3.29158, 0.00000 }, { -3.69225, 3.29158, 0.00000 }, { -3.69225, 1.97263, 0.00000 }, { -3.69225, 1.97263, 0.00000 }, { -3.69225, 1.97263, 0.00000 }, { 6.43617, 1.97263, 0.00000 }, { 6.43617, 1.97263, 0.00000 }, { 6.43617, 1.97263, 0.00000 }, { 6.43617, 1.30000, 0.00000 }, { 6.43617, 1.30000, 0.00000 }, },
			},
			["shared/asphalt_02.gtex.lua;shared/dirt.gtex.lua"] = {
				{ { 8.00000, -0.00100, 0.00000 }, { 8.00000, -0.00100, 0.00000 }, { 8.00000, 24.00000, 0.00000 }, { 8.00000, 24.00000, 0.00000 }, { 8.00000, 24.00000, 0.00000 }, { 1.15518, 24.00000, 0.00000 }, { 1.15518, 24.00000, 0.00000 }, { 1.15518, 24.00000, 0.00000 }, { 1.15518, 7.99577, 0.00000 }, { 1.15518, 7.99577, 0.00000 }, { 1.15518, 7.99577, 0.00000 }, { -3.94000, 8.00000, 0.00000 }, { -3.94000, 8.00000, 0.00000 }, { -3.94000, 8.00000, 0.00000 }, { -8.00000, 8.00000, 0.00000 }, { -8.00000, 8.00000, 0.00000 }, { -8.00000, 8.00000, 0.00000 }, { -8.00000, -0.00100, 0.00000 }, { -8.00000, -0.00100, 0.00000 }, },
			},
			["shared/gravel_03.gtex.lua;shared/dirt.gtex.lua"] = {
				{ { 1.15518, 7.99577, 0.00000 }, { 1.15518, 7.99578, 0.00000 }, { 1.15518, 24.00000, 0.00000 }, { 1.15518, 24.00000, 0.00000 }, { 1.15518, 24.00000, 0.00000 }, { -8.00000, 24.00000, 0.00000 }, { -8.00000, 24.00000, 0.00000 }, { -8.00000, 24.00000, 0.00000 }, { -8.00000, 8.00000, 0.00000 }, { -8.00000, 8.00000, 0.00000 }, },
			},
		},
	},
	["layout_1"] = {
		models = {
			["asset/commercial/all_eras/era_a_com_wall.mdl"] = {
				{ 0.00000, 1.00000, 0.00000, 0.00000, -1.00000, 0.00000, -0.00000, 0.00000, -0.00000, -0.00000, 1.00000, 0.00000, -7.85001, 22.49900, 0.00000, 1.00000, },
				{ 0.00000, 1.00000, 0.00000, 0.00000, -1.00000, 0.00000, -0.00000, 0.00000, -0.00000, -0.00000, 1.00000, 0.00000, -7.85001, 19.49900, 0.00000, 1.00000, },
				{ 0.00000, 1.00000, 0.00000, 0.00000, -1.00000, 0.00000, -0.00000, 0.00000, -0.00000, -0.00000, 1.00000, 0.00000, -7.85001, 16.49900, 0.00000, 1.00000, },
				{ 0.00000, 1.00000, 0.00000, 0.00000, -1.00000, 0.00000, -0.00000, 0.00000, -0.00000, -0.00000, 1.00000, 0.00000, -7.85001, 13.49900, 0.00000, 1.00000, },
				{ 0.00000, 1.00000, 0.00000, 0.00000, -1.00000, 0.00000, -0.00000, 0.00000, -0.00000, -0.00000, 1.00000, 0.00000, -7.85000, 10.49900, 0.00000, 1.00000, },
				{ 0.00000, 1.00000, 0.00000, 0.00000, -1.00000, 0.00000, -0.00000, 0.00000, -0.00000, -0.00000, 1.00000, 0.00000, -7.85000, 7.49900, 0.00000, 1.00000, },
				{ 0.00000, 1.00000, 0.00000, 0.00000, -1.00000, 0.00000, -0.00000, 0.00000, -0.00000, -0.00000, 1.00000, 0.00000, -7.85000, 4.49900, 0.00000, 1.00000, },
				{ 0.00000, 1.00000, 0.00000, 0.00000, -1.00000, 0.00000, -0.00000, 0.00000, -0.00000, -0.00000, 1.00000, 0.00000, -7.85000, 1.49900, 0.00000, 1.00000, },
				{ 0.00000, 1.00000, 0.00000, 0.00000, -1.00000, 0.00000, -0.00000, 0.00000, -0.00000, -0.00000, 1.00000, 0.00000, 7.85000, 1.49900, 0.00000, 1.00000, },
				{ 0.00000, 1.00000, 0.00000, 0.00000, -1.00000, 0.00000, -0.00000, 0.00000, -0.00000, -0.00000, 1.00000, 0.00000, 7.85000, 4.49900, 0.00000, 1.00000, },
				{ 0.00000, 1.00000, 0.00000, 0.00000, -1.00000, 0.00000, -0.00000, 0.00000, -0.00000, -0.00000, 1.00000, 0.00000, 7.85000, 7.49900, 0.00000, 1.00000, },
				{ 0.00000, 1.00000, 0.00000, 0.00000, -1.00000, 0.00000, -0.00000, 0.00000, -0.00000, -0.00000, 1.00000, 0.00000, 1.17000, 7.49900, 0.00000, 1.00000, },
				{ 0.00000, 1.00000, 0.00000, 0.00000, -1.00000, 0.00000, -0.00000, 0.00000, -0.00000, -0.00000, 1.00000, 0.00000, 7.85000, 10.49900, 0.00000, 1.00000, },
				{ 0.00000, 1.00000, 0.00000, 0.00000, -1.00000, 0.00000, -0.00000, 0.00000, -0.00000, -0.00000, 1.00000, 0.00000, 1.17000, 10.49900, 0.00000, 1.00000, },
				{ 1.00000, -0.00000, 0.00000, 0.00000, 0.00000, 1.00000, -0.00000, 0.00000, -0.00000, 0.00000, 1.00000, 0.00000, -6.20000, 23.84900, 0.00000, 1.00000, },
				{ 1.00000, -0.00000, 0.00000, 0.00000, 0.00000, 1.00000, -0.00000, 0.00000, -0.00000, 0.00000, 1.00000, 0.00000, -3.20000, 23.84900, 0.00000, 1.00000, },
				{ 1.00000, -0.00000, 0.00000, 0.00000, 0.00000, 1.00000, -0.00000, 0.00000, -0.00000, 0.00000, 1.00000, 0.00000, -0.20000, 23.84900, 0.00000, 1.00000, },
				{ 1.13123, -0.00000, 0.00000, 0.00000, 0.00000, 1.00000, -0.00000, 0.00000, -0.00000, 0.00000, 1.00000, 0.00000, 3.00000, 23.84900, 0.00000, 1.00000, },
				{ 1.00000, -0.00000, 0.00000, 0.00000, 0.00000, 1.00000, -0.00000, 0.00000, -0.00000, 0.00000, 1.00000, 0.00000, 6.20000, 23.84900, 0.00000, 1.00000, },
				{ 0.00000, 1.00000, 0.00000, 0.00000, -1.00000, 0.00000, -0.00000, 0.00000, -0.00000, -0.00000, 1.00000, 0.00000, 7.85001, 13.49900, 0.00000, 1.00000, },
				{ 0.00000, 1.00000, 0.00000, 0.00000, -1.00000, 0.00000, -0.00000, 0.00000, -0.00000, -0.00000, 1.00000, 0.00000, 1.17001, 13.49900, 0.00000, 1.00000, },
				{ 0.00000, 1.00000, 0.00000, 0.00000, -1.00000, 0.00000, -0.00000, 0.00000, -0.00000, -0.00000, 1.00000, 0.00000, 7.85001, 16.49900, 0.00000, 1.00000, },
				{ 0.00000, 1.00000, 0.00000, 0.00000, -1.00000, 0.00000, -0.00000, 0.00000, -0.00000, -0.00000, 1.00000, 0.00000, 1.17001, 16.49900, 0.00000, 1.00000, },
				{ 0.00000, 1.00000, 0.00000, 0.00000, -1.00000, 0.00000, -0.00000, 0.00000, -0.00000, -0.00000, 1.00000, 0.00000, 7.85001, 19.49900, 0.00000, 1.00000, },
				{ 0.00000, 1.00000, 0.00000, 0.00000, -1.00000, 0.00000, -0.00000, 0.00000, -0.00000, -0.00000, 1.00000, 0.00000, 1.17001, 19.49900, 0.00000, 1.00000, },
				{ 0.00000, 1.00000, 0.00000, 0.00000, -1.00000, 0.00000, -0.00000, 0.00000, -0.00000, -0.00000, 1.00000, 0.00000, 7.85001, 22.49900, 0.00000, 1.00000, },
				{ 0.00000, 0.90083, 0.00000, 0.00000, -1.00000, 0.00000, -0.00000, 0.00000, -0.00000, -0.00000, 1.00000, 0.00000, 1.17001, 22.34900, 0.00000, 1.00000, },
			},
			["asset/commercial/era_a/waggonwheel_01.mdl"] = {
				{ 0.25882, 0.96593, 0.00000, 0.00000, -0.96593, 0.25882, 0.00000, 0.00000, 0.00000, 0.00000, 1.00000, 0.00000, -6.50000, 13.72000, 0.00000, 1.00000, },
				{ -0.00000, 1.00000, 0.00000, 0.00000, -1.00000, -0.00000, 0.00000, 0.00000, 0.00000, 0.00000, 1.00000, 0.00000, -6.41000, 13.11000, 0.00000, 1.00000, },
			},
			["asset/commercial/era_a/waggonwheel_02.mdl"] = {
				{ -0.00000, 1.00000, 0.00000, 0.00000, -1.00000, -0.00000, 0.00000, 0.00000, 0.00000, 0.00000, 1.00000, 0.00000, -6.41000, 12.56000, 0.00000, 1.00000, },
			},
			["asset/industry/wooden_box_03.mdl"] = {
				{ -0.25882, -0.96593, 0.00000, 0.00000, 0.96593, -0.25882, 0.00000, 0.00000, 0.00000, 0.00000, 1.00000, 0.00000, 2.70000, 18.28000, 0.00000, 1.00000, },
				{ -0.01396, -0.99990, 0.00000, 0.00000, 0.99990, -0.01396, 0.00000, 0.00000, 0.00000, 0.00000, 1.00000, 0.00000, 2.70000, 16.98000, 0.00000, 1.00000, },
			},
			["asset/industry/wooden_box_04.mdl"] = {
				{ 1.00000, 0.00000, 0.00000, 0.00000, 0.00000, 1.00000, 0.00000, 0.00000, 0.00000, 0.00000, 1.00000, 0.00000, 5.99000, 13.43000, 0.00000, 1.00000, },
				{ 0.99705, 0.07672, 0.00000, 0.00000, -0.07672, 0.99705, 0.00000, 0.00000, 0.00000, 0.00000, 1.00000, 0.00000, 5.99000, 15.43000, 0.00000, 1.00000, },
			},
		},
		groups = {
			["era_a_barn_open.grp"] = {
				{ 0.57500, 0.00000, 0.00000, 0.00000, 0.00000, 0.57500, 0.00000, 0.00000, 0.00000, 0.00000, 0.57500, 0.00000, 4.50000, 15.85000, 0.00000, 1.00000, ignore = { 2, 50 }, },
			},
			["era_a_barrel_wood.grp"] = {
				{ 1.00000, 0.00000, 0.00000, 0.00000, 0.00000, 1.00000, 0.00000, 0.00000, 0.00000, 0.00000, 1.00000, 0.00000, 5.28648, 17.43596, -0.00000, 1.00000, },
				{ 0.93378, -0.35785, 0.00000, 0.00000, 0.35785, 0.93378, 0.00000, 0.00000, 0.00000, 0.00000, 1.00000, 0.00000, 6.63648, 18.19596, -0.00000, 1.00000, },
				{ 0.78132, -0.62413, 0.00000, 0.00000, 0.62413, 0.78132, 0.00000, 0.00000, 0.00000, 0.00000, 1.00000, 0.00000, 5.28648, 18.78596, -0.00000, 1.00000, },
				{ 0.61953, 0.78498, 0.00000, 0.00000, -0.78498, 0.61953, 0.00000, 0.00000, 0.00000, 0.00000, 1.00000, 0.00000, 6.63648, 20.08596, -0.00000, 1.00000, },
				{ 0.74861, -0.66301, 0.00000, 0.00000, 0.66301, 0.74861, 0.00000, 0.00000, 0.00000, 0.00000, 1.00000, 0.00000, 5.28648, 20.08596, -0.00000, 1.00000, },
				{ -0.40674, 0.91355, 0.00000, 0.00000, -0.91355, -0.40674, 0.00000, 0.00000, 0.00000, 0.00000, 1.00000, 0.00000, 6.63648, 21.43596, -0.00000, 1.00000, },
				{ 0.05115, -0.99869, 0.00000, 0.00000, 0.99869, 0.05115, 0.00000, 0.00000, 0.00000, 0.00000, 1.00000, 0.00000, 5.28648, 21.43596, -0.00000, 1.00000, },
			},
			["era_a_com_1_asset_food_ad_01.grp"] = {
				{ 0.16849, -0.98570, 0.00000, 0.00000, 0.98570, 0.16849, 0.00000, 0.00000, 0.00000, 0.00000, 1.00000, 0.00000, 5.90000, 1.60159, 0.00000, 1.00000, seed = 123, },
			},
			["era_a_com_1_asset_food_booth_03.grp"] = {
				{ 1.00000, 0.00000, 0.00000, 0.00000, 0.00000, 1.00000, 0.00000, 0.00000, 0.00000, 0.00000, 1.00000, 0.00000, 4.30500, 2.14500, 0.00000, 1.00000, align = { 1.11000, 0.00000 }, seed = 123, },
			},
			["era_a_com_1_asset_food_booth_04.grp"] = {
				{ 1.00000, 0.00000, 0.00000, 0.00000, 0.00000, 1.00000, 0.00000, 0.00000, 0.00000, 0.00000, 1.00000, 0.00000, 3.30500, 2.14500, 0.00000, 1.00000, align = { 1.11000, 0.00000 }, seed = 123, },
			},
			["era_a_com_1_asset_food_booth_05.grp"] = {
				{ 1.00000, 0.00000, 0.00000, 0.00000, 0.00000, 1.00000, 0.00000, 0.00000, 0.00000, 0.00000, 1.00000, 0.00000, 2.30500, 2.14500, 0.00000, 1.00000, align = { 1.11000, 0.00000 }, seed = 123, },
			},
			["era_a_com_1_asset_food_booth_end.grp"] = {
				{ 1.00000, 0.00000, 0.00000, 0.00000, 0.00000, 1.00000, 0.00000, 0.00000, 0.00000, 0.00000, 1.00000, 0.00000, 4.30500, 2.14500, 0.00000, 1.00000, align = { 1.11000, 0.00000 }, seed = 123, },
			},
			["era_a_com_1_asset_food_booth_start.grp"] = {
				{ 1.00000, 0.00000, 0.00000, 0.00000, 0.00000, 1.00000, 0.00000, 0.00000, 0.00000, 0.00000, 1.00000, 0.00000, 2.30500, 2.14500, 0.00000, 1.00000, align = { 1.11000, 0.00000 }, seed = 123, },
			},
			["era_a_com_1_asset_food_wall_sign_01.grp"] = {
				{ 1.00000, 0.00000, 0.00000, 0.00000, 0.00000, 1.00000, 0.00000, 0.00000, 0.00000, 0.00000, 1.00000, 0.00000, 1.21000, 2.14238, 2.57200, 1.00000, align = { 1.11000, 0.00000 }, seed = 123, },
			},
			["era_a_com_1_asset_gstore_sign_01.grp"] = {
				{ 1.00000, 0.00000, 0.00000, 0.00000, 0.00000, 1.00000, 0.00000, 0.00000, 0.00000, 0.00000, 1.00000, 0.00000, 3.87000, 2.14000, 4.11000, 1.00000, align = { 1.11000, 0.00000 }, seed = 123, },
				{ -0.00000, 1.00000, 0.00000, 0.00000, -1.00000, -0.00000, 0.00000, 0.00000, 0.00000, 0.00000, 1.00000, 0.00000, 6.49000, 5.08000, 4.11000, 1.00000, align = { 1.11000, 0.00000 }, seed = 123, },
			},
			["era_a_com_2_asset_horse_sign_01.grp"] = {
				{ -0.00000, -0.81000, 0.00000, 0.00000, 0.81000, -0.00000, 0.00000, 0.00000, 0.00000, 0.00000, 0.81000, 0.00000, -3.58000, 4.97503, 4.16000, 1.00000, align = { 1.11000, 0.00000 }, seed = 123, },
			},
			["era_a_com_2_asset_horse_wall_sign_01.grp"] = {
				{ 0.75000, 0.00000, 0.00000, 0.00000, 0.00000, 0.75000, 0.00000, 0.00000, 0.00000, 0.00000, 0.75000, 0.00000, -3.44000, 2.30000, 3.10500, 1.00000, align = { 1.11000, 0.00000 }, seed = 123, },
			},
			["era_a_com_2_asset_shop_awning_end.grp"] = {
				{ 0.85425, 0.00000, 0.00000, 0.00000, 0.00000, 1.00000, 0.00000, 0.00000, 0.00000, 0.00000, 1.00000, 0.00000, 5.19274, 2.14000, 3.66000, 1.00000, align = { 1.11000, 0.00000 }, seed = 123, },
			},
			["era_a_com_2_asset_shop_awning_repeat.grp"] = {
				{ 0.85425, 0.00000, 0.00000, 0.00000, 0.00000, 1.00000, 0.00000, 0.00000, 0.00000, 0.00000, 1.00000, 0.00000, 2.63000, 2.14000, 3.66000, 1.00000, align = { 1.11000, 0.00000 }, seed = 123, },
				{ 0.85425, 0.00000, 0.00000, 0.00000, 0.00000, 1.00000, 0.00000, 0.00000, 0.00000, 0.00000, 1.00000, 0.00000, 5.19274, 2.14000, 3.66000, 1.00000, align = { 1.11000, 0.00000 }, seed = 123, },
			},
			["era_a_com_2_asset_shop_awning_start.grp"] = {
				{ 0.85425, 0.00000, 0.00000, 0.00000, 0.00000, 1.00000, 0.00000, 0.00000, 0.00000, 0.00000, 1.00000, 0.00000, 2.63000, 2.14000, 3.66000, 1.00000, align = { 1.11000, 0.00000 }, seed = 123, },
			},
			["era_a_market_roof.grp"] = {
				{ -0.00000, 1.00000, 0.00000, 0.00000, -1.00000, -0.00000, 0.00000, 0.00000, 0.00000, 0.00000, 1.00000, 0.00000, -6.36000, 13.55000, 0.00000, 1.00000, },
			},
			["era_a_waggon_01.grp"] = {
				{ 0.18567, -0.98261, 0.00000, 0.00000, 0.98261, 0.18567, 0.00000, 0.00000, 0.00000, 0.00000, 1.00000, 0.00000, -1.21000, 9.43000, 0.00000, 1.00000, },
				{ -0.04362, -0.99905, 0.00000, 0.00000, 0.99905, -0.04362, 0.00000, 0.00000, 0.00000, 0.00000, 1.00000, 0.00000, -1.02000, 11.73000, 0.00000, 1.00000, },
				{ -0.29404, -0.95579, -0.00000, 0.00000, 0.95579, -0.29404, 0.00000, 0.00000, -0.00000, 0.00000, 1.00000, 0.00000, -0.99000, 13.92000, 0.00000, 1.00000, },
			},
			["era_a_wooden_box.grp"] = {
				{ 0.14608, -0.98927, 0.00000, 0.00000, 0.98927, 0.14608, 0.00000, 0.00000, 0.00000, 0.00000, 1.00000, 0.00000, -6.79000, 22.81000, 0.00000, 1.00000, },
				{ -0.17365, -0.98481, -0.00000, 0.00000, 0.98481, -0.17365, 0.00000, 0.00000, -0.00000, 0.00000, 1.00000, 0.00000, -6.79000, 21.45000, 0.00000, 1.00000, },
				{ -0.01396, -0.99990, -0.00000, 0.00000, 0.99990, -0.01396, 0.00000, 0.00000, -0.00000, 0.00000, 1.00000, 0.00000, -6.79000, 20.27000, 0.00000, 1.00000, },
				{ 0.89101, -0.45399, 0.00000, 0.00000, 0.45399, 0.89101, 0.00000, 0.00000, 0.00000, 0.00000, 1.00000, 0.00000, -6.53000, 18.37000, 0.00000, 1.00000, },
				{ -0.01396, -0.99990, -0.00000, 0.00000, 0.99990, -0.01396, 0.00000, 0.00000, -0.00000, 0.00000, 1.00000, 0.00000, 2.26000, 9.67000, 0.00000, 1.00000, },
				{ -0.01396, -0.99990, -0.00000, 0.00000, 0.99990, -0.01396, 0.00000, 0.00000, -0.00000, 0.00000, 1.00000, 0.00000, 3.61000, 9.67000, 0.00000, 1.00000, },
				{ -0.17365, -0.98481, -0.00000, 0.00000, 0.98481, -0.17365, 0.00000, 0.00000, -0.00000, 0.00000, 1.00000, 0.00000, 3.76000, 10.95000, 0.00000, 1.00000, },
				{ -0.01047, -0.99995, -0.00000, 0.00000, 0.99995, -0.01047, 0.00000, 0.00000, -0.00000, 0.00000, 1.00000, 0.00000, 2.41000, 10.95000, 0.00000, 1.00000, },
				{ 0.14608, -0.98927, 0.00000, 0.00000, 0.98927, 0.14608, 0.00000, 0.00000, 0.00000, 0.00000, 1.00000, 0.00000, 3.61000, 12.21000, 0.00000, 1.00000, },
			},
		},
	},
}
--End Generated

function data()
	return townbuildingutil.make_building2(
		{ { -4.60, -0.10 }, { 4.60, -0.10 }, { 4.60, 9.10 }, { -4.60, 9.10 } },
		"COMMERCIAL", 
		"A", 
		1,
		{ 2, 3 },
		generatedData,
		"construction/building/era_a/com_1_2x3_02.gtex"
	)
end
