local townbuildingutil = require "townbuildingutil"

--Model file: "building/era_a/com_1_3x4_03.mdl"

--Begin Generated
local generatedData = {
	["base"] = {
		models = {
			["building/era_a/com_1_3x4_03.mdl"] = {
				{ 1.00000, 0.00000, 0.00000, 0.00000, 0.00000, 1.00000, 0.00000, 0.00000, 0.00000, 0.00000, 1.00000, 0.00000, 0.00000, 3.00000, 0.00000, 1.00000, },
			},
		},
		curves = {
			["scaffold"] = {
				{ { 2.58398, 4.88959, 0.00000 }, { 2.58398, 4.88959, 0.00000 }, { 2.58398, 5.56260, 0.00000 }, { 2.58398, 5.56260, 0.00000 }, { 2.58398, 5.56260, 0.00000 }, { 6.20996, 5.56273, 0.00000 }, { 6.20996, 5.56273, 0.00000 }, { 6.20996, 5.56273, 0.00000 }, { 6.20996, 13.32827, 0.00000 }, { 6.20996, 13.32827, 0.00000 }, { 6.20996, 13.32827, 0.00000 }, { 5.50977, 13.32827, 0.00000 }, { 5.50977, 13.32827, 0.00000 }, { 5.50977, 13.32827, 0.00000 }, { 5.50977, 15.08398, 0.00000 }, { 5.50977, 15.08398, 0.00000 }, { 5.50977, 15.08398, 0.00000 }, { -1.28381, 15.08398, 0.00000 }, { -1.28381, 15.08398, 0.00000 }, { -1.28381, 15.08398, 0.00000 }, { -1.28381, 13.32827, 0.00000 }, { -1.28381, 13.32827, 0.00000 }, { -1.28381, 13.32827, 0.00000 }, { -5.99023, 13.32839, 0.00000 }, { -5.99023, 13.32839, 0.00000 }, { -5.99023, 13.32839, 0.00000 }, { -5.99023, 5.56260, 0.00000 }, { -5.99023, 5.56260, 0.00000 }, { -5.99023, 5.56260, 0.00000 }, { -2.41602, 5.56260, 0.00000 }, { -2.41602, 5.56260, 0.00000 }, { -2.41602, 5.56260, 0.00000 }, { -2.41602, 4.88959, 0.00000 }, { -2.41602, 4.88959, 0.00000 }, },
			},
			["shared/asphalt_02.gtex.lua;shared/dirt.gtex.lua"] = {
				{ { 12.00000, 0.00000, 0.00000 }, { 12.00000, 0.00000, 0.00000 }, { 12.00000, 6.00000, 0.00000 }, { 12.00000, 6.00000, 0.00000 }, { 12.00000, 6.00000, 0.00000 }, { 6.10986, 6.00000, 0.00000 }, { 6.10986, 6.00000, 0.00000 }, { 6.10986, 6.00000, 0.00000 }, { 6.10986, 12.94549, 0.00000 }, { 6.10986, 12.94550, 0.00000 }, { 6.10986, 12.94550, 0.00000 }, { 5.10986, 12.94548, 0.00000 }, { 5.10986, 12.94548, 0.00000 }, { 5.10986, 12.94548, 0.00000 }, { 5.10986, 14.69763, 0.00000 }, { 5.10986, 14.69763, 0.00000 }, { 5.10986, 14.69763, 0.00000 }, { -0.88391, 14.69763, 0.00000 }, { -0.88391, 14.69763, 0.00000 }, { -0.88391, 14.69763, 0.00000 }, { -0.88391, 12.94548, 0.00000 }, { -0.88391, 12.94548, 0.00000 }, { -0.88391, 12.94548, 0.00000 }, { -5.89014, 12.94550, 0.00000 }, { -5.89014, 12.94550, 0.00000 }, { -5.89014, 12.94549, 0.00000 }, { -5.89014, 6.00000, 0.00000 }, { -5.89014, 6.00000, 0.00000 }, { -5.89014, 6.00000, 0.00000 }, { -12.00000, 6.00000, 0.00000 }, { -12.00000, 6.00000, 0.00000 }, { -12.00000, 6.00000, 0.00000 }, { -12.00000, 0.00000, 0.00000 }, { -12.00000, 0.00000, 0.00000 }, },
			},
			["shared/grass_cutted_01.gtex.lua"] = {
				{ { 4.00000, 18.00000, 0.00000 }, { 4.00000, 18.00000, 0.00000 }, { 4.00000, 23.59950, 0.00000 }, { 4.00000, 23.59950, 0.00000 }, { 4.00000, 23.59950, 0.00000 }, { -1.50000, 23.59950, 0.00000 }, { -1.50000, 23.59950, 0.00000 }, { -1.50000, 23.59950, 0.00000 }, { -1.50000, 18.00000, 0.00000 }, { -1.50000, 18.00000, 0.00000 }, },
				{ { 12.00000, 6.00000, 0.00000 }, { 12.00000, 6.00000, 0.00000 }, { 12.00998, 26.99900, 0.00000 }, { 12.00998, 26.99900, 0.00000 }, { 12.00998, 26.99900, 0.00000 }, { 7.96692, 26.99900, 0.00000 }, { 7.96692, 26.99900, 0.00000 }, { 7.96692, 26.99899, 0.00000 }, { 7.96692, 12.94550, 0.00000 }, { 7.96692, 12.94549, 0.00000 }, { 7.96692, 12.94549, 0.00000 }, { 6.10986, 12.94550, 0.00000 }, { 6.10986, 12.94550, 0.00000 }, { 6.10986, 12.94550, 0.00000 }, { 6.10986, 6.00000, 0.00000 }, { 6.10986, 6.00000, 0.00000 }, },
				{ { 9.00998, 26.99899, 0.00000 }, { 9.00998, 26.99899, 0.00000 }, { 9.00998, 31.99999, 0.00000 }, { 9.00998, 31.99999, 0.00000 }, { 9.00998, 31.99999, 0.00000 }, { -5.70001, 31.99999, 0.00000 }, { -5.70001, 31.99999, 0.00000 }, { -5.70001, 31.99999, 0.00000 }, { -5.70001, 26.99900, 0.00000 }, { -5.70001, 26.99900, 0.00000 }, },
				{ { -5.89014, 6.00000, 0.00000 }, { -5.89014, 6.00000, 0.00000 }, { -5.89014, 12.94549, 0.00000 }, { -5.89014, 12.94550, 0.00000 }, { -5.89014, 12.94550, 0.00000 }, { -12.00000, 12.94550, 0.00000 }, { -12.00000, 12.94550, 0.00000 }, { -12.00000, 12.94549, 0.00000 }, { -12.00000, 6.00000, 0.00000 }, { -12.00000, 6.00000, 0.00000 }, },
				{ { -9.20001, 12.94550, 0.00000 }, { -9.20001, 12.94550, 0.00000 }, { -9.20001, 23.59950, 0.00000 }, { -9.20001, 23.59950, 0.00000 }, { -9.20001, 23.59950, 0.00000 }, { -12.00000, 23.59950, 0.00000 }, { -12.00000, 23.59950, 0.00000 }, { -12.00000, 23.59950, 0.00000 }, { -12.00000, 12.94550, 0.00000 }, { -12.00000, 12.94550, 0.00000 }, },
			},
			["shared/gravel_02.gtex.lua"] = {
				{ { 4.00000, 14.69763, 0.00000 }, { 4.00000, 14.69763, 0.00000 }, { 4.00000, 18.00000, 0.00000 }, { 4.00000, 18.00000, 0.00000 }, { 4.00000, 18.00000, 0.00000 }, { -1.50000, 18.00000, 0.00000 }, { -1.50000, 18.00000, 0.00000 }, { -1.50000, 18.00000, 0.00000 }, { -1.50000, 23.59950, 0.00000 }, { -1.50000, 23.59950, 0.00000 }, { -1.50000, 23.59950, 0.00000 }, { -9.20001, 23.59950, 0.00000 }, { -9.20001, 23.59950, 0.00000 }, { -9.20001, 23.59950, 0.00000 }, { -9.20001, 12.94550, 0.00000 }, { -9.20001, 12.94550, 0.00000 }, { -9.20001, 12.94550, 0.00000 }, { -5.89014, 12.94550, 0.00000 }, { -5.89014, 12.94550, 0.00000 }, { -5.89014, 12.94550, 0.00000 }, { -0.88391, 12.94548, 0.00000 }, { -0.88391, 12.94548, 0.00000 }, { -0.88391, 12.94548, 0.00000 }, { -0.88391, 14.69763, 0.00000 }, { -0.88391, 14.69763, 0.00000 }, },
				{ { 7.96692, 12.94549, 0.00000 }, { 7.96692, 12.94550, 0.00000 }, { 7.96692, 26.99900, 0.00000 }, { 7.96692, 26.99900, 0.00000 }, { 7.96692, 26.99900, 0.00000 }, { -5.70001, 26.99900, 0.00000 }, { -5.70001, 26.99900, 0.00000 }, { -5.70001, 26.99900, 0.00000 }, { -5.70001, 23.59950, 0.00000 }, { -5.70001, 23.59950, 0.00000 }, { -5.70001, 23.59950, 0.00000 }, { 4.00000, 23.59950, 0.00000 }, { 4.00000, 23.59950, 0.00000 }, { 4.00000, 23.59950, 0.00000 }, { 4.00000, 14.69763, 0.00000 }, { 4.00000, 14.69763, 0.00000 }, { 4.00000, 14.69763, 0.00000 }, { 5.10986, 14.69763, 0.00000 }, { 5.10986, 14.69763, 0.00000 }, { 5.10986, 14.69763, 0.00000 }, { 5.10986, 12.94548, 0.00000 }, { 5.10986, 12.94548, 0.00000 }, },
			},
			["shared/gravel_03.gtex.lua;shared/dirt.gtex.lua"] = {
				{ { 12.00998, 26.99900, 0.00000 }, { 12.00998, 26.99900, 0.00000 }, { 12.00000, 31.99999, 0.00000 }, { 12.00000, 31.99999, 0.00000 }, { 12.00000, 31.99999, 0.00000 }, { 9.00998, 31.99999, 0.00000 }, { 9.00998, 31.99999, 0.00000 }, { 9.00998, 31.99999, 0.00000 }, { 9.00998, 26.99900, 0.00000 }, { 9.00998, 26.99900, 0.00000 }, },
			},
		},
	},
	["layout_1"] = {
		models = {
			["asset/commercial/all_eras/era_a_com_wall.mdl"] = {
				{ -1.00000, 0.00000, 0.00000, 0.00000, -0.00000, -1.00000, -0.00000, 0.00000, 0.00000, -0.00000, 1.00000, 0.00000, -7.20000, 6.15000, 0.00000, 1.00000, },
				{ -1.00000, 0.00000, 0.00000, 0.00000, -0.00000, -1.00000, -0.00000, 0.00000, 0.00000, -0.00000, 1.00000, 0.00000, 10.21000, 6.15000, 0.00000, 1.00000, },
				{ -1.00000, 0.00000, 0.00000, 0.00000, -0.00000, -1.00000, -0.00000, 0.00000, 0.00000, -0.00000, 1.00000, 0.00000, -10.20000, 6.15000, 0.00000, 1.00000, },
				{ -1.00000, 0.00000, 0.00000, 0.00000, -0.00000, -1.00000, -0.00000, 0.00000, 0.00000, -0.00000, 1.00000, 0.00000, 7.21000, 6.15000, 0.00000, 1.00000, },
				{ 1.00000, -0.00000, 0.00000, 0.00000, 0.00000, 1.00000, -0.00000, 0.00000, -0.00000, 0.00000, 1.00000, 0.00000, -10.20000, 23.84900, 0.00000, 1.00000, },
				{ 1.00000, -0.00000, 0.00000, 0.00000, 0.00000, 1.00000, -0.00000, 0.00000, -0.00000, 0.00000, 1.00000, 0.00000, -7.20000, 23.84900, 0.00000, 1.00000, },
				{ 1.00000, -0.00000, 0.00000, 0.00000, 0.00000, 1.00000, -0.00000, 0.00000, -0.00000, 0.00000, 1.00000, 0.00000, 10.20999, 26.84900, 0.00000, 1.00000, },
				{ 0.00000, 1.00000, 0.00000, 0.00000, -1.00000, 0.00000, -0.00000, 0.00000, -0.00000, -0.00000, 1.00000, 0.00000, -11.85000, 13.49900, 0.00000, 1.00000, },
				{ 0.00000, 1.00000, 0.00000, 0.00000, -1.00000, 0.00000, -0.00000, 0.00000, -0.00000, -0.00000, 1.00000, 0.00000, 11.85999, 13.49900, 0.00000, 1.00000, },
				{ 0.00000, 1.00000, 0.00000, 0.00000, -1.00000, 0.00000, -0.00000, 0.00000, -0.00000, -0.00000, 1.00000, 0.00000, -11.85000, 16.49900, 0.00000, 1.00000, },
				{ 0.00000, 1.00000, 0.00000, 0.00000, -1.00000, 0.00000, -0.00000, 0.00000, -0.00000, -0.00000, 1.00000, 0.00000, 11.85999, 16.49900, 0.00000, 1.00000, },
				{ 0.00000, 1.00000, 0.00000, 0.00000, -1.00000, 0.00000, -0.00000, 0.00000, -0.00000, -0.00000, 1.00000, 0.00000, -11.85000, 19.49900, 0.00000, 1.00000, },
				{ 0.00000, 1.00000, 0.00000, 0.00000, -1.00000, 0.00000, -0.00000, 0.00000, -0.00000, -0.00000, 1.00000, 0.00000, 11.85999, 19.49900, 0.00000, 1.00000, },
				{ 0.00000, 1.00000, 0.00000, 0.00000, -1.00000, 0.00000, -0.00000, 0.00000, -0.00000, -0.00000, 1.00000, 0.00000, -11.85000, 7.49900, 0.00000, 1.00000, },
				{ 0.00000, 1.00000, 0.00000, 0.00000, -1.00000, 0.00000, -0.00000, 0.00000, -0.00000, -0.00000, 1.00000, 0.00000, 11.86000, 7.49900, 0.00000, 1.00000, },
				{ 0.00000, 1.00000, 0.00000, 0.00000, -1.00000, 0.00000, -0.00000, 0.00000, -0.00000, -0.00000, 1.00000, 0.00000, -11.85000, 22.49900, 0.00000, 1.00000, },
				{ 0.00000, 1.00000, 0.00000, 0.00000, -1.00000, 0.00000, -0.00000, 0.00000, -0.00000, -0.00000, 1.00000, 0.00000, 11.85999, 22.49900, 0.00000, 1.00000, },
				{ 0.00000, 1.00000, 0.00000, 0.00000, -1.00000, 0.00000, -0.00000, 0.00000, -0.00000, -0.00000, 1.00000, 0.00000, 11.85999, 25.49900, 0.00000, 1.00000, },
				{ 0.00000, 1.00000, 0.00000, 0.00000, -1.00000, 0.00000, -0.00000, 0.00000, -0.00000, -0.00000, 1.00000, 0.00000, -5.85000, 25.49900, 0.00000, 1.00000, },
				{ 0.00000, 1.00000, 0.00000, 0.00000, -1.00000, 0.00000, -0.00000, 0.00000, -0.00000, -0.00000, 1.00000, 0.00000, -5.85000, 28.49900, 0.00000, 1.00000, },
				{ 0.00000, 1.00000, 0.00000, 0.00000, -1.00000, 0.00000, -0.00000, 0.00000, -0.00000, -0.00000, 1.00000, 0.00000, 8.85999, 28.49900, 0.00000, 1.00000, },
				{ 0.00000, 1.00000, 0.00000, 0.00000, -1.00000, 0.00000, -0.00000, 0.00000, -0.00000, -0.00000, 1.00000, 0.00000, -11.85000, 10.49900, 0.00000, 1.00000, },
				{ 0.00000, 1.00000, 0.00000, 0.00000, -1.00000, 0.00000, -0.00000, 0.00000, -0.00000, -0.00000, 1.00000, 0.00000, 11.86000, 10.49900, 0.00000, 1.00000, },
				{ 0.75000, -0.00000, 0.00000, 0.00000, 0.00000, 1.00000, -0.00000, 0.00000, -0.00000, 0.00000, 1.00000, 0.00000, -10.87550, 3.45100, 0.00000, 1.00000, align = { -10.89950, 1.80200 }, },
				{ 0.00000, 1.00000, 0.00000, 0.00000, -1.00000, 0.00000, -0.00000, 0.00000, -0.00000, -0.00000, 1.00000, 0.00000, -11.85000, 1.80100, 0.00000, 1.00000, align = { -10.89950, 1.80200 }, },
				{ 0.75000, -0.00000, 0.00000, 0.00000, 0.00000, 1.00000, -0.00000, 0.00000, -0.00000, 0.00000, 1.00000, 0.00000, -10.87450, 0.15000, 0.00000, 1.00000, align = { -10.89950, 1.80200 }, },
				{ 0.00000, 1.00000, 0.00000, 0.00000, -1.00000, 0.00000, -0.00000, 0.00000, -0.00000, -0.00000, 1.00000, 0.00000, -9.90050, 1.80100, 0.00000, 1.00000, align = { -10.89950, 1.80200 }, },
				{ 0.75000, -0.00000, 0.00000, 0.00000, 0.00000, 1.00000, -0.00000, 0.00000, -0.00000, 0.00000, 1.00000, 0.00000, 10.87400, 3.45100, 0.00000, 1.00000, align = { 10.85000, 1.80200 }, },
				{ 0.00000, 1.00000, 0.00000, 0.00000, -1.00000, 0.00000, -0.00000, 0.00000, -0.00000, -0.00000, 1.00000, 0.00000, 9.90400, 1.80100, 0.00000, 1.00000, align = { 10.85000, 1.80200 }, },
				{ 0.75000, -0.00000, 0.00000, 0.00000, 0.00000, 1.00000, -0.00000, 0.00000, -0.00000, 0.00000, 1.00000, 0.00000, 10.87500, 0.15000, 0.00000, 1.00000, align = { 10.85000, 1.80200 }, },
				{ 0.00000, 1.00000, 0.00000, 0.00000, -1.00000, 0.00000, -0.00000, 0.00000, -0.00000, -0.00000, 1.00000, 0.00000, 11.84900, 1.80100, 0.00000, 1.00000, align = { 10.85000, 1.80200 }, },
			},
			["station/rail/asset/era_a_street_pillar.mdl"] = {
				{ 1.00000, 0.00000, 0.00000, 0.00000, -0.00000, 1.00000, -0.00000, 0.00000, 0.00000, 0.00000, 1.00000, 0.00000, -8.00001, 0.26000, -0.00000, 1.00000, },
				{ 1.00000, 0.00000, 0.00000, 0.00000, -0.00000, 1.00000, -0.00000, 0.00000, 0.00000, 0.00000, 1.00000, 0.00000, -6.00001, 0.26000, -0.00000, 1.00000, },
				{ 1.00000, 0.00000, 0.00000, 0.00000, -0.00000, 1.00000, -0.00000, 0.00000, 0.00000, 0.00000, 1.00000, 0.00000, -4.00001, 0.26000, -0.00000, 1.00000, },
				{ 1.00000, 0.00000, 0.00000, 0.00000, -0.00000, 1.00000, -0.00000, 0.00000, 0.00000, 0.00000, 1.00000, 0.00000, -2.00001, 0.26000, -0.00000, 1.00000, },
				{ 1.00000, 0.00000, 0.00000, 0.00000, -0.00000, 1.00000, -0.00000, 0.00000, 0.00000, 0.00000, 1.00000, 0.00000, -0.00001, 0.26000, -0.00000, 1.00000, },
				{ 1.00000, 0.00000, 0.00000, 0.00000, -0.00000, 1.00000, -0.00000, 0.00000, 0.00000, 0.00000, 1.00000, 0.00000, 1.99999, 0.26000, -0.00000, 1.00000, },
				{ 1.00000, 0.00000, 0.00000, 0.00000, -0.00000, 1.00000, -0.00000, 0.00000, 0.00000, 0.00000, 1.00000, 0.00000, 3.99999, 0.26000, -0.00000, 1.00000, },
				{ 1.00000, 0.00000, 0.00000, 0.00000, -0.00000, 1.00000, -0.00000, 0.00000, 0.00000, 0.00000, 1.00000, 0.00000, 5.99999, 0.26000, -0.00000, 1.00000, },
				{ 1.00000, 0.00000, 0.00000, 0.00000, -0.00000, 1.00000, -0.00000, 0.00000, 0.00000, 0.00000, 1.00000, 0.00000, 7.99999, 0.26000, -0.00000, 1.00000, },
			},
			["street/street_asset_mix/mailbox_eu_a.mdl"] = {
				{ -0.99961, -0.02792, 0.00000, 0.00000, 0.02792, -0.99961, 0.00000, 0.00000, 0.00000, 0.00000, 1.00000, 0.00000, 5.60000, 5.38000, 0.00000, 1.00000, },
			},
			["street/street_asset_mix/trash_standing_a.mdl"] = {
				{ 1.00000, 0.00000, 0.00000, 0.00000, 0.00000, 1.00000, 0.00000, 0.00000, 0.00000, 0.00000, 1.00000, 0.00000, -9.22000, 5.53000, 0.00000, 1.00000, },
				{ 1.00000, 0.00000, 0.00000, 0.00000, 0.00000, 1.00000, 0.00000, 0.00000, 0.00000, 0.00000, 1.00000, 0.00000, 9.98000, 5.53000, 0.00000, 1.00000, },
			},
			["street/street_light_eu_a.mdl"] = {
				{ 1.00000, 0.00000, 0.00000, 0.00000, 0.00000, 1.00000, 0.00000, 0.00000, 0.00000, 0.00000, 1.00000, 0.00000, -3.95000, 3.10000, 0.00000, 1.00000, },
				{ 1.00000, 0.00000, 0.00000, 0.00000, 0.00000, 1.00000, 0.00000, 0.00000, 0.00000, 0.00000, 1.00000, 0.00000, 3.80000, 3.10000, 0.00000, 1.00000, },
			},
		},
		groups = {
			["era_a_com_1_asset_food_box_m.grp"] = {
				{ 0.99731, 0.07324, 0.00000, 0.00000, -0.07324, 0.99731, 0.00000, 0.00000, 0.00000, 0.00000, 1.00000, 0.00000, 10.84000, 28.17000, 0.00000, 1.00000, },
				{ 0.97887, -0.20450, 0.00000, 0.00000, 0.20450, 0.97887, 0.00000, 0.00000, 0.00000, 0.00000, 1.00000, 0.00000, 10.92500, 27.39500, 0.00000, 1.00000, },
			},
			["era_a_com_1_asset_ground_chair.grp"] = {
				{ 0.99396, 0.10973, 0.00000, 0.00000, -0.10973, 0.99396, 0.00000, 0.00000, 0.00000, 0.00000, 1.00000, 0.00000, -8.96736, 22.21893, 0.00000, 1.00000, seed = 256, },
				{ 0.98685, -0.16161, 0.00000, 0.00000, 0.16161, 0.98685, 0.00000, 0.00000, 0.00000, 0.00000, 1.00000, 0.00000, -7.92736, 22.22073, 0.00000, 1.00000, seed = 256, },
				{ -0.99145, -0.13052, -0.00000, 0.00000, 0.13052, -0.99145, 0.00000, 0.00000, -0.00000, 0.00000, 1.00000, 0.00000, -7.92467, 20.67074, 0.00000, 1.00000, seed = 256, },
				{ -0.99572, 0.09238, -0.00000, 0.00000, -0.09238, -0.99572, 0.00000, 0.00000, -0.00000, 0.00000, 1.00000, 0.00000, -8.96463, 20.64893, 0.00000, 1.00000, seed = 256, },
				{ 0.97671, 0.21456, 0.00000, 0.00000, -0.21456, 0.97671, 0.00000, 0.00000, 0.00000, 0.00000, 1.00000, 0.00000, -9.04883, 18.95274, 0.00000, 1.00000, seed = 256, },
				{ 0.99843, -0.05600, 0.00000, 0.00000, 0.05600, 0.99843, 0.00000, 0.00000, 0.00000, 0.00000, 1.00000, 0.00000, -8.01490, 19.06487, 0.00000, 1.00000, seed = 256, },
				{ -0.97200, -0.23496, -0.00000, 0.00000, 0.23496, -0.97200, 0.00000, 0.00000, -0.00000, 0.00000, 1.00000, 0.00000, -7.84778, 17.52391, 0.00000, 1.00000, seed = 256, },
				{ -0.99991, -0.01378, -0.00000, 0.00000, 0.01378, -0.99991, 0.00000, 0.00000, -0.00000, 0.00000, 1.00000, 0.00000, -8.87956, 17.39189, 0.00000, 1.00000, seed = 256, },
				{ 0.92992, 0.36777, 0.00000, 0.00000, -0.36777, 0.92992, 0.00000, 0.00000, 0.00000, 0.00000, 1.00000, 0.00000, -8.72591, 15.65555, 0.00000, 1.00000, seed = 256, },
				{ 0.99585, -0.09102, 0.00000, 0.00000, 0.09102, 0.99585, 0.00000, 0.00000, 0.00000, 0.00000, 1.00000, 0.00000, -7.68867, 15.73132, 0.00000, 1.00000, seed = 256, },
				{ -0.97965, -0.20070, -0.00000, 0.00000, 0.20070, -0.97965, 0.00000, 0.00000, -0.00000, 0.00000, 1.00000, 0.00000, -7.57575, 14.18544, 0.00000, 1.00000, seed = 256, },
				{ -0.99977, 0.02133, -0.00000, 0.00000, -0.02133, -0.99977, 0.00000, 0.00000, -0.00000, 0.00000, 1.00000, 0.00000, -8.61152, 14.08973, 0.00000, 1.00000, seed = 256, },
				{ 0.92090, 0.38980, 0.00000, 0.00000, -0.38980, 0.92090, 0.00000, 0.00000, 0.00000, 0.00000, 1.00000, 0.00000, -3.63662, 22.57018, 0.00000, 1.00000, seed = 256, },
				{ 0.99773, -0.06728, 0.00000, 0.00000, 0.06728, 0.99773, 0.00000, 0.00000, 0.00000, 0.00000, 1.00000, 0.00000, -2.60148, 22.67062, 0.00000, 1.00000, seed = 256, },
				{ -0.97460, -0.22397, -0.00000, 0.00000, 0.22397, -0.97460, 0.00000, 0.00000, -0.00000, 0.00000, 1.00000, 0.00000, -2.45178, 21.12787, 0.00000, 1.00000, seed = 256, },
				{ -1.00000, -0.00248, -0.00000, 0.00000, 0.00248, -1.00000, 0.00000, 0.00000, -0.00000, 0.00000, 1.00000, 0.00000, -3.48499, 21.00752, 0.00000, 1.00000, seed = 256, },
				{ 0.39622, -0.91815, 0.00000, 0.00000, 0.91815, 0.39622, 0.00000, 0.00000, 0.00000, 0.00000, 1.00000, 0.00000, -2.04648, 18.93970, 0.00000, 1.00000, seed = 256, },
				{ -0.06031, -0.99818, 0.00000, 0.00000, 0.99818, -0.06031, 0.00000, 0.00000, 0.00000, 0.00000, 1.00000, 0.00000, -1.93881, 17.90529, 0.00000, 1.00000, seed = 256, },
				{ -0.23077, 0.97301, -0.00000, 0.00000, -0.97301, -0.23077, 0.00000, 0.00000, 0.00000, 0.00000, 1.00000, 0.00000, -3.48048, 17.74482, 0.00000, 1.00000, seed = 256, },
				{ -0.00947, 0.99996, -0.00000, 0.00000, -0.99996, -0.00947, 0.00000, 0.00000, 0.00000, 0.00000, 1.00000, 0.00000, -3.60805, 18.77716, 0.00000, 1.00000, seed = 256, },
			},
			["era_a_com_1_asset_ground_sunshade.grp"] = {
				{ 0.44931, -0.89338, 0.00000, 0.00000, 0.89338, 0.44931, 0.00000, 0.00000, 0.00000, 0.00000, 1.00000, 0.00000, -8.38594, 21.40497, 0.00000, 1.00000, seed = 256, },
				{ 0.54155, -0.84067, 0.00000, 0.00000, 0.84067, 0.54155, 0.00000, 0.00000, 0.00000, 0.00000, 1.00000, 0.00000, -8.38435, 18.20506, 0.00000, 1.00000, seed = 256, },
				{ 0.04226, 0.99911, 0.00000, 0.00000, -0.99911, 0.04226, 0.00000, 0.00000, 0.00000, 0.00000, 1.00000, 0.00000, -8.07715, 14.73541, 0.00000, 1.00000, seed = 256, },
				{ 0.58414, -0.81165, 0.00000, 0.00000, 0.81165, 0.58414, 0.00000, 0.00000, 0.00000, 0.00000, 1.00000, 0.00000, -2.98062, 21.81504, 0.00000, 1.00000, seed = 256, },
				{ -0.80755, -0.58979, 0.00000, 0.00000, 0.58979, -0.80755, 0.00000, 0.00000, 0.00000, 0.00000, 1.00000, 0.00000, -2.79703, 18.27844, 0.00000, 1.00000, seed = 256, },
			},
			["era_a_com_1_asset_ground_table.grp"] = {
				{ 1.00000, 0.00174, 0.00000, 0.00000, -0.00174, 1.00000, 0.00000, 0.00000, 0.00000, 0.00000, 1.00000, 0.00000, -8.38597, 21.42000, 0.00000, 1.00000, seed = 256, },
				{ 0.99417, 0.10782, 0.00000, 0.00000, -0.10782, 0.99417, 0.00000, 0.00000, 0.00000, 0.00000, 1.00000, 0.00000, -8.38597, 18.22000, 0.00000, 1.00000, seed = 256, },
				{ 0.99734, 0.07285, 0.00000, 0.00000, -0.07285, 0.99734, 0.00000, 0.00000, 0.00000, 0.00000, 1.00000, 0.00000, -8.08917, 14.90000, 0.00000, 1.00000, seed = 256, },
				{ 0.99533, 0.09658, 0.00000, 0.00000, -0.09658, 0.99533, 0.00000, 0.00000, 0.00000, 0.00000, 1.00000, 0.00000, -2.98207, 21.83000, 0.00000, 1.00000, seed = 256, },
				{ 0.10353, -0.99463, 0.00000, 0.00000, 0.99463, 0.10353, 0.00000, 0.00000, 0.00000, 0.00000, 1.00000, 0.00000, -2.78207, 18.28000, 0.00000, 1.00000, seed = 256, },
			},
			["era_a_com_1_asset_hotel_sign_01.grp"] = {
				{ 0.82500, 0.00000, 0.00000, 0.00000, 0.00000, 0.82500, 0.00000, 0.00000, 0.00000, 0.00000, 0.82500, 0.00000, 0.10000, 5.95617, 4.20000, 1.00000, align = { 0.00000, 3.00000 }, seed = 123, },
			},
			["era_a_com_2_asset_hotel_door_awning_a.grp"] = {
				{ 1.00000, 0.00000, 0.00000, 0.00000, 0.00000, 1.00000, 0.00000, 0.00000, 0.00000, 0.00000, 1.00000, 0.00000, 0.13000, 5.95599, 3.64000, 1.00000, align = { 0.00000, 3.00000 }, seed = 123, },
			},
			["era_a_com_2_asset_hotel_wall_sign_01.grp"] = {
				{ 0.84500, 0.00000, 0.00000, 0.00000, 0.00000, 0.84500, 0.00000, 0.00000, 0.00000, 0.00000, 0.84500, 0.00000, -5.16000, 5.97271, 4.44000, 1.00000, align = { 0.00000, 3.00000 }, seed = 123, },
			},
			["era_a_com_2_asset_hotel_win_awning_a.grp"] = {
				{ 0.52500, 0.00000, 0.00000, 0.00000, 0.00000, 0.52500, 0.00000, 0.00000, 0.00000, 0.00000, 0.52500, 0.00000, 4.00951, 6.71400, 9.04500, 1.00000, align = { 0.00000, 3.00000 }, seed = 123, },
				{ -0.52500, 0.00000, 0.00000, 0.00000, -0.00000, -0.52500, 0.00000, 0.00000, 0.00000, 0.00000, 0.52500, 0.00000, 2.55951, 12.17400, 8.95000, 1.00000, align = { 0.00000, 3.00000 }, seed = 123, },
				{ 0.52500, 0.00000, 0.00000, 0.00000, 0.00000, 0.52500, 0.00000, 0.00000, 0.00000, 0.00000, 0.52500, 0.00000, 1.41035, 6.71400, 9.04500, 1.00000, align = { 0.00000, 3.00000 }, seed = 123, },
				{ -0.52500, 0.00000, 0.00000, 0.00000, -0.00000, -0.52500, 0.00000, 0.00000, 0.00000, 0.00000, 0.52500, 0.00000, 0.11035, 12.17400, 8.95000, 1.00000, align = { 0.00000, 3.00000 }, seed = 123, },
				{ 0.52500, 0.00000, 0.00000, 0.00000, 0.00000, 0.52500, 0.00000, 0.00000, 0.00000, 0.00000, 0.52500, 0.00000, -1.19043, 6.71400, 9.04500, 1.00000, align = { 0.00000, 3.00000 }, seed = 123, },
				{ -0.52500, 0.00000, 0.00000, 0.00000, -0.00000, -0.52500, 0.00000, 0.00000, 0.00000, 0.00000, 0.52500, 0.00000, -2.33043, 12.17400, 8.95000, 1.00000, align = { 0.00000, 3.00000 }, seed = 123, },
				{ 0.52500, 0.00000, 0.00000, 0.00000, 0.00000, 0.52500, 0.00000, 0.00000, 0.00000, 0.00000, 0.52500, 0.00000, -3.79021, 6.71400, 9.04500, 1.00000, align = { 0.00000, 3.00000 }, seed = 123, },
			},
			["era_a_container.grp"] = {
				{ -0.00000, 1.00000, 0.00000, 0.00000, -1.00000, -0.00000, 0.00000, 0.00000, 0.00000, 0.00000, 1.00000, 0.00000, 9.71500, 28.17500, 0.00000, 1.00000, },
				{ -0.05582, 0.99844, -0.00000, 0.00000, -0.99844, -0.05582, 0.00000, 0.00000, -0.00000, 0.00000, 1.00000, 0.00000, 9.81500, 30.70252, 0.00000, 1.00000, },
			},
			["era_a_garden_bench.grp"] = {
				{ 0.99999, -0.00349, 0.00000, 0.00000, 0.00349, 0.99999, 0.00000, 0.00000, -0.00000, -0.00000, 1.00000, 0.00000, -7.48000, 5.52000, 0.00000, 1.00000, seed = 123, },
				{ -1.00000, -0.00000, -0.00000, 0.00000, 0.00000, -1.00000, 0.00000, 0.00000, -0.00000, 0.00000, 1.00000, 0.00000, 8.22000, 5.49000, 0.00000, 1.00000, seed = 123, },
			},
			["era_a_garden_chair.grp"] = {
				{ 0.20450, 0.97887, 0.00000, 0.00000, -0.97887, 0.20450, 0.00000, 0.00000, 0.00000, 0.00000, 1.00000, 0.00000, 5.86000, 24.87000, 0.00000, 1.00000, seed = 22, },
				{ 1.00000, 0.00000, 0.00000, 0.00000, 0.00000, 1.00000, 0.00000, 0.00000, 0.00000, 0.00000, 1.00000, 0.00000, 6.54000, 25.61000, 0.00000, 1.00000, seed = 22, },
				{ 0.02443, -0.99970, 0.00000, 0.00000, 0.99970, 0.02443, 0.00000, 0.00000, 0.00000, 0.00000, 1.00000, 0.00000, 7.23000, 24.77000, 0.00000, 1.00000, seed = 22, },
				{ -0.99731, 0.07324, 0.00000, 0.00000, -0.07324, -0.99731, 0.00000, 0.00000, 0.00000, 0.00000, 1.00000, 0.00000, 6.50000, 24.18000, 0.00000, 1.00000, seed = 22, },
				{ -0.08368, 0.99649, 0.00000, 0.00000, -0.99649, -0.08368, 0.00000, 0.00000, 0.00000, 0.00000, 1.00000, 0.00000, 6.39000, 22.52000, 0.00000, 1.00000, seed = 22, },
				{ 1.00000, 0.00000, 0.00000, 0.00000, 0.00000, 1.00000, 0.00000, 0.00000, 0.00000, 0.00000, 1.00000, 0.00000, 7.14000, 23.30000, 0.00000, 1.00000, seed = 22, },
				{ -0.98978, -0.14263, 0.00000, 0.00000, 0.14263, -0.98978, 0.00000, 0.00000, 0.00000, 0.00000, 1.00000, 0.00000, 7.16000, 21.90000, 0.00000, 1.00000, seed = 22, },
				{ -0.01745, -0.99985, 0.00000, 0.00000, 0.99985, -0.01745, 0.00000, 0.00000, 0.00000, 0.00000, 1.00000, 0.00000, 7.84000, 22.54000, 0.00000, 1.00000, seed = 22, },
				{ 0.31565, 0.94888, 0.00000, 0.00000, -0.94888, 0.31565, 0.00000, 0.00000, 0.00000, 0.00000, 1.00000, 0.00000, 5.93620, 19.44637, 0.00000, 1.00000, seed = 22, },
				{ 0.91914, -0.39394, 0.00000, 0.00000, 0.39394, 0.91914, 0.00000, 0.00000, 0.00000, 0.00000, 1.00000, 0.00000, 6.93283, 19.86784, 0.00000, 1.00000, seed = 22, },
				{ -0.96593, 0.25882, 0.00000, 0.00000, -0.25882, -0.96593, 0.00000, 0.00000, 0.00000, 0.00000, 1.00000, 0.00000, 6.39969, 18.57317, 0.00000, 1.00000, seed = 22, },
				{ -0.40992, -0.91212, 0.00000, 0.00000, 0.91212, -0.40992, 0.00000, 0.00000, 0.00000, 0.00000, 1.00000, 0.00000, 7.27683, 18.89354, 0.00000, 1.00000, seed = 22, },
				{ -0.73135, 0.68200, 0.00000, 0.00000, -0.68200, -0.73135, 0.00000, 0.00000, 0.00000, 0.00000, 1.00000, 0.00000, 6.27211, 15.52848, 0.00000, 1.00000, seed = 22, },
				{ 0.74080, 0.67172, 0.00000, 0.00000, -0.67172, 0.74080, 0.00000, 0.00000, 0.00000, 0.00000, 1.00000, 0.00000, 6.30377, 16.61010, 0.00000, 1.00000, seed = 22, },
				{ -0.63742, -0.77051, 0.00000, 0.00000, 0.77051, -0.63742, 0.00000, 0.00000, 0.00000, 0.00000, 1.00000, 0.00000, 7.25899, 15.58640, 0.00000, 1.00000, seed = 22, },
				{ 0.65869, -0.75241, 0.00000, 0.00000, 0.75241, 0.65869, 0.00000, 0.00000, 0.00000, 0.00000, 1.00000, 0.00000, 7.33284, 16.51729, 0.00000, 1.00000, seed = 22, },
			},
			["garden_table_round.grp"] = {
				{ 1.00000, 0.00000, 0.00000, 0.00000, 0.00000, 1.00000, 0.00000, 0.00000, 0.00000, 0.00000, 1.00000, 0.00000, 6.57000, 24.81000, 0.00000, 1.00000, seed = 22, },
				{ 1.00000, 0.00000, 0.00000, 0.00000, 0.00000, 1.00000, 0.00000, 0.00000, 0.00000, 0.00000, 1.00000, 0.00000, 7.13000, 22.58000, 0.00000, 1.00000, seed = 22, },
				{ 0.91914, -0.39394, 0.00000, 0.00000, 0.39394, 0.91914, 0.00000, 0.00000, 0.00000, 0.00000, 1.00000, 0.00000, 6.64000, 19.21000, 0.00000, 1.00000, seed = 22, },
				{ 0.74080, 0.67172, 0.00000, 0.00000, -0.67172, 0.74080, 0.00000, 0.00000, 0.00000, 0.00000, 1.00000, 0.00000, 6.78000, 16.07000, 0.00000, 1.00000, seed = 22, },
			},
			["random_large_tree_town.grp"] = {
				{ 1.00000, 0.00000, 0.00000, 0.00000, 0.00000, 1.00000, 0.00000, 0.00000, 0.00000, 0.00000, 1.00000, 0.00000, -8.25000, 26.10000, 0.00000, 1.00000, },
				{ 0.36238, -0.73001, 0.00000, 0.00000, 0.73001, 0.36238, 0.00000, 0.00000, 0.00000, 0.00000, 0.81500, 0.00000, 11.07000, 30.87000, 0.00000, 1.00000, },
				{ -0.72597, -0.28524, 0.00000, 0.00000, 0.28524, -0.72597, 0.00000, 0.00000, 0.00000, 0.00000, 0.78000, 0.00000, -8.75000, 29.75000, 0.00000, 1.00000, },
			},
			["random_medium_tree_town.grp"] = {
				{ 1.00000, 0.00000, 0.00000, 0.00000, 0.00000, 1.00000, 0.00000, 0.00000, 0.00000, 0.00000, 1.00000, 0.00000, -10.30000, 28.15000, 0.00000, 1.00000, },
				{ 0.23750, -0.67440, 0.00000, 0.00000, 0.67440, 0.23750, 0.00000, 0.00000, 0.00000, 0.00000, 0.71500, 0.00000, -3.70000, 30.15000, 0.00000, 1.00000, },
				{ 0.23750, -0.67440, 0.00000, 0.00000, 0.67440, 0.23750, 0.00000, 0.00000, 0.00000, 0.00000, 0.71500, 0.00000, -0.05000, 31.00000, 0.00000, 1.00000, },
				{ 0.23750, -0.67440, 0.00000, 0.00000, 0.67440, 0.23750, 0.00000, 0.00000, 0.00000, 0.00000, 0.71500, 0.00000, 2.85000, 29.85000, 0.00000, 1.00000, },
				{ 0.23750, -0.67440, 0.00000, 0.00000, 0.67440, 0.23750, 0.00000, 0.00000, 0.00000, 0.00000, 0.71500, 0.00000, 5.70000, 30.65000, 0.00000, 1.00000, },
			},
			["random_shrub_town.grp"] = {
				{ 1.00000, 0.00000, 0.00000, 0.00000, 0.00000, 1.00000, 0.00000, 0.00000, 0.00000, 0.00000, 1.00000, 0.00000, -0.85000, 28.10000, 0.00000, 1.00000, },
				{ 1.00000, 0.00000, 0.00000, 0.00000, 0.00000, 1.00000, 0.00000, 0.00000, 0.00000, 0.00000, 1.00000, 0.00000, 5.07000, 28.10000, 0.00000, 1.00000, },
				{ 1.00000, 0.00000, 0.00000, 0.00000, 0.00000, 1.00000, 0.00000, 0.00000, 0.00000, 0.00000, 1.00000, 0.00000, -4.51000, 28.10000, 0.00000, 1.00000, },
				{ -0.45399, -0.89101, 0.00000, 0.00000, 0.89101, -0.45399, 0.00000, 0.00000, 0.00000, 0.00000, 1.00000, 0.00000, 1.05000, 27.80000, 0.00000, 1.00000, },
				{ -0.73955, 0.67311, 0.00000, 0.00000, -0.67311, -0.73955, 0.00000, 0.00000, 0.00000, 0.00000, 1.00000, 0.00000, 0.47000, 20.12000, 0.00000, 1.00000, },
				{ -0.69279, 0.72114, 0.00000, 0.00000, -0.72114, -0.69279, 0.00000, 0.00000, 0.00000, 0.00000, 1.00000, 0.00000, 1.13000, 21.64000, 0.00000, 1.00000, },
				{ 0.89554, 0.44498, 0.00000, 0.00000, -0.44498, 0.89554, 0.00000, 0.00000, 0.00000, 0.00000, 1.00000, 0.00000, 1.95000, 20.50000, 0.00000, 1.00000, },
				{ 0.99556, 0.09411, 0.00000, 0.00000, -0.09411, 0.99556, 0.00000, 0.00000, 0.00000, 0.00000, 1.00000, 0.00000, 7.03000, 27.80000, 0.00000, 1.00000, },
				{ -0.69340, 0.72055, 0.00000, 0.00000, -0.72055, -0.69340, 0.00000, 0.00000, 0.00000, 0.00000, 1.00000, 0.00000, -2.61000, 27.80000, 0.00000, 1.00000, },
				{ 0.37137, -0.92849, 0.00000, 0.00000, 0.92849, 0.37137, 0.00000, 0.00000, 0.00000, 0.00000, 1.00000, 0.00000, 2.95000, 27.95000, 0.00000, 1.00000, },
				{ -0.57411, -0.40050, 0.00000, 0.00000, 0.40050, -0.57411, 0.00000, 0.00000, 0.00000, 0.00000, 0.70000, 0.00000, -2.06000, 14.05000, 0.00000, 1.00000, },
				{ 0.40848, 0.56846, 0.00000, 0.00000, -0.56846, 0.40848, 0.00000, 0.00000, 0.00000, 0.00000, 0.70000, 0.00000, -3.52000, 14.05000, 0.00000, 1.00000, },
				{ -0.35528, -0.60314, 0.00000, 0.00000, 0.60314, -0.35528, 0.00000, 0.00000, 0.00000, 0.00000, 0.70000, 0.00000, -4.76000, 14.05000, 0.00000, 1.00000, },
				{ -0.38113, 0.63430, 0.00000, 0.00000, -0.63430, -0.38113, 0.00000, 0.00000, 0.00000, -0.00000, 0.74000, 0.00000, -10.66861, 2.36708, 0.00000, 1.00000, align = { -10.89950, 1.80200 }, },
				{ 0.18281, 0.71706, 0.00000, 0.00000, -0.71706, 0.18281, -0.00000, 0.00000, -0.00000, -0.00000, 0.74000, 0.00000, -10.87035, 1.00763, 0.00000, 1.00000, align = { -10.89950, 1.80200 }, },
				{ -0.38113, 0.63430, 0.00000, 0.00000, -0.63430, -0.38113, 0.00000, 0.00000, 0.00000, -0.00000, 0.74000, 0.00000, 11.08089, 2.36708, 0.00000, 1.00000, align = { 10.85000, 1.80200 }, },
				{ 0.18281, 0.71706, 0.00000, 0.00000, -0.71706, 0.18281, -0.00000, 0.00000, -0.00000, -0.00000, 0.74000, 0.00000, 10.87915, 1.00763, 0.00000, 1.00000, align = { 10.85000, 1.80200 }, },
			},
			["random_shrub_town_fence.grp"] = {
				{ 0.73634, -0.07350, 0.00000, 0.00000, 0.07350, 0.73634, -0.00000, 0.00000, -0.00000, 0.00000, 0.74000, 0.00000, -10.92000, 7.13438, 0.00000, 1.00000, },
				{ 0.73634, -0.07350, 0.00000, 0.00000, 0.07350, 0.73634, -0.00000, 0.00000, -0.00000, 0.00000, 0.74000, 0.00000, 6.67000, 7.13438, 0.00000, 1.00000, },
				{ -0.07350, -0.73634, -0.00000, 0.00000, 0.73634, -0.07350, -0.00000, 0.00000, -0.00000, -0.00000, 0.74000, 0.00000, 11.11750, 12.72188, 0.00000, 1.00000, },
				{ -0.07350, -0.73634, -0.00000, 0.00000, 0.73634, -0.07350, -0.00000, 0.00000, -0.00000, -0.00000, 0.74000, 0.00000, -10.73250, 12.72188, 0.00000, 1.00000, },
				{ -0.07350, -0.73634, -0.00000, 0.00000, 0.73634, -0.07350, -0.00000, 0.00000, -0.00000, -0.00000, 0.74000, 0.00000, 11.11750, 19.27188, 0.00000, 1.00000, },
				{ -0.07350, -0.73634, -0.00000, 0.00000, 0.73634, -0.07350, -0.00000, 0.00000, -0.00000, -0.00000, 0.74000, 0.00000, -10.73250, 19.27188, 0.00000, 1.00000, },
				{ -0.07350, -0.73634, -0.00000, 0.00000, 0.73634, -0.07350, -0.00000, 0.00000, -0.00000, -0.00000, 0.74000, 0.00000, 11.11750, 25.87188, 0.00000, 1.00000, },
				{ -0.07350, -0.73634, -0.00000, 0.00000, 0.73634, -0.07350, -0.00000, 0.00000, -0.00000, -0.00000, 0.74000, 0.00000, 9.75750, 25.87188, 0.00000, 1.00000, },
				{ -0.07350, -0.73634, -0.00000, 0.00000, 0.73634, -0.07350, -0.00000, 0.00000, -0.00000, -0.00000, 0.74000, 0.00000, 8.57750, 25.87188, 0.00000, 1.00000, },
				{ -0.00387, 0.73999, -0.00000, 0.00000, -0.73999, -0.00387, 0.00000, 0.00000, -0.00000, 0.00000, 0.74000, 0.00000, -9.57000, 7.01438, 0.00000, 1.00000, },
				{ -0.00387, 0.73999, -0.00000, 0.00000, -0.73999, -0.00387, 0.00000, 0.00000, -0.00000, 0.00000, 0.74000, 0.00000, 8.02000, 7.01438, 0.00000, 1.00000, },
				{ 0.73999, 0.00387, 0.00000, 0.00000, -0.00387, 0.73999, -0.00000, 0.00000, -0.00000, -0.00000, 0.74000, 0.00000, 10.99750, 11.37188, 0.00000, 1.00000, },
				{ 0.73999, 0.00387, 0.00000, 0.00000, -0.00387, 0.73999, -0.00000, 0.00000, -0.00000, -0.00000, 0.74000, 0.00000, -10.85250, 11.37188, 0.00000, 1.00000, },
				{ 0.73999, 0.00387, 0.00000, 0.00000, -0.00387, 0.73999, -0.00000, 0.00000, -0.00000, -0.00000, 0.74000, 0.00000, 10.99750, 17.92188, 0.00000, 1.00000, },
				{ 0.73999, 0.00387, 0.00000, 0.00000, -0.00387, 0.73999, -0.00000, 0.00000, -0.00000, -0.00000, 0.74000, 0.00000, -10.85250, 17.92188, 0.00000, 1.00000, },
				{ 0.73999, 0.00387, 0.00000, 0.00000, -0.00387, 0.73999, -0.00000, 0.00000, -0.00000, -0.00000, 0.74000, 0.00000, 10.99750, 24.52188, 0.00000, 1.00000, },
				{ -0.73918, 0.03486, -0.00000, 0.00000, -0.03486, -0.73918, 0.00000, 0.00000, -0.00000, 0.00000, 0.74000, 0.00000, -8.16000, 6.98438, 0.00000, 1.00000, },
				{ -0.73918, 0.03486, -0.00000, 0.00000, -0.03486, -0.73918, 0.00000, 0.00000, -0.00000, 0.00000, 0.74000, 0.00000, 9.43000, 6.98438, 0.00000, 1.00000, },
				{ 0.03486, 0.73918, 0.00000, 0.00000, -0.73918, 0.03486, -0.00000, 0.00000, -0.00000, -0.00000, 0.74000, 0.00000, 10.96750, 9.96188, 0.00000, 1.00000, },
				{ 0.03486, 0.73918, 0.00000, 0.00000, -0.73918, 0.03486, -0.00000, 0.00000, -0.00000, -0.00000, 0.74000, 0.00000, -10.88250, 9.96188, 0.00000, 1.00000, },
				{ 0.03486, 0.73918, 0.00000, 0.00000, -0.73918, 0.03486, -0.00000, 0.00000, -0.00000, -0.00000, 0.74000, 0.00000, 10.96750, 16.51188, 0.00000, 1.00000, },
				{ 0.03486, 0.73918, 0.00000, 0.00000, -0.73918, 0.03486, -0.00000, 0.00000, -0.00000, -0.00000, 0.74000, 0.00000, -10.88250, 16.51188, 0.00000, 1.00000, },
				{ 0.03486, 0.73918, 0.00000, 0.00000, -0.73918, 0.03486, -0.00000, 0.00000, -0.00000, -0.00000, 0.74000, 0.00000, 10.96750, 23.11188, 0.00000, 1.00000, },
				{ 0.03486, 0.73918, 0.00000, 0.00000, -0.73918, 0.03486, -0.00000, 0.00000, -0.00000, -0.00000, 0.74000, 0.00000, -10.88250, 23.11188, 0.00000, 1.00000, },
				{ 0.60245, 0.42972, -0.00000, 0.00000, -0.42972, 0.60245, -0.00000, 0.00000, 0.00000, 0.00000, 0.74000, 0.00000, -6.66000, 6.98438, 0.00000, 1.00000, },
				{ 0.60245, 0.42972, -0.00000, 0.00000, -0.42972, 0.60245, -0.00000, 0.00000, 0.00000, 0.00000, 0.74000, 0.00000, 10.93000, 6.98438, 0.00000, 1.00000, },
				{ 0.60245, 0.42972, -0.00000, 0.00000, -0.42972, 0.60245, -0.00000, 0.00000, 0.00000, 0.00000, 0.74000, 0.00000, 10.93000, 13.53438, 0.00000, 1.00000, },
				{ 0.60245, 0.42972, -0.00000, 0.00000, -0.42972, 0.60245, -0.00000, 0.00000, 0.00000, 0.00000, 0.74000, 0.00000, -10.92000, 13.53438, 0.00000, 1.00000, },
				{ 0.60245, 0.42972, -0.00000, 0.00000, -0.42972, 0.60245, -0.00000, 0.00000, 0.00000, 0.00000, 0.74000, 0.00000, 10.93000, 20.13438, 0.00000, 1.00000, },
				{ 0.60245, 0.42972, -0.00000, 0.00000, -0.42972, 0.60245, -0.00000, 0.00000, 0.00000, 0.00000, 0.74000, 0.00000, -10.92000, 20.13438, 0.00000, 1.00000, },
				{ 0.42972, -0.60245, -0.00000, 0.00000, 0.60245, 0.42972, -0.00000, 0.00000, 0.00000, -0.00000, 0.74000, 0.00000, 10.96750, 8.46188, 0.00000, 1.00000, },
				{ 0.42972, -0.60245, -0.00000, 0.00000, 0.60245, 0.42972, -0.00000, 0.00000, 0.00000, -0.00000, 0.74000, 0.00000, 10.96750, 15.01188, 0.00000, 1.00000, },
				{ 0.42972, -0.60245, -0.00000, 0.00000, 0.60245, 0.42972, -0.00000, 0.00000, 0.00000, -0.00000, 0.74000, 0.00000, -10.88250, 15.01188, 0.00000, 1.00000, },
				{ 0.42972, -0.60245, -0.00000, 0.00000, 0.60245, 0.42972, -0.00000, 0.00000, 0.00000, -0.00000, 0.74000, 0.00000, 10.96750, 21.61188, 0.00000, 1.00000, },
				{ 0.42972, -0.60245, -0.00000, 0.00000, 0.60245, 0.42972, -0.00000, 0.00000, 0.00000, -0.00000, 0.74000, 0.00000, -10.88250, 21.61188, 0.00000, 1.00000, },
				{ -0.21759, -0.70729, -0.00000, 0.00000, 0.70729, -0.21759, 0.00000, 0.00000, -0.00000, 0.00000, 0.74000, 0.00000, -10.91000, 8.61380, 0.00000, 1.00000, },
			},
		},
	},
}
--End Generated

function data()
	return townbuildingutil.make_building2(
		{ { -4.60, -0.10 }, { 4.60, -0.10 }, { 4.60, 9.10 }, { -4.60, 9.10 } },
		"COMMERCIAL", 
		"A", 
		1,
		{ 3, 4 },
		generatedData,
		"construction/building/era_a/com_1_3x4_03.gtex"
	)
end
