local townbuildingutil = require "townbuildingutil"

--Model file: "building/era_a/com_2_1x2_01.mdl"

--Begin Generated
local generatedData = {
	["base"] = {
		models = {
			["building/era_a/com_2_1x2_01.mdl"] = {
				{ 1.00000, 0.00000, 0.00000, 0.00000, 0.00000, 1.00000, 0.00000, 0.00000, 0.00000, 0.00000, 1.00000, 0.00000, 0.00000, 0.00000, 0.00000, 1.00000, },
			},
		},
		curves = {
			["scaffold"] = {
				{ { 3.35050, 1.83946, 0.00000 }, { 3.35050, 1.83946, 0.00000 }, { 3.34498, 10.60872, 0.00000 }, { 3.34498, 10.60872, 0.00000 }, { 3.34498, 10.60872, 0.00000 }, { -3.40970, 10.60879, 0.00000 }, { -3.40970, 10.60879, 0.00000 }, { -3.40970, 10.60879, 0.00000 }, { -3.40968, 1.84653, 0.00000 }, { -3.40968, 1.84652, 0.00000 }, },
			},
			["shared/asphalt_02.gtex.lua;shared/dirt.gtex.lua"] = {
				{ { 4.00000, 0.00000, 0.00000 }, { 4.00000, 0.00000, 0.00000 }, { 4.00000, 10.00000, 0.00000 }, { 4.00000, 10.00000, 0.00000 }, { 4.00000, 10.00000, 0.00000 }, { -4.00000, 10.00000, 0.00000 }, { -4.00000, 10.00000, 0.00000 }, { -4.00000, 10.00000, 0.00000 }, { -4.00000, 0.00000, 0.00000 }, { -4.00000, 0.00000, 0.00000 }, },
			},
			["shared/gravel_03.gtex.lua;shared/dirt.gtex.lua"] = {
				{ { 4.00000, 10.00000, 0.00000 }, { 4.00000, 10.00000, 0.00000 }, { 4.00000, 16.00000, 0.00000 }, { 4.00000, 16.00000, 0.00000 }, { 4.00000, 16.00000, 0.00000 }, { -4.00000, 16.00000, 0.00000 }, { -4.00000, 16.00000, 0.00000 }, { -4.00000, 16.00000, 0.00000 }, { -4.00000, 10.00000, 0.00000 }, { -4.00000, 10.00000, 0.00000 }, },
			},
		},
	},
	["layout_1"] = {
		models = {
			["asset/commercial/all_eras/era_a_com_wall.mdl"] = {
				{ 1.34000, 0.00000, 0.00000, 0.00000, 0.00000, 1.00000, 0.00000, 0.00000, 0.00000, 0.00000, 1.00000, 0.00000, -2.01000, 15.85000, 0.00000, 1.00000, },
				{ -0.00000, -1.34000, 0.00000, 0.00000, 1.00000, -0.00000, 0.00000, 0.00000, 0.00000, 0.00000, 1.00000, 0.00000, -3.87000, 13.69000, 0.00000, 1.00000, },
				{ 1.34000, 0.00000, 0.00000, 0.00000, 0.00000, 1.00000, 0.00000, 0.00000, 0.00000, 0.00000, 1.00000, 0.00000, 2.01000, 15.85000, 0.00000, 1.00000, },
			},
			["asset/industry/pallet_01.mdl"] = {
				{ 0.99756, 0.06976, 0.00000, 0.00000, -0.06976, 0.99756, 0.00000, 0.00000, 0.00000, 0.00000, 1.00000, 0.00000, 2.03000, 10.96000, 0.42400, 1.00000, },
				{ 0.99780, -0.06627, 0.00000, 0.00000, 0.06627, 0.99780, 0.00000, 0.00000, 0.00000, 0.00000, 1.00000, 0.00000, 2.03000, 10.96000, 0.28400, 1.00000, },
				{ 1.00000, 0.00000, 0.00000, 0.00000, 0.00000, 1.00000, 0.00000, 0.00000, 0.00000, 0.00000, 1.00000, 0.00000, 2.03000, 10.96000, 0.14400, 1.00000, },
				{ 1.00000, 0.00000, 0.00000, 0.00000, 0.00000, 1.00000, 0.00000, 0.00000, 0.00000, 0.00000, 1.00000, 0.00000, 2.03000, 10.96000, 0.00000, 1.00000, },
				{ 1.00000, 0.00000, 0.00000, 0.00000, 0.00000, 0.28903, -0.95732, 0.00000, 0.00000, 0.95732, 0.28903, 0.00000, 0.95001, 10.39500, 0.57000, 1.00000, },
			},
			["station/rail/asset/cargo_pallet_jack.mdl"] = {
				{ -0.30403, -0.95266, -0.00000, 0.00000, 0.95266, -0.30403, -0.00000, 0.00000, -0.00000, -0.00000, 1.00000, 0.00000, 1.09000, 11.67000, 0.00000, 1.00000, },
			},
		},
		groups = {
			["era_a_barrel_wood.grp"] = {
				{ 0.67433, -0.73843, 0.00000, 0.00000, 0.73843, 0.67433, 0.00000, 0.00000, -0.00000, -0.00000, 1.00000, 0.00000, 3.12649, 13.76596, -0.00000, 1.00000, },
				{ -0.22391, -0.97461, -0.00000, 0.00000, 0.97461, -0.22391, 0.00000, 0.00000, -0.00000, 0.00000, 1.00000, 0.00000, 3.12649, 15.00596, -0.00000, 1.00000, },
				{ -0.54043, -0.84139, -0.00000, 0.00000, 0.84139, -0.54043, 0.00000, 0.00000, -0.00000, 0.00000, 1.00000, 0.00000, 1.92648, 14.84596, -0.00000, 1.00000, },
				{ 0.92023, -0.39138, 0.00000, 0.00000, 0.39138, 0.92023, 0.00000, 0.00000, -0.00000, -0.00000, 1.00000, 0.00000, 0.72649, 15.00596, -0.00000, 1.00000, },
			},
			["era_a_com_1_asset_food_booth_01.grp"] = {
				{ 1.00000, 0.00000, 0.00000, 0.00000, 0.00000, 1.00000, 0.00000, 0.00000, 0.00000, 0.00000, 1.00000, 0.00000, 0.46500, 2.17000, 0.00000, 1.00000, align = { 1.46500, 2.17000 }, seed = 141, },
			},
			["era_a_com_1_asset_food_booth_02.grp"] = {
				{ 1.00000, 0.00000, 0.00000, 0.00000, 0.00000, 1.00000, 0.00000, 0.00000, 0.00000, 0.00000, 1.00000, 0.00000, 2.46500, 2.17000, 0.00000, 1.00000, align = { 1.46500, 2.17000 }, seed = 141, },
			},
			["era_a_com_1_asset_food_booth_04.grp"] = {
				{ 1.00000, 0.00000, 0.00000, 0.00000, 0.00000, 1.00000, 0.00000, 0.00000, 0.00000, 0.00000, 1.00000, 0.00000, 1.46500, 2.17000, 0.00000, 1.00000, align = { 1.46500, 2.17000 }, seed = 141, },
			},
			["era_a_com_1_asset_food_booth_end.grp"] = {
				{ 1.00000, 0.00000, 0.00000, 0.00000, 0.00000, 1.00000, 0.00000, 0.00000, 0.00000, 0.00000, 1.00000, 0.00000, 2.46500, 2.17000, 0.00000, 1.00000, align = { 1.46500, 2.17000 }, seed = 141, },
			},
			["era_a_com_1_asset_food_booth_start.grp"] = {
				{ 1.00000, 0.00000, 0.00000, 0.00000, 0.00000, 1.00000, 0.00000, 0.00000, 0.00000, 0.00000, 1.00000, 0.00000, 0.46500, 2.17000, 0.00000, 1.00000, align = { 1.46500, 2.17000 }, seed = 141, },
			},
			["era_a_com_1_asset_food_box.grp"] = {
				{ 0.00007, -1.00000, 0.00000, 0.00000, 1.00000, 0.00007, 0.00000, 0.00000, 0.00000, 0.00000, 1.00000, 0.00000, -1.38146, 15.23497, 0.00000, 1.00000, seed = 26, ignore = { 2, 50 }, },
				{ -0.64274, -0.76609, -0.00000, 0.00000, 0.76609, -0.64274, 0.00000, 0.00000, -0.00000, 0.00000, 1.00000, 0.00000, -0.94216, 14.13126, 0.00000, 1.00000, seed = 26, ignore = { 2, 50 }, },
				{ 0.00007, -1.00000, 0.00000, 0.00000, 1.00000, 0.00007, 0.00000, 0.00000, 0.00000, 0.00000, 1.00000, 0.00000, -2.65007, 14.37470, 0.49000, 1.00000, seed = 26, ignore = { 2, 50 }, },
				{ 0.00007, -1.00000, 0.00000, 0.00000, 1.00000, 0.00007, 0.00000, 0.00000, 0.00000, 0.00000, 1.00000, 0.00000, -2.67582, 15.19430, 0.49000, 1.00000, seed = 26, ignore = { 2, 50 }, },
				{ 0.00007, -1.00000, 0.00000, 0.00000, 1.00000, 0.00007, 0.00000, 0.00000, 0.00000, 0.00000, 1.00000, 0.00000, -2.03114, 15.21456, 0.49000, 1.00000, seed = 26, ignore = { 2, 50 }, },
				{ 0.00007, -1.00000, 0.00000, 0.00000, 1.00000, 0.00007, 0.00000, 0.00000, 0.00000, 0.00000, 1.00000, 0.00000, -2.00538, 14.39496, 0.49000, 1.00000, seed = 26, ignore = { 2, 50 }, },
				{ 0.00007, -1.00000, 0.00000, 0.00000, 1.00000, 0.00007, 0.00000, 0.00000, 0.00000, 0.00000, 1.00000, 0.00000, -1.97869, 13.54538, 0.49000, 1.00000, seed = 26, ignore = { 2, 50 }, },
				{ 0.00007, -1.00000, 0.00000, 0.00000, 1.00000, 0.00007, 0.00000, 0.00000, 0.00000, 0.00000, 1.00000, 0.00000, -3.28552, 15.17514, 0.00000, 1.00000, seed = 26, },
				{ 0.00287, -1.00000, 0.00000, 0.00000, 1.00000, 0.00287, 0.00000, 0.00000, 0.00000, 0.00000, 1.00000, 0.00000, -3.28552, 15.17514, 0.48000, 1.00000, seed = 26, },
				{ 0.00007, -1.00000, 0.00000, 0.00000, 1.00000, 0.00007, 0.00000, 0.00000, 0.00000, 0.00000, 1.00000, 0.00000, -2.67582, 15.19430, 0.00000, 1.00000, seed = 26, },
				{ 0.00007, -1.00000, 0.00000, 0.00000, 1.00000, 0.00007, 0.00000, 0.00000, 0.00000, 0.00000, 1.00000, 0.00000, -2.65007, 14.37470, 0.00000, 1.00000, seed = 26, },
				{ 0.00007, -1.00000, 0.00000, 0.00000, 1.00000, 0.00007, 0.00000, 0.00000, 0.00000, 0.00000, 1.00000, 0.00000, -2.62337, 13.52512, 0.00000, 1.00000, seed = 26, },
				{ 0.00007, -1.00000, 0.00000, 0.00000, 1.00000, 0.00007, 0.00000, 0.00000, 0.00000, 0.00000, 1.00000, 0.00000, -2.03114, 15.21456, 0.00000, 1.00000, seed = 26, },
				{ 0.00007, -1.00000, 0.00000, 0.00000, 1.00000, 0.00007, 0.00000, 0.00000, 0.00000, 0.00000, 1.00000, 0.00000, -3.25976, 14.35554, 0.00000, 1.00000, seed = 26, },
				{ 0.00007, -1.00000, 0.00000, 0.00000, 1.00000, 0.00007, 0.00000, 0.00000, 0.00000, 0.00000, 1.00000, 0.00000, -2.00538, 14.39496, 0.00000, 1.00000, seed = 26, },
				{ 0.00007, -1.00000, 0.00000, 0.00000, 1.00000, 0.00007, 0.00000, 0.00000, 0.00000, 0.00000, 1.00000, 0.00000, -1.97869, 13.54538, 0.00000, 1.00000, seed = 26, },
			},
			["era_a_com_1_asset_food_wall_sign_01.grp"] = {
				{ 0.83500, 0.00000, 0.00000, 0.00000, 0.00000, 0.83500, 0.00000, 0.00000, 0.00000, 0.00000, 0.83500, 0.00000, -2.70500, 2.19600, 3.55000, 1.00000, },
			},
		},
	},
}
--End Generated

function data()
	return townbuildingutil.make_building2(
		{ { -4.60, -0.10 }, { 4.60, -0.10 }, { 4.60, 9.10 }, { -4.60, 9.10 } },
		"COMMERCIAL", 
		"A", 
		2,
		{ 1, 2 },
		generatedData,
		"construction/building/era_a/com_2_1x2_01.gtex"
	)
end
