local townbuildingutil = require "townbuildingutil"

--Model file: "building/era_a/ind_1_3x4_01.mdl"

--Begin Generated
local generatedData = {
	["base"] = {
		models = {
			["building/era_a/ind_1_3x4_01.mdl"] = {
				{ 1.00000, 0.00000, 0.00000, 0.00000, 0.00000, 1.00000, 0.00000, 0.00000, 0.00000, 0.00000, 1.00000, 0.00000, -3.00000, -2.00000, 0.00000, 1.00000, },
			},
		},
		curves = {
			["scaffold"] = {
				{ { -0.89844, 9.10827, 0.00000 }, { -0.89844, 9.10828, 0.00000 }, { -0.89844, 22.38779, 0.00000 }, { -0.89844, 22.38779, 0.00000 }, { -0.89844, 22.38779, 0.00000 }, { -10.45654, 22.38781, 0.00000 }, { -10.45654, 22.38781, 0.00000 }, { -10.45654, 22.38781, 0.00000 }, { -10.45654, 9.10828, 0.00000 }, { -10.45654, 9.10828, 0.00000 }, },
			},
			["shared/asphalt_02.gtex.lua;shared/dirt.gtex.lua;shared/asphalt_03.gtex.lua"] = {
				{ { 12.00000, 0.00000, 0.00000 }, { 12.00000, 0.00000, 0.00000 }, { 12.00000, 30.00776, 0.00000 }, { 12.00000, 30.00776, 0.00000 }, { 12.00000, 30.00776, 0.00000 }, { 12.00000, 32.00000, 0.00000 }, { 12.00000, 32.00000, 0.00000 }, { 12.00000, 32.00000, 0.00000 }, { 5.00000, 32.00000, 0.00000 }, { 5.00000, 32.00000, 0.00000 }, { 5.00000, 32.00000, 0.00000 }, { -1.00000, 32.00000, 0.00000 }, { -1.00000, 32.00000, 0.00000 }, { -1.00000, 32.00000, 0.00000 }, { -1.00000, 27.00000, 0.00000 }, { -1.00000, 27.00000, 0.00000 }, { -1.00000, 27.00000, 0.00000 }, { -12.00000, 27.00000, 0.00000 }, { -12.00000, 27.00000, 0.00000 }, { -12.00000, 27.00000, 0.00000 }, { -12.00000, 0.00000, 0.00000 }, { -12.00000, 0.00000, 0.00000 }, },
			},
		},
	},
	["layout_1"] = {
		models = {
			["asset/construction/scaffolding/era_a_normal.mdl"] = {
				{ -0.00000, 1.00000, 0.00000, 0.00000, -1.00000, -0.00000, 0.00000, 0.00000, 0.00000, 0.00000, 1.00000, 0.00000, 2.25000, 31.00000, -0.00000, 1.00000, },
				{ -0.00000, 1.00000, 0.00000, 0.00000, -1.00000, -0.00000, 0.00000, 0.00000, 0.00000, 0.00000, 1.00000, 0.00000, 5.50000, 31.00000, -0.00000, 1.00000, },
				{ -0.00000, 1.00000, 0.00000, 0.00000, -1.00000, -0.00000, 0.00000, 0.00000, 0.00000, 0.00000, 1.00000, 0.00000, 8.85000, 31.05000, -0.00000, 1.00000, },
			},
			["asset/ground/cableroll.mdl"] = {
				{ -0.35000, -0.60622, -0.00000, 0.00000, 0.00000, 0.00000, -0.70000, 0.00000, 0.60622, -0.35000, 0.00000, 0.00000, -11.16292, 8.51878, 0.69000, 1.00000, ignore = { 2, 20 }, },
				{ -0.70000, 0.00000, -0.00000, 0.00000, 0.00000, 0.00000, -0.70000, 0.00000, -0.00000, -0.70000, -0.00000, 0.00000, -8.70000, 8.75000, 0.69000, 1.00000, },
				{ 0.70000, 0.00000, -0.00000, 0.00000, -0.00000, -0.00000, -0.70000, 0.00000, -0.00000, 0.70000, -0.00000, 0.00000, -7.10000, 4.03333, 0.69000, 1.00000, ignore = { 3, 20 }, },
				{ -0.60000, 0.00000, -0.00000, 0.00000, 0.00000, 0.00000, -0.60000, 0.00000, -0.00000, -0.60000, -0.00000, 0.00000, 1.72000, 31.30000, 0.59000, 1.00000, },
				{ -0.60000, 0.00000, -0.00000, 0.00000, 0.00000, 0.00000, -0.60000, 0.00000, -0.00000, -0.60000, -0.00000, 0.00000, 3.02000, 31.32000, 0.59000, 1.00000, },
				{ -0.60000, 0.00105, -0.00000, 0.00000, 0.00105, 0.59993, 0.00942, 0.00000, 0.00002, 0.00942, -0.59993, 0.00000, 8.27000, 30.83000, 1.24000, 1.00000, },
				{ -0.60000, 0.00000, -0.00000, 0.00000, 0.00000, 0.00000, -0.60000, 0.00000, -0.00000, -0.60000, -0.00000, 0.00000, 5.02000, 31.18000, 0.59000, 1.00000, },
				{ -0.60000, 0.00000, -0.00000, 0.00000, 0.00000, 0.00000, -0.60000, 0.00000, -0.00000, -0.60000, -0.00000, 0.00000, 6.32000, 31.20000, 0.59000, 1.00000, },
				{ -0.60000, 0.00105, -0.00000, 0.00000, 0.00105, 0.59993, 0.00942, 0.00000, 0.00002, 0.00942, -0.59993, 0.00000, 9.57000, 30.71000, 1.18000, 1.00000, },
				{ 0.60000, 0.00000, 0.00000, 0.00000, 0.00000, -0.00000, 0.60000, 0.00000, 0.00000, -0.60000, -0.00000, 0.00000, 9.82000, 29.06000, 0.76000, 1.00000, },
				{ -0.70000, 0.00000, -0.00000, 0.00000, 0.00000, 0.00000, -0.70000, 0.00000, -0.00000, -0.70000, -0.00000, 0.00000, -10.60000, 7.05000, 0.69000, 1.00000, },
				{ -0.49064, -0.49928, -0.00000, 0.00000, 0.00000, 0.00000, -0.70000, 0.00000, 0.49928, -0.49064, 0.00000, 0.00000, -9.30000, 6.85000, 0.69000, 1.00000, },
				{ 0.49064, 0.49928, -0.00000, 0.00000, -0.00000, -0.00000, -0.70000, 0.00000, -0.49928, 0.49064, -0.00000, 0.00000, -6.50000, 5.93333, 0.69000, 1.00000, },
				{ -0.70000, 0.00000, -0.00000, 0.00000, 0.00000, 0.00000, -0.70000, 0.00000, -0.00000, -0.70000, -0.00000, 0.00000, -10.50000, 5.25000, 0.69000, 1.00000, ignore = { 4, 20 }, },
				{ -0.70000, 0.00000, -0.00000, 0.00000, 0.00000, 0.00000, -0.70000, 0.00000, -0.00000, -0.70000, -0.00000, 0.00000, -8.70000, 5.35000, 0.69000, 1.00000, },
				{ 0.70000, 0.00000, -0.00000, 0.00000, -0.00000, -0.00000, -0.70000, 0.00000, -0.00000, 0.70000, -0.00000, 0.00000, -7.10000, 7.43333, 0.69000, 1.00000, ignore = { 5, 20 }, },
			},
			["asset/industry/pallet_01.mdl"] = {
				{ 0.42894, -0.90334, 0.00000, 0.00000, 0.90334, 0.42894, 0.00000, 0.00000, 0.00000, 0.00000, 1.00000, 0.00000, 7.92000, 29.38000, 0.00000, 1.00000, },
				{ 0.42894, -0.90334, 0.00000, 0.00000, 0.90334, 0.42894, 0.00000, 0.00000, 0.00000, 0.00000, 1.00000, 0.00000, -5.30000, 8.20000, 0.00000, 1.00000, },
				{ -0.05408, -0.99854, 0.00000, 0.00000, 0.99854, -0.05408, 0.00000, 0.00000, 0.00000, 0.00000, 1.00000, 0.00000, -9.70000, 2.20000, 0.00000, 1.00000, },
				{ -0.05408, -0.99854, 0.00000, 0.00000, 0.99854, -0.05408, 0.00000, 0.00000, 0.00000, 0.00000, 1.00000, 0.00000, 9.80000, 28.52000, 0.00000, 1.00000, },
				{ -0.05408, -0.99854, -0.00000, 0.00000, 0.99854, -0.05408, 0.00000, 0.00000, -0.00000, 0.00000, 1.00000, 0.00000, -9.74844, 2.20654, 0.14458, 1.00000, },
				{ -0.05408, -0.99854, -0.00000, 0.00000, 0.99854, -0.05408, 0.00000, 0.00000, -0.00000, 0.00000, 1.00000, 0.00000, -9.72781, 2.23901, 0.28916, 1.00000, },
				{ -0.11494, -0.99337, -0.00000, 0.00000, 0.99337, -0.11494, 0.00000, 0.00000, -0.00000, 0.00000, 1.00000, 0.00000, -9.65482, 2.16628, 0.43373, 1.00000, },
				{ 0.00000, -1.00000, 0.00000, 0.00000, 0.50000, 0.00000, 0.86603, 0.00000, -0.86603, -0.00000, 0.50000, 0.00000, -10.47000, 2.16628, 0.52000, 1.00000, },
				{ -0.05408, -0.99854, -0.00000, 0.00000, 0.99854, -0.05408, 0.00000, 0.00000, -0.00000, 0.00000, 1.00000, 0.00000, -9.72568, 2.15648, 0.57831, 1.00000, },
				{ -0.05408, -0.99854, -0.00000, 0.00000, 0.99854, -0.05408, 0.00000, 0.00000, -0.00000, 0.00000, 1.00000, 0.00000, -9.65231, 2.24063, 0.72289, 1.00000, },
			},
			["asset/industry/pipes_large_straight.mdl"] = {
				{ 0.60000, 0.00000, 0.00000, 0.00000, 0.00000, 0.60000, 0.00000, 0.00000, 0.00000, 0.00000, 0.60000, 0.00000, 0.20000, 10.42000, 1.08000, 1.00000, },
				{ -0.00000, 0.60000, 0.00000, 0.00000, -0.60000, -0.00000, 0.00000, 0.00000, 0.00000, 0.00000, 0.60000, 0.00000, -4.66000, 23.84000, 1.08000, 1.00000, },
			},
			["industry/farm/fence.mdl"] = {
				{ -0.00872, 0.99996, -0.00023, 0.00000, -0.99962, -0.00873, -0.02618, 0.00000, -0.02618, 0.00000, 0.99966, 0.00000, 3.50000, 18.80000, -0.00000, 1.00000, },
				{ -0.00872, 0.99996, -0.00023, 0.00000, -0.99962, -0.00873, -0.02618, 0.00000, -0.02618, 0.00000, 0.99966, 0.00000, 10.70000, 29.65000, -0.00000, 1.00000, },
				{ -0.06627, -0.99780, 0.00000, 0.00000, 0.99780, -0.06627, 0.00000, 0.00000, 0.00000, 0.00000, 1.00000, 0.00000, 0.30000, 29.80000, -0.00000, 1.00000, },
				{ -0.99962, -0.00873, -0.02618, 0.00000, 0.00872, -0.99996, 0.00023, 0.00000, -0.02618, 0.00000, 0.99966, 0.00000, 1.15000, 22.30000, -0.00000, 1.00000, },
				{ 0.99905, -0.03490, 0.02616, 0.00000, 0.03489, 0.99939, 0.00091, 0.00000, -0.02618, -0.00000, 0.99966, 0.00000, 1.15000, 8.65000, -0.00000, 1.00000, },
				{ -0.00000, 0.99996, -0.00873, 0.00000, -1.00000, -0.00000, 0.00000, 0.00000, -0.00000, 0.00873, 0.99996, 0.00000, 3.50000, 14.65000, -0.00000, 1.00000, },
				{ -0.00000, 1.00000, -0.00000, 0.00000, -1.00000, -0.00000, 0.00000, 0.00000, -0.00000, 0.00000, 1.00000, 0.00000, 3.50000, 10.50000, -0.00000, 1.00000, },
			},
			["station/rail/asset/cargo_pallet_jack.mdl"] = {
				{ 0.80902, 0.58779, 0.00000, 0.00000, -0.58779, 0.80902, 0.00000, 0.00000, 0.00000, 0.00000, 1.00000, 0.00000, 6.56000, 28.28000, -0.00000, 1.00000, },
			},
		},
		groups = {
			["era_a_ind_random_loose_wood.grp"] = {
				{ -1.00000, -0.00000, 0.00000, 0.00000, 0.00000, -1.00000, -0.00000, 0.00000, 0.00000, -0.00000, 1.00000, 0.00000, 1.00000, 20.10000, 0.00000, 1.00000, },
				{ -0.99905, -0.04362, 0.00000, 0.00000, 0.04362, -0.99905, -0.00000, 0.00000, 0.00000, -0.00000, 1.00000, 0.00000, 1.00000, 17.30000, 0.00000, 1.00000, },
				{ -0.99905, -0.04362, 0.00000, 0.00000, 0.04362, -0.99905, -0.00000, 0.00000, 0.00000, -0.00000, 1.00000, 0.00000, 1.00000, 15.28000, 0.00000, 1.00000, },
				{ 0.99872, -0.05059, 0.00000, 0.00000, 0.05059, 0.99872, -0.00000, 0.00000, -0.00000, 0.00000, 1.00000, 0.00000, 1.00000, 14.25000, 0.00000, 1.00000, },
			},
			["era_a_ind_random_tank.grp"] = {
				{ -1.00000, -0.00000, 0.00000, 0.00000, 0.00000, -1.00000, -0.00000, 0.00000, 0.00000, -0.00000, 1.00000, 0.00000, -4.35000, 24.20000, 0.00000, 1.00000, },
				{ -1.00000, -0.00000, 0.00000, 0.00000, 0.00000, -1.00000, -0.00000, 0.00000, 0.00000, -0.00000, 1.00000, 0.00000, 1.20000, 10.45000, -0.00000, 1.00000, },
			},
		},
	},
}
--End Generated

function data()
	return townbuildingutil.make_building2(
		{ { -4.60, -0.10 }, { 4.60, -0.10 }, { 4.60, 9.10 }, { -4.60, 9.10 } },
		"INDUSTRIAL", 
		"A", 
		1,
		{ 3, 4 },
		generatedData,
		"construction/building/era_a/ind_1_3x4_01.gtex"
	)
end
