local townbuildingutil = require "townbuildingutil"

--Model file: "building/era_a/ind_1_2x3_01.mdl"

--Begin Generated
local generatedData = {
	["base"] = {
		models = {
			["building/era_a/ind_1_2x3_01.mdl"] = {
				{ 1.00000, 0.00000, 0.00000, 0.00000, 0.00000, 1.00000, 0.00000, 0.00000, 0.00000, 0.00000, 1.00000, 0.00000, -3.00000, -7.00000, 0.00000, 1.00000, },
			},
		},
		curves = {
			["scaffold"] = {
				{ { -0.65947, 2.12028, 0.00000 }, { -0.65947, 2.12028, 0.00000 }, { -0.65947, 12.78100, 0.00000 }, { -0.65947, 12.78100, 0.00000 }, { -0.65947, 12.78100, 0.00000 }, { -7.43581, 12.78101, 0.00000 }, { -7.43581, 12.78101, 0.00000 }, { -7.43581, 12.78101, 0.00000 }, { -7.43581, 2.12028, 0.00000 }, { -7.43581, 2.12028, 0.00000 }, },
			},
			["shared/asphalt_02.gtex.lua;shared/dirt.gtex.lua;shared/asphalt_03.gtex.lua"] = {
				{ { 8.00000, 0.00000, 0.00000 }, { 8.00000, 0.00000, 0.00000 }, { 8.00000, 20.00000, 0.00000 }, { 8.00000, 20.00000, 0.00000 }, { 8.00000, 20.00000, 0.00000 }, { 8.00000, 24.00000, 0.00000 }, { 8.00000, 24.00000, 0.00000 }, { 8.00000, 24.00000, 0.00000 }, { 3.50000, 24.00000, 0.00000 }, { 3.50000, 24.00000, 0.00000 }, { 3.50000, 24.00000, 0.00000 }, { -4.00000, 24.00000, 0.00000 }, { -4.00000, 24.00000, 0.00000 }, { -4.00000, 24.00000, 0.00000 }, { -4.00000, 20.00000, 0.00000 }, { -4.00000, 20.00000, 0.00000 }, { -4.00000, 20.00000, 0.00000 }, { -8.00000, 20.00000, 0.00000 }, { -8.00000, 20.00000, 0.00000 }, { -8.00000, 20.00000, 0.00000 }, { -8.00000, 0.00000, 0.00000 }, { -8.00000, 0.00000, 0.00000 }, },
			},
		},
	},
	["layout_1"] = {
		models = {
			["asset/ground/barrel_steel.mdl"] = {
				{ 1.00000, 0.00000, 0.00000, 0.00000, 0.00000, 1.00000, 0.00000, 0.00000, 0.00000, 0.00000, 1.00000, 0.00000, -6.40000, 1.80000, -0.00000, 1.00000, ignore = { 3, 20 }, },
				{ 0.54756, 0.83676, 0.00000, 0.00000, -0.83676, 0.54756, 0.00000, 0.00000, 0.00000, 0.00000, 1.00000, 0.00000, -5.55000, 2.00000, -0.00000, 1.00000, ignore = { 4, 20 }, },
				{ 0.54756, 0.83676, 0.00000, 0.00000, -0.83676, 0.54756, 0.00000, 0.00000, 0.00000, 0.00000, 1.00000, 0.00000, -6.70000, 18.10000, -0.00000, 1.00000, },
				{ 0.54756, 0.83676, 0.00000, 0.00000, -0.83676, 0.54756, 0.00000, 0.00000, 0.00000, 0.00000, 1.00000, 0.00000, -6.76000, 19.08000, -0.00000, 1.00000, },
				{ 0.54756, 0.83676, 0.00000, 0.00000, -0.83676, 0.54756, 0.00000, 0.00000, 0.00000, 0.00000, 1.00000, 0.00000, -5.78000, 18.02000, -0.00000, 1.00000, },
				{ 0.54756, 0.83676, 0.00000, 0.00000, -0.83676, 0.54756, 0.00000, 0.00000, 0.00000, 0.00000, 1.00000, 0.00000, -5.78000, 19.08000, -0.00000, 1.00000, },
				{ 0.00000, -0.00000, -1.00000, 0.00000, -0.64546, -0.76380, -0.00000, 0.00000, -0.76380, 0.64546, -0.00000, 0.00000, -4.10159, 18.94871, 0.40000, 1.00000, },
				{ -0.79777, 0.36877, -0.47704, 0.00000, -0.59761, -0.37837, 0.70689, 0.00000, 0.08018, 0.84902, 0.52224, 0.00000, -4.77841, 17.62129, 0.34000, 1.00000, },
				{ 0.54756, 0.83676, 0.00000, 0.00000, -0.83676, 0.54756, 0.00000, 0.00000, 0.00000, 0.00000, 1.00000, 0.00000, -0.50000, 3.30000, 1.40000, 1.00000, ignore = { 5, 20 }, },
			},
			["asset/industry/pallet_01.mdl"] = {
				{ 0.98823, -0.15299, 0.00000, 0.00000, 0.15299, 0.98823, -0.00000, 0.00000, 0.00000, 0.00000, 1.00000, 0.00000, -0.29402, 5.70485, 1.39167, 1.00000, },
				{ 0.59061, -0.80696, 0.00000, 0.00000, 0.80696, 0.59061, -0.00000, 0.00000, 0.00000, 0.00000, 1.00000, 0.00000, 3.93000, 20.30000, 0.00000, 1.00000, },
				{ 0.72176, -0.69214, 0.00000, 0.00000, 0.69214, 0.72176, -0.00000, 0.00000, 0.00000, 0.00000, 1.00000, 0.00000, 3.08000, 21.11000, 0.00000, 1.00000, },
				{ 0.72176, -0.69214, 0.00000, 0.00000, 0.69214, 0.72176, -0.00000, 0.00000, 0.00000, 0.00000, 1.00000, 0.00000, 3.07791, 21.15151, 0.14458, 1.00000, },
				{ 0.72176, -0.69214, 0.00000, 0.00000, 0.69214, 0.72176, -0.00000, 0.00000, 0.00000, 0.00000, 1.00000, 0.00000, 3.03729, 21.13558, 0.28916, 1.00000, },
				{ 0.72176, -0.69214, 0.00000, 0.00000, 0.69214, 0.72176, -0.00000, 0.00000, 0.00000, 0.00000, 1.00000, 0.00000, 3.11485, 21.15940, 0.43373, 1.00000, },
				{ 0.75700, -0.65342, 0.00000, 0.00000, 0.65342, 0.75700, -0.00000, 0.00000, 0.00000, 0.00000, 1.00000, 0.00000, 3.11694, 21.11802, 0.57831, 1.00000, },
				{ 0.72176, -0.69214, 0.00000, 0.00000, 0.69214, 0.72176, -0.00000, 0.00000, 0.00000, 0.00000, 1.00000, 0.00000, 3.10550, 21.12099, 0.72289, 1.00000, },
				{ 0.72176, -0.69214, 0.00000, 0.00000, 0.69214, 0.72176, -0.00000, 0.00000, 0.00000, 0.00000, 1.00000, 0.00000, 3.07159, 21.07663, 0.86747, 1.00000, },
				{ 0.72176, -0.69214, 0.00000, 0.00000, 0.69214, 0.72176, -0.00000, 0.00000, 0.00000, 0.00000, 1.00000, 0.00000, -6.35000, 19.00000, 1.39747, 1.00000, },
			},
			["asset/industry/wooden_box_01.mdl"] = {
				{ 0.98823, -0.15299, 0.00000, 0.00000, 0.15299, 0.98823, -0.00000, 0.00000, 0.00000, 0.00000, 1.00000, 0.00000, -0.29402, 5.70485, 1.53667, 1.00000, ignore = { 2, 20 }, },
				{ 0.99974, -0.02269, 0.00000, 0.00000, 0.02269, 0.99974, -0.00000, 0.00000, 0.00000, 0.00000, 1.00000, 0.00000, 6.09000, 14.40000, 0.00000, 1.00000, },
				{ -0.99974, 0.02269, -0.00000, 0.00000, -0.02269, -0.99974, 0.00000, 0.00000, -0.00000, 0.00000, 1.00000, 0.00000, 4.98000, 14.40000, 0.00000, 1.00000, },
				{ 0.99974, -0.02269, 0.00000, 0.00000, 0.02269, 0.99974, -0.00000, 0.00000, 0.00000, 0.00000, 1.00000, 0.00000, 6.09000, 15.58000, 0.00000, 1.00000, },
				{ -0.99786, -0.06540, -0.00000, 0.00000, 0.06540, -0.99786, 0.00000, 0.00000, -0.00000, 0.00000, 1.00000, 0.00000, 6.09000, 16.77000, 0.00000, 1.00000, },
				{ 0.91982, -0.39234, 0.00000, 0.00000, 0.39234, 0.91982, -0.00000, 0.00000, 0.00000, 0.00000, 1.00000, 0.00000, 4.98000, 15.69000, 0.00000, 1.00000, },
			},
			["industry/farm/fence.mdl"] = {
				{ -0.00000, 1.00000, -0.00000, 0.00000, -1.00000, -0.00000, 0.00000, 0.00000, -0.00000, 0.00000, 1.00000, 0.00000, 7.85000, 2.35000, -0.00000, 1.00000, },
				{ -0.00872, 0.99996, -0.00023, 0.00000, -0.99962, -0.00873, -0.02618, 0.00000, -0.02618, 0.00000, 0.99966, 0.00000, 7.80000, 6.60000, -0.00000, 1.00000, },
				{ -0.00000, 1.00000, -0.00000, 0.00000, -1.00000, -0.00000, 0.00000, 0.00000, -0.00000, 0.00000, 1.00000, 0.00000, 7.80000, 10.85000, -0.00000, 1.00000, },
				{ 0.05224, 0.99863, 0.00320, 0.00000, -0.99677, 0.05234, -0.06096, 0.00000, -0.06105, -0.00000, 0.99813, 0.00000, 7.85000, 15.05000, -0.00000, 1.00000, },
				{ -0.39875, 0.91706, -0.00000, 0.00000, -0.91706, -0.39875, 0.00000, 0.00000, -0.00000, 0.00000, 1.00000, 0.00000, 7.05000, 19.15000, -0.00000, 1.00000, },
				{ -0.88295, 0.46947, -0.00000, 0.00000, -0.45762, -0.86066, 0.22325, 0.00000, 0.10481, 0.19712, 0.97476, 0.00000, 4.20000, 22.50000, -0.00000, 1.00000, },
			},
			["station/air/asset/ladder_low_a.mdl"] = {
				{ 1.00000, 0.00000, 0.00000, 0.00000, 0.00000, 1.00000, 0.00000, 0.00000, 0.00000, 0.00000, 1.00000, 0.00000, -0.45000, 12.25000, 0.00000, 1.00000, },
			},
			["station/rail/asset/cargo_pallet_jack.mdl"] = {
				{ 0.13917, 0.99027, 0.00000, 0.00000, -0.99027, 0.13917, 0.00000, 0.00000, 0.00000, 0.00000, 1.00000, 0.00000, -0.37196, 5.15030, 1.39167, 1.00000, },
			},
		},
		groups = {
			["era_a_ind_random_vertical_tank.grp"] = {
				{ 1.00000, 0.00000, 0.00000, 0.00000, 0.00000, 1.00000, 0.00000, 0.00000, 0.00000, 0.00000, 1.00000, 0.00000, -6.10000, 14.70000, 0.00000, 1.00000, seed = 1, ignore = { 6, 20 }, },
				{ 1.00000, 0.00000, 0.00000, 0.00000, 0.00000, 1.00000, 0.00000, 0.00000, 0.00000, 0.00000, 1.00000, 0.00000, -2.20000, 14.60000, 0.00000, 1.00000, seed = 1, ignore = { 7, 20 }, },
			},
			["era_a_ind_random_wooden_shed.grp"] = {
				{ -0.00000, -0.80500, 0.00000, 0.00000, 0.80500, -0.00000, 0.00000, 0.00000, 0.00000, 0.00000, 0.80500, 0.00000, 5.70000, 15.55000, 0.00000, 1.00000, },
				{ 0.59351, -0.54385, 0.00000, 0.00000, 0.54385, 0.59351, 0.00000, 0.00000, 0.00000, 0.00000, 0.80500, 0.00000, 3.30000, 20.85000, 0.00000, 1.00000, },
			},
		},
	},
}
--End Generated

function data()
	return townbuildingutil.make_building2(
		{ { -4.60, -0.10 }, { 4.60, -0.10 }, { 4.60, 9.10 }, { -4.60, 9.10 } },
		"INDUSTRIAL", 
		"A", 
		1,
		{ 2, 3 },
		generatedData,
		"construction/building/era_a/ind_1_2x3_01.gtex"
	)
end
