local townbuildingutil = require "townbuildingutil"

--Model file: "building/era_a/ind_2_3x4_03.mdl"

--Begin Generated
local generatedData = {
	["base"] = {
		models = {
			["building/era_a/ind_2_3x4_03.mdl"] = {
				{ 1.00000, 0.00000, 0.00000, 0.00000, 0.00000, 1.00000, 0.00000, 0.00000, 0.00000, 0.00000, 1.00000, 0.00000, 7.00000, 2.00000, 0.00000, 1.00000, },
			},
		},
		curves = {
			["scaffold"] = {
				{ { 10.20630, 10.20950, 0.00000 }, { 10.20630, 10.20951, 0.00000 }, { 10.20654, 30.57250, 0.00000 }, { 10.20654, 30.57251, 0.00000 }, { 10.20654, 30.57251, 0.00000 }, { 0.56396, 30.57245, 0.00000 }, { 0.56396, 30.57245, 0.00000 }, { 0.56396, 30.57245, 0.00000 }, { 0.56348, 28.69580, 0.00000 }, { 0.56348, 28.69580, 0.00000 }, { 0.56348, 28.69580, 0.00000 }, { -2.45215, 28.69580, 0.00000 }, { -2.45215, 28.69580, 0.00000 }, { -2.45215, 28.69580, 0.00000 }, { -2.45251, 12.25144, 0.00000 }, { -2.45251, 12.25143, 0.00000 }, { -2.45251, 12.25143, 0.00000 }, { 0.56348, 12.25141, 0.00000 }, { 0.56348, 12.25141, 0.00000 }, { 0.56348, 12.25141, 0.00000 }, { 0.56348, 10.20950, 0.00000 }, { 0.56348, 10.20950, 0.00000 }, },
			},
			["shared/asphalt_02.gtex.lua;shared/dirt.gtex.lua;shared/asphalt_03.gtex.lua"] = {
				{ { 12.00000, 0.00000, 0.00000 }, { 12.00000, 0.00000, 0.00000 }, { 12.00000, 32.00000, 0.00000 }, { 12.00000, 32.00000, 0.00000 }, { 12.00000, 32.00000, 0.00000 }, { 0.00000, 32.00000, 0.00000 }, { 0.00000, 32.00000, 0.00000 }, { 0.00000, 32.00000, 0.00000 }, { 0.00000, 30.00000, 0.00000 }, { 0.00000, 30.00000, 0.00000 }, { 0.00000, 30.00000, 0.00000 }, { -4.00000, 30.00000, 0.00000 }, { -4.00000, 30.00000, 0.00000 }, { -4.00000, 30.00000, 0.00000 }, { -4.00000, 28.50000, 0.00000 }, { -4.00000, 28.50000, 0.00000 }, { -4.00000, 28.50000, 0.00000 }, { -12.00000, 28.50000, 0.00000 }, { -12.00000, 28.50000, 0.00000 }, { -12.00000, 28.50000, 0.00000 }, { -12.00000, 0.00000, 0.00000 }, { -12.00000, 0.00000, 0.00000 }, },
			},
		},
	},
	["layout_1"] = {
		models = {
			["asset/ground/container_wood.mdl"] = {
				{ 1.00000, 0.00000, 0.00000, 0.00000, 0.00000, 1.00000, 0.00000, 0.00000, 0.00000, 0.00000, 1.00000, 0.00000, -9.70000, 25.00000, 0.00000, 1.00000, },
				{ 1.00000, 0.00000, 0.00000, 0.00000, 0.00000, 1.00000, 0.00000, 0.00000, 0.00000, 0.00000, 1.00000, 0.00000, -9.70000, 14.45000, 0.00000, 1.00000, },
			},
			["asset/industry/loose_wood_02.mdl"] = {
				{ -0.00000, 1.00000, 0.00000, 0.00000, -1.00000, -0.00000, 0.00000, 0.00000, 0.00000, 0.00000, 1.00000, 0.00000, 10.80000, 27.80000, 0.00000, 1.00000, ignore = { 7, 20 }, },
				{ -0.08542, -0.99635, 0.00000, 0.00000, 0.99635, -0.08542, 0.00000, 0.00000, 0.00000, 0.00000, 1.00000, 0.00000, 10.90000, 20.40000, 0.00000, 1.00000, },
			},
			["asset/industry/loose_wood_03.mdl"] = {
				{ 0.03490, 0.99939, 0.00000, 0.00000, -0.99939, 0.03490, 0.00000, 0.00000, 0.00000, 0.00000, 1.00000, 0.00000, 10.60000, 24.10000, 0.00000, 1.00000, },
				{ -0.05931, -0.99824, 0.00000, 0.00000, 0.99824, -0.05931, 0.00000, 0.00000, 0.00000, 0.00000, 1.00000, 0.00000, 11.05000, 16.85000, 0.00000, 1.00000, ignore = { 8, 20 }, },
			},
			["asset/industry/steal_pipes_01.mdl"] = {
				{ 1.00000, 0.00000, 0.00000, 0.00000, 0.00000, 1.00000, 0.00000, 0.00000, 0.00000, 0.00000, 1.00000, 0.00000, -3.35000, 26.80000, 0.00000, 1.00000, ignore = { 2, 20 }, },
				{ 0.99985, 0.01745, 0.00000, 0.00000, -0.01745, 0.99985, 0.00000, 0.00000, 0.00000, 0.00000, 1.00000, 0.00000, -3.35000, 23.65000, 0.00000, 1.00000, },
				{ 1.00000, 0.00000, 0.00000, 0.00000, 0.00000, 1.00000, 0.00000, 0.00000, 0.00000, 0.00000, 1.00000, 0.00000, -3.35000, 20.50000, 0.00000, 1.00000, },
				{ 0.99966, -0.02618, 0.00000, 0.00000, 0.02618, 0.99966, 0.00000, 0.00000, 0.00000, 0.00000, 1.00000, 0.00000, -3.35000, 17.30000, 0.00000, 1.00000, },
				{ 1.00000, 0.00000, 0.00000, 0.00000, 0.00000, 1.00000, 0.00000, 0.00000, 0.00000, 0.00000, 1.00000, 0.00000, -3.35000, 14.20000, 0.00000, 1.00000, ignore = { 3, 20 }, },
				{ 1.00000, 0.00000, 0.00000, 0.00000, 0.00000, 1.00000, 0.00000, 0.00000, 0.00000, 0.00000, 1.00000, 0.00000, -9.60000, 3.20000, 0.00000, 1.00000, },
				{ 1.00000, 0.00000, 0.00000, 0.00000, 0.00000, 1.00000, 0.00000, 0.00000, 0.00000, 0.00000, 1.00000, 0.00000, -9.60000, 3.20000, 1.22000, 1.00000, ignore = { 4, 20 }, },
				{ 1.00000, 0.00000, 0.00000, 0.00000, 0.00000, 1.00000, 0.00000, 0.00000, 0.00000, 0.00000, 1.00000, 0.00000, -5.70000, 3.20000, 0.00000, 1.00000, },
				{ 0.99985, 0.01745, 0.00000, 0.00000, -0.01745, 0.99985, 0.00000, 0.00000, 0.00000, 0.00000, 1.00000, 0.00000, -5.70000, 3.20000, 1.22000, 1.00000, },
				{ 0.99939, 0.03490, 0.00000, 0.00000, -0.03490, 0.99939, 0.00000, 0.00000, 0.00000, 0.00000, 1.00000, 0.00000, -8.30000, 3.20000, 0.00000, 1.00000, },
				{ 0.99985, 0.01745, 0.00000, 0.00000, -0.01745, 0.99985, 0.00000, 0.00000, 0.00000, 0.00000, 1.00000, 0.00000, -8.30000, 3.20000, 1.22000, 1.00000, },
				{ 0.99939, 0.03490, 0.00000, 0.00000, -0.03490, 0.99939, 0.00000, 0.00000, 0.00000, 0.00000, 1.00000, 0.00000, -4.40238, 3.33611, 0.00000, 1.00000, },
				{ 0.99939, 0.03490, 0.00000, 0.00000, -0.03490, 0.99939, 0.00000, 0.00000, 0.00000, 0.00000, 1.00000, 0.00000, -4.40238, 3.33611, 1.22000, 1.00000, ignore = { 5, 20 }, },
				{ 0.99996, -0.00873, 0.00000, 0.00000, 0.00873, 0.99996, 0.00000, 0.00000, 0.00000, 0.00000, 1.00000, 0.00000, -7.00079, 3.24537, 0.00000, 1.00000, },
				{ 0.99996, -0.00873, 0.00000, 0.00000, 0.00873, 0.99996, 0.00000, 0.00000, 0.00000, 0.00000, 1.00000, 0.00000, -7.00079, 3.24537, 1.22000, 1.00000, },
				{ 0.99996, -0.00873, 0.00000, 0.00000, 0.00873, 0.99996, 0.00000, 0.00000, 0.00000, 0.00000, 1.00000, 0.00000, -3.10094, 3.21134, 0.00000, 1.00000, ignore = { 6, 20 }, },
			},
			["asset/industry/wooden_box_02.mdl"] = {
				{ 1.00000, 0.00000, 0.00000, 0.00000, 0.00000, 1.00000, 0.00000, 0.00000, 0.00000, 0.00000, 1.00000, 0.00000, -10.45000, 20.26000, 0.00000, 1.00000, },
				{ 0.99813, 0.06105, 0.00000, 0.00000, -0.06105, 0.99813, 0.00000, 0.00000, 0.00000, 0.00000, 1.00000, 0.00000, -10.45000, 20.26000, 0.88000, 1.00000, },
				{ 0.99863, 0.05234, 0.00000, 0.00000, -0.05234, 0.99863, 0.00000, 0.00000, 0.00000, 0.00000, 1.00000, 0.00000, -9.33000, 20.26000, 0.00000, 1.00000, },
				{ 0.99966, -0.02618, 0.00000, 0.00000, 0.02618, 0.99966, 0.00000, 0.00000, 0.00000, 0.00000, 1.00000, 0.00000, -10.45000, 19.02000, 0.00000, 1.00000, },
				{ 0.99939, 0.03490, 0.00000, 0.00000, -0.03490, 0.99939, 0.00000, 0.00000, 0.00000, 0.00000, 1.00000, 0.00000, -10.45000, 19.02000, 0.88000, 1.00000, },
				{ 0.99966, 0.02618, 0.00000, 0.00000, -0.02618, 0.99966, 0.00000, 0.00000, 0.00000, 0.00000, 1.00000, 0.00000, -9.33000, 19.02000, 0.00000, 1.00000, },
				{ 0.99619, 0.08716, 0.00000, 0.00000, -0.08716, 0.99619, 0.00000, 0.00000, 0.00000, 0.00000, 1.00000, 0.00000, -9.33000, 19.02000, 0.88000, 1.00000, },
				{ 0.99966, 0.02618, 0.00000, 0.00000, -0.02618, 0.99966, 0.00000, 0.00000, 0.00000, 0.00000, 1.00000, 0.00000, -10.45000, 17.78000, 0.00000, 1.00000, },
				{ 0.99692, 0.07846, 0.00000, 0.00000, -0.07846, 0.99692, 0.00000, 0.00000, 0.00000, 0.00000, 1.00000, 0.00000, -9.33000, 17.78000, 0.00000, 1.00000, },
			},
			["station/air/asset/handcart_luggage_a.mdl"] = {
				{ 0.97992, 0.19937, 0.00000, 0.00000, -0.19937, 0.97992, -0.00000, 0.00000, -0.00000, -0.00000, 1.00000, 0.00000, -9.60000, 12.65000, -0.00000, 1.00000, },
				{ 0.99863, -0.05234, 0.00000, 0.00000, 0.05234, 0.99863, 0.00000, 0.00000, -0.00000, -0.00000, 1.00000, 0.00000, -9.25000, 23.35000, 0.00000, 1.00000, },
			},
			["station/rail/asset/cargo_lamps.mdl"] = {
				{ 1.00000, 0.00000, 0.00000, 0.00000, 0.00000, 1.00000, 0.00000, 0.00000, 0.00000, 0.00000, 1.00000, 0.00000, -9.65000, 16.25000, 0.00000, 1.00000, },
				{ 0.00000, -1.00000, -0.00000, 0.00000, 1.00000, 0.00000, -0.00000, 0.00000, 0.00000, 0.00000, 1.00000, 0.00000, 5.35000, 8.30000, -0.00000, 1.00000, },
				{ 1.00000, 0.00000, 0.00000, 0.00000, 0.00000, 1.00000, 0.00000, 0.00000, 0.00000, 0.00000, 1.00000, 0.00000, -9.65000, 26.70000, 0.00000, 1.00000, },
			},
		},
		groups = {
			["era_a_ind_random_wooden_shed.grp"] = {
				{ -0.00000, 0.85500, 0.00000, 0.00000, -0.85500, -0.00000, 0.00000, 0.00000, 0.00000, 0.00000, 0.85500, 0.00000, -9.80000, 24.00000, 0.00000, 1.00000, },
				{ -0.00000, 0.85500, 0.00000, 0.00000, -0.85500, -0.00000, 0.00000, 0.00000, 0.00000, 0.00000, 0.85500, 0.00000, -9.80000, 18.95000, 0.00000, 1.00000, },
				{ -0.00000, 0.85500, 0.00000, 0.00000, -0.85500, -0.00000, 0.00000, 0.00000, 0.00000, 0.00000, 0.85500, 0.00000, -9.80000, 13.40000, -0.00000, 1.00000, },
			},
		},
	},
}
--End Generated

function data()
	return townbuildingutil.make_building2(
		{ { -4.60, -0.10 }, { 4.60, -0.10 }, { 4.60, 9.10 }, { -4.60, 9.10 } },
		"INDUSTRIAL", 
		"A", 
		2,
		{ 3, 4 },
		generatedData,
		"construction/building/era_a/ind_2_3x4_03.gtex"
	)
end
