local townbuildingutil = require "townbuildingutil"

--Model file: "building/era_a/ind_1_3x3_01.mdl"

--Begin Generated
local generatedData = {
	["base"] = {
		models = {
			["building/era_a/ind_1_3x3_01.mdl"] = {
				{ 1.00000, 0.00000, 0.00000, 0.00000, 0.00000, 1.00000, 0.00000, 0.00000, 0.00000, 0.00000, 1.00000, 0.00000, -1.00000, -1.00000, 0.00000, 1.00000, },
			},
		},
		curves = {
			["scaffold"] = {
				{ { -1.05542, 7.87683, 0.00000 }, { -1.05542, 7.87683, 0.00000 }, { -1.05205, 13.95520, 0.00000 }, { -1.05205, 13.95520, 0.00000 }, { -1.05205, 13.95520, 0.00000 }, { 2.60889, 13.95520, 0.00000 }, { 2.60889, 13.95520, 0.00000 }, { 2.60889, 13.95520, 0.00000 }, { 2.60889, 18.51660, 0.00000 }, { 2.60889, 18.51660, 0.00000 }, { 2.60889, 18.51660, 0.00000 }, { -1.05542, 18.51663, 0.00000 }, { -1.05542, 18.51663, 0.00000 }, { -1.05542, 18.51663, 0.00000 }, { -1.05542, 18.93494, 0.00000 }, { -1.05542, 18.93494, 0.00000 }, { -1.05542, 18.93494, 0.00000 }, { -9.41187, 18.93500, 0.00000 }, { -9.41187, 18.93500, 0.00000 }, { -9.41187, 18.93500, 0.00000 }, { -9.41199, 7.87683, 0.00000 }, { -9.41199, 7.87683, 0.00000 }, },
			},
			["shared/asphalt_02.gtex.lua;shared/dirt.gtex.lua;shared/asphalt_03.gtex.lua"] = {
				{ { 12.00000, 0.00000, 0.00000 }, { 12.00000, 0.00000, 0.00000 }, { 12.00000, 20.00000, 0.00000 }, { 12.00000, 20.00000, 0.00000 }, { 12.00000, 20.00000, 0.00000 }, { 8.00000, 20.00000, 0.00000 }, { 8.00000, 20.00000, 0.00000 }, { 8.00000, 20.00000, 0.00000 }, { 8.00000, 24.00000, 0.00000 }, { 8.00000, 24.00000, 0.00000 }, { 8.00000, 24.00000, 0.00000 }, { -8.50000, 24.00000, 0.00000 }, { -8.50000, 24.00000, 0.00000 }, { -8.50000, 24.00000, 0.00000 }, { -8.50000, 20.00000, 0.00000 }, { -8.50000, 20.00000, 0.00000 }, { -8.50000, 20.00000, 0.00000 }, { -12.00000, 20.00000, 0.00000 }, { -12.00000, 20.00000, 0.00000 }, { -12.00000, 20.00000, 0.00000 }, { -12.00000, 0.00000, 0.00000 }, { -12.00000, 0.00000, 0.00000 }, },
			},
		},
	},
	["layout_1"] = {
		models = {
			["asset/ground/barrel_steel.mdl"] = {
				{ 1.00000, 0.00000, 0.00000, 0.00000, 0.00000, 1.00000, 0.00000, 0.00000, 0.00000, 0.00000, 1.00000, 0.00000, 0.80000, 13.30000, -0.00000, 1.00000, },
				{ 1.00000, 0.00000, 0.00000, 0.00000, 0.00000, 1.00000, 0.00000, 0.00000, 0.00000, 0.00000, 1.00000, 0.00000, -9.80000, 18.20000, -0.00000, 1.00000, ignore = { 2, 20 }, },
				{ 0.54222, 0.84024, 0.00000, 0.00000, -0.84024, 0.54222, 0.00000, 0.00000, -0.00000, -0.00000, 1.00000, 0.00000, -10.75000, 17.25000, -0.00000, 1.00000, ignore = { 3, 20 }, },
				{ 0.16728, 0.98591, 0.00000, 0.00000, -0.98591, 0.16728, 0.00000, 0.00000, -0.00000, -0.00000, 1.00000, 0.00000, -9.93087, 17.28021, -0.00000, 1.00000, },
				{ 0.35191, 0.93603, 0.00000, 0.00000, -0.93603, 0.35191, 0.00000, 0.00000, -0.00000, -0.00000, 1.00000, 0.00000, -10.77054, 16.37583, -0.00000, 1.00000, },
				{ 0.54479, 0.83857, 0.00000, 0.00000, -0.83857, 0.54479, 0.00000, 0.00000, -0.00000, -0.00000, 1.00000, 0.00000, -9.92496, 16.30917, -0.00000, 1.00000, },
				{ 0.95198, 0.30617, 0.00000, 0.00000, -0.30617, 0.95198, 0.00000, 0.00000, -0.00000, -0.00000, 1.00000, 0.00000, -10.73064, 15.06210, -0.00000, 1.00000, },
				{ 0.57260, 0.81984, 0.00000, 0.00000, -0.81984, 0.57260, 0.00000, 0.00000, -0.00000, -0.00000, 1.00000, 0.00000, -9.94486, 15.17776, -0.00000, 1.00000, },
				{ 0.43141, 0.90216, 0.00000, 0.00000, -0.90216, 0.43141, 0.00000, 0.00000, -0.00000, -0.00000, 1.00000, 0.00000, -10.81264, 14.13359, -0.00000, 1.00000, },
				{ 0.45197, 0.89203, 0.00000, 0.00000, -0.89203, 0.45197, 0.00000, 0.00000, -0.00000, -0.00000, 1.00000, 0.00000, -9.95767, 14.19194, -0.00000, 1.00000, },
				{ 0.61042, 0.79208, 0.00000, 0.00000, -0.79208, 0.61042, 0.00000, 0.00000, -0.00000, -0.00000, 1.00000, 0.00000, -10.79575, 13.03130, -0.00000, 1.00000, },
				{ 0.71220, 0.70198, 0.00000, 0.00000, -0.70198, 0.71220, 0.00000, 0.00000, -0.00000, -0.00000, 1.00000, 0.00000, -9.96987, 12.93782, -0.00000, 1.00000, },
				{ 0.58973, 0.80760, 0.00000, 0.00000, -0.80760, 0.58973, 0.00000, 0.00000, -0.00000, -0.00000, 1.00000, 0.00000, -10.76005, 12.18761, -0.00000, 1.00000, },
				{ 0.94516, 0.32660, 0.00000, 0.00000, -0.32660, 0.94516, 0.00000, 0.00000, -0.00000, -0.00000, 1.00000, 0.00000, -9.91716, 11.92980, -0.00000, 1.00000, },
				{ 0.38292, 0.92378, 0.00000, 0.00000, -0.92378, 0.38292, 0.00000, 0.00000, -0.00000, -0.00000, 1.00000, 0.00000, -10.78075, 11.24006, -0.00000, 1.00000, ignore = { 6, 20 }, },
				{ 0.45175, 0.89215, 0.00000, 0.00000, -0.89215, 0.45175, 0.00000, 0.00000, -0.00000, -0.00000, 1.00000, 0.00000, -9.95104, 10.93912, -0.00000, 1.00000, ignore = { 7, 20 }, },
			},
			["asset/ground/container_hexagon.mdl"] = {
				{ 1.00000, 0.00000, 0.00000, 0.00000, 0.00000, 1.00000, 0.00000, 0.00000, 0.00000, 0.00000, 1.00000, 0.00000, -8.40000, 4.00000, -0.00000, 1.00000, ignore = { 4, 20 }, },
				{ 0.99540, 0.09585, 0.00000, 0.00000, -0.09585, 0.99540, 0.00000, 0.00000, 0.00000, 0.00000, 1.00000, 0.00000, -5.60000, 4.00000, -0.00000, 1.00000, ignore = { 5, 20 }, },
			},
			["asset/industry/pipes_large_curved_horizontal_l.mdl"] = {
				{ -1.00000, -0.00000, 0.00000, 0.00000, 0.00000, -1.00000, 0.00000, 0.00000, 0.00000, 0.00000, 1.00000, 0.00000, -5.82404, 21.10000, -0.15000, 1.00000, align = { -2.30000, 21.20000 }, },
				{ 1.00000, 0.00000, -0.00000, 0.00000, -0.00000, 0.00000, -1.00000, 0.00000, -0.00000, 1.00000, 0.00000, 0.00000, 2.17596, 20.10000, 0.85000, 1.00000, align = { -2.30000, 21.20000 }, },
			},
			["asset/industry/pipes_large_curved_horizontal_r.mdl"] = {
				{ 0.60000, 0.00000, 0.00000, 0.00000, 0.00000, 0.60000, 0.00000, 0.00000, 0.00000, 0.00000, 0.60000, 0.00000, 8.26000, 18.05000, 0.96000, 1.00000, align = { 6.90478, 16.16557 }, },
			},
			["asset/industry/pipes_large_curved_vertical.mdl"] = {
				{ -0.60000, 0.00000, -0.00000, 0.00000, -0.00000, -0.60000, 0.00000, 0.00000, -0.00000, 0.00000, 0.60000, 0.00000, 5.86000, 18.05000, 0.96000, 1.00000, align = { 6.90478, 16.16557 }, },
				{ 0.60000, 0.00000, -0.00000, 0.00000, 0.00000, -0.60000, 0.00000, 0.00000, -0.00000, -0.00000, -0.60000, 0.00000, 4.80200, 18.05000, 0.96000, 1.00000, align = { 6.90478, 16.16557 }, },
			},
			["asset/industry/pipes_large_straight.mdl"] = {
				{ 1.00000, 0.00000, 0.00000, 0.00000, 0.00000, 1.00000, 0.00000, 0.00000, 0.00000, 0.00000, 1.00000, 0.00000, 2.17596, 21.10000, -0.15000, 1.00000, align = { -2.30000, 21.20000 }, },
				{ 1.00000, 0.00000, 0.00000, 0.00000, 0.00000, 1.00000, 0.00000, 0.00000, 0.00000, 0.00000, 1.00000, 0.00000, -1.82404, 21.10000, -0.15000, 1.00000, align = { -2.30000, 21.20000 }, },
				{ -0.00000, -1.00000, -0.00000, 0.00000, 1.00000, -0.00000, 0.00000, 0.00000, -0.00000, 0.00000, 1.00000, 0.00000, -6.70571, 16.10000, -0.15000, 1.00000, align = { -2.30000, 21.20000 }, },
				{ 0.60000, 0.00000, 0.00000, 0.00000, 0.00000, 0.60000, 0.00000, 0.00000, 0.00000, 0.00000, 0.60000, 0.00000, 8.26000, 18.05000, 0.96000, 1.00000, align = { 6.90478, 16.16557 }, },
				{ 0.60000, 0.00000, 0.00000, 0.00000, 0.00000, 0.60000, 0.00000, 0.00000, 0.00000, 0.00000, 0.60000, 0.00000, 4.80200, 18.05000, -0.24000, 1.00000, align = { 6.90478, 16.16557 }, },
				{ -0.00000, 0.26400, -0.00000, 0.00000, -0.60000, -0.00000, 0.00000, 0.00000, -0.00000, 0.00000, 0.60000, 0.00000, 8.78900, 17.45000, 0.96000, 1.00000, align = { 6.90478, 16.16557 }, },
			},
			["station/rail/asset/cargo_lamps.mdl"] = {
				{ 1.00000, 0.00000, 0.00000, 0.00000, 0.00000, 1.00000, 0.00000, 0.00000, 0.00000, 0.00000, 1.00000, 0.00000, -2.60000, 4.50000, -0.00000, 1.00000, },
				{ 1.00000, 0.00000, 0.00000, 0.00000, 0.00000, 1.00000, 0.00000, 0.00000, 0.00000, 0.00000, 1.00000, 0.00000, 5.30000, 21.10000, -0.00000, 1.00000, },
				{ 1.00000, 0.00000, 0.00000, 0.00000, 0.00000, 1.00000, 0.00000, 0.00000, 0.00000, 0.00000, 1.00000, 0.00000, 5.40000, 11.30000, -0.00000, 1.00000, },
				{ 1.00000, 0.00000, 0.00000, 0.00000, 0.00000, 1.00000, 0.00000, 0.00000, 0.00000, 0.00000, 1.00000, 0.00000, 5.40000, 4.50000, -0.00000, 1.00000, },
			},
		},
		groups = {
			["era_a_ind_random_tank.grp"] = {
				{ 1.00000, 0.00000, 0.00000, 0.00000, 0.00000, 1.00000, 0.00000, 0.00000, 0.00000, 0.00000, 1.00000, 0.00000, 8.76000, 16.00000, 0.00000, 1.00000, align = { 6.90478, 16.16557 }, },
			},
			["era_a_ind_random_vertical_tank.grp"] = {
				{ 1.00000, 0.00000, 0.00000, 0.00000, 0.00000, 1.00000, 0.00000, 0.00000, 0.00000, 0.00000, 1.00000, 0.00000, -6.30000, 21.20000, 0.00000, 1.00000, seed = 1, },
				{ 1.00000, 0.00000, 0.00000, 0.00000, 0.00000, 1.00000, 0.00000, 0.00000, 0.00000, 0.00000, 1.00000, 0.00000, -2.30000, 21.20000, 0.00000, 1.00000, seed = 1, },
				{ 1.00000, 0.00000, 0.00000, 0.00000, 0.00000, 1.00000, 0.00000, 0.00000, 0.00000, 0.00000, 1.00000, 0.00000, 1.70000, 21.20000, 0.00000, 1.00000, seed = 1, },
			},
		},
	},
}
--End Generated

function data()
	return townbuildingutil.make_building2(
		{ { -4.60, -0.10 }, { 4.60, -0.10 }, { 4.60, 9.10 }, { -4.60, 9.10 } },
		"INDUSTRIAL", 
		"A", 
		1,
		{ 3, 3 },
		generatedData,
		"construction/building/era_a/ind_1_3x3_01.gtex"
	)
end
