local townbuildingutil = require "townbuildingutil"

--Model file: "building/era_a/ind_1_3x4_04.mdl"

--Begin Generated
local generatedData = {
	["base"] = {
		models = {
			["building/era_a/ind_1_3x4_04.mdl"] = {
				{ 1.00000, 0.00000, 0.00000, 0.00000, 0.00000, 1.00000, 0.00000, 0.00000, 0.00000, 0.00000, 1.00000, 0.00000, -4.00000, 0.00000, 0.00000, 1.00000, },
			},
		},
		curves = {
			["scaffold"] = {
				{ { 1.02368, 10.15099, 0.00000 }, { 1.02368, 10.15099, 0.00000 }, { 1.02344, 25.50595, 0.00000 }, { 1.02344, 25.50595, 0.00000 }, { 1.02344, 25.50595, 0.00000 }, { -8.73975, 25.50600, 0.00000 }, { -8.73975, 25.50600, 0.00000 }, { -8.73975, 25.50600, 0.00000 }, { -8.73999, 22.47782, 0.00000 }, { -8.73999, 22.47782, 0.00000 }, { -8.73999, 22.47782, 0.00000 }, { -10.47278, 22.47778, 0.00000 }, { -10.47278, 22.47778, 0.00000 }, { -10.47278, 22.47778, 0.00000 }, { -10.47290, 15.15570, 0.00000 }, { -10.47290, 15.15570, 0.00000 }, { -10.47290, 15.15570, 0.00000 }, { -8.73999, 15.15570, 0.00000 }, { -8.73999, 15.15570, 0.00000 }, { -8.73999, 15.15570, 0.00000 }, { -8.73999, 10.15097, 0.00000 }, { -8.73999, 10.15097, 0.00000 }, },
			},
			["shared/asphalt_02.gtex.lua;shared/dirt.gtex.lua;shared/asphalt_03.gtex.lua"] = {
				{ { 12.00000, 0.00000, 0.00000 }, { 12.00000, 0.00000, 0.00000 }, { 12.00000, 25.00000, 0.00000 }, { 12.00000, 25.00000, 0.00000 }, { 12.00000, 25.00000, 0.00000 }, { 12.00000, 27.00000, 0.00000 }, { 12.00000, 27.00000, 0.00000 }, { 12.00000, 27.00000, 0.00000 }, { 9.00000, 27.00000, 0.00000 }, { 9.00000, 27.00000, 0.00000 }, { 9.00000, 27.00000, 0.00000 }, { 6.00000, 26.99999, 0.00000 }, { 6.00000, 26.99999, 0.00000 }, { 6.00000, 26.99999, 0.00000 }, { 6.00000, 32.00000, 0.00000 }, { 6.00000, 32.00000, 0.00000 }, { 6.00000, 32.00000, 0.00000 }, { -12.00000, 32.00000, 0.00000 }, { -12.00000, 32.00000, 0.00000 }, { -12.00000, 32.00000, 0.00000 }, { -12.00000, 0.00000, 0.00000 }, { -12.00000, 0.00000, 0.00000 }, },
			},
		},
	},
	["layout_1"] = {
		models = {
			["asset/ground/container_wood.mdl"] = {
				{ 0.00000, -1.00000, -0.00000, 0.00000, 1.00000, 0.00000, -0.00000, 0.00000, 0.00000, 0.00000, 1.00000, 0.00000, -9.20000, 12.80000, 0.00000, 1.00000, ignore = { 7, 20 }, },
				{ 1.00000, 0.00000, 0.00000, 0.00000, 0.00000, 1.00000, 0.00000, 0.00000, 0.00000, 0.00000, 1.00000, 0.00000, -7.20000, 9.80000, 0.00000, 1.00000, ignore = { 8, 20 }, },
			},
			["asset/industry/pallet_01.mdl"] = {
				{ 1.00000, 0.00000, 0.00000, 0.00000, 0.00000, 1.00000, 0.00000, 0.00000, 0.00000, 0.00000, 1.00000, 0.00000, -9.50000, 29.04000, 0.00000, 1.00000, align = { -8.10000, 30.25000 }, },
				{ -0.15471, 0.98796, 0.00000, 0.00000, -0.98796, -0.15471, 0.00000, 0.00000, 0.00000, 0.00000, 1.00000, 0.00000, 2.19000, 28.82000, 0.00000, 1.00000, },
				{ -0.15471, 0.98796, 0.00000, 0.00000, -0.98796, -0.15471, 0.00000, 0.00000, 0.00000, 0.00000, 1.00000, 0.00000, 1.60000, 16.50000, 0.00000, 1.00000, },
				{ -0.06802, 0.99768, 0.00000, 0.00000, -0.99768, -0.06802, 0.00000, 0.00000, 0.00000, 0.00000, 1.00000, 0.00000, 1.62000, 17.72000, 0.00000, 1.00000, },
				{ -0.06802, 0.99768, 0.00000, 0.00000, -0.99768, -0.06802, 0.00000, 0.00000, 0.00000, 0.00000, 1.00000, 0.00000, 1.62000, 17.72000, 0.14400, 1.00000, },
				{ 0.00105, 1.00000, 0.00000, 0.00000, -1.00000, 0.00105, 0.00000, 0.00000, 0.00000, 0.00000, 1.00000, 0.00000, 1.62000, 17.72000, 0.28800, 1.00000, },
			},
			["asset/industry/wooden_box_01.mdl"] = {
				{ 0.99452, -0.10453, 0.00000, 0.00000, 0.10453, 0.99452, 0.00000, 0.00000, 0.00000, 0.00000, 1.00000, 0.00000, -4.10000, 30.55000, 3.15000, 1.00000, align = { 0.00000, 0.00000 }, },
				{ 0.99939, -0.03490, 0.00000, 0.00000, 0.03490, 0.99939, 0.00000, 0.00000, 0.00000, 0.00000, 1.00000, 0.00000, -2.94000, 30.98000, 3.15000, 1.00000, align = { 0.00000, 0.00000 }, },
				{ 1.00000, 0.00000, 0.00000, 0.00000, 0.00000, 1.00000, 0.00000, 0.00000, 0.00000, 0.00000, 1.00000, 0.00000, -4.86000, 30.50000, 0.00000, 1.00000, },
				{ 0.99452, -0.10453, 0.00000, 0.00000, 0.10453, 0.99452, 0.00000, 0.00000, 0.00000, 0.00000, 1.00000, 0.00000, -3.10000, 30.55000, 0.00000, 1.00000, },
				{ -0.15471, 0.98796, 0.00000, 0.00000, -0.98796, -0.15471, 0.00000, 0.00000, 0.00000, 0.00000, 1.00000, 0.00000, 2.19000, 28.82000, 0.15000, 1.00000, },
				{ -0.04014, 0.99919, 0.00000, 0.00000, -0.99919, -0.04014, 0.00000, 0.00000, 0.00000, 0.00000, 1.00000, 0.00000, 6.20220, 12.07409, 0.00000, 1.00000, },
				{ -0.01473, 0.99989, 0.00000, 0.00000, -0.99989, -0.01473, 0.00000, 0.00000, 0.00000, 0.00000, 1.00000, 0.00000, 7.69494, 12.06364, 0.00000, 1.00000, },
				{ -0.06089, 0.99814, 0.00000, 0.00000, -0.99814, -0.06089, 0.00000, 0.00000, 0.00000, 0.00000, 1.00000, 0.00000, 9.01326, 11.98256, 0.00000, 1.00000, },
				{ -0.04623, 0.99893, 0.00000, 0.00000, -0.99893, -0.04623, 0.00000, 0.00000, 0.00000, 0.00000, 1.00000, 0.00000, 10.42507, 12.08038, 0.00000, 1.00000, },
				{ -0.08143, 0.99668, 0.00000, 0.00000, -0.99668, -0.08143, 0.00000, 0.00000, 0.00000, 0.00000, 1.00000, 0.00000, 6.20818, 12.08601, 0.88613, 1.00000, ignore = { 14, 20 }, },
				{ 0.05886, -0.99827, 0.00000, 0.00000, 0.99827, 0.05886, 0.00000, 0.00000, -0.00000, 0.00000, 1.00000, 0.00000, 7.69183, 12.10810, 0.88613, 1.00000, },
				{ -0.06329, 0.99800, 0.00000, 0.00000, -0.99800, -0.06329, 0.00000, 0.00000, 0.00000, 0.00000, 1.00000, 0.00000, 8.94551, 12.02272, 0.88613, 1.00000, },
				{ 0.02028, 0.99979, -0.00000, 0.00000, -0.99979, 0.02028, 0.00000, 0.00000, 0.00000, -0.00000, 1.00000, 0.00000, 10.39989, 12.14251, 0.88613, 1.00000, ignore = { 15, 20 }, },
				{ -0.07511, 0.99718, 0.00000, 0.00000, -0.99718, -0.07511, 0.00000, 0.00000, 0.00000, 0.00000, 1.00000, 0.00000, 6.23492, 10.82123, 0.00000, 1.00000, },
				{ -0.05116, 0.99869, 0.00000, 0.00000, -0.99869, -0.05116, 0.00000, 0.00000, 0.00000, 0.00000, 1.00000, 0.00000, 7.65859, 10.81845, 0.00000, 1.00000, },
				{ -0.06443, 0.99792, 0.00000, 0.00000, -0.99792, -0.06443, 0.00000, 0.00000, 0.00000, 0.00000, 1.00000, 0.00000, 9.00722, 10.80652, 0.00000, 1.00000, },
				{ -0.02743, 0.99962, 0.00000, 0.00000, -0.99962, -0.02743, 0.00000, 0.00000, 0.00000, 0.00000, 1.00000, 0.00000, 10.40489, 10.85595, 0.00000, 1.00000, },
				{ 0.05534, -0.99847, 0.00000, 0.00000, 0.99847, 0.05534, -0.00000, 0.00000, -0.00000, 0.00000, 1.00000, 0.00000, 6.23950, 10.78484, 0.88613, 1.00000, },
				{ -0.07720, 0.99702, 0.00000, 0.00000, -0.99702, -0.07720, 0.00000, 0.00000, 0.00000, 0.00000, 1.00000, 0.00000, 7.67928, 10.76944, 0.88613, 1.00000, },
				{ -0.08272, 0.99657, 0.00000, 0.00000, -0.99657, -0.08272, 0.00000, 0.00000, 0.00000, 0.00000, 1.00000, 0.00000, 9.01546, 10.84114, 0.88613, 1.00000, },
				{ 0.02341, -0.99973, 0.00000, 0.00000, 0.99973, 0.02341, -0.00000, 0.00000, -0.00000, 0.00000, 1.00000, 0.00000, 10.43682, 10.86597, 0.88613, 1.00000, },
				{ 0.01547, -0.99988, 0.00000, 0.00000, 0.99988, 0.01547, 0.00000, 0.00000, -0.00000, 0.00000, 1.00000, 0.00000, 6.29045, 9.53987, -0.00000, 1.00000, },
				{ 0.01547, -0.99988, 0.00000, 0.00000, 0.99988, 0.01547, 0.00000, 0.00000, -0.00000, 0.00000, 1.00000, 0.00000, 7.58678, 8.30446, -0.00000, 1.00000, },
				{ 0.03204, -0.99949, 0.00000, 0.00000, 0.99949, 0.03204, -0.00000, 0.00000, -0.00000, 0.00000, 1.00000, 0.00000, 7.65167, 9.46192, 0.00000, 1.00000, },
				{ 0.03204, -0.99949, 0.00000, 0.00000, 0.99949, 0.03204, -0.00000, 0.00000, -0.00000, 0.00000, 1.00000, 0.00000, 8.94800, 8.22651, 0.00000, 1.00000, },
				{ -0.05089, 0.99870, 0.00000, 0.00000, -0.99870, -0.05089, 0.00000, 0.00000, 0.00000, 0.00000, 1.00000, 0.00000, 8.98934, 9.69849, 0.00000, 1.00000, },
				{ -0.05089, 0.99870, 0.00000, 0.00000, -0.99870, -0.05089, 0.00000, 0.00000, 0.00000, 0.00000, 1.00000, 0.00000, 10.28568, 8.46308, 0.00000, 1.00000, },
				{ -0.04886, 0.99881, 0.00000, 0.00000, -0.99881, -0.04886, 0.00000, 0.00000, 0.00000, 0.00000, 1.00000, 0.00000, 10.41326, 9.68256, 0.00000, 1.00000, },
				{ -0.02124, 0.99977, 0.00000, 0.00000, -0.99977, -0.02124, 0.00000, 0.00000, 0.00000, 0.00000, 1.00000, 0.00000, 6.33608, 9.52525, 0.88613, 1.00000, ignore = { 16, 20 }, },
				{ -0.02124, 0.99977, 0.00000, 0.00000, -0.99977, -0.02124, 0.00000, 0.00000, 0.00000, 0.00000, 1.00000, 0.00000, 7.63241, 8.28984, 0.88613, 1.00000, ignore = { 17, 20 }, },
				{ -0.00345, -0.99999, 0.00000, 0.00000, 0.99999, -0.00345, 0.00000, 0.00000, -0.00000, 0.00000, 1.00000, 0.00000, 7.70367, 9.48541, 0.88613, 1.00000, },
				{ -0.00345, -0.99999, 0.00000, 0.00000, 0.99999, -0.00345, 0.00000, 0.00000, -0.00000, 0.00000, 1.00000, 0.00000, 9.00000, 8.25000, 0.88613, 1.00000, },
				{ -0.10786, 0.99417, 0.00000, 0.00000, -0.99417, -0.10786, 0.00000, 0.00000, 0.00000, 0.00000, 1.00000, 0.00000, 9.01693, 9.66797, 0.88613, 1.00000, },
				{ -0.10786, 0.99417, 0.00000, 0.00000, -0.99417, -0.10786, 0.00000, 0.00000, 0.00000, 0.00000, 1.00000, 0.00000, 10.31326, 8.43256, 0.88613, 1.00000, ignore = { 18, 20 }, },
				{ -0.04219, 0.99911, 0.00000, 0.00000, -0.99911, -0.04219, 0.00000, 0.00000, 0.00000, 0.00000, 1.00000, 0.00000, 10.44753, 9.62361, 0.88613, 1.00000, },
			},
			["asset/industry/wooden_box_02.mdl"] = {
				{ 1.00000, 0.00000, 0.00000, 0.00000, 0.00000, 1.00000, 0.00000, 0.00000, 0.00000, 0.00000, 1.00000, 0.00000, -6.49467, 30.64663, 3.13227, 1.00000, align = { -8.10000, 30.25000 }, ignore = { 2, 20 }, },
				{ -0.86603, 0.50000, -0.00000, 0.00000, -0.50000, -0.86603, 0.00000, 0.00000, -0.00000, 0.00000, 1.00000, 0.00000, -6.49467, 29.34663, 3.13227, 1.00000, align = { -8.10000, 30.25000 }, ignore = { 3, 20 }, },
				{ 1.00000, 0.00000, 0.00000, 0.00000, 0.00000, 1.00000, 0.00000, 0.00000, 0.00000, 0.00000, 1.00000, 0.00000, -9.50000, 29.04000, 0.14000, 1.00000, align = { -8.10000, 30.25000 }, ignore = { 4, 20 }, },
				{ 0.99813, -0.06105, 0.00000, 0.00000, 0.06105, 0.99813, 0.00000, 0.00000, 0.00000, 0.00000, 1.00000, 0.00000, -9.67000, 30.68000, 0.00000, 1.00000, align = { -8.10000, 30.25000 }, },
				{ 1.00000, 0.00000, 0.00000, 0.00000, 0.00000, 1.00000, 0.00000, 0.00000, 0.00000, 0.00000, 1.00000, 0.00000, -8.59621, 30.67370, 0.00000, 1.00000, align = { -8.10000, 30.25000 }, },
				{ 1.00000, 0.00000, 0.00000, 0.00000, 0.00000, 1.00000, 0.00000, 0.00000, 0.00000, 0.00000, 1.00000, 0.00000, -7.51326, 30.69540, 0.00000, 1.00000, align = { -8.10000, 30.25000 }, },
				{ 1.00000, 0.00000, 0.00000, 0.00000, 0.00000, 1.00000, 0.00000, 0.00000, 0.00000, 0.00000, 1.00000, 0.00000, -6.49522, 30.72022, 0.00000, 1.00000, align = { -8.10000, 30.25000 }, },
				{ 1.00000, 0.00000, 0.00000, 0.00000, 0.00000, 1.00000, 0.00000, 0.00000, 0.00000, 0.00000, 1.00000, 0.00000, -9.67894, 30.64404, 0.89113, 1.00000, align = { -8.10000, 30.25000 }, },
				{ 0.99813, -0.06105, 0.00000, 0.00000, 0.06105, 0.99813, 0.00000, 0.00000, 0.00000, 0.00000, 1.00000, 0.00000, -8.62379, 30.66453, 0.89113, 1.00000, align = { -8.10000, 30.25000 }, },
				{ 1.00000, 0.00000, 0.00000, 0.00000, 0.00000, 1.00000, 0.00000, 0.00000, 0.00000, 0.00000, 1.00000, 0.00000, -7.54961, 30.72151, 0.89113, 1.00000, align = { -8.10000, 30.25000 }, },
				{ 1.00000, 0.00000, 0.00000, 0.00000, 0.00000, 1.00000, 0.00000, 0.00000, 0.00000, 0.00000, 1.00000, 0.00000, -6.52898, 30.70558, 0.89113, 1.00000, align = { -8.10000, 30.25000 }, },
				{ 1.00000, 0.00000, 0.00000, 0.00000, 0.00000, 1.00000, 0.00000, 0.00000, 0.00000, 0.00000, 1.00000, 0.00000, -9.63515, 30.72940, 1.78227, 1.00000, align = { -8.10000, 30.25000 }, },
				{ 1.00000, 0.00000, 0.00000, 0.00000, 0.00000, 1.00000, 0.00000, 0.00000, 0.00000, 0.00000, 1.00000, 0.00000, -8.57182, 30.68801, 1.78227, 1.00000, align = { -8.10000, 30.25000 }, },
				{ 0.99813, -0.06105, 0.00000, 0.00000, 0.06105, 0.99813, 0.00000, 0.00000, 0.00000, 0.00000, 1.00000, 0.00000, -7.52202, 30.69099, 1.78227, 1.00000, align = { -8.10000, 30.25000 }, },
				{ 1.00000, 0.00000, 0.00000, 0.00000, 0.00000, 1.00000, 0.00000, 0.00000, 0.00000, 0.00000, 1.00000, 0.00000, -6.49467, 30.64663, 1.78227, 1.00000, align = { -8.10000, 30.25000 }, },
				{ 1.00000, 0.00000, 0.00000, 0.00000, 0.00000, 1.00000, 0.00000, 0.00000, 0.00000, 0.00000, 1.00000, 0.00000, -6.62940, 29.45315, 0.00000, 1.00000, align = { -8.10000, 30.25000 }, },
				{ 1.00000, 0.00000, 0.00000, 0.00000, 0.00000, 1.00000, 0.00000, 0.00000, 0.00000, 0.00000, 1.00000, 0.00000, -6.66316, 29.43851, 0.89113, 1.00000, align = { -8.10000, 30.25000 }, },
				{ 0.99692, 0.07846, 0.00000, 0.00000, -0.07846, 0.99692, 0.00000, 0.00000, 0.00000, 0.00000, 1.00000, 0.00000, -7.72000, 29.40000, 0.00000, 1.00000, align = { -8.10000, 30.25000 }, },
				{ 0.99813, -0.06105, 0.00000, 0.00000, 0.06105, 0.99813, 0.00000, 0.00000, 0.00000, 0.00000, 1.00000, 0.00000, -7.52202, 30.69099, 3.13227, 1.00000, align = { -8.10000, 30.25000 }, ignore = { 5, 20 }, },
				{ 1.00000, 0.00000, 0.00000, 0.00000, 0.00000, 1.00000, 0.00000, 0.00000, 0.00000, 0.00000, 1.00000, 0.00000, -8.57182, 30.68801, 3.13227, 1.00000, align = { -8.10000, 30.25000 }, ignore = { 6, 20 }, },
				{ 1.00000, 0.00000, 0.00000, 0.00000, 0.00000, 1.00000, 0.00000, 0.00000, 0.00000, 0.00000, 1.00000, 0.00000, 1.55000, 19.60000, 0.00000, 1.00000, },
				{ 1.00000, 0.00000, 0.00000, 0.00000, 0.00000, 1.00000, 0.00000, 0.00000, 0.00000, 0.00000, 1.00000, 0.00000, 6.40000, 22.80000, 0.00000, 1.00000, ignore = { 9, 20 }, },
				{ 1.00000, 0.00000, 0.00000, 0.00000, 0.00000, 1.00000, 0.00000, 0.00000, 0.00000, 0.00000, 1.00000, 0.00000, 6.40000, 21.50000, 0.00000, 1.00000, },
				{ 1.00000, 0.00000, 0.00000, 0.00000, 0.00000, 1.00000, 0.00000, 0.00000, 0.00000, 0.00000, 1.00000, 0.00000, 7.47946, 21.48955, 0.00000, 1.00000, },
				{ 1.00000, 0.00000, 0.00000, 0.00000, 0.00000, 1.00000, 0.00000, 0.00000, 0.00000, 0.00000, 1.00000, 0.00000, 8.52982, 21.45742, 0.00000, 1.00000, },
				{ 1.00000, 0.00000, 0.00000, 0.00000, 0.00000, 1.00000, 0.00000, 0.00000, 0.00000, 0.00000, 1.00000, 0.00000, 9.53302, 21.45629, 0.00000, 1.00000, },
				{ 1.00000, 0.00000, 0.00000, 0.00000, 0.00000, 1.00000, 0.00000, 0.00000, 0.00000, 0.00000, 1.00000, 0.00000, 6.40598, 21.51192, 0.89113, 1.00000, ignore = { 10, 20 }, },
				{ 0.99770, -0.06777, 0.00000, 0.00000, 0.06777, 0.99770, 0.00000, 0.00000, 0.00000, 0.00000, 1.00000, 0.00000, 7.47635, 21.53401, 0.89113, 1.00000, },
				{ 1.00000, 0.00000, 0.00000, 0.00000, 0.00000, 1.00000, 0.00000, 0.00000, 0.00000, 0.00000, 1.00000, 0.00000, 8.46207, 21.49758, 0.89113, 1.00000, },
				{ -0.99803, 0.06273, 0.00000, 0.00000, -0.06273, -0.99803, 0.00000, 0.00000, 0.00000, 0.00000, 1.00000, 0.00000, 9.50784, 21.51842, 0.89113, 1.00000, ignore = { 11, 20 }, },
				{ 1.00000, 0.00000, 0.00000, 0.00000, 0.00000, 1.00000, 0.00000, 0.00000, 0.00000, 0.00000, 1.00000, 0.00000, 6.43271, 20.16854, 0.00000, 1.00000, },
				{ 1.00000, 0.00000, 0.00000, 0.00000, 0.00000, 1.00000, 0.00000, 0.00000, 0.00000, 0.00000, 1.00000, 0.00000, 7.44312, 20.16575, 0.00000, 1.00000, },
				{ 1.00000, 0.00000, 0.00000, 0.00000, 0.00000, 1.00000, 0.00000, 0.00000, 0.00000, 0.00000, 1.00000, 0.00000, 8.52847, 20.10382, 0.00000, 1.00000, },
				{ 1.00000, 0.00000, 0.00000, 0.00000, 0.00000, 1.00000, 0.00000, 0.00000, 0.00000, 0.00000, 1.00000, 0.00000, 9.51288, 20.15326, 0.00000, 1.00000, },
				{ -0.99622, 0.08682, 0.00000, 0.00000, -0.08682, -0.99622, 0.00000, 0.00000, 0.00000, 0.00000, 1.00000, 0.00000, 6.43729, 20.13215, 0.89113, 1.00000, },
				{ 1.00000, 0.00000, 0.00000, 0.00000, 0.00000, 1.00000, 0.00000, 0.00000, 0.00000, 0.00000, 1.00000, 0.00000, 7.46378, 20.11674, 0.89113, 1.00000, },
				{ 0.99731, -0.07333, 0.00000, 0.00000, 0.07333, 0.99731, 0.00000, 0.00000, 0.00000, 0.00000, 1.00000, 0.00000, 8.53671, 20.13845, 0.89113, 1.00000, },
				{ 0.99807, -0.06213, 0.00000, 0.00000, 0.06213, 0.99807, 0.00000, 0.00000, 0.00000, 0.00000, 1.00000, 0.00000, 9.54477, 20.16327, 0.89113, 1.00000, },
				{ -0.99636, 0.08520, 0.00000, 0.00000, -0.08520, -0.99636, 0.00000, 0.00000, 0.00000, 0.00000, 1.00000, 0.00000, 6.39105, 18.71013, 0.00000, 1.00000, },
				{ 1.00000, 0.00000, 0.00000, 0.00000, 0.00000, 1.00000, 0.00000, 0.00000, 0.00000, 0.00000, 1.00000, 0.00000, 7.43619, 18.73063, 0.00000, 1.00000, },
				{ 1.00000, 0.00000, 0.00000, 0.00000, 0.00000, 1.00000, 0.00000, 0.00000, 0.00000, 0.00000, 1.00000, 0.00000, 8.50040, 18.78761, 0.00000, 1.00000, },
				{ 1.00000, 0.00000, 0.00000, 0.00000, 0.00000, 1.00000, 0.00000, 0.00000, 0.00000, 0.00000, 1.00000, 0.00000, 9.51102, 18.77168, 0.00000, 1.00000, },
				{ 0.99914, -0.04142, 0.00000, 0.00000, 0.04142, 0.99914, 0.00000, 0.00000, 0.00000, 0.00000, 1.00000, 0.00000, 6.43484, 18.79550, 0.89113, 1.00000, ignore = { 12, 20 }, },
				{ 0.99619, -0.08720, 0.00000, 0.00000, 0.08720, 0.99619, 0.00000, 0.00000, 0.00000, 0.00000, 1.00000, 0.00000, 7.48819, 18.75411, 0.89113, 1.00000, },
				{ -0.99862, 0.05254, 0.00000, 0.00000, -0.05254, -0.99862, 0.00000, 0.00000, 0.00000, 0.00000, 1.00000, 0.00000, 8.52798, 18.75709, 0.89113, 1.00000, },
				{ 1.00000, 0.00000, 0.00000, 0.00000, 0.00000, 1.00000, 0.00000, 0.00000, 0.00000, 0.00000, 1.00000, 0.00000, 9.54532, 18.71273, 0.89113, 1.00000, ignore = { 13, 20 }, },
			},
			["asset/industry/wooden_shed_02.mdl"] = {
				{ 1.00000, 0.00000, 0.00000, 0.00000, 0.00000, 1.00000, 0.00000, 0.00000, 0.00000, 0.00000, 1.00000, 0.00000, -8.10000, 30.25000, 0.00000, 1.00000, align = { -8.10000, 30.25000 }, },
				{ 1.00000, 0.00000, 0.00000, 0.00000, 0.00000, 1.00000, 0.00000, 0.00000, 0.00000, 0.00000, 1.00000, 0.00000, -3.25000, 30.25000, 0.00000, 1.00000, align = { 0.00000, 0.00000 }, },
			},
			["station/air/asset/ladder_low_a.mdl"] = {
				{ 0.99255, -0.12187, 0.00000, 0.00000, 0.12187, 0.99255, 0.00000, 0.00000, 0.00000, 0.00000, 1.00000, 0.00000, -10.85000, 30.25000, 0.00000, 1.00000, },
				{ 1.00000, 0.00000, 0.00000, 0.00000, 0.00000, 1.00000, 0.00000, 0.00000, 0.00000, 0.00000, 1.00000, 0.00000, -0.70000, 30.40000, 0.00000, 1.00000, },
			},
			["station/rail/asset/cargo_pallet_jack.mdl"] = {
				{ -1.00000, 0.00000, 0.00000, 0.00000, -0.00000, -1.00000, 0.00000, 0.00000, 0.00000, 0.00000, 1.00000, 0.00000, 1.90000, 22.40000, 0.00000, 1.00000, },
				{ 0.96815, 0.25038, 0.00000, 0.00000, -0.25038, 0.96815, 0.00000, 0.00000, 0.00000, 0.00000, 1.00000, 0.00000, 1.80000, 28.80000, 0.00000, 1.00000, },
			},
		},
	},
}
--End Generated

function data()
	return townbuildingutil.make_building2(
		{ { -4.60, -0.10 }, { 4.60, -0.10 }, { 4.60, 9.10 }, { -4.60, 9.10 } },
		"INDUSTRIAL", 
		"A", 
		1,
		{ 3, 4 },
		generatedData,
		"construction/building/era_a/ind_1_3x4_04.gtex"
	)
end
