local townbuildingutil = require "townbuildingutil"

--Model file: "building/era_a/ind_2_3x4_01.mdl"

--Begin Generated
local generatedData = {
	["base"] = {
		models = {
			["building/era_a/ind_2_3x4_01.mdl"] = {
				{ 1.00000, 0.00000, 0.00000, 0.00000, 0.00000, 1.00000, 0.00000, 0.00000, 0.00000, 0.00000, 1.00000, 0.00000, 0.00000, 0.00000, 0.00000, 1.00000, },
			},
		},
		curves = {
			["scaffold"] = {
				{ { 8.49023, 6.48522, 0.00000 }, { 8.49023, 6.48522, 0.00000 }, { 8.49023, 8.78468, 0.00000 }, { 8.49023, 8.78468, 0.00000 }, { 8.49023, 8.78468, 0.00000 }, { 9.45190, 8.78468, 0.00000 }, { 9.45190, 8.78468, 0.00000 }, { 9.45190, 8.78468, 0.00000 }, { 9.45190, 28.85715, 0.00000 }, { 9.45190, 28.85715, 0.00000 }, { 9.45190, 28.85715, 0.00000 }, { -3.57715, 28.85715, 0.00000 }, { -3.57715, 28.85715, 0.00000 }, { -3.57715, 28.85715, 0.00000 }, { -3.57715, 19.89023, 0.00000 }, { -3.57715, 19.89023, 0.00000 }, { -3.57715, 19.89023, 0.00000 }, { 0.48486, 19.89023, 0.00000 }, { 0.48486, 19.89023, 0.00000 }, { 0.48486, 19.89023, 0.00000 }, { 0.48486, 8.78468, 0.00000 }, { 0.48486, 8.78468, 0.00000 }, { 0.48486, 8.78468, 0.00000 }, { 2.79492, 8.78468, 0.00000 }, { 2.79492, 8.78468, 0.00000 }, { 2.79492, 8.78468, 0.00000 }, { 2.79492, 6.48527, 0.00000 }, { 2.79492, 6.48527, 0.00000 }, },
			},
			["shared/asphalt_02.gtex.lua;shared/dirt.gtex.lua;shared/asphalt_03.gtex.lua"] = {
				{ { 12.00000, 0.00000, 0.00000 }, { 12.00000, 0.00000, 0.00000 }, { 12.00000, 30.00000, 0.00000 }, { 12.00000, 30.00000, 0.00000 }, { 12.00000, 30.00000, 0.00000 }, { 4.00000, 30.00000, 0.00000 }, { 4.00000, 30.00000, 0.00000 }, { 4.00000, 30.00000, 0.00000 }, { 4.00000, 32.00000, 0.00000 }, { 4.00000, 32.00000, 0.00000 }, { 4.00000, 32.00000, 0.00000 }, { -8.00000, 32.00000, 0.00000 }, { -8.00000, 32.00000, 0.00000 }, { -8.00000, 32.00000, 0.00000 }, { -8.00000, 20.00000, 0.00000 }, { -8.00000, 20.00000, 0.00000 }, { -8.00000, 20.00000, 0.00000 }, { -12.00000, 20.00000, 0.00000 }, { -12.00000, 20.00000, 0.00000 }, { -12.00000, 20.00000, 0.00000 }, { -12.00000, 0.00000, 0.00000 }, { -12.00000, 0.00000, 0.00000 }, },
			},
		},
	},
	["layout_1"] = {
		models = {
			["asset/ground/container_small_steel.mdl"] = {
				{ 0.99756, -0.06976, 0.00000, 0.00000, 0.06976, 0.99756, 0.00000, 0.00000, 0.00000, 0.00000, 1.00000, 0.00000, 9.00000, 7.85000, -0.00000, 1.00000, ignore = { 2, 20 }, },
				{ 1.00000, 0.00000, 0.00000, 0.00000, 0.00000, 1.00000, 0.00000, 0.00000, 0.00000, 0.00000, 1.00000, 0.00000, -4.25000, 28.05000, -0.00000, 1.00000, ignore = { 3, 20 }, },
				{ -0.99912, -0.04188, -0.00000, 0.00000, 0.04188, -0.99912, 0.00000, 0.00000, -0.00000, 0.00000, 1.00000, 0.00000, -4.20001, 26.40000, -0.00000, 1.00000, },
				{ -0.99854, 0.05408, -0.00000, 0.00000, -0.05408, -0.99854, 0.00000, 0.00000, -0.00000, 0.00000, 1.00000, 0.00000, -4.16000, 24.76000, -0.00000, 1.00000, ignore = { 4, 20 }, },
			},
			["asset/ground/container_wood.mdl"] = {
				{ -1.00000, -0.00000, -0.00000, 0.00000, 0.00000, -1.00000, 0.00000, 0.00000, -0.00000, 0.00000, 1.00000, 0.00000, -9.20001, 17.40000, -0.00000, 1.00000, },
				{ -1.00000, -0.00000, -0.00000, 0.00000, 0.00000, -1.00000, 0.00000, 0.00000, -0.00000, 0.00000, 1.00000, 0.00000, -1.50000, 29.20000, -0.00000, 1.00000, },
			},
			["asset/industry/pallet_01.mdl"] = {
				{ 0.00000, 1.00000, -0.00000, 0.00000, -1.00000, 0.00000, -0.00000, 0.00000, 0.00000, 0.00000, 1.00000, 0.00000, -5.64000, 9.70000, 3.14000, 1.00000, align = { -4.90000, 9.60000 }, ignore = { 13, 20 }, },
				{ -0.08716, 0.99619, -0.00000, 0.00000, -0.99619, -0.08716, 0.00000, 0.00000, -0.00000, 0.00000, 1.00000, 0.00000, -5.65000, 10.86000, 3.14000, 1.00000, align = { -4.90000, 9.60000 }, ignore = { 14, 20 }, },
				{ -0.00349, -0.99999, 0.00000, 0.00000, 0.99999, -0.00349, 0.00000, 0.00000, 0.00000, 0.00000, 1.00000, 0.00000, -9.20000, 11.05000, 0.00000, 1.00000, },
				{ -0.00338, -0.96814, -0.25038, 0.00000, 0.99999, -0.00349, -0.00000, 0.00000, -0.00087, -0.25038, 0.96815, 0.00000, -5.50075, 11.33500, 0.11000, 1.00000, },
				{ -0.00338, -0.98162, -0.19081, 0.00000, 0.99999, -0.00348, 0.00021, 0.00000, -0.00087, -0.19081, 0.98163, 0.00000, -5.50075, 10.62000, 0.09500, 1.00000, },
				{ 0.00000, 1.00000, -0.00000, 0.00000, -1.00000, 0.00000, -0.00000, 0.00000, 0.00000, 0.00000, 1.00000, 0.00000, -5.18000, 8.66000, 0.09500, 1.00000, },
			},
			["asset/industry/wooden_box_01.mdl"] = {
				{ 1.00000, 0.00000, 0.00000, 0.00000, 0.00000, 1.00000, 0.00000, 0.00000, 0.00000, 0.00000, 1.00000, 0.00000, -8.96915, 13.21717, 3.14000, 1.00000, align = { -8.90000, 14.40000 }, ignore = { 5, 20 }, },
				{ 1.00000, 0.00000, 0.00000, 0.00000, 0.00000, 1.00000, 0.00000, 0.00000, 0.00000, 0.00000, 1.00000, 0.00000, -7.84894, 13.24424, 3.14000, 1.00000, align = { -8.90000, 14.40000 }, ignore = { 6, 20 }, },
				{ 1.00000, 0.00000, 0.00000, 0.00000, 0.00000, 1.00000, 0.00000, 0.00000, 0.00000, 0.00000, 1.00000, 0.00000, -7.83096, 14.56001, 3.14000, 1.00000, align = { -8.90000, 14.40000 }, },
				{ 1.00000, 0.00000, 0.00000, 0.00000, 0.00000, 1.00000, 0.00000, 0.00000, 0.00000, 0.00000, 1.00000, 0.00000, -8.94492, 14.47585, 3.14000, 1.00000, align = { -8.90000, 14.40000 }, ignore = { 7, 20 }, },
				{ 1.00000, 0.00000, 0.00000, 0.00000, 0.00000, 1.00000, 0.00000, 0.00000, 0.00000, 0.00000, 1.00000, 0.00000, -7.87857, 15.80537, 3.14000, 1.00000, align = { -8.90000, 14.40000 }, ignore = { 8, 20 }, },
				{ 1.00000, 0.00000, 0.00000, 0.00000, 0.00000, 1.00000, 0.00000, 0.00000, 0.00000, 0.00000, 1.00000, 0.00000, -9.94000, 15.84000, 0.00000, 1.00000, },
				{ 1.00000, 0.00000, 0.00000, 0.00000, 0.00000, 1.00000, 0.00000, 0.00000, 0.00000, 0.00000, 1.00000, 0.00000, -8.92368, 15.81644, 0.00000, 1.00000, },
				{ 1.00000, 0.00000, 0.00000, 0.00000, 0.00000, 1.00000, 0.00000, 0.00000, 0.00000, 0.00000, 1.00000, 0.00000, -7.87857, 15.80537, 0.00000, 1.00000, },
				{ 1.00000, 0.00000, 0.00000, 0.00000, 0.00000, 1.00000, 0.00000, 0.00000, 0.00000, 0.00000, 1.00000, 0.00000, -7.87857, 11.05537, 0.00000, 1.00000, },
				{ 0.99619, -0.08716, 0.00000, 0.00000, 0.08716, 0.99619, 0.00000, 0.00000, 0.00000, 0.00000, 1.00000, 0.00000, -9.90085, 15.81345, 0.88613, 1.00000, },
				{ 1.00000, 0.00000, 0.00000, 0.00000, 0.00000, 1.00000, 0.00000, 0.00000, 0.00000, 0.00000, 1.00000, 0.00000, -8.95959, 15.84503, 0.88613, 1.00000, },
				{ 1.00000, 0.00000, 0.00000, 0.00000, 0.00000, 1.00000, 0.00000, 0.00000, 0.00000, 0.00000, 1.00000, 0.00000, -7.89401, 15.86288, 0.88613, 1.00000, },
				{ 0.99905, 0.04362, 0.00000, 0.00000, -0.04362, 0.99905, 0.00000, 0.00000, 0.00000, 0.00000, 1.00000, 0.00000, -9.99921, 15.82555, 1.77225, 1.00000, ignore = { 16, 20 }, },
				{ 1.00000, 0.00000, 0.00000, 0.00000, 0.00000, 1.00000, 0.00000, 0.00000, 0.00000, 0.00000, 1.00000, 0.00000, -8.97223, 15.84653, 1.77225, 1.00000, },
				{ 1.00000, 0.00000, 0.00000, 0.00000, 0.00000, 1.00000, 0.00000, 0.00000, 0.00000, 0.00000, 1.00000, 0.00000, -7.92157, 15.87900, 1.77225, 1.00000, },
				{ 1.00000, 0.00000, 0.00000, 0.00000, 0.00000, 1.00000, 0.00000, 0.00000, 0.00000, 0.00000, 1.00000, 0.00000, -9.88577, 14.48566, 0.00000, 1.00000, },
				{ 1.00000, 0.00000, 0.00000, 0.00000, 0.00000, 1.00000, 0.00000, 0.00000, 0.00000, 0.00000, 1.00000, 0.00000, -8.94492, 14.47585, 0.00000, 1.00000, },
				{ 0.99452, -0.10453, 0.00000, 0.00000, 0.10453, 0.99452, 0.00000, 0.00000, 0.00000, 0.00000, 1.00000, 0.00000, -8.94492, 9.72585, 0.00000, 1.00000, },
				{ 1.00000, 0.00000, 0.00000, 0.00000, 0.00000, 1.00000, 0.00000, 0.00000, 0.00000, 0.00000, 1.00000, 0.00000, -8.94492, 9.72585, 0.88000, 1.00000, },
				{ 1.00000, 0.00000, 0.00000, 0.00000, 0.00000, 1.00000, 0.00000, 0.00000, 0.00000, 0.00000, 1.00000, 0.00000, -7.83096, 14.56001, 0.00000, 1.00000, },
				{ 1.00000, 0.00000, 0.00000, 0.00000, 0.00000, 1.00000, 0.00000, 0.00000, 0.00000, 0.00000, 1.00000, 0.00000, -7.83096, 9.81001, 0.00000, 1.00000, },
				{ -0.99897, 0.04536, 0.00000, 0.00000, -0.04536, -0.99897, 0.00000, 0.00000, 0.00000, 0.00000, 1.00000, 0.00000, -7.83096, 9.81001, 0.88000, 1.00000, },
				{ 1.00000, 0.00000, 0.00000, 0.00000, 0.00000, 1.00000, 0.00000, 0.00000, 0.00000, 0.00000, 1.00000, 0.00000, -9.98672, 14.55869, 0.88613, 1.00000, },
				{ 1.00000, 0.00000, 0.00000, 0.00000, 0.00000, 1.00000, 0.00000, 0.00000, 0.00000, 0.00000, 1.00000, 0.00000, -8.88025, 14.50893, 0.88613, 1.00000, },
				{ 1.00000, 0.00000, 0.00000, 0.00000, 0.00000, 1.00000, 0.00000, 0.00000, 0.00000, 0.00000, 1.00000, 0.00000, -7.85541, 14.47680, 0.88613, 1.00000, },
				{ 1.00000, 0.00000, 0.00000, 0.00000, 0.00000, 1.00000, 0.00000, 0.00000, 0.00000, 0.00000, 1.00000, 0.00000, -9.96484, 14.47566, 1.77225, 1.00000, ignore = { 17, 20 }, },
				{ 1.00000, 0.00000, 0.00000, 0.00000, 0.00000, 1.00000, 0.00000, 0.00000, 0.00000, 0.00000, 1.00000, 0.00000, -8.90692, 14.53130, 1.77225, 1.00000, },
				{ 1.00000, 0.00000, 0.00000, 0.00000, 0.00000, 1.00000, 0.00000, 0.00000, 0.00000, 0.00000, 1.00000, 0.00000, -7.85806, 14.55339, 1.77225, 1.00000, },
				{ 0.99905, 0.04362, 0.00000, 0.00000, -0.04362, 0.99905, 0.00000, 0.00000, 0.00000, 0.00000, 1.00000, 0.00000, -9.98849, 13.19634, 0.00000, 1.00000, },
				{ 1.00000, 0.00000, 0.00000, 0.00000, 0.00000, 1.00000, 0.00000, 0.00000, 0.00000, 0.00000, 1.00000, 0.00000, -8.96915, 13.21717, 0.00000, 1.00000, },
				{ 1.00000, 0.00000, 0.00000, 0.00000, 0.00000, 1.00000, 0.00000, 0.00000, 0.00000, 0.00000, 1.00000, 0.00000, -8.96915, 8.46717, 0.00000, 1.00000, },
				{ 1.00000, 0.00000, 0.00000, 0.00000, 0.00000, 1.00000, 0.00000, 0.00000, 0.00000, 0.00000, 1.00000, 0.00000, -7.84894, 13.24424, 0.00000, 1.00000, },
				{ 1.00000, 0.00000, 0.00000, 0.00000, 0.00000, 1.00000, 0.00000, 0.00000, 0.00000, 0.00000, 1.00000, 0.00000, -7.84894, 8.49424, 0.00000, 1.00000, },
				{ 1.00000, 0.00000, 0.00000, 0.00000, 0.00000, 1.00000, 0.00000, 0.00000, 0.00000, 0.00000, 1.00000, 0.00000, -9.94977, 13.24146, 0.88613, 1.00000, },
				{ 1.00000, 0.00000, 0.00000, 0.00000, 0.00000, 1.00000, 0.00000, 0.00000, 0.00000, 0.00000, 1.00000, 0.00000, -8.88293, 13.17953, 0.88613, 1.00000, },
				{ 1.00000, 0.00000, 0.00000, 0.00000, 0.00000, 1.00000, 0.00000, 0.00000, 0.00000, 0.00000, 1.00000, 0.00000, -7.93723, 13.22896, 0.88613, 1.00000, },
				{ 0.99619, -0.08716, 0.00000, 0.00000, 0.08716, 0.99619, 0.00000, 0.00000, 0.00000, 0.00000, 1.00000, 0.00000, -9.89523, 13.20786, 1.77225, 1.00000, ignore = { 18, 20 }, },
				{ 1.00000, 0.00000, 0.00000, 0.00000, 0.00000, 1.00000, 0.00000, 0.00000, 0.00000, 0.00000, 1.00000, 0.00000, -8.89905, 13.19245, 1.77225, 1.00000, },
				{ 1.00000, 0.00000, 0.00000, 0.00000, 0.00000, 1.00000, 0.00000, 0.00000, 0.00000, 0.00000, 1.00000, 0.00000, -7.84711, 13.21416, 1.77225, 1.00000, },
			},
			["asset/industry/wooden_box_02.mdl"] = {
				{ 1.00000, 0.00000, 0.00000, 0.00000, 0.00000, 1.00000, 0.00000, 0.00000, 0.00000, 0.00000, 1.00000, 0.00000, -5.72000, 13.36000, 3.14000, 1.00000, align = { -4.90000, 14.40000 }, ignore = { 9, 20 }, },
				{ 0.99452, -0.10453, 0.00000, 0.00000, 0.10453, 0.99452, 0.00000, 0.00000, 0.00000, 0.00000, 1.00000, 0.00000, -5.72000, 14.58000, 3.14000, 1.00000, align = { -4.90000, 14.40000 }, },
				{ -0.99854, 0.05408, -0.00000, 0.00000, -0.05408, -0.99854, 0.00000, 0.00000, -0.00000, 0.00000, 1.00000, 0.00000, -4.64000, 14.54000, 3.14000, 1.00000, align = { -4.90000, 14.40000 }, ignore = { 10, 20 }, },
				{ -0.99872, -0.05059, -0.00000, 0.00000, 0.05059, -0.99872, 0.00000, 0.00000, -0.00000, 0.00000, 1.00000, 0.00000, -4.64000, 15.72000, 3.14000, 1.00000, align = { -4.90000, 14.40000 }, ignore = { 11, 20 }, },
				{ 1.00000, 0.00000, 0.00000, 0.00000, 0.00000, 1.00000, 0.00000, 0.00000, 0.00000, 0.00000, 1.00000, 0.00000, -5.72000, 15.76000, 3.14000, 1.00000, align = { -4.90000, 14.40000 }, ignore = { 12, 20 }, },
				{ 1.00000, 0.00000, 0.00000, 0.00000, 0.00000, 1.00000, 0.00000, 0.00000, 0.00000, 0.00000, 1.00000, 0.00000, -5.72000, 15.76000, 0.00000, 1.00000, },
				{ -0.99872, -0.05059, 0.00000, 0.00000, 0.05059, -0.99872, 0.00000, 0.00000, 0.00000, 0.00000, 1.00000, 0.00000, -4.64000, 15.72000, 0.00000, 1.00000, },
				{ 0.99966, 0.02618, 0.00000, 0.00000, -0.02618, 0.99966, 0.00000, 0.00000, 0.00000, 0.00000, 1.00000, 0.00000, -5.74000, 15.78000, 0.88000, 1.00000, },
				{ 0.99452, -0.10453, 0.00000, 0.00000, 0.10453, 0.99452, 0.00000, 0.00000, 0.00000, 0.00000, 1.00000, 0.00000, -5.72000, 14.58000, 0.00000, 1.00000, },
				{ -0.99854, 0.05408, 0.00000, 0.00000, -0.05408, -0.99854, 0.00000, 0.00000, 0.00000, 0.00000, 1.00000, 0.00000, -4.64000, 14.54000, 0.00000, 1.00000, },
				{ 0.99966, 0.02618, 0.00000, 0.00000, -0.02618, 0.99966, 0.00000, 0.00000, 0.00000, 0.00000, 1.00000, 0.00000, -5.74000, 14.60000, 0.88000, 1.00000, },
				{ 1.00000, 0.00000, 0.00000, 0.00000, 0.00000, 1.00000, 0.00000, 0.00000, 0.00000, 0.00000, 1.00000, 0.00000, -5.72000, 13.36000, 0.00000, 1.00000, },
				{ -0.99872, -0.05059, 0.00000, 0.00000, 0.05059, -0.99872, 0.00000, 0.00000, 0.00000, 0.00000, 1.00000, 0.00000, -4.64000, 13.32000, 0.00000, 1.00000, },
				{ 0.99692, -0.07846, 0.00000, 0.00000, 0.07846, 0.99692, 0.00000, 0.00000, 0.00000, 0.00000, 1.00000, 0.00000, -5.74000, 13.38000, 0.88000, 1.00000, },
			},
			["asset/industry/wooden_shed_02.mdl"] = {
				{ 0.00000, -1.00000, 0.00000, 0.00000, 1.00000, 0.00000, 0.00000, 0.00000, 0.00000, 0.00000, 1.00000, 0.00000, -8.90000, 14.40000, 0.00000, 1.00000, align = { -8.90000, 14.40000 }, },
				{ -0.00000, 1.00000, 0.00000, 0.00000, -1.00000, -0.00000, -0.00000, 0.00000, 0.00000, -0.00000, 1.00000, 0.00000, -4.90000, 14.40000, 0.00000, 1.00000, align = { -4.90000, 14.40000 }, },
				{ -0.00000, 1.00000, 0.00000, 0.00000, -1.00000, -0.00000, -0.00000, 0.00000, 0.00000, -0.00000, 1.00000, 0.00000, -4.90000, 9.60000, 0.00000, 1.00000, align = { -4.90000, 9.60000 }, },
				{ 0.00000, -1.00000, 0.00000, 0.00000, 1.00000, 0.00000, 0.00000, 0.00000, 0.00000, 0.00000, 1.00000, 0.00000, -8.90000, 9.60000, 0.00000, 1.00000, },
			},
			["station/air/asset/ladder_low_a.mdl"] = {
				{ -0.25882, 0.96593, 0.00000, 0.00000, -0.96593, -0.25882, 0.00000, 0.00000, 0.00000, 0.00000, 1.00000, 0.00000, -7.40000, 7.05000, 0.00000, 1.00000, ignore = { 15, 20 }, },
			},
			["station/rail/asset/cargo_lamps.mdl"] = {
				{ 1.00000, 0.00000, 0.00000, 0.00000, 0.00000, 1.00000, 0.00000, 0.00000, 0.00000, 0.00000, 1.00000, 0.00000, -6.90000, 12.00000, 0.00000, 1.00000, },
				{ 1.00000, 0.00000, 0.00000, 0.00000, 0.00000, 1.00000, 0.00000, 0.00000, 0.00000, 0.00000, 1.00000, 0.00000, -6.90000, 4.30000, 0.00000, 1.00000, },
			},
			["station/rail/asset/cargo_pallet_jack.mdl"] = {
				{ -0.99619, -0.08716, 0.00000, 0.00000, 0.08716, -0.99619, 0.00000, 0.00000, 0.00000, 0.00000, 1.00000, 0.00000, -4.78000, 9.60000, 0.00000, 1.00000, },
			},
		},
	},
}
--End Generated

function data()
	return townbuildingutil.make_building2(
		{ { -4.60, -0.10 }, { 4.60, -0.10 }, { 4.60, 9.10 }, { -4.60, 9.10 } },
		"INDUSTRIAL", 
		"A", 
		2,
		{ 3, 4 },
		generatedData,
		"construction/building/era_a/ind_2_3x4_01.gtex"
	)
end
