local townbuildingutil = require "townbuildingutil"

--Model file: "building/era_a/ind_2_3x3_01.mdl"

--Begin Generated
local generatedData = {
	["base"] = {
		models = {
			["building/era_a/ind_2_3x3_01.mdl"] = {
				{ 1.00000, 0.00000, 0.00000, 0.00000, 0.00000, 1.00000, 0.00000, 0.00000, 0.00000, 0.00000, 1.00000, 0.00000, -1.00000, 1.00000, 0.00000, 1.00000, },
			},
		},
		curves = {
			["scaffold"] = {
				{ { 5.41919, 6.23394, 0.00000 }, { 5.41919, 6.23395, 0.00000 }, { 5.41919, 22.83057, 0.00000 }, { 5.41919, 22.83058, 0.00000 }, { 5.41919, 22.83058, 0.00000 }, { -4.94214, 22.83060, 0.00000 }, { -4.94214, 22.83060, 0.00000 }, { -4.94214, 22.83060, 0.00000 }, { -4.94214, 6.23395, 0.00000 }, { -4.94214, 6.23395, 0.00000 }, },
			},
			["shared/asphalt_02.gtex.lua;shared/dirt.gtex.lua;shared/asphalt_03.gtex.lua"] = {
				{ { 12.00000, 0.00000, 0.00000 }, { 12.00000, 0.00000, 0.00000 }, { 12.00000, 20.00000, 0.00000 }, { 12.00000, 20.00000, 0.00000 }, { 12.00000, 20.00000, 0.00000 }, { 7.00000, 20.00000, 0.00000 }, { 7.00000, 20.00000, 0.00000 }, { 7.00000, 20.00000, 0.00000 }, { 7.00000, 24.00000, 0.00000 }, { 7.00000, 24.00000, 0.00000 }, { 7.00000, 24.00000, 0.00000 }, { -6.00000, 24.00000, 0.00000 }, { -6.00000, 24.00000, 0.00000 }, { -6.00000, 24.00000, 0.00000 }, { -6.00000, 20.00000, 0.00000 }, { -6.00000, 20.00000, 0.00000 }, { -6.00000, 20.00000, 0.00000 }, { -12.00000, 20.00000, 0.00000 }, { -12.00000, 20.00000, 0.00000 }, { -12.00000, 20.00000, 0.00000 }, { -12.00000, 0.00000, 0.00000 }, { -12.00000, 0.00000, 0.00000 }, },
			},
		},
	},
	["layout_1"] = {
		models = {
			["asset/ground/barrel_wood.mdl"] = {
				{ 0.67164, -0.74088, 0.00000, 0.00000, 0.74088, 0.67164, 0.00000, 0.00000, 0.00000, 0.00000, 1.00000, 0.00000, -10.23651, 18.66135, -0.00000, 1.00000, ignore = { 2, 20 }, },
				{ 0.67164, -0.74088, 0.00000, 0.00000, 0.74088, 0.67164, 0.00000, 0.00000, 0.00000, 0.00000, 1.00000, 0.00000, -10.03651, 11.86135, -0.00000, 1.00000, ignore = { 3, 20 }, },
				{ 0.64666, -0.76278, 0.00000, 0.00000, 0.76278, 0.64666, 0.00000, 0.00000, 0.00000, 0.00000, 1.00000, 0.00000, -9.09735, 18.62922, -0.00000, 1.00000, },
				{ 0.64666, -0.76278, 0.00000, 0.00000, 0.76278, 0.64666, 0.00000, 0.00000, 0.00000, 0.00000, 1.00000, 0.00000, -8.89735, 11.82922, -0.00000, 1.00000, },
				{ 0.71860, -0.69543, 0.00000, 0.00000, 0.69543, 0.71860, 0.00000, 0.00000, 0.00000, 0.00000, 1.00000, 0.00000, -8.01476, 18.62808, -0.00000, 1.00000, ignore = { 4, 20 }, },
				{ 0.71860, -0.69543, 0.00000, 0.00000, 0.69543, 0.71860, 0.00000, 0.00000, 0.00000, 0.00000, 1.00000, 0.00000, -7.81475, 11.82808, -0.00000, 1.00000, ignore = { 5, 20 }, },
				{ -0.57476, -0.81832, -0.00000, 0.00000, 0.81832, -0.57476, 0.00000, 0.00000, -0.00000, 0.00000, 1.00000, 0.00000, -10.31886, 17.55977, -0.00000, 1.00000, },
				{ -0.57476, -0.81832, -0.00000, 0.00000, 0.81832, -0.57476, 0.00000, 0.00000, -0.00000, 0.00000, 1.00000, 0.00000, -10.11886, 10.75977, -0.00000, 1.00000, },
				{ -0.87566, -0.48292, -0.00000, 0.00000, 0.48292, -0.87566, 0.00000, 0.00000, -0.00000, 0.00000, 1.00000, 0.00000, -9.18518, 17.58060, -0.00000, 1.00000, },
				{ -0.87566, -0.48292, -0.00000, 0.00000, 0.48292, -0.87566, 0.00000, 0.00000, -0.00000, 0.00000, 1.00000, 0.00000, -8.98518, 10.78060, -0.00000, 1.00000, },
				{ -0.91495, -0.40357, -0.00000, 0.00000, 0.40357, -0.91495, 0.00000, 0.00000, -0.00000, 0.00000, 1.00000, 0.00000, -7.95065, 17.60768, -0.00000, 1.00000, },
				{ -0.91495, -0.40357, -0.00000, 0.00000, 0.40357, -0.91495, 0.00000, 0.00000, -0.00000, 0.00000, 1.00000, 0.00000, -7.75065, 10.80768, -0.00000, 1.00000, },
				{ -0.09975, -0.99501, -0.00000, 0.00000, 0.99501, -0.09975, 0.00000, 0.00000, -0.00000, 0.00000, 1.00000, 0.00000, -10.31938, 16.48279, -0.00000, 1.00000, },
				{ -0.09975, -0.99501, -0.00000, 0.00000, 0.99501, -0.09975, 0.00000, 0.00000, -0.00000, 0.00000, 1.00000, 0.00000, -10.11938, 9.68279, -0.00000, 1.00000, },
				{ -0.75907, -0.65100, -0.00000, 0.00000, 0.65100, -0.75907, 0.00000, 0.00000, -0.00000, 0.00000, 1.00000, 0.00000, -9.08536, 16.46168, -0.00000, 1.00000, },
				{ -0.75907, -0.65100, -0.00000, 0.00000, 0.65100, -0.75907, 0.00000, 0.00000, -0.00000, 0.00000, 1.00000, 0.00000, -8.88536, 9.66168, -0.00000, 1.00000, },
				{ -0.18613, -0.98253, -0.00000, 0.00000, 0.98253, -0.18613, 0.00000, 0.00000, -0.00000, 0.00000, 1.00000, 0.00000, -7.97485, 16.44628, -0.00000, 1.00000, },
				{ -0.18613, -0.98253, -0.00000, 0.00000, 0.98253, -0.18613, 0.00000, 0.00000, -0.00000, 0.00000, 1.00000, 0.00000, -7.77485, 9.64628, -0.00000, 1.00000, },
				{ -0.67324, -0.73943, -0.00000, 0.00000, 0.73943, -0.67324, 0.00000, 0.00000, -0.00000, 0.00000, 1.00000, 0.00000, -10.28107, 15.30701, -0.00000, 1.00000, },
				{ -0.67324, -0.73943, -0.00000, 0.00000, 0.73943, -0.67324, 0.00000, 0.00000, -0.00000, 0.00000, 1.00000, 0.00000, -10.08107, 8.50701, -0.00000, 1.00000, },
				{ -0.94969, -0.31318, -0.00000, 0.00000, 0.31318, -0.94969, 0.00000, 0.00000, -0.00000, 0.00000, 1.00000, 0.00000, -9.14818, 15.32750, -0.00000, 1.00000, },
				{ -0.94969, -0.31318, -0.00000, 0.00000, 0.31318, -0.94969, 0.00000, 0.00000, -0.00000, 0.00000, 1.00000, 0.00000, -8.94818, 8.52750, -0.00000, 1.00000, },
				{ 0.05735, -0.99835, 0.00000, 0.00000, 0.99835, 0.05735, 0.00000, 0.00000, 0.00000, 0.00000, 1.00000, 0.00000, -7.99242, 15.38449, -0.00000, 1.00000, },
				{ 0.05735, -0.99835, 0.00000, 0.00000, 0.99835, 0.05735, 0.00000, 0.00000, 0.00000, 0.00000, 1.00000, 0.00000, -7.79242, 8.58449, -0.00000, 1.00000, },
				{ -0.73397, -0.67918, -0.00000, 0.00000, 0.67918, -0.73397, 0.00000, 0.00000, -0.00000, 0.00000, 1.00000, 0.00000, -10.22603, 14.24139, -0.00000, 1.00000, ignore = { 6, 20 }, },
				{ -0.73397, -0.67918, -0.00000, 0.00000, 0.67918, -0.73397, 0.00000, 0.00000, -0.00000, 0.00000, 1.00000, 0.00000, -10.02603, 7.44139, -0.00000, 1.00000, ignore = { 7, 20 }, },
				{ 0.15673, -0.98764, 0.00000, 0.00000, 0.98764, 0.15673, 0.00000, 0.00000, 0.00000, 0.00000, 1.00000, 0.00000, -9.09953, 14.24436, -0.00000, 1.00000, },
				{ 0.15673, -0.98764, 0.00000, 0.00000, 0.98764, 0.15673, 0.00000, 0.00000, 0.00000, 0.00000, 1.00000, 0.00000, -8.89953, 7.44437, -0.00000, 1.00000, },
				{ -0.69302, -0.72092, -0.00000, 0.00000, 0.72092, -0.69302, 0.00000, 0.00000, -0.00000, 0.00000, 1.00000, 0.00000, -8.00000, 14.20000, -0.00000, 1.00000, ignore = { 8, 20 }, },
				{ -0.69302, -0.72092, -0.00000, 0.00000, 0.72092, -0.69302, 0.00000, 0.00000, -0.00000, 0.00000, 1.00000, 0.00000, -7.80000, 7.40000, -0.00000, 1.00000, ignore = { 9, 20 }, },
			},
			["asset/industry/pipes_large_curved_horizontal_r.mdl"] = {
				{ 0.60000, 0.00000, 0.00000, 0.00000, 0.00000, -0.60000, -0.00000, 0.00000, 0.00000, 0.00000, -0.60000, 0.00000, 5.44000, 16.22949, 2.90000, 1.00000, align = { -1.00000, 1.00000 }, },
				{ -0.60000, 0.00000, -0.00000, 0.00000, 0.00000, 0.60000, 0.00000, 0.00000, 0.00000, 0.00000, -0.60000, 0.00000, 6.49800, 17.42949, 2.90000, 1.00000, align = { -1.00000, 1.00000 }, },
				{ 0.60000, 0.00000, 0.00000, 0.00000, 0.00000, 0.60000, 0.00000, 0.00000, 0.00000, 0.00000, 0.60000, 0.00000, 5.44000, 11.97000, 1.70000, 1.00000, align = { -1.00000, 1.00000 }, },
				{ 0.60000, 0.00000, 0.00000, 0.00000, 0.00000, 0.60000, 0.00000, 0.00000, 0.00000, 0.00000, 0.60000, 0.00000, 9.05864, 12.75192, 4.06167, 1.00000, align = { -1.00000, 1.00000 }, },
				{ -0.60000, -0.00000, -0.00000, 0.00000, 0.00000, -0.60000, 0.00000, 0.00000, -0.00000, 0.00000, 0.60000, 0.00000, 6.49800, 10.77000, 1.70000, 1.00000, align = { -1.00000, 1.00000 }, },
			},
			["asset/industry/pipes_large_curved_vertical.mdl"] = {
				{ -0.00000, -0.60000, 0.00000, 0.00000, 0.60000, -0.00000, 0.00000, 0.00000, 0.00000, 0.00000, 0.60000, 0.00000, 9.58763, 10.72392, 4.06167, 1.00000, },
				{ 0.60000, -0.00000, 0.00000, 0.00000, 0.00000, 0.60000, -0.00000, 0.00000, -0.00000, 0.00000, 0.60000, 0.00000, 9.05864, 17.01154, 4.06167, 1.00000, },
			},
			["asset/industry/pipes_large_straight.mdl"] = {
				{ 0.60000, 0.00000, 0.00000, 0.00000, 0.00000, -0.60000, -0.00000, 0.00000, 0.00000, 0.00000, -0.60000, 0.00000, 8.89800, 17.42949, 2.90000, 1.00000, align = { -1.00000, 1.00000 }, },
				{ 0.60000, 0.00000, 0.00000, 0.00000, 0.00000, -0.60000, -0.00000, 0.00000, 0.00000, 0.00000, -0.60000, 0.00000, 6.65864, 17.01154, 5.26167, 1.00000, align = { -1.00000, 1.00000 }, },
				{ -0.60000, -0.00000, -0.00000, 0.00000, -0.00000, 0.60000, -0.00000, 0.00000, 0.00000, -0.00000, -0.60000, 0.00000, 6.65864, 17.01154, 5.26167, 1.00000, align = { -1.00000, 1.00000 }, },
				{ 0.60000, 0.00000, 0.00000, 0.00000, 0.00000, 0.60000, 0.00000, 0.00000, 0.00000, 0.00000, 0.60000, 0.00000, 8.89800, 10.77000, 1.70000, 1.00000, align = { -1.00000, 1.00000 }, },
				{ 0.60000, 0.00000, 0.00000, 0.00000, 0.00000, -0.60000, -0.00000, 0.00000, 0.00000, 0.00000, -0.60000, 0.00000, 6.65864, 12.75192, 5.26167, 1.00000, align = { -1.00000, 1.00000 }, },
				{ -0.00000, 0.35700, -0.00000, 0.00000, 0.60000, 0.00000, -0.00000, 0.00000, -0.00000, -0.00000, -0.60000, 0.00000, 9.58764, 12.15192, 5.26167, 1.00000, align = { -1.00000, 1.00000 }, },
				{ -0.60000, -0.00000, -0.00000, 0.00000, -0.00000, 0.60000, -0.00000, 0.00000, 0.00000, -0.00000, -0.60000, 0.00000, 6.65864, 12.75192, 5.26167, 1.00000, align = { -1.00000, 1.00000 }, },
			},
			["station/rail/asset/cargo_lamps.mdl"] = {
				{ 1.00000, 0.00000, 0.00000, 0.00000, 0.00000, 1.00000, 0.00000, 0.00000, 0.00000, 0.00000, 1.00000, 0.00000, -8.88099, 13.17365, 0.00000, 1.00000, },
			},
		},
		groups = {
			["era_a_ind_random_vertical_tank.grp"] = {
				{ 1.00000, 0.00000, 0.00000, 0.00000, 0.00000, 1.00000, 0.00000, 0.00000, 0.00000, 0.00000, 1.00000, 0.00000, 9.61901, 16.68365, -0.95000, 1.00000, align = { -1.00000, 1.00000 }, seed = 1, },
				{ 1.00000, 0.00000, 0.00000, 0.00000, 0.00000, 1.00000, 0.00000, 0.00000, 0.00000, 0.00000, 1.00000, 0.00000, 9.61901, 9.85365, -0.95000, 1.00000, align = { -1.00000, 1.00000 }, seed = 1, },
			},
		},
	},
}
--End Generated

function data()
	return townbuildingutil.make_building2(
		{ { -4.60, -0.10 }, { 4.60, -0.10 }, { 4.60, 9.10 }, { -4.60, 9.10 } },
		"INDUSTRIAL", 
		"A", 
		2,
		{ 3, 3 },
		generatedData,
		"construction/building/era_a/ind_2_3x3_01.gtex"
	)
end
