local townbuildingutil = require "townbuildingutil"

--Model file: "building/era_a/ind_1_4x4_01.mdl"

--Begin Generated
local generatedData = {
	["base"] = {
		models = {
			["building/era_a/ind_1_4x4_01.mdl"] = {
				{ 1.00000, 0.00000, 0.00000, 0.00000, 0.00000, 1.00000, 0.00000, 0.00000, 0.00000, 0.00000, 1.00000, 0.00000, 2.00000, 4.00000, 0.00000, 1.00000, },
			},
		},
		curves = {
			["scaffold"] = {
				{ { 4.56152, 13.78107, 0.00000 }, { 4.56152, 13.78107, 0.00000 }, { 4.56152, 20.60408, 0.00000 }, { 4.56152, 20.60408, 0.00000 }, { 4.56152, 20.60408, 0.00000 }, { 6.40442, 20.60413, 0.00000 }, { 6.40442, 20.60413, 0.00000 }, { 6.40442, 20.60413, 0.00000 }, { 6.40442, 27.70413, 0.00000 }, { 6.40442, 27.70413, 0.00000 }, { 6.40442, 27.70413, 0.00000 }, { 4.56152, 27.70413, 0.00000 }, { 4.56152, 27.70413, 0.00000 }, { 4.56152, 27.70413, 0.00000 }, { 4.56152, 31.18112, 0.00000 }, { 4.56152, 31.18112, 0.00000 }, { 4.56152, 31.18112, 0.00000 }, { -6.79532, 31.18109, 0.00000 }, { -6.79532, 31.18109, 0.00000 }, { -6.79532, 31.18109, 0.00000 }, { -6.79532, 13.78101, 0.00000 }, { -6.79532, 13.78100, 0.00000 }, },
			},
			["shared/asphalt_02.gtex.lua;shared/dirt.gtex.lua;shared/asphalt_03.gtex.lua"] = {
				{ { 16.00000, 0.00000, 0.00000 }, { 16.00000, 0.00000, 0.00000 }, { 16.00000, 29.00000, 0.00000 }, { 16.00000, 29.00000, 0.00000 }, { 16.00000, 29.00000, 0.00000 }, { 7.00000, 29.00000, 0.00000 }, { 7.00000, 29.00000, 0.00000 }, { 7.00000, 29.00000, 0.00000 }, { 7.00000, 32.00000, 0.00000 }, { 7.00000, 32.00000, 0.00000 }, { 7.00000, 32.00000, 0.00000 }, { -8.00000, 32.00000, 0.00000 }, { -8.00000, 32.00000, 0.00000 }, { -8.00000, 32.00000, 0.00000 }, { -8.00000, 30.00000, 0.00000 }, { -8.00000, 30.00000, 0.00000 }, { -8.00000, 30.00000, 0.00000 }, { -16.00000, 30.00000, 0.00000 }, { -16.00000, 30.00000, 0.00000 }, { -16.00000, 30.00000, 0.00000 }, { -16.00000, 0.00000, 0.00000 }, { -16.00000, 0.00000, 0.00000 }, },
			},
		},
	},
	["layout_1"] = {
		models = {
			["asset/ground/barrel_wood.mdl"] = {
				{ 1.00000, 0.00000, 0.00000, 0.00000, 0.00000, 1.00000, 0.00000, 0.00000, 0.00000, 0.00000, 1.00000, 0.00000, 10.22932, 26.84476, 0.00000, 1.00000, ignore = { 2, 20 }, },
				{ 0.14959, -0.98875, -0.00000, 0.00000, 0.98875, 0.14959, -0.00000, 0.00000, 0.00000, 0.00000, 1.00000, 0.00000, 10.22932, 25.49475, 0.00000, 1.00000, },
				{ 0.61468, -0.78877, -0.00000, 0.00000, 0.78877, 0.61468, -0.00000, 0.00000, 0.00000, 0.00000, 1.00000, 0.00000, 11.54775, 25.48431, 0.00000, 1.00000, },
				{ 0.32281, -0.94646, -0.00000, 0.00000, 0.94646, 0.32281, -0.00000, 0.00000, 0.00000, 0.00000, 1.00000, 0.00000, 12.83709, 25.45218, 0.00000, 1.00000, },
				{ 0.58495, -0.81107, -0.00000, 0.00000, 0.81107, 0.58495, -0.00000, 0.00000, 0.00000, 0.00000, 1.00000, 0.00000, 14.07930, 25.45104, 0.00000, 1.00000, },
				{ 0.41100, -0.91164, -0.00000, 0.00000, 0.91164, 0.41100, -0.00000, 0.00000, 0.00000, 0.00000, 1.00000, 0.00000, 10.23531, 24.29707, 0.00000, 1.00000, },
				{ 0.41100, -0.91164, -0.00000, 0.00000, 0.91164, 0.41100, -0.00000, 0.00000, 0.00000, 0.00000, 1.00000, 0.00000, 10.23531, 19.59707, 0.00000, 1.00000, ignore = { 3, 20 }, },
				{ 0.41100, -0.91164, -0.00000, 0.00000, 0.91164, 0.41100, -0.00000, 0.00000, 0.00000, 0.00000, 1.00000, 0.00000, 10.23531, 15.39707, 0.00000, 1.00000, ignore = { 4, 20 }, },
				{ 0.76532, -0.64365, -0.00000, 0.00000, 0.64365, 0.76532, -0.00000, 0.00000, 0.00000, 0.00000, 1.00000, 0.00000, 11.54467, 24.31916, 0.00000, 1.00000, },
				{ 0.76532, -0.64365, -0.00000, 0.00000, 0.64365, 0.76532, -0.00000, 0.00000, 0.00000, 0.00000, 1.00000, 0.00000, 11.54467, 19.61916, 0.00000, 1.00000, },
				{ 0.87517, 0.48382, 0.00000, 0.00000, -0.48382, 0.87517, -0.00000, 0.00000, -0.00000, 0.00000, 1.00000, 0.00000, 11.59862, 15.40628, 0.00000, 1.00000, },
				{ 0.19201, -0.98139, -0.00000, 0.00000, 0.98139, 0.19201, -0.00000, 0.00000, 0.00000, 0.00000, 1.00000, 0.00000, 12.76937, 24.28273, 0.00000, 1.00000, },
				{ 0.19201, -0.98139, -0.00000, 0.00000, 0.98139, 0.19201, -0.00000, 0.00000, 0.00000, 0.00000, 1.00000, 0.00000, 12.76937, 19.58273, 0.00000, 1.00000, },
				{ 0.98502, -0.17244, -0.00000, 0.00000, 0.17244, 0.98502, -0.00000, 0.00000, 0.00000, 0.00000, 1.00000, 0.00000, 12.82332, 15.36984, 0.00000, 1.00000, },
				{ 0.54259, -0.84000, -0.00000, 0.00000, 0.84000, 0.54259, -0.00000, 0.00000, 0.00000, 0.00000, 1.00000, 0.00000, 14.05413, 24.30357, 0.00000, 1.00000, },
				{ 0.54259, -0.84000, -0.00000, 0.00000, 0.84000, 0.54259, -0.00000, 0.00000, 0.00000, 0.00000, 1.00000, 0.00000, 14.05413, 19.60357, 0.00000, 1.00000, },
				{ 0.54259, -0.84000, -0.00000, 0.00000, 0.84000, 0.54259, -0.00000, 0.00000, 0.00000, 0.00000, 1.00000, 0.00000, 14.05413, 15.40357, 0.00000, 1.00000, },
				{ 0.85544, -0.51790, -0.00000, 0.00000, 0.51790, 0.85544, -0.00000, 0.00000, 0.00000, 0.00000, 1.00000, 0.00000, 10.26204, 23.12103, 0.00000, 1.00000, ignore = { 5, 20 }, },
				{ 0.85544, -0.51790, -0.00000, 0.00000, 0.51790, 0.85544, -0.00000, 0.00000, 0.00000, 0.00000, 1.00000, 0.00000, 10.26204, 18.42103, 0.00000, 1.00000, ignore = { 6, 20 }, },
				{ 0.79006, 0.61303, 0.00000, 0.00000, -0.61303, 0.79006, -0.00000, 0.00000, -0.00000, 0.00000, 1.00000, 0.00000, 10.31600, 14.20814, 0.00000, 1.00000, ignore = { 7, 20 }, },
				{ 0.29787, -0.95461, -0.00000, 0.00000, 0.95461, 0.29787, -0.00000, 0.00000, 0.00000, 0.00000, 1.00000, 0.00000, 11.51140, 23.11825, 0.00000, 1.00000, },
				{ 0.29787, -0.95461, -0.00000, 0.00000, 0.95461, 0.29787, -0.00000, 0.00000, 0.00000, 0.00000, 1.00000, 0.00000, 11.51140, 18.41825, 0.00000, 1.00000, },
				{ 0.29787, -0.95461, -0.00000, 0.00000, 0.95461, 0.29787, -0.00000, 0.00000, 0.00000, 0.00000, 1.00000, 0.00000, 11.51140, 14.21825, 0.00000, 1.00000, },
				{ 0.16094, -0.98696, -0.00000, 0.00000, 0.98696, 0.16094, -0.00000, 0.00000, 0.00000, 0.00000, 1.00000, 0.00000, 12.83574, 23.05632, 0.00000, 1.00000, },
				{ 0.16094, -0.98696, -0.00000, 0.00000, 0.98696, 0.16094, -0.00000, 0.00000, 0.00000, 0.00000, 1.00000, 0.00000, 12.83574, 18.35632, 0.00000, 1.00000, },
				{ 0.16094, -0.98696, -0.00000, 0.00000, 0.98696, 0.16094, -0.00000, 0.00000, 0.00000, 0.00000, 1.00000, 0.00000, 12.83574, 14.15632, 0.00000, 1.00000, },
				{ 0.65363, -0.75681, -0.00000, 0.00000, 0.75681, 0.65363, -0.00000, 0.00000, 0.00000, 0.00000, 1.00000, 0.00000, 14.05913, 23.10575, 0.00000, 1.00000, },
				{ 0.65363, -0.75681, -0.00000, 0.00000, 0.75681, 0.65363, -0.00000, 0.00000, 0.00000, 0.00000, 1.00000, 0.00000, 14.05913, 18.40575, 0.00000, 1.00000, },
				{ 0.65363, -0.75681, -0.00000, 0.00000, 0.75681, 0.65363, -0.00000, 0.00000, 0.00000, 0.00000, 1.00000, 0.00000, 14.05913, 14.20575, 0.00000, 1.00000, },
			},
			["asset/industry/pipes_large_curved_horizontal_r.mdl"] = {
				{ -1.00000, 0.00000, -0.00000, 0.00000, 0.00000, 1.00000, 0.00000, 0.00000, 0.00000, 0.00000, -1.00000, 0.00000, -8.19383, 14.36429, 3.98000, 1.00000, align = { -8.99917, 9.66429 }, },
				{ 1.00000, 0.00000, -0.00000, 0.00000, 0.00000, -1.00000, -0.00000, 0.00000, -0.00000, 0.00000, -1.00000, 0.00000, -8.19383, 14.36429, 3.98000, 1.00000, align = { -8.99917, 9.66429 }, },
				{ -1.00000, 0.00000, -0.00000, 0.00000, 0.00000, 1.00000, 0.00000, 0.00000, 0.00000, 0.00000, -1.00000, 0.00000, -6.43050, 20.36428, 3.98000, 1.00000, align = { -8.99917, 9.66429 }, },
				{ -0.00000, -1.00000, -0.00000, 0.00000, -1.00000, 0.00000, -0.00000, 0.00000, 0.00000, 0.00000, -1.00000, 0.00000, -9.07550, 5.36429, 3.98000, 1.00000, align = { -8.99917, 9.66429 }, },
				{ -0.00000, -1.00000, -0.00000, 0.00000, -1.00000, 0.00000, -0.00000, 0.00000, 0.00000, 0.00000, -1.00000, 0.00000, -9.07550, 10.86429, 3.98000, 1.00000, align = { -8.99917, 9.66429 }, },
				{ 0.00000, -1.00000, 0.00000, 0.00000, 1.00000, 0.00000, -0.00000, 0.00000, 0.00000, 0.00000, 1.00000, 0.00000, -9.07550, 5.36429, 1.98000, 1.00000, align = { -8.99917, 9.66429 }, },
				{ 0.00000, -1.00000, 0.00000, 0.00000, 1.00000, 0.00000, -0.00000, 0.00000, 0.00000, 0.00000, 1.00000, 0.00000, -9.07550, 10.86429, 1.98000, 1.00000, align = { -8.99917, 9.66429 }, },
			},
			["asset/industry/pipes_large_curved_vertical.mdl"] = {
				{ -0.00000, 0.00000, 1.00000, 0.00000, -0.00000, -1.00000, -0.00000, 0.00000, 1.00000, -0.00000, 0.00000, 0.00000, -8.55000, 27.46000, 2.09833, 1.00000, align = { -6.10000, 22.80000 }, },
				{ -0.00000, 0.00000, 1.00000, 0.00000, -0.00000, -1.00000, -0.00000, 0.00000, 1.00000, -0.00000, 0.00000, 0.00000, -8.55000, 20.06000, 2.09833, 1.00000, align = { -6.10000, 22.80000 }, },
				{ 0.00000, 0.00000, -1.00000, 0.00000, 0.00000, -1.00000, 0.00000, 0.00000, -1.00000, -0.00000, -0.00000, 0.00000, -6.55000, 27.46000, 2.09833, 1.00000, align = { -6.10000, 22.80000 }, },
				{ 0.00000, 0.00000, -1.00000, 0.00000, 0.00000, -1.00000, 0.00000, 0.00000, -1.00000, -0.00000, -0.00000, 0.00000, -6.55000, 20.06000, 2.09833, 1.00000, align = { -6.10000, 22.80000 }, },
			},
			["asset/industry/pipes_large_straight.mdl"] = {
				{ 1.00000, -0.00000, 0.00000, 0.00000, 0.00000, 1.00000, 0.00000, 0.00000, 0.00000, 0.00000, 1.00000, 0.00000, -8.55000, 27.46000, 1.98000, 1.00000, align = { -6.10000, 22.80000 }, },
				{ 1.00000, -0.00000, 0.00000, 0.00000, 0.00000, 1.00000, 0.00000, 0.00000, 0.00000, 0.00000, 1.00000, 0.00000, -8.55000, 20.06000, 1.98000, 1.00000, align = { -6.10000, 22.80000 }, },
				{ 1.00000, -0.00000, 0.00000, 0.00000, 0.00000, 1.00000, 0.00000, 0.00000, 0.00000, 0.00000, 1.00000, 0.00000, -2.55000, 27.46000, 0.21667, 1.00000, align = { -6.10000, 22.80000 }, },
				{ 1.00000, -0.00000, 0.00000, 0.00000, 0.00000, 1.00000, 0.00000, 0.00000, 0.00000, 0.00000, 1.00000, 0.00000, -2.55000, 20.06000, 0.21667, 1.00000, align = { -6.10000, 22.80000 }, },
				{ 0.00000, -1.00000, -0.00000, 0.00000, 1.00000, 0.00000, -0.00000, 0.00000, 0.00000, 0.00000, 1.00000, 0.00000, -9.07550, 9.36429, 1.98000, 1.00000, align = { -8.99917, 9.66429 }, },
				{ 0.00000, -1.00000, -0.00000, 0.00000, 1.00000, 0.00000, -0.00000, 0.00000, 0.00000, 0.00000, 1.00000, 0.00000, -7.31217, 15.36429, 1.98000, 1.00000, align = { -8.99917, 9.66429 }, },
				{ 1.00000, -0.00000, -0.00000, 0.00000, 0.00000, 1.00000, -0.00000, 0.00000, 0.00000, 0.00000, 1.00000, 0.00000, -2.43050, 20.36428, 1.98000, 1.00000, align = { -8.99917, 9.66429 }, },
				{ 0.00000, -1.00000, -0.00000, 0.00000, 1.00000, 0.00000, -0.00000, 0.00000, 0.00000, 0.00000, 1.00000, 0.00000, -9.07550, 5.36429, 1.98000, 1.00000, align = { -8.99917, 9.66429 }, },
			},
		},
		groups = {
			["era_a_ind_random_vertical_tank.grp"] = {
				{ -1.00000, -0.00000, 0.00000, 0.00000, 0.00000, -1.00000, -0.00000, 0.00000, 0.00000, -0.00000, 1.00000, 0.00000, -12.60000, 27.30000, 0.00000, 1.00000, align = { -6.10000, 22.80000 }, seed = 1, },
				{ -1.00000, -0.00000, 0.00000, 0.00000, 0.00000, -1.00000, -0.00000, 0.00000, 0.00000, -0.00000, 1.00000, 0.00000, -12.60000, 19.45000, 0.00000, 1.00000, align = { -6.10000, 22.80000 }, seed = 1, },
				{ 1.00000, 0.00000, 0.00000, 0.00000, 0.00000, 1.00000, 0.00000, 0.00000, 0.00000, 0.00000, 1.00000, 0.00000, -11.54917, 9.66429, 0.00000, 1.00000, align = { -8.99917, 9.66429 }, seed = 2, },
				{ -1.00000, -0.00000, 0.00000, 0.00000, 0.00000, -1.00000, -0.00000, 0.00000, 0.00000, -0.00000, 1.00000, 0.00000, -11.54917, 4.16429, 0.00000, 1.00000, align = { -8.99917, 9.66429 }, seed = 2, },
				{ 1.00000, 0.00000, 0.00000, 0.00000, 0.00000, 1.00000, 0.00000, 0.00000, 0.00000, 0.00000, 1.00000, 0.00000, -6.64917, 9.66429, 0.00000, 1.00000, align = { -8.99917, 9.66429 }, seed = 2, },
				{ -1.00000, -0.00000, 0.00000, 0.00000, 0.00000, -1.00000, -0.00000, 0.00000, 0.00000, -0.00000, 1.00000, 0.00000, -6.64917, 4.16429, 0.00000, 1.00000, align = { -8.99917, 9.66429 }, seed = 2, },
			},
		},
	},
}
--End Generated

function data()
	return townbuildingutil.make_building2(
		{ { -4.60, -0.10 }, { 4.60, -0.10 }, { 4.60, 9.10 }, { -4.60, 9.10 } },
		"INDUSTRIAL", 
		"A", 
		1,
		{ 4, 4 },
		generatedData,
		"construction/building/era_a/ind_1_4x4_01.gtex"
	)
end
