local townbuildingutil = require "townbuildingutil"

--Model file: "building/era_a/ind_2_1x2_01.mdl"

--Begin Generated
local generatedData = {
	["base"] = {
		models = {
			["building/era_a/ind_2_1x2_01.mdl"] = {
				{ 1.00000, 0.00000, 0.00000, 0.00000, 0.00000, 1.00000, 0.00000, 0.00000, 0.00000, 0.00000, 1.00000, 0.00000, 0.00000, 0.00000, 0.00000, 1.00000, },
			},
		},
		curves = {
			["scaffold"] = {
				{ { 3.21972, 7.75358, 0.00000 }, { 3.21972, 7.75359, 0.00000 }, { 3.21972, 14.15355, 0.00000 }, { 3.21972, 14.15356, 0.00000 }, { 3.21972, 14.15356, 0.00000 }, { -3.15625, 14.15358, 0.00000 }, { -3.15625, 14.15358, 0.00000 }, { -3.15625, 14.15358, 0.00000 }, { -3.15625, 7.75359, 0.00000 }, { -3.15625, 7.75359, 0.00000 }, },
			},
			["shared/asphalt_02.gtex.lua;shared/dirt.gtex.lua;shared/asphalt_03.gtex.lua"] = {
				{ { 4.00000, 0.00000, 0.00000 }, { 4.00000, 0.00000, 0.00000 }, { 4.00000, 16.00000, 0.00000 }, { 4.00000, 16.00000, 0.00000 }, { 4.00000, 16.00000, 0.00000 }, { -4.00000, 16.00000, 0.00000 }, { -4.00000, 16.00000, 0.00000 }, { -4.00000, 16.00000, 0.00000 }, { -4.00000, 0.00000, 0.00000 }, { -4.00000, 0.00000, 0.00000 }, },
			},
		},
	},
	["layout_1"] = {
		models = {
			["asset/construction/scaffolding/era_a_normal.mdl"] = {
				{ -0.00000, -1.00000, 0.00000, 0.00000, 1.00000, -0.00000, 0.00000, 0.00000, 0.00000, 0.00000, 1.00000, 0.00000, -1.00000, 14.70000, 0.00000, 1.00000, },
			},
			["asset/industry/pallet_01.mdl"] = {
				{ 0.98229, -0.18738, 0.00000, 0.00000, 0.18738, 0.98229, 0.00000, 0.00000, 0.00000, 0.00000, 1.00000, 0.00000, -2.51237, 5.31618, 0.00000, 1.00000, },
			},
			["asset/industry/wooden_box_01.mdl"] = {
				{ 0.98229, -0.18738, 0.00000, 0.00000, 0.18738, 0.98229, 0.00000, 0.00000, 0.00000, 0.00000, 1.00000, 0.00000, -2.51237, 5.31618, 0.15000, 1.00000, ignore = { 2, 20 }, },
				{ 0.98229, -0.18738, 0.00000, 0.00000, 0.18738, 0.98229, 0.00000, 0.00000, 0.00000, 0.00000, 1.00000, 0.00000, 3.00000, 4.20000, 0.00000, 1.00000, ignore = { 3, 20 }, },
				{ -0.99926, -0.03839, 0.00000, 0.00000, 0.03839, -0.99926, 0.00000, 0.00000, 0.00000, 0.00000, 1.00000, 0.00000, 3.00000, 2.76000, 0.00000, 1.00000, },
				{ -0.99415, -0.10800, 0.00000, 0.00000, 0.10800, -0.99415, 0.00000, 0.00000, 0.00000, 0.00000, 1.00000, 0.00000, 1.80000, 2.45000, 0.00000, 1.00000, ignore = { 4, 20 }, },
				{ 0.99926, 0.03839, 0.00000, 0.00000, -0.03839, 0.99926, 0.00000, 0.00000, 0.00000, 0.00000, 1.00000, 0.00000, 2.98000, 1.50000, 0.00000, 1.00000, },
				{ 0.99926, 0.03839, 0.00000, 0.00000, -0.03839, 0.99926, 0.00000, 0.00000, 0.00000, 0.00000, 1.00000, 0.00000, 2.98000, 2.14000, 0.88000, 1.00000, ignore = { 5, 20 }, },
				{ 1.00000, 0.00000, 0.00000, 0.00000, 0.00000, 1.00000, 0.00000, 0.00000, 0.00000, 0.00000, 1.00000, 0.00000, -1.80000, 14.72000, 0.00000, 1.00000, },
				{ 1.00000, 0.00000, 0.00000, 0.00000, 0.00000, 1.00000, 0.00000, 0.00000, 0.00000, 0.00000, 1.00000, 0.00000, -2.00000, 14.72000, 2.07000, 1.00000, ignore = { 6, 20 }, },
				{ -0.99966, -0.02618, 0.00000, 0.00000, 0.02618, -0.99966, 0.00000, 0.00000, 0.00000, 0.00000, 1.00000, 0.00000, 0.01000, 14.72000, 2.07000, 1.00000, ignore = { 7, 20 }, },
				{ 0.99863, 0.05234, 0.00000, 0.00000, -0.05234, 0.99863, 0.00000, 0.00000, 0.00000, 0.00000, 1.00000, 0.00000, -0.98000, 14.72000, 2.07000, 1.00000, },
				{ -0.00000, 0.00000, -1.00000, 0.00000, 0.00000, 1.00000, 0.00000, 0.00000, 1.00000, 0.00000, -0.00000, 0.00000, -1.10000, 14.72000, 0.48000, 1.00000, },
			},
			["station/rail/asset/cargo_pallet_jack.mdl"] = {
				{ 0.29237, 0.95630, 0.00000, 0.00000, -0.95630, 0.29237, 0.00000, 0.00000, 0.00000, 0.00000, 1.00000, 0.00000, -2.53527, 4.96764, 0.00000, 1.00000, },
			},
		},
	},
}
--End Generated

function data()
	return townbuildingutil.make_building2(
		{ { -4.60, -0.10 }, { 4.60, -0.10 }, { 4.60, 9.10 }, { -4.60, 9.10 } },
		"INDUSTRIAL", 
		"A", 
		2,
		{ 1, 2 },
		generatedData,
		"construction/building/era_a/ind_2_1x2_01.gtex"
	)
end
