local townbuildingutil = require "townbuildingutil"

--Model file: "building/era_a/ind_1_2x2_01.mdl"

--Begin Generated
local generatedData = {
	["base"] = {
		models = {
			["building/era_a/ind_1_2x2_01.mdl"] = {
				{ 1.00000, 0.00000, 0.00000, 0.00000, 0.00000, 1.00000, 0.00000, 0.00000, 0.00000, 0.00000, 1.00000, 0.00000, -2.00000, 1.00000, 0.00000, 1.00000, },
			},
		},
		curves = {
			["scaffold"] = {
				{ { 0.27466, 6.14807, 0.00000 }, { 0.27466, 6.14807, 0.00000 }, { 0.27466, 14.04361, 0.00000 }, { 0.27466, 14.04361, 0.00000 }, { 0.27466, 14.04361, 0.00000 }, { -5.16724, 14.04358, 0.00000 }, { -5.16724, 14.04358, 0.00000 }, { -5.16724, 14.04358, 0.00000 }, { -5.16729, 13.55267, 0.00000 }, { -5.16729, 13.55267, 0.00000 }, { -5.16729, 13.55267, 0.00000 }, { -6.18551, 13.55267, 0.00000 }, { -6.18551, 13.55267, 0.00000 }, { -6.18551, 13.55267, 0.00000 }, { -6.18530, 6.87863, 0.00000 }, { -6.18530, 6.87863, 0.00000 }, { -6.18530, 6.87863, 0.00000 }, { -5.16727, 6.87860, 0.00000 }, { -5.16727, 6.87860, 0.00000 }, { -5.16727, 6.87860, 0.00000 }, { -5.16724, 6.14810, 0.00000 }, { -5.16724, 6.14810, 0.00000 }, },
			},
			["shared/asphalt_02.gtex.lua;shared/dirt.gtex.lua;shared/asphalt_03.gtex.lua"] = {
				{ { 8.00000, 0.00000, 0.00000 }, { 8.00000, 0.00000, 0.00000 }, { 8.00000, 15.00000, 0.00000 }, { 8.00000, 15.00000, 0.00000 }, { 8.00000, 15.00000, 0.00000 }, { 2.00000, 15.00000, 0.00000 }, { 2.00000, 15.00000, 0.00000 }, { 2.00000, 15.00000, 0.00000 }, { 2.00000, 16.00000, 0.00000 }, { 2.00000, 16.00000, 0.00000 }, { 2.00000, 16.00000, 0.00000 }, { -6.00000, 16.00000, 0.00000 }, { -6.00000, 16.00000, 0.00000 }, { -6.00000, 16.00000, 0.00000 }, { -6.00000, 15.00000, 0.00000 }, { -6.00000, 15.00000, 0.00000 }, { -6.00000, 15.00000, 0.00000 }, { -8.00000, 15.00000, 0.00000 }, { -8.00000, 15.00000, 0.00000 }, { -8.00000, 15.00000, 0.00000 }, { -8.00000, 0.00000, 0.00000 }, { -8.00000, 0.00000, 0.00000 }, },
			},
		},
	},
	["layout_1"] = {
		models = {
			["asset/ground/barrel_wood.mdl"] = {
				{ 1.00000, 0.00000, 0.00000, 0.00000, 0.00000, 1.00000, 0.00000, 0.00000, 0.00000, 0.00000, 1.00000, 0.00000, -0.86000, 14.36000, -0.02000, 1.00000, },
				{ -0.21644, 0.97630, 0.00000, 0.00000, -0.97630, -0.21644, 0.00000, 0.00000, 0.00000, 0.00000, 1.00000, 0.00000, -2.02000, 14.36000, -0.02000, 1.00000, },
				{ -0.21644, 0.97630, 0.00000, 0.00000, -0.97630, -0.21644, 0.00000, 0.00000, 0.00000, 0.00000, 1.00000, 0.00000, -3.08000, 14.36000, -0.02000, 1.00000, },
				{ 0.54464, 0.83867, 0.00000, 0.00000, -0.83867, 0.54464, 0.00000, 0.00000, 0.00000, 0.00000, 1.00000, 0.00000, -4.12000, 14.36000, -0.02000, 1.00000, },
			},
			["asset/ground/cableroll.mdl"] = {
				{ 0.50000, 0.00000, 0.00000, 0.00000, 0.00000, -0.00000, 0.50000, 0.00000, 0.00000, -0.50000, -0.00000, 0.00000, 2.56632, 13.27963, 0.50000, 1.00000, },
				{ 0.50000, 0.00000, 0.00000, 0.00000, 0.00000, -0.00000, 0.50000, 0.00000, 0.00000, -0.50000, -0.00000, 0.00000, 2.56632, 14.37899, 0.50000, 1.00000, },
				{ 0.50000, 0.00000, 0.00000, 0.00000, 0.00000, -0.00000, 0.50000, 0.00000, 0.00000, -0.50000, -0.00000, 0.00000, 3.59344, 13.30684, 0.50000, 1.00000, },
				{ 0.50000, 0.00000, 0.00000, 0.00000, 0.00000, -0.00000, 0.50000, 0.00000, 0.00000, -0.50000, -0.00000, 0.00000, 3.59344, 14.36798, 0.50000, 1.00000, },
				{ 0.50000, 0.00000, 0.00000, 0.00000, 0.00000, -0.00000, 0.50000, 0.00000, 0.00000, -0.50000, -0.00000, 0.00000, 4.57653, 13.27769, 0.50000, 1.00000, },
				{ 0.50000, 0.00000, 0.00000, 0.00000, 0.00000, -0.00000, 0.50000, 0.00000, 0.00000, -0.50000, -0.00000, 0.00000, 4.65848, 14.45861, 0.50000, 1.00000, },
				{ 0.50000, 0.00000, 0.00000, 0.00000, 0.00000, -0.00000, 0.50000, 0.00000, 0.00000, -0.50000, -0.00000, 0.00000, 5.55073, 13.29436, 0.50000, 1.00000, },
				{ 0.50000, 0.00000, 0.00000, 0.00000, 0.00000, -0.00000, 0.50000, 0.00000, 0.00000, -0.50000, -0.00000, 0.00000, 6.62064, 13.31602, 0.50000, 1.00000, },
				{ 0.50000, 0.00000, 0.00000, 0.00000, 0.00000, -0.00000, 0.50000, 0.00000, 0.00000, -0.50000, -0.00000, 0.00000, 2.55981, 13.31379, 1.50589, 1.00000, ignore = { 5, 20 }, },
				{ 0.50000, 0.00000, 0.00000, 0.00000, 0.00000, -0.00000, 0.50000, 0.00000, 0.00000, -0.50000, -0.00000, 0.00000, 3.59413, 13.26425, 1.50589, 1.00000, },
				{ 0.50000, 0.00000, 0.00000, 0.00000, 0.00000, -0.00000, 0.50000, 0.00000, 0.00000, -0.50000, -0.00000, 0.00000, 4.59301, 13.30379, 1.50589, 1.00000, },
				{ 0.50000, 0.00000, 0.00000, 0.00000, 0.00000, -0.00000, 0.50000, 0.00000, 0.00000, -0.50000, -0.00000, 0.00000, 5.61727, 13.28691, 1.50589, 1.00000, },
				{ 0.50000, 0.00000, 0.00000, 0.00000, 0.00000, -0.00000, 0.50000, 0.00000, 0.00000, -0.50000, -0.00000, 0.00000, 6.60451, 13.27458, 1.50589, 1.00000, ignore = { 6, 20 }, },
				{ 0.50000, 0.00000, 0.00000, 0.00000, 0.00000, -0.00000, 0.50000, 0.00000, 0.00000, -0.50000, -0.00000, 0.00000, 2.59370, 12.28491, 0.50000, 1.00000, },
				{ 0.50000, 0.00000, 0.00000, 0.00000, 0.00000, -0.00000, 0.50000, 0.00000, 0.00000, -0.50000, -0.00000, 0.00000, 3.56618, 12.30477, 0.50000, 1.00000, },
				{ 0.50000, 0.00000, 0.00000, 0.00000, 0.00000, -0.00000, 0.50000, 0.00000, 0.00000, -0.50000, -0.00000, 0.00000, 4.57324, 12.24382, 0.50000, 1.00000, },
				{ 0.50000, 0.00000, 0.00000, 0.00000, 0.00000, -0.00000, 0.50000, 0.00000, 0.00000, -0.50000, -0.00000, 0.00000, 5.57539, 12.26021, 0.50000, 1.00000, },
				{ 0.50000, 0.00000, 0.00000, 0.00000, 0.00000, -0.00000, 0.50000, 0.00000, 0.00000, -0.50000, -0.00000, 0.00000, 6.59279, 12.30580, 0.50000, 1.00000, },
				{ 0.50000, 0.00000, 0.00000, 0.00000, 0.00000, -0.00000, 0.50000, 0.00000, 0.00000, -0.50000, -0.00000, 0.00000, 2.53215, 12.29305, 1.50589, 1.00000, ignore = { 7, 20 }, },
				{ 0.50000, 0.00000, 0.00000, 0.00000, 0.00000, -0.00000, 0.50000, 0.00000, 0.00000, -0.50000, -0.00000, 0.00000, 3.60123, 12.31211, 1.50589, 1.00000, },
				{ 0.50000, 0.00000, 0.00000, 0.00000, 0.00000, -0.00000, 0.50000, 0.00000, 0.00000, -0.50000, -0.00000, 0.00000, 4.60994, 12.27900, 1.50589, 1.00000, },
				{ 0.50000, 0.00000, 0.00000, 0.00000, 0.00000, -0.00000, 0.50000, 0.00000, 0.00000, -0.50000, -0.00000, 0.00000, 5.60783, 12.28138, 1.50589, 1.00000, },
				{ 0.50000, 0.00000, 0.00000, 0.00000, 0.00000, -0.00000, 0.50000, 0.00000, 0.00000, -0.50000, -0.00000, 0.00000, 6.58774, 12.24589, 1.50589, 1.00000, ignore = { 8, 20 }, },
				{ 0.04358, 0.00000, 0.49810, 0.00000, 0.44958, 0.21526, -0.03933, 0.00000, -0.21444, 0.45129, 0.01876, 0.00000, 5.79073, 9.77500, 1.11500, 1.00000, ignore = { 9, 20 }, },
			},
			["asset/industry/loose_wood_02.mdl"] = {
				{ -0.04362, -0.99905, 0.00000, 0.00000, 0.99905, -0.04362, 0.00000, 0.00000, 0.00000, 0.00000, 1.00000, 0.00000, -7.00000, 9.00000, 0.00000, 1.00000, ignore = { 2, 20 }, },
			},
			["asset/industry/wooden_box_03.mdl"] = {
				{ 0.99941, 0.03445, -0.00000, 0.00000, -0.03445, 0.99941, -0.00000, 0.00000, 0.00000, 0.00000, 1.00000, 0.00000, -3.31000, 2.00000, 0.00000, 1.00000, },
				{ 1.00000, 0.00162, -0.00000, 0.00000, -0.00162, 1.00000, -0.00000, 0.00000, 0.00000, 0.00000, 1.00000, 0.00000, -6.70000, 1.93000, 0.00000, 1.00000, ignore = { 3, 20 }, },
				{ 0.99934, 0.03629, -0.00000, 0.00000, -0.03629, 0.99934, -0.00000, 0.00000, 0.00000, 0.00000, 1.00000, 0.00000, -2.23000, 2.00000, 0.00000, 1.00000, ignore = { 4, 20 }, },
				{ 1.00000, 0.00241, -0.00000, 0.00000, -0.00241, 1.00000, -0.00000, 0.00000, 0.00000, 0.00000, 1.00000, 0.00000, -5.62000, 1.93000, 0.00000, 1.00000, },
				{ 0.99985, 0.01711, -0.00000, 0.00000, -0.01711, 0.99985, -0.00000, 0.00000, 0.00000, 0.00000, 1.00000, 0.00000, 5.90000, 5.28000, 0.00000, 1.00000, },
				{ 0.99657, 0.08277, -0.00000, 0.00000, -0.08277, 0.99657, -0.00000, 0.00000, 0.00000, 0.00000, 1.00000, 0.00000, -4.52797, 1.90599, -0.00000, 1.00000, },
			},
			["industry/farm/fence.mdl"] = {
				{ -0.00000, 1.00000, -0.00000, 0.00000, -1.00000, -0.00000, 0.00000, 0.00000, -0.00000, 0.00000, 1.00000, 0.00000, -0.26000, 13.04000, -0.02000, 1.00000, },
				{ -1.00000, -0.00000, -0.00000, 0.00000, 0.00000, -0.99756, -0.06976, 0.00000, -0.00000, -0.06976, 0.99756, 0.00000, -2.46000, 15.04000, -0.02000, 1.00000, },
				{ 0.00000, -1.00000, 0.00000, 0.00000, 1.00000, 0.00000, 0.00000, 0.00000, -0.00000, -0.00000, 1.00000, 0.00000, -4.66000, 13.04000, -0.02000, 1.00000, },
			},
			["station/air/asset/handcart_luggage_a.mdl"] = {
				{ 0.89915, 0.43051, -0.07867, 0.00000, -0.42887, 0.90259, 0.03752, 0.00000, 0.08716, 0.00000, 0.99619, 0.00000, 5.45000, 10.20000, -0.00000, 1.00000, },
				{ -0.99394, 0.07674, -0.07867, 0.00000, -0.07988, -0.99610, 0.03752, 0.00000, -0.07548, 0.04358, 0.99619, 0.00000, 5.60000, 3.60000, -0.00000, 1.00000, },
			},
		},
		groups = {
			["era_a_ind_random_loose_wood.grp"] = {
				{ 0.17341, -0.64717, 0.00000, 0.00000, 0.64717, 0.17341, 0.00000, 0.00000, 0.00000, 0.00000, 0.67000, 0.00000, -6.30000, 5.75000, 0.00000, 1.00000, },
			},
			["era_a_ind_random_wooden_shed.grp"] = {
				{ -0.00000, -0.75000, 0.00000, 0.00000, 0.75000, -0.00000, -0.00000, 0.00000, 0.00000, -0.00000, 0.75000, 0.00000, 5.65000, 4.50000, 0.00000, 1.00000, },
			},
		},
	},
}
--End Generated

function data()
	return townbuildingutil.make_building2(
		{ { -4.60, -0.10 }, { 4.60, -0.10 }, { 4.60, 9.10 }, { -4.60, 9.10 } },
		"INDUSTRIAL", 
		"A", 
		1,
		{ 2, 2 },
		generatedData,
		"construction/building/era_a/ind_1_2x2_01.gtex"
	)
end
