local townbuildingutil = require "townbuildingutil"

--Model file: "building/era_a/ind_2_2x3_01.mdl"

--Begin Generated
local generatedData = {
	["base"] = {
		models = {
			["building/era_a/ind_2_2x3_01.mdl"] = {
				{ 1.00000, 0.00000, 0.00000, 0.00000, 0.00000, 1.00000, 0.00000, 0.00000, 0.00000, 0.00000, 1.00000, 0.00000, 3.00000, -2.00000, 0.00000, 1.00000, },
			},
		},
		curves = {
			["scaffold"] = {
				{ { 6.88037, 4.29161, 0.00000 }, { 6.88037, 4.29161, 0.00000 }, { 6.88037, 18.54996, 0.00000 }, { 6.88037, 18.54996, 0.00000 }, { 6.88037, 18.54996, 0.00000 }, { -1.27832, 18.54995, 0.00000 }, { -1.27832, 18.54995, 0.00000 }, { -1.27832, 18.54995, 0.00000 }, { -1.27832, 16.09047, 0.00000 }, { -1.27832, 16.09047, 0.00000 }, { -1.27832, 16.09047, 0.00000 }, { -2.15039, 16.09047, 0.00000 }, { -2.15039, 16.09047, 0.00000 }, { -2.15039, 16.09047, 0.00000 }, { -2.15051, 10.89049, 0.00000 }, { -2.15051, 10.89049, 0.00000 }, { -2.15051, 10.89049, 0.00000 }, { -2.14999, 8.40610, 0.00000 }, { -2.14999, 8.40610, 0.00000 }, { -2.14999, 8.40610, 0.00000 }, { -2.51221, 8.40610, 0.00000 }, { -2.51221, 8.40610, 0.00000 }, { -2.51221, 8.40610, 0.00000 }, { -2.51221, 6.40610, 0.00000 }, { -2.51221, 6.40610, 0.00000 }, { -2.51221, 6.40610, 0.00000 }, { -1.27834, 6.40610, 0.00000 }, { -1.27834, 6.40610, 0.00000 }, { -1.27834, 6.40610, 0.00000 }, { -1.27834, 4.29161, 0.00000 }, { -1.27834, 4.29161, 0.00000 }, },
			},
			["shared/asphalt_02.gtex.lua;shared/dirt.gtex.lua;shared/asphalt_03.gtex.lua"] = {
				{ { 8.00000, 0.00000, 0.00000 }, { 8.00000, 0.00000, 0.00000 }, { 8.00000, 24.00000, 0.00000 }, { 8.00000, 24.00000, 0.00000 }, { 8.00000, 24.00000, 0.00000 }, { 0.00000, 24.00000, 0.00000 }, { 0.00000, 24.00000, 0.00000 }, { 0.00000, 24.00000, 0.00000 }, { 0.00000, 20.00000, 0.00000 }, { 0.00000, 20.00000, 0.00000 }, { 0.00000, 20.00000, 0.00000 }, { -8.00000, 20.00000, 0.00000 }, { -8.00000, 20.00000, 0.00000 }, { -8.00000, 20.00000, 0.00000 }, { -8.00000, 0.00000, 0.00000 }, { -8.00000, 0.00000, 0.00000 }, },
			},
		},
	},
	["layout_1"] = {
		models = {
			["asset/industry/wooden_box_01.mdl"] = {
				{ 1.00000, 0.00000, 0.00000, 0.00000, 0.00000, 1.00000, 0.00000, 0.00000, 0.00000, 0.00000, 1.00000, 0.00000, -7.10000, 18.36000, 0.00000, 1.00000, ignore = { 2, 20 }, },
				{ 1.00000, 0.00000, 0.00000, 0.00000, 0.00000, 1.00000, 0.00000, 0.00000, 0.00000, 0.00000, 1.00000, 0.00000, -7.05000, 15.75000, 0.00000, 1.00000, },
				{ -0.99780, -0.06627, 0.00000, 0.00000, 0.06627, -0.99780, 0.00000, 0.00000, 0.00000, 0.00000, 1.00000, 0.00000, -5.93000, 15.75000, 0.00000, 1.00000, ignore = { 3, 20 }, },
				{ 0.99452, -0.10453, 0.00000, 0.00000, 0.10453, 0.99452, 0.00000, 0.00000, 0.00000, 0.00000, 1.00000, 0.00000, -7.05000, 17.11000, 0.00000, 1.00000, },
				{ -0.99926, 0.03839, 0.00000, 0.00000, -0.03839, -0.99926, 0.00000, 0.00000, 0.00000, 0.00000, 1.00000, 0.00000, -5.93000, 17.11000, 0.00000, 1.00000, ignore = { 4, 20 }, },
				{ 1.00000, 0.00000, 0.00000, 0.00000, 0.00000, 1.00000, 0.00000, 0.00000, 0.00000, 0.00000, 1.00000, 0.00000, -7.01883, 15.73077, 0.88613, 1.00000, },
				{ 0.99905, -0.04362, 0.00000, 0.00000, 0.04362, 0.99905, 0.00000, 0.00000, 0.00000, 0.00000, 1.00000, 0.00000, -7.09903, 15.78020, 1.77225, 1.00000, ignore = { 5, 20 }, },
				{ 1.00000, 0.00000, 0.00000, 0.00000, 0.00000, 1.00000, 0.00000, 0.00000, 0.00000, 0.00000, 1.00000, 0.00000, -7.00523, 14.53848, 0.00000, 1.00000, },
				{ -1.00000, -0.00000, 0.00000, 0.00000, 0.00000, -1.00000, 0.00000, 0.00000, 0.00000, 0.00000, 1.00000, 0.00000, -7.03494, 14.52308, 0.88613, 1.00000, },
				{ -0.99863, -0.05234, 0.00000, 0.00000, 0.05234, -0.99863, 0.00000, 0.00000, 0.00000, 0.00000, 1.00000, 0.00000, -7.00893, 14.54478, 1.77225, 1.00000, },
				{ 1.00000, 0.00000, 0.00000, 0.00000, 0.00000, 1.00000, 0.00000, 0.00000, 0.00000, 0.00000, 1.00000, 0.00000, -7.06075, 13.34898, 0.00000, 1.00000, },
				{ 0.99863, 0.05234, 0.00000, 0.00000, -0.05234, 0.99863, 0.00000, 0.00000, 0.00000, 0.00000, 1.00000, 0.00000, -7.06073, 13.27280, 0.88613, 1.00000, },
				{ 1.00000, 0.00000, 0.00000, 0.00000, 0.00000, 1.00000, 0.00000, 0.00000, 0.00000, 0.00000, 1.00000, 0.00000, -7.06805, 13.29329, 1.77225, 1.00000, },
				{ 1.00000, 0.00000, 0.00000, 0.00000, 0.00000, 1.00000, 0.00000, 0.00000, 0.00000, 0.00000, 1.00000, 0.00000, -7.05252, 12.12965, 0.00000, 1.00000, },
				{ -0.99905, 0.04362, 0.00000, 0.00000, -0.04362, -0.99905, 0.00000, 0.00000, 0.00000, 0.00000, 1.00000, 0.00000, -7.10124, 12.11372, 0.88613, 1.00000, },
				{ 1.00000, 0.00000, 0.00000, 0.00000, 0.00000, 1.00000, 0.00000, 0.00000, 0.00000, 0.00000, 1.00000, 0.00000, -7.00819, 12.13754, 1.77225, 1.00000, ignore = { 6, 20 }, },
				{ 1.00000, 0.00000, 0.00000, 0.00000, 0.00000, 1.00000, 0.00000, 0.00000, 0.00000, 0.00000, 1.00000, 0.00000, -7.00568, 10.87553, 0.00000, 1.00000, },
				{ 1.00000, 0.00000, 0.00000, 0.00000, 0.00000, 1.00000, 0.00000, 0.00000, 0.00000, 0.00000, 1.00000, 0.00000, -7.01941, 10.87851, 0.88613, 1.00000, ignore = { 7, 20 }, },
				{ -0.99813, -0.06105, 0.00000, 0.00000, 0.06105, -0.99813, 0.00000, 0.00000, 0.00000, 0.00000, 1.00000, 0.00000, -7.06000, 9.60000, 0.00000, 1.00000, ignore = { 8, 20 }, },
			},
			["asset/industry/wooden_shed_02.mdl"] = {
				{ -0.00000, -0.80500, 0.00000, 0.00000, 0.80500, -0.00000, 0.00000, 0.00000, 0.00000, 0.00000, 0.80500, 0.00000, 6.20000, 2.05000, 0.00000, 1.00000, },
			},
			["station/air/asset/handcart_luggage_a.mdl"] = {
				{ -0.99813, 0.06105, 0.00000, 0.00000, -0.06105, -0.99813, 0.00000, 0.00000, 0.00000, 0.00000, 1.00000, 0.00000, 5.90000, 2.80000, 0.00000, 1.00000, },
				{ -0.99863, -0.05234, 0.00000, 0.00000, 0.05234, -0.99863, 0.00000, 0.00000, 0.00000, 0.00000, 1.00000, 0.00000, 5.90000, 1.22000, 0.00000, 1.00000, },
			},
		},
		groups = {
			["era_a_ind_random_tank.grp"] = {
				{ -1.00000, -0.00000, 0.00000, 0.00000, 0.00000, -1.00000, 0.00000, 0.00000, 0.00000, 0.00000, 1.00000, 0.00000, 4.40000, 20.25000, 0.00000, 1.00000, },
			},
		},
	},
}
--End Generated

function data()
	return townbuildingutil.make_building2(
		{ { -4.60, -0.10 }, { 4.60, -0.10 }, { 4.60, 9.10 }, { -4.60, 9.10 } },
		"INDUSTRIAL", 
		"A", 
		2,
		{ 2, 3 },
		generatedData,
		"construction/building/era_a/ind_2_2x3_01.gtex"
	)
end
