local townbuildingutil = require "townbuildingutil"

--Model file: "building/era_a/ind_1_4x4_03.mdl"

--Begin Generated
local generatedData = {
	["base"] = {
		models = {
			["building/era_a/ind_1_4x4_03.mdl"] = {
				{ 1.00000, 0.00000, 0.00000, 0.00000, 0.00000, 1.00000, 0.00000, 0.00000, 0.00000, 0.00000, 1.00000, 0.00000, -3.00000, -0.20000, 0.00000, 1.00000, },
			},
		},
		curves = {
			["scaffold"] = {
				{ { 7.42749, 9.77052, 0.00000 }, { 7.42749, 9.77052, 0.00000 }, { 7.42749, 26.02826, 0.00000 }, { 7.42749, 26.02827, 0.00000 }, { 7.42749, 26.02827, 0.00000 }, { -8.35400, 26.02828, 0.00000 }, { -8.35400, 26.02828, 0.00000 }, { -8.35400, 26.02828, 0.00000 }, { -8.35400, 9.77053, 0.00000 }, { -8.35400, 9.77053, 0.00000 }, },
			},
			["shared/asphalt_02.gtex.lua;shared/dirt.gtex.lua;shared/asphalt_03.gtex.lua"] = {
				{ { 16.00000, 0.00000, 0.00000 }, { 16.00000, 0.00000, 0.00000 }, { 16.00000, 30.00000, 0.00000 }, { 16.00000, 30.00000, 0.00000 }, { 16.00000, 30.00000, 0.00000 }, { 8.00000, 30.00000, 0.00000 }, { 8.00000, 30.00000, 0.00000 }, { 8.00000, 30.00000, 0.00000 }, { 8.00000, 32.00000, 0.00000 }, { 8.00000, 32.00000, 0.00000 }, { 8.00000, 32.00000, 0.00000 }, { -9.00000, 32.00000, 0.00000 }, { -9.00000, 32.00000, 0.00000 }, { -9.00000, 32.00000, 0.00000 }, { -9.00000, 30.00000, 0.00000 }, { -9.00000, 30.00000, 0.00000 }, { -9.00000, 30.00000, 0.00000 }, { -16.00000, 30.00000, 0.00000 }, { -16.00000, 30.00000, 0.00000 }, { -16.00000, 30.00000, 0.00000 }, { -16.00000, 0.00000, 0.00000 }, { -16.00000, 0.00000, 0.00000 }, },
			},
		},
	},
	["layout_1"] = {
		models = {
			["asset/ground/barrel_steel.mdl"] = {
				{ 0.14495, -0.98944, 0.00000, 0.00000, 0.98944, 0.14495, -0.00000, 0.00000, 0.00000, 0.00000, 1.00000, 0.00000, 2.35000, 9.30000, -0.00000, 1.00000, },
				{ 0.13706, 0.04719, -0.98944, 0.00000, 0.93553, 0.32213, 0.14495, 0.00000, 0.32557, -0.94552, -0.00000, 0.00000, 0.27000, 9.30000, 0.38000, 1.00000, },
				{ 1.00000, 0.00000, 0.00000, 0.00000, 0.00000, 1.00000, 0.00000, 0.00000, 0.00000, 0.00000, 1.00000, 0.00000, 3.35712, 9.33401, -0.00000, 1.00000, },
				{ 0.19448, -0.98091, 0.00000, 0.00000, 0.98091, 0.19448, -0.00000, 0.00000, 0.00000, 0.00000, 1.00000, 0.00000, 4.25543, 9.29758, -0.00000, 1.00000, },
				{ -0.50462, -0.86334, 0.00000, 0.00000, 0.86334, -0.50462, 0.00000, 0.00000, 0.00000, 0.00000, 1.00000, 0.00000, 5.22589, 9.31842, -0.00000, 1.00000, },
				{ -0.66428, -0.74748, 0.00000, 0.00000, 0.74748, -0.66428, 0.00000, 0.00000, 0.00000, 0.00000, 1.00000, 0.00000, 6.29718, 9.34549, -0.00000, 1.00000, },
				{ -0.20520, -0.97872, -0.00000, 0.00000, 0.97872, -0.20520, -0.00000, 0.00000, -0.00000, -0.00000, 1.00000, 0.00000, 2.34021, 8.38792, -0.00000, 1.00000, },
				{ -0.20520, -0.97872, -0.00000, 0.00000, 0.97872, -0.20520, -0.00000, 0.00000, -0.00000, -0.00000, 1.00000, 0.00000, 6.80000, 26.50000, -0.00000, 1.00000, },
				{ -0.20520, -0.97872, -0.00000, 0.00000, 0.97872, -0.20520, -0.00000, 0.00000, -0.00000, -0.00000, 1.00000, 0.00000, 5.85000, 26.55000, -0.00000, 1.00000, },
				{ 0.72848, -0.68507, 0.00000, 0.00000, 0.68507, 0.72848, 0.00000, 0.00000, -0.00000, 0.00000, 1.00000, 0.00000, 6.40000, 27.35000, -0.00000, 1.00000, },
				{ -0.07143, -0.99745, -0.00000, 0.00000, 0.99745, -0.07143, -0.00000, 0.00000, -0.00000, -0.00000, 1.00000, 0.00000, 3.35815, 8.32599, -0.00000, 1.00000, },
				{ -0.10589, -0.99438, -0.00000, 0.00000, 0.99438, -0.10589, -0.00000, 0.00000, -0.00000, -0.00000, 1.00000, 0.00000, 4.25494, 8.37542, -0.00000, 1.00000, },
				{ -0.35758, -0.93388, 0.00000, 0.00000, 0.93388, -0.35758, 0.00000, 0.00000, 0.00000, 0.00000, 1.00000, 0.00000, 5.32574, 8.35431, -0.00000, 1.00000, },
				{ -0.96016, -0.27947, 0.00000, 0.00000, 0.27947, -0.96016, 0.00000, 0.00000, 0.00000, 0.00000, 1.00000, 0.00000, 6.27301, 8.33891, -0.00000, 1.00000, },
				{ 0.38890, -0.92128, 0.00000, 0.00000, 0.92128, 0.38890, -0.00000, 0.00000, 0.00000, 0.00000, 1.00000, 0.00000, 2.39105, 7.40583, -0.00000, 1.00000, ignore = { 2, 20 }, },
				{ 0.15691, -0.98761, 0.00000, 0.00000, 0.98761, 0.15691, -0.00000, 0.00000, 0.00000, 0.00000, 1.00000, 0.00000, 3.31622, 7.43065, -0.00000, 1.00000, },
				{ -0.38334, -0.92361, 0.00000, 0.00000, 0.92361, -0.38334, 0.00000, 0.00000, 0.00000, 0.00000, 1.00000, 0.00000, 4.29321, 7.35446, -0.00000, 1.00000, },
				{ -0.12075, -0.99268, -0.00000, 0.00000, 0.99268, -0.12075, -0.00000, 0.00000, -0.00000, -0.00000, 1.00000, 0.00000, 5.26288, 7.37495, -0.00000, 1.00000, },
				{ -0.87089, -0.49148, 0.00000, 0.00000, 0.49148, -0.87089, 0.00000, 0.00000, 0.00000, 0.00000, 1.00000, 0.00000, 6.25543, 7.43194, -0.00000, 1.00000, },
				{ -0.57574, -0.81763, 0.00000, 0.00000, 0.81763, -0.57574, 0.00000, 0.00000, 0.00000, 0.00000, 1.00000, 0.00000, 2.46615, 6.51170, -0.00000, 1.00000, ignore = { 3, 20 }, },
				{ -0.32182, -0.94680, 0.00000, 0.00000, 0.94680, -0.32182, 0.00000, 0.00000, 0.00000, 0.00000, 1.00000, 0.00000, 3.36877, 6.48504, -0.00000, 1.00000, },
				{ -0.54154, -0.84067, 0.00000, 0.00000, 0.84067, -0.54154, 0.00000, 0.00000, 0.00000, 0.00000, 1.00000, 0.00000, 4.34827, 6.44365, -0.00000, 1.00000, },
				{ -0.83305, -0.55319, 0.00000, 0.00000, 0.55319, -0.83305, 0.00000, 0.00000, 0.00000, 0.00000, 1.00000, 0.00000, 5.31152, 6.44663, -0.00000, 1.00000, },
				{ 1.00000, 0.00000, 0.00000, 0.00000, 0.00000, 1.00000, 0.00000, 0.00000, 0.00000, 0.00000, 1.00000, 0.00000, 6.24786, 6.40227, -0.00000, 1.00000, },
			},
			["asset/ground/pipe_curve.mdl"] = {
				{ 1.00000, 0.00000, 0.00000, 0.00000, 0.00000, 1.00000, 0.00000, 0.00000, 0.00000, 0.00000, 1.00000, 0.00000, -6.70000, 30.72715, 0.00000, 1.00000, },
				{ -0.00000, -1.00000, 0.00000, 0.00000, 1.00000, -0.00000, 0.00000, 0.00000, 0.00000, 0.00000, 1.00000, 0.00000, -0.40559, 30.72715, 0.00000, 1.00000, },
			},
			["asset/ground/pipe_end.mdl"] = {
				{ -1.00000, -0.00000, -0.00000, 0.00000, 0.00000, -1.00000, 0.00000, 0.00000, -0.00000, 0.00000, 1.00000, 0.00000, -12.52372, 11.63660, 0.00000, 1.00000, align = { -10.90000, 10.85000 }, },
				{ 1.00000, 0.00000, 0.00000, 0.00000, -0.00000, 1.00000, 0.00000, 0.00000, -0.00000, -0.00000, 1.00000, 0.00000, -12.52372, 10.06340, 0.00000, 1.00000, align = { -10.90000, 10.85000 }, },
				{ -1.00000, -0.00000, -0.00000, 0.00000, 0.00000, -1.00000, 0.00000, 0.00000, -0.00000, 0.00000, 1.00000, 0.00000, -12.52372, 24.48660, 0.00000, 1.00000, align = { -10.90000, 23.75000 }, },
				{ 1.00000, 0.00000, 0.00000, 0.00000, -0.00000, 1.00000, 0.00000, 0.00000, -0.00000, -0.00000, 1.00000, 0.00000, -12.52372, 22.91340, 0.00000, 1.00000, align = { -10.90000, 23.75000 }, },
				{ 1.00000, 0.00000, 0.00000, 0.00000, 0.00000, 1.00000, 0.00000, 0.00000, 0.00000, 0.00000, 1.00000, 0.00000, 11.64185, 23.44340, 0.00000, 1.00000, align = { 10.10000, 24.20000 }, },
				{ -1.00000, -0.00000, -0.00000, 0.00000, 0.00000, -1.00000, 0.00000, 0.00000, -0.00000, 0.00000, 1.00000, 0.00000, 11.64185, 25.01660, 0.00000, 1.00000, align = { 10.10000, 24.20000 }, },
				{ -0.00000, -1.00000, 0.00000, 0.00000, 1.00000, -0.00000, 0.00000, 0.00000, 0.00000, 0.00000, 1.00000, 0.00000, -7.75835, 29.15945, 0.00000, 1.00000, },
				{ 1.00000, 0.00000, 0.00000, 0.00000, 0.00000, 1.00000, 0.00000, 0.00000, 0.00000, 0.00000, 1.00000, 0.00000, -5.11970, 28.09559, 0.00000, 1.00000, },
				{ 1.00000, 0.00000, 0.00000, 0.00000, 0.00000, 1.00000, 0.00000, 0.00000, 0.00000, 0.00000, 1.00000, 0.00000, -3.54649, 28.09559, 0.00000, 1.00000, },
				{ 1.00000, 0.00000, 0.00000, 0.00000, 0.00000, 1.00000, 0.00000, 0.00000, 0.00000, 0.00000, 1.00000, 0.00000, -1.97329, 28.09559, 0.00000, 1.00000, },
				{ 1.00000, 0.00000, 0.00000, 0.00000, 0.00000, 1.00000, 0.00000, 0.00000, 0.00000, 0.00000, 1.00000, 0.00000, -0.40559, 28.36024, 0.00000, 1.00000, },
			},
			["asset/ground/pipe_straight.mdl"] = {
				{ 0.00000, -1.00000, -0.00000, 0.00000, 1.00000, 0.00000, 0.00000, 0.00000, 0.00000, -0.00000, 1.00000, 0.00000, -9.82883, 10.85000, -0.00000, 1.00000, align = { -10.90000, 10.85000 }, },
				{ 0.00000, -1.00000, -0.00000, 0.00000, 1.00000, 0.00000, 0.00000, 0.00000, 0.00000, -0.00000, 1.00000, 0.00000, -9.82883, 23.70000, -0.00000, 1.00000, align = { -10.90000, 23.75000 }, },
				{ -0.00000, 1.00000, -0.00000, 0.00000, -1.00000, -0.00000, 0.00000, 0.00000, -0.00000, 0.00000, 1.00000, 0.00000, 8.94696, 24.23000, -0.00000, 1.00000, align = { 10.10000, 24.20000 }, },
				{ 1.00000, 0.00000, 0.00000, 0.00000, 0.00000, 1.00000, 0.00000, 0.00000, 0.00000, 0.00000, 1.00000, 0.00000, -6.70000, 25.16311, 0.00000, 1.00000, },
			},
			["asset/ground/pipe_t.mdl"] = {
				{ 1.00000, 0.00000, -0.00000, 0.00000, -0.00000, 1.00000, 0.00000, 0.00000, 0.00000, -0.00000, 1.00000, 0.00000, -12.52372, 10.85000, -0.00000, 1.00000, align = { -10.90000, 10.85000 }, },
				{ 1.00000, 0.00000, -0.00000, 0.00000, -0.00000, 1.00000, 0.00000, 0.00000, 0.00000, -0.00000, 1.00000, 0.00000, -12.52372, 23.70000, -0.00000, 1.00000, align = { -10.90000, 23.75000 }, },
				{ -1.00000, -0.00000, -0.00000, 0.00000, 0.00000, -1.00000, 0.00000, 0.00000, -0.00000, 0.00000, 1.00000, 0.00000, 11.64185, 24.23000, -0.00000, 1.00000, align = { 10.10000, 24.20000 }, },
				{ -1.00000, -0.00000, -0.00000, 0.00000, 0.00000, -1.00000, 0.00000, 0.00000, -0.00000, 0.00000, 1.00000, 0.00000, -6.70000, 29.15945, 0.00000, 1.00000, },
				{ 0.00000, -1.00000, 0.00000, 0.00000, 1.00000, 0.00000, 0.00000, 0.00000, -0.00000, -0.00000, 1.00000, 0.00000, -5.11970, 30.72715, 0.00000, 1.00000, },
				{ 0.00000, -1.00000, 0.00000, 0.00000, 1.00000, 0.00000, 0.00000, 0.00000, -0.00000, -0.00000, 1.00000, 0.00000, -3.54649, 30.72715, 0.00000, 1.00000, },
				{ 0.00000, -1.00000, 0.00000, 0.00000, 1.00000, 0.00000, 0.00000, 0.00000, -0.00000, -0.00000, 1.00000, 0.00000, -1.97329, 30.72715, 0.00000, 1.00000, },
			},
			["asset/ground/pipe_valve.mdl"] = {
				{ 1.00000, 0.00000, 0.00000, 0.00000, 0.00000, 1.00000, 0.00000, 0.00000, 0.00000, 0.00000, 1.00000, 0.00000, -6.70000, 28.37285, 0.00000, 1.00000, },
				{ 1.00000, 0.00000, 0.00000, 0.00000, 0.00000, 1.00000, 0.00000, 0.00000, 0.00000, 0.00000, 1.00000, 0.00000, -5.11970, 29.66880, 0.00000, 1.00000, },
				{ 1.00000, 0.00000, 0.00000, 0.00000, 0.00000, 1.00000, 0.00000, 0.00000, 0.00000, 0.00000, 1.00000, 0.00000, -3.54649, 29.66880, 0.00000, 1.00000, },
				{ 1.00000, 0.00000, 0.00000, 0.00000, 0.00000, 1.00000, 0.00000, 0.00000, 0.00000, 0.00000, 1.00000, 0.00000, -1.97329, 29.66880, 0.00000, 1.00000, },
				{ 1.00000, 0.00000, 0.00000, 0.00000, 0.00000, 1.00000, 0.00000, 0.00000, 0.00000, 0.00000, 1.00000, 0.00000, -0.40559, 29.93345, 0.00000, 1.00000, },
			},
			["industry/farm/fence.mdl"] = {
				{ -0.00000, -1.00000, 0.00000, 0.00000, 1.00000, -0.00000, 0.00000, 0.00000, 0.00000, 0.00000, 1.00000, 0.00000, -0.10000, 7.85000, -0.00000, 1.00000, },
				{ 0.00000, 1.00000, 0.00000, 0.00000, -1.00000, 0.00000, 0.00000, 0.00000, 0.00000, 0.00000, 1.00000, 0.00000, 7.10000, 7.85000, -0.00000, 1.00000, },
				{ 1.00000, -0.00000, 0.00000, 0.00000, 0.00000, 1.00000, 0.00000, 0.00000, 0.00000, 0.00000, 1.00000, 0.00000, 4.90000, 5.85000, -0.00000, 1.00000, },
			},
			["station/rail/asset/cargo_lamps.mdl"] = {
				{ -0.00000, -1.00000, 0.00000, 0.00000, 1.00000, -0.00000, 0.00000, 0.00000, 0.00000, 0.00000, 1.00000, 0.00000, -3.45000, 9.50000, -0.00000, 1.00000, },
				{ 1.00000, 0.00000, 0.00000, 0.00000, 0.00000, 1.00000, 0.00000, 0.00000, 0.00000, 0.00000, 1.00000, 0.00000, 7.80000, 12.60000, -0.00000, 1.00000, },
			},
		},
		groups = {
			["era_a_ind_random_vertical_tank.grp"] = {
				{ -1.00000, -0.00000, 0.00000, 0.00000, 0.00000, -1.00000, -0.00000, 0.00000, 0.00000, -0.00000, 1.00000, 0.00000, -12.55000, 13.54000, 0.00000, 1.00000, align = { -10.90000, 10.85000 }, seed = 1, },
				{ -1.00000, -0.00000, 0.00000, 0.00000, 0.00000, -1.00000, -0.00000, 0.00000, 0.00000, -0.00000, 1.00000, 0.00000, -12.55000, 8.13000, 0.00000, 1.00000, align = { -10.90000, 10.85000 }, seed = 1, },
				{ -1.00000, -0.00000, 0.00000, 0.00000, 0.00000, -1.00000, -0.00000, 0.00000, 0.00000, -0.00000, 1.00000, 0.00000, -12.55000, 26.45000, 0.00000, 1.00000, align = { -10.90000, 23.75000 }, seed = 2, },
				{ -1.00000, -0.00000, 0.00000, 0.00000, 0.00000, -1.00000, -0.00000, 0.00000, 0.00000, -0.00000, 1.00000, 0.00000, -12.55000, 20.95000, 0.00000, 1.00000, align = { -10.90000, 23.75000 }, seed = 2, },
				{ -0.00000, 1.00000, 0.00000, 0.00000, -1.00000, -0.00000, 0.00000, 0.00000, 0.00000, 0.00000, 1.00000, 0.00000, 11.92000, 26.90000, 0.00000, 1.00000, align = { 10.10000, 24.20000 }, seed = 3, },
				{ -1.00000, -0.00000, 0.00000, 0.00000, 0.00000, -1.00000, -0.00000, 0.00000, 0.00000, -0.00000, 1.00000, 0.00000, 11.92000, 21.50000, 0.00000, 1.00000, align = { 10.10000, 24.20000 }, seed = 3, },
			},
		},
	},
}
--End Generated

function data()
	return townbuildingutil.make_building2(
		{ { -4.60, -0.10 }, { 4.60, -0.10 }, { 4.60, 9.10 }, { -4.60, 9.10 } },
		"INDUSTRIAL", 
		"A", 
		1,
		{ 4, 4 },
		generatedData,
		"construction/building/era_a/ind_1_4x4_03.gtex"
	)
end
