local townbuildingutil = require "townbuildingutil"

--Model file: "building/era_a/ind_2_2x3_02.mdl"

--Begin Generated
local generatedData = {
	["base"] = {
		models = {
			["building/era_a/ind_2_2x3_02.mdl"] = {
				{ 1.00000, 0.00000, 0.00000, 0.00000, 0.00000, 1.00000, 0.00000, 0.00000, 0.00000, 0.00000, 1.00000, 0.00000, 0.00000, 0.00000, 0.00000, 1.00000, },
			},
		},
		curves = {
			["scaffold"] = {
				{ { 6.83386, 10.28029, 0.00000 }, { 6.83386, 10.28029, 0.00000 }, { 6.83386, 20.87036, 0.00000 }, { 6.83386, 20.87036, 0.00000 }, { 6.83386, 20.87036, 0.00000 }, { 3.30493, 20.87036, 0.00000 }, { 3.30493, 20.87036, 0.00000 }, { 3.30493, 20.87036, 0.00000 }, { 3.30493, 18.75507, 0.00000 }, { 3.30493, 18.75507, 0.00000 }, { 3.30493, 18.75507, 0.00000 }, { -2.53784, 18.75505, 0.00000 }, { -2.53784, 18.75505, 0.00000 }, { -2.53784, 18.75505, 0.00000 }, { -2.53784, 20.87036, 0.00000 }, { -2.53784, 20.87036, 0.00000 }, { -2.53784, 20.87036, 0.00000 }, { -6.12891, 20.87036, 0.00000 }, { -6.12891, 20.87036, 0.00000 }, { -6.12891, 20.87036, 0.00000 }, { -6.12903, 10.28029, 0.00000 }, { -6.12903, 10.28029, 0.00000 }, },
			},
			["shared/asphalt_02.gtex.lua;shared/dirt.gtex.lua;shared/asphalt_03.gtex.lua"] = {
				{ { 8.00000, 0.00000, 0.00000 }, { 8.00000, 0.00000, 0.00000 }, { 8.00000, 22.00000, 0.00000 }, { 8.00000, 22.00000, 0.00000 }, { 8.00000, 22.00000, 0.00000 }, { 3.00000, 22.00000, 0.00000 }, { 3.00000, 22.00000, 0.00000 }, { 3.00000, 22.00000, 0.00000 }, { 3.00000, 24.00000, 0.00000 }, { 3.00000, 24.00000, 0.00000 }, { 3.00000, 24.00000, 0.00000 }, { -3.00000, 24.00000, 0.00000 }, { -3.00000, 24.00000, 0.00000 }, { -3.00000, 24.00000, 0.00000 }, { -3.00000, 22.00000, 0.00000 }, { -3.00000, 22.00000, 0.00000 }, { -3.00000, 22.00000, 0.00000 }, { -8.00000, 22.00000, 0.00000 }, { -8.00000, 22.00000, 0.00000 }, { -8.00000, 22.00000, 0.00000 }, { -8.00000, 0.00000, 0.00000 }, { -8.00000, 0.00000, 0.00000 }, },
			},
		},
	},
	["layout_1"] = {
		models = {
			["asset/ground/barrel_steel.mdl"] = {
				{ -0.00000, 0.00000, -1.00000, 0.00000, 0.00000, 1.00000, 0.00000, 0.00000, 1.00000, 0.00000, -0.00000, 0.00000, 5.68000, 9.42001, 3.54966, 1.00000, align = { 6.20000, 7.80000 }, },
				{ 0.00000, 0.97667, 0.21474, 0.00000, 0.00000, -0.21474, 0.97667, 0.00000, 1.00000, 0.00000, -0.00000, 0.00000, 5.74000, 8.65442, 3.48556, 1.00000, align = { 6.20000, 7.80000 }, },
				{ -0.00000, 0.00000, -1.00000, 0.00000, 0.00000, 1.00000, 0.00000, 0.00000, 1.00000, 0.00000, -0.00000, 0.00000, 5.68000, 7.83784, 3.50976, 1.00000, align = { 6.20000, 7.80000 }, },
				{ 0.00000, 0.97667, 0.21474, 0.00000, 0.00000, -0.21474, 0.97667, 0.00000, 1.00000, 0.00000, -0.00000, 0.00000, 5.74000, 7.04088, 3.52732, 1.00000, align = { 6.20000, 7.80000 }, },
				{ -0.00000, 0.00000, -1.00000, 0.00000, 0.00000, 1.00000, 0.00000, 0.00000, 1.00000, 0.00000, -0.00000, 0.00000, 5.74000, 6.16121, 3.53490, 1.00000, align = { 6.20000, 7.80000 }, },
				{ -0.00000, 0.00000, -1.00000, 0.00000, 0.00000, 1.00000, 0.00000, 0.00000, 1.00000, 0.00000, -0.00000, 0.00000, 5.84000, 6.58000, 4.20000, 1.00000, align = { 6.20000, 7.80000 }, ignore = { 3, 20 }, },
				{ -0.00000, 0.00000, -1.00000, 0.00000, 0.00000, 1.00000, 0.00000, 0.00000, 1.00000, 0.00000, -0.00000, 0.00000, 5.74000, 7.46434, 4.18634, 1.00000, align = { 6.20000, 7.80000 }, ignore = { 4, 20 }, },
				{ -0.00000, 0.00000, -1.00000, 0.00000, 0.00000, 1.00000, 0.00000, 0.00000, 1.00000, 0.00000, -0.00000, 0.00000, 5.82000, 8.25000, 4.20000, 1.00000, align = { 6.20000, 7.80000 }, ignore = { 5, 20 }, },
				{ -0.00000, 0.00000, -1.00000, 0.00000, 0.00000, 1.00000, 0.00000, 0.00000, 1.00000, 0.00000, -0.00000, 0.00000, 5.74000, 9.02224, 4.19832, 1.00000, align = { 6.20000, 7.80000 }, ignore = { 6, 20 }, },
				{ 1.00000, 0.00000, 0.00000, 0.00000, 0.00000, 1.00000, 0.00000, 0.00000, 0.00000, 0.00000, 1.00000, 0.00000, 5.36000, 9.37000, 0.00000, 1.00000, },
				{ 1.00000, 0.00000, 0.00000, 0.00000, 0.00000, 1.00000, 0.00000, 0.00000, 0.00000, 0.00000, 1.00000, 0.00000, 6.14029, 9.74931, 0.00000, 1.00000, },
				{ 1.00000, 0.00000, 0.00000, 0.00000, 0.00000, 1.00000, 0.00000, 0.00000, 0.00000, 0.00000, 1.00000, 0.00000, 7.04784, 9.41956, 0.00000, 1.00000, },
				{ 0.00960, 0.99995, 0.00000, 0.00000, -0.99995, 0.00960, 0.00000, 0.00000, 0.00000, 0.00000, 1.00000, 0.00000, 5.36717, 8.57713, 0.00000, 1.00000, },
				{ 1.00000, 0.00000, 0.00000, 0.00000, 0.00000, 1.00000, 0.00000, 0.00000, 0.00000, 0.00000, 1.00000, 0.00000, 6.21712, 8.93923, 0.00000, 1.00000, },
				{ 0.00960, 0.99995, 0.00000, 0.00000, -0.99995, 0.00960, 0.00000, 0.00000, 0.00000, 0.00000, 1.00000, 0.00000, 6.96548, 8.62280, 0.00000, 1.00000, },
				{ 1.00000, 0.00000, 0.00000, 0.00000, 0.00000, 1.00000, 0.00000, 0.00000, 0.00000, 0.00000, 1.00000, 0.00000, 5.35023, 7.80313, 0.00000, 1.00000, },
				{ 1.00000, 0.00000, 0.00000, 0.00000, 0.00000, 1.00000, 0.00000, 0.00000, 0.00000, 0.00000, 1.00000, 0.00000, 6.21817, 8.08120, 0.00000, 1.00000, },
				{ 1.00000, 0.00000, 0.00000, 0.00000, 0.00000, 1.00000, 0.00000, 0.00000, 0.00000, 0.00000, 1.00000, 0.00000, 6.96497, 7.85063, 0.00000, 1.00000, },
				{ 1.00000, 0.00000, 0.00000, 0.00000, 0.00000, 1.00000, 0.00000, 0.00000, 0.00000, 0.00000, 1.00000, 0.00000, 5.40108, 6.97104, 0.00000, 1.00000, },
				{ 1.00000, 0.00000, 0.00000, 0.00000, 0.00000, 1.00000, 0.00000, 0.00000, 0.00000, 0.00000, 1.00000, 0.00000, 6.17625, 7.33586, 0.00000, 1.00000, },
				{ 1.00000, 0.00000, 0.00000, 0.00000, 0.00000, 1.00000, 0.00000, 0.00000, 0.00000, 0.00000, 1.00000, 0.00000, 7.00327, 6.97968, 0.00000, 1.00000, },
				{ 0.25545, 0.96682, 0.00000, 0.00000, -0.96682, 0.25545, 0.00000, 0.00000, 0.00000, 0.00000, 1.00000, 0.00000, 5.25044, 4.75757, 0.00000, 1.00000, ignore = { 7, 20 }, },
				{ 1.00000, 0.00000, 0.00000, 0.00000, 0.00000, 1.00000, 0.00000, 0.00000, 0.00000, 0.00000, 1.00000, 0.00000, 6.17049, 5.12138, 0.00000, 1.00000, },
				{ 1.00000, 0.00000, 0.00000, 0.00000, 0.00000, 1.00000, 0.00000, 0.00000, 0.00000, 0.00000, 1.00000, 0.00000, 7.00000, 4.80000, 0.00000, 1.00000, ignore = { 8, 20 }, },
				{ 0.00960, 0.99995, 0.00000, 0.00000, -0.99995, 0.00960, 0.00000, 0.00000, 0.00000, 0.00000, 1.00000, 0.00000, 6.16000, 6.44000, 0.00000, 1.00000, },
			},
			["asset/ground/barrel_wood.mdl"] = {
				{ 1.00000, 0.00000, 0.00000, 0.00000, 0.00000, 1.00000, 0.00000, 0.00000, 0.00000, 0.00000, 1.00000, 0.00000, -5.75000, 9.25000, -0.00000, 1.00000, ignore = { 2, 20 }, },
				{ 1.00000, 0.00000, 0.00000, 0.00000, 0.00000, 1.00000, 0.00000, 0.00000, 0.00000, 0.00000, 1.00000, 0.00000, -4.65649, 9.28931, -0.00000, 1.00000, },
				{ 0.67164, -0.74088, 0.00000, 0.00000, 0.74088, 0.67164, 0.00000, 0.00000, 0.00000, 0.00000, 1.00000, 0.00000, -3.43571, 9.23956, -0.00000, 1.00000, },
				{ 0.64666, -0.76278, 0.00000, 0.00000, 0.76278, 0.64666, 0.00000, 0.00000, 0.00000, 0.00000, 1.00000, 0.00000, -2.29655, 9.20742, -0.00000, 1.00000, },
				{ 0.71860, -0.69543, 0.00000, 0.00000, 0.69543, 0.71860, 0.00000, 0.00000, 0.00000, 0.00000, 1.00000, 0.00000, -1.21396, 9.20628, -0.00000, 1.00000, ignore = { 9, 20 }, },
				{ -0.27500, -0.96144, 0.00000, 0.00000, 0.96144, -0.27500, 0.00000, 0.00000, 0.00000, 0.00000, 1.00000, 0.00000, -5.74283, 8.15231, -0.00000, 1.00000, },
				{ -0.65785, -0.75315, 0.00000, 0.00000, 0.75315, -0.65785, 0.00000, 0.00000, 0.00000, 0.00000, 1.00000, 0.00000, -4.57965, 8.17441, -0.00000, 1.00000, },
				{ -0.57476, -0.81832, 0.00000, 0.00000, 0.81832, -0.57476, 0.00000, 0.00000, 0.00000, 0.00000, 1.00000, 0.00000, -3.51807, 8.13797, -0.00000, 1.00000, },
				{ -0.87566, -0.48292, 0.00000, 0.00000, 0.48292, -0.87566, 0.00000, 0.00000, 0.00000, 0.00000, 1.00000, 0.00000, -2.38438, 8.15881, -0.00000, 1.00000, },
				{ -0.91495, -0.40357, 0.00000, 0.00000, 0.40357, -0.91495, 0.00000, 0.00000, 0.00000, 0.00000, 1.00000, 0.00000, -1.14986, 8.18588, -0.00000, 1.00000, },
				{ -0.42437, -0.90549, 0.00000, 0.00000, 0.90549, -0.42437, 0.00000, 0.00000, 0.00000, 0.00000, 1.00000, 0.00000, -5.75977, 7.07349, -0.00000, 1.00000, },
				{ 0.25059, -0.96809, 0.00000, 0.00000, 0.96809, 0.25059, 0.00000, 0.00000, 0.00000, 0.00000, 1.00000, 0.00000, -4.57861, 7.01156, -0.00000, 1.00000, },
				{ -0.09975, -0.99501, 0.00000, 0.00000, 0.99501, -0.09975, 0.00000, 0.00000, 0.00000, 0.00000, 1.00000, 0.00000, -3.51859, 7.06100, -0.00000, 1.00000, },
				{ -0.75907, -0.65100, 0.00000, 0.00000, 0.65100, -0.75907, 0.00000, 0.00000, 0.00000, 0.00000, 1.00000, 0.00000, -2.28456, 7.03989, -0.00000, 1.00000, },
				{ -0.18613, -0.98253, 0.00000, 0.00000, 0.98253, -0.18613, 0.00000, 0.00000, 0.00000, 0.00000, 1.00000, 0.00000, -1.17406, 7.02449, -0.00000, 1.00000, },
				{ -0.93890, -0.34418, 0.00000, 0.00000, 0.34418, -0.93890, 0.00000, 0.00000, 0.00000, 0.00000, 1.00000, 0.00000, -5.70892, 5.93658, -0.00000, 1.00000, },
				{ -0.15513, -0.98789, 0.00000, 0.00000, 0.98789, -0.15513, 0.00000, 0.00000, 0.00000, 0.00000, 1.00000, 0.00000, -4.62053, 5.96141, -0.00000, 1.00000, },
				{ -0.67324, -0.73943, 0.00000, 0.00000, 0.73943, -0.67324, 0.00000, 0.00000, 0.00000, 0.00000, 1.00000, 0.00000, -3.48027, 5.88522, -0.00000, 1.00000, },
				{ -0.94969, -0.31318, 0.00000, 0.00000, 0.31318, -0.94969, 0.00000, 0.00000, 0.00000, 0.00000, 1.00000, 0.00000, -2.34738, 5.90571, -0.00000, 1.00000, },
				{ 0.05735, -0.99835, 0.00000, 0.00000, 0.99835, 0.05735, 0.00000, 0.00000, 0.00000, 0.00000, 1.00000, 0.00000, -1.19162, 5.96269, -0.00000, 1.00000, },
				{ 0.76162, -0.64802, 0.00000, 0.00000, 0.64802, 0.76162, 0.00000, 0.00000, 0.00000, 0.00000, 1.00000, 0.00000, -5.80124, 4.83716, -0.00000, 1.00000, ignore = { 10, 20 }, },
				{ -0.75043, 0.66095, 0.00000, 0.00000, -0.66095, -0.75043, 0.00000, 0.00000, 0.00000, 0.00000, 1.00000, 0.00000, -4.56796, 4.86097, -0.00000, 1.00000, },
				{ -0.73397, -0.67918, 0.00000, 0.00000, 0.67918, -0.73397, 0.00000, 0.00000, 0.00000, 0.00000, 1.00000, 0.00000, -3.42523, 4.81959, -0.00000, 1.00000, },
				{ 0.15673, -0.98764, 0.00000, 0.00000, 0.98764, 0.15673, 0.00000, 0.00000, 0.00000, 0.00000, 1.00000, 0.00000, -2.29874, 4.82257, -0.00000, 1.00000, },
				{ -0.69302, -0.72092, 0.00000, 0.00000, 0.72092, -0.69302, 0.00000, 0.00000, 0.00000, 0.00000, 1.00000, 0.00000, -1.19920, 4.77821, -0.00000, 1.00000, ignore = { 11, 20 }, },
			},
			["asset/industry/wooden_shed_02.mdl"] = {
				{ -0.00000, -1.00000, 0.00000, 0.00000, 1.00000, -0.00000, -0.00000, 0.00000, 0.00000, -0.00000, 1.00000, 0.00000, 6.20000, 7.80000, 0.00000, 1.00000, align = { 6.20000, 7.80000 }, },
			},
		},
		groups = {
			["era_a_ind_random_vertical_tank.grp"] = {
				{ 1.00000, 0.00000, 0.00000, 0.00000, 0.00000, 1.00000, 0.00000, 0.00000, 0.00000, 0.00000, 1.00000, 0.00000, 0.30000, 21.00000, 0.00000, 1.00000, },
			},
		},
	},
}
--End Generated

function data()
	return townbuildingutil.make_building2(
		{ { -4.60, -0.10 }, { 4.60, -0.10 }, { 4.60, 9.10 }, { -4.60, 9.10 } },
		"INDUSTRIAL", 
		"A", 
		2,
		{ 2, 3 },
		generatedData,
		"construction/building/era_a/ind_2_2x3_02.gtex"
	)
end
