local townbuildingutil = require "townbuildingutil"

--Model file: "building/era_a/ind_1_4x4_02.mdl"

--Begin Generated
local generatedData = {
	["base"] = {
		models = {
			["building/era_a/ind_1_4x4_02.mdl"] = {
				{ 1.00000, 0.00000, 0.00000, 0.00000, 0.00000, 1.00000, 0.00000, 0.00000, 0.00000, 0.00000, 1.00000, 0.00000, 4.00000, 0.00000, 0.00000, 1.00000, },
			},
		},
		curves = {
			["scaffold"] = {
				{ { -1.43726, 11.31369, 0.00000 }, { -1.43726, 11.31369, 0.00000 }, { -1.43726, 14.86038, 0.00000 }, { -1.43726, 14.86038, 0.00000 }, { -1.43726, 14.86038, 0.00000 }, { 9.51563, 14.87953, 0.00000 }, { 9.51563, 14.87953, 0.00000 }, { 9.51563, 14.87953, 0.00000 }, { 9.51514, 25.99611, 0.00000 }, { 9.51514, 25.99611, 0.00000 }, { 9.51514, 25.99611, 0.00000 }, { -8.24805, 25.99611, 0.00000 }, { -8.24805, 25.99611, 0.00000 }, { -8.24805, 25.99611, 0.00000 }, { -8.24805, 14.87902, 0.00000 }, { -8.24805, 14.87902, 0.00000 }, { -8.24805, 14.87902, 0.00000 }, { -7.39404, 14.87902, 0.00000 }, { -7.39404, 14.87902, 0.00000 }, { -7.39404, 14.87902, 0.00000 }, { -7.39404, 11.31362, 0.00000 }, { -7.39404, 11.31362, 0.00000 }, },
			},
			["shared/asphalt_02.gtex.lua;shared/dirt.gtex.lua;shared/asphalt_03.gtex.lua"] = {
				{ { 16.00000, 0.00000, 0.00000 }, { 16.00000, 0.00000, 0.00000 }, { 16.00000, 27.00000, 0.00000 }, { 16.00000, 27.00000, 0.00000 }, { 16.00000, 27.00000, 0.00000 }, { 16.00000, 30.00000, 0.00000 }, { 16.00000, 30.00000, 0.00000 }, { 16.00000, 30.00000, 0.00000 }, { 16.00000, 32.00000, 0.00000 }, { 16.00000, 32.00000, 0.00000 }, { 16.00000, 32.00000, 0.00000 }, { -10.00000, 32.00000, 0.00000 }, { -10.00000, 32.00000, 0.00000 }, { -10.00000, 32.00000, 0.00000 }, { -10.00000, 22.00000, 0.00000 }, { -10.00000, 22.00000, 0.00000 }, { -10.00000, 22.00000, 0.00000 }, { -16.00000, 22.00000, 0.00000 }, { -16.00000, 22.00000, 0.00000 }, { -16.00000, 22.00000, 0.00000 }, { -16.00000, 0.00000, 0.00000 }, { -16.00000, 0.00000, 0.00000 }, },
			},
		},
	},
	["layout_1"] = {
		models = {
			["asset/construction/scaffolding/era_a_normal.mdl"] = {
				{ 1.00000, 0.00000, 0.00000, 0.00000, 0.00000, 1.00000, 0.00000, 0.00000, 0.00000, 0.00000, 1.00000, 0.00000, 11.06000, 5.00000, 0.00000, 1.00000, },
				{ 1.00000, 0.00000, 0.00000, 0.00000, 0.00000, 1.00000, 0.00000, 0.00000, 0.00000, 0.00000, 1.00000, 0.00000, -1.09000, 5.00000, 0.00000, 1.00000, align = { -1.09000, 5.00000 }, },
				{ -1.00000, -0.00000, -0.00000, 0.00000, 0.00000, -1.00000, 0.00000, 0.00000, -0.00000, 0.00000, 1.00000, 0.00000, 0.35000, 5.00000, 0.00000, 1.00000, align = { 0.35000, 5.00000 }, },
				{ 1.00000, 0.00000, 0.00000, 0.00000, 0.00000, 1.00000, 0.00000, 0.00000, 0.00000, 0.00000, 1.00000, 0.00000, 4.46000, 5.00000, 0.00000, 1.00000, align = { 4.46000, 5.00000 }, },
				{ 1.00000, 0.00000, 0.00000, 0.00000, 0.00000, 1.00000, 0.00000, 0.00000, 0.00000, 0.00000, 1.00000, 0.00000, 4.46000, 8.20000, 0.00000, 1.00000, align = { 4.46000, 8.20000 }, },
				{ -1.00000, -0.00000, -0.00000, 0.00000, 0.00000, -1.00000, 0.00000, 0.00000, -0.00000, 0.00000, 1.00000, 0.00000, 5.90000, 5.00000, 0.00000, 1.00000, align = { 5.90000, 5.00000 }, },
				{ -1.00000, -0.00000, -0.00000, 0.00000, 0.00000, -1.00000, 0.00000, 0.00000, -0.00000, 0.00000, 1.00000, 0.00000, 5.90000, 8.20000, 0.00000, 1.00000, align = { 5.90000, 8.20000 }, },
				{ 1.00000, 0.00000, 0.00000, 0.00000, 0.00000, 1.00000, 0.00000, 0.00000, 0.00000, 0.00000, 1.00000, 0.00000, 11.06000, 8.20000, 0.00000, 1.00000, align = { 11.06000, 8.20000 }, },
				{ -1.00000, -0.00000, -0.00000, 0.00000, 0.00000, -1.00000, 0.00000, 0.00000, -0.00000, 0.00000, 1.00000, 0.00000, 12.50000, 5.00000, 0.00000, 1.00000, align = { 12.50000, 5.00000 }, },
				{ 1.00000, 0.00000, 0.00000, 0.00000, 0.00000, 1.00000, 0.00000, 0.00000, 0.00000, 0.00000, 1.00000, 0.00000, -8.20000, 13.20000, 0.00000, 1.00000, },
				{ -1.00000, -0.00000, 0.00000, 0.00000, 0.00000, -1.00000, 0.00000, 0.00000, 0.00000, 0.00000, 1.00000, 0.00000, 12.50000, 8.20000, 0.00000, 1.00000, },
			},
			["asset/ground/container_hexagon.mdl"] = {
				{ 0.99756, -0.06976, 0.00000, 0.00000, 0.06976, 0.99756, 0.00000, 0.00000, 0.00000, 0.00000, 1.00000, 0.00000, 14.30000, 21.60000, -0.00000, 1.00000, ignore = { 2, 20 }, },
				{ 1.00000, 0.00000, 0.00000, 0.00000, 0.00000, 1.00000, 0.00000, 0.00000, 0.00000, 0.00000, 1.00000, 0.00000, 14.15000, 28.30000, -0.00000, 1.00000, ignore = { 3, 20 }, },
			},
			["asset/industry/loose_wood_02.mdl"] = {
				{ 0.99619, -0.08716, 0.00000, 0.00000, 0.08716, 0.99619, 0.00000, 0.00000, 0.00000, 0.00000, 1.00000, 0.00000, 7.10000, 26.60000, 0.00000, 1.00000, ignore = { 24, 20 }, },
				{ -0.99619, 0.08716, 0.00000, 0.00000, -0.08716, -0.99619, -0.00000, 0.00000, 0.00000, -0.00000, 1.00000, 0.00000, 3.70000, 26.60000, 0.00000, 1.00000, ignore = { 25, 20 }, },
				{ -0.99619, 0.08716, 0.00000, 0.00000, -0.08716, -0.99619, -0.00000, 0.00000, 0.00000, -0.00000, 1.00000, 0.00000, 0.28000, 26.82000, 0.00000, 1.00000, },
				{ -0.99619, -0.08716, -0.00000, 0.00000, -0.08716, 0.99619, 0.00000, 0.00000, 0.00000, 0.00000, -1.00000, 0.00000, 0.28000, 26.25000, 0.48000, 1.00000, },
			},
			["asset/industry/pallet_01.mdl"] = {
				{ 0.06976, 0.99756, 0.00000, 0.00000, -0.99756, 0.06976, 0.00000, 0.00000, 0.00000, 0.00000, 1.00000, 0.00000, 0.40000, 5.57000, 2.07000, 1.00000, align = { 0.35000, 5.00000 }, },
				{ 0.00873, 0.99996, 0.00000, 0.00000, -0.99996, 0.00873, 0.00000, 0.00000, 0.00000, 0.00000, 1.00000, 0.00000, 0.44000, 4.28000, 2.07000, 1.00000, align = { 0.35000, 5.00000 }, },
				{ -0.00000, 1.00000, 0.00000, 0.00000, -1.00000, -0.00000, 0.00000, 0.00000, 0.00000, 0.00000, 1.00000, 0.00000, 0.52000, 4.20000, 0.00000, 1.00000, },
				{ -0.00000, 1.00000, 0.00000, 0.00000, -1.00000, -0.00000, 0.00000, 0.00000, 0.00000, 0.00000, 1.00000, 0.00000, -9.00000, 3.70000, 0.00000, 1.00000, },
				{ -0.00000, 1.00000, 0.00000, 0.00000, -1.00000, -0.00000, 0.00000, 0.00000, 0.00000, 0.00000, 1.00000, 0.00000, -1.20000, 5.85000, 0.00000, 1.00000, },
				{ -0.00253, -0.54714, -0.83704, 0.00000, -0.99909, -0.03422, 0.02539, 0.00000, -0.04254, 0.83634, -0.54656, 0.00000, -1.13000, 6.06499, 0.64000, 1.00000, },
				{ -0.00000, 1.00000, 0.00000, 0.00000, -1.00000, -0.00000, 0.00000, 0.00000, 0.00000, 0.00000, 1.00000, 0.00000, 0.52000, 5.57000, 0.00000, 1.00000, },
			},
			["asset/industry/wooden_box_02.mdl"] = {
				{ -0.00000, 1.00000, -0.00000, 0.00000, -1.00000, -0.00000, 0.00000, 0.00000, -0.00000, 0.00000, 1.00000, 0.00000, -1.12000, 4.83000, 2.08000, 1.00000, align = { -1.09000, 5.00000 }, ignore = { 4, 20 }, },
				{ -0.00000, 1.00000, -0.00000, 0.00000, -1.00000, -0.00000, 0.00000, 0.00000, -0.00000, 0.00000, 1.00000, 0.00000, -1.12000, 5.85000, 2.08000, 1.00000, align = { -1.09000, 5.00000 }, ignore = { 5, 20 }, },
				{ 0.06976, 0.99756, 0.00000, 0.00000, -0.99756, 0.06976, 0.00000, 0.00000, 0.00000, 0.00000, 1.00000, 0.00000, 0.40000, 5.57000, 2.21000, 1.00000, align = { 0.35000, 5.00000 }, },
				{ -0.00000, 0.00000, 1.00000, 0.00000, 0.00000, 1.00000, 0.00000, 0.00000, -1.00000, 0.00000, -0.00000, 0.00000, 4.96000, 4.38000, 2.54000, 1.00000, align = { 4.46000, 5.00000 }, ignore = { 6, 20 }, },
				{ -0.00000, 0.00000, 1.00000, 0.00000, -0.16505, 0.98629, -0.00000, 0.00000, -0.98629, -0.16505, -0.00000, 0.00000, 4.90082, 5.87010, 2.54000, 1.00000, align = { 4.46000, 5.00000 }, ignore = { 7, 20 }, },
				{ 0.99914, 0.04153, -0.00000, 0.00000, -0.04153, 0.99914, 0.00000, 0.00000, 0.00000, 0.00000, 1.00000, 0.00000, 4.43978, 7.47231, 2.06000, 1.00000, align = { 4.46000, 8.20000 }, ignore = { 8, 20 }, },
				{ 0.99960, -0.02827, -0.00000, 0.00000, 0.02827, 0.99960, -0.00000, 0.00000, 0.00000, -0.00000, 1.00000, 0.00000, 4.46431, 8.71224, 2.06000, 1.00000, align = { 4.46000, 8.20000 }, ignore = { 9, 20 }, },
				{ 1.00000, 0.00000, 0.00000, 0.00000, 0.00000, 1.00000, 0.00000, 0.00000, 0.00000, 0.00000, 1.00000, 0.00000, 5.94667, 4.38000, 2.07000, 1.00000, align = { 5.90000, 5.00000 }, ignore = { 10, 20 }, },
				{ -0.03176, -0.99950, -0.00000, 0.00000, 0.99950, -0.03176, 0.00000, 0.00000, -0.00000, 0.00000, 1.00000, 0.00000, 6.01000, 8.64000, 2.07000, 1.00000, align = { 5.90000, 8.20000 }, ignore = { 11, 20 }, },
				{ -0.03176, -0.99950, -0.00000, 0.00000, 0.99950, -0.03176, 0.00000, 0.00000, -0.00000, 0.00000, 1.00000, 0.00000, 5.99000, 7.56000, 2.07000, 1.00000, align = { 5.90000, 8.20000 }, ignore = { 12, 20 }, },
				{ 0.99960, -0.02827, -0.00000, 0.00000, 0.02827, 0.99960, -0.00000, 0.00000, 0.00000, -0.00000, 1.00000, 0.00000, 11.06430, 8.71224, 2.06000, 1.00000, align = { 11.06000, 8.20000 }, ignore = { 13, 20 }, },
				{ 0.99914, 0.04153, -0.00000, 0.00000, -0.04153, 0.99914, 0.00000, 0.00000, 0.00000, 0.00000, 1.00000, 0.00000, 11.03978, 7.47231, 2.06000, 1.00000, align = { 11.06000, 8.20000 }, ignore = { 14, 20 }, },
				{ -0.03152, -0.99950, 0.00387, 0.00000, 0.99205, -0.03176, -0.12181, 0.00000, 0.12187, 0.00000, 0.99255, 0.00000, 12.19000, 4.60000, 2.14000, 1.00000, align = { 12.50000, 5.00000 }, ignore = { 15, 20 }, },
				{ -0.00000, 1.00000, 0.00000, 0.00000, -1.00000, -0.00000, 0.00000, 0.00000, 0.00000, 0.00000, 1.00000, 0.00000, 0.52000, 4.20000, 0.14000, 1.00000, },
				{ -0.00000, 1.00000, 0.00000, 0.00000, -1.00000, -0.00000, 0.00000, 0.00000, 0.00000, 0.00000, 1.00000, 0.00000, -9.00000, 3.70000, 0.14000, 1.00000, },
				{ -0.00000, 1.00000, 0.00000, 0.00000, -1.00000, -0.00000, 0.00000, 0.00000, 0.00000, 0.00000, 1.00000, 0.00000, 0.52000, 5.57000, 0.14000, 1.00000, },
				{ 1.00000, 0.00000, 0.00000, 0.00000, 0.00000, 1.00000, 0.00000, 0.00000, 0.00000, 0.00000, 1.00000, 0.00000, 5.92000, 4.32000, 0.00000, 1.00000, },
				{ 0.99255, -0.12187, 0.00000, 0.00000, 0.12187, 0.99255, 0.00000, 0.00000, 0.00000, 0.00000, 1.00000, 0.00000, 5.83773, 4.33482, 0.89000, 1.00000, },
				{ -0.03176, -0.99950, 0.00000, 0.00000, 0.99950, -0.03176, 0.00000, 0.00000, 0.00000, 0.00000, 1.00000, 0.00000, 6.36000, 5.61000, 0.00000, 1.00000, },
				{ -0.03176, -0.99950, 0.00000, 0.00000, 0.99950, -0.03176, 0.00000, 0.00000, 0.00000, 0.00000, 1.00000, 0.00000, 5.98000, 9.04000, 0.00000, 1.00000, },
				{ -0.03176, -0.99950, 0.00000, 0.00000, 0.99950, -0.03176, 0.00000, 0.00000, 0.00000, 0.00000, 1.00000, 0.00000, 12.58000, 9.04000, 0.00000, 1.00000, },
				{ -0.03176, -0.99950, 0.00000, 0.00000, 0.99950, -0.03176, 0.00000, 0.00000, 0.00000, 0.00000, 1.00000, 0.00000, 12.55000, 5.68000, 0.00000, 1.00000, },
				{ 0.99960, -0.02827, -0.00000, 0.00000, 0.02827, 0.99960, -0.00000, 0.00000, 0.00000, -0.00000, 1.00000, 0.00000, 4.19000, 8.72000, 0.00000, 1.00000, },
				{ 0.99960, -0.02827, -0.00000, 0.00000, 0.02827, 0.99960, -0.00000, 0.00000, 0.00000, -0.00000, 1.00000, 0.00000, 10.79000, 8.72000, 0.00000, 1.00000, },
				{ 0.99960, -0.02827, -0.00000, 0.00000, 0.02827, 0.99960, -0.00000, 0.00000, 0.00000, -0.00000, 1.00000, 0.00000, -10.50000, 5.80000, 0.00000, 1.00000, ignore = { 16, 20 }, },
				{ -0.99661, 0.08229, 0.00000, 0.00000, -0.08229, -0.99661, 0.00000, 0.00000, 0.00000, 0.00000, 1.00000, 0.00000, -11.80000, 5.80000, 0.00000, 1.00000, ignore = { 17, 20 }, },
				{ 0.99519, -0.09793, -0.00000, 0.00000, 0.09793, 0.99519, -0.00000, 0.00000, 0.00000, -0.00000, 1.00000, 0.00000, 4.10406, 5.68122, 0.00000, 1.00000, },
				{ 0.99519, -0.09793, -0.00000, 0.00000, 0.09793, 0.99519, -0.00000, 0.00000, 0.00000, -0.00000, 1.00000, 0.00000, 10.70406, 5.68122, 0.00000, 1.00000, },
				{ 0.99519, -0.09793, -0.00000, 0.00000, 0.09793, 0.99519, -0.00000, 0.00000, 0.00000, -0.00000, 1.00000, 0.00000, -10.58594, 2.76121, 0.00000, 1.00000, },
				{ -0.99782, -0.06593, 0.00000, 0.00000, 0.06593, -0.99782, 0.00000, 0.00000, 0.00000, 0.00000, 1.00000, 0.00000, -11.88594, 2.76121, 0.00000, 1.00000, },
				{ -0.03176, -0.99950, 0.00000, 0.00000, 0.99950, -0.03176, 0.00000, 0.00000, 0.00000, 0.00000, 1.00000, 0.00000, 5.96000, 7.96000, 0.00000, 1.00000, },
				{ -0.03176, -0.99950, 0.00000, 0.00000, 0.99950, -0.03176, 0.00000, 0.00000, 0.00000, 0.00000, 1.00000, 0.00000, 12.56000, 7.96000, 0.00000, 1.00000, },
				{ -0.03176, -0.99950, 0.00000, 0.00000, 0.99950, -0.03176, 0.00000, 0.00000, 0.00000, 0.00000, 1.00000, 0.00000, 12.53000, 4.60000, 0.00000, 1.00000, },
				{ 0.99960, -0.02827, -0.00000, 0.00000, 0.02827, 0.99960, -0.00000, 0.00000, 0.00000, -0.00000, 1.00000, 0.00000, 4.16548, 7.48006, 0.00000, 1.00000, },
				{ 0.99960, -0.02827, -0.00000, 0.00000, 0.02827, 0.99960, -0.00000, 0.00000, 0.00000, -0.00000, 1.00000, 0.00000, 10.76548, 7.48006, 0.00000, 1.00000, },
				{ 0.99960, -0.02827, -0.00000, 0.00000, 0.02827, 0.99960, -0.00000, 0.00000, 0.00000, -0.00000, 1.00000, 0.00000, -10.52452, 4.56006, 0.00000, 1.00000, },
				{ -0.02827, -0.99960, 0.00000, 0.00000, 0.99960, -0.02827, 0.00000, 0.00000, 0.00000, 0.00000, 1.00000, 0.00000, -13.10000, 3.20000, 0.00000, 1.00000, ignore = { 18, 20 }, },
				{ -0.99661, 0.08229, 0.00000, 0.00000, -0.08229, -0.99661, 0.00000, 0.00000, 0.00000, 0.00000, 1.00000, 0.00000, -11.82452, 4.56006, 0.00000, 1.00000, },
				{ 0.08229, 0.99661, 0.00000, 0.00000, -0.99661, 0.08229, -0.00000, 0.00000, -0.00000, 0.00000, 1.00000, 0.00000, -13.10000, 4.50000, 0.00000, 1.00000, ignore = { 19, 20 }, },
				{ 0.99708, 0.07637, -0.00000, 0.00000, -0.07637, 0.99708, -0.00000, 0.00000, 0.00000, 0.00000, 1.00000, 0.00000, 4.27895, 4.45655, 0.04000, 1.00000, },
				{ 0.99708, 0.07637, -0.00000, 0.00000, -0.07637, 0.99708, -0.00000, 0.00000, 0.00000, 0.00000, 1.00000, 0.00000, -10.41105, 1.53655, 0.04000, 1.00000, ignore = { 20, 20 }, },
				{ -0.97122, -0.23819, 0.00000, 0.00000, 0.23819, -0.97122, -0.00000, 0.00000, 0.00000, -0.00000, 1.00000, 0.00000, -11.96105, 1.38655, 0.04000, 1.00000, ignore = { 21, 20 }, },
				{ 0.01187, -0.99993, 0.00000, 0.00000, 0.99993, 0.01187, -0.00000, 0.00000, 0.00000, 0.00000, 1.00000, 0.00000, 6.15954, 5.64762, 0.89000, 1.00000, },
				{ 0.01187, -0.99993, 0.00000, 0.00000, 0.99993, 0.01187, -0.00000, 0.00000, 0.00000, 0.00000, 1.00000, 0.00000, 5.98000, 9.04000, 0.89000, 1.00000, },
				{ -0.07533, -0.99716, -0.00000, 0.00000, 0.99716, -0.07533, -0.00000, 0.00000, -0.00000, -0.00000, 1.00000, 0.00000, 1.40000, 14.35000, 1.41000, 1.00000, ignore = { 22, 20 }, },
				{ 0.99988, 0.01536, -0.00000, 0.00000, -0.01536, 0.99988, -0.00000, 0.00000, 0.00000, 0.00000, 1.00000, 0.00000, 4.19000, 8.72000, 0.89000, 1.00000, },
				{ 0.99988, 0.01536, -0.00000, 0.00000, -0.01536, 0.99988, -0.00000, 0.00000, 0.00000, 0.00000, 1.00000, 0.00000, 10.79000, 8.72000, 0.89000, 1.00000, },
				{ 0.99280, 0.11979, -0.00000, 0.00000, -0.11979, 0.99280, -0.00000, 0.00000, 0.00000, 0.00000, 1.00000, 0.00000, 4.23669, 5.68036, 0.89000, 1.00000, },
				{ 0.01187, -0.99993, 0.00000, 0.00000, 0.99993, 0.01187, -0.00000, 0.00000, 0.00000, 0.00000, 1.00000, 0.00000, 5.96000, 7.96000, 0.89000, 1.00000, },
				{ 0.99988, 0.01536, -0.00000, 0.00000, -0.01536, 0.99988, -0.00000, 0.00000, 0.00000, 0.00000, 1.00000, 0.00000, 4.17246, 7.48002, 0.89000, 1.00000, },
			},
			["station/rail/asset/cargo_pallet_jack.mdl"] = {
				{ -0.90704, -0.42104, 0.00000, 0.00000, 0.42104, -0.90704, 0.00000, 0.00000, 0.00000, 0.00000, 1.00000, 0.00000, 2.10000, 4.55000, 0.00000, 1.00000, ignore = { 23, 20 }, },
			},
		},
		groups = {
			["era_a_ind_random_loose_wood.grp"] = {
				{ -1.00000, -0.00000, 0.00000, 0.00000, 0.00000, -1.00000, -0.00000, 0.00000, 0.00000, -0.00000, 1.00000, 0.00000, -3.84000, 27.38000, 0.00000, 1.00000, },
				{ -0.79500, -0.00000, 0.00000, 0.00000, 0.00000, -0.79500, -0.00000, 0.00000, 0.00000, -0.00000, 0.79500, 0.00000, -9.00000, 12.90000, -0.00000, 1.00000, },
			},
		},
	},
}
--End Generated

function data()
	return townbuildingutil.make_building2(
		{ { -4.60, -0.10 }, { 4.60, -0.10 }, { 4.60, 9.10 }, { -4.60, 9.10 } },
		"INDUSTRIAL", 
		"A", 
		1,
		{ 4, 4 },
		generatedData,
		"construction/building/era_a/ind_1_4x4_02.gtex"
	)
end
