local townbuildingutil = require "townbuildingutil"

--Model file: "building/era_a/ind_2_2x2_02.mdl"

--Begin Generated
local generatedData = {
	["base"] = {
		models = {
			["building/era_a/ind_2_2x2_02.mdl"] = {
				{ 1.00000, 0.00000, 0.00000, 0.00000, 0.00000, 1.00000, 0.00000, 0.00000, 0.00000, 0.00000, 1.00000, 0.00000, 0.00000, 0.00000, 0.00000, 1.00000, },
			},
		},
		curves = {
			["scaffold"] = {
				{ { 4.71851, 4.65361, 0.00000 }, { 4.71851, 4.65361, 0.00000 }, { 4.71851, 6.06107, 0.00000 }, { 4.71851, 6.06107, 0.00000 }, { 4.71851, 6.06107, 0.00000 }, { 5.78833, 6.06107, 0.00000 }, { 5.78833, 6.06107, 0.00000 }, { 5.78833, 6.06107, 0.00000 }, { 5.78833, 12.95712, 0.00000 }, { 5.78833, 12.95712, 0.00000 }, { 5.78833, 12.95712, 0.00000 }, { -5.59375, 12.95712, 0.00000 }, { -5.59375, 12.95712, 0.00000 }, { -5.59375, 12.95712, 0.00000 }, { -5.59375, 6.06107, 0.00000 }, { -5.59375, 6.06107, 0.00000 }, { -5.59375, 6.06107, 0.00000 }, { -3.44450, 6.06107, 0.00000 }, { -3.44450, 6.06107, 0.00000 }, { -3.44450, 6.06107, 0.00000 }, { -3.45000, 3.62742, 0.00000 }, { -3.45000, 3.62742, 0.00000 }, { -3.45000, 3.62742, 0.00000 }, { -1.36604, 3.62742, 0.00000 }, { -1.36604, 3.62742, 0.00000 }, { -1.36604, 3.62742, 0.00000 }, { -1.36604, 4.65361, 0.00000 }, { -1.36604, 4.65361, 0.00000 }, },
			},
			["shared/asphalt_02.gtex.lua;shared/dirt.gtex.lua;shared/asphalt_03.gtex.lua"] = {
				{ { 8.00000, 0.00000, 0.00000 }, { 8.00000, 0.00000, 0.00000 }, { 8.00000, 16.00000, 0.00000 }, { 8.00000, 16.00000, 0.00000 }, { 8.00000, 16.00000, 0.00000 }, { -1.00000, 16.00000, 0.00000 }, { -1.00000, 16.00000, 0.00000 }, { -1.00000, 16.00000, 0.00000 }, { -1.00000, 13.50000, 0.00000 }, { -1.00000, 13.50000, 0.00000 }, { -1.00000, 13.50000, 0.00000 }, { -8.00000, 13.50000, 0.00000 }, { -8.00000, 13.50000, 0.00000 }, { -8.00000, 13.50000, 0.00000 }, { -8.00000, 0.00000, 0.00000 }, { -8.00000, 0.00000, 0.00000 }, },
			},
		},
	},
	["layout_1"] = {
		models = {
			["asset/ground/barrel_steel.mdl"] = {
				{ -0.00000, -0.24192, -0.97030, 0.00000, -0.00000, 0.97030, -0.24192, 0.00000, 1.00000, 0.00000, -0.00000, 0.00000, -6.90000, 1.80000, 0.39000, 1.00000, },
				{ 0.24144, 0.01519, -0.97030, 0.00000, -0.96838, -0.06093, -0.24192, 0.00000, -0.06279, 0.99803, -0.00000, 0.00000, 4.79142, 14.13884, 0.39000, 1.00000, },
				{ -0.16505, 0.98629, 0.00000, 0.00000, -0.98629, -0.16505, 0.00000, 0.00000, 0.00000, 0.00000, 1.00000, 0.00000, 4.79142, 13.64000, 0.00000, 1.00000, },
				{ 0.08190, -0.93612, -0.34202, 0.00000, -0.02981, 0.34072, -0.93969, 0.00000, 0.99619, 0.08716, -0.00000, 0.00000, -7.06000, 2.60000, 3.13272, 1.00000, align = { -6.15000, 3.36000 }, ignore = { 2, 20 }, },
				{ -0.00000, 0.63473, -0.77273, 0.00000, 0.00000, 0.77273, 0.63473, 0.00000, 1.00000, -0.00000, -0.00000, 0.00000, -6.95506, 3.54212, 3.15090, 1.00000, align = { -6.15000, 3.36000 }, ignore = { 3, 20 }, },
				{ -0.00000, -0.93969, -0.34202, 0.00000, 0.00000, 0.34202, -0.93969, 0.00000, 1.00000, -0.00000, 0.00000, 0.00000, -6.86074, 4.33167, 3.19638, 1.00000, align = { -6.15000, 3.36000 }, ignore = { 4, 20 }, },
				{ 0.00000, 0.99556, 0.09411, 0.00000, -0.00000, -0.09411, 0.99556, 0.00000, 1.00000, -0.00000, 0.00000, 0.00000, -6.90977, 2.72176, 0.39000, 1.00000, },
				{ -0.99360, -0.06251, 0.09411, 0.00000, 0.09392, 0.00591, 0.99556, 0.00000, -0.06279, 0.99803, -0.00000, 0.00000, 3.87209, 14.07122, 0.39000, 1.00000, },
				{ -0.16505, 0.98629, 0.00000, 0.00000, -0.98629, -0.16505, 0.00000, 0.00000, 0.00000, 0.00000, 1.00000, 0.00000, 3.87209, 13.64000, 0.00000, 1.00000, },
				{ -0.00000, -0.24192, -0.97030, 0.00000, -0.00000, 0.97030, -0.24192, 0.00000, 1.00000, 0.00000, -0.00000, 0.00000, -6.86884, 2.25141, 1.06000, 1.00000, },
				{ 0.24144, 0.01519, -0.97030, 0.00000, -0.96838, -0.06093, -0.24192, 0.00000, -0.06279, 0.99803, -0.00000, 0.00000, 4.33894, 14.14160, 1.06000, 1.00000, },
				{ 0.00000, 0.99556, 0.09411, 0.00000, -0.00000, -0.09411, 0.99556, 0.00000, 1.00000, -0.00000, 0.00000, 0.00000, -6.94903, 2.67758, 1.74000, 1.00000, },
				{ -0.00000, -0.24192, -0.97030, 0.00000, -0.00000, 0.97030, -0.24192, 0.00000, 1.00000, 0.00000, -0.00000, 0.00000, -6.85524, 3.56720, 0.39000, 1.00000, },
				{ 0.24144, 0.01519, -0.97030, 0.00000, -0.96838, -0.06093, -0.24192, 0.00000, -0.06279, 0.99803, -0.00000, 0.00000, 3.02489, 14.07255, 0.39000, 1.00000, },
				{ -0.00000, -0.24192, -0.97030, 0.00000, -0.00000, 0.97030, -0.24192, 0.00000, 1.00000, 0.00000, -0.00000, 0.00000, -6.88494, 3.14338, 1.06000, 1.00000, },
				{ 0.24144, 0.01519, -0.97030, 0.00000, -0.96838, -0.06093, -0.24192, 0.00000, -0.06279, 0.99803, -0.00000, 0.00000, 3.44974, 14.06952, 1.06000, 1.00000, },
				{ -0.00000, -0.24192, -0.97030, 0.00000, -0.00000, 0.97030, -0.24192, 0.00000, 1.00000, 0.00000, -0.00000, 0.00000, -6.85892, 3.54182, 1.74000, 1.00000, },
				{ -0.00000, -0.24192, -0.97030, 0.00000, -0.00000, 0.97030, -0.24192, 0.00000, 1.00000, 0.00000, -0.00000, 0.00000, -6.91075, 4.47737, 0.39000, 1.00000, },
				{ 0.24144, 0.01519, -0.97030, 0.00000, -0.96838, -0.06093, -0.24192, 0.00000, -0.06279, 0.99803, -0.00000, 0.00000, 2.12000, 13.96000, 0.39000, 1.00000, },
				{ 0.21341, 0.11395, -0.97030, 0.00000, -0.85592, -0.45702, -0.24192, 0.00000, -0.47101, 0.88213, -0.00000, 0.00000, 6.78000, 13.38000, 0.39000, 1.00000, ignore = { 5, 20 }, },
				{ -0.16505, 0.98629, 0.00000, 0.00000, -0.98629, -0.16505, 0.00000, 0.00000, 0.00000, 0.00000, 1.00000, 0.00000, 2.12000, 13.64000, 0.00000, 1.00000, },
				{ -0.00000, -0.24192, -0.97030, 0.00000, -0.00000, 0.97030, -0.24192, 0.00000, 1.00000, 0.00000, -0.00000, 0.00000, -6.91075, 5.33737, 0.39000, 1.00000, },
				{ 0.00000, 0.99556, 0.09411, 0.00000, -0.00000, -0.09411, 0.99556, 0.00000, 1.00000, -0.00000, 0.00000, 0.00000, -6.91072, 3.99278, 1.06000, 1.00000, },
				{ -0.00000, -0.24192, -0.97030, 0.00000, -0.00000, 0.97030, -0.24192, 0.00000, 1.00000, 0.00000, -0.00000, 0.00000, -6.91072, 4.85277, 1.06000, 1.00000, },
				{ -0.00000, -0.24192, -0.97030, 0.00000, -0.00000, 0.97030, -0.24192, 0.00000, 1.00000, 0.00000, -0.00000, 0.00000, -6.91805, 4.39000, 1.74000, 1.00000, },
			},
			["asset/industry/wooden_shed_01.mdl"] = {
				{ -0.00000, 0.88500, 0.00000, 0.00000, -0.88500, -0.00000, -0.00000, 0.00000, 0.00000, -0.00000, 0.88500, 0.00000, -6.15000, 3.36000, 0.00000, 1.00000, align = { -6.15000, 3.36000 }, },
			},
			["station/rail/asset/cargo_lamps.mdl"] = {
				{ -0.00000, -1.00000, 0.00000, 0.00000, 1.00000, -0.00000, 0.00000, 0.00000, 0.00000, 0.00000, 1.00000, 0.00000, 4.95000, 4.25000, 0.00000, 1.00000, },
			},
		},
		groups = {
			["era_a_ind_random_loose_wood.grp"] = {
				{ -0.00000, -0.76500, 0.00000, 0.00000, 0.76500, -0.00000, -0.00000, 0.00000, 0.00000, -0.00000, 0.76500, 0.00000, -6.50000, 8.20000, 0.00000, 1.00000, },
			},
			["era_a_ind_random_wooden_shed.grp"] = {
				{ -0.88500, -0.00000, 0.00000, 0.00000, 0.00000, -0.88500, 0.00000, 0.00000, 0.00000, 0.00000, 0.88500, 0.00000, 3.55000, 14.31000, 0.00000, 1.00000, },
			},
		},
	},
}
--End Generated

function data()
	return townbuildingutil.make_building2(
		{ { -4.60, -0.10 }, { 4.60, -0.10 }, { 4.60, 9.10 }, { -4.60, 9.10 } },
		"INDUSTRIAL", 
		"A", 
		2,
		{ 2, 2 },
		generatedData,
		"construction/building/era_a/ind_2_2x2_02.gtex"
	)
end
