local townbuildingutil = require "townbuildingutil"

--Model file: "building/era_a/res_2_3x4_03.mdl"

--Begin Generated
local generatedData = {
	["base"] = {
		models = {
			["building/era_a/res_2_3x4_03.mdl"] = {
				{ 1.00000, 0.00000, 0.00000, 0.00000, 0.00000, 1.00000, 0.00000, 0.00000, 0.00000, 0.00000, 1.00000, 0.00000, 0.00000, -2.00000, 0.00000, 1.00000, },
			},
		},
		curves = {
			["scaffold"] = {
				{ { 1.88962, 4.09107, 0.00000 }, { 1.88962, 4.09107, 0.00000 }, { 1.88965, 5.07474, 0.00000 }, { 1.88965, 5.07474, 0.00000 }, { 1.88965, 5.07474, 0.00000 }, { 9.77161, 5.07474, 0.00000 }, { 9.77161, 5.07474, 0.00000 }, { 9.77161, 5.07474, 0.00000 }, { 9.77161, 19.21545, 0.00000 }, { 9.77161, 19.21545, 0.00000 }, { 9.77161, 19.21545, 0.00000 }, { -9.83997, 19.21545, 0.00000 }, { -9.83997, 19.21545, 0.00000 }, { -9.83997, 19.21545, 0.00000 }, { -9.83997, 5.07474, 0.00000 }, { -9.83997, 5.07474, 0.00000 }, { -9.83997, 5.07474, 0.00000 }, { -2.03369, 5.07474, 0.00000 }, { -2.03369, 5.07474, 0.00000 }, { -2.03369, 5.07474, 0.00000 }, { -2.03375, 4.09100, 0.00000 }, { -2.03375, 4.09100, 0.00000 }, },
			},
			["shared/asphalt_01.gtex.lua;shared/border2.gtex.lua"] = {
				{ { 12.00000, 0.00000, 0.00000 }, { 12.00000, 0.00000, 0.00000 }, { 12.00000, 20.00000, 0.00000 }, { 12.00000, 20.00000, 0.00000 }, { 12.00000, 20.00000, 0.00000 }, { 7.00000, 20.00000, 0.00000 }, { 7.00000, 20.00000, 0.00000 }, { 7.00000, 20.00000, 0.00000 }, { 7.00000, 18.68405, 0.00000 }, { 7.00000, 18.68405, 0.00000 }, { 7.00000, 18.68405, 0.00000 }, { -7.00000, 18.68405, -0.00000 }, { -7.00000, 18.68405, -0.00000 }, { -7.00000, 18.68405, -0.00000 }, { -7.00000, 20.00000, -0.00000 }, { -7.00000, 20.00000, 0.00000 }, { -7.00000, 20.00000, 0.00000 }, { -12.00000, 20.00000, 0.00000 }, { -12.00000, 20.00000, 0.00000 }, { -12.00000, 20.00000, 0.00000 }, { -12.00000, 0.00000, 0.00000 }, { -12.00000, 0.00000, 0.00000 }, },
			},
			["shared/grass_cutted_01.gtex.lua"] = {
				{ { -1.25977, 18.68405, 0.00000 }, { -1.25977, 18.68405, 0.00000 }, { -1.25977, 22.00000, 0.00000 }, { -1.25977, 22.00000, 0.00000 }, { -1.25977, 22.00000, -0.00000 }, { -7.00000, 22.00000, 0.00000 }, { -7.00000, 22.00000, 0.00000 }, { -7.00000, 22.00000, -0.00000 }, { -7.00000, 18.68405, -0.00000 }, { -7.00000, 18.68405, -0.00000 }, },
				{ { 7.00000, 18.68405, 0.00000 }, { 7.00000, 18.68405, 0.00000 }, { 7.00000, 22.00000, 0.00000 }, { 7.00000, 22.00000, 0.00000 }, { 7.00000, 22.00000, 0.00000 }, { 0.74024, 22.00000, 0.00000 }, { 0.74023, 22.00000, 0.00000 }, { 0.74023, 22.00000, 0.00000 }, { 0.74023, 18.68405, 0.00000 }, { 0.74023, 18.68405, 0.00000 }, },
				{ { 12.00000, 20.00000, 0.00000 }, { 12.00000, 20.00000, 0.00000 }, { 12.00000, 32.00000, 0.00000 }, { 12.00000, 32.00000, 0.00000 }, { 12.00000, 32.00000, 0.00000 }, { -12.00000, 32.00000, 0.00000 }, { -12.00000, 32.00000, 0.00000 }, { -12.00000, 32.00000, 0.00000 }, { -12.00000, 20.00000, 0.00000 }, { -12.00000, 20.00000, 0.00000 }, { -12.00000, 20.00000, -0.00000 }, { -7.00000, 20.00000, -0.00000 }, { -7.00000, 20.00000, -0.00000 }, { -7.00000, 20.00000, -0.00000 }, { -7.00000, 28.00000, -0.00000 }, { -7.00000, 28.00000, 0.00000 }, { -7.00000, 28.00000, 0.00000 }, { 7.00000, 28.00000, 0.00000 }, { 7.00000, 28.00000, 0.00000 }, { 7.00000, 28.00000, 0.00000 }, { 7.00000, 20.00000, 0.00000 }, { 7.00000, 20.00000, 0.00000 }, },
			},
			["shared/gravel_02.gtex.lua"] = {
				{ { 0.74023, 18.68405, 0.00000 }, { 0.74023, 18.68405, 0.00000 }, { 0.74023, 22.00000, 0.00000 }, { 0.74023, 22.00000, 0.00000 }, { 0.74023, 22.00000, 0.00000 }, { 7.00000, 22.00000, 0.00000 }, { 7.00000, 22.00000, 0.00000 }, { 7.00000, 22.00000, 0.00000 }, { 7.00000, 28.00000, 0.00000 }, { 7.00000, 28.00000, 0.00000 }, { 7.00000, 28.00000, 0.00000 }, { -7.00000, 28.00000, -0.00000 }, { -7.00000, 28.00000, -0.00000 }, { -7.00000, 28.00000, -0.00000 }, { -7.00000, 22.00000, 0.00000 }, { -7.00000, 22.00000, 0.00000 }, { -7.00000, 22.00000, 0.00000 }, { -1.25977, 22.00000, 0.00000 }, { -1.25977, 22.00000, 0.00000 }, { -1.25977, 22.00000, 0.00000 }, { -1.25977, 18.68405, 0.00000 }, { -1.25977, 18.68405, 0.00000 }, },
			},
		},
	},
	["layout_1"] = {
		groups = {
			["era_a_garden_bench.grp"] = {
				{ -0.00000, -1.00000, 0.00000, 0.00000, 1.00000, -0.00000, 0.00000, 0.00000, 0.00000, 0.00000, 1.00000, 0.00000, 6.64000, 24.75000, 0.00000, 1.00000, seed = 123, },
				{ 0.00000, 1.00000, 0.00000, 0.00000, -1.00000, 0.00000, 0.00000, 0.00000, 0.00000, 0.00000, 1.00000, 0.00000, -6.66000, 24.75000, 0.00000, 1.00000, seed = 123, },
			},
			["random_large_tree_town.grp"] = {
				{ -0.61841, 0.78586, 0.00000, 0.00000, -0.78586, -0.61841, 0.00000, 0.00000, 0.00000, 0.00000, 1.00000, 0.00000, -7.42000, 28.56000, 0.00000, 1.00000, },
			},
			["random_medium_tree_town.grp"] = {
				{ 0.85985, -0.51054, 0.00000, 0.00000, 0.51054, 0.85985, -0.00000, 0.00000, -0.00000, 0.00000, 1.00000, 0.00000, 8.93261, 28.64746, 0.00000, 1.00000, },
				{ 0.05408, 0.99854, 0.00000, 0.00000, -0.99854, 0.05408, -0.00000, 0.00000, -0.00000, -0.00000, 1.00000, 0.00000, -0.96739, 28.78812, 0.00000, 1.00000, },
			},
			["random_shrub_town.grp"] = {
				{ -0.85258, -0.52260, 0.00000, 0.00000, 0.52260, -0.85258, 0.00000, 0.00000, 0.00000, 0.00000, 1.00000, 0.00000, 2.19956, 20.61564, 0.00000, 1.00000, },
				{ 0.32381, 0.94612, 0.00000, 0.00000, -0.94612, 0.32381, 0.00000, 0.00000, 0.00000, 0.00000, 1.00000, 0.00000, -5.48044, 20.73564, 0.00000, 1.00000, },
				{ -0.86169, 0.50744, 0.00000, 0.00000, -0.50744, -0.86169, 0.00000, 0.00000, 0.00000, 0.00000, 1.00000, 0.00000, 3.52956, 20.46564, 0.00000, 1.00000, },
				{ 0.98900, 0.14792, 0.00000, 0.00000, -0.14792, 0.98900, 0.00000, 0.00000, 0.00000, 0.00000, 1.00000, 0.00000, 5.27956, 20.46564, 0.00000, 1.00000, },
				{ 0.88696, 0.46185, 0.00000, 0.00000, -0.46185, 0.88696, 0.00000, 0.00000, 0.00000, 0.00000, 1.00000, 0.00000, -7.78044, 20.85564, 0.00000, 1.00000, },
				{ -0.09573, -0.99541, 0.00000, 0.00000, 0.99541, -0.09573, 0.00000, 0.00000, 0.00000, 0.00000, 1.00000, 0.00000, -2.38044, 20.85564, 0.00000, 1.00000, },
				{ -0.70329, -0.71091, 0.00000, 0.00000, 0.71091, -0.70329, 0.00000, 0.00000, 0.00000, 0.00000, 1.00000, 0.00000, 7.35956, 20.25564, 0.00000, 1.00000, },
				{ 0.58930, -0.80791, 0.00000, 0.00000, 0.80791, 0.58930, 0.00000, 0.00000, 0.00000, 0.00000, 1.00000, 0.00000, -4.12044, 20.88564, 0.00000, 1.00000, },
			},
			["random_shrub_town_fence.grp"] = {
				{ -0.22692, 0.97391, 0.00000, 0.00000, -0.97391, -0.22692, 0.00000, 0.00000, 0.00000, 0.00000, 1.00000, 0.00000, 5.63833, 31.28000, 0.00000, 1.00000, },
				{ 0.75792, 0.65234, -0.00000, 0.00000, -0.65234, 0.75792, 0.00000, 0.00000, 0.00000, -0.00000, 1.00000, 0.00000, -0.21166, 31.28000, 0.00000, 1.00000, },
				{ -0.99941, 0.03433, 0.00000, 0.00000, -0.03433, -0.99941, 0.00000, 0.00000, 0.00000, 0.00000, 1.00000, 0.00000, 11.19333, 26.46000, 0.00000, 1.00000, },
				{ -0.60765, 0.79421, -0.00000, 0.00000, -0.79421, -0.60765, 0.00000, 0.00000, -0.00000, 0.00000, 1.00000, 0.00000, 11.45834, 26.80000, 0.00000, 1.00000, },
				{ -0.34228, 0.93960, -0.00000, 0.00000, -0.93960, -0.34228, -0.00000, 0.00000, -0.00000, -0.00000, 1.00000, 0.00000, 10.20833, 31.33000, 0.00000, 1.00000, },
				{ 0.24026, 0.97071, 0.00000, 0.00000, -0.97071, 0.24026, -0.00000, 0.00000, -0.00000, 0.00000, 1.00000, 0.00000, 11.04334, 28.24000, 0.00000, 1.00000, },
				{ 0.30516, 0.95230, 0.00000, 0.00000, -0.95230, 0.30516, -0.00000, 0.00000, -0.00000, 0.00000, 1.00000, 0.00000, 11.24334, 21.89000, 0.00000, 1.00000, },
				{ -0.11263, -0.99364, -0.00000, 0.00000, 0.99364, -0.11263, -0.00000, 0.00000, -0.00000, -0.00000, 1.00000, 0.00000, 4.00834, 31.35000, 0.00000, 1.00000, },
				{ -0.97754, -0.21076, -0.00000, 0.00000, 0.21076, -0.97754, -0.00000, 0.00000, -0.00000, -0.00000, 1.00000, 0.00000, 8.68834, 31.33000, 0.00000, 1.00000, },
				{ -0.82178, -0.56981, -0.00000, 0.00000, 0.56981, -0.82178, -0.00000, 0.00000, 0.00000, -0.00000, 1.00000, 0.00000, 2.83834, 31.33000, 0.00000, 1.00000, },
				{ -0.19077, 0.98164, -0.00000, 0.00000, -0.98164, -0.19077, -0.00000, 0.00000, -0.00000, -0.00000, 1.00000, 0.00000, 11.04334, 29.76000, 0.00000, 1.00000, },
				{ -0.56605, -0.82437, -0.00000, 0.00000, 0.82437, -0.56605, -0.00000, 0.00000, -0.00000, -0.00000, 1.00000, 0.00000, 11.24334, 23.41000, 0.00000, 1.00000, },
				{ -0.93189, 0.36273, 0.00000, 0.00000, -0.36273, -0.93189, 0.00000, 0.00000, 0.00000, 0.00000, 1.00000, 0.00000, 7.18833, 31.33000, 0.00000, 1.00000, },
				{ 0.93881, -0.34444, -0.00000, 0.00000, 0.34444, 0.93881, 0.00000, 0.00000, 0.00000, -0.00000, 1.00000, 0.00000, 1.33834, 31.33000, 0.00000, 1.00000, },
				{ 0.28516, -0.95848, -0.00000, 0.00000, 0.95848, 0.28516, 0.00000, 0.00000, -0.00000, -0.00000, 1.00000, 0.00000, 11.04334, 31.26000, 0.00000, 1.00000, },
				{ 0.15792, -0.98745, -0.00000, 0.00000, 0.98745, 0.15792, 0.00000, 0.00000, -0.00000, -0.00000, 1.00000, 0.00000, 11.24334, 24.91000, 0.00000, 1.00000, },
				{ 0.73034, 0.68309, 0.00000, 0.00000, -0.68309, 0.73034, 0.00000, 0.00000, 0.00000, -0.00000, 1.00000, 0.00000, -11.24335, 24.90999, 0.00000, 1.00000, },
				{ 0.96957, -0.24482, 0.00000, 0.00000, 0.24482, 0.96957, 0.00000, 0.00000, -0.00000, -0.00000, 1.00000, 0.00000, -11.24335, 19.36000, 0.00000, 1.00000, },
				{ -0.87136, -0.49064, -0.00000, 0.00000, 0.49064, -0.87136, 0.00000, 0.00000, -0.00000, 0.00000, 1.00000, 0.00000, -11.04333, 31.26000, 0.00000, 1.00000, },
				{ 0.30279, -0.95306, 0.00000, 0.00000, 0.95306, 0.30279, 0.00000, 0.00000, -0.00000, -0.00000, 1.00000, 0.00000, -1.33835, 31.33000, 0.00000, 1.00000, },
				{ 0.19303, -0.98119, 0.00000, 0.00000, 0.98119, 0.19303, 0.00000, 0.00000, -0.00000, -0.00000, 1.00000, 0.00000, -7.18832, 31.33000, 0.00000, 1.00000, },
				{ 0.76298, -0.64643, -0.00000, 0.00000, 0.64643, 0.76298, -0.00000, 0.00000, 0.00000, 0.00000, 1.00000, 0.00000, -11.24335, 23.40999, 0.00000, 1.00000, },
				{ -0.05307, 0.99859, 0.00000, 0.00000, -0.99859, -0.05307, -0.00000, 0.00000, 0.00000, -0.00000, 1.00000, 0.00000, -11.04333, 29.76000, 0.00000, 1.00000, },
				{ 0.98225, 0.18759, -0.00000, 0.00000, -0.18759, 0.98225, -0.00000, 0.00000, 0.00000, 0.00000, 1.00000, 0.00000, -2.83835, 31.33000, 0.00000, 1.00000, },
				{ -0.94550, 0.32564, 0.00000, 0.00000, -0.32564, -0.94550, -0.00000, 0.00000, 0.00000, -0.00000, 1.00000, 0.00000, -8.68832, 31.33000, 0.00000, 1.00000, },
				{ 0.65441, -0.75614, -0.00000, 0.00000, 0.75614, 0.65441, -0.00000, 0.00000, 0.00000, 0.00000, 1.00000, 0.00000, -4.00833, 31.35000, 0.00000, 1.00000, },
				{ 0.98269, 0.18528, -0.00000, 0.00000, -0.18528, 0.98269, -0.00000, 0.00000, 0.00000, 0.00000, 1.00000, 0.00000, -11.24335, 21.89000, 0.00000, 1.00000, },
				{ -0.67817, 0.73490, 0.00000, 0.00000, -0.73490, -0.67817, 0.00000, 0.00000, 0.00000, -0.00000, 1.00000, 0.00000, -11.04333, 28.24000, 0.00000, 1.00000, },
				{ -0.09159, -0.99580, 0.00000, 0.00000, 0.99580, -0.09159, -0.00000, 0.00000, 0.00000, -0.00000, 1.00000, 0.00000, -10.20834, 31.33000, 0.00000, 1.00000, },
				{ -0.98197, -0.18904, 0.00000, 0.00000, 0.18904, -0.98197, 0.00000, 0.00000, 0.00000, 0.00000, 1.00000, 0.00000, -11.45834, 26.80000, 0.00000, 1.00000, },
				{ 0.84560, -0.53382, 0.00000, 0.00000, 0.53382, 0.84560, 0.00000, 0.00000, -0.00000, -0.00000, 1.00000, 0.00000, -11.19333, 26.46000, 0.00000, 1.00000, },
				{ -0.99384, -0.11086, -0.00000, 0.00000, 0.11086, -0.99384, 0.00000, 0.00000, -0.00000, 0.00000, 1.00000, 0.00000, -11.19333, 20.91000, 0.00000, 1.00000, },
				{ 0.59897, 0.80077, 0.00000, 0.00000, -0.80077, 0.59897, -0.00000, 0.00000, -0.00000, -0.00000, 1.00000, 0.00000, 0.21167, 31.28000, 0.00000, 1.00000, },
				{ 0.19162, -0.98147, 0.00000, 0.00000, 0.98147, 0.19162, 0.00000, 0.00000, -0.00000, -0.00000, 1.00000, 0.00000, -5.63834, 31.28000, 0.00000, 1.00000, },
			},
		},
	},
}
--End Generated

function data()
	return townbuildingutil.make_building2(
		{ { -4.60, -0.10 }, { 4.60, -0.10 }, { 4.60, 9.10 }, { -4.60, 9.10 } },
		"RESIDENTIAL", 
		"A", 
		2,
		{ 3, 4 },
		generatedData,
		"construction/building/era_a/res_2_3x4_03.gtex"
	)
end
