local townbuildingutil = require "townbuildingutil"

--Model file: "building/era_a/res_1_3x3_02.mdl"

--Begin Generated
local generatedData = {
	["base"] = {
		models = {
			["building/era_a/res_1_3x3_02.mdl"] = {
				{ 1.00000, 0.00000, 0.00000, 0.00000, 0.00000, 1.00000, 0.00000, 0.00000, 0.00000, 0.00000, 1.00000, 0.00000, 0.00000, 0.00000, 0.00000, 1.00000, },
			},
		},
		curves = {
			["scaffold"] = {
				{ { 4.64038, 4.27024, 0.00000 }, { 4.64038, 4.27024, 0.00000 }, { 4.64038, 5.84949, 0.00000 }, { 4.64038, 5.84949, 0.00000 }, { 4.64038, 5.84949, 0.00000 }, { 7.50891, 5.84949, 0.00000 }, { 7.50891, 5.84949, 0.00000 }, { 7.50891, 5.84949, 0.00000 }, { 7.50891, 11.04349, 0.00000 }, { 7.50891, 11.04349, 0.00000 }, { 7.50891, 11.04349, 0.00000 }, { 4.64038, 11.04349, 0.00000 }, { 4.64038, 11.04349, 0.00000 }, { 4.64038, 11.04349, 0.00000 }, { 4.64038, 12.24443, 0.00000 }, { 4.64038, 12.24443, 0.00000 }, { 4.64038, 12.24443, 0.00000 }, { -6.45404, 12.24442, 0.00000 }, { -6.45404, 12.24442, 0.00000 }, { -6.45404, 12.24442, 0.00000 }, { -6.45404, 4.27696, 0.00000 }, { -6.45404, 4.27696, 0.00000 }, },
			},
			["shared/asphalt_01.gtex.lua;shared/dirt.gtex.lua"] = {
				{ { -2.00000, 0.00000, 0.00000 }, { -2.00000, 0.00000, 0.00000 }, { -2.00000, 3.77174, 0.00000 }, { -2.00000, 3.77174, 0.00000 }, { -2.00000, 3.77174, 0.00000 }, { 5.04050, 3.77174, 0.00001 }, { 5.04050, 3.77174, 0.00001 }, { 5.04050, 3.77174, 0.00001 }, { 5.04050, 5.19325, 0.00001 }, { 5.04050, 5.19325, 0.00001 }, { 5.04050, 5.19325, 0.00001 }, { 8.15527, 5.19325, 0.00000 }, { 8.15527, 5.19325, 0.00000 }, { 8.15527, 5.19325, 0.00000 }, { 8.15527, 11.70289, 0.00000 }, { 8.15527, 11.70289, 0.00000 }, { 8.15527, 11.70289, 0.00000 }, { 5.04047, 11.70289, 0.00001 }, { 5.04047, 11.70289, 0.00001 }, { 5.04047, 11.70289, 0.00001 }, { 5.04047, 12.74293, 0.00002 }, { 5.04047, 12.74293, 0.00002 }, { 5.04046, 12.74293, 0.00002 }, { -6.85693, 12.74293, -0.00000 }, { -6.85693, 12.74293, -0.00000 }, { -6.85693, 12.74293, -0.00000 }, { -6.85693, 3.77174, 0.00000 }, { -6.85693, 3.77174, 0.00000 }, { -6.85693, 3.77174, 0.00000 }, { -5.00000, 3.77174, 0.00000 }, { -5.00000, 3.77174, 0.00000 }, { -5.00000, 3.77174, 0.00000 }, { -5.00000, 0.00000, 0.00000 }, { -5.00000, 0.00000, 0.00000 }, },
			},
			["shared/grass_cutted_01.gtex.lua"] = {
				{ { -5.00000, 0.00000, 0.00000 }, { -5.00000, 0.00000, 0.00000 }, { -5.00000, 3.77174, 0.00000 }, { -5.00000, 3.77174, 0.00000 }, { -5.00000, 3.77174, 0.00000 }, { -6.85693, 3.77174, 0.00000 }, { -6.85693, 3.77174, 0.00000 }, { -6.85693, 3.77174, 0.00000 }, { -6.85693, 12.74293, -0.00000 }, { -6.85693, 12.74293, -0.00000 }, { -6.85693, 12.74293, -0.00000 }, { -0.00000, 12.74293, -0.00000 }, { 0.00000, 12.74293, 0.00000 }, { -0.00000, 12.74293, 0.00000 }, { -4.00000, 14.00000, 0.00000 }, { -4.00000, 14.00000, 0.00000 }, { -4.00000, 14.00000, 0.00000 }, { -12.00000, 14.00000, 0.00000 }, { -12.00000, 14.00000, 0.00000 }, { -12.00000, 14.00000, 0.00000 }, { -12.00000, 0.00000, 0.00000 }, { -12.00000, 0.00000, 0.00000 }, },
				{ { -2.00000, 0.00000, 0.00000 }, { -2.00000, 0.00000, 0.00000 }, { -2.00000, 3.77174, 0.00000 }, { -2.00000, 3.77174, 0.00000 }, { -2.00000, 3.77174, 0.00000 }, { 9.85000, 3.77174, 0.00000 }, { 9.85001, 3.77174, 0.00000 }, { 9.85001, 3.77174, 0.00000 }, { 9.85001, 13.15000, 0.00000 }, { 9.85001, 13.15000, 0.00000 }, { 9.85000, 13.15000, 0.00000 }, { 6.64999, 13.15000, 0.00000 }, { 6.64999, 13.15000, 0.00000 }, { 6.64999, 13.15000, 0.00000 }, { 6.64999, 14.50000, 0.00000 }, { 6.64999, 14.50000, 0.00000 }, { 6.64999, 14.50000, 0.00000 }, { 2.00000, 14.50000, 0.00000 }, { 2.00000, 14.50000, 0.00000 }, { 2.00000, 14.50000, 0.00000 }, { 1.25000, 17.10000, 0.00000 }, { 1.25000, 17.10000, 0.00000 }, { 1.25000, 17.10000, 0.00000 }, { 0.04999, 18.95000, 0.00000 }, { 0.04999, 18.95000, 0.00000 }, { 0.04999, 18.95000, 0.00000 }, { -2.10001, 20.55000, 0.00000 }, { -2.10001, 20.55000, 0.00000 }, { -2.10001, 20.55000, 0.00000 }, { -4.00000, 21.00000, 0.00000 }, { -4.00000, 21.00000, 0.00000 }, { -4.00000, 21.00000, 0.00000 }, { -12.00000, 21.00000, 0.00000 }, { -12.00000, 21.00000, 0.00000 }, { -12.00000, 21.00000, 0.00000 }, { -12.00000, 24.00000, 0.00000 }, { -12.00000, 24.00000, 0.00000 }, { -12.00000, 24.00000, 0.00000 }, { 12.00000, 24.00000, 0.00000 }, { 12.00000, 24.00000, 0.00000 }, { 12.00000, 23.99999, 0.00000 }, { 12.00000, 0.00000, 0.00000 }, { 12.00000, 0.00000, 0.00000 }, },
			},
			["shared/gravel_02.gtex.lua;shared/border2.gtex.lua"] = {
				{ { 5.04050, 3.77174, 0.00001 }, { 5.04050, 3.77174, 0.00001 }, { 9.85001, 3.77174, 0.00000 }, { 9.85001, 3.77174, 0.00000 }, { 9.85001, 3.77174, 0.00000 }, { 9.85001, 13.15000, 0.00000 }, { 9.85001, 13.15000, 0.00000 }, { 9.85001, 13.15000, 0.00000 }, { 6.64999, 13.15000, 0.00000 }, { 6.64999, 13.15000, 0.00000 }, { 6.64999, 13.15000, 0.00000 }, { 6.64999, 14.50000, 0.00000 }, { 6.64999, 14.50000, 0.00000 }, { 6.64999, 14.50000, 0.00000 }, { 2.00000, 14.50000, 0.00000 }, { 2.00000, 14.50000, 0.00000 }, { 2.00000, 14.50000, 0.00000 }, { 1.25000, 17.10000, 0.00000 }, { 1.25000, 17.10000, 0.00000 }, { 1.25000, 17.10000, 0.00000 }, { 0.04999, 18.95000, 0.00000 }, { 0.04999, 18.95000, 0.00000 }, { 0.04999, 18.95000, 0.00000 }, { -2.10001, 20.55000, 0.00000 }, { -2.10001, 20.55000, 0.00000 }, { -2.10001, 20.55000, 0.00000 }, { -4.00000, 21.00000, 0.00000 }, { -4.00000, 21.00000, 0.00000 }, { -4.00000, 21.00000, 0.00000 }, { -12.00000, 21.00000, 0.00000 }, { -12.00000, 21.00000, 0.00000 }, { -12.00000, 21.00000, 0.00000 }, { -12.00000, 14.00000, 0.00000 }, { -12.00000, 14.00000, 0.00000 }, { -12.00000, 14.00000, 0.00000 }, { -4.00000, 14.00000, 0.00000 }, { -4.00000, 14.00000, 0.00000 }, { -4.00000, 14.00000, 0.00000 }, { -4.00000, 18.25000, 0.00000 }, { -4.00000, 18.25000, 0.00000 }, { -4.00000, 18.25000, 0.00000 }, { -2.35001, 17.70000, 0.00000 }, { -2.35001, 17.70000, 0.00000 }, { -2.35001, 17.70000, 0.00000 }, { -0.64999, 15.50000, 0.00000 }, { -0.64999, 15.50000, 0.00000 }, { -0.64999, 15.50000, 0.00000 }, { 0.00000, 12.74293, 0.00000 }, { 0.00000, 12.74293, 0.00000 }, { 0.00000, 12.74293, 0.00000 }, { 5.04047, 12.74293, 0.00002 }, { 5.04047, 12.74293, 0.00002 }, { 5.04047, 12.74293, 0.00002 }, { 5.04047, 11.70289, 0.00001 }, { 5.04047, 11.70289, 0.00001 }, { 5.04047, 11.70289, 0.00001 }, { 8.15527, 11.70289, 0.00000 }, { 8.15527, 11.70289, 0.00000 }, { 8.15527, 11.70289, 0.00000 }, { 8.15527, 5.19325, 0.00000 }, { 8.15527, 5.19325, 0.00000 }, { 8.15527, 5.19325, 0.00000 }, { 5.04050, 5.19325, 0.00001 }, { 5.04050, 5.19325, 0.00001 }, },
			},
		},
	},
	["layout_1"] = {
		models = {
			["asset/ground/container_wood.mdl"] = {
				{ 1.00000, 0.00000, 0.00000, 0.00000, 0.00000, 1.00000, 0.00000, 0.00000, 0.00000, 0.00000, 1.00000, 0.00000, 4.78000, 15.16000, 0.00000, 1.00000, ignore = { 2, 50 }, },
			},
			["asset/vegetation/hedge_m.mdl"] = {
				{ -1.00000, 0.00000, 0.00000, 0.00000, -0.00000, -1.00000, 0.00000, 0.00000, 0.00000, 0.00000, 1.00000, 0.00000, -5.77000, 0.91667, -0.20000, 1.00000, },
				{ -1.00000, 0.00000, 0.00000, 0.00000, -0.00000, -1.00000, 0.00000, 0.00000, 0.00000, 0.00000, 1.00000, 0.00000, -1.42000, 0.91667, -0.20000, 1.00000, },
				{ -0.00000, -1.00000, 0.00000, 0.00000, 1.00000, -0.00000, -0.00000, 0.00000, 0.00000, -0.00000, 1.00000, 0.00000, 8.07000, 0.50000, -0.20000, 1.00000, },
				{ -0.00000, -1.00000, 0.00000, 0.00000, 1.00000, -0.00000, -0.00000, 0.00000, 0.00000, -0.00000, 1.00000, 0.00000, 1.82000, 0.50000, -0.20000, 1.00000, },
				{ -0.00000, -1.00000, 0.00000, 0.00000, 1.00000, -0.00000, -0.00000, 0.00000, 0.00000, -0.00000, 1.00000, 0.00000, -8.34000, 0.50000, -0.20000, 1.00000, },
				{ -0.00000, 1.00000, 0.00000, 0.00000, -1.00000, -0.00000, -0.00000, 0.00000, -0.00000, -0.00000, 1.00000, 0.00000, 10.89000, 0.50000, -0.20000, 1.00000, },
				{ -0.00000, 1.00000, 0.00000, 0.00000, -1.00000, -0.00000, -0.00000, 0.00000, -0.00000, -0.00000, 1.00000, 0.00000, 4.64000, 0.50000, -0.20000, 1.00000, },
				{ 1.00000, 0.00000, 0.00000, 0.00000, -0.00000, 1.00000, -0.00000, 0.00000, -0.00000, -0.00000, 1.00000, 0.00000, -5.77000, 2.53667, -0.20000, 1.00000, },
				{ 1.00000, 0.00000, 0.00000, 0.00000, -0.00000, 1.00000, -0.00000, 0.00000, -0.00000, -0.00000, 1.00000, 0.00000, -1.42000, 2.53667, -0.20000, 1.00000, },
				{ -0.00000, 1.00000, 0.00000, 0.00000, -1.00000, -0.00000, -0.00000, 0.00000, -0.00000, -0.00000, 1.00000, 0.00000, 6.50000, 0.50000, -0.20000, 1.00000, },
				{ -0.00000, 1.00000, 0.00000, 0.00000, -1.00000, -0.00000, -0.00000, 0.00000, -0.00000, -0.00000, 1.00000, 0.00000, 0.25000, 0.50000, -0.20000, 1.00000, },
				{ -0.00000, 1.00000, 0.00000, 0.00000, -1.00000, -0.00000, -0.00000, 0.00000, -0.00000, -0.00000, 1.00000, 0.00000, -0.90000, 0.50000, -0.20000, 1.00000, },
				{ -0.00000, 1.00000, 0.00000, 0.00000, -1.00000, -0.00000, -0.00000, 0.00000, -0.00000, -0.00000, 1.00000, 0.00000, -9.87000, 0.50000, -0.20000, 1.00000, },
				{ -0.00000, -1.00000, 0.00000, 0.00000, 1.00000, -0.00000, -0.00000, 0.00000, 0.00000, -0.00000, 1.00000, 0.00000, 9.53000, 0.50000, -0.20000, 1.00000, },
				{ -0.00000, -1.00000, 0.00000, 0.00000, 1.00000, -0.00000, -0.00000, 0.00000, 0.00000, -0.00000, 1.00000, 0.00000, 3.28000, 0.50000, -0.20000, 1.00000, },
				{ -0.00000, -1.00000, 0.00000, 0.00000, 1.00000, -0.00000, -0.00000, 0.00000, 0.00000, -0.00000, 1.00000, 0.00000, -6.70000, 0.50000, -0.20000, 1.00000, },
				{ -0.00000, -1.00000, 0.00000, 0.00000, 1.00000, -0.00000, -0.00000, 0.00000, 0.00000, -0.00000, 1.00000, 0.00000, -11.16000, 0.50000, -0.20000, 1.00000, },
			},
		},
		groups = {
			["era_a_com_1_asset_ground_chair.grp"] = {
				{ -0.06279, 0.99803, -0.00000, 0.00000, -0.99803, -0.06279, 0.00000, 0.00000, 0.00000, 0.00000, 1.00000, 0.00000, -8.23237, 17.54603, -0.00000, 1.00000, seed = 123, },
				{ -0.66653, 0.74548, 0.00000, 0.00000, -0.74548, -0.66653, 0.00000, 0.00000, 0.00000, -0.00000, 1.00000, 0.00000, -7.87935, 16.69569, -0.00000, 1.00000, seed = 123, },
				{ 0.31896, -0.94777, 0.00000, 0.00000, 0.94777, 0.31896, 0.00000, 0.00000, -0.00000, -0.00000, 1.00000, 0.00000, -6.86069, 17.87265, 0.00000, 1.00000, seed = 123, },
				{ 0.02443, -0.99970, -0.00000, 0.00000, 0.99970, 0.02443, -0.00000, 0.00000, 0.00000, -0.00000, 1.00000, 0.00000, -6.60699, 17.04940, 0.00000, 1.00000, seed = 123, },
			},
			["era_a_com_1_asset_ground_table.grp"] = {
				{ 0.23853, -0.97113, 0.00000, 0.00000, 0.97113, 0.23853, 0.00000, 0.00000, 0.00000, 0.00000, 1.00000, 0.00000, -7.38000, 17.22000, 0.00000, 1.00000, seed = 123, },
			},
			["era_a_garden_sunshade.grp"] = {
				{ 0.45399, -0.89101, 0.00000, 0.00000, 0.89101, 0.45399, 0.00000, 0.00000, -0.00000, -0.00000, 1.00000, 0.00000, -7.35938, 17.21992, 0.00000, 1.00000, seed = 123, },
			},
			["random_large_tree_town.grp"] = {
				{ 0.75000, 0.00000, 0.00000, 0.00000, 0.00000, 0.75000, 0.00000, 0.00000, 0.00000, 0.00000, 0.75000, 0.00000, 7.49000, 18.10000, 0.00000, 1.00000, },
				{ -0.90631, 0.42262, 0.00000, 0.00000, -0.42262, -0.90631, 0.00000, 0.00000, 0.00000, 0.00000, 1.00000, 0.00000, -9.20000, 22.20000, 0.00000, 1.00000, },
				{ 0.79229, -0.61015, 0.00000, 0.00000, 0.61015, 0.79229, 0.00000, 0.00000, 0.00000, 0.00000, 1.00000, 0.00000, 5.40000, 22.20000, 0.00000, 1.00000, },
			},
			["random_medium_tree_town.grp"] = {
				{ -0.69678, 0.06709, 0.00000, 0.00000, -0.06709, -0.69678, -0.00000, 0.00000, 0.00000, -0.00000, 0.70000, 0.00000, 10.05000, 10.80000, 0.00000, 1.00000, },
				{ 0.41431, 0.62596, 0.00000, 0.00000, -0.62596, 0.41431, -0.00000, 0.00000, -0.00000, -0.00000, 0.75065, 0.00000, 10.05000, 21.65000, 0.00000, 1.00000, },
				{ -0.67742, 0.12555, 0.00000, 0.00000, -0.12555, -0.67742, -0.00000, 0.00000, 0.00000, -0.00000, 0.68896, 0.00000, -5.00000, 22.55000, 0.00000, 1.00000, },
				{ -0.56371, 0.56766, 0.00000, 0.00000, -0.56766, -0.56371, -0.00000, 0.00000, 0.00000, -0.00000, 0.80000, 0.00000, -0.50000, 22.70000, 0.00000, 1.00000, },
			},
			["random_shrub_town.grp"] = {
				{ -0.71617, -0.43898, 0.00000, 0.00000, 0.43898, -0.71617, 0.00000, 0.00000, 0.00000, 0.00000, 0.84000, 0.00000, -10.25044, 8.21564, 0.00000, 1.00000, },
				{ 0.27200, 0.79474, 0.00000, 0.00000, -0.79474, 0.27200, 0.00000, 0.00000, 0.00000, 0.00000, 0.84000, 0.00000, -9.60044, 10.25564, 0.00000, 1.00000, },
				{ -0.72382, 0.42625, 0.00000, 0.00000, -0.42625, -0.72382, 0.00000, 0.00000, 0.00000, 0.00000, 0.84000, 0.00000, -9.42044, 6.36564, 0.00000, 1.00000, },
				{ 0.80544, -0.23848, 0.00000, 0.00000, 0.23848, 0.80544, 0.00000, 0.00000, 0.00000, 0.00000, 0.84000, 0.00000, 9.09956, 17.96564, 0.00000, 1.00000, },
				{ -0.42372, -0.72530, 0.00000, 0.00000, 0.72530, -0.42372, 0.00000, 0.00000, 0.00000, 0.00000, 0.84000, 0.00000, 7.39956, 17.10564, 0.00000, 1.00000, },
				{ -0.42372, -0.72530, 0.00000, 0.00000, 0.72530, -0.42372, 0.00000, 0.00000, 0.00000, 0.00000, 0.84000, 0.00000, 6.75956, 19.30564, 0.00000, 1.00000, },
				{ 0.81020, 0.22175, 0.00000, 0.00000, -0.22175, 0.81020, 0.00000, 0.00000, 0.00000, 0.00000, 0.84000, 0.00000, 10.13956, 20.01564, 0.00000, 1.00000, },
				{ -0.14144, -0.82801, 0.00000, 0.00000, 0.82801, -0.14144, 0.00000, 0.00000, 0.00000, 0.00000, 0.84000, 0.00000, 8.17956, 20.57564, 0.00000, 1.00000, },
				{ 0.67091, -0.50545, 0.00000, 0.00000, 0.50545, 0.67091, 0.00000, 0.00000, 0.00000, 0.00000, 0.84000, 0.00000, -1.30044, 14.87564, 0.00000, 1.00000, },
				{ 0.67091, -0.50545, 0.00000, 0.00000, 0.50545, 0.67091, 0.00000, 0.00000, 0.00000, 0.00000, 0.84000, 0.00000, -1.24044, 13.73564, 0.00000, 1.00000, },
				{ 0.03069, 0.83944, 0.00000, 0.00000, -0.83944, 0.03069, 0.00000, 0.00000, 0.00000, 0.00000, 0.84000, 0.00000, -2.12044, 16.26564, 0.00000, 1.00000, },
				{ 0.03069, 0.83944, 0.00000, 0.00000, -0.83944, 0.03069, 0.00000, 0.00000, 0.00000, 0.00000, 0.84000, 0.00000, 10.75956, 3.89564, 0.00000, 1.00000, },
				{ 0.74505, 0.38795, 0.00000, 0.00000, -0.38795, 0.74505, 0.00000, 0.00000, 0.00000, 0.00000, 0.84000, 0.00000, -3.40044, 17.07564, 0.00000, 1.00000, },
				{ 0.74505, 0.38795, 0.00000, 0.00000, -0.38795, 0.74505, 0.00000, 0.00000, 0.00000, 0.00000, 0.84000, 0.00000, 9.49956, 2.80564, 0.00000, 1.00000, },
				{ -0.59076, -0.59716, 0.00000, 0.00000, 0.59716, -0.59076, 0.00000, 0.00000, 0.00000, 0.00000, 0.84000, 0.00000, -3.49044, 15.35564, 0.00000, 1.00000, },
				{ -0.04116, 0.83899, 0.00000, 0.00000, -0.83899, -0.04116, 0.00000, 0.00000, 0.00000, 0.00000, 0.84000, 0.00000, -3.07044, 13.71564, 0.00000, 1.00000, },
				{ 0.49501, -0.67865, 0.00000, 0.00000, 0.67865, 0.49501, 0.00000, 0.00000, 0.00000, 0.00000, 0.84000, 0.00000, -8.98044, 8.65564, 0.00000, 1.00000, },
			},
			["random_shrub_town_fence.grp"] = {
				{ 0.99856, -0.05359, 0.00000, 0.00000, 0.05359, 0.99856, 0.00000, 0.00000, 0.00000, 0.00000, 1.00000, 0.00000, -7.80832, 13.45000, 0.00000, 1.00000, },
				{ -0.05359, -0.99856, 0.00000, 0.00000, 0.99856, -0.05359, 0.00000, 0.00000, 0.00000, 0.00000, 1.00000, 0.00000, -11.19232, 17.86600, 0.00000, 1.00000, },
				{ 0.05359, 0.99856, 0.00000, 0.00000, -0.99856, 0.05359, 0.00000, 0.00000, 0.00000, 0.00000, 1.00000, 0.00000, -9.35831, 13.45000, 0.00000, 1.00000, },
				{ 0.99856, -0.05359, 0.00000, 0.00000, 0.05359, 0.99856, 0.00000, 0.00000, 0.00000, 0.00000, 1.00000, 0.00000, -11.19231, 19.41600, 0.00000, 1.00000, },
				{ -0.99856, 0.05359, -0.00000, 0.00000, -0.05359, -0.99856, 0.00000, 0.00000, -0.00000, 0.00000, 1.00000, 0.00000, -11.00831, 13.45000, 0.00000, 1.00000, },
				{ 0.75094, 0.66037, 0.00000, 0.00000, -0.66037, 0.75094, 0.00000, 0.00000, -0.00000, -0.00000, 1.00000, 0.00000, -6.29831, 13.45000, 0.00000, 1.00000, },
				{ 0.66037, -0.75094, 0.00000, 0.00000, 0.75094, 0.66037, 0.00000, 0.00000, -0.00000, -0.00000, 1.00000, 0.00000, -11.19231, 16.35600, 0.00000, 1.00000, },
				{ 0.79518, 0.60638, 0.00000, 0.00000, -0.60638, 0.79518, 0.00000, 0.00000, -0.00000, -0.00000, 1.00000, 0.00000, -4.73831, 13.45000, 0.00000, 1.00000, },
				{ -0.72930, 0.68419, -0.00000, 0.00000, -0.68419, -0.72930, 0.00000, 0.00000, -0.00000, 0.00000, 1.00000, 0.00000, -11.19231, 14.79600, 0.00000, 1.00000, },
			},
		},
	},
}
--End Generated

function data()
	return townbuildingutil.make_building2(
		{ { -4.60, -0.10 }, { 4.60, -0.10 }, { 4.60, 9.10 }, { -4.60, 9.10 } },
		"RESIDENTIAL", 
		"A", 
		1,
		{ 3, 3 },
		generatedData,
		"construction/building/era_a/res_1_3x3_02.gtex"
	)
end
