local townbuildingutil = require "townbuildingutil"

--Model file: "building/era_a/res_1_4x4_02.mdl"

--Begin Generated
local generatedData = {
	["base"] = {
		models = {
			["building/era_a/res_1_4x4_02.mdl"] = {
				{ 1.00000, 0.00000, 0.00000, 0.00000, 0.00000, 1.00000, 0.00000, 0.00000, 0.00000, 0.00000, 1.00000, 0.00000, 0.00000, 0.00000, 0.00000, 1.00000, },
			},
		},
		curves = {
			["scaffold"] = {
				{ { 6.43790, 7.65554, 0.00000 }, { 6.43790, 7.65554, 0.00000 }, { 6.43790, 18.48218, 0.00000 }, { 6.43790, 18.48218, 0.00000 }, { 6.43790, 18.48218, 0.00000 }, { -6.42276, 18.48218, 0.00000 }, { -6.42276, 18.48218, 0.00000 }, { -6.42276, 18.48218, 0.00000 }, { -6.41727, 16.59044, 0.00000 }, { -6.41727, 16.59044, 0.00000 }, { -6.41727, 16.59044, 0.00000 }, { -8.13635, 16.59044, 0.00000 }, { -8.13635, 16.59044, 0.00000 }, { -8.13635, 16.59044, 0.00000 }, { -8.13623, 11.58242, 0.00000 }, { -8.13623, 11.58242, 0.00000 }, { -8.13623, 11.58242, 0.00000 }, { -7.48419, 11.58242, 0.00000 }, { -7.48419, 11.58242, 0.00000 }, { -7.48419, 11.58242, 0.00000 }, { -7.48419, 9.28328, 0.00000 }, { -7.48419, 9.28328, 0.00000 }, { -7.48419, 9.28328, 0.00000 }, { -6.41727, 9.28328, 0.00000 }, { -6.41727, 9.28328, 0.00000 }, { -6.41727, 9.28328, 0.00000 }, { -6.41727, 7.65554, 0.00000 }, { -6.41727, 7.65554, 0.00000 }, },
			},
			["shared/asphalt_01.gtex.lua;shared/dirt.gtex.lua"] = {
				{ { -5.00000, 0.00000, 0.00000 }, { -5.00000, 0.00000, 0.00000 }, { -5.00000, 7.30168, 0.00000 }, { -5.00000, 7.30168, 0.00000 }, { -5.00000, 7.30168, 0.00000 }, { 6.79184, 7.30168, 0.00000 }, { 6.79184, 7.30168, 0.00000 }, { 6.79184, 7.30168, 0.00000 }, { 6.79187, 18.83574, 0.00000 }, { 6.79187, 18.83574, 0.00000 }, { 6.79187, 18.83574, 0.00000 }, { -6.77612, 18.83574, 0.00000 }, { -6.77612, 18.83574, 0.00000 }, { -6.77612, 18.83574, 0.00000 }, { -6.77612, 17.39726, 0.00000 }, { -6.77612, 17.39726, 0.00000 }, { -6.77612, 17.39726, 0.00000 }, { -8.93628, 17.39726, 0.00000 }, { -8.93628, 17.39726, 0.00000 }, { -8.93628, 17.39726, 0.00000 }, { -8.93628, 0.00000, 0.00000 }, { -8.93628, 0.00000, 0.00000 }, },
			},
			["shared/grass_cutted_01.gtex.lua"] = {
				{ { -8.93628, 1.50000, 0.00000 }, { -8.93628, 1.50000, 0.00000 }, { -8.93628, 8.00000, 0.00000 }, { -8.93628, 8.00000, 0.00000 }, { -8.93628, 8.00000, 0.00000 }, { -11.00000, 8.00000, 0.00000 }, { -11.00000, 8.00000, 0.00000 }, { -11.00000, 8.00000, 0.00000 }, { -11.00000, 18.90000, 0.00000 }, { -11.00000, 18.90000, 0.00000 }, { -11.00000, 18.90000, 0.00000 }, { -8.55002, 18.90000, 0.00000 }, { -8.55002, 18.90000, 0.00000 }, { -8.55002, 18.90000, 0.00000 }, { -8.55002, 20.55000, 0.00000 }, { -8.55002, 20.55000, 0.00000 }, { -8.55002, 20.55000, 0.00000 }, { -4.00000, 20.55000, 0.00000 }, { -4.00000, 20.55000, 0.00000 }, { -4.00000, 20.55000, 0.00000 }, { -4.00000, 32.00000, 0.00000 }, { -4.00000, 32.00000, 0.00000 }, { -4.00000, 32.00000, 0.00000 }, { -16.00000, 32.00000, 0.00000 }, { -16.00000, 32.00000, 0.00000 }, { -16.00000, 31.99999, 0.00000 }, { -16.00000, 1.50000, 0.00000 }, { -16.00000, 1.50000, 0.00000 }, },
				{ { 16.00000, 1.50000, 0.00000 }, { 16.00000, 1.50000, 0.00000 }, { 16.00000, 31.99999, 0.00000 }, { 16.00000, 32.00000, 0.00000 }, { 16.00000, 32.00000, 0.00000 }, { -4.00000, 32.00000, 0.00000 }, { -4.00000, 32.00000, 0.00000 }, { -4.00000, 32.00000, 0.00000 }, { -4.00000, 28.00000, 0.00000 }, { -4.00000, 28.00000, 0.00000 }, { -4.00000, 28.00000, 0.00000 }, { 8.35001, 28.00000, 0.00000 }, { 8.35001, 28.00000, 0.00000 }, { 8.35001, 27.99999, 0.00000 }, { 8.35001, 7.30168, 0.00000 }, { 8.35001, 7.30168, 0.00000 }, { 8.35001, 7.30168, 0.00000 }, { -5.00000, 7.30168, 0.00000 }, { -5.00000, 7.30168, 0.00000 }, { -5.00000, 7.30168, 0.00000 }, { -5.00000, 1.50000, 0.00000 }, { -5.00000, 1.50000, 0.00000 }, },
			},
			["shared/gravel_02.gtex.lua"] = {
				{ { -8.93628, 0.00000, 0.00000 }, { -8.93628, 0.00000, 0.00000 }, { -8.93628, 1.50000, 0.00000 }, { -8.93628, 1.50000, 0.00000 }, { -8.93628, 1.50000, 0.00000 }, { -16.00000, 1.50000, 0.00000 }, { -16.00000, 1.50000, 0.00000 }, { -16.00000, 1.50000, 0.00000 }, { -16.00000, 0.00000, 0.00000 }, { -16.00000, 0.00000, 0.00000 }, },
				{ { 16.00000, 0.00000, 0.00000 }, { 16.00000, 0.00000, 0.00000 }, { 16.00000, 1.50000, 0.00000 }, { 16.00000, 1.50000, 0.00000 }, { 16.00000, 1.50000, 0.00000 }, { -5.00000, 1.50000, 0.00000 }, { -5.00000, 1.50000, 0.00000 }, { -5.00000, 1.50000, 0.00000 }, { -5.00000, 0.00000, 0.00000 }, { -5.00000, 0.00000, 0.00000 }, },
				{ { 6.79184, 7.30168, 0.00000 }, { 6.79184, 7.30168, 0.00000 }, { 8.35001, 7.30168, 0.00000 }, { 8.35001, 7.30168, 0.00000 }, { 8.35001, 7.30168, 0.00000 }, { 8.35001, 18.00000, 0.00000 }, { 8.35001, 18.00000, 0.00000 }, { 8.35001, 18.00000, 0.00000 }, { 8.35001, 28.00000, 0.00000 }, { 8.35001, 28.00000, 0.00000 }, { 8.35001, 28.00000, 0.00000 }, { -4.00000, 28.00000, 0.00000 }, { -4.00000, 28.00000, 0.00000 }, { -4.00000, 28.00000, 0.00000 }, { -4.00000, 20.55000, 0.00000 }, { -4.00000, 20.55000, 0.00000 }, { -4.00000, 20.55000, 0.00000 }, { -8.55002, 20.55000, 0.00000 }, { -8.55002, 20.55000, 0.00000 }, { -8.55002, 20.55000, 0.00000 }, { -8.55002, 18.90000, 0.00000 }, { -8.55002, 18.90000, 0.00000 }, { -8.55002, 18.90000, 0.00000 }, { -11.00000, 18.90000, 0.00000 }, { -11.00000, 18.90000, 0.00000 }, { -11.00000, 18.90000, 0.00000 }, { -11.00000, 8.00000, 0.00000 }, { -11.00000, 8.00000, 0.00000 }, { -11.00000, 8.00000, 0.00000 }, { -8.93628, 8.00000, 0.00000 }, { -8.93628, 8.00000, 0.00000 }, },
			},
		},
	},
	["layout_1"] = {
		models = {
			["asset/ground/container_wood.mdl"] = {
				{ -0.00000, -1.00000, 0.00000, 0.00000, 1.00000, -0.00000, 0.00000, 0.00000, 0.00000, 0.00000, 1.00000, 0.00000, -8.63000, 14.01000, 0.00000, 1.00000, ignore = { 2, 50 }, },
			},
			["asset/vegetation/hedge_m.mdl"] = {
				{ -1.00000, -0.00000, 0.00000, 0.00000, 0.00000, -1.00000, 0.00000, 0.00000, 0.00000, 0.00000, 1.00000, 0.00000, -15.35363, 0.97040, -0.20000, 1.00000, },
				{ -1.00000, -0.00000, 0.00000, 0.00000, 0.00000, -1.00000, 0.00000, 0.00000, 0.00000, 0.00000, 1.00000, 0.00000, -9.59363, 0.97040, -0.20000, 1.00000, },
				{ -1.00000, -0.00000, 0.00000, 0.00000, 0.00000, -1.00000, 0.00000, 0.00000, 0.00000, 0.00000, 1.00000, 0.00000, -4.39363, 0.97040, -0.20000, 1.00000, },
				{ 1.00000, 0.00000, 0.00000, 0.00000, -0.00000, 1.00000, 0.00000, 0.00000, 0.00000, 0.00000, 1.00000, 0.00000, -15.35363, 1.86040, -0.20000, 1.00000, },
				{ 1.00000, 0.00000, 0.00000, 0.00000, -0.00000, 1.00000, 0.00000, 0.00000, 0.00000, 0.00000, 1.00000, 0.00000, -9.59363, 1.86040, -0.20000, 1.00000, },
				{ 1.00000, 0.00000, 0.00000, 0.00000, -0.00000, 1.00000, 0.00000, 0.00000, 0.00000, 0.00000, 1.00000, 0.00000, -4.39363, 1.86040, -0.20000, 1.00000, },
				{ -1.00000, -0.00000, 0.00000, 0.00000, 0.00000, -1.00000, 0.00000, 0.00000, 0.00000, 0.00000, 1.00000, 0.00000, -15.35363, 2.89040, -0.20000, 1.00000, },
				{ -1.00000, -0.00000, 0.00000, 0.00000, 0.00000, -1.00000, 0.00000, 0.00000, 0.00000, 0.00000, 1.00000, 0.00000, -9.59363, 2.89040, -0.20000, 1.00000, },
				{ -1.00000, -0.00000, 0.00000, 0.00000, 0.00000, -1.00000, 0.00000, 0.00000, 0.00000, 0.00000, 1.00000, 0.00000, -4.39363, 2.89040, -0.20000, 1.00000, },
				{ 1.00000, 0.00000, 0.00000, 0.00000, -0.00000, 1.00000, 0.00000, 0.00000, 0.00000, 0.00000, 1.00000, 0.00000, 15.34637, 0.97040, -0.20000, 1.00000, },
				{ -1.00000, -0.00000, 0.00000, 0.00000, 0.00000, -1.00000, 0.00000, 0.00000, 0.00000, 0.00000, 1.00000, 0.00000, 15.34637, 1.86040, -0.20000, 1.00000, },
				{ 1.00000, 0.00000, 0.00000, 0.00000, -0.00000, 1.00000, 0.00000, 0.00000, 0.00000, 0.00000, 1.00000, 0.00000, 15.34637, 2.89040, -0.20000, 1.00000, },
				{ 0.00000, 1.00000, 0.00000, 0.00000, -1.00000, 0.00000, 0.00000, 0.00000, -0.00000, -0.00000, 1.00000, 0.00000, -9.37610, 31.31185, -0.20000, 1.00000, },
				{ 0.00000, 1.00000, 0.00000, 0.00000, -1.00000, 0.00000, 0.00000, 0.00000, -0.00000, -0.00000, 1.00000, 0.00000, -5.27610, 31.31185, -0.20000, 1.00000, },
				{ 0.00000, -1.00000, 0.00000, 0.00000, 1.00000, 0.00000, -0.00000, 0.00000, -0.00000, 0.00000, 1.00000, 0.00000, -12.19610, 31.31185, -0.20000, 1.00000, },
				{ 0.00000, -1.00000, 0.00000, 0.00000, 1.00000, 0.00000, -0.00000, 0.00000, -0.00000, 0.00000, 1.00000, 0.00000, -13.57610, 31.31185, -0.20000, 1.00000, },
				{ 0.00000, -1.00000, 0.00000, 0.00000, 1.00000, 0.00000, -0.00000, 0.00000, -0.00000, 0.00000, 1.00000, 0.00000, -7.80610, 31.31185, -0.20000, 1.00000, },
				{ 0.00000, -1.00000, 0.00000, 0.00000, 1.00000, 0.00000, -0.00000, 0.00000, -0.00000, 0.00000, 1.00000, 0.00000, -4.04610, 31.31185, -0.20000, 1.00000, },
				{ 0.00000, -1.00000, 0.00000, 0.00000, 1.00000, 0.00000, -0.00000, 0.00000, -0.00000, 0.00000, 1.00000, 0.00000, -6.75610, 31.31185, -0.20000, 1.00000, },
				{ 0.00000, -1.00000, 0.00000, 0.00000, 1.00000, 0.00000, -0.00000, 0.00000, -0.00000, 0.00000, 1.00000, 0.00000, -2.99610, 31.31185, -0.20000, 1.00000, },
				{ 0.00000, 1.00000, 0.00000, 0.00000, -1.00000, 0.00000, 0.00000, 0.00000, -0.00000, -0.00000, 1.00000, 0.00000, -10.83610, 31.31185, -0.20000, 1.00000, },
				{ 0.00000, 1.00000, 0.00000, 0.00000, -1.00000, 0.00000, 0.00000, 0.00000, -0.00000, -0.00000, 1.00000, 0.00000, -14.95610, 31.31185, -0.20000, 1.00000, },
				{ 0.00000, 1.00000, 0.00000, 0.00000, -1.00000, 0.00000, 0.00000, 0.00000, -0.00000, -0.00000, 1.00000, 0.00000, 3.92390, 31.31185, -0.20000, 1.00000, },
				{ 0.00000, 1.00000, 0.00000, 0.00000, -1.00000, 0.00000, 0.00000, 0.00000, -0.00000, -0.00000, 1.00000, 0.00000, 8.02390, 31.31185, -0.20000, 1.00000, },
				{ 0.00000, -1.00000, 0.00000, 0.00000, 1.00000, 0.00000, -0.00000, 0.00000, -0.00000, 0.00000, 1.00000, 0.00000, 1.10390, 31.31185, -0.20000, 1.00000, },
				{ 0.00000, -1.00000, 0.00000, 0.00000, 1.00000, 0.00000, -0.00000, 0.00000, -0.00000, 0.00000, 1.00000, 0.00000, -0.27610, 31.31185, -0.20000, 1.00000, },
				{ 0.00000, -1.00000, 0.00000, 0.00000, 1.00000, 0.00000, -0.00000, 0.00000, -0.00000, 0.00000, 1.00000, 0.00000, 5.49390, 31.31185, -0.20000, 1.00000, },
				{ 0.00000, -1.00000, 0.00000, 0.00000, 1.00000, 0.00000, -0.00000, 0.00000, -0.00000, 0.00000, 1.00000, 0.00000, 9.25390, 31.31185, -0.20000, 1.00000, },
				{ 0.00000, -1.00000, 0.00000, 0.00000, 1.00000, 0.00000, -0.00000, 0.00000, -0.00000, 0.00000, 1.00000, 0.00000, 6.54390, 31.31185, -0.20000, 1.00000, },
				{ 0.00000, -1.00000, 0.00000, 0.00000, 1.00000, 0.00000, -0.00000, 0.00000, -0.00000, 0.00000, 1.00000, 0.00000, 10.30390, 31.31185, -0.20000, 1.00000, },
				{ 0.00000, 1.00000, 0.00000, 0.00000, -1.00000, 0.00000, 0.00000, 0.00000, -0.00000, -0.00000, 1.00000, 0.00000, 2.46390, 31.31185, -0.20000, 1.00000, },
				{ 0.00000, 1.00000, 0.00000, 0.00000, -1.00000, 0.00000, 0.00000, 0.00000, -0.00000, -0.00000, 1.00000, 0.00000, -1.65610, 31.31185, -0.20000, 1.00000, },
				{ 0.00000, 1.00000, 0.00000, 0.00000, -1.00000, 0.00000, 0.00000, 0.00000, -0.00000, -0.00000, 1.00000, 0.00000, 13.92390, 31.31185, -0.20000, 1.00000, },
				{ 0.00000, -1.00000, 0.00000, 0.00000, 1.00000, 0.00000, -0.00000, 0.00000, -0.00000, 0.00000, 1.00000, 0.00000, 11.39390, 31.31185, -0.20000, 1.00000, },
				{ 0.00000, -1.00000, 0.00000, 0.00000, 1.00000, 0.00000, -0.00000, 0.00000, -0.00000, 0.00000, 1.00000, 0.00000, 14.99390, 31.31185, -0.20000, 1.00000, },
				{ 0.00000, -1.00000, 0.00000, 0.00000, 1.00000, 0.00000, -0.00000, 0.00000, -0.00000, 0.00000, 1.00000, 0.00000, 12.44390, 31.31185, -0.20000, 1.00000, },
			},
		},
		groups = {
			["era_a_com_1_asset_ground_double_bench.grp"] = {
				{ -0.98357, 0.18052, -0.00000, 0.00000, -0.18052, -0.98357, 0.00000, 0.00000, -0.00000, 0.00000, 1.00000, 0.00000, 3.35197, 22.92347, 0.00000, 1.00000, seed = 123, },
				{ 0.98357, -0.18052, -0.00000, 0.00000, 0.18052, 0.98357, 0.00000, 0.00000, -0.00000, -0.00000, 1.00000, 0.00000, 3.65705, 24.58571, -0.00000, 1.00000, seed = 123, },
			},
			["era_a_com_1_asset_ground_table.grp"] = {
				{ -0.98357, 0.18052, -0.00000, 0.00000, -0.18052, -0.98357, 0.00000, 0.00000, -0.00000, 0.00000, 1.00000, 0.00000, 3.50000, 23.73000, 0.00000, 1.00000, seed = 123, },
			},
			["era_a_garden_bench.grp"] = {
				{ -0.00000, 1.00000, 0.00000, 0.00000, -1.00000, -0.00000, 0.00000, 0.00000, 0.00000, 0.00000, 1.00000, 0.00000, -3.53000, 26.05000, 0.00000, 1.00000, seed = 123, },
				{ 1.00000, -0.00000, 0.00000, 0.00000, 0.00000, 1.00000, 0.00000, 0.00000, 0.00000, 0.00000, 1.00000, 0.00000, -2.17000, 27.59000, 0.00000, 1.00000, seed = 123, },
			},
			["era_a_garden_ladder.grp"] = {
				{ 0.58212, -0.81310, 0.00000, 0.00000, 0.81310, 0.58212, 0.00000, 0.00000, 0.00000, 0.00000, 1.00000, 0.00000, 13.68000, 19.65000, 0.00000, 1.00000, seed = 123, },
			},
			["era_a_garden_sunshade.grp"] = {
				{ -0.58212, 0.81310, -0.00000, 0.00000, -0.81310, -0.58212, -0.00000, 0.00000, -0.00000, 0.00000, 1.00000, 0.00000, 3.49981, 23.72941, 0.00000, 1.00000, seed = 123, },
			},
			["random_large_tree_town.grp"] = {
				{ -0.05234, -0.99863, 0.00000, 0.00000, 0.99863, -0.05234, -0.00000, 0.00000, 0.00000, -0.00000, 1.00000, 0.00000, -12.53000, 28.22000, 0.00000, 1.00000, },
				{ 0.76297, 0.24056, 0.00000, 0.00000, -0.24056, 0.76297, -0.00000, 0.00000, -0.00000, 0.00000, 0.80000, 0.00000, -6.98000, 27.52000, 0.00000, 1.00000, },
				{ -0.79696, 0.06972, 0.00000, 0.00000, -0.06972, -0.79696, -0.00000, 0.00000, -0.00000, -0.00000, 0.80000, 0.00000, -13.88000, 18.72000, 0.00000, 1.00000, },
			},
			["random_medium_tree_town.grp"] = {
				{ 0.99970, -0.02443, 0.00000, 0.00000, 0.02443, 0.99970, -0.00000, 0.00000, -0.00000, 0.00000, 1.00000, 0.00000, 13.55000, 27.40000, 0.00000, 1.00000, },
				{ -0.91355, -0.40674, 0.00000, 0.00000, 0.40674, -0.91355, -0.00000, 0.00000, 0.00000, -0.00000, 1.00000, 0.00000, 14.30000, 14.50000, 0.00000, 1.00000, },
				{ 0.82015, 0.57215, 0.00000, 0.00000, -0.57215, 0.82015, -0.00000, 0.00000, -0.00000, 0.00000, 1.00000, 0.00000, -13.05000, 23.30000, 0.00000, 1.00000, },
				{ -0.89956, -0.43680, 0.00000, 0.00000, 0.43680, -0.89956, -0.00000, 0.00000, 0.00000, -0.00000, 1.00000, 0.00000, 14.15000, 21.79000, 0.00000, 1.00000, },
				{ 0.54662, 0.58413, 0.00000, 0.00000, -0.58413, 0.54662, -0.00000, 0.00000, -0.00000, -0.00000, 0.80000, 0.00000, -9.52000, 24.25000, 0.00000, 1.00000, },
			},
			["random_shrub_town.grp"] = {
				{ 0.58646, -0.80997, 0.00000, 0.00000, 0.80997, 0.58646, 0.00000, 0.00000, 0.00000, 0.00000, 1.00000, 0.00000, -11.61044, 4.50564, 0.00000, 1.00000, },
				{ 0.49263, -0.68038, 0.00000, 0.00000, 0.68038, 0.49263, 0.00000, 0.00000, 0.00000, 0.00000, 0.84000, 0.00000, -12.36044, 10.70564, 0.00000, 1.00000, },
				{ -0.27200, -0.79474, 0.00000, 0.00000, 0.79474, -0.27200, 0.00000, 0.00000, 0.00000, 0.00000, 0.84000, 0.00000, -7.30515, 22.95894, 0.00000, 1.00000, },
				{ -0.63003, -0.55557, 0.00000, 0.00000, 0.55557, -0.63003, 0.00000, 0.00000, 0.00000, 0.00000, 0.84000, 0.00000, -11.66044, 11.85564, 0.00000, 1.00000, },
				{ -0.81715, 0.19458, 0.00000, 0.00000, -0.19458, -0.81715, -0.00000, 0.00000, 0.00000, -0.00000, 0.84000, 0.00000, -5.96193, 23.04984, 0.00000, 1.00000, },
				{ 0.79962, 0.60051, 0.00000, 0.00000, -0.60051, 0.79962, 0.00000, 0.00000, 0.00000, 0.00000, 1.00000, 0.00000, -14.68044, 4.60564, 0.00000, 1.00000, },
				{ -0.41618, -0.90928, 0.00000, 0.00000, 0.90928, -0.41618, 0.00000, 0.00000, 0.00000, 0.00000, 1.00000, 0.00000, -9.88044, 4.60564, 0.00000, 1.00000, },
				{ -0.69474, 0.71926, 0.00000, 0.00000, -0.71926, -0.69474, 0.00000, 0.00000, 0.00000, 0.00000, 1.00000, 0.00000, -13.11044, 4.51564, 0.00000, 1.00000, },
				{ -0.58358, 0.60418, 0.00000, 0.00000, -0.60418, -0.58358, 0.00000, 0.00000, 0.00000, 0.00000, 0.84000, 0.00000, -13.01044, 12.31564, 0.00000, 1.00000, },
				{ 0.15731, 0.82514, 0.00000, 0.00000, -0.82514, 0.15731, -0.00000, 0.00000, -0.00000, -0.00000, 0.84000, 0.00000, -6.36423, 24.41814, 0.00000, 1.00000, },
				{ -0.26481, 0.96430, 0.00000, 0.00000, -0.96430, -0.26481, 0.00000, 0.00000, 0.00000, 0.00000, 1.00000, 0.00000, -3.74044, 4.49564, 0.00000, 1.00000, },
				{ 0.97315, -0.23017, 0.00000, 0.00000, 0.23017, 0.97315, 0.00000, 0.00000, 0.00000, 0.00000, 1.00000, 0.00000, -1.74646, 4.28687, 0.00000, 1.00000, },
				{ -0.90978, 0.41510, 0.00000, 0.00000, -0.41510, -0.90978, -0.00000, 0.00000, 0.00000, -0.00000, 1.00000, 0.00000, -0.74646, 4.28687, 0.00000, 1.00000, },
				{ 0.99964, -0.02698, 0.00000, 0.00000, 0.02698, 0.99964, -0.00000, 0.00000, -0.00000, 0.00000, 1.00000, 0.00000, 0.25354, 4.28687, 0.00000, 1.00000, },
				{ -0.84825, 0.52960, 0.00000, 0.00000, -0.52960, -0.84825, -0.00000, 0.00000, 0.00000, -0.00000, 1.00000, 0.00000, 1.25354, 4.28687, 0.00000, 1.00000, },
				{ -0.15839, 0.98738, 0.00000, 0.00000, -0.98738, -0.15839, -0.00000, 0.00000, -0.00000, -0.00000, 1.00000, 0.00000, 2.25354, 4.28687, 0.00000, 1.00000, },
				{ -0.98007, -0.19863, 0.00000, 0.00000, 0.19863, -0.98007, -0.00000, 0.00000, 0.00000, -0.00000, 1.00000, 0.00000, 3.25354, 4.28687, 0.00000, 1.00000, },
				{ 0.34623, -0.93815, 0.00000, 0.00000, 0.93815, 0.34623, -0.00000, 0.00000, 0.00000, 0.00000, 1.00000, 0.00000, 4.25354, 4.28687, 0.00000, 1.00000, },
				{ 0.62069, 0.78405, 0.00000, 0.00000, -0.78405, 0.62069, -0.00000, 0.00000, -0.00000, 0.00000, 1.00000, 0.00000, 5.25354, 4.28687, 0.00000, 1.00000, },
				{ 0.70783, -0.70638, 0.00000, 0.00000, 0.70638, 0.70783, -0.00000, 0.00000, 0.00000, 0.00000, 1.00000, 0.00000, 6.25354, 4.28687, 0.00000, 1.00000, },
				{ -0.50304, -0.86426, 0.00000, 0.00000, 0.86426, -0.50304, -0.00000, 0.00000, 0.00000, 0.00000, 1.00000, 0.00000, 7.25354, 4.28687, 0.00000, 1.00000, },
				{ 0.99932, 0.03699, 0.00000, 0.00000, -0.03699, 0.99932, -0.00000, 0.00000, -0.00000, 0.00000, 1.00000, 0.00000, 8.25354, 4.28687, 0.00000, 1.00000, },
				{ -0.36249, -0.93199, 0.00000, 0.00000, 0.93199, -0.36249, -0.00000, 0.00000, 0.00000, 0.00000, 1.00000, 0.00000, 9.25354, 4.28687, 0.00000, 1.00000, },
				{ 0.36738, 0.93007, 0.00000, 0.00000, -0.93007, 0.36738, -0.00000, 0.00000, -0.00000, -0.00000, 1.00000, 0.00000, 10.25354, 4.28687, 0.00000, 1.00000, },
				{ -0.48707, -0.87336, 0.00000, 0.00000, 0.87336, -0.48707, -0.00000, 0.00000, 0.00000, 0.00000, 1.00000, 0.00000, 11.25354, 4.28687, 0.00000, 1.00000, },
				{ -0.62507, 0.78057, 0.00000, 0.00000, -0.78057, -0.62507, -0.00000, 0.00000, -0.00000, -0.00000, 1.00000, 0.00000, 12.25354, 4.28687, 0.00000, 1.00000, },
				{ 0.56474, 0.82527, 0.00000, 0.00000, -0.82527, 0.56474, -0.00000, 0.00000, -0.00000, -0.00000, 1.00000, 0.00000, 13.25354, 4.28687, 0.00000, 1.00000, },
				{ -0.71246, 0.70171, 0.00000, 0.00000, -0.70171, -0.71246, -0.00000, 0.00000, -0.00000, -0.00000, 1.00000, 0.00000, 14.25354, 4.28687, 0.00000, 1.00000, },
				{ -0.20808, -0.97811, 0.00000, 0.00000, 0.97811, -0.20808, -0.00000, 0.00000, 0.00000, 0.00000, 1.00000, 0.00000, 15.25354, 4.28687, 0.00000, 1.00000, },
			},
			["random_shrub_town_fence.grp"] = {
				{ -0.76203, 0.64755, -0.00000, 0.00000, -0.64755, -0.76203, 0.00000, 0.00000, -0.00000, 0.00000, 1.00000, 0.00000, 9.04167, 15.50000, 0.00000, 1.00000, },
				{ -0.76203, 0.64755, -0.00000, 0.00000, -0.64755, -0.76203, 0.00000, 0.00000, -0.00000, 0.00000, 1.00000, 0.00000, -15.20833, 13.15000, 0.00000, 1.00000, },
				{ -0.76203, 0.64755, -0.00000, 0.00000, -0.64755, -0.76203, 0.00000, 0.00000, -0.00000, 0.00000, 1.00000, 0.00000, 9.04167, 24.15000, 0.00000, 1.00000, },
				{ -0.76203, 0.64755, -0.00000, 0.00000, -0.64755, -0.76203, 0.00000, 0.00000, -0.00000, 0.00000, 1.00000, 0.00000, 9.09167, 7.95000, 0.00000, 1.00000, },
				{ -0.76203, 0.64755, -0.00000, 0.00000, -0.64755, -0.76203, 0.00000, 0.00000, -0.00000, 0.00000, 1.00000, 0.00000, -15.15833, 5.60000, 0.00000, 1.00000, },
				{ -0.64087, -0.76765, -0.00000, 0.00000, 0.76765, -0.64087, 0.00000, 0.00000, -0.00000, 0.00000, 1.00000, 0.00000, 7.79167, 7.95000, 0.00000, 1.00000, },
				{ -0.64755, -0.76203, -0.00000, 0.00000, 0.76203, -0.64755, 0.00000, 0.00000, -0.00000, 0.00000, 1.00000, 0.00000, 9.04167, 14.00000, 0.00000, 1.00000, },
				{ -0.64755, -0.76203, -0.00000, 0.00000, 0.76203, -0.64755, 0.00000, 0.00000, -0.00000, 0.00000, 1.00000, 0.00000, -15.20833, 11.65000, 0.00000, 1.00000, },
				{ -0.64755, -0.76203, -0.00000, 0.00000, 0.76203, -0.64755, 0.00000, 0.00000, -0.00000, 0.00000, 1.00000, 0.00000, 9.04167, 22.65000, 0.00000, 1.00000, },
				{ -0.64755, -0.76203, -0.00000, 0.00000, 0.76203, -0.64755, 0.00000, 0.00000, -0.00000, 0.00000, 1.00000, 0.00000, 9.04167, 18.25000, 0.00000, 1.00000, },
				{ -0.64755, -0.76203, -0.00000, 0.00000, 0.76203, -0.64755, 0.00000, 0.00000, -0.00000, 0.00000, 1.00000, 0.00000, 9.04167, 26.90000, 0.00000, 1.00000, },
				{ 0.76203, -0.64755, 0.00000, 0.00000, 0.64755, 0.76203, -0.00000, 0.00000, 0.00000, 0.00000, 1.00000, 0.00000, 9.04167, 12.50000, 0.00000, 1.00000, },
				{ 0.76203, -0.64755, 0.00000, 0.00000, 0.64755, 0.76203, -0.00000, 0.00000, 0.00000, 0.00000, 1.00000, 0.00000, -15.20833, 10.15000, 0.00000, 1.00000, },
				{ 0.76203, -0.64755, 0.00000, 0.00000, 0.64755, 0.76203, -0.00000, 0.00000, 0.00000, 0.00000, 1.00000, 0.00000, 9.04167, 21.15000, 0.00000, 1.00000, },
				{ 0.76203, -0.64755, 0.00000, 0.00000, 0.64755, 0.76203, -0.00000, 0.00000, 0.00000, 0.00000, 1.00000, 0.00000, 9.04167, 16.75000, 0.00000, 1.00000, },
				{ 0.76203, -0.64755, 0.00000, 0.00000, 0.64755, 0.76203, -0.00000, 0.00000, 0.00000, 0.00000, 1.00000, 0.00000, 9.04167, 25.40000, 0.00000, 1.00000, },
				{ 0.76203, -0.64755, 0.00000, 0.00000, 0.64755, 0.76203, -0.00000, 0.00000, 0.00000, 0.00000, 1.00000, 0.00000, 9.04167, 28.80000, 0.00000, 1.00000, },
				{ 0.64755, 0.76203, 0.00000, 0.00000, -0.76203, 0.64755, -0.00000, 0.00000, -0.00000, 0.00000, 1.00000, 0.00000, 9.04167, 11.00000, 0.00000, 1.00000, },
				{ 0.64755, 0.76203, 0.00000, 0.00000, -0.76203, 0.64755, -0.00000, 0.00000, -0.00000, 0.00000, 1.00000, 0.00000, -15.20833, 8.65000, 0.00000, 1.00000, },
				{ 0.64755, 0.76203, 0.00000, 0.00000, -0.76203, 0.64755, -0.00000, 0.00000, -0.00000, 0.00000, 1.00000, 0.00000, 9.04167, 19.65000, 0.00000, 1.00000, },
				{ -0.76203, 0.64755, -0.00000, 0.00000, -0.64755, -0.76203, 0.00000, 0.00000, -0.00000, 0.00000, 1.00000, 0.00000, 9.04167, 9.50000, 0.00000, 1.00000, },
				{ -0.76203, 0.64755, -0.00000, 0.00000, -0.64755, -0.76203, 0.00000, 0.00000, -0.00000, 0.00000, 1.00000, 0.00000, -15.20833, 7.15000, 0.00000, 1.00000, },
			},
		},
	},
}
--End Generated

function data()
	return townbuildingutil.make_building2(
		{ { -4.60, -0.10 }, { 4.60, -0.10 }, { 4.60, 9.10 }, { -4.60, 9.10 } },
		"RESIDENTIAL", 
		"A", 
		1,
		{ 4, 4 },
		generatedData,
		"construction/building/era_a/res_1_4x4_02.gtex"
	)
end
