local townbuildingutil = require "townbuildingutil"

--Model file: "building/era_a/res_2_3x4_04.mdl"

--Begin Generated
local generatedData = {
	["base"] = {
		models = {
			["building/era_a/res_2_3x4_04.mdl"] = {
				{ 1.00000, 0.00000, 0.00000, 0.00000, 0.00000, 1.00000, 0.00000, 0.00000, 0.00000, 0.00000, 1.00000, 0.00000, 0.00000, -2.20000, 0.00000, 1.00000, },
			},
		},
		curves = {
			["scaffold"] = {
				{ { 9.66647, 4.74693, 0.00000 }, { 9.66647, 4.74693, 0.00000 }, { 9.66641, 16.00892, 0.00000 }, { 9.66641, 16.00892, 0.00000 }, { 9.66641, 16.00892, 0.00000 }, { -9.82883, 16.00885, 0.00000 }, { -9.82883, 16.00885, 0.00000 }, { -9.82883, 16.00885, 0.00000 }, { -9.82877, 4.74693, 0.00000 }, { -9.82877, 4.74693, 0.00000 }, },
			},
			["shared/asphalt_01.gtex.lua;shared/border2.gtex.lua"] = {
				{ { 12.00000, 0.00000, 0.00000 }, { 12.00000, 0.00000, 0.00000 }, { 12.00000, 17.99999, 0.00000 }, { 12.00000, 18.00000, 0.00000 }, { 12.00000, 18.00000, 0.00000 }, { 2.91333, 18.00000, 0.00000 }, { 2.91333, 18.00000, 0.00000 }, { 2.91333, 18.00000, 0.00000 }, { 2.91333, 15.50835, 0.00000 }, { 2.91333, 15.50835, 0.00000 }, { 2.91333, 15.50835, 0.00000 }, { -3.07544, 15.50835, 0.00000 }, { -3.07544, 15.50835, 0.00000 }, { -3.07544, 15.50835, 0.00000 }, { -3.07544, 18.00000, 0.00000 }, { -3.07544, 18.00000, 0.00000 }, { -3.07544, 18.00000, 0.00000 }, { -12.00000, 18.00000, 0.00000 }, { -12.00000, 18.00000, 0.00000 }, { -12.00000, 18.00000, 0.00000 }, { -12.00000, 0.00000, 0.00000 }, { -12.00000, 0.00000, 0.00000 }, { -12.00000, 0.00000, 0.00000 }, { -8.00000, 0.00000, 0.00000 }, { -8.00000, 0.00000, 0.00000 }, { -8.00000, 0.00000, 0.00000 }, { -8.00000, 2.00000, 0.00000 }, { -8.00000, 2.00000, 0.00000 }, { -8.00000, 2.00000, 0.00000 }, { 8.00000, 2.00000, 0.00000 }, { 8.00000, 2.00000, 0.00000 }, { 8.00000, 2.00000, 0.00000 }, { 8.00000, 0.00000, 0.00000 }, { 8.00000, 0.00000, 0.00000 }, },
			},
			["shared/grass_cutted_01.gtex.lua"] = {
				{ { 12.00000, 18.00000, 0.00000 }, { 12.00000, 18.00000, 0.00000 }, { 12.00000, 32.00000, 0.00000 }, { 12.00000, 32.00000, 0.00000 }, { 12.00000, 32.00000, 0.00000 }, { -12.00000, 32.00000, 0.00000 }, { -12.00000, 32.00000, 0.00000 }, { -12.00000, 32.00000, 0.00000 }, { -12.00000, 18.00000, 0.00000 }, { -12.00000, 18.00000, 0.00000 }, { -12.00000, 18.00000, 0.00000 }, { -8.00000, 18.00000, 0.00000 }, { -8.00000, 18.00000, 0.00000 }, { -8.00000, 18.00000, 0.00000 }, { -8.00000, 30.00000, 0.00000 }, { -8.00000, 30.00000, 0.00000 }, { -8.00000, 30.00000, 0.00000 }, { 8.00000, 30.00000, 0.00000 }, { 8.00000, 30.00000, 0.00000 }, { 8.00000, 30.00000, 0.00000 }, { 8.00000, 18.00000, 0.00000 }, { 8.00000, 18.00000, 0.00000 }, },
				{ { 1.82901, 19.38436, 0.00000 }, { 1.82901, 19.38436, 0.00000 }, { 4.41559, 21.97098, 0.00000 }, { 4.41559, 21.97098, 0.00000 }, { 4.41559, 21.97098, 0.00000 }, { 4.41562, 25.62901, 0.00000 }, { 4.41562, 25.62901, 0.00000 }, { 4.41562, 25.62901, 0.00000 }, { 1.82898, 28.21563, 0.00000 }, { 1.82898, 28.21563, 0.00000 }, { 1.82898, 28.21563, 0.00000 }, { -1.82898, 28.21563, 0.00000 }, { -1.82898, 28.21563, 0.00000 }, { -1.82898, 28.21563, 0.00000 }, { -4.41562, 25.62901, 0.00000 }, { -4.41562, 25.62901, 0.00000 }, { -4.41562, 25.62901, 0.00000 }, { -4.41559, 21.97098, 0.00000 }, { -4.41559, 21.97098, 0.00000 }, { -4.41559, 21.97098, 0.00000 }, { -1.82901, 19.38436, 0.00000 }, { -1.82901, 19.38436, 0.00000 }, },
			},
			["shared/gravel_02.gtex.lua"] = {
				{ { -3.07544, 15.50835, 0.00000 }, { -3.07544, 15.50835, 0.00000 }, { -3.07544, 18.00000, 0.00000 }, { -3.07544, 18.00000, 0.00000 }, { -3.07544, 18.00000, 0.00000 }, { -8.00000, 18.00000, 0.00000 }, { -8.00000, 18.00000, 0.00000 }, { -8.00000, 18.00000, 0.00000 }, { -8.00000, 30.00000, 0.00000 }, { -8.00000, 30.00000, 0.00000 }, { -8.00000, 30.00000, 0.00000 }, { 0.00000, 30.00000, 0.00000 }, { 0.00000, 30.00000, 0.00000 }, { 0.00000, 30.00000, 0.00000 }, { 0.00000, 28.21563, 0.00000 }, { 0.00000, 28.21563, 0.00000 }, { 0.00000, 28.21563, 0.00000 }, { -1.82898, 28.21563, 0.00000 }, { -1.82898, 28.21563, 0.00000 }, { -1.82898, 28.21563, 0.00000 }, { -4.41562, 25.62901, 0.00000 }, { -4.41562, 25.62901, 0.00000 }, { -4.41562, 25.62901, 0.00000 }, { -4.41559, 21.97098, 0.00000 }, { -4.41559, 21.97098, 0.00000 }, { -4.41559, 21.97098, 0.00000 }, { -1.82901, 19.38436, 0.00000 }, { -1.82901, 19.38436, 0.00000 }, { -1.82901, 19.38436, 0.00000 }, { 0.00000, 19.38436, 0.00000 }, { 0.00000, 19.38436, 0.00000 }, { 0.00000, 19.38436, 0.00000 }, { 0.00000, 15.50835, 0.00000 }, { 0.00000, 15.50835, 0.00000 }, },
				{ { 2.91333, 15.50835, 0.00000 }, { 2.91333, 15.50835, 0.00000 }, { 2.91333, 18.00000, 0.00000 }, { 2.91333, 18.00000, 0.00000 }, { 2.91333, 18.00000, 0.00000 }, { 8.00000, 18.00000, 0.00000 }, { 8.00000, 18.00000, 0.00000 }, { 8.00000, 18.00000, 0.00000 }, { 8.00000, 30.00000, 0.00000 }, { 8.00000, 30.00000, 0.00000 }, { 8.00000, 30.00000, 0.00000 }, { 0.00000, 30.00000, 0.00000 }, { 0.00000, 30.00000, 0.00000 }, { 0.00000, 30.00000, 0.00000 }, { 0.00000, 28.21563, 0.00000 }, { 0.00000, 28.21563, 0.00000 }, { 0.00000, 28.21563, 0.00000 }, { 1.82898, 28.21563, 0.00000 }, { 1.82898, 28.21563, 0.00000 }, { 1.82898, 28.21563, 0.00000 }, { 4.41562, 25.62901, 0.00000 }, { 4.41562, 25.62901, 0.00000 }, { 4.41562, 25.62901, 0.00000 }, { 4.41559, 21.97098, 0.00000 }, { 4.41559, 21.97098, 0.00000 }, { 4.41559, 21.97098, 0.00000 }, { 1.82901, 19.38436, 0.00000 }, { 1.82901, 19.38436, 0.00000 }, { 1.82901, 19.38436, 0.00000 }, { 0.00000, 19.38436, 0.00000 }, { 0.00000, 19.38436, 0.00000 }, { 0.00000, 19.38436, 0.00000 }, { 0.00000, 15.50835, 0.00000 }, { 0.00000, 15.50835, 0.00000 }, },
			},
		},
	},
	["layout_1"] = {
		models = {
			["asset/vegetation/hedge_m.mdl"] = {
				{ -0.00000, -1.00000, 0.00000, 0.00000, 1.00000, -0.00000, -0.00000, 0.00000, 0.00000, -0.00000, 1.00000, 0.00000, -4.28000, 1.00000, -0.20000, 1.00000, },
				{ -0.00000, 1.00000, 0.00000, 0.00000, -1.00000, -0.00000, -0.00000, 0.00000, -0.00000, -0.00000, 1.00000, 0.00000, -2.06000, 1.00000, -0.20000, 1.00000, },
				{ -0.00000, 1.00000, 0.00000, 0.00000, -1.00000, -0.00000, -0.00000, 0.00000, -0.00000, -0.00000, 1.00000, 0.00000, -0.71000, 1.00000, -0.20000, 1.00000, },
				{ -0.00000, 1.00000, 0.00000, 0.00000, -1.00000, -0.00000, -0.00000, 0.00000, -0.00000, -0.00000, 1.00000, 0.00000, 3.14000, 1.00000, -0.20000, 1.00000, },
				{ -0.00000, 1.00000, 0.00000, 0.00000, -1.00000, -0.00000, -0.00000, 0.00000, -0.00000, -0.00000, 1.00000, 0.00000, 6.98000, 1.00000, -0.20000, 1.00000, },
				{ -0.00000, 1.00000, 0.00000, 0.00000, -1.00000, -0.00000, -0.00000, 0.00000, -0.00000, -0.00000, 1.00000, 0.00000, 0.70000, 1.00000, -0.20000, 1.00000, },
				{ -0.00000, 1.00000, 0.00000, 0.00000, -1.00000, -0.00000, -0.00000, 0.00000, -0.00000, -0.00000, 1.00000, 0.00000, 4.48000, 1.00000, -0.20000, 1.00000, },
				{ -0.00000, 1.00000, 0.00000, 0.00000, -1.00000, -0.00000, -0.00000, 0.00000, -0.00000, -0.00000, 1.00000, 0.00000, -5.85000, 1.00000, -0.20000, 1.00000, },
				{ -0.00000, 1.00000, 0.00000, 0.00000, -1.00000, -0.00000, -0.00000, 0.00000, -0.00000, -0.00000, 1.00000, 0.00000, -6.90000, 1.00000, -0.20000, 1.00000, },
				{ -0.00000, -1.00000, 0.00000, 0.00000, 1.00000, -0.00000, -0.00000, 0.00000, 0.00000, -0.00000, 1.00000, 0.00000, -2.82000, 1.00000, -0.20000, 1.00000, },
				{ -0.00000, -1.00000, 0.00000, 0.00000, 1.00000, -0.00000, -0.00000, 0.00000, 0.00000, -0.00000, 1.00000, 0.00000, 1.78000, 1.00000, -0.20000, 1.00000, },
				{ -0.00000, -1.00000, 0.00000, 0.00000, 1.00000, -0.00000, -0.00000, 0.00000, 0.00000, -0.00000, 1.00000, 0.00000, 5.82000, 1.00000, -0.20000, 1.00000, },
			},
		},
		groups = {
			["era_a_garden_bench.grp"] = {
				{ -0.00000, 1.00000, 0.00000, 0.00000, -1.00000, -0.00000, 0.00000, 0.00000, 0.00000, 0.00000, 1.00000, 0.00000, -7.59000, 25.71000, 0.00000, 1.00000, seed = 123, },
				{ -0.00000, -1.00000, 0.00000, 0.00000, 1.00000, -0.00000, 0.00000, 0.00000, 0.00000, 0.00000, 1.00000, 0.00000, 7.56000, 25.71000, 0.00000, 1.00000, seed = 123, },
				{ -0.00000, 1.00000, 0.00000, 0.00000, -1.00000, -0.00000, 0.00000, 0.00000, 0.00000, 0.00000, 1.00000, 0.00000, -7.59000, 21.83000, 0.00000, 1.00000, seed = 123, },
				{ -0.00000, -1.00000, 0.00000, 0.00000, 1.00000, -0.00000, 0.00000, 0.00000, 0.00000, 0.00000, 1.00000, 0.00000, 7.56000, 21.83000, 0.00000, 1.00000, seed = 123, },
				{ 1.00000, -0.00000, 0.00000, 0.00000, 0.00000, 1.00000, 0.00000, 0.00000, 0.00000, 0.00000, 1.00000, 0.00000, 0.46000, 27.51000, 0.00000, 1.00000, seed = 123, },
			},
			["random_large_tree_town.grp"] = {
				{ 0.55657, 0.70727, 0.00000, 0.00000, -0.70727, 0.55657, 0.00000, 0.00000, 0.00000, 0.00000, 0.90000, 0.00000, -9.72000, 30.86000, 0.00000, 1.00000, },
			},
			["random_medium_tree_town.grp"] = {
				{ 0.94264, 0.33381, 0.00000, 0.00000, -0.33381, 0.94264, -0.00000, 0.00000, -0.00000, 0.00000, 1.00000, 0.00000, -9.86739, 20.19746, 0.00000, 1.00000, },
				{ 0.94264, 0.33381, 0.00000, 0.00000, -0.33381, 0.94264, -0.00000, 0.00000, -0.00000, 0.00000, 1.00000, 0.00000, 10.88261, 20.19746, 0.00000, 1.00000, },
				{ -0.32557, -0.94552, 0.00000, 0.00000, 0.94552, -0.32557, -0.00000, 0.00000, 0.00000, 0.00000, 1.00000, 0.00000, 10.28261, 30.24746, 0.00000, 1.00000, },
				{ -0.72446, 0.33936, 0.00000, 0.00000, -0.33936, -0.72446, -0.00000, 0.00000, 0.00000, -0.00000, 0.80000, 0.00000, -10.26739, 25.58812, 0.00000, 1.00000, },
				{ -0.72446, 0.33936, 0.00000, 0.00000, -0.33936, -0.72446, -0.00000, 0.00000, 0.00000, -0.00000, 0.80000, 0.00000, 10.48261, 25.58812, 0.00000, 1.00000, },
			},
			["random_shrub_town.grp"] = {
				{ 0.70957, 0.36948, 0.00000, 0.00000, -0.36948, 0.70957, 0.00000, 0.00000, 0.00000, 0.00000, 0.80000, 0.00000, -6.12044, 30.97564, 0.00000, 1.00000, },
				{ -0.36948, 0.70957, 0.00000, 0.00000, -0.70957, -0.36948, 0.00000, 0.00000, 0.00000, 0.00000, 0.80000, 0.00000, -5.12045, 30.97564, 0.00000, 1.00000, },
				{ -0.70957, -0.36948, 0.00000, 0.00000, 0.36948, -0.70957, 0.00000, 0.00000, 0.00000, 0.00000, 0.80000, 0.00000, -4.12045, 30.97564, 0.00000, 1.00000, },
				{ 0.36948, -0.70957, 0.00000, 0.00000, 0.70957, 0.36948, 0.00000, 0.00000, 0.00000, 0.00000, 0.80000, 0.00000, -3.12045, 30.97564, 0.00000, 1.00000, },
				{ 0.70957, 0.36948, 0.00000, 0.00000, -0.36948, 0.70957, 0.00000, 0.00000, 0.00000, 0.00000, 0.80000, 0.00000, -2.12045, 30.97564, 0.00000, 1.00000, },
				{ -0.36948, 0.70957, 0.00000, 0.00000, -0.70957, -0.36948, 0.00000, 0.00000, 0.00000, 0.00000, 0.80000, 0.00000, -1.12045, 30.97564, 0.00000, 1.00000, },
				{ -0.70957, -0.36948, 0.00000, 0.00000, 0.36948, -0.70957, 0.00000, 0.00000, 0.00000, 0.00000, 0.80000, 0.00000, -0.12045, 30.97564, 0.00000, 1.00000, },
				{ 0.36948, -0.70957, 0.00000, 0.00000, 0.70957, 0.36948, 0.00000, 0.00000, 0.00000, 0.00000, 0.80000, 0.00000, 0.87955, 30.97564, 0.00000, 1.00000, },
				{ 0.70957, 0.36948, 0.00000, 0.00000, -0.36948, 0.70957, 0.00000, 0.00000, 0.00000, 0.00000, 0.80000, 0.00000, 1.87955, 30.97564, 0.00000, 1.00000, },
				{ -0.36948, 0.70957, 0.00000, 0.00000, -0.70957, -0.36948, 0.00000, 0.00000, 0.00000, 0.00000, 0.80000, 0.00000, 2.87955, 30.97564, 0.00000, 1.00000, },
				{ -0.70957, -0.36948, 0.00000, 0.00000, 0.36948, -0.70957, 0.00000, 0.00000, 0.00000, 0.00000, 0.80000, 0.00000, 3.87955, 30.97564, 0.00000, 1.00000, },
				{ 0.36948, -0.70957, 0.00000, 0.00000, 0.70957, 0.36948, 0.00000, 0.00000, 0.00000, 0.00000, 0.80000, 0.00000, 4.87955, 30.97564, 0.00000, 1.00000, },
				{ 0.70957, 0.36948, 0.00000, 0.00000, -0.36948, 0.70957, 0.00000, 0.00000, 0.00000, 0.00000, 0.80000, 0.00000, 5.87955, 30.97564, 0.00000, 1.00000, },
			},
			["random_shrub_town_fence.grp"] = {
				{ 0.75792, 0.65234, -0.00000, 0.00000, -0.65234, 0.75792, 0.00000, 0.00000, 0.00000, -0.00000, 1.00000, 0.00000, -0.21166, 27.23000, 0.00000, 1.00000, },
				{ -0.99941, 0.03433, 0.00000, 0.00000, -0.03433, -0.99941, 0.00000, 0.00000, 0.00000, 0.00000, 1.00000, 0.00000, 3.39334, 24.36000, 0.00000, 1.00000, },
				{ -0.78442, -0.62023, -0.00000, 0.00000, 0.62023, -0.78442, -0.00000, 0.00000, -0.00000, -0.00000, 1.00000, 0.00000, 3.19264, 25.63194, 0.00000, 1.00000, },
				{ -0.98337, 0.18160, 0.00000, 0.00000, -0.18160, -0.98337, -0.00000, 0.00000, 0.00000, -0.00000, 1.00000, 0.00000, 2.35403, 26.44805, 0.00000, 1.00000, },
				{ 0.93881, -0.34444, -0.00000, 0.00000, 0.34444, 0.93881, 0.00000, 0.00000, 0.00000, -0.00000, 1.00000, 0.00000, 1.33834, 27.28000, 0.00000, 1.00000, },
				{ 0.15792, -0.98745, -0.00000, 0.00000, 0.98745, 0.15792, 0.00000, 0.00000, -0.00000, -0.00000, 1.00000, 0.00000, 3.44334, 22.81000, 0.00000, 1.00000, },
				{ 0.73034, 0.68309, 0.00000, 0.00000, -0.68309, 0.73034, 0.00000, 0.00000, 0.00000, -0.00000, 1.00000, 0.00000, -3.39335, 24.21000, 0.00000, 1.00000, },
				{ 0.30279, -0.95306, 0.00000, 0.00000, 0.95306, 0.30279, 0.00000, 0.00000, -0.00000, -0.00000, 1.00000, 0.00000, -1.33835, 27.28000, 0.00000, 1.00000, },
				{ 0.19303, -0.98119, 0.00000, 0.00000, 0.98119, 0.19303, 0.00000, 0.00000, -0.00000, -0.00000, 1.00000, 0.00000, 0.71168, 20.43000, 0.00000, 1.00000, },
				{ 0.76298, -0.64643, -0.00000, 0.00000, 0.64643, 0.76298, -0.00000, 0.00000, 0.00000, 0.00000, 1.00000, 0.00000, -3.39335, 22.71000, 0.00000, 1.00000, },
				{ -0.94550, 0.32564, 0.00000, 0.00000, -0.32564, -0.94550, -0.00000, 0.00000, 0.00000, -0.00000, 1.00000, 0.00000, -0.78832, 20.43000, 0.00000, 1.00000, },
				{ 0.99973, -0.02313, -0.00000, 0.00000, 0.02313, 0.99973, -0.00000, 0.00000, 0.00000, 0.00000, 1.00000, 0.00000, -2.11089, 26.41374, 0.00000, 1.00000, },
				{ 0.98269, 0.18528, -0.00000, 0.00000, -0.18528, 0.98269, -0.00000, 0.00000, 0.00000, 0.00000, 1.00000, 0.00000, -2.29335, 21.19000, 0.00000, 1.00000, },
				{ -0.99384, -0.11086, -0.00000, 0.00000, 0.11086, -0.99384, 0.00000, 0.00000, -0.00000, 0.00000, 1.00000, 0.00000, 2.25667, 21.06000, 0.00000, 1.00000, },
				{ 0.85579, -0.51732, 0.00000, 0.00000, 0.51732, 0.85579, 0.00000, 0.00000, -0.00000, -0.00000, 1.00000, 0.00000, -3.41394, 25.33921, 0.00000, 1.00000, },
			},
		},
	},
}
--End Generated

function data()
	return townbuildingutil.make_building2(
		{ { -4.60, -0.10 }, { 4.60, -0.10 }, { 4.60, 9.10 }, { -4.60, 9.10 } },
		"RESIDENTIAL", 
		"A", 
		2,
		{ 3, 4 },
		generatedData,
		"construction/building/era_a/res_2_3x4_04.gtex"
	)
end
