local townbuildingutil = require "townbuildingutil"

--Model file: "building/era_a/res_2_4x4_03.mdl"

--Begin Generated
local generatedData = {
	["base"] = {
		models = {
			["building/era_a/res_2_4x4_03.mdl"] = {
				{ 1.00000, 0.00000, 0.00000, 0.00000, 0.00000, 1.00000, 0.00000, 0.00000, 0.00000, 0.00000, 1.00000, 0.00000, 1.10000, -2.30000, 0.00000, 1.00000, },
			},
		},
		curves = {
			["scaffold"] = {
				{ { 13.04572, 5.52228, 0.00000 }, { 13.04572, 5.52228, 0.00000 }, { 13.04028, 20.94411, 0.00000 }, { 13.04028, 20.94411, 0.00000 }, { 13.04028, 20.94411, 0.00000 }, { 3.66998, 20.94411, 0.00000 }, { 3.66998, 20.94411, 0.00000 }, { 3.66998, 20.94411, 0.00000 }, { 3.66998, 14.62913, 0.00000 }, { 3.66998, 14.62913, 0.00000 }, { 3.66998, 14.62913, 0.00000 }, { -3.88251, 14.62913, 0.00000 }, { -3.88251, 14.62913, 0.00000 }, { -3.88251, 14.62913, 0.00000 }, { -3.88251, 20.94411, 0.00000 }, { -3.88251, 20.94411, 0.00000 }, { -3.88251, 20.94411, 0.00000 }, { -13.00391, 20.94411, 0.00000 }, { -13.00391, 20.94411, 0.00000 }, { -13.00391, 20.94411, 0.00000 }, { -13.00391, 5.52228, 0.00000 }, { -13.00391, 5.52228, 0.00000 }, },
			},
			["shared/asphalt_01.gtex.lua;shared/dirt.gtex.lua"] = {
				{ { 6.26282, 0.00000, 0.00000 }, { 6.26282, 0.00000, 0.00000 }, { 6.26282, 4.00000, 0.00000 }, { 6.26282, 4.00000, 0.00000 }, { 6.26282, 4.00000, 0.00000 }, { 16.00000, 4.00000, 0.00000 }, { 16.00000, 4.00000, 0.00000 }, { 16.00000, 4.00000, 0.00000 }, { 16.00000, 24.00000, 0.00000 }, { 16.00000, 24.00000, 0.00000 }, { 16.00000, 24.00000, 0.00000 }, { 10.00000, 24.00000, 0.00000 }, { 10.00000, 24.00000, 0.00000 }, { 10.00000, 24.00000, 0.00000 }, { 10.00000, 21.62501, 0.00000 }, { 10.00000, 21.62501, 0.00000 }, { 10.00000, 21.62501, 0.00000 }, { 2.84998, 21.62501, 0.00000 }, { 2.84998, 21.62501, 0.00000 }, { 2.84998, 21.62501, 0.00000 }, { 2.84998, 14.62915, 0.00000 }, { 2.84998, 14.62915, 0.00000 }, { 2.84998, 14.62915, 0.00000 }, { -3.10004, 14.62915, 0.00000 }, { -3.10004, 14.62915, 0.00000 }, { -3.10004, 14.62915, 0.00000 }, { -3.10004, 21.62501, 0.00000 }, { -3.10004, 21.62501, 0.00000 }, { -3.10004, 21.62501, 0.00000 }, { -10.00000, 21.62501, 0.00000 }, { -10.00000, 21.62501, 0.00000 }, { -10.00000, 21.62501, 0.00000 }, { -10.00000, 24.00000, 0.00000 }, { -10.00000, 24.00000, 0.00000 }, { -10.00000, 24.00000, 0.00000 }, { -16.00000, 24.00000, 0.00000 }, { -16.00000, 24.00000, 0.00000 }, { -16.00000, 24.00000, 0.00000 }, { -16.00000, 4.00000, 0.00000 }, { -16.00000, 4.00000, 0.00000 }, { -16.00000, 4.00000, 0.00000 }, { -6.22076, 4.00000, 0.00000 }, { -6.22076, 4.00000, 0.00000 }, { -6.22076, 4.00000, 0.00000 }, { -6.22076, 0.00000, 0.00000 }, { -6.22076, 0.00000, 0.00000 }, },
			},
			["shared/grass_cutted_01.gtex.lua"] = {
				{ { -6.22076, 0.00000, 0.00000 }, { -6.22076, 0.00000, 0.00000 }, { -6.22076, 4.00000, 0.00000 }, { -6.22076, 4.00000, 0.00000 }, { -6.22076, 4.00000, 0.00000 }, { -16.00000, 4.00000, 0.00000 }, { -16.00000, 4.00000, 0.00000 }, { -16.00000, 4.00000, 0.00000 }, { -16.00000, 0.00000, 0.00000 }, { -16.00000, 0.00000, 0.00000 }, },
				{ { 16.00000, 0.00000, 0.00000 }, { 16.00000, 0.00000, 0.00000 }, { 16.00000, 4.00000, 0.00000 }, { 16.00000, 4.00000, 0.00000 }, { 16.00000, 4.00000, 0.00000 }, { 6.26282, 4.00000, 0.00000 }, { 6.26282, 4.00000, 0.00000 }, { 6.26282, 4.00000, 0.00000 }, { 6.26282, 0.00000, 0.00000 }, { 6.26282, 0.00000, 0.00000 }, },
				{ { 10.00000, 21.62501, 0.00000 }, { 10.00000, 21.62501, 0.00000 }, { 10.00000, 24.00000, 0.00000 }, { 10.00000, 24.00000, 0.00000 }, { 10.00000, 24.00000, 0.00000 }, { 16.00000, 24.00000, 0.00000 }, { 16.00000, 24.00000, 0.00000 }, { 16.00000, 24.00000, 0.00000 }, { 16.00000, 32.00000, 0.00000 }, { 16.00000, 32.00000, 0.00000 }, { 15.99999, 32.00000, 0.00000 }, { -15.99999, 32.00000, 0.00000 }, { -16.00000, 32.00000, 0.00000 }, { -16.00000, 32.00000, 0.00000 }, { -16.00000, 24.00000, 0.00000 }, { -16.00000, 24.00000, 0.00000 }, { -16.00000, 24.00000, 0.00000 }, { -10.00000, 24.00000, 0.00000 }, { -10.00000, 24.00000, 0.00000 }, { -10.00000, 24.00000, 0.00000 }, { -10.00000, 21.62501, 0.00000 }, { -10.00000, 21.62501, 0.00000 }, { -10.00000, 21.62501, 0.00000 }, { -6.00000, 21.62501, 0.00000 }, { -6.00000, 21.62501, 0.00000 }, { -6.00000, 21.62501, 0.00000 }, { -6.00000, 27.99999, 0.00000 }, { -6.00000, 28.00000, 0.00000 }, { -6.00000, 28.00000, 0.00000 }, { 6.00000, 28.00000, 0.00000 }, { 6.00000, 28.00000, 0.00000 }, { 6.00000, 27.99999, 0.00000 }, { 6.00000, 21.62501, 0.00000 }, { 6.00000, 21.62501, 0.00000 }, },
			},
			["shared/gravel_02.gtex.lua"] = {
				{ { 2.84998, 14.62915, 0.00000 }, { 2.84998, 14.62915, 0.00000 }, { 2.84998, 21.62500, 0.00000 }, { 2.84998, 21.62501, 0.00000 }, { 2.84998, 21.62501, 0.00000 }, { 6.00000, 21.62501, 0.00000 }, { 6.00000, 21.62501, 0.00000 }, { 6.00000, 21.62501, 0.00000 }, { 6.00000, 28.00000, 0.00000 }, { 6.00000, 28.00000, 0.00000 }, { 6.00000, 28.00000, 0.00000 }, { -6.00000, 28.00000, 0.00000 }, { -6.00000, 28.00000, 0.00000 }, { -6.00000, 27.99999, 0.00000 }, { -6.00000, 21.62501, 0.00000 }, { -6.00000, 21.62501, 0.00000 }, { -6.00000, 21.62501, 0.00000 }, { -3.10004, 21.62501, 0.00000 }, { -3.10004, 21.62501, 0.00000 }, { -3.10004, 21.62500, 0.00000 }, { -3.10004, 14.62915, 0.00000 }, { -3.10004, 14.62915, 0.00000 }, },
			},
		},
	},
	["layout_1"] = {
		groups = {
			["era_a_garden_bench.grp"] = {
				{ 1.00000, -0.00000, 0.00000, 0.00000, 0.00000, 1.00000, 0.00000, 0.00000, 0.00000, 0.00000, 1.00000, 0.00000, 0.01000, 27.41000, 0.00000, 1.00000, seed = 123, },
				{ -0.00000, 1.00000, 0.00000, 0.00000, -1.00000, -0.00000, 0.00000, 0.00000, 0.00000, 0.00000, 1.00000, 0.00000, -5.59000, 25.00000, 0.00000, 1.00000, seed = 123, },
				{ -0.00000, -1.00000, 0.00000, 0.00000, 1.00000, -0.00000, 0.00000, 0.00000, 0.00000, 0.00000, 1.00000, 0.00000, 5.51000, 25.00000, 0.00000, 1.00000, seed = 123, },
			},
			["random_large_tree_town.grp"] = {
				{ -0.16505, 0.98629, 0.00000, 0.00000, -0.98629, -0.16505, -0.00000, 0.00000, 0.00000, -0.00000, 1.00000, 0.00000, 13.60000, 29.65000, -0.00000, 1.00000, },
			},
			["random_medium_tree_town.grp"] = {
				{ 0.96557, -0.26015, 0.00000, 0.00000, 0.26015, 0.96557, -0.00000, 0.00000, -0.00000, 0.00000, 1.00000, 0.00000, -11.55000, 29.44000, 0.00000, 1.00000, },
				{ 0.74682, -0.33862, 0.00000, 0.00000, 0.33862, 0.74682, -0.00000, 0.00000, -0.00000, 0.00000, 0.82000, 0.00000, -13.90000, 25.37988, 0.00000, 1.00000, },
				{ 0.99998, 0.00554, 0.00000, 0.00000, -0.00554, 0.99998, -0.00000, 0.00000, -0.00000, 0.00000, 1.00000, 0.00000, 11.75000, 25.69000, 0.00000, 1.00000, },
			},
			["random_shrub_town.grp"] = {
				{ -0.23523, 0.97194, 0.00000, 0.00000, -0.97194, -0.23523, -0.00000, 0.00000, 0.00000, -0.00000, 1.00000, 0.00000, 8.00354, 25.83687, 0.00000, 1.00000, },
				{ 0.82309, 0.56792, 0.00000, 0.00000, -0.56792, 0.82309, -0.00000, 0.00000, -0.00000, -0.00000, 1.00000, 0.00000, 8.00354, 29.43687, 0.00000, 1.00000, },
				{ 0.68968, -0.72411, 0.00000, 0.00000, 0.72411, 0.68968, -0.00000, 0.00000, -0.00000, 0.00000, 1.00000, 0.00000, 8.00354, 24.18687, 0.00000, 1.00000, },
				{ 0.71196, 0.70222, 0.00000, 0.00000, -0.70222, 0.71196, -0.00000, 0.00000, -0.00000, -0.00000, 1.00000, 0.00000, 8.00354, 27.78687, 0.00000, 1.00000, },
				{ -0.89725, -0.44153, 0.00000, 0.00000, 0.44153, -0.89725, -0.00000, 0.00000, 0.00000, -0.00000, 1.00000, 0.00000, -7.74646, 29.93687, 0.00000, 1.00000, },
				{ -0.69895, 0.71517, 0.00000, 0.00000, -0.71517, -0.69895, -0.00000, 0.00000, 0.00000, -0.00000, 1.00000, 0.00000, -7.94646, 27.83687, 0.00000, 1.00000, },
				{ 0.60658, -0.79502, 0.00000, 0.00000, 0.79502, 0.60658, -0.00000, 0.00000, -0.00000, 0.00000, 1.00000, 0.00000, -7.94646, 24.28687, 0.00000, 1.00000, },
				{ 0.95144, 0.30783, 0.00000, 0.00000, -0.30783, 0.95144, -0.00000, 0.00000, -0.00000, 0.00000, 1.00000, 0.00000, -8.04646, 26.28687, 0.00000, 1.00000, },
				{ -0.60886, -0.79328, 0.00000, 0.00000, 0.79328, -0.60886, -0.00000, 0.00000, 0.00000, -0.00000, 1.00000, 0.00000, -9.16646, 2.14687, 0.00000, 1.00000, },
				{ -0.60886, -0.79328, 0.00000, 0.00000, 0.79328, -0.60886, -0.00000, 0.00000, 0.00000, -0.00000, 1.00000, 0.00000, -13.16646, 2.14687, 0.00000, 1.00000, },
				{ 0.99356, -0.11333, 0.00000, 0.00000, 0.11333, 0.99356, 0.00000, 0.00000, 0.00000, 0.00000, 1.00000, 0.00000, -8.20646, 2.14687, 0.00000, 1.00000, },
				{ 0.99356, -0.11333, 0.00000, 0.00000, 0.11333, 0.99356, 0.00000, 0.00000, 0.00000, 0.00000, 1.00000, 0.00000, -12.20646, 2.14687, 0.00000, 1.00000, },
				{ 0.97315, -0.23017, 0.00000, 0.00000, 0.23017, 0.97315, 0.00000, 0.00000, 0.00000, 0.00000, 1.00000, 0.00000, -10.24646, 2.14687, 0.00000, 1.00000, },
				{ 0.97315, -0.23017, 0.00000, 0.00000, 0.23017, 0.97315, 0.00000, 0.00000, 0.00000, 0.00000, 1.00000, 0.00000, -14.24646, 2.14687, 0.00000, 1.00000, },
				{ 0.97315, -0.23017, 0.00000, 0.00000, 0.23017, 0.97315, 0.00000, 0.00000, 0.00000, 0.00000, 1.00000, 0.00000, 7.95354, 1.99687, 0.00000, 1.00000, },
				{ 0.97315, -0.23017, 0.00000, 0.00000, 0.23017, 0.97315, 0.00000, 0.00000, 0.00000, 0.00000, 1.00000, 0.00000, 11.95354, 1.99687, 0.00000, 1.00000, },
				{ 0.99356, -0.11333, 0.00000, 0.00000, 0.11333, 0.99356, 0.00000, 0.00000, 0.00000, 0.00000, 1.00000, 0.00000, 9.99354, 1.99687, 0.00000, 1.00000, },
				{ 0.99356, -0.11333, 0.00000, 0.00000, 0.11333, 0.99356, 0.00000, 0.00000, 0.00000, 0.00000, 1.00000, 0.00000, 13.99354, 1.99687, 0.00000, 1.00000, },
				{ -0.60886, -0.79328, 0.00000, 0.00000, 0.79328, -0.60886, -0.00000, 0.00000, 0.00000, -0.00000, 1.00000, 0.00000, 9.03354, 1.99687, 0.00000, 1.00000, },
				{ -0.60886, -0.79328, 0.00000, 0.00000, 0.79328, -0.60886, -0.00000, 0.00000, 0.00000, -0.00000, 1.00000, 0.00000, 13.03354, 1.99687, 0.00000, 1.00000, },
				{ 0.44153, -0.89725, 0.00000, 0.00000, 0.89725, 0.44153, -0.00000, 0.00000, 0.00000, 0.00000, 1.00000, 0.00000, -6.54645, 29.93688, 0.00000, 1.00000, },
				{ 0.89725, 0.44152, 0.00000, 0.00000, -0.44152, 0.89725, -0.00000, 0.00000, -0.00000, 0.00000, 1.00000, 0.00000, -5.34644, 29.93688, 0.00000, 1.00000, },
				{ -0.44152, 0.89725, 0.00000, 0.00000, -0.89725, -0.44152, -0.00000, 0.00000, -0.00000, -0.00000, 1.00000, 0.00000, -4.14648, 29.93688, 0.00000, 1.00000, },
				{ -0.89725, -0.44152, 0.00000, 0.00000, 0.44152, -0.89725, -0.00000, 0.00000, 0.00000, -0.00000, 1.00000, 0.00000, -2.94647, 29.93688, 0.00000, 1.00000, },
				{ 0.44152, -0.89725, 0.00000, 0.00000, 0.89725, 0.44152, -0.00000, 0.00000, 0.00000, 0.00000, 1.00000, 0.00000, -1.74646, 29.93688, 0.00000, 1.00000, },
				{ 0.89725, 0.44152, 0.00000, 0.00000, -0.44152, 0.89725, -0.00000, 0.00000, -0.00000, 0.00000, 1.00000, 0.00000, -0.54645, 29.93688, 0.00000, 1.00000, },
				{ -0.44152, 0.89725, 0.00000, 0.00000, -0.89725, -0.44152, -0.00000, 0.00000, -0.00000, -0.00000, 1.00000, 0.00000, 0.65356, 29.93688, 0.00000, 1.00000, },
				{ -0.89725, -0.44152, 0.00000, 0.00000, 0.44152, -0.89725, -0.00000, 0.00000, 0.00000, -0.00000, 1.00000, 0.00000, 1.85352, 29.93688, 0.00000, 1.00000, },
				{ 0.44152, -0.89725, 0.00000, 0.00000, 0.89725, 0.44152, -0.00000, 0.00000, 0.00000, 0.00000, 1.00000, 0.00000, 3.05353, 29.93688, 0.00000, 1.00000, },
				{ 0.89725, 0.44152, 0.00000, 0.00000, -0.44152, 0.89725, -0.00000, 0.00000, -0.00000, 0.00000, 1.00000, 0.00000, 4.25354, 29.93688, 0.00000, 1.00000, },
				{ -0.44152, 0.89725, 0.00000, 0.00000, -0.89725, -0.44152, -0.00000, 0.00000, -0.00000, -0.00000, 1.00000, 0.00000, 5.45355, 29.93688, 0.00000, 1.00000, },
				{ -0.89725, -0.44152, 0.00000, 0.00000, 0.44152, -0.89725, -0.00000, 0.00000, 0.00000, -0.00000, 1.00000, 0.00000, 6.65356, 29.93688, 0.00000, 1.00000, },
				{ 0.44152, -0.89725, 0.00000, 0.00000, 0.89725, 0.44152, -0.00000, 0.00000, 0.00000, 0.00000, 1.00000, 0.00000, 7.85352, 29.93688, 0.00000, 1.00000, },
			},
		},
	},
}
--End Generated

function data()
	return townbuildingutil.make_building2(
		{ { -4.60, -0.10 }, { 4.60, -0.10 }, { 4.60, 9.10 }, { -4.60, 9.10 } },
		"RESIDENTIAL", 
		"A", 
		2,
		{ 4, 4 },
		generatedData,
		"construction/building/era_a/res_2_4x4_03.gtex"
	)
end
