local townbuildingutil = require "townbuildingutil"

--Model file: "building/era_a/res_1_3x4_01.mdl"

--Begin Generated
local generatedData = {
	["base"] = {
		models = {
			["building/era_a/res_1_3x4_01.mdl"] = {
				{ 1.00000, 0.00000, 0.00000, 0.00000, 0.00000, 1.00000, 0.00000, 0.00000, 0.00000, 0.00000, 1.00000, 0.00000, 0.00000, 0.00000, 0.00000, 1.00000, },
			},
		},
		curves = {
			["scaffold"] = {
				{ { 4.98648, 5.63637, 0.00000 }, { 4.98648, 5.63637, 0.00000 }, { 4.98669, 7.42019, 0.00000 }, { 4.98669, 7.42019, 0.00000 }, { 4.98669, 7.42019, 0.00000 }, { 6.75659, 7.42016, 0.00000 }, { 6.75659, 7.42016, 0.00000 }, { 6.75659, 7.42016, 0.00000 }, { 6.75659, 14.87315, 0.00000 }, { 6.75659, 14.87315, 0.00000 }, { 6.75659, 14.87315, 0.00000 }, { -6.59351, 14.87315, 0.00000 }, { -6.59351, 14.87315, 0.00000 }, { -6.59351, 14.87315, 0.00000 }, { -6.59375, 7.42039, 0.00000 }, { -6.59375, 7.42038, 0.00000 }, { -6.59375, 7.42038, 0.00000 }, { -0.60245, 7.42018, 0.00000 }, { -0.60245, 7.42018, 0.00000 }, { -0.60245, 7.42018, 0.00000 }, { -0.59573, 5.63969, 0.00000 }, { -0.59573, 5.63969, 0.00000 }, },
			},
			["shared/asphalt_01.gtex.lua;shared/dirt.gtex.lua"] = {
				{ { 2.37000, 0.00000, 0.00000 }, { 2.37000, 0.00000, 0.00000 }, { 2.37000, 5.03641, 0.00000 }, { 2.37000, 5.03641, 0.00000 }, { 2.37000, 5.03641, 0.00000 }, { 5.64014, 5.03641, 0.00000 }, { 5.64014, 5.03641, 0.00000 }, { 5.64014, 5.03641, 0.00000 }, { 5.64014, 6.76639, 0.00000 }, { 5.64014, 6.76639, 0.00000 }, { 5.64014, 6.76639, 0.00000 }, { 7.35645, 6.76639, 0.00000 }, { 7.35645, 6.76639, 0.00000 }, { 7.35645, 6.76639, 0.00000 }, { 7.35645, 15.62674, 0.00000 }, { 7.35645, 15.62674, 0.00000 }, { 7.35645, 15.62674, 0.00000 }, { -7.19366, 15.62675, 0.00000 }, { -7.19366, 15.62675, 0.00000 }, { -7.19366, 15.62675, 0.00000 }, { -7.19366, 6.76641, 0.00000 }, { -7.19366, 6.76641, 0.00000 }, { -7.19366, 6.76641, 0.00000 }, { -1.25623, 6.76639, 0.00000 }, { -1.25623, 6.76639, 0.00000 }, { -1.25623, 6.76639, 0.00000 }, { -1.25623, -0.05000, 0.00000 }, { -1.25623, -0.05000, 0.00000 }, },
			},
			["shared/grass_cutted_01.gtex.lua"] = {
				{ { 12.00000, 0.00000, 0.00000 }, { 12.00000, 0.00001, 0.00000 }, { 12.00000, 31.99999, 0.00000 }, { 12.00000, 32.00000, 0.00000 }, { 12.00000, 32.00000, 0.00000 }, { -5.00000, 32.00000, 0.00000 }, { -5.00000, 32.00000, 0.00000 }, { -5.00000, 32.00000, 0.00000 }, { -5.00000, 26.00000, 0.00000 }, { -5.00000, 26.00000, 0.00000 }, { -5.00000, 26.00000, 0.00000 }, { 1.00000, 26.00000, 0.00000 }, { 1.00000, 26.00000, 0.00000 }, { 1.00000, 26.00000, 0.00000 }, { 1.00000, 17.50000, 0.00000 }, { 1.00000, 17.50000, 0.00000 }, { 1.00000, 17.50000, 0.00000 }, { 9.00000, 17.50000, 0.00000 }, { 9.00000, 17.50000, 0.00000 }, { 9.00000, 17.50000, 0.00000 }, { 9.00000, 8.50000, 0.00000 }, { 9.00000, 8.50000, 0.00000 }, { 9.00000, 8.50000, 0.00000 }, { 8.75000, 6.30000, 0.00000 }, { 8.75000, 6.30000, 0.00000 }, { 8.75000, 6.30000, 0.00000 }, { 7.64999, 4.40000, 0.00000 }, { 7.64999, 4.40000, 0.00000 }, { 7.64999, 4.40000, 0.00000 }, { 6.00000, 3.50000, 0.00000 }, { 6.00000, 3.50000, 0.00000 }, { 6.00000, 3.50000, 0.00000 }, { 2.37000, 3.50000, 0.00000 }, { 2.37000, 3.50000, 0.00000 }, { 2.37000, 3.50000, 0.00000 }, { 2.37000, 0.00000, 0.00000 }, { 2.37000, 0.00000, 0.00000 }, },
				{ { -1.25623, -0.05000, 0.00000 }, { -1.25623, -0.05000, 0.00000 }, { -1.25623, 3.50000, 0.00000 }, { -1.25623, 3.50000, 0.00000 }, { -1.25623, 3.50000, 0.00000 }, { -7.19366, 3.50000, 0.00000 }, { -7.19366, 3.50000, 0.00000 }, { -7.19366, 3.50000, 0.00000 }, { -7.19366, 15.62675, 0.00000 }, { -7.19366, 15.62675, 0.00000 }, { -7.19366, 15.62675, 0.00000 }, { -8.50000, 15.62675, 0.00000 }, { -8.50000, 15.62675, 0.00000 }, { -8.50000, 15.62676, 0.00000 }, { -8.50000, 20.00000, 0.00000 }, { -8.50000, 20.00000, 0.00000 }, { -8.50000, 20.00000, 0.00000 }, { -5.00000, 20.00000, 0.00000 }, { -5.00000, 20.00000, 0.00000 }, { -5.00000, 20.00000, 0.00000 }, { -5.00000, 32.00000, 0.00000 }, { -5.00000, 32.00000, 0.00000 }, { -5.00000, 32.00000, 0.00000 }, { -12.00000, 32.00000, 0.00000 }, { -12.00000, 32.00000, 0.00000 }, { -12.00000, 31.99999, 0.00000 }, { -12.00000, 0.00001, 0.00000 }, { -12.00000, 0.00000, 0.00000 }, },
			},
			["shared/gravel_02.gtex.lua;shared/border2.gtex.lua"] = {
				{ { 2.37000, 3.50000, 0.00000 }, { 2.37000, 3.50000, 0.00000 }, { 6.00000, 3.50000, 0.00000 }, { 6.00000, 3.50000, 0.00000 }, { 6.00000, 3.50000, 0.00000 }, { 7.64999, 4.40000, 0.00000 }, { 7.64999, 4.40000, 0.00000 }, { 7.64999, 4.40000, 0.00000 }, { 8.75000, 6.30000, 0.00000 }, { 8.75000, 6.30000, 0.00000 }, { 8.75000, 6.30000, 0.00000 }, { 9.00000, 8.50000, 0.00000 }, { 9.00000, 8.50000, 0.00000 }, { 9.00000, 8.50000, 0.00000 }, { 9.00000, 17.50000, 0.00000 }, { 9.00000, 17.50000, 0.00000 }, { 9.00000, 17.50000, 0.00000 }, { 1.00000, 17.50000, 0.00000 }, { 1.00000, 17.50000, 0.00000 }, { 1.00000, 17.50000, 0.00000 }, { 1.00000, 26.00000, 0.00000 }, { 1.00000, 26.00000, 0.00000 }, { 1.00000, 26.00000, 0.00000 }, { -5.00000, 26.00000, 0.00000 }, { -5.00000, 26.00000, 0.00000 }, { -5.00000, 26.00000, 0.00000 }, { -5.00000, 20.00000, 0.00000 }, { -5.00000, 20.00000, 0.00000 }, { -5.00000, 20.00000, 0.00000 }, { -8.50000, 20.00000, 0.00000 }, { -8.50000, 20.00000, 0.00000 }, { -8.50000, 20.00000, 0.00000 }, { -8.50000, 15.62675, 0.00000 }, { -8.50000, 15.62675, 0.00000 }, { -8.50000, 15.62675, 0.00000 }, { -7.19366, 15.62675, 0.00000 }, { -7.19366, 15.62675, 0.00000 }, { -7.19366, 15.62675, 0.00000 }, { 7.35645, 15.62674, 0.00000 }, { 7.35645, 15.62674, 0.00000 }, { 7.35645, 15.62674, 0.00000 }, { 7.35645, 6.76639, 0.00000 }, { 7.35645, 6.76639, 0.00000 }, { 7.35645, 6.76639, 0.00000 }, { 5.64014, 6.76639, 0.00000 }, { 5.64014, 6.76639, 0.00000 }, { 5.64014, 6.76639, 0.00000 }, { 5.64014, 5.03641, 0.00000 }, { 5.64014, 5.03641, 0.00000 }, { 5.64014, 5.03641, 0.00000 }, { 2.37000, 5.03641, 0.00000 }, { 2.37000, 5.03641, 0.00000 }, },
				{ { -1.25623, 3.50000, 0.00000 }, { -1.25623, 3.50000, 0.00000 }, { -1.25623, 6.76639, 0.00000 }, { -1.25623, 6.76639, 0.00000 }, { -1.25623, 6.76639, 0.00000 }, { -7.19366, 6.76641, 0.00000 }, { -7.19366, 6.76641, 0.00000 }, { -7.19366, 6.76640, 0.00000 }, { -7.19366, 3.50000, 0.00000 }, { -7.19366, 3.50000, 0.00000 }, },
			},
		},
	},
	["layout_1"] = {
		models = {
			["asset/ground/container_wood.mdl"] = {
				{ 0.00000, 1.00000, 0.00000, 0.00000, -1.00000, 0.00000, 0.00000, 0.00000, 0.00000, 0.00000, 1.00000, 0.00000, 7.43649, 10.98000, -0.00000, 1.00000, ignore = { 2, 50 }, },
			},
			["asset/vegetation/hedge_m.mdl"] = {
				{ -1.00000, 0.00000, 0.00000, 0.00000, -0.00000, -1.00000, 0.00000, 0.00000, 0.00000, 0.00000, 1.00000, 0.00000, -11.32000, 0.91667, -0.20000, 1.00000, },
				{ -1.00000, -0.00000, 0.00000, 0.00000, 0.00000, -1.00000, 0.00000, 0.00000, 0.00000, 0.00000, 1.00000, 0.00000, -11.32000, 3.61667, -0.20000, 1.00000, },
				{ -1.00000, 0.00000, 0.00000, 0.00000, -0.00000, -1.00000, 0.00000, 0.00000, 0.00000, 0.00000, 1.00000, 0.00000, -11.32000, 6.69667, -0.20000, 1.00000, },
				{ -0.00000, -1.00000, 0.00000, 0.00000, 1.00000, -0.00000, -0.00000, 0.00000, 0.00000, -0.00000, 1.00000, 0.00000, -2.27000, 0.50000, -0.20000, 1.00000, },
				{ -0.00000, -1.00000, 0.00000, 0.00000, 1.00000, -0.00000, -0.00000, 0.00000, 0.00000, -0.00000, 1.00000, 0.00000, -8.28000, 0.50000, -0.20000, 1.00000, },
				{ -0.00000, 1.00000, 0.00000, 0.00000, -1.00000, -0.00000, -0.00000, 0.00000, -0.00000, -0.00000, 1.00000, 0.00000, -5.46000, 0.50000, -0.20000, 1.00000, },
				{ 1.00000, 0.00000, 0.00000, 0.00000, -0.00000, 1.00000, -0.00000, 0.00000, -0.00000, -0.00000, 1.00000, 0.00000, -11.32000, 2.53667, -0.20000, 1.00000, },
				{ -1.00000, -0.00000, -0.00000, 0.00000, 0.00000, -1.00000, 0.00000, 0.00000, -0.00000, 0.00000, 1.00000, 0.00000, -11.32000, 5.23667, -0.20000, 1.00000, },
				{ 1.00000, 0.00000, 0.00000, 0.00000, -0.00000, 1.00000, -0.00000, 0.00000, -0.00000, -0.00000, 1.00000, 0.00000, -11.32000, 8.31667, -0.20000, 1.00000, },
				{ -0.00000, 1.00000, 0.00000, 0.00000, -1.00000, -0.00000, -0.00000, 0.00000, -0.00000, -0.00000, 1.00000, 0.00000, -3.60000, 0.50000, -0.20000, 1.00000, },
				{ -0.00000, 1.00000, 0.00000, 0.00000, -1.00000, -0.00000, -0.00000, 0.00000, -0.00000, -0.00000, 1.00000, 0.00000, -9.85000, 0.50000, -0.20000, 1.00000, },
				{ -0.00000, 1.00000, 0.00000, 0.00000, -1.00000, -0.00000, -0.00000, 0.00000, -0.00000, -0.00000, 1.00000, 0.00000, -10.90000, 0.50000, -0.20000, 1.00000, },
				{ -0.00000, -1.00000, 0.00000, 0.00000, 1.00000, -0.00000, -0.00000, 0.00000, 0.00000, -0.00000, 1.00000, 0.00000, -6.82000, 0.50000, -0.20000, 1.00000, },
			},
		},
		groups = {
			["era_a_com_1_asset_ground_double_bench.grp"] = {
				{ -0.00000, -1.00000, 0.00000, 0.00000, 1.00000, -0.00000, 0.00000, 0.00000, 0.00000, 0.00000, 1.00000, 0.00000, -0.93000, 22.18000, 0.00000, 1.00000, seed = 123, },
				{ 0.00000, 1.00000, -0.00000, 0.00000, -1.00000, 0.00000, 0.00000, 0.00000, 0.00000, 0.00000, 1.00000, 0.00000, -2.62000, 22.18000, 0.00000, 1.00000, seed = 123, },
			},
			["era_a_com_1_asset_ground_table.grp"] = {
				{ -0.00000, -1.00000, 0.00000, 0.00000, 1.00000, -0.00000, 0.00000, 0.00000, 0.00000, 0.00000, 1.00000, 0.00000, -1.75000, 22.18000, 0.00000, 1.00000, seed = 123, },
			},
			["era_a_garden_bench.grp"] = {
				{ 1.00000, -0.00000, 0.00000, 0.00000, 0.00000, 1.00000, 0.00000, 0.00000, 0.00000, 0.00000, 1.00000, 0.00000, -4.21000, 6.17000, 0.00000, 1.00000, seed = 123, },
				{ -1.00000, 0.00000, 0.00000, 0.00000, -0.00000, -1.00000, 0.00000, 0.00000, 0.00000, 0.00000, 1.00000, 0.00000, -4.21000, 16.02000, 0.00000, 1.00000, seed = 123, },
			},
			["era_a_garden_ladder.grp"] = {
				{ 0.58212, -0.81310, 0.00000, 0.00000, 0.81310, 0.58212, 0.00000, 0.00000, 0.00000, 0.00000, 1.00000, 0.00000, 7.32000, 28.42000, 0.00000, 1.00000, seed = 123, },
			},
			["era_a_garden_sunshade.grp"] = {
				{ -0.69466, -0.71934, 0.00000, 0.00000, 0.71934, -0.69466, 0.00000, 0.00000, -0.00000, 0.00000, 1.00000, 0.00000, -1.74938, 22.17992, -0.00000, 1.00000, seed = 123, },
			},
			["random_large_tree_town.grp"] = {
				{ -0.05234, -0.99863, 0.00000, 0.00000, 0.99863, -0.05234, 0.00000, 0.00000, 0.00000, 0.00000, 1.00000, 0.00000, 5.24000, 29.85000, 0.00000, 1.00000, },
				{ -0.90631, 0.42262, 0.00000, 0.00000, -0.42262, -0.90631, 0.00000, 0.00000, 0.00000, 0.00000, 1.00000, 0.00000, -7.80000, 30.70000, 0.00000, 1.00000, },
			},
			["random_medium_tree_town.grp"] = {
				{ 0.49674, 0.75050, 0.00000, 0.00000, -0.75050, 0.49674, -0.00000, 0.00000, -0.00000, -0.00000, 0.90000, 0.00000, 8.80000, 28.60000, 0.00000, 1.00000, },
				{ -0.88493, 0.16401, 0.00000, 0.00000, -0.16401, -0.88493, -0.00000, 0.00000, 0.00000, -0.00000, 0.90000, 0.00000, -6.80000, 23.35000, 0.00000, 1.00000, },
				{ 0.91425, -0.40514, 0.00000, 0.00000, 0.40514, 0.91425, -0.00000, 0.00000, -0.00000, 0.00000, 1.00000, 0.00000, 10.35000, 16.05000, 0.00000, 1.00000, },
				{ -0.56371, 0.56766, 0.00000, 0.00000, -0.56766, -0.56371, -0.00000, 0.00000, 0.00000, -0.00000, 0.80000, 0.00000, -9.95000, 27.20000, 0.00000, 1.00000, },
			},
			["random_shrub_town.grp"] = {
				{ -0.71617, -0.43898, 0.00000, 0.00000, 0.43898, -0.71617, 0.00000, 0.00000, 0.00000, 0.00000, 0.84000, 0.00000, -8.90044, 11.86564, 0.00000, 1.00000, },
				{ -0.72382, 0.42625, 0.00000, 0.00000, -0.42625, -0.72382, 0.00000, 0.00000, 0.00000, 0.00000, 0.84000, 0.00000, -8.92044, 8.16564, 0.00000, 1.00000, },
				{ 0.95885, -0.28391, 0.00000, 0.00000, 0.28391, 0.95885, 0.00000, 0.00000, 0.00000, 0.00000, 1.00000, 0.00000, 3.94956, 21.06564, 0.00000, 1.00000, },
				{ 0.96453, 0.26398, 0.00000, 0.00000, -0.26398, 0.96453, 0.00000, 0.00000, 0.00000, 0.00000, 1.00000, 0.00000, 5.93956, 20.31564, 0.00000, 1.00000, },
				{ -0.16838, -0.98572, 0.00000, 0.00000, 0.98572, -0.16838, 0.00000, 0.00000, 0.00000, 0.00000, 1.00000, 0.00000, 5.32956, 22.37564, 0.00000, 1.00000, },
				{ 0.49263, -0.68038, 0.00000, 0.00000, 0.68038, 0.49263, 0.00000, 0.00000, 0.00000, 0.00000, 0.84000, 0.00000, 8.85956, 4.14564, 0.00000, 1.00000, },
				{ -0.67442, 0.50075, 0.00000, 0.00000, -0.50075, -0.67442, 0.00000, 0.00000, 0.00000, 0.00000, 0.84000, 0.00000, 9.80956, 8.64564, 0.00000, 1.00000, },
				{ 0.74505, 0.38795, 0.00000, 0.00000, -0.38795, 0.74505, 0.00000, 0.00000, 0.00000, 0.00000, 0.84000, 0.00000, 7.04956, 2.90564, 0.00000, 1.00000, },
				{ -0.58358, 0.60418, 0.00000, 0.00000, -0.60418, -0.58358, 0.00000, 0.00000, 0.00000, 0.00000, 0.84000, 0.00000, 5.29956, 2.90564, 0.00000, 1.00000, },
				{ 0.48906, -0.68295, 0.00000, 0.00000, 0.68295, 0.48906, 0.00000, 0.00000, 0.00000, 0.00000, 0.84000, 0.00000, 3.24956, 2.75564, 0.00000, 1.00000, },
				{ 0.04240, 0.83893, 0.00000, 0.00000, -0.83893, 0.04240, 0.00000, 0.00000, 0.00000, 0.00000, 0.84000, 0.00000, 3.24956, 1.10564, 0.00000, 1.00000, },
				{ -0.12425, 0.83076, 0.00000, 0.00000, -0.83076, -0.12425, 0.00000, 0.00000, 0.00000, 0.00000, 0.84000, 0.00000, 9.59956, 6.25564, 0.00000, 1.00000, },
				{ 0.49501, -0.67865, 0.00000, 0.00000, 0.67865, 0.49501, 0.00000, 0.00000, 0.00000, 0.00000, 0.84000, 0.00000, -8.68044, 10.20564, 0.00000, 1.00000, },
			},
			["random_shrub_town_fence.grp"] = {
				{ 0.99856, -0.05359, 0.00000, 0.00000, 0.05359, 0.99856, 0.00000, 0.00000, 0.00000, 0.00000, 1.00000, 0.00000, -5.90832, 20.85000, 0.00000, 1.00000, },
				{ -0.96827, 0.24990, 0.00000, 0.00000, -0.24990, -0.96827, 0.00000, 0.00000, 0.00000, 0.00000, 1.00000, 0.00000, -6.00832, 22.90000, 0.00000, 1.00000, },
				{ -0.26771, 0.96350, 0.00000, 0.00000, -0.96350, -0.26771, 0.00000, 0.00000, 0.00000, 0.00000, 1.00000, 0.00000, -5.85832, 24.85000, 0.00000, 1.00000, },
				{ -0.48896, -0.87231, 0.00000, 0.00000, 0.87231, -0.48896, 0.00000, 0.00000, 0.00000, 0.00000, 1.00000, 0.00000, -5.00832, 26.20000, 0.00000, 1.00000, },
				{ -0.11618, -0.99323, 0.00000, 0.00000, 0.99323, -0.11618, 0.00000, 0.00000, 0.00000, 0.00000, 1.00000, 0.00000, -4.15832, 26.45000, 0.00000, 1.00000, },
				{ 0.84871, 0.52885, 0.00000, 0.00000, -0.52885, 0.84871, 0.00000, 0.00000, 0.00000, 0.00000, 1.00000, 0.00000, -2.05832, 26.45000, 0.00000, 1.00000, },
				{ -0.98920, -0.14657, 0.00000, 0.00000, 0.14657, -0.98920, 0.00000, 0.00000, 0.00000, 0.00000, 1.00000, 0.00000, -0.40832, 26.45000, 0.00000, 1.00000, },
				{ 0.18100, -0.98348, 0.00000, 0.00000, 0.98348, 0.18100, 0.00000, 0.00000, 0.00000, 0.00000, 1.00000, 0.00000, 0.89168, 26.45000, 0.00000, 1.00000, },
				{ 0.84030, 0.54212, 0.00000, 0.00000, -0.54212, 0.84030, 0.00000, 0.00000, 0.00000, 0.00000, 1.00000, 0.00000, 1.74168, 25.05000, 0.00000, 1.00000, },
				{ 0.01096, -0.99994, 0.00000, 0.00000, 0.99994, 0.01096, 0.00000, 0.00000, 0.00000, 0.00000, 1.00000, 0.00000, 1.69168, 23.40000, 0.00000, 1.00000, },
				{ 0.05359, 0.99856, 0.00000, 0.00000, -0.99856, 0.05359, 0.00000, 0.00000, 0.00000, 0.00000, 1.00000, 0.00000, -7.45831, 20.85000, 0.00000, 1.00000, },
				{ -0.99856, 0.05359, -0.00000, 0.00000, -0.05359, -0.99856, 0.00000, 0.00000, -0.00000, 0.00000, 1.00000, 0.00000, -9.10831, 20.85000, 0.00000, 1.00000, },
				{ 0.90871, -0.41742, 0.00000, 0.00000, 0.41742, 0.90871, 0.00000, 0.00000, -0.00000, -0.00000, 1.00000, 0.00000, -9.10831, 19.05000, 0.00000, 1.00000, },
				{ -0.41742, -0.90871, -0.00000, 0.00000, 0.90871, -0.41742, 0.00000, 0.00000, -0.00000, 0.00000, 1.00000, 0.00000, -9.10831, 17.60000, 0.00000, 1.00000, },
				{ -0.41742, -0.90871, -0.00000, 0.00000, 0.90871, -0.41742, 0.00000, 0.00000, -0.00000, 0.00000, 1.00000, 0.00000, -8.25831, 16.45000, 0.00000, 1.00000, },
				{ -0.41742, -0.90871, -0.00000, 0.00000, 0.90871, -0.41742, 0.00000, 0.00000, -0.00000, 0.00000, 1.00000, 0.00000, -7.40831, 16.25000, 0.00000, 1.00000, },
			},
		},
	},
}
--End Generated

function data()
	return townbuildingutil.make_building2(
		{ { -4.60, -0.10 }, { 4.60, -0.10 }, { 4.60, 9.10 }, { -4.60, 9.10 } },
		"RESIDENTIAL", 
		"A", 
		1,
		{ 3, 4 },
		generatedData,
		"construction/building/era_a/res_1_3x4_01.gtex"
	)
end
