local townbuildingutil = require "townbuildingutil"

--Model file: "building/era_a/res_1_4x4_03.mdl"

--Begin Generated
local generatedData = {
	["base"] = {
		models = {
			["building/era_a/res_1_4x4_03.mdl"] = {
				{ 1.00000, 0.00000, 0.00000, 0.00000, 0.00000, 1.00000, 0.00000, 0.00000, 0.00000, 0.00000, 1.00000, 0.00000, 0.00000, 0.00000, 0.00000, 1.00000, },
			},
		},
		curves = {
			["scaffold"] = {
				{ { 2.50494, 5.69066, 0.00000 }, { 2.50494, 5.69066, 0.00000 }, { 2.50494, 7.72442, 0.00000 }, { 2.50494, 7.72443, 0.00000 }, { 2.50494, 7.72443, 0.00000 }, { 4.57458, 7.72443, 0.00000 }, { 4.57458, 7.72443, 0.00000 }, { 4.57458, 7.72443, 0.00000 }, { 4.57458, 20.83197, 0.00000 }, { 4.57458, 20.83197, 0.00000 }, { 4.57458, 20.83197, 0.00000 }, { -6.04364, 20.83197, 0.00000 }, { -6.04364, 20.83197, 0.00000 }, { -6.04364, 20.83197, 0.00000 }, { -6.04364, 7.72443, 0.00000 }, { -6.04364, 7.72443, 0.00000 }, { -6.04364, 7.72443, 0.00000 }, { -3.96979, 7.72443, 0.00000 }, { -3.96979, 7.72443, 0.00000 }, { -3.96979, 7.72443, 0.00000 }, { -3.96979, 5.69066, 0.00000 }, { -3.96979, 5.69066, 0.00000 }, { -3.96979, 5.69066, 0.00000 }, { -2.56976, 5.69066, 0.00000 }, { -2.56976, 5.69066, 0.00000 }, { -2.56976, 5.69066, 0.00000 }, { -2.56976, 7.72443, 0.00000 }, { -2.56976, 7.72443, 0.00000 }, { -2.56976, 7.72443, 0.00000 }, { 1.10492, 7.72443, 0.00000 }, { 1.10492, 7.72443, 0.00000 }, { 1.10492, 7.72443, 0.00000 }, { 1.10492, 5.69066, 0.00000 }, { 1.10492, 5.69066, 0.00000 }, },
			},
			["shared/asphalt_01.gtex.lua;shared/dirt.gtex.lua"] = {
				{ { 5.20215, 0.00000, 0.00000 }, { 5.20215, 0.00000, 0.00000 }, { 5.20215, 21.43194, 0.00000 }, { 5.20215, 21.43195, 0.00000 }, { 5.20215, 21.43195, 0.00000 }, { -6.67090, 21.43195, 0.00000 }, { -6.67090, 21.43195, 0.00000 }, { -6.67090, 21.43194, 0.00000 }, { -6.67090, 0.00000, 0.00000 }, { -6.67090, 0.00000, 0.00000 }, },
			},
			["shared/grass_cutted_01.gtex.lua"] = {
				{ { -6.67090, 0.00000, 0.00000 }, { -6.67090, 0.00000, 0.00000 }, { -6.67090, 3.00000, 0.00000 }, { -6.67090, 3.00000, 0.00000 }, { -6.67090, 3.00000, 0.00000 }, { -13.25000, 3.00000, 0.00000 }, { -13.25000, 3.00000, 0.00000 }, { -13.25000, 3.00000, 0.00000 }, { -13.25000, 13.00000, 0.00000 }, { -13.25000, 13.00000, 0.00000 }, { -13.25000, 13.00000, 0.00000 }, { -8.25000, 13.00000, 0.00000 }, { -8.25000, 13.00000, 0.00000 }, { -8.25000, 13.00000, 0.00000 }, { -8.25000, 23.00000, 0.00000 }, { -8.25000, 23.00000, 0.00000 }, { -8.25000, 23.00000, 0.00000 }, { -3.00000, 23.00000, 0.00000 }, { -3.00000, 23.00000, 0.00000 }, { -3.00000, 23.00000, 0.00000 }, { -3.00000, 32.00000, 0.00000 }, { -3.00000, 32.00000, 0.00000 }, { -3.00000, 32.00000, 0.00000 }, { -16.00000, 32.00000, 0.00000 }, { -16.00000, 32.00000, 0.00000 }, { -16.00000, 31.99999, 0.00000 }, { -16.00000, 0.00001, 0.00000 }, { -16.00000, 0.00000, 0.00000 }, },
				{ { 16.00000, 0.00000, 0.00000 }, { 16.00000, 0.00001, 0.00000 }, { 16.00000, 31.99999, 0.00000 }, { 16.00000, 32.00000, 0.00000 }, { 16.00000, 32.00000, 0.00000 }, { -3.00000, 32.00000, 0.00000 }, { -3.00000, 32.00000, 0.00000 }, { -3.00000, 32.00000, 0.00000 }, { -3.00000, 28.00000, 0.00000 }, { -3.00000, 28.00000, 0.00000 }, { -3.00000, 28.00000, 0.00000 }, { 8.00000, 28.00000, 0.00000 }, { 8.00000, 28.00000, 0.00000 }, { 8.00000, 28.00000, 0.00000 }, { 8.00000, 5.00000, 0.00000 }, { 8.00000, 5.00000, 0.00000 }, { 8.00000, 5.00000, 0.00000 }, { 5.20215, 5.00000, 0.00000 }, { 5.20215, 5.00000, 0.00000 }, { 5.20215, 5.00000, 0.00000 }, { 5.20215, -0.00000, 0.00000 }, { 5.20215, 0.00000, 0.00000 }, },
			},
			["shared/gravel_02.gtex.lua"] = {
				{ { 8.00000, 5.00000, 0.00000 }, { 8.00000, 5.00000, 0.00000 }, { 8.00000, 27.99999, 0.00000 }, { 8.00000, 28.00000, 0.00000 }, { 8.00000, 28.00000, 0.00000 }, { -3.00000, 28.00000, 0.00000 }, { -3.00000, 28.00000, 0.00000 }, { -3.00000, 28.00000, 0.00000 }, { -3.00000, 23.00000, 0.00000 }, { -3.00000, 23.00000, 0.00000 }, { -3.00000, 23.00000, 0.00000 }, { -8.25000, 23.00000, 0.00000 }, { -8.25000, 23.00000, 0.00000 }, { -8.25000, 23.00000, 0.00000 }, { -8.25000, 13.00000, 0.00000 }, { -8.25000, 13.00000, 0.00000 }, { -8.25000, 13.00000, 0.00000 }, { -13.25000, 13.00000, 0.00000 }, { -13.25000, 13.00000, 0.00000 }, { -13.25000, 13.00000, 0.00000 }, { -13.25000, 3.00000, 0.00000 }, { -13.25000, 3.00000, 0.00000 }, { -13.25000, 3.00000, 0.00000 }, { -6.67090, 3.00000, 0.00000 }, { -6.67090, 3.00000, 0.00000 }, { -6.67090, 3.00000, 0.00000 }, { -6.67090, 21.43194, 0.00000 }, { -6.67090, 21.43195, 0.00000 }, { -6.67090, 21.43195, 0.00000 }, { 5.20215, 21.43195, 0.00000 }, { 5.20215, 21.43195, 0.00000 }, { 5.20215, 21.43194, 0.00000 }, { 5.20215, 5.00000, 0.00000 }, { 5.20215, 5.00000, 0.00000 }, },
			},
		},
	},
	["layout_1"] = {
		models = {
			["asset/vegetation/hedge_m.mdl"] = {
				{ 1.00000, 0.00000, 0.00000, 0.00000, -0.00000, 1.00000, 0.00000, 0.00000, 0.00000, 0.00000, 1.00000, 0.00000, -15.35363, 3.62040, -0.20000, 1.00000, },
				{ -1.00000, 0.00000, -0.00000, 0.00000, -0.00000, -1.00000, 0.00000, 0.00000, -0.00000, 0.00000, 1.00000, 0.00000, -15.35363, 4.51040, -0.20000, 1.00000, },
				{ 1.00000, 0.00000, 0.00000, 0.00000, -0.00000, 1.00000, 0.00000, 0.00000, 0.00000, 0.00000, 1.00000, 0.00000, -15.35363, 5.54040, -0.20000, 1.00000, },
				{ 1.00000, 0.00000, 0.00000, 0.00000, -0.00000, 1.00000, 0.00000, 0.00000, 0.00000, 0.00000, 1.00000, 0.00000, -15.35363, 7.12040, -0.20000, 1.00000, },
				{ -1.00000, 0.00000, -0.00000, 0.00000, -0.00000, -1.00000, 0.00000, 0.00000, -0.00000, 0.00000, 1.00000, 0.00000, -15.35363, 8.01040, -0.20000, 1.00000, },
				{ 1.00000, 0.00000, 0.00000, 0.00000, -0.00000, 1.00000, 0.00000, 0.00000, 0.00000, 0.00000, 1.00000, 0.00000, -15.35363, 9.04040, -0.20000, 1.00000, },
				{ 1.00000, 0.00000, 0.00000, 0.00000, -0.00000, 1.00000, 0.00000, 0.00000, 0.00000, 0.00000, 1.00000, 0.00000, -15.35363, 10.52040, -0.20000, 1.00000, },
				{ -1.00000, 0.00000, -0.00000, 0.00000, -0.00000, -1.00000, 0.00000, 0.00000, -0.00000, 0.00000, 1.00000, 0.00000, -15.35363, 11.41040, -0.20000, 1.00000, },
				{ 1.00000, 0.00000, 0.00000, 0.00000, -0.00000, 1.00000, 0.00000, 0.00000, 0.00000, 0.00000, 1.00000, 0.00000, -15.35363, 12.44040, -0.20000, 1.00000, },
			},
		},
		groups = {
			["era_a_com_1_asset_ground_chair.grp"] = {
				{ -0.06279, 0.99803, -0.00000, 0.00000, -0.99803, -0.06279, 0.00000, 0.00000, 0.00000, 0.00000, 1.00000, 0.00000, 0.81763, 25.24603, -0.00000, 1.00000, seed = 123, },
				{ -0.66653, 0.74548, 0.00000, 0.00000, -0.74548, -0.66653, 0.00000, 0.00000, 0.00000, -0.00000, 1.00000, 0.00000, 1.17065, 24.39569, -0.00000, 1.00000, seed = 123, },
				{ 0.31896, -0.94777, 0.00000, 0.00000, 0.94777, 0.31896, 0.00000, 0.00000, -0.00000, -0.00000, 1.00000, 0.00000, 2.18931, 25.57265, 0.00000, 1.00000, seed = 123, },
				{ 0.02443, -0.99970, -0.00000, 0.00000, 0.99970, 0.02443, -0.00000, 0.00000, 0.00000, -0.00000, 1.00000, 0.00000, 2.44301, 24.74940, 0.00000, 1.00000, seed = 123, },
			},
			["era_a_com_1_asset_ground_table.grp"] = {
				{ 0.23853, -0.97113, 0.00000, 0.00000, 0.97113, 0.23853, 0.00000, 0.00000, 0.00000, 0.00000, 1.00000, 0.00000, 1.67000, 24.92000, 0.00000, 1.00000, seed = 123, },
			},
			["era_a_garden_bench.grp"] = {
				{ 1.00000, -0.00000, 0.00000, 0.00000, 0.00000, 1.00000, 0.00000, 0.00000, 0.00000, 0.00000, 1.00000, 0.00000, -10.66000, 12.52000, 0.00000, 1.00000, seed = 123, },
			},
			["era_a_garden_chair.grp"] = {
				{ -0.10453, 0.99452, 0.00000, 0.00000, -0.99452, -0.10453, 0.00000, 0.00000, 0.00000, 0.00000, 1.00000, 0.00000, -10.70000, 6.18000, 0.00000, 1.00000, seed = 123, },
				{ 0.95528, -0.29571, 0.00000, 0.00000, 0.29571, 0.95528, 0.00000, 0.00000, 0.00000, 0.00000, 1.00000, 0.00000, -9.95000, 7.16000, 0.00000, 1.00000, seed = 123, ignore = { 2, 60 }, },
				{ -0.99985, 0.01745, -0.00000, 0.00000, -0.01745, -0.99985, 0.00000, 0.00000, -0.00000, 0.00000, 1.00000, 0.00000, -9.95000, 5.38000, 0.00000, 1.00000, seed = 123, ignore = { 3, 60 }, },
				{ -0.01745, -0.99985, -0.00000, 0.00000, 0.99985, -0.01745, 0.00000, 0.00000, -0.00000, 0.00000, 1.00000, 0.00000, -9.24000, 6.26000, 0.00000, 1.00000, seed = 123, },
			},
			["era_a_garden_sunshade.grp"] = {
				{ 0.45399, -0.89101, 0.00000, 0.00000, 0.89101, 0.45399, 0.00000, 0.00000, -0.00000, -0.00000, 1.00000, 0.00000, 1.69062, 24.91992, 0.00000, 1.00000, seed = 123, },
			},
			["garden_table_round.grp"] = {
				{ 1.00000, 0.00000, 0.00000, 0.00000, 0.00000, 1.00000, 0.00000, 0.00000, 0.00000, 0.00000, 1.00000, 0.00000, -9.95000, 6.25000, 0.00000, 1.00000, seed = 123, },
			},
			["random_large_tree_town.grp"] = {
				{ -0.05234, -0.99863, 0.00000, 0.00000, 0.99863, -0.05234, -0.00000, 0.00000, 0.00000, -0.00000, 1.00000, 0.00000, -14.03000, 30.02000, 0.00000, 1.00000, },
				{ 0.47136, 0.64639, 0.00000, 0.00000, -0.64639, 0.47136, -0.00000, 0.00000, -0.00000, 0.00000, 0.80000, 0.00000, -11.93000, 25.17000, 0.00000, 1.00000, },
				{ -0.84677, 0.07408, 0.00000, 0.00000, -0.07408, -0.84677, -0.00000, 0.00000, -0.00000, -0.00000, 0.85000, 0.00000, -7.63000, 29.87000, 0.00000, 1.00000, },
			},
			["random_medium_tree_town.grp"] = {
				{ 0.99970, -0.02443, 0.00000, 0.00000, 0.02443, 0.99970, -0.00000, 0.00000, -0.00000, 0.00000, 1.00000, 0.00000, 11.65000, 21.80000, 0.00000, 1.00000, },
				{ -0.84712, -0.53140, 0.00000, 0.00000, 0.53140, -0.84712, -0.00000, 0.00000, 0.00000, -0.00000, 1.00000, 0.00000, -12.30000, 20.50000, 0.00000, 1.00000, },
				{ -0.86787, -0.38640, 0.00000, 0.00000, 0.38640, -0.86787, -0.00000, 0.00000, 0.00000, -0.00000, 0.95000, 0.00000, 12.00000, 7.40000, 0.00000, 1.00000, },
				{ 0.64720, 0.66786, 0.00000, 0.00000, -0.66786, 0.64720, -0.00000, 0.00000, -0.00000, -0.00000, 0.93000, 0.00000, 13.15000, 13.99000, 0.00000, 1.00000, },
				{ -0.19383, -0.91980, 0.00000, 0.00000, 0.91980, -0.19383, -0.00000, 0.00000, 0.00000, 0.00000, 0.94000, 0.00000, 13.05000, 28.69000, 0.00000, 1.00000, },
			},
			["random_shrub_town.grp"] = {
				{ 0.58646, -0.80997, 0.00000, 0.00000, 0.80997, 0.58646, 0.00000, 0.00000, 0.00000, 0.00000, 1.00000, 0.00000, -11.71044, 1.30564, 0.00000, 1.00000, },
				{ 0.58646, -0.80997, 0.00000, 0.00000, 0.80997, 0.58646, 0.00000, 0.00000, 0.00000, 0.00000, 1.00000, 0.00000, 9.34956, 1.30564, 0.00000, 1.00000, },
				{ 0.12135, -0.83119, 0.00000, 0.00000, 0.83119, 0.12135, 0.00000, 0.00000, 0.00000, 0.00000, 0.84000, 0.00000, -11.23477, 15.01805, 0.00000, 1.00000, },
				{ -0.81573, -0.20046, 0.00000, 0.00000, 0.20046, -0.81573, -0.00000, 0.00000, 0.00000, -0.00000, 0.84000, 0.00000, -10.08164, 15.71288, 0.00000, 1.00000, },
				{ 0.79962, 0.60051, 0.00000, 0.00000, -0.60051, 0.79962, 0.00000, 0.00000, 0.00000, 0.00000, 1.00000, 0.00000, -14.78044, 1.40564, 0.00000, 1.00000, },
				{ 0.79962, 0.60051, 0.00000, 0.00000, -0.60051, 0.79962, 0.00000, 0.00000, 0.00000, 0.00000, 1.00000, 0.00000, 6.27956, 1.40564, 0.00000, 1.00000, },
				{ -0.41618, -0.90928, 0.00000, 0.00000, 0.90928, -0.41618, 0.00000, 0.00000, 0.00000, 0.00000, 1.00000, 0.00000, -9.98044, 1.40564, 0.00000, 1.00000, },
				{ -0.41618, -0.90928, 0.00000, 0.00000, 0.90928, -0.41618, 0.00000, 0.00000, 0.00000, 0.00000, 1.00000, 0.00000, 11.07956, 1.40564, 0.00000, 1.00000, },
				{ 0.52854, -0.84891, 0.00000, 0.00000, 0.84891, 0.52854, 0.00000, 0.00000, 0.00000, 0.00000, 1.00000, 0.00000, -7.78044, 1.40564, 0.00000, 1.00000, },
				{ 0.52854, -0.84891, 0.00000, 0.00000, 0.84891, 0.52854, 0.00000, 0.00000, 0.00000, 0.00000, 1.00000, 0.00000, 12.69956, 1.40564, 0.00000, 1.00000, },
				{ -0.69474, 0.71926, 0.00000, 0.00000, -0.71926, -0.69474, 0.00000, 0.00000, 0.00000, 0.00000, 1.00000, 0.00000, -13.21044, 1.31564, 0.00000, 1.00000, },
				{ -0.69474, 0.71926, 0.00000, 0.00000, -0.71926, -0.69474, 0.00000, 0.00000, 0.00000, 0.00000, 1.00000, 0.00000, 7.84956, 1.31564, 0.00000, 1.00000, },
				{ -0.69474, 0.71926, 0.00000, 0.00000, -0.71926, -0.69474, 0.00000, 0.00000, 0.00000, 0.00000, 1.00000, 0.00000, 14.52956, 1.31564, 0.00000, 1.00000, },
				{ -0.23726, 0.80580, 0.00000, 0.00000, -0.80580, -0.23726, -0.00000, 0.00000, -0.00000, -0.00000, 0.84000, 0.00000, -11.06490, 16.74598, 0.00000, 1.00000, },
				{ 0.97315, -0.23017, 0.00000, 0.00000, 0.23017, 0.97315, 0.00000, 0.00000, 0.00000, 0.00000, 1.00000, 0.00000, -6.62646, 25.04687, 0.00000, 1.00000, },
				{ -0.90978, 0.41510, 0.00000, 0.00000, -0.41510, -0.90978, -0.00000, 0.00000, 0.00000, -0.00000, 1.00000, 0.00000, -4.72646, 25.34687, 0.00000, 1.00000, },
				{ -0.00792, 0.99997, 0.00000, 0.00000, -0.99997, -0.00792, -0.00000, 0.00000, -0.00000, -0.00000, 1.00000, 0.00000, -4.92646, 24.19687, 0.00000, 1.00000, },
				{ 0.97507, 0.22192, 0.00000, 0.00000, -0.22192, 0.97507, -0.00000, 0.00000, -0.00000, 0.00000, 1.00000, 0.00000, -5.90646, 26.48687, 0.00000, 1.00000, },
				{ -0.15839, 0.98738, 0.00000, 0.00000, -0.98738, -0.15839, -0.00000, 0.00000, -0.00000, -0.00000, 1.00000, 0.00000, -1.94646, 30.88687, 0.00000, 1.00000, },
				{ 0.98738, 0.15839, 0.00000, 0.00000, -0.15839, 0.98738, -0.00000, 0.00000, -0.00000, 0.00000, 1.00000, 0.00000, 9.00354, 17.45000, 0.00000, 1.00000, },
				{ 0.98738, 0.15839, 0.00000, 0.00000, -0.15839, 0.98738, -0.00000, 0.00000, -0.00000, 0.00000, 1.00000, 0.00000, 9.00354, 25.25000, 0.00000, 1.00000, },
				{ -0.98007, -0.19863, 0.00000, 0.00000, 0.19863, -0.98007, -0.00000, 0.00000, 0.00000, -0.00000, 1.00000, 0.00000, -0.94646, 30.88687, 0.00000, 1.00000, },
				{ -0.19863, 0.98007, 0.00000, 0.00000, -0.98007, -0.19863, -0.00000, 0.00000, -0.00000, -0.00000, 1.00000, 0.00000, 9.00354, 16.45000, 0.00000, 1.00000, },
				{ -0.19863, 0.98007, 0.00000, 0.00000, -0.98007, -0.19863, -0.00000, 0.00000, -0.00000, -0.00000, 1.00000, 0.00000, 9.00354, 24.25000, 0.00000, 1.00000, },
				{ 0.34623, -0.93815, 0.00000, 0.00000, 0.93815, 0.34623, -0.00000, 0.00000, 0.00000, 0.00000, 1.00000, 0.00000, 0.05354, 30.88687, 0.00000, 1.00000, },
				{ -0.93815, -0.34623, 0.00000, 0.00000, 0.34623, -0.93815, -0.00000, 0.00000, 0.00000, -0.00000, 1.00000, 0.00000, 9.00354, 15.45000, 0.00000, 1.00000, },
				{ -0.93815, -0.34623, 0.00000, 0.00000, 0.34623, -0.93815, -0.00000, 0.00000, 0.00000, -0.00000, 1.00000, 0.00000, 9.00354, 23.25000, 0.00000, 1.00000, },
				{ 0.62069, 0.78405, 0.00000, 0.00000, -0.78405, 0.62069, -0.00000, 0.00000, -0.00000, 0.00000, 1.00000, 0.00000, 1.05354, 30.88687, 0.00000, 1.00000, },
				{ 0.78405, -0.62070, 0.00000, 0.00000, 0.62070, 0.78405, -0.00000, 0.00000, 0.00000, 0.00000, 1.00000, 0.00000, 9.00354, 14.45000, 0.00000, 1.00000, },
				{ 0.78405, -0.62070, 0.00000, 0.00000, 0.62070, 0.78405, -0.00000, 0.00000, 0.00000, 0.00000, 1.00000, 0.00000, 9.00354, 22.25000, 0.00000, 1.00000, },
				{ 0.70783, -0.70638, 0.00000, 0.00000, 0.70638, 0.70783, -0.00000, 0.00000, 0.00000, 0.00000, 1.00000, 0.00000, 2.05354, 30.88687, 0.00000, 1.00000, },
				{ -0.70638, -0.70783, 0.00000, 0.00000, 0.70783, -0.70638, -0.00000, 0.00000, 0.00000, -0.00000, 1.00000, 0.00000, 9.00354, 13.45000, 0.00000, 1.00000, },
				{ -0.70638, -0.70783, 0.00000, 0.00000, 0.70783, -0.70638, -0.00000, 0.00000, 0.00000, -0.00000, 1.00000, 0.00000, 9.00354, 21.25000, 0.00000, 1.00000, },
				{ -0.50304, -0.86426, 0.00000, 0.00000, 0.86426, -0.50304, -0.00000, 0.00000, 0.00000, 0.00000, 1.00000, 0.00000, 3.05354, 30.88687, 0.00000, 1.00000, },
				{ -0.86426, 0.50304, 0.00000, 0.00000, -0.50304, -0.86426, 0.00000, 0.00000, 0.00000, -0.00000, 1.00000, 0.00000, 9.00354, 12.45000, 0.00000, 1.00000, },
				{ -0.86426, 0.50304, 0.00000, 0.00000, -0.50304, -0.86426, 0.00000, 0.00000, 0.00000, -0.00000, 1.00000, 0.00000, 9.00354, 20.25000, 0.00000, 1.00000, },
				{ 0.99932, 0.03699, 0.00000, 0.00000, -0.03699, 0.99932, -0.00000, 0.00000, -0.00000, 0.00000, 1.00000, 0.00000, 4.05354, 30.88687, 0.00000, 1.00000, },
				{ 0.03699, -0.99932, 0.00000, 0.00000, 0.99932, 0.03699, -0.00000, 0.00000, 0.00000, 0.00000, 1.00000, 0.00000, 9.00354, 11.45000, 0.00000, 1.00000, },
				{ 0.03699, -0.99932, 0.00000, 0.00000, 0.99932, 0.03699, -0.00000, 0.00000, 0.00000, 0.00000, 1.00000, 0.00000, 9.00354, 19.25000, 0.00000, 1.00000, },
				{ -0.36249, -0.93199, 0.00000, 0.00000, 0.93199, -0.36249, -0.00000, 0.00000, 0.00000, 0.00000, 1.00000, 0.00000, 5.05354, 30.88687, 0.00000, 1.00000, },
				{ -0.93199, 0.36249, 0.00000, 0.00000, -0.36249, -0.93199, 0.00000, 0.00000, 0.00000, -0.00000, 1.00000, 0.00000, 9.00354, 10.45000, 0.00000, 1.00000, },
				{ 0.36738, 0.93007, 0.00000, 0.00000, -0.93007, 0.36738, -0.00000, 0.00000, -0.00000, -0.00000, 1.00000, 0.00000, 6.05354, 30.88687, 0.00000, 1.00000, },
				{ 0.93007, -0.36738, 0.00000, 0.00000, 0.36738, 0.93007, -0.00000, 0.00000, -0.00000, 0.00000, 1.00000, 0.00000, 9.00354, 9.45000, 0.00000, 1.00000, },
				{ 0.36738, 0.93007, 0.00000, 0.00000, -0.93007, 0.36738, -0.00000, 0.00000, -0.00000, -0.00000, 1.00000, 0.00000, 12.37354, 30.88687, 0.00000, 1.00000, },
				{ -0.48707, -0.87336, 0.00000, 0.00000, 0.87336, -0.48707, -0.00000, 0.00000, 0.00000, 0.00000, 1.00000, 0.00000, 7.05354, 30.88687, 0.00000, 1.00000, },
				{ -0.87336, 0.48707, 0.00000, 0.00000, -0.48707, -0.87336, 0.00000, 0.00000, 0.00000, -0.00000, 1.00000, 0.00000, 9.00354, 8.45000, 0.00000, 1.00000, },
				{ -0.48707, -0.87336, 0.00000, 0.00000, 0.87336, -0.48707, -0.00000, 0.00000, 0.00000, 0.00000, 1.00000, 0.00000, 13.37354, 30.88687, 0.00000, 1.00000, },
				{ -0.62507, 0.78057, 0.00000, 0.00000, -0.78057, -0.62507, -0.00000, 0.00000, -0.00000, -0.00000, 1.00000, 0.00000, 8.05354, 30.88687, 0.00000, 1.00000, },
				{ 0.78057, 0.62507, 0.00000, 0.00000, -0.62507, 0.78057, -0.00000, 0.00000, -0.00000, -0.00000, 1.00000, 0.00000, 9.00354, 7.45000, 0.00000, 1.00000, },
				{ -0.62507, 0.78057, 0.00000, 0.00000, -0.78057, -0.62507, -0.00000, 0.00000, -0.00000, -0.00000, 1.00000, 0.00000, 14.37354, 30.88687, 0.00000, 1.00000, },
				{ 0.56474, 0.82527, 0.00000, 0.00000, -0.82527, 0.56474, -0.00000, 0.00000, -0.00000, -0.00000, 1.00000, 0.00000, 9.05354, 30.88687, 0.00000, 1.00000, },
				{ 0.82527, -0.56474, 0.00000, 0.00000, 0.56474, 0.82527, -0.00000, 0.00000, -0.00000, 0.00000, 1.00000, 0.00000, 9.00354, 6.45000, 0.00000, 1.00000, },
				{ 0.56474, 0.82527, 0.00000, 0.00000, -0.82527, 0.56474, -0.00000, 0.00000, -0.00000, -0.00000, 1.00000, 0.00000, 15.37354, 30.88687, 0.00000, 1.00000, },
				{ -0.71246, 0.70171, 0.00000, 0.00000, -0.70171, -0.71246, -0.00000, 0.00000, -0.00000, -0.00000, 1.00000, 0.00000, 10.05354, 30.88687, 0.00000, 1.00000, },
				{ 0.70171, 0.71246, 0.00000, 0.00000, -0.71246, 0.70171, -0.00000, 0.00000, -0.00000, -0.00000, 1.00000, 0.00000, 9.00354, 5.45000, 0.00000, 1.00000, },
				{ 0.70171, 0.71246, 0.00000, 0.00000, -0.71246, 0.70171, -0.00000, 0.00000, -0.00000, -0.00000, 1.00000, 0.00000, 9.00354, 27.50000, 0.00000, 1.00000, },
				{ -0.20808, -0.97811, 0.00000, 0.00000, 0.97811, -0.20808, -0.00000, 0.00000, 0.00000, 0.00000, 1.00000, 0.00000, 11.05354, 30.88687, 0.00000, 1.00000, },
			},
			["random_shrub_town_fence.grp"] = {
				{ -0.76203, 0.64755, -0.00000, 0.00000, -0.64755, -0.76203, 0.00000, 0.00000, -0.00000, 0.00000, 1.00000, 0.00000, 15.21167, 11.20000, 0.00000, 1.00000, },
				{ -0.76203, 0.64755, -0.00000, 0.00000, -0.64755, -0.76203, 0.00000, 0.00000, -0.00000, 0.00000, 1.00000, 0.00000, -15.30833, 22.40000, 0.00000, 1.00000, },
				{ -0.76203, 0.64755, -0.00000, 0.00000, -0.64755, -0.76203, 0.00000, 0.00000, -0.00000, 0.00000, 1.00000, 0.00000, -15.30833, 31.50000, 0.00000, 1.00000, },
				{ -0.76203, 0.64755, -0.00000, 0.00000, -0.64755, -0.76203, 0.00000, 0.00000, -0.00000, 0.00000, 1.00000, 0.00000, 15.21167, 19.85000, 0.00000, 1.00000, },
				{ -0.76203, 0.64755, -0.00000, 0.00000, -0.64755, -0.76203, 0.00000, 0.00000, -0.00000, 0.00000, 1.00000, 0.00000, 15.26167, 3.65000, 0.00000, 1.00000, },
				{ -0.76203, 0.64755, -0.00000, 0.00000, -0.64755, -0.76203, 0.00000, 0.00000, -0.00000, 0.00000, 1.00000, 0.00000, -15.25833, 14.45000, 0.00000, 1.00000, },
				{ -0.76203, 0.64755, -0.00000, 0.00000, -0.64755, -0.76203, 0.00000, 0.00000, -0.00000, 0.00000, 1.00000, 0.00000, -15.25833, 23.55000, 0.00000, 1.00000, },
				{ -0.64755, -0.76203, -0.00000, 0.00000, 0.76203, -0.64755, 0.00000, 0.00000, -0.00000, 0.00000, 1.00000, 0.00000, 15.21167, 9.70000, 0.00000, 1.00000, },
				{ -0.64755, -0.76203, -0.00000, 0.00000, 0.76203, -0.64755, 0.00000, 0.00000, -0.00000, 0.00000, 1.00000, 0.00000, -15.30833, 20.50000, 0.00000, 1.00000, },
				{ -0.64755, -0.76203, -0.00000, 0.00000, 0.76203, -0.64755, 0.00000, 0.00000, -0.00000, 0.00000, 1.00000, 0.00000, -15.30833, 29.60000, 0.00000, 1.00000, },
				{ -0.64755, -0.76203, -0.00000, 0.00000, 0.76203, -0.64755, 0.00000, 0.00000, -0.00000, 0.00000, 1.00000, 0.00000, 15.21167, 18.35000, 0.00000, 1.00000, },
				{ -0.64755, -0.76203, -0.00000, 0.00000, 0.76203, -0.64755, 0.00000, 0.00000, -0.00000, 0.00000, 1.00000, 0.00000, 15.21167, 13.95000, 0.00000, 1.00000, },
				{ -0.64755, -0.76203, -0.00000, 0.00000, 0.76203, -0.64755, 0.00000, 0.00000, -0.00000, 0.00000, 1.00000, 0.00000, 15.21167, 22.60000, 0.00000, 1.00000, },
				{ -0.64755, -0.76203, -0.00000, 0.00000, 0.76203, -0.64755, 0.00000, 0.00000, -0.00000, 0.00000, 1.00000, 0.00000, 15.21167, 27.36000, 0.00000, 1.00000, },
				{ 0.76203, -0.64755, 0.00000, 0.00000, 0.64755, 0.76203, -0.00000, 0.00000, 0.00000, 0.00000, 1.00000, 0.00000, 15.21167, 8.20000, 0.00000, 1.00000, },
				{ 0.76203, -0.64755, 0.00000, 0.00000, 0.64755, 0.76203, -0.00000, 0.00000, 0.00000, 0.00000, 1.00000, 0.00000, -15.30833, 19.00000, 0.00000, 1.00000, },
				{ 0.76203, -0.64755, 0.00000, 0.00000, 0.64755, 0.76203, -0.00000, 0.00000, 0.00000, 0.00000, 1.00000, 0.00000, -15.30833, 28.10000, 0.00000, 1.00000, },
				{ 0.76203, -0.64755, 0.00000, 0.00000, 0.64755, 0.76203, -0.00000, 0.00000, 0.00000, 0.00000, 1.00000, 0.00000, 15.21167, 16.85000, 0.00000, 1.00000, },
				{ 0.76203, -0.64755, 0.00000, 0.00000, 0.64755, 0.76203, -0.00000, 0.00000, 0.00000, 0.00000, 1.00000, 0.00000, 15.21167, 12.45000, 0.00000, 1.00000, },
				{ 0.76203, -0.64755, 0.00000, 0.00000, 0.64755, 0.76203, -0.00000, 0.00000, 0.00000, 0.00000, 1.00000, 0.00000, 15.21167, 21.10000, 0.00000, 1.00000, },
				{ 0.76203, -0.64755, 0.00000, 0.00000, 0.64755, 0.76203, -0.00000, 0.00000, 0.00000, 0.00000, 1.00000, 0.00000, 15.21167, 25.86000, 0.00000, 1.00000, },
				{ 0.76203, -0.64755, 0.00000, 0.00000, 0.64755, 0.76203, -0.00000, 0.00000, 0.00000, 0.00000, 1.00000, 0.00000, 15.21167, 24.50000, 0.00000, 1.00000, },
				{ 0.76203, -0.64755, 0.00000, 0.00000, 0.64755, 0.76203, -0.00000, 0.00000, 0.00000, 0.00000, 1.00000, 0.00000, 15.21167, 29.26000, 0.00000, 1.00000, },
				{ 0.64755, 0.76203, 0.00000, 0.00000, -0.76203, 0.64755, -0.00000, 0.00000, -0.00000, 0.00000, 1.00000, 0.00000, 15.21167, 6.70000, 0.00000, 1.00000, },
				{ 0.64755, 0.76203, 0.00000, 0.00000, -0.76203, 0.64755, -0.00000, 0.00000, -0.00000, 0.00000, 1.00000, 0.00000, -15.30833, 17.50000, 0.00000, 1.00000, },
				{ 0.64755, 0.76203, 0.00000, 0.00000, -0.76203, 0.64755, -0.00000, 0.00000, -0.00000, 0.00000, 1.00000, 0.00000, -15.30833, 26.60000, 0.00000, 1.00000, },
				{ 0.64755, 0.76203, 0.00000, 0.00000, -0.76203, 0.64755, -0.00000, 0.00000, -0.00000, 0.00000, 1.00000, 0.00000, 15.21167, 15.35000, 0.00000, 1.00000, },
				{ -0.76203, 0.64755, -0.00000, 0.00000, -0.64755, -0.76203, 0.00000, 0.00000, -0.00000, 0.00000, 1.00000, 0.00000, 15.21167, 5.20000, 0.00000, 1.00000, },
				{ -0.76203, 0.64755, -0.00000, 0.00000, -0.64755, -0.76203, 0.00000, 0.00000, -0.00000, 0.00000, 1.00000, 0.00000, -15.30833, 16.00000, 0.00000, 1.00000, },
				{ -0.76203, 0.64755, -0.00000, 0.00000, -0.64755, -0.76203, 0.00000, 0.00000, -0.00000, 0.00000, 1.00000, 0.00000, -15.30833, 25.10000, 0.00000, 1.00000, },
			},
		},
	},
}
--End Generated

function data()
	return townbuildingutil.make_building2(
		{ { -4.60, -0.10 }, { 4.60, -0.10 }, { 4.60, 9.10 }, { -4.60, 9.10 } },
		"RESIDENTIAL", 
		"A", 
		1,
		{ 4, 4 },
		generatedData,
		"construction/building/era_a/res_1_4x4_03.gtex"
	)
end
