local townbuildingutil = require "townbuildingutil"

--Model file: "building/era_a/res_2_3x4_02.mdl"

--Begin Generated
local generatedData = {
	["base"] = {
		models = {
			["building/era_a/res_2_3x4_02.mdl"] = {
				{ 1.00000, 0.00000, 0.00000, 0.00000, 0.00000, 1.00000, 0.00000, 0.00000, 0.00000, 0.00000, 1.00000, 0.00000, 0.00000, -1.30000, 0.00000, 1.00000, },
			},
		},
		curves = {
			["scaffold"] = {
				{ { 6.07608, 4.53210, 0.00000 }, { 6.07608, 4.53210, 0.00000 }, { 6.07608, 5.54882, 0.00000 }, { 6.07608, 5.54882, 0.00000 }, { 6.07608, 5.54882, 0.00000 }, { 10.81250, 5.54882, 0.00000 }, { 10.81250, 5.54882, 0.00000 }, { 10.81250, 5.54883, 0.00000 }, { 10.81250, 17.90648, 0.00000 }, { 10.81250, 17.90648, 0.00000 }, { 10.81250, 17.90648, 0.00000 }, { 1.80298, 17.90648, 0.00000 }, { 1.80298, 17.90648, 0.00000 }, { 1.80298, 17.90648, 0.00000 }, { 1.80298, 14.67924, 0.00000 }, { 1.80298, 14.67924, 0.00000 }, { 1.80298, 14.67924, 0.00000 }, { -1.84937, 14.67924, 0.00000 }, { -1.84937, 14.67924, 0.00000 }, { -1.84937, 14.67924, 0.00000 }, { -1.84937, 17.90648, 0.00000 }, { -1.84937, 17.90648, 0.00000 }, { -1.84937, 17.90648, 0.00000 }, { -10.85977, 17.90648, 0.00000 }, { -10.85977, 17.90648, 0.00000 }, { -10.85977, 17.90647, 0.00000 }, { -10.85977, 5.54882, 0.00000 }, { -10.85977, 5.54882, 0.00000 }, { -10.85977, 5.54882, 0.00000 }, { -6.11124, 5.54882, 0.00000 }, { -6.11124, 5.54882, 0.00000 }, { -6.11124, 5.54882, 0.00000 }, { -6.11124, 4.53203, 0.00000 }, { -6.11124, 4.53203, 0.00000 }, { -6.11124, 4.53203, 0.00000 }, { -3.91116, 4.53210, 0.00000 }, { -3.91116, 4.53210, 0.00000 }, { -3.91116, 4.53210, 0.00000 }, { -3.91116, 5.54882, 0.00000 }, { -3.91116, 5.54882, 0.00000 }, { -3.91116, 5.54882, 0.00000 }, { 3.87582, 5.54882, 0.00000 }, { 3.87582, 5.54882, 0.00000 }, { 3.87582, 5.54882, 0.00000 }, { 3.87582, 4.53203, 0.00000 }, { 3.87582, 4.53203, 0.00000 }, },
			},
			["shared/asphalt_01.gtex.lua;shared/border2.gtex.lua"] = {
				{ { 12.00000, 0.00000, 0.00000 }, { 12.00000, 0.00000, 0.00000 }, { 12.00000, 20.00000, 0.00000 }, { 12.00000, 20.00000, 0.00000 }, { 12.00000, 20.00000, 0.00000 }, { 10.56592, 20.00000, 0.00000 }, { 10.56592, 20.00000, 0.00000 }, { 10.56592, 17.65322, 0.00000 }, { 10.56591, 17.65322, 0.00000 }, { 1.95606, 17.65322, -0.00000 }, { 1.95605, 17.65322, -0.00000 }, { 1.95605, 17.65322, -0.00000 }, { 1.95605, 14.42604, -0.00000 }, { 1.95605, 14.42604, -0.00000 }, { 1.95605, 14.42604, -0.00000 }, { -2.00281, 14.42604, -0.00000 }, { -2.00281, 14.42604, -0.00000 }, { -2.00281, 14.42604, -0.00000 }, { -2.00281, 17.65322, -0.00000 }, { -2.00281, 17.65322, -0.00000 }, { -2.00281, 17.65322, -0.00000 }, { -10.60644, 17.65322, -0.00000 }, { -10.60645, 17.65322, -0.00000 }, { -10.60645, 17.65322, -0.00000 }, { -10.60645, 20.00000, 0.00000 }, { -10.60645, 20.00000, 0.00000 }, { -10.60645, 20.00000, 0.00000 }, { -12.00000, 20.00000, 0.00000 }, { -12.00000, 20.00000, 0.00000 }, { -12.00000, 20.00000, 0.00000 }, { -12.00000, 0.00000, 0.00000 }, { -12.00000, 0.00000, 0.00000 }, },
			},
			["shared/grass_cutted_01.gtex.lua"] = {
				{ { 12.00000, 20.00000, 0.00000 }, { 12.00000, 20.00000, 0.00000 }, { 12.00000, 32.00000, 0.00000 }, { 12.00000, 32.00000, 0.00000 }, { 12.00000, 32.00000, 0.00000 }, { -12.00000, 32.00000, 0.00000 }, { -12.00000, 32.00000, 0.00000 }, { -12.00000, 32.00000, 0.00000 }, { -12.00000, 20.00000, 0.00000 }, { -12.00000, 20.00000, 0.00000 }, { -12.00000, 20.00000, 0.00000 }, { -10.60645, 20.00000, 0.00000 }, { -10.60645, 20.00000, 0.00000 }, { -10.60645, 20.00000, 0.00000 }, { -10.60645, 30.00000, 0.00000 }, { -10.60645, 30.00000, 0.00000 }, { -10.60644, 30.00000, 0.00000 }, { 10.56591, 30.00000, 0.00000 }, { 10.56592, 30.00000, 0.00000 }, { 10.56592, 30.00000, 0.00000 }, { 10.56592, 20.00000, 0.00000 }, { 10.56592, 20.00000, 0.00000 }, },
				{ { 8.00000, 20.00000, 0.00000 }, { 8.00000, 20.00000, 0.00000 }, { 8.00000, 27.00000, 0.00000 }, { 8.00000, 27.00000, 0.00000 }, { 8.00000, 27.00000, 0.00000 }, { -8.00000, 27.00000, 0.00000 }, { -8.00000, 27.00000, 0.00000 }, { -8.00000, 27.00000, 0.00000 }, { -8.00000, 20.00000, 0.00000 }, { -8.00000, 20.00000, 0.00000 }, },
			},
			["shared/gravel_02.gtex.lua"] = {
				{ { 10.56592, 20.00000, 0.00000 }, { 10.56592, 20.00000, 0.00000 }, { 10.56592, 30.00000, 0.00000 }, { 10.56592, 30.00000, 0.00000 }, { 10.56592, 30.00000, 0.00000 }, { -10.60645, 30.00000, 0.00000 }, { -10.60645, 30.00000, 0.00000 }, { -10.60645, 30.00000, 0.00000 }, { -10.60645, 20.00000, 0.00000 }, { -10.60645, 20.00000, 0.00000 }, { -10.60645, 20.00000, 0.00000 }, { -8.00000, 20.00000, 0.00000 }, { -8.00000, 20.00000, 0.00000 }, { -8.00000, 20.00000, 0.00000 }, { -8.00000, 27.00000, 0.00000 }, { -8.00000, 27.00000, 0.00000 }, { -8.00000, 27.00000, 0.00000 }, { 8.00000, 27.00000, 0.00000 }, { 8.00000, 27.00000, 0.00000 }, { 8.00000, 27.00000, 0.00000 }, { 8.00000, 20.00000, 0.00000 }, { 8.00000, 20.00000, 0.00000 }, },
				{ { 1.95605, 14.42604, -0.00000 }, { 1.95605, 14.42604, -0.00000 }, { 1.95605, 17.65322, -0.00000 }, { 1.95605, 17.65322, -0.00000 }, { 1.95606, 17.65322, -0.00000 }, { 10.56592, 17.65322, 0.00000 }, { 10.56592, 17.65322, 0.00000 }, { 10.56592, 17.65322, 0.00000 }, { 10.56592, 20.00000, 0.00000 }, { 10.56592, 20.00000, 0.00000 }, { 10.56592, 20.00000, 0.00000 }, { -10.60645, 20.00000, 0.00000 }, { -10.60645, 20.00000, 0.00000 }, { -10.60645, 20.00000, 0.00000 }, { -10.60645, 17.65322, -0.00000 }, { -10.60645, 17.65322, -0.00000 }, { -10.60644, 17.65322, -0.00000 }, { -2.00281, 17.65322, -0.00000 }, { -2.00281, 17.65322, -0.00000 }, { -2.00281, 17.65322, -0.00000 }, { -2.00281, 14.42604, -0.00000 }, { -2.00281, 14.42604, -0.00000 }, },
			},
		},
	},
	["layout_1"] = {
		groups = {
			["era_a_garden_bench.grp"] = {
				{ 1.00000, -0.00000, 0.00000, 0.00000, 0.00000, 1.00000, 0.00000, 0.00000, 0.00000, 0.00000, 1.00000, 0.00000, -8.01000, 29.30000, 0.00000, 1.00000, seed = 123, },
				{ 1.00000, -0.00000, 0.00000, 0.00000, 0.00000, 1.00000, 0.00000, 0.00000, 0.00000, 0.00000, 1.00000, 0.00000, -0.01001, 29.30000, 0.00000, 1.00000, seed = 123, },
				{ 1.00000, -0.00000, 0.00000, 0.00000, 0.00000, 1.00000, 0.00000, 0.00000, 0.00000, 0.00000, 1.00000, 0.00000, 7.98999, 29.30000, 0.00000, 1.00000, seed = 123, },
			},
			["random_medium_tree_town.grp"] = {
				{ -0.20962, -0.97778, 0.00000, 0.00000, 0.97778, -0.20962, -0.00000, 0.00000, 0.00000, 0.00000, 1.00000, 0.00000, -4.65000, 23.85000, 0.00000, 1.00000, },
				{ 0.99470, 0.10279, 0.00000, 0.00000, -0.10279, 0.99470, -0.00000, 0.00000, -0.00000, 0.00000, 1.00000, 0.00000, 5.60000, 23.55000, 0.00000, 1.00000, },
			},
			["random_shrub_town.grp"] = {
				{ -0.85258, -0.52260, 0.00000, 0.00000, 0.52260, -0.85258, 0.00000, 0.00000, 0.00000, 0.00000, 1.00000, 0.00000, -3.40044, 31.11564, 0.00000, 1.00000, },
				{ 0.32381, 0.94612, 0.00000, 0.00000, -0.94612, 0.32381, 0.00000, 0.00000, 0.00000, 0.00000, 1.00000, 0.00000, -7.90044, 30.95564, 0.00000, 1.00000, },
				{ -0.86169, 0.50744, 0.00000, 0.00000, -0.50744, -0.86169, 0.00000, 0.00000, 0.00000, 0.00000, 1.00000, 0.00000, -1.32044, 30.96564, 0.00000, 1.00000, },
				{ 0.43376, -0.90103, 0.00000, 0.00000, 0.90103, 0.43376, 0.00000, 0.00000, 0.00000, 0.00000, 1.00000, 0.00000, -0.26936, 22.02232, 0.00000, 1.00000, },
				{ -0.97849, -0.20632, 0.00000, 0.00000, 0.20632, -0.97849, -0.00000, 0.00000, 0.00000, -0.00000, 1.00000, 0.00000, -2.04837, 22.70401, 0.00000, 1.00000, },
				{ -0.97849, -0.20632, 0.00000, 0.00000, 0.20632, -0.97849, -0.00000, 0.00000, 0.00000, -0.00000, 1.00000, 0.00000, -0.84851, 24.65591, 0.00000, 1.00000, },
				{ 0.84345, -0.53720, 0.00000, 0.00000, 0.53720, 0.84345, 0.00000, 0.00000, 0.00000, 0.00000, 1.00000, 0.00000, 1.94788, 22.62891, 0.00000, 1.00000, },
				{ -0.84333, -0.53740, 0.00000, 0.00000, 0.53740, -0.84333, -0.00000, 0.00000, 0.00000, -0.00000, 1.00000, 0.00000, 1.04616, 24.45705, 0.00000, 1.00000, },
				{ 0.79870, -0.60172, 0.00000, 0.00000, 0.60172, 0.79870, 0.00000, 0.00000, 0.00000, 0.00000, 1.00000, 0.00000, 7.90956, 30.88564, 0.00000, 1.00000, },
				{ 0.03653, 0.99933, 0.00000, 0.00000, -0.99933, 0.03653, 0.00000, 0.00000, 0.00000, 0.00000, 1.00000, 0.00000, 6.07956, 30.91564, 0.00000, 1.00000, },
				{ 0.88696, 0.46185, 0.00000, 0.00000, -0.46185, 0.88696, 0.00000, 0.00000, 0.00000, 0.00000, 1.00000, 0.00000, -10.20044, 31.07564, 0.00000, 1.00000, },
				{ -0.70329, -0.71091, 0.00000, 0.00000, 0.71091, -0.70329, 0.00000, 0.00000, 0.00000, 0.00000, 1.00000, 0.00000, 1.15956, 30.75564, 0.00000, 1.00000, },
				{ -0.04900, 0.99880, 0.00000, 0.00000, -0.99880, -0.04900, 0.00000, 0.00000, 0.00000, 0.00000, 1.00000, 0.00000, 3.42956, 31.01564, 0.00000, 1.00000, },
				{ -0.04900, 0.99880, 0.00000, 0.00000, -0.99880, -0.04900, 0.00000, 0.00000, 0.00000, 0.00000, 1.00000, 0.00000, 10.02956, 31.01564, 0.00000, 1.00000, },
				{ 0.58930, -0.80791, 0.00000, 0.00000, 0.80791, 0.58930, 0.00000, 0.00000, 0.00000, 0.00000, 1.00000, 0.00000, -5.68044, 31.10564, 0.00000, 1.00000, },
			},
		},
	},
}
--End Generated

function data()
	return townbuildingutil.make_building2(
		{ { -4.60, -0.10 }, { 4.60, -0.10 }, { 4.60, 9.10 }, { -4.60, 9.10 } },
		"RESIDENTIAL", 
		"A", 
		2,
		{ 3, 4 },
		generatedData,
		"construction/building/era_a/res_2_3x4_02.gtex"
	)
end
