local townbuildingutil = require "townbuildingutil"

--Model file: "building/era_a/res_2_2x2_02.mdl"

--Begin Generated
local generatedData = {
	["base"] = {
		models = {
			["building/era_a/res_2_2x2_02.mdl"] = {
				{ 1.00000, 0.00000, 0.00000, 0.00000, 0.00000, 1.00000, 0.00000, 0.00000, 0.00000, 0.00000, 1.00000, 0.00000, 0.00000, -1.00000, 0.00000, 1.00000, },
			},
		},
		curves = {
			["scaffold"] = {
				{ { 6.78809, 3.14101, 0.00000 }, { 6.78809, 3.14102, 0.00000 }, { 6.78809, 10.67478, 0.00000 }, { 6.78809, 10.67478, 0.00000 }, { 6.78809, 10.67478, 0.00000 }, { -6.66405, 10.67478, 0.00000 }, { -6.66406, 10.67478, 0.00000 }, { -6.66406, 10.67478, 0.00000 }, { -6.66406, 3.14108, 0.00000 }, { -6.66406, 3.14108, 0.00000 }, },
			},
			["shared/asphalt_01.gtex.lua;shared/border2.gtex.lua"] = {
				{ { 8.00000, 0.00000, 0.00000 }, { 8.00000, 0.00001, 0.00000 }, { 8.00000, 16.00000, 0.00000 }, { 8.00000, 16.00000, 0.00000 }, { 8.00000, 16.00000, 0.00000 }, { 6.00000, 16.00000, 0.00000 }, { 6.00000, 16.00000, 0.00000 }, { 6.00000, 16.00000, 0.00000 }, { 6.00000, 12.00000, 0.00000 }, { 6.00000, 12.00000, 0.00000 }, { 6.00000, 12.00000, 0.00000 }, { -6.00000, 12.00000, 0.00000 }, { -6.00000, 12.00000, 0.00000 }, { -6.00000, 12.00000, 0.00000 }, { -6.00000, 16.00000, 0.00000 }, { -6.00000, 16.00000, 0.00000 }, { -6.00000, 16.00000, 0.00000 }, { -8.00000, 16.00000, 0.00000 }, { -8.00000, 16.00000, 0.00000 }, { -8.00000, 16.00000, 0.00000 }, { -8.00000, 0.00000, 0.00000 }, { -8.00000, 0.00000, 0.00000 }, },
			},
			["shared/grass_cutted_01.gtex.lua"] = {
				{ { 6.00000, 12.00000, 0.00000 }, { 6.00000, 12.00000, 0.00000 }, { 6.00000, 16.00000, 0.00000 }, { 6.00000, 16.00000, 0.00000 }, { 6.00000, 16.00000, 0.00000 }, { -6.00000, 16.00000, 0.00000 }, { -6.00000, 16.00000, 0.00000 }, { -6.00000, 16.00000, 0.00000 }, { -6.00000, 12.00000, 0.00000 }, { -6.00000, 12.00000, 0.00000 }, },
			},
		},
	},
	["layout_1"] = {
		groups = {
			["random_medium_tree_town.grp"] = {
				{ -0.99540, 0.09585, 0.00000, 0.00000, -0.09585, -0.99540, -0.00000, 0.00000, 0.00000, -0.00000, 1.00000, 0.00000, 4.15000, 15.55000, 0.00000, 1.00000, },
				{ -0.32400, -0.83966, 0.00000, 0.00000, 0.83966, -0.32400, -0.00000, 0.00000, 0.00000, 0.00000, 0.90000, 0.00000, -6.30000, 14.90000, 0.00000, 1.00000, },
				{ 0.61864, 0.32755, 0.00000, 0.00000, -0.32755, 0.61864, -0.00000, 0.00000, -0.00000, 0.00000, 0.70000, 0.00000, 6.40000, 13.30000, 0.00000, 1.00000, },
			},
			["random_shrub_town.grp"] = {
				{ -0.86744, -0.49755, 0.00000, 0.00000, 0.49755, -0.86744, 0.00000, 0.00000, 0.00000, 0.00000, 1.00000, 0.00000, -3.02000, 13.76000, 0.00000, 1.00000, },
				{ -0.43643, 0.89974, 0.00000, 0.00000, -0.89974, -0.43643, 0.00000, 0.00000, 0.00000, 0.00000, 1.00000, 0.00000, -1.17000, 14.03000, 0.00000, 1.00000, },
				{ -0.97728, 0.21195, 0.00000, 0.00000, -0.21195, -0.97728, 0.00000, 0.00000, 0.00000, 0.00000, 1.00000, 0.00000, 0.75000, 13.76000, 0.00000, 1.00000, },
			},
		},
	},
}
--End Generated

function data()
	return townbuildingutil.make_building2(
		{ { -4.60, -0.10 }, { 4.60, -0.10 }, { 4.60, 9.10 }, { -4.60, 9.10 } },
		"RESIDENTIAL", 
		"A", 
		2,
		{ 2, 2 },
		generatedData,
		"construction/building/era_a/res_2_2x2_02.gtex"
	)
end
