local townbuildingutil = require "townbuildingutil"

--Model file: "building/era_a/res_1_3x4_02.mdl"

--Begin Generated
local generatedData = {
	["base"] = {
		models = {
			["building/era_a/res_1_3x4_02.mdl"] = {
				{ 1.00000, 0.00000, 0.00000, 0.00000, 0.00000, 1.00000, 0.00000, 0.00000, 0.00000, 0.00000, 1.00000, 0.00000, 0.00000, -1.50000, 0.00000, 1.00000, },
			},
		},
		curves = {
			["scaffold"] = {
				{ { -3.09076, 3.97776, 0.00000 }, { -3.09076, 3.97776, 0.00000 }, { -3.09076, 5.97776, 0.00000 }, { -3.09076, 5.97776, 0.00000 }, { -3.09076, 5.97776, 0.00000 }, { -0.04028, 5.97776, 0.00000 }, { -0.04028, 5.97776, 0.00000 }, { -0.04028, 5.97776, 0.00000 }, { -0.04028, 6.44569, 0.00000 }, { -0.04028, 6.44569, 0.00000 }, { -0.04028, 6.44569, 0.00000 }, { 6.21094, 6.44568, 0.00000 }, { 6.21094, 6.44568, 0.00000 }, { 6.21094, 6.44569, 0.00000 }, { 6.21094, 8.76820, 0.00000 }, { 6.21094, 8.76820, 0.00000 }, { 6.21094, 8.76820, 0.00000 }, { 7.46973, 8.76820, 0.00000 }, { 7.46973, 8.76820, 0.00000 }, { 7.46973, 8.76820, 0.00000 }, { 7.46286, 15.91619, 0.00000 }, { 7.46286, 15.91619, 0.00000 }, { 7.46286, 15.91619, 0.00000 }, { -7.21866, 15.91619, 0.00000 }, { -7.21866, 15.91619, 0.00000 }, { -7.21866, 15.91619, 0.00000 }, { -7.21866, 5.99771, 0.00000 }, { -7.21866, 5.99771, 0.00000 }, { -7.21866, 5.99771, 0.00000 }, { -4.49078, 5.99771, 0.00000 }, { -4.49078, 5.99771, 0.00000 }, { -4.49078, 5.99771, 0.00000 }, { -4.49078, 3.97776, 0.00000 }, { -4.49078, 3.97776, 0.00000 }, },
			},
			["shared/asphalt_01.gtex.lua;shared/dirt.gtex.lua"] = {
				{ { -2.00000, -0.00000, 0.00000 }, { -2.00000, 0.00000, 0.00000 }, { -2.00000, 5.39761, 0.00000 }, { -2.00000, 5.39761, 0.00000 }, { -2.00000, 5.39761, 0.00000 }, { 0.56787, 5.39761, 0.00001 }, { 0.56787, 5.39761, 0.00001 }, { 0.56787, 5.39761, 0.00001 }, { 0.56787, 5.74112, 0.00001 }, { 0.56787, 5.74112, 0.00001 }, { 0.56787, 5.74112, 0.00001 }, { 7.01074, 5.74112, -0.00002 }, { 7.01074, 5.74112, -0.00002 }, { 7.01074, 5.74112, -0.00002 }, { 7.01074, 8.16544, -0.00000 }, { 7.01074, 8.16544, -0.00000 }, { 7.01074, 8.16544, -0.00000 }, { 8.06982, 8.16544, 0.00000 }, { 8.06982, 8.16544, 0.00000 }, { 8.06982, 8.16544, 0.00000 }, { 8.06982, 16.51895, 0.00000 }, { 8.06982, 16.51895, 0.00000 }, { 8.06982, 16.51895, 0.00000 }, { -7.82162, 16.51895, -0.00011 }, { -7.82162, 16.51895, -0.00011 }, { -7.82162, 16.51895, -0.00011 }, { -7.82162, 5.39761, -0.00011 }, { -7.82162, 5.39761, -0.00011 }, { -7.82162, 5.39761, -0.00011 }, { -5.50000, 5.39762, -0.00000 }, { -5.50000, 5.39762, 0.00000 }, { -5.50000, 5.39761, 0.00000 }, { -5.50000, 0.00000, 0.00000 }, { -5.50000, -0.00000, 0.00000 }, },
			},
			["shared/grass_cutted_01.gtex.lua"] = {
				{ { 12.00000, 2.00000, 0.00000 }, { 12.00000, 2.00000, 0.00000 }, { 12.00000, 31.99999, 0.00000 }, { 12.00000, 32.00000, 0.00000 }, { 12.00000, 32.00000, 0.00000 }, { -8.95001, 32.00000, 0.00000 }, { -8.95001, 32.00000, 0.00000 }, { -8.95001, 32.00000, 0.00000 }, { -8.95001, 30.00000, 0.00000 }, { -8.95001, 30.00000, 0.00000 }, { -8.95001, 30.00000, 0.00000 }, { -0.00000, 30.00000, 0.00000 }, { 0.00000, 30.00000, 0.00000 }, { 0.00000, 29.99999, 0.00000 }, { 0.00000, 23.60000, 0.00000 }, { 0.00000, 23.60000, 0.00000 }, { 0.00000, 23.60000, 0.00000 }, { 1.59998, 20.95000, 0.00000 }, { 1.59998, 20.95000, 0.00000 }, { 1.59998, 20.95000, 0.00000 }, { 4.00000, 19.15000, 0.00000 }, { 4.00000, 19.15000, 0.00000 }, { 4.00000, 19.15000, 0.00000 }, { 10.00000, 19.15000, 0.00000 }, { 10.00000, 19.15000, 0.00000 }, { 10.00000, 19.15000, 0.00000 }, { 10.00000, 5.74112, 0.00000 }, { 10.00000, 5.74112, 0.00000 }, { 10.00000, 5.74112, 0.00000 }, { 0.56787, 5.74112, 0.00001 }, { 0.56787, 5.74112, 0.00001 }, { 0.56787, 5.74112, 0.00001 }, { 0.56787, 5.39761, 0.00001 }, { 0.56787, 5.39761, 0.00001 }, { 0.56787, 5.39761, 0.00001 }, { -2.00000, 5.39761, 0.00000 }, { -2.00000, 5.39761, 0.00000 }, { -2.00000, 5.39761, -0.00000 }, { -2.00000, 2.00000, -0.00000 }, { -2.00000, 2.00000, 0.00000 }, },
				{ { -5.50000, 2.00000, 0.00000 }, { -5.50000, 2.00000, -0.00000 }, { -5.50000, 5.39761, -0.00000 }, { -5.50000, 5.39762, -0.00000 }, { -5.50000, 5.39762, -0.00000 }, { -7.82162, 5.39761, -0.00011 }, { -7.82162, 5.39761, -0.00011 }, { -7.82162, 5.39762, -0.00011 }, { -7.82162, 16.51895, -0.00011 }, { -7.82162, 16.51895, -0.00011 }, { -7.82162, 16.51895, -0.00011 }, { 3.00000, 16.51895, -0.00000 }, { 3.00000, 16.51895, 0.00000 }, { 3.00000, 16.51895, 0.00000 }, { -0.70001, 18.90000, 0.00000 }, { -0.70001, 18.90000, 0.00000 }, { -0.70001, 18.90000, 0.00000 }, { -2.75000, 22.00000, 0.00000 }, { -2.75000, 22.00000, 0.00000 }, { -2.75000, 22.00000, 0.00000 }, { -8.95001, 22.00000, 0.00000 }, { -8.95001, 22.00000, 0.00000 }, { -8.95001, 22.00000, 0.00000 }, { -8.95001, 30.00000, 0.00000 }, { -8.95001, 30.00000, 0.00000 }, { -8.95001, 30.00000, 0.00000 }, { -8.95001, 32.00000, 0.00000 }, { -8.95001, 32.00000, 0.00000 }, { -8.95001, 32.00000, 0.00000 }, { -12.00000, 32.00000, 0.00000 }, { -12.00000, 32.00000, 0.00000 }, { -12.00000, 31.99999, 0.00000 }, { -12.00000, 2.00001, 0.00000 }, { -12.00000, 2.00000, 0.00000 }, },
			},
			["shared/gravel_02.gtex.lua;shared/border2.gtex.lua"] = {
				{ { -5.50000, 0.00000, 0.00000 }, { -5.50000, 0.00000, 0.00000 }, { -5.50000, 2.00000, 0.00000 }, { -5.50000, 2.00000, 0.00000 }, { -5.50000, 2.00000, 0.00000 }, { -12.00000, 2.00000, 0.00000 }, { -12.00000, 2.00000, 0.00000 }, { -12.00000, 2.00000, 0.00000 }, { -12.00000, 0.00000, 0.00000 }, { -12.00000, 0.00000, 0.00000 }, },
				{ { 12.00000, 0.00000, 0.00000 }, { 12.00000, 0.00000, 0.00000 }, { 12.00000, 2.00000, 0.00000 }, { 12.00000, 2.00000, 0.00000 }, { 12.00000, 2.00000, 0.00000 }, { -2.00000, 2.00000, 0.00000 }, { -2.00000, 2.00000, 0.00000 }, { -2.00000, 2.00000, 0.00000 }, { -2.00000, -0.00000, 0.00000 }, { -2.00000, -0.00000, 0.00000 }, },
				{ { 7.01074, 5.74112, -0.00002 }, { 7.01074, 5.74112, -0.00002 }, { 10.00000, 5.74112, -0.00000 }, { 10.00000, 5.74112, 0.00000 }, { 10.00000, 5.74112, 0.00000 }, { 10.00000, 19.15000, 0.00000 }, { 10.00000, 19.15000, 0.00000 }, { 10.00000, 19.15000, 0.00000 }, { 4.00000, 19.15000, 0.00000 }, { 4.00000, 19.15000, 0.00000 }, { 4.00000, 19.15000, 0.00000 }, { 1.59998, 20.95000, 0.00000 }, { 1.59998, 20.95000, 0.00000 }, { 1.59998, 20.95000, 0.00000 }, { 0.00000, 23.60000, 0.00000 }, { 0.00000, 23.60000, 0.00000 }, { 0.00000, 23.60000, 0.00000 }, { 0.00000, 30.00000, 0.00000 }, { 0.00000, 30.00000, 0.00000 }, { 0.00000, 30.00000, 0.00000 }, { -8.95001, 30.00000, 0.00000 }, { -8.95001, 30.00000, 0.00000 }, { -8.95001, 30.00000, 0.00000 }, { -8.95001, 22.00000, 0.00000 }, { -8.95001, 22.00000, 0.00000 }, { -8.95001, 22.00000, 0.00000 }, { -2.75000, 22.00000, 0.00000 }, { -2.75000, 22.00000, 0.00000 }, { -2.75000, 22.00000, 0.00000 }, { -0.70001, 18.90000, 0.00000 }, { -0.70001, 18.90000, 0.00000 }, { -0.70001, 18.90000, 0.00000 }, { 3.00000, 16.51895, 0.00000 }, { 3.00000, 16.51895, 0.00000 }, { 3.00000, 16.51895, 0.00000 }, { 8.06982, 16.51895, 0.00000 }, { 8.06982, 16.51895, 0.00000 }, { 8.06982, 16.51895, 0.00000 }, { 8.06982, 8.16544, 0.00000 }, { 8.06982, 8.16544, 0.00000 }, { 8.06982, 8.16544, 0.00000 }, { 7.01074, 8.16544, -0.00000 }, { 7.01074, 8.16544, -0.00000 }, },
			},
		},
	},
	["layout_1"] = {
		models = {
			["asset/vegetation/hedge_m.mdl"] = {
				{ -0.00000, -1.00000, 0.00000, 0.00000, 1.00000, -0.00000, -0.00000, 0.00000, 0.00000, -0.00000, 1.00000, 0.00000, -8.38000, 0.50000, -0.20000, 1.00000, },
				{ -0.00000, -1.00000, 0.00000, 0.00000, 1.00000, -0.00000, -0.00000, 0.00000, 0.00000, -0.00000, 1.00000, 0.00000, 1.72000, 0.50000, -0.20000, 1.00000, },
				{ -0.00000, 1.00000, 0.00000, 0.00000, -1.00000, -0.00000, -0.00000, 0.00000, -0.00000, -0.00000, 1.00000, 0.00000, 3.94000, 0.50000, -0.20000, 1.00000, },
				{ -0.00000, 1.00000, 0.00000, 0.00000, -1.00000, -0.00000, -0.00000, 0.00000, -0.00000, -0.00000, 1.00000, 0.00000, 5.29000, 0.50000, -0.20000, 1.00000, },
				{ -0.00000, 1.00000, 0.00000, 0.00000, -1.00000, -0.00000, -0.00000, 0.00000, -0.00000, -0.00000, 1.00000, 0.00000, 9.14000, 0.50000, -0.20000, 1.00000, },
				{ -0.00000, 1.00000, 0.00000, 0.00000, -1.00000, -0.00000, -0.00000, 0.00000, -0.00000, -0.00000, 1.00000, 0.00000, 6.70000, 0.50000, -0.20000, 1.00000, },
				{ -0.00000, 1.00000, 0.00000, 0.00000, -1.00000, -0.00000, -0.00000, 0.00000, -0.00000, -0.00000, 1.00000, 0.00000, 11.00000, 0.50000, -0.20000, 1.00000, },
				{ -0.00000, 1.00000, 0.00000, 0.00000, -1.00000, -0.00000, -0.00000, 0.00000, -0.00000, -0.00000, 1.00000, 0.00000, -9.95000, 0.50000, -0.20000, 1.00000, },
				{ -0.00000, 1.00000, 0.00000, 0.00000, -1.00000, -0.00000, -0.00000, 0.00000, -0.00000, -0.00000, 1.00000, 0.00000, 0.15000, 0.50000, -0.20000, 1.00000, },
				{ -0.00000, 1.00000, 0.00000, 0.00000, -1.00000, -0.00000, -0.00000, 0.00000, -0.00000, -0.00000, 1.00000, 0.00000, -11.00000, 0.50000, -0.20000, 1.00000, },
				{ -0.00000, 1.00000, 0.00000, 0.00000, -1.00000, -0.00000, -0.00000, 0.00000, -0.00000, -0.00000, 1.00000, 0.00000, -0.90000, 0.50000, -0.20000, 1.00000, },
				{ -0.00000, -1.00000, 0.00000, 0.00000, 1.00000, -0.00000, -0.00000, 0.00000, 0.00000, -0.00000, 1.00000, 0.00000, -7.22000, 0.50000, -0.20000, 1.00000, },
				{ -0.00000, 1.00000, 0.00000, 0.00000, -1.00000, -0.00000, -0.00000, 0.00000, -0.00000, -0.00000, 1.00000, 0.00000, -6.47000, 0.50000, -0.20000, 1.00000, },
				{ -0.00000, -1.00000, 0.00000, 0.00000, 1.00000, -0.00000, -0.00000, 0.00000, 0.00000, -0.00000, 1.00000, 0.00000, 3.18000, 0.50000, -0.20000, 1.00000, },
				{ -0.00000, -1.00000, 0.00000, 0.00000, 1.00000, -0.00000, -0.00000, 0.00000, 0.00000, -0.00000, 1.00000, 0.00000, 7.78000, 0.50000, -0.20000, 1.00000, },
			},
		},
		groups = {
			["era_a_com_1_asset_ground_double_bench.grp"] = {
				{ -0.00000, -1.00000, 0.00000, 0.00000, 1.00000, -0.00000, 0.00000, 0.00000, 0.00000, 0.00000, 1.00000, 0.00000, -3.58000, 25.88000, 0.00000, 1.00000, seed = 123, },
				{ 0.00000, 1.00000, -0.00000, 0.00000, -1.00000, 0.00000, 0.00000, 0.00000, 0.00000, 0.00000, 1.00000, 0.00000, -5.27000, 25.88000, 0.00000, 1.00000, seed = 123, },
			},
			["era_a_com_1_asset_ground_table.grp"] = {
				{ -0.00000, -1.00000, 0.00000, 0.00000, 1.00000, -0.00000, 0.00000, 0.00000, 0.00000, 0.00000, 1.00000, 0.00000, -4.40000, 25.88000, 0.00000, 1.00000, seed = 123, },
			},
			["era_a_garden_bench.grp"] = {
				{ -1.00000, 0.00000, 0.00000, 0.00000, -0.00000, -1.00000, 0.00000, 0.00000, 0.00000, 0.00000, 1.00000, 0.00000, 5.07000, 16.36000, 0.00000, 1.00000, seed = 123, },
			},
			["era_a_garden_ladder.grp"] = {
				{ -0.92050, -0.39073, 0.00000, 0.00000, 0.39073, -0.92050, 0.00000, 0.00000, 0.00000, 0.00000, 1.00000, 0.00000, 3.27000, 29.77000, 0.00000, 1.00000, seed = 123, },
			},
			["era_a_garden_sunshade.grp"] = {
				{ -0.69466, -0.71934, 0.00000, 0.00000, 0.71934, -0.69466, 0.00000, 0.00000, -0.00000, 0.00000, 1.00000, 0.00000, -4.39938, 25.87992, -0.00000, 1.00000, seed = 123, },
			},
			["random_large_tree_town.grp"] = {
				{ -0.05234, -0.99863, 0.00000, 0.00000, 0.99863, -0.05234, 0.00000, 0.00000, 0.00000, 0.00000, 1.00000, 0.00000, 8.34000, 29.00000, 0.00000, 1.00000, },
				{ -0.05234, -0.99863, 0.00000, 0.00000, 0.99863, -0.05234, 0.00000, 0.00000, 0.00000, 0.00000, 1.00000, 0.00000, -10.16000, 30.60000, 0.00000, 1.00000, },
				{ 0.63663, 0.11799, 0.00000, 0.00000, -0.11799, 0.63663, 0.00000, 0.00000, 0.00000, 0.00000, 0.64748, 0.00000, -7.11000, 31.40000, 0.00000, 1.00000, },
				{ 0.73969, -0.24750, 0.00000, 0.00000, 0.24750, 0.73969, 0.00000, 0.00000, 0.00000, 0.00000, 0.78000, 0.00000, -10.66000, 26.85000, 0.00000, 1.00000, },
			},
			["random_medium_tree_town.grp"] = {
				{ -0.97030, -0.24192, 0.00000, 0.00000, 0.24192, -0.97030, -0.00000, 0.00000, 0.00000, -0.00000, 1.00000, 0.00000, 5.25000, 29.60000, 0.00000, 1.00000, },
				{ 0.58070, -0.81412, 0.00000, 0.00000, 0.81412, 0.58070, -0.00000, 0.00000, 0.00000, 0.00000, 1.00000, 0.00000, -1.50000, 31.30000, 0.00000, 1.00000, },
				{ 0.49018, 0.75480, 0.00000, 0.00000, -0.75480, 0.49018, -0.00000, 0.00000, -0.00000, -0.00000, 0.90000, 0.00000, 6.80000, 25.75000, 0.00000, 1.00000, },
				{ 0.91425, -0.40514, 0.00000, 0.00000, 0.40514, 0.91425, -0.00000, 0.00000, -0.00000, 0.00000, 1.00000, 0.00000, -10.25000, 16.50000, 0.00000, 1.00000, },
				{ 0.78833, 0.13617, 0.00000, 0.00000, -0.13617, 0.78833, -0.00000, 0.00000, -0.00000, 0.00000, 0.80000, 0.00000, -10.30000, 8.60000, 0.00000, 1.00000, },
			},
			["random_shrub_town.grp"] = {
				{ 0.95885, -0.28391, 0.00000, 0.00000, 0.28391, 0.95885, 0.00000, 0.00000, 0.00000, 0.00000, 1.00000, 0.00000, 4.11437, 20.89665, 0.00000, 1.00000, },
				{ -0.47726, 0.87876, 0.00000, 0.00000, -0.87876, -0.47726, 0.00000, 0.00000, 0.00000, 0.00000, 1.00000, 0.00000, 2.56437, 21.79665, 0.00000, 1.00000, },
				{ -0.66253, -0.74903, 0.00000, 0.00000, 0.74903, -0.66253, 0.00000, 0.00000, 0.00000, 0.00000, 1.00000, 0.00000, 1.41437, 23.94665, 0.00000, 1.00000, },
				{ 0.96453, 0.26398, 0.00000, 0.00000, -0.26398, 0.96453, 0.00000, 0.00000, 0.00000, 0.00000, 1.00000, 0.00000, 8.58956, 20.21564, 0.00000, 1.00000, },
				{ -0.16838, -0.98572, 0.00000, 0.00000, 0.98572, -0.16838, 0.00000, 0.00000, 0.00000, 0.00000, 1.00000, 0.00000, 6.32956, 20.07564, 0.00000, 1.00000, },
				{ 0.49263, -0.68038, 0.00000, 0.00000, 0.68038, 0.49263, 0.00000, 0.00000, 0.00000, 0.00000, 0.84000, 0.00000, 4.11956, 3.68564, 0.00000, 1.00000, },
				{ 0.74505, 0.38795, 0.00000, 0.00000, -0.38795, 0.74505, 0.00000, 0.00000, 0.00000, 0.00000, 0.84000, 0.00000, 2.56956, 4.16564, 0.00000, 1.00000, },
				{ -0.58358, 0.60418, 0.00000, 0.00000, -0.60418, -0.58358, 0.00000, 0.00000, 0.00000, 0.00000, 0.84000, 0.00000, 0.63956, 3.78564, 0.00000, 1.00000, },
				{ 0.53550, 0.64718, 0.00000, 0.00000, -0.64718, 0.53550, 0.00000, 0.00000, 0.00000, 0.00000, 0.84000, 0.00000, -7.76403, 3.78564, 0.00000, 1.00000, },
				{ -0.60978, -0.57773, 0.00000, 0.00000, 0.57773, -0.60978, 0.00000, 0.00000, 0.00000, 0.00000, 0.84000, 0.00000, -9.30262, 4.38152, 0.00000, 1.00000, },
				{ 0.54195, -0.64179, 0.00000, 0.00000, 0.64179, 0.54195, 0.00000, 0.00000, 0.00000, 0.00000, 0.84000, 0.00000, -9.16044, 3.48564, 0.00000, 1.00000, },
				{ -0.12425, 0.83076, 0.00000, 0.00000, -0.83076, -0.12425, 0.00000, 0.00000, 0.00000, 0.00000, 0.84000, 0.00000, 5.93956, 3.69564, 0.00000, 1.00000, },
			},
			["random_shrub_town_fence.grp"] = {
				{ 0.00491, 0.99999, 0.00000, 0.00000, -0.99999, 0.00491, 0.00000, 0.00000, 0.00000, 0.00000, 1.00000, 0.00000, -5.10832, 21.25000, 0.00000, 1.00000, },
				{ -0.05027, -0.99874, 0.00000, 0.00000, 0.99874, -0.05027, 0.00000, 0.00000, 0.00000, 0.00000, 1.00000, 0.00000, -3.30832, 20.90000, 0.00000, 1.00000, },
				{ 0.55631, -0.83098, 0.00000, 0.00000, 0.83098, 0.55631, 0.00000, 0.00000, 0.00000, 0.00000, 1.00000, 0.00000, -6.85832, 21.25000, 0.00000, 1.00000, },
				{ -0.87451, 0.48501, 0.00000, 0.00000, -0.48501, -0.87451, 0.00000, 0.00000, 0.00000, 0.00000, 1.00000, 0.00000, -8.90832, 21.25000, 0.00000, 1.00000, },
				{ -0.85157, 0.52424, 0.00000, 0.00000, -0.52424, -0.85157, 0.00000, 0.00000, 0.00000, 0.00000, 1.00000, 0.00000, -10.85832, 21.25000, 0.00000, 1.00000, },
				{ 0.05359, 0.99856, 0.00000, 0.00000, -0.99856, 0.05359, 0.00000, 0.00000, 0.00000, 0.00000, 1.00000, 0.00000, -2.20831, 19.75000, 0.00000, 1.00000, },
				{ 0.05359, 0.99856, 0.00000, 0.00000, -0.99856, 0.05359, 0.00000, 0.00000, 0.00000, 0.00000, 1.00000, 0.00000, 1.98176, 16.62573, 0.00000, 1.00000, },
				{ -0.99856, 0.05359, -0.00000, 0.00000, -0.05359, -0.99856, 0.00000, 0.00000, -0.00000, 0.00000, 1.00000, 0.00000, -0.90831, 18.45000, 0.00000, 1.00000, },
				{ 0.97265, 0.23227, 0.00000, 0.00000, -0.23227, 0.97265, 0.00000, 0.00000, -0.00000, -0.00000, 1.00000, 0.00000, 0.79652, 17.32897, 0.00000, 1.00000, },
				{ -0.64754, -0.76203, 0.00000, 0.00000, 0.76203, -0.64754, 0.00000, 0.00000, 0.00000, 0.00000, 1.00000, 0.00000, 10.99168, 26.30000, 0.00000, 1.00000, },
				{ 0.76203, -0.64754, 0.00000, 0.00000, 0.64754, 0.76203, -0.00000, 0.00000, 0.00000, 0.00000, 1.00000, 0.00000, 10.99167, 24.80000, 0.00000, 1.00000, },
				{ 0.64755, 0.76203, 0.00000, 0.00000, -0.76203, 0.64755, -0.00000, 0.00000, -0.00000, 0.00000, 1.00000, 0.00000, 10.99167, 23.30000, 0.00000, 1.00000, },
				{ -0.76203, 0.64755, -0.00000, 0.00000, -0.64755, -0.76203, 0.00000, 0.00000, -0.00000, 0.00000, 1.00000, 0.00000, 10.99167, 21.80000, 0.00000, 1.00000, },
				{ -0.64755, -0.76203, -0.00000, 0.00000, 0.76203, -0.64755, 0.00000, 0.00000, -0.00000, 0.00000, 1.00000, 0.00000, 10.99167, 20.30000, 0.00000, 1.00000, },
				{ 0.76203, -0.64755, 0.00000, 0.00000, 0.64755, 0.76203, -0.00000, 0.00000, 0.00000, 0.00000, 1.00000, 0.00000, 10.99167, 18.80000, 0.00000, 1.00000, },
				{ 0.64755, 0.76203, 0.00000, 0.00000, -0.76203, 0.64755, -0.00000, 0.00000, -0.00000, 0.00000, 1.00000, 0.00000, 10.99167, 17.30000, 0.00000, 1.00000, },
				{ -0.76203, 0.64755, -0.00000, 0.00000, -0.64755, -0.76203, 0.00000, 0.00000, -0.00000, 0.00000, 1.00000, 0.00000, 10.99167, 15.80000, 0.00000, 1.00000, },
				{ -0.64755, -0.76203, -0.00000, 0.00000, 0.76203, -0.64755, 0.00000, 0.00000, -0.00000, 0.00000, 1.00000, 0.00000, 10.99167, 14.30000, 0.00000, 1.00000, },
				{ 0.76203, -0.64755, 0.00000, 0.00000, 0.64755, 0.76203, -0.00000, 0.00000, 0.00000, 0.00000, 1.00000, 0.00000, 10.99167, 12.80000, 0.00000, 1.00000, },
				{ 0.64755, 0.76203, 0.00000, 0.00000, -0.76203, 0.64755, -0.00000, 0.00000, -0.00000, 0.00000, 1.00000, 0.00000, 10.99167, 11.30000, 0.00000, 1.00000, },
				{ -0.76203, 0.64755, -0.00000, 0.00000, -0.64755, -0.76203, 0.00000, 0.00000, -0.00000, 0.00000, 1.00000, 0.00000, 10.99167, 9.80000, 0.00000, 1.00000, },
				{ -0.64755, -0.76202, -0.00000, 0.00000, 0.76202, -0.64755, 0.00000, 0.00000, -0.00000, 0.00000, 1.00000, 0.00000, 10.99167, 8.30000, 0.00000, 1.00000, },
				{ 0.76202, -0.64755, 0.00000, 0.00000, 0.64755, 0.76202, -0.00000, 0.00000, 0.00000, 0.00000, 1.00000, 0.00000, 10.99167, 6.80000, 0.00000, 1.00000, },
				{ 0.76202, -0.64755, 0.00000, 0.00000, 0.64755, 0.76202, -0.00000, 0.00000, 0.00000, 0.00000, 1.00000, 0.00000, 10.99167, 3.00000, 0.00000, 1.00000, },
				{ 0.64755, 0.76202, 0.00000, 0.00000, -0.76202, 0.64755, -0.00000, 0.00000, -0.00000, 0.00000, 1.00000, 0.00000, 10.99167, 5.30000, 0.00000, 1.00000, },
				{ 0.64755, 0.76202, 0.00000, 0.00000, -0.76202, 0.64755, -0.00000, 0.00000, -0.00000, 0.00000, 1.00000, 0.00000, 10.99167, 1.50000, 0.00000, 1.00000, },
				{ -0.76202, 0.64755, -0.00000, 0.00000, -0.64755, -0.76202, 0.00000, 0.00000, -0.00000, 0.00000, 1.00000, 0.00000, 10.99167, 3.80000, 0.00000, 1.00000, },
			},
		},
	},
}
--End Generated

function data()
	return townbuildingutil.make_building2(
		{ { -4.60, -0.10 }, { 4.60, -0.10 }, { 4.60, 9.10 }, { -4.60, 9.10 } },
		"RESIDENTIAL", 
		"A", 
		1,
		{ 3, 4 },
		generatedData,
		"construction/building/era_a/res_1_3x4_02.gtex"
	)
end
