local townbuildingutil = require "townbuildingutil"

--Model file: "building/era_a/res_2_4x4_01.mdl"

--Begin Generated
local generatedData = {
	["base"] = {
		models = {
			["building/era_a/res_2_4x4_01.mdl"] = {
				{ 1.00000, 0.00000, 0.00000, 0.00000, 0.00000, 1.00000, 0.00000, 0.00000, 0.00000, 0.00000, 1.00000, 0.00000, 0.00000, 0.00000, 0.00000, 1.00000, },
			},
		},
		curves = {
			["scaffold"] = {
				{ { 11.64810, 6.68604, 0.00000 }, { 11.64810, 6.68604, 0.00000 }, { 11.64810, 19.84735, 0.00000 }, { 11.64810, 19.84735, 0.00000 }, { 11.64810, 19.84735, 0.00000 }, { 10.78140, 19.84728, 0.00000 }, { 10.78140, 19.84728, 0.00000 }, { 10.78140, 19.84728, 0.00000 }, { 10.74139, 19.60000, 0.00000 }, { 10.74139, 19.60000, 0.00000 }, { 10.74139, 19.60000, 0.00000 }, { -10.49780, 19.60000, 0.00000 }, { -10.49780, 19.60000, 0.00000 }, { -10.49780, 19.60000, 0.00000 }, { -10.49780, 19.84739, 0.00000 }, { -10.49780, 19.84739, 0.00000 }, { -10.49780, 19.84739, 0.00000 }, { -11.36401, 19.84675, 0.00000 }, { -11.36401, 19.84675, 0.00000 }, { -11.36401, 19.84675, 0.00000 }, { -11.36386, 6.68591, 0.00000 }, { -11.36386, 6.68591, 0.00000 }, { -11.36386, 6.68591, 0.00000 }, { -10.49765, 6.68654, 0.00000 }, { -10.49765, 6.68654, 0.00000 }, { -10.49765, 6.68654, 0.00000 }, { -10.49765, 6.93299, 0.00000 }, { -10.49765, 6.93299, 0.00000 }, { -10.49765, 6.93299, 0.00000 }, { 10.78146, 6.93299, 0.00000 }, { 10.78146, 6.93299, 0.00000 }, { 10.78146, 6.93299, 0.00000 }, { 10.78146, 6.68597, 0.00000 }, { 10.78146, 6.68597, 0.00000 }, },
			},
			["shared/asphalt_01.gtex.lua;shared/border2.gtex.lua"] = {
				{ { 16.00000, 0.00000, 0.00000 }, { 16.00000, 0.00000, 0.00000 }, { 16.00000, 1.00000, 0.00000 }, { 16.00000, 1.00000, 0.00000 }, { 16.00000, 1.00000, 0.00000 }, { -16.00000, 1.00000, 0.00000 }, { -16.00000, 1.00000, 0.00000 }, { -16.00000, 1.00000, 0.00000 }, { -16.00000, 0.00000, 0.00000 }, { -16.00000, 0.00000, 0.00000 }, },
				{ { 16.00000, 1.00000, 0.00000 }, { 16.00000, 1.00000, 0.00000 }, { 16.00000, 20.00000, 0.00000 }, { 16.00000, 20.00000, 0.00000 }, { 16.00000, 20.00000, 0.00000 }, { -16.00000, 20.00000, 0.00000 }, { -16.00000, 20.00000, 0.00000 }, { -16.00000, 20.00000, 0.00000 }, { -16.00000, 1.00000, 0.00000 }, { -16.00000, 1.00000, 0.00000 }, { -16.00000, 1.00000, 0.00000 }, { -9.00000, 1.00000, 0.00000 }, { -9.00000, 1.00000, 0.00000 }, { -9.00000, 1.00000, 0.00000 }, { -9.00000, 3.50000, 0.00000 }, { -9.00000, 3.50000, 0.00000 }, { -9.00000, 3.50000, 0.00000 }, { -3.00000, 3.50000, 0.00000 }, { -3.00000, 3.50000, 0.00000 }, { -3.00000, 3.50000, 0.00000 }, { -3.00000, 6.00000, 0.00000 }, { -3.00000, 6.00000, 0.00000 }, { -3.00000, 6.00000, 0.00000 }, { 3.00000, 6.00000, 0.00000 }, { 3.00000, 6.00000, 0.00000 }, { 3.00000, 6.00000, 0.00000 }, { 3.00000, 3.50000, 0.00000 }, { 3.00000, 3.50000, 0.00000 }, { 3.00000, 3.50000, 0.00000 }, { 9.00000, 3.50000, 0.00000 }, { 9.00000, 3.50000, 0.00000 }, { 9.00000, 3.50000, 0.00000 }, { 9.00000, 1.00000, 0.00000 }, { 9.00000, 1.00000, 0.00000 }, },
			},
			["shared/grass_cutted_01.gtex.lua"] = {
				{ { 9.00000, 1.00000, 0.00000 }, { 9.00000, 1.00000, 0.00000 }, { 9.00000, 3.50000, 0.00000 }, { 9.00000, 3.50000, 0.00000 }, { 9.00000, 3.50000, 0.00000 }, { 3.00000, 3.50000, 0.00000 }, { 3.00000, 3.50000, 0.00000 }, { 3.00000, 3.50000, 0.00000 }, { 3.00000, 6.00000, 0.00000 }, { 3.00000, 6.00000, 0.00000 }, { 3.00000, 6.00000, 0.00000 }, { -3.00000, 6.00000, 0.00000 }, { -3.00000, 6.00000, 0.00000 }, { -3.00000, 6.00000, 0.00000 }, { -3.00000, 3.50000, 0.00000 }, { -3.00000, 3.50000, 0.00000 }, { -3.00000, 3.50000, 0.00000 }, { -9.00000, 3.50000, 0.00000 }, { -9.00000, 3.50000, 0.00000 }, { -9.00000, 3.50000, 0.00000 }, { -9.00000, 1.00000, 0.00000 }, { -9.00000, 1.00000, 0.00000 }, },
			},
			["shared/gravel_02.gtex.lua"] = {
				{ { 14.00000, 20.00000, 0.00000 }, { 14.00000, 20.00000, 0.00000 }, { 14.00000, 23.00000, 0.00000 }, { 14.00000, 23.00000, 0.00000 }, { 14.00000, 23.00000, 0.00000 }, { 6.00000, 23.00000, 0.00000 }, { 6.00000, 23.00000, 0.00000 }, { 6.00000, 23.00000, 0.00000 }, { 6.00000, 28.00000, 0.00000 }, { 6.00000, 28.00000, 0.00000 }, { 6.00000, 28.00000, 0.00000 }, { -10.00000, 28.00000, 0.00000 }, { -10.00000, 28.00000, 0.00000 }, { -10.00000, 28.00000, 0.00000 }, { -10.00000, 23.00000, 0.00000 }, { -10.00000, 23.00000, 0.00000 }, { -10.00000, 23.00000, 0.00000 }, { -13.00000, 23.00000, 0.00000 }, { -13.00000, 23.00000, 0.00000 }, { -13.00000, 23.00000, 0.00000 }, { -13.00000, 20.00000, 0.00000 }, { -13.00000, 20.00000, 0.00000 }, },
			},
		},
	},
	["layout_1"] = {
		groups = {
			["era_a_garden_bench.grp"] = {
				{ 1.00000, -0.00000, 0.00000, 0.00000, 0.00000, 1.00000, 0.00000, 0.00000, 0.00000, 0.00000, 1.00000, 0.00000, -4.94000, 27.51000, 0.00000, 1.00000, seed = 123, },
				{ -0.00000, 1.00000, 0.00000, 0.00000, -1.00000, -0.00000, 0.00000, 0.00000, 0.00000, 0.00000, 1.00000, 0.00000, -9.29000, 24.91000, 0.00000, 1.00000, seed = 123, },
				{ -0.00000, -1.00000, 0.00000, 0.00000, 1.00000, -0.00000, 0.00000, 0.00000, 0.00000, 0.00000, 1.00000, 0.00000, 5.31000, 24.91000, 0.00000, 1.00000, seed = 123, },
				{ 1.00000, -0.00000, 0.00000, 0.00000, 0.00000, 1.00000, 0.00000, 0.00000, 0.00000, 0.00000, 1.00000, 0.00000, 0.46000, 27.51000, 0.00000, 1.00000, seed = 123, },
			},
			["random_large_tree_town.grp"] = {
				{ 0.55657, 0.70727, 0.00000, 0.00000, -0.70727, 0.55657, 0.00000, 0.00000, 0.00000, 0.00000, 0.90000, 0.00000, -12.02000, 29.66000, 0.00000, 1.00000, },
			},
			["random_medium_tree_town.grp"] = {
				{ -0.39594, 0.80822, 0.00000, 0.00000, -0.80822, -0.39594, -0.00000, 0.00000, -0.00000, -0.00000, 0.90000, 0.00000, -14.15000, 25.10000, 0.00000, 1.00000, },
				{ 0.82015, 0.57215, 0.00000, 0.00000, -0.57215, 0.82015, -0.00000, 0.00000, -0.00000, 0.00000, 1.00000, 0.00000, 14.35000, 29.20000, 0.00000, 1.00000, },
				{ -0.62839, 0.21760, 0.00000, 0.00000, -0.21760, -0.62839, -0.00000, 0.00000, 0.00000, -0.00000, 0.66500, 0.00000, 12.30000, 25.75000, 0.00000, 1.00000, },
				{ -0.85045, 0.29450, 0.00000, 0.00000, -0.29450, -0.85045, -0.00000, 0.00000, 0.00000, -0.00000, 0.90000, 0.00000, 3.60000, 30.25000, 0.00000, 1.00000, },
				{ 0.89671, 0.07688, 0.00000, 0.00000, -0.07688, 0.89671, -0.00000, 0.00000, -0.00000, 0.00000, 0.90000, 0.00000, -2.05000, 29.55000, 0.00000, 1.00000, },
				{ -0.40999, -0.80119, 0.00000, 0.00000, 0.80119, -0.40999, -0.00000, 0.00000, 0.00000, 0.00000, 0.90000, 0.00000, -6.55000, 30.50000, 0.00000, 1.00000, },
				{ -0.12992, 0.89057, 0.00000, 0.00000, -0.89057, -0.12992, -0.00000, 0.00000, -0.00000, -0.00000, 0.90000, 0.00000, 9.70000, 29.10000, 0.00000, 1.00000, },
			},
			["random_shrub_town.grp"] = {
				{ -0.26481, 0.96430, 0.00000, 0.00000, -0.96430, -0.26481, 0.00000, 0.00000, 0.00000, 0.00000, 1.00000, 0.00000, -11.31044, 23.98564, 0.00000, 1.00000, },
				{ 0.85497, -0.51868, 0.00000, 0.00000, 0.51868, 0.85497, 0.00000, 0.00000, 0.00000, 0.00000, 1.00000, 0.00000, -13.29044, 23.98564, 0.00000, 1.00000, },
				{ -0.93579, 0.35256, 0.00000, 0.00000, -0.35256, -0.93579, 0.00000, 0.00000, 0.00000, 0.00000, 1.00000, 0.00000, -13.29044, 21.17564, 0.00000, 1.00000, },
				{ 0.42490, 0.90524, 0.00000, 0.00000, -0.90524, 0.42490, 0.00000, 0.00000, 0.00000, 0.00000, 1.00000, 0.00000, -15.13044, 21.17564, 0.00000, 1.00000, },
				{ 0.86911, -0.49461, 0.00000, 0.00000, 0.49461, 0.86911, 0.00000, 0.00000, 0.00000, 0.00000, 1.00000, 0.00000, -11.31044, 26.53564, 0.00000, 1.00000, },
				{ -0.08966, -0.99597, 0.00000, 0.00000, 0.99597, -0.08966, 0.00000, 0.00000, 0.00000, 0.00000, 1.00000, 0.00000, 6.93956, 26.28564, 0.00000, 1.00000, },
				{ 0.34623, -0.93815, 0.00000, 0.00000, 0.93815, 0.34623, -0.00000, 0.00000, 0.00000, 0.00000, 1.00000, 0.00000, 12.31354, 23.90687, 0.00000, 1.00000, },
				{ -0.98375, 0.17955, 0.00000, 0.00000, -0.17955, -0.98375, -0.00000, 0.00000, 0.00000, -0.00000, 1.00000, 0.00000, 14.90816, 23.90687, 0.00000, 1.00000, },
				{ 0.31160, -0.84434, 0.00000, 0.00000, 0.84434, 0.31160, -0.00000, 0.00000, 0.00000, 0.00000, 0.90000, 0.00000, -1.81646, 4.54687, 0.00000, 1.00000, },
				{ 0.85020, -0.52646, 0.00000, 0.00000, 0.52646, 0.85020, -0.00000, 0.00000, -0.00000, 0.00000, 1.00000, 0.00000, 7.06354, 23.90687, 0.00000, 1.00000, },
				{ 0.55863, 0.70565, 0.00000, 0.00000, -0.70565, 0.55863, -0.00000, 0.00000, -0.00000, 0.00000, 0.90000, 0.00000, -0.16646, 4.80687, 0.00000, 1.00000, },
				{ 0.42169, 0.90674, 0.00000, 0.00000, -0.90674, 0.42169, -0.00000, 0.00000, -0.00000, -0.00000, 1.00000, 0.00000, 9.70354, 24.03687, 0.00000, 1.00000, },
				{ 0.63705, -0.63574, 0.00000, 0.00000, 0.63574, 0.63705, -0.00000, 0.00000, 0.00000, 0.00000, 0.90000, 0.00000, 1.68354, 4.54687, 0.00000, 1.00000, },
			},
			["random_shrub_town_fence.grp"] = {
				{ 0.51804, 0.60962, -0.00000, 0.00000, -0.60962, 0.51804, 0.00000, 0.00000, 0.00000, -0.00000, 0.80000, 0.00000, 3.45834, 2.35000, 0.00000, 1.00000, },
				{ 0.51804, 0.60962, -0.00000, 0.00000, -0.60962, 0.51804, 0.00000, 0.00000, 0.00000, -0.00000, 0.80000, 0.00000, 8.00834, 2.35000, 0.00000, 1.00000, },
				{ 0.51804, 0.60962, -0.00000, 0.00000, -0.60962, 0.51804, 0.00000, 0.00000, 0.00000, -0.00000, 0.80000, 0.00000, -7.94166, 2.30000, 0.00000, 1.00000, },
				{ -0.60962, 0.51804, -0.00000, 0.00000, -0.51804, -0.60962, 0.00000, 0.00000, -0.00000, 0.00000, 0.80000, 0.00000, -1.39166, 2.35000, 0.00000, 1.00000, },
				{ -0.60962, 0.51804, -0.00000, 0.00000, -0.51804, -0.60962, 0.00000, 0.00000, -0.00000, 0.00000, 0.80000, 0.00000, 1.95834, 2.35000, 0.00000, 1.00000, },
				{ -0.60962, 0.51804, -0.00000, 0.00000, -0.51804, -0.60962, 0.00000, 0.00000, -0.00000, 0.00000, 0.80000, 0.00000, 6.50834, 2.35000, 0.00000, 1.00000, },
				{ -0.51804, -0.60962, -0.00000, 0.00000, 0.60962, -0.51804, -0.00000, 0.00000, -0.00000, -0.00000, 0.80000, 0.00000, -3.09166, 2.35000, 0.00000, 1.00000, },
				{ -0.51804, -0.60962, -0.00000, 0.00000, 0.60962, -0.51804, -0.00000, 0.00000, -0.00000, -0.00000, 0.80000, 0.00000, 0.45834, 2.35000, 0.00000, 1.00000, },
				{ -0.51804, -0.60962, -0.00000, 0.00000, 0.60962, -0.51804, -0.00000, 0.00000, -0.00000, -0.00000, 0.80000, 0.00000, 5.00834, 2.35000, 0.00000, 1.00000, },
				{ 0.60962, -0.51804, 0.00000, 0.00000, 0.51804, 0.60962, -0.00000, 0.00000, 0.00000, 0.00000, 0.80000, 0.00000, -4.89166, 2.35000, 0.00000, 1.00000, },
				{ 0.51804, 0.60962, -0.00000, 0.00000, -0.60962, 0.51804, 0.00000, 0.00000, 0.00000, -0.00000, 0.80000, 0.00000, -6.39166, 2.35000, 0.00000, 1.00000, },
			},
		},
	},
}
--End Generated

function data()
	return townbuildingutil.make_building2(
		{ { -4.60, -0.10 }, { 4.60, -0.10 }, { 4.60, 9.10 }, { -4.60, 9.10 } },
		"RESIDENTIAL", 
		"A", 
		2,
		{ 4, 4 },
		generatedData,
		"construction/building/era_a/res_2_4x4_01.gtex"
	)
end
