local townbuildingutil = require "townbuildingutil"

--Model file: "building/era_a/res_2_3x4_01.mdl"

--Begin Generated
local generatedData = {
	["base"] = {
		models = {
			["building/era_a/res_2_3x4_01.mdl"] = {
				{ 1.00000, 0.00000, 0.00000, 0.00000, 0.00000, 1.00000, 0.00000, 0.00000, 0.00000, 0.00000, 1.00000, 0.00000, 0.00000, -1.90000, 0.00000, 1.00000, },
			},
		},
		curves = {
			["scaffold"] = {
				{ { 9.42422, 5.17551, 0.00000 }, { 9.42422, 5.17551, 0.00000 }, { 9.42419, 19.67970, 0.00000 }, { 9.42419, 19.67971, 0.00000 }, { 9.42419, 19.67971, 0.00000 }, { -1.76041, 19.67976, 0.00000 }, { -1.76041, 19.67976, 0.00000 }, { -1.76041, 19.67976, 0.00000 }, { -1.76041, 16.38013, 0.00000 }, { -1.76041, 16.38013, 0.00000 }, { -1.76041, 16.38013, 0.00000 }, { -9.80338, 16.38014, 0.00000 }, { -9.80338, 16.38014, 0.00000 }, { -9.80338, 16.38013, 0.00000 }, { -9.80338, 5.17551, 0.00000 }, { -9.80338, 5.17551, 0.00000 }, },
			},
			["shared/asphalt_01.gtex.lua;shared/border2.gtex.lua"] = {
				{ { 12.00000, 0.00000, 0.00000 }, { 12.00000, 0.00000, 0.00000 }, { 12.00000, 18.96691, 0.00000 }, { 12.00000, 18.96691, 0.00000 }, { 12.00000, 18.96691, 0.00000 }, { 8.71143, 18.96691, 0.00000 }, { 8.71143, 18.96691, 0.00000 }, { 8.71142, 18.96691, 0.00000 }, { -1.04761, 18.96691, 0.00000 }, { -1.04761, 18.96691, 0.00000 }, { -1.04761, 18.96691, 0.00000 }, { -1.04761, 15.66729, -0.00000 }, { -1.04761, 15.66729, -0.00000 }, { -1.04761, 15.66729, -0.00000 }, { -9.09058, 15.66729, 0.00000 }, { -9.09058, 15.66729, 0.00000 }, { -9.09058, 15.66729, 0.00000 }, { -12.00000, 15.66729, 0.00000 }, { -12.00000, 15.66729, 0.00000 }, { -12.00000, 15.66729, 0.00000 }, { -12.00000, 0.00000, 0.00000 }, { -12.00000, 0.00000, 0.00000 }, },
			},
			["shared/grass_cutted_01.gtex.lua"] = {
				{ { 12.00000, 18.96691, 0.00000 }, { 12.00000, 18.96691, 0.00000 }, { 12.00000, 32.00000, 0.00000 }, { 12.00000, 32.00000, 0.00000 }, { 12.00000, 32.00000, 0.00000 }, { -12.00000, 32.00000, 0.00000 }, { -12.00000, 32.00000, 0.00000 }, { -12.00000, 32.00000, 0.00000 }, { -12.00000, 15.66729, 0.00000 }, { -12.00000, 15.66729, 0.00000 }, { -12.00000, 15.66729, 0.00000 }, { -9.09058, 15.66729, 0.00000 }, { -9.09058, 15.66729, 0.00000 }, { -9.09058, 15.66729, 0.00000 }, { -9.09058, 18.00000, 0.00000 }, { -9.09058, 18.00000, 0.00000 }, { -9.09058, 18.00000, 0.00000 }, { -4.00000, 18.00000, 0.00000 }, { -4.00000, 18.00000, 0.00000 }, { -4.00000, 18.00000, 0.00000 }, { -4.00000, 28.00000, 0.00000 }, { -4.00000, 28.00000, 0.00000 }, { -4.00000, 28.00000, 0.00000 }, { 8.71143, 28.00000, 0.00000 }, { 8.71143, 28.00000, 0.00000 }, { 8.71143, 28.00000, 0.00000 }, { 8.71143, 18.96692, 0.00000 }, { 8.71143, 18.96692, 0.00000 }, },
			},
			["shared/gravel_02.gtex.lua"] = {
				{ { 8.71143, 18.96691, 0.00000 }, { 8.71143, 18.96692, 0.00000 }, { 8.71143, 28.00000, 0.00000 }, { 8.71143, 28.00000, 0.00000 }, { 8.71143, 28.00000, 0.00000 }, { -4.00000, 28.00000, 0.00000 }, { -4.00000, 28.00000, 0.00000 }, { -4.00000, 28.00000, 0.00000 }, { -4.00000, 18.00000, 0.00000 }, { -4.00000, 18.00000, 0.00000 }, { -4.00000, 18.00000, 0.00000 }, { -9.09058, 18.00000, 0.00000 }, { -9.09058, 18.00000, 0.00000 }, { -9.09058, 18.00000, 0.00000 }, { -9.09058, 15.66729, 0.00000 }, { -9.09058, 15.66729, 0.00000 }, { -9.09057, 15.66729, 0.00000 }, { -1.04761, 15.66729, -0.00000 }, { -1.04761, 15.66729, -0.00000 }, { -1.04761, 15.66729, -0.00000 }, { -1.04761, 18.96691, 0.00000 }, { -1.04761, 18.96691, 0.00000 }, },
			},
		},
	},
	["layout_1"] = {
		groups = {
			["era_a_garden_bench.grp"] = {
				{ 1.00000, -0.00000, 0.00000, 0.00000, 0.00000, 1.00000, 0.00000, 0.00000, 0.00000, 0.00000, 1.00000, 0.00000, -1.61001, 26.71000, 0.00000, 1.00000, seed = 123, },
				{ 1.00000, -0.00000, 0.00000, 0.00000, 0.00000, 1.00000, 0.00000, 0.00000, 0.00000, 0.00000, 1.00000, 0.00000, 2.48999, 26.71000, 0.00000, 1.00000, seed = 123, },
				{ -0.00000, -1.00000, 0.00000, 0.00000, 1.00000, -0.00000, 0.00000, 0.00000, 0.00000, 0.00000, 1.00000, 0.00000, 7.81999, 24.91000, 0.00000, 1.00000, seed = 123, },
				{ 1.00000, -0.00000, 0.00000, 0.00000, 0.00000, 1.00000, 0.00000, 0.00000, 0.00000, 0.00000, 1.00000, 0.00000, 6.38999, 26.71000, 0.00000, 1.00000, seed = 123, },
				{ -0.00000, -1.00000, 0.00000, 0.00000, 1.00000, -0.00000, 0.00000, 0.00000, 0.00000, 0.00000, 1.00000, 0.00000, 7.81999, 21.45000, 0.00000, 1.00000, seed = 123, },
			},
			["random_large_tree_town.grp"] = {
				{ 0.95106, 0.30902, 0.00000, 0.00000, -0.30902, 0.95106, -0.00000, 0.00000, -0.00000, 0.00000, 1.00000, 0.00000, -8.25000, 27.60000, 0.00000, 1.00000, },
			},
			["random_medium_tree_town.grp"] = {
				{ -0.20962, -0.97778, 0.00000, 0.00000, 0.97778, -0.20962, -0.00000, 0.00000, 0.00000, 0.00000, 1.00000, 0.00000, -9.55000, 22.25000, 0.00000, 1.00000, },
				{ 0.99470, 0.10279, 0.00000, 0.00000, -0.10279, 0.99470, -0.00000, 0.00000, -0.00000, 0.00000, 1.00000, 0.00000, -6.90000, 23.95000, 0.00000, 1.00000, },
			},
			["random_shrub_town.grp"] = {
				{ 0.64945, -0.76041, 0.00000, 0.00000, 0.76041, 0.64945, 0.00000, 0.00000, 0.00000, 0.00000, 1.00000, 0.00000, -4.90000, 19.35000, 0.00000, 1.00000, },
				{ 0.94832, 0.31730, 0.00000, 0.00000, -0.31730, 0.94832, 0.00000, 0.00000, 0.00000, 0.00000, 1.00000, 0.00000, -7.20000, 19.35000, 0.00000, 1.00000, },
				{ -0.76604, 0.64279, 0.00000, 0.00000, -0.64279, -0.76604, 0.00000, 0.00000, 0.00000, 0.00000, 1.00000, 0.00000, -4.90000, 21.65000, 0.00000, 1.00000, },
				{ 0.81815, 0.57501, 0.00000, 0.00000, -0.57501, 0.81815, 0.00000, 0.00000, 0.00000, 0.00000, 1.00000, 0.00000, -4.90000, 23.97000, 0.00000, 1.00000, },
			},
			["random_shrub_town_fence.grp"] = {
				{ -0.99941, 0.03433, 0.00000, 0.00000, -0.03433, -0.99941, 0.00000, 0.00000, 0.00000, 0.00000, 1.00000, 0.00000, 9.33333, 26.46000, 0.00000, 1.00000, },
				{ -0.60765, 0.79421, -0.00000, 0.00000, -0.79421, -0.60765, 0.00000, 0.00000, -0.00000, 0.00000, 1.00000, 0.00000, 9.59833, 26.80000, 0.00000, 1.00000, },
				{ -0.60765, 0.79421, -0.00000, 0.00000, -0.79421, -0.60765, 0.00000, 0.00000, -0.00000, 0.00000, 1.00000, 0.00000, -4.40166, 26.80000, 0.00000, 1.00000, },
				{ 0.21297, -0.97706, 0.00000, 0.00000, 0.97706, 0.21297, 0.00000, 0.00000, -0.00000, -0.00000, 1.00000, 0.00000, 9.39834, 20.10000, 0.00000, 1.00000, },
				{ 0.24026, 0.97071, 0.00000, 0.00000, -0.97071, 0.24026, -0.00000, 0.00000, -0.00000, 0.00000, 1.00000, 0.00000, 9.18334, 28.24000, 0.00000, 1.00000, },
				{ 0.24026, 0.97071, 0.00000, 0.00000, -0.97071, 0.24026, -0.00000, 0.00000, -0.00000, 0.00000, 1.00000, 0.00000, -4.13666, 28.24000, 0.00000, 1.00000, },
				{ 0.30516, 0.95230, 0.00000, 0.00000, -0.95230, 0.30516, -0.00000, 0.00000, -0.00000, 0.00000, 1.00000, 0.00000, 9.38334, 21.57000, 0.00000, 1.00000, },
				{ -0.19077, 0.98164, -0.00000, 0.00000, -0.98164, -0.19077, -0.00000, 0.00000, -0.00000, -0.00000, 1.00000, 0.00000, -4.13666, 29.76000, 0.00000, 1.00000, },
				{ -0.56605, -0.82437, -0.00000, 0.00000, 0.82437, -0.56605, -0.00000, 0.00000, -0.00000, -0.00000, 1.00000, 0.00000, 9.38334, 23.41000, 0.00000, 1.00000, },
				{ 0.15792, -0.98745, -0.00000, 0.00000, 0.98745, 0.15792, 0.00000, 0.00000, -0.00000, -0.00000, 1.00000, 0.00000, 9.38334, 24.91000, 0.00000, 1.00000, },
				{ 0.73034, 0.68309, 0.00000, 0.00000, -0.68309, 0.73034, 0.00000, 0.00000, 0.00000, -0.00000, 1.00000, 0.00000, -11.24335, 24.90999, 0.00000, 1.00000, },
				{ 0.96957, -0.24482, 0.00000, 0.00000, 0.24482, 0.96957, 0.00000, 0.00000, -0.00000, -0.00000, 1.00000, 0.00000, -11.24335, 19.36000, 0.00000, 1.00000, },
				{ -0.87136, -0.49064, -0.00000, 0.00000, 0.49064, -0.87136, 0.00000, 0.00000, -0.00000, 0.00000, 1.00000, 0.00000, -11.04333, 31.26000, 0.00000, 1.00000, },
				{ 0.19303, -0.98119, 0.00000, 0.00000, 0.98119, 0.19303, 0.00000, 0.00000, -0.00000, -0.00000, 1.00000, 0.00000, -7.18832, 31.33000, 0.00000, 1.00000, },
				{ 0.76298, -0.64643, -0.00000, 0.00000, 0.64643, 0.76298, -0.00000, 0.00000, 0.00000, 0.00000, 1.00000, 0.00000, -11.24335, 23.40999, 0.00000, 1.00000, },
				{ 0.94182, -0.33612, -0.00000, 0.00000, 0.33612, 0.94182, -0.00000, 0.00000, 0.00000, 0.00000, 1.00000, 0.00000, -11.24335, 17.86000, 0.00000, 1.00000, },
				{ -0.05307, 0.99859, 0.00000, 0.00000, -0.99859, -0.05307, -0.00000, 0.00000, 0.00000, -0.00000, 1.00000, 0.00000, -11.04333, 29.76000, 0.00000, 1.00000, },
				{ -0.94550, 0.32564, 0.00000, 0.00000, -0.32564, -0.94550, -0.00000, 0.00000, 0.00000, -0.00000, 1.00000, 0.00000, -8.68832, 31.33000, 0.00000, 1.00000, },
				{ 0.65441, -0.75614, -0.00000, 0.00000, 0.75614, 0.65441, -0.00000, 0.00000, 0.00000, 0.00000, 1.00000, 0.00000, -4.00833, 31.35000, 0.00000, 1.00000, },
				{ 0.98269, 0.18528, -0.00000, 0.00000, -0.18528, 0.98269, -0.00000, 0.00000, 0.00000, 0.00000, 1.00000, 0.00000, -11.24335, 21.89000, 0.00000, 1.00000, },
				{ -0.67817, 0.73490, 0.00000, 0.00000, -0.73490, -0.67817, 0.00000, 0.00000, 0.00000, -0.00000, 1.00000, 0.00000, -11.04333, 28.24000, 0.00000, 1.00000, },
				{ -0.09159, -0.99580, 0.00000, 0.00000, 0.99580, -0.09159, -0.00000, 0.00000, 0.00000, -0.00000, 1.00000, 0.00000, -10.20834, 31.33000, 0.00000, 1.00000, },
				{ 0.79782, 0.60289, -0.00000, 0.00000, -0.60289, 0.79782, 0.00000, 0.00000, 0.00000, -0.00000, 1.00000, 0.00000, -11.25833, 16.95000, 0.00000, 1.00000, },
				{ -0.98197, -0.18904, 0.00000, 0.00000, 0.18904, -0.98197, 0.00000, 0.00000, 0.00000, 0.00000, 1.00000, 0.00000, -11.45834, 26.80000, 0.00000, 1.00000, },
				{ 0.84560, -0.53382, 0.00000, 0.00000, 0.53382, 0.84560, 0.00000, 0.00000, -0.00000, -0.00000, 1.00000, 0.00000, -11.19333, 26.46000, 0.00000, 1.00000, },
				{ -0.99384, -0.11086, -0.00000, 0.00000, 0.11086, -0.99384, 0.00000, 0.00000, -0.00000, 0.00000, 1.00000, 0.00000, -11.19333, 20.91000, 0.00000, 1.00000, },
				{ 0.19162, -0.98147, 0.00000, 0.00000, 0.98147, 0.19162, 0.00000, 0.00000, -0.00000, -0.00000, 1.00000, 0.00000, -5.63834, 31.28000, 0.00000, 1.00000, },
				{ -0.99795, 0.06401, -0.00000, 0.00000, -0.06401, -0.99795, 0.00000, 0.00000, -0.00000, 0.00000, 1.00000, 0.00000, -9.55835, 16.70000, 0.00000, 1.00000, },
				{ -0.97071, 0.24026, -0.00000, 0.00000, -0.24026, -0.97071, -0.00000, 0.00000, -0.00000, -0.00000, 1.00000, 0.00000, 8.18335, 28.24000, 0.00000, 1.00000, },
				{ -0.24026, -0.97071, 0.00000, 0.00000, 0.97071, -0.24026, -0.00000, 0.00000, 0.00000, -0.00000, 1.00000, 0.00000, 7.18335, 28.24000, 0.00000, 1.00000, },
				{ 0.97071, -0.24026, 0.00000, 0.00000, 0.24026, 0.97071, -0.00000, 0.00000, -0.00000, 0.00000, 1.00000, 0.00000, 6.18335, 28.24000, 0.00000, 1.00000, },
				{ 0.24026, 0.97071, 0.00000, 0.00000, -0.97071, 0.24026, -0.00000, 0.00000, -0.00000, -0.00000, 1.00000, 0.00000, 5.18335, 28.24000, 0.00000, 1.00000, },
				{ -0.97071, 0.24026, -0.00000, 0.00000, -0.24026, -0.97071, -0.00000, 0.00000, -0.00000, -0.00000, 1.00000, 0.00000, 4.18335, 28.24000, 0.00000, 1.00000, },
				{ -0.24026, -0.97071, 0.00000, 0.00000, 0.97071, -0.24026, -0.00000, 0.00000, 0.00000, -0.00000, 1.00000, 0.00000, 3.18335, 28.24000, 0.00000, 1.00000, },
				{ 0.97071, -0.24026, 0.00000, 0.00000, 0.24026, 0.97071, -0.00000, 0.00000, -0.00000, 0.00000, 1.00000, 0.00000, 2.18335, 28.24000, 0.00000, 1.00000, },
				{ 0.24026, 0.97071, 0.00000, 0.00000, -0.97071, 0.24026, -0.00000, 0.00000, -0.00000, -0.00000, 1.00000, 0.00000, 1.18335, 28.24000, 0.00000, 1.00000, },
				{ -0.97071, 0.24026, -0.00000, 0.00000, -0.24026, -0.97071, -0.00000, 0.00000, -0.00000, -0.00000, 1.00000, 0.00000, 0.18335, 28.24000, 0.00000, 1.00000, },
				{ -0.24026, -0.97071, 0.00000, 0.00000, 0.97071, -0.24026, -0.00000, 0.00000, 0.00000, -0.00000, 1.00000, 0.00000, -0.81665, 28.24000, 0.00000, 1.00000, },
				{ 0.97071, -0.24026, 0.00000, 0.00000, 0.24026, 0.97071, -0.00000, 0.00000, -0.00000, 0.00000, 1.00000, 0.00000, -1.81665, 28.24000, 0.00000, 1.00000, },
				{ 0.24026, 0.97071, 0.00000, 0.00000, -0.97071, 0.24026, -0.00000, 0.00000, -0.00000, -0.00000, 1.00000, 0.00000, -2.81665, 28.24000, 0.00000, 1.00000, },
			},
		},
	},
}
--End Generated

function data()
	return townbuildingutil.make_building2(
		{ { -4.60, -0.10 }, { 4.60, -0.10 }, { 4.60, 9.10 }, { -4.60, 9.10 } },
		"RESIDENTIAL", 
		"A", 
		2,
		{ 3, 4 },
		generatedData,
		"construction/building/era_a/res_2_3x4_01.gtex"
	)
end
