local townbuildingutil = require "townbuildingutil"

--Model file: "building/era_a/res_1_4x4_04.mdl"

--Begin Generated
local generatedData = {
	["base"] = {
		models = {
			["building/era_a/res_1_4x4_04.mdl"] = {
				{ 1.00000, 0.00000, 0.00000, 0.00000, 0.00000, 1.00000, 0.00000, 0.00000, 0.00000, 0.00000, 1.00000, 0.00000, 0.00000, 0.00000, 0.00000, 1.00000, },
			},
		},
		curves = {
			["scaffold"] = {
				{ { 6.07751, 7.57367, 0.00000 }, { 6.07751, 7.57367, 0.00000 }, { 6.07727, 22.50592, 0.00000 }, { 6.07727, 22.50592, 0.00000 }, { 6.07727, 22.50592, 0.00000 }, { -4.91107, 22.50592, 0.00000 }, { -4.91107, 22.50592, 0.00000 }, { -4.91107, 22.50592, 0.00000 }, { -4.91107, 20.28070, 0.00000 }, { -4.91107, 20.28070, 0.00000 }, { -4.91107, 20.28070, 0.00000 }, { -6.92822, 20.28070, 0.00000 }, { -6.92822, 20.28070, 0.00000 }, { -6.92822, 20.28070, 0.00000 }, { -6.92822, 13.48157, 0.00000 }, { -6.92822, 13.48157, 0.00000 }, { -6.92822, 13.48157, 0.00000 }, { -4.91125, 13.48157, 0.00000 }, { -4.91125, 13.48157, 0.00000 }, { -4.91125, 13.48157, 0.00000 }, { -4.91125, 7.57367, 0.00000 }, { -4.91125, 7.57367, 0.00000 }, },
			},
			["shared/asphalt_01.gtex.lua;shared/dirt.gtex.lua"] = {
				{ { 0.25000, 0.00000, 0.00000 }, { 0.25000, 0.00000, 0.00000 }, { 0.25000, 6.62372, 0.00000 }, { 0.25000, 6.62372, 0.00000 }, { 0.25000, 6.62372, 0.00000 }, { 6.48242, 6.62372, 0.00000 }, { 6.48242, 6.62372, 0.00000 }, { 6.48242, 6.62372, 0.00000 }, { 6.48242, 23.45587, 0.00000 }, { 6.48242, 23.45587, 0.00000 }, { 6.48242, 23.45587, 0.00000 }, { -5.31641, 23.45587, 0.00000 }, { -5.31641, 23.45587, 0.00000 }, { -5.31641, 23.45587, 0.00000 }, { -5.31641, 20.88080, 0.00000 }, { -5.31641, 20.88080, 0.00000 }, { -5.31641, 20.88080, 0.00000 }, { -7.53687, 20.88080, 0.00000 }, { -7.53687, 20.88080, 0.00000 }, { -7.53687, 20.88079, 0.00000 }, { -7.53687, 12.88153, 0.00000 }, { -7.53687, 12.88153, 0.00000 }, { -7.53687, 12.88153, 0.00000 }, { -5.31641, 12.88153, 0.00000 }, { -5.31641, 12.88153, 0.00000 }, { -5.31641, 12.88153, 0.00000 }, { -5.31641, 6.62372, 0.00000 }, { -5.31641, 6.62372, 0.00000 }, { -5.31641, 6.62372, 0.00000 }, { -3.75000, 6.62372, 0.00000 }, { -3.75000, 6.62372, 0.00000 }, { -3.75000, 6.62372, 0.00000 }, { -3.75000, 0.00000, 0.00000 }, { -3.75000, 0.00000, 0.00000 }, },
			},
			["shared/grass_cutted_01.gtex.lua"] = {
				{ { -3.75000, 2.00000, 0.00000 }, { -3.75000, 2.00000, 0.00000 }, { -3.75000, 6.62372, 0.00000 }, { -3.75000, 6.62372, 0.00000 }, { -3.75000, 6.62372, 0.00000 }, { -5.31641, 6.62372, 0.00000 }, { -5.31641, 6.62372, 0.00000 }, { -5.31641, 6.62372, 0.00000 }, { -5.31641, 12.88153, 0.00000 }, { -5.31641, 12.88153, 0.00000 }, { -5.31641, 12.88153, 0.00000 }, { -7.53686, 12.88153, 0.00000 }, { -7.53687, 12.88153, 0.00000 }, { -7.53687, 12.88153, 0.00000 }, { -7.53687, 10.00000, 0.00000 }, { -7.53687, 10.00000, 0.00000 }, { -7.53687, 10.00000, 0.00000 }, { -13.00000, 10.00000, 0.00000 }, { -13.00000, 10.00000, 0.00000 }, { -13.00000, 10.00000, 0.00000 }, { -13.00000, 20.00000, 0.00000 }, { -13.00000, 20.00000, 0.00000 }, { -13.00000, 20.00000, 0.00000 }, { -9.50000, 20.00000, 0.00000 }, { -9.50000, 20.00000, 0.00000 }, { -9.50000, 20.00000, 0.00000 }, { -9.50000, 25.50000, 0.00000 }, { -9.50000, 25.50000, 0.00000 }, { -9.50000, 25.50000, 0.00000 }, { 0.00000, 25.50000, 0.00000 }, { 0.00000, 25.50000, 0.00000 }, { 0.00000, 25.50000, 0.00000 }, { 0.00000, 32.00000, 0.00000 }, { 0.00000, 32.00000, 0.00000 }, { -0.00000, 32.00000, 0.00000 }, { -16.00000, 32.00000, 0.00000 }, { -16.00000, 32.00000, 0.00000 }, { -16.00000, 31.99999, 0.00000 }, { -16.00000, 2.00001, 0.00000 }, { -16.00000, 2.00000, 0.00000 }, },
				{ { 16.00000, 2.00000, 0.00000 }, { 16.00000, 2.00000, 0.00000 }, { 16.00000, 31.99999, 0.00000 }, { 16.00000, 32.00000, 0.00000 }, { 16.00000, 32.00000, 0.00000 }, { 0.00000, 32.00000, 0.00000 }, { 0.00000, 32.00000, 0.00000 }, { 0.00000, 32.00000, 0.00000 }, { 0.00000, 25.50000, 0.00000 }, { 0.00000, 25.50000, 0.00000 }, { 0.00000, 25.50000, 0.00000 }, { 8.48242, 25.50000, 0.00000 }, { 8.48242, 25.50000, 0.00000 }, { 8.48242, 25.50000, 0.00000 }, { 8.48242, 18.00000, 0.00000 }, { 8.48242, 18.00000, 0.00000 }, { 8.48242, 18.00000, 0.00000 }, { 6.48242, 18.00000, 0.00000 }, { 6.48242, 18.00000, 0.00000 }, { 6.48242, 18.00000, 0.00000 }, { 6.48242, 6.62372, 0.00000 }, { 6.48242, 6.62372, 0.00000 }, { 6.48242, 6.62372, 0.00000 }, { 0.25000, 6.62372, 0.00000 }, { 0.25000, 6.62372, 0.00000 }, { 0.25000, 6.62372, 0.00000 }, { 0.25000, 2.00000, 0.00000 }, { 0.25000, 2.00000, 0.00000 }, },
			},
			["shared/gravel_02.gtex.lua"] = {
				{ { -3.75000, 0.00000, 0.00000 }, { -3.75000, 0.00000, 0.00000 }, { -3.75000, 2.00000, 0.00000 }, { -3.75000, 2.00000, 0.00000 }, { -3.75000, 2.00000, 0.00000 }, { -16.00000, 2.00000, 0.00000 }, { -16.00000, 2.00000, 0.00000 }, { -16.00000, 2.00000, 0.00000 }, { -16.00000, 0.00000, 0.00000 }, { -16.00000, 0.00000, 0.00000 }, },
				{ { 16.00000, 0.00000, 0.00000 }, { 16.00000, 0.00000, 0.00000 }, { 16.00000, 2.00000, 0.00000 }, { 16.00000, 2.00000, 0.00000 }, { 16.00000, 2.00000, 0.00000 }, { 0.25000, 2.00000, 0.00000 }, { 0.25000, 2.00000, 0.00000 }, { 0.25000, 2.00000, 0.00000 }, { 0.25000, 0.00000, 0.00000 }, { 0.25000, 0.00000, 0.00000 }, },
				{ { 6.48242, 18.00000, 0.00000 }, { 6.48242, 18.00000, 0.00000 }, { 8.48242, 18.00000, 0.00000 }, { 8.48242, 18.00000, 0.00000 }, { 8.48242, 18.00000, 0.00000 }, { 8.48242, 25.50000, 0.00000 }, { 8.48242, 25.50000, 0.00000 }, { 8.48242, 25.50000, 0.00000 }, { -9.50000, 25.50000, 0.00000 }, { -9.50000, 25.50000, 0.00000 }, { -9.50000, 25.50000, 0.00000 }, { -9.50000, 20.00000, 0.00000 }, { -9.50000, 20.00000, 0.00000 }, { -9.50000, 20.00000, 0.00000 }, { -13.00000, 20.00000, 0.00000 }, { -13.00000, 20.00000, 0.00000 }, { -13.00000, 20.00000, 0.00000 }, { -13.00000, 10.00000, 0.00000 }, { -13.00000, 10.00000, 0.00000 }, { -13.00000, 10.00000, 0.00000 }, { -7.53687, 10.00000, 0.00000 }, { -7.53687, 10.00000, 0.00000 }, { -7.53687, 10.00000, 0.00000 }, { -7.53687, 12.88153, 0.00000 }, { -7.53687, 12.88153, 0.00000 }, { -7.53687, 12.88153, 0.00000 }, { -7.53687, 20.88079, 0.00000 }, { -7.53687, 20.88080, 0.00000 }, { -7.53686, 20.88080, 0.00000 }, { -5.31641, 20.88080, 0.00000 }, { -5.31641, 20.88080, 0.00000 }, { -5.31641, 20.88080, 0.00000 }, { -5.31641, 23.45587, 0.00000 }, { -5.31641, 23.45587, 0.00000 }, { -5.31640, 23.45587, 0.00000 }, { 6.48242, 23.45587, 0.00000 }, { 6.48242, 23.45587, 0.00000 }, },
			},
		},
	},
	["layout_1"] = {
		models = {
			["asset/ground/container_wood.mdl"] = {
				{ -1.00000, 0.00000, 0.00000, 0.00000, -0.00000, -1.00000, 0.00000, 0.00000, 0.00000, 0.00000, 1.00000, 0.00000, 7.47000, 18.73000, 0.00000, 1.00000, ignore = { 4, 75 }, },
			},
			["asset/vegetation/hedge_m.mdl"] = {
				{ 0.00000, -1.00000, 0.00000, 0.00000, 1.00000, 0.00000, 0.00000, 0.00000, 0.00000, 0.00000, 1.00000, 0.00000, 12.96303, 2.97374, -0.20000, 1.00000, },
				{ -0.00000, 1.00000, 0.00000, 0.00000, -1.00000, -0.00000, -0.00000, 0.00000, -0.00000, -0.00000, 1.00000, 0.00000, 13.85303, 2.97374, -0.20000, 1.00000, },
				{ 0.00000, -1.00000, 0.00000, 0.00000, 1.00000, 0.00000, 0.00000, 0.00000, 0.00000, 0.00000, 1.00000, 0.00000, 14.88303, 2.97374, -0.20000, 1.00000, },
				{ 0.00000, -1.00000, 0.00000, 0.00000, 1.00000, 0.00000, 0.00000, 0.00000, 0.00000, 0.00000, 1.00000, 0.00000, 1.34303, 2.97374, -0.20000, 1.00000, },
				{ -0.00000, 1.00000, 0.00000, 0.00000, -1.00000, -0.00000, -0.00000, 0.00000, -0.00000, -0.00000, 1.00000, 0.00000, 2.23303, 2.97374, -0.20000, 1.00000, },
				{ 0.00000, -1.00000, 0.00000, 0.00000, 1.00000, 0.00000, 0.00000, 0.00000, 0.00000, 0.00000, 1.00000, 0.00000, 3.26303, 2.97374, -0.20000, 1.00000, },
				{ 0.00000, -1.00000, 0.00000, 0.00000, 1.00000, 0.00000, 0.00000, 0.00000, 0.00000, 0.00000, 1.00000, 0.00000, 4.84303, 2.97374, -0.20000, 1.00000, },
				{ -0.00000, 1.00000, 0.00000, 0.00000, -1.00000, -0.00000, -0.00000, 0.00000, -0.00000, -0.00000, 1.00000, 0.00000, 5.73304, 2.97374, -0.20000, 1.00000, },
				{ -0.00000, 1.00000, 0.00000, 0.00000, -1.00000, -0.00000, -0.00000, 0.00000, -0.00000, -0.00000, 1.00000, 0.00000, 11.28303, 2.97374, -0.20000, 1.00000, },
				{ 0.00000, -1.00000, 0.00000, 0.00000, 1.00000, 0.00000, 0.00000, 0.00000, 0.00000, 0.00000, 1.00000, 0.00000, 6.76303, 2.97374, -0.20000, 1.00000, },
				{ 0.00000, -1.00000, 0.00000, 0.00000, 1.00000, 0.00000, 0.00000, 0.00000, 0.00000, 0.00000, 1.00000, 0.00000, 8.24304, 2.97374, -0.20000, 1.00000, },
				{ -0.00000, 1.00000, 0.00000, 0.00000, -1.00000, -0.00000, -0.00000, 0.00000, -0.00000, -0.00000, 1.00000, 0.00000, 9.13303, 2.97374, -0.20000, 1.00000, },
				{ 0.00000, -1.00000, 0.00000, 0.00000, 1.00000, 0.00000, 0.00000, 0.00000, 0.00000, 0.00000, 1.00000, 0.00000, 10.16303, 2.97374, -0.20000, 1.00000, },
				{ 0.00000, -1.00000, 0.00000, 0.00000, 1.00000, 0.00000, 0.00000, 0.00000, 0.00000, 0.00000, 1.00000, 0.00000, -14.80696, 2.97374, -0.20000, 1.00000, },
				{ -0.00000, 1.00000, 0.00000, 0.00000, -1.00000, -0.00000, -0.00000, 0.00000, -0.00000, -0.00000, 1.00000, 0.00000, -13.91697, 2.97374, -0.20000, 1.00000, },
				{ 0.00000, -1.00000, 0.00000, 0.00000, 1.00000, 0.00000, 0.00000, 0.00000, 0.00000, 0.00000, 1.00000, 0.00000, -12.88696, 2.97374, -0.20000, 1.00000, },
				{ 0.00000, -1.00000, 0.00000, 0.00000, 1.00000, 0.00000, 0.00000, 0.00000, 0.00000, 0.00000, 1.00000, 0.00000, -11.30696, 2.97374, -0.20000, 1.00000, },
				{ -0.00000, 1.00000, 0.00000, 0.00000, -1.00000, -0.00000, -0.00000, 0.00000, -0.00000, -0.00000, 1.00000, 0.00000, -10.41697, 2.97374, -0.20000, 1.00000, },
				{ -0.00000, 1.00000, 0.00000, 0.00000, -1.00000, -0.00000, -0.00000, 0.00000, -0.00000, -0.00000, 1.00000, 0.00000, -4.86697, 2.97374, -0.20000, 1.00000, },
				{ 0.00000, -1.00000, 0.00000, 0.00000, 1.00000, 0.00000, 0.00000, 0.00000, 0.00000, 0.00000, 1.00000, 0.00000, -9.38696, 2.97374, -0.20000, 1.00000, },
				{ 0.00000, -1.00000, 0.00000, 0.00000, 1.00000, 0.00000, 0.00000, 0.00000, 0.00000, 0.00000, 1.00000, 0.00000, -7.90697, 2.97374, -0.20000, 1.00000, },
				{ -0.00000, 1.00000, 0.00000, 0.00000, -1.00000, -0.00000, -0.00000, 0.00000, -0.00000, -0.00000, 1.00000, 0.00000, -7.01696, 2.97374, -0.20000, 1.00000, },
				{ 0.00000, -1.00000, 0.00000, 0.00000, 1.00000, 0.00000, 0.00000, 0.00000, 0.00000, 0.00000, 1.00000, 0.00000, -5.98697, 2.97374, -0.20000, 1.00000, },
			},
		},
		groups = {
			["era_a_com_1_asset_ground_chair.grp"] = {
				{ -0.06279, 0.99803, -0.00000, 0.00000, -0.99803, -0.06279, 0.00000, 0.00000, 0.00000, 0.00000, 1.00000, 0.00000, -11.26237, 14.29603, -0.00000, 1.00000, seed = 123, },
				{ -0.66653, 0.74548, 0.00000, 0.00000, -0.74548, -0.66653, 0.00000, 0.00000, 0.00000, -0.00000, 1.00000, 0.00000, -10.90935, 13.44569, -0.00000, 1.00000, seed = 123, },
				{ 0.31896, -0.94777, 0.00000, 0.00000, 0.94777, 0.31896, 0.00000, 0.00000, -0.00000, -0.00000, 1.00000, 0.00000, -9.89069, 14.62265, 0.00000, 1.00000, seed = 123, },
				{ 0.02443, -0.99970, -0.00000, 0.00000, 0.99970, 0.02443, -0.00000, 0.00000, 0.00000, -0.00000, 1.00000, 0.00000, -9.63699, 13.79940, 0.00000, 1.00000, seed = 123, },
			},
			["era_a_com_1_asset_ground_table.grp"] = {
				{ 0.23853, -0.97113, 0.00000, 0.00000, 0.97113, 0.23853, 0.00000, 0.00000, 0.00000, 0.00000, 1.00000, 0.00000, -10.41000, 13.97000, 0.00000, 1.00000, seed = 123, },
			},
			["era_a_garden_chair.grp"] = {
				{ -0.03839, -0.99926, 0.00000, 0.00000, 0.99926, -0.03839, 0.00000, 0.00000, 0.00000, 0.00000, 1.00000, 0.00000, -5.67000, 22.26000, 0.00000, 1.00000, seed = 123, ignore = { 2, 60 }, },
				{ -0.93849, 0.34530, -0.00000, 0.00000, -0.34530, -0.93849, 0.00000, 0.00000, -0.00000, 0.00000, 1.00000, 0.00000, -6.71000, 21.60000, 0.00000, 1.00000, seed = 123, ignore = { 3, 60 }, },
			},
			["era_a_garden_ladder.grp"] = {
				{ 0.58212, -0.81310, 0.00000, 0.00000, 0.81310, 0.58212, 0.00000, 0.00000, 0.00000, 0.00000, 1.00000, 0.00000, 12.56000, 5.69000, 0.00000, 1.00000, seed = 123, },
			},
			["era_a_garden_sunshade.grp"] = {
				{ 0.45399, -0.89101, 0.00000, 0.00000, 0.89101, 0.45399, 0.00000, 0.00000, -0.00000, -0.00000, 1.00000, 0.00000, -10.38938, 13.96991, 0.00000, 1.00000, seed = 123, },
			},
			["garden_table_round.grp"] = {
				{ 1.00000, 0.00000, 0.00000, 0.00000, 0.00000, 1.00000, 0.00000, 0.00000, 0.00000, 0.00000, 1.00000, 0.00000, -6.40000, 22.20000, 0.00000, 1.00000, seed = 123, },
			},
			["random_large_tree_town.grp"] = {
				{ 0.66393, -0.74780, 0.00000, 0.00000, 0.74780, 0.66393, -0.00000, 0.00000, 0.00000, 0.00000, 1.00000, 0.00000, 12.57000, 29.47000, 0.00000, 1.00000, },
				{ -0.62084, 0.50454, 0.00000, 0.00000, -0.50454, -0.62084, -0.00000, 0.00000, -0.00000, -0.00000, 0.80000, 0.00000, 4.32000, 31.32000, 0.00000, 1.00000, },
				{ -0.48634, -0.87377, 0.00000, 0.00000, 0.87377, -0.48634, -0.00000, 0.00000, 0.00000, -0.00000, 1.00000, 0.00000, -11.88000, 30.07000, 0.00000, 1.00000, },
				{ -0.15344, 0.83604, 0.00000, 0.00000, -0.83604, -0.15344, -0.00000, 0.00000, -0.00000, -0.00000, 0.85000, 0.00000, 8.02000, 28.32000, 0.00000, 1.00000, },
			},
			["random_medium_tree_town.grp"] = {
				{ 0.99970, -0.02443, 0.00000, 0.00000, 0.02443, 0.99970, -0.00000, 0.00000, -0.00000, 0.00000, 1.00000, 0.00000, 11.05000, 16.25000, 0.00000, 1.00000, },
				{ 0.60460, -0.79653, 0.00000, 0.00000, 0.79653, 0.60460, -0.00000, 0.00000, 0.00000, 0.00000, 1.00000, 0.00000, -0.15000, 30.10000, 0.00000, 1.00000, },
				{ -0.65210, 0.75813, 0.00000, 0.00000, -0.75813, -0.65210, -0.00000, 0.00000, -0.00000, -0.00000, 1.00000, 0.00000, -5.55000, 28.95000, 0.00000, 1.00000, },
				{ -0.00995, -0.94995, 0.00000, 0.00000, 0.94995, -0.00995, -0.00000, 0.00000, 0.00000, 0.00000, 0.95000, 0.00000, -12.65000, 22.50000, 0.00000, 1.00000, },
				{ 0.49071, 0.81345, 0.00000, 0.00000, -0.81345, 0.49071, -0.00000, 0.00000, -0.00000, -0.00000, 0.95000, 0.00000, -13.40000, 26.35000, 0.00000, 1.00000, },
				{ 0.60042, 0.79968, 0.00000, 0.00000, -0.79968, 0.60042, -0.00000, 0.00000, -0.00000, -0.00000, 1.00000, 0.00000, 11.35000, 7.34000, 0.00000, 1.00000, },
				{ -0.19383, -0.91980, 0.00000, 0.00000, 0.91980, -0.19383, -0.00000, 0.00000, 0.00000, 0.00000, 0.94000, 0.00000, 13.25000, 23.69000, 0.00000, 1.00000, },
			},
			["random_shrub_town.grp"] = {
				{ 0.97315, -0.23017, 0.00000, 0.00000, 0.23017, 0.97315, 0.00000, 0.00000, 0.00000, 0.00000, 1.00000, 0.00000, -10.84646, 5.38687, 0.00000, 1.00000, },
				{ -0.90978, 0.41510, 0.00000, 0.00000, -0.41510, -0.90978, -0.00000, 0.00000, 0.00000, -0.00000, 1.00000, 0.00000, -9.14646, 6.43687, 0.00000, 1.00000, },
				{ -0.00792, 0.99997, 0.00000, 0.00000, -0.99997, -0.00792, -0.00000, 0.00000, -0.00000, -0.00000, 1.00000, 0.00000, -9.54646, 5.58687, 0.00000, 1.00000, },
				{ 0.73546, 0.67757, 0.00000, 0.00000, -0.67757, 0.73546, -0.00000, 0.00000, -0.00000, 0.00000, 1.00000, 0.00000, -11.89646, 6.63687, 0.00000, 1.00000, },
				{ 0.97507, 0.22192, 0.00000, 0.00000, -0.22192, 0.97507, -0.00000, 0.00000, -0.00000, 0.00000, 1.00000, 0.00000, -10.57646, 7.72687, 0.00000, 1.00000, },
				{ 0.58526, -0.81084, 0.00000, 0.00000, 0.81084, 0.58526, -0.00000, 0.00000, 0.00000, 0.00000, 1.00000, 0.00000, -10.57646, 20.93687, 0.00000, 1.00000, },
				{ 0.58526, -0.81084, 0.00000, 0.00000, 0.81084, 0.58526, -0.00000, 0.00000, 0.00000, 0.00000, 1.00000, 0.00000, 7.89354, 26.58687, 0.00000, 1.00000, },
				{ 0.58526, -0.81084, 0.00000, 0.00000, 0.81084, 0.58526, -0.00000, 0.00000, 0.00000, 0.00000, 1.00000, 0.00000, -0.68646, 26.58687, 0.00000, 1.00000, },
				{ 0.16984, 0.98547, 0.00000, 0.00000, -0.98547, 0.16984, -0.00000, 0.00000, -0.00000, -0.00000, 1.00000, 0.00000, 5.61354, 26.58687, 0.00000, 1.00000, },
				{ 0.16984, 0.98547, 0.00000, 0.00000, -0.98547, 0.16984, -0.00000, 0.00000, -0.00000, -0.00000, 1.00000, 0.00000, -2.96646, 26.58687, 0.00000, 1.00000, },
				{ 0.16984, 0.98547, 0.00000, 0.00000, -0.98547, 0.16984, -0.00000, 0.00000, -0.00000, -0.00000, 1.00000, 0.00000, -9.16646, 26.58687, 0.00000, 1.00000, },
				{ -0.45054, -0.89276, 0.00000, 0.00000, 0.89276, -0.45054, -0.00000, 0.00000, 0.00000, 0.00000, 1.00000, 0.00000, 3.47354, 26.58687, 0.00000, 1.00000, },
				{ -0.45054, -0.89276, 0.00000, 0.00000, 0.89276, -0.45054, -0.00000, 0.00000, 0.00000, 0.00000, 1.00000, 0.00000, -5.10646, 26.58687, 0.00000, 1.00000, },
				{ 0.69744, -0.71665, 0.00000, 0.00000, 0.71665, 0.69744, -0.00000, 0.00000, 0.00000, 0.00000, 1.00000, 0.00000, 1.45354, 26.58687, 0.00000, 1.00000, },
				{ 0.69744, -0.71665, 0.00000, 0.00000, 0.71665, 0.69744, -0.00000, 0.00000, 0.00000, 0.00000, 1.00000, 0.00000, -7.12646, 26.58687, 0.00000, 1.00000, },
			},
			["random_shrub_town_fence.grp"] = {
				{ -0.76203, 0.64755, -0.00000, 0.00000, -0.64755, -0.76203, 0.00000, 0.00000, -0.00000, 0.00000, 1.00000, 0.00000, 15.21167, 12.80000, 0.00000, 1.00000, },
				{ -0.76203, 0.64755, -0.00000, 0.00000, -0.64755, -0.76203, 0.00000, 0.00000, -0.00000, 0.00000, 1.00000, 0.00000, -15.40833, 30.90000, 0.00000, 1.00000, },
				{ -0.76203, 0.64755, -0.00000, 0.00000, -0.64755, -0.76203, 0.00000, 0.00000, -0.00000, 0.00000, 1.00000, 0.00000, -15.40833, 21.25000, 0.00000, 1.00000, },
				{ -0.76203, 0.64755, -0.00000, 0.00000, -0.64755, -0.76203, 0.00000, 0.00000, -0.00000, 0.00000, 1.00000, 0.00000, -15.40833, 11.95000, 0.00000, 1.00000, },
				{ -0.76203, 0.64755, -0.00000, 0.00000, -0.64755, -0.76203, 0.00000, 0.00000, -0.00000, 0.00000, 1.00000, 0.00000, 15.21167, 21.45000, 0.00000, 1.00000, },
				{ -0.76203, 0.64755, -0.00000, 0.00000, -0.64755, -0.76203, 0.00000, 0.00000, -0.00000, 0.00000, 1.00000, 0.00000, 7.66167, 6.55000, 0.00000, 1.00000, },
				{ -0.76203, 0.64755, -0.00000, 0.00000, -0.64755, -0.76203, 0.00000, 0.00000, -0.00000, 0.00000, 1.00000, 0.00000, -15.35833, 22.95000, 0.00000, 1.00000, },
				{ -0.76203, 0.64755, -0.00000, 0.00000, -0.64755, -0.76203, 0.00000, 0.00000, -0.00000, 0.00000, 1.00000, 0.00000, -15.35833, 13.30000, 0.00000, 1.00000, },
				{ -0.76203, 0.64755, -0.00000, 0.00000, -0.64755, -0.76203, 0.00000, 0.00000, -0.00000, 0.00000, 1.00000, 0.00000, -15.35833, 4.00000, 0.00000, 1.00000, },
				{ -0.64755, -0.76203, -0.00000, 0.00000, 0.76203, -0.64755, 0.00000, 0.00000, -0.00000, 0.00000, 1.00000, 0.00000, 15.21167, 11.30000, 0.00000, 1.00000, },
				{ -0.64755, -0.76203, -0.00000, 0.00000, 0.76203, -0.64755, 0.00000, 0.00000, -0.00000, 0.00000, 1.00000, 0.00000, 15.21167, 6.90000, 0.00000, 1.00000, },
				{ -0.64755, -0.76203, -0.00000, 0.00000, 0.76203, -0.64755, 0.00000, 0.00000, -0.00000, 0.00000, 1.00000, 0.00000, -15.40833, 29.00000, 0.00000, 1.00000, },
				{ -0.64755, -0.76203, -0.00000, 0.00000, 0.76203, -0.64755, 0.00000, 0.00000, -0.00000, 0.00000, 1.00000, 0.00000, -15.40833, 19.35000, 0.00000, 1.00000, },
				{ -0.64755, -0.76203, -0.00000, 0.00000, 0.76203, -0.64755, 0.00000, 0.00000, -0.00000, 0.00000, 1.00000, 0.00000, -15.40833, 10.05000, 0.00000, 1.00000, },
				{ -0.64755, -0.76203, -0.00000, 0.00000, 0.76203, -0.64755, 0.00000, 0.00000, -0.00000, 0.00000, 1.00000, 0.00000, 15.21167, 19.95000, 0.00000, 1.00000, },
				{ -0.64755, -0.76203, -0.00000, 0.00000, 0.76203, -0.64755, 0.00000, 0.00000, -0.00000, 0.00000, 1.00000, 0.00000, 15.21167, 15.55000, 0.00000, 1.00000, },
				{ -0.64755, -0.76203, -0.00000, 0.00000, 0.76203, -0.64755, 0.00000, 0.00000, -0.00000, 0.00000, 1.00000, 0.00000, 15.21167, 24.20000, 0.00000, 1.00000, },
				{ -0.64755, -0.76203, -0.00000, 0.00000, 0.76203, -0.64755, 0.00000, 0.00000, -0.00000, 0.00000, 1.00000, 0.00000, 15.21167, 28.96000, 0.00000, 1.00000, },
				{ 0.76203, -0.64755, 0.00000, 0.00000, 0.64755, 0.76203, -0.00000, 0.00000, 0.00000, 0.00000, 1.00000, 0.00000, 15.21167, 9.80000, 0.00000, 1.00000, },
				{ 0.76203, -0.64755, 0.00000, 0.00000, 0.64755, 0.76203, -0.00000, 0.00000, 0.00000, 0.00000, 1.00000, 0.00000, 15.21167, 5.40000, 0.00000, 1.00000, },
				{ 0.84003, -0.54254, 0.00000, 0.00000, 0.54254, 0.84003, -0.00000, 0.00000, 0.00000, 0.00000, 1.00000, 0.00000, 15.21167, 4.25000, 0.00000, 1.00000, },
				{ 0.76203, -0.64755, 0.00000, 0.00000, 0.64755, 0.76203, -0.00000, 0.00000, 0.00000, 0.00000, 1.00000, 0.00000, -15.40833, 27.50000, 0.00000, 1.00000, },
				{ 0.76203, -0.64755, 0.00000, 0.00000, 0.64755, 0.76203, -0.00000, 0.00000, 0.00000, 0.00000, 1.00000, 0.00000, -15.40833, 17.85000, 0.00000, 1.00000, },
				{ 0.76203, -0.64755, 0.00000, 0.00000, 0.64755, 0.76203, -0.00000, 0.00000, 0.00000, 0.00000, 1.00000, 0.00000, -15.40833, 8.55000, 0.00000, 1.00000, },
				{ 0.76203, -0.64755, 0.00000, 0.00000, 0.64755, 0.76203, -0.00000, 0.00000, 0.00000, 0.00000, 1.00000, 0.00000, 15.21167, 18.45000, 0.00000, 1.00000, },
				{ 0.76203, -0.64755, 0.00000, 0.00000, 0.64755, 0.76203, -0.00000, 0.00000, 0.00000, 0.00000, 1.00000, 0.00000, 15.21167, 14.05000, 0.00000, 1.00000, },
				{ 0.76203, -0.64755, 0.00000, 0.00000, 0.64755, 0.76203, -0.00000, 0.00000, 0.00000, 0.00000, 1.00000, 0.00000, 15.21167, 22.70000, 0.00000, 1.00000, },
				{ 0.76203, -0.64755, 0.00000, 0.00000, 0.64755, 0.76203, -0.00000, 0.00000, 0.00000, 0.00000, 1.00000, 0.00000, 15.21167, 27.46000, 0.00000, 1.00000, },
				{ 0.76203, -0.64755, 0.00000, 0.00000, 0.64755, 0.76203, -0.00000, 0.00000, 0.00000, 0.00000, 1.00000, 0.00000, 15.21167, 26.10000, 0.00000, 1.00000, },
				{ 0.76203, -0.64755, 0.00000, 0.00000, 0.64755, 0.76203, -0.00000, 0.00000, 0.00000, 0.00000, 1.00000, 0.00000, 15.21167, 30.86000, 0.00000, 1.00000, },
				{ 0.64755, 0.76203, 0.00000, 0.00000, -0.76203, 0.64755, -0.00000, 0.00000, -0.00000, 0.00000, 1.00000, 0.00000, 15.21167, 8.30000, 0.00000, 1.00000, },
				{ 0.64755, 0.76203, 0.00000, 0.00000, -0.76203, 0.64755, -0.00000, 0.00000, -0.00000, 0.00000, 1.00000, 0.00000, -15.40833, 26.00000, 0.00000, 1.00000, },
				{ 0.64755, 0.76203, 0.00000, 0.00000, -0.76203, 0.64755, -0.00000, 0.00000, -0.00000, 0.00000, 1.00000, 0.00000, -15.40833, 16.35000, 0.00000, 1.00000, },
				{ 0.64755, 0.76203, 0.00000, 0.00000, -0.76203, 0.64755, -0.00000, 0.00000, -0.00000, 0.00000, 1.00000, 0.00000, -15.40833, 7.05000, 0.00000, 1.00000, },
				{ 0.64755, 0.76203, 0.00000, 0.00000, -0.76203, 0.64755, -0.00000, 0.00000, -0.00000, 0.00000, 1.00000, 0.00000, 15.21167, 16.95000, 0.00000, 1.00000, },
				{ -0.76203, 0.64755, -0.00000, 0.00000, -0.64755, -0.76203, 0.00000, 0.00000, -0.00000, 0.00000, 1.00000, 0.00000, 7.81167, 8.40000, 0.00000, 1.00000, },
				{ -0.76203, 0.64755, -0.00000, 0.00000, -0.64755, -0.76203, 0.00000, 0.00000, -0.00000, 0.00000, 1.00000, 0.00000, -15.40833, 24.50000, 0.00000, 1.00000, },
				{ -0.76203, 0.64755, -0.00000, 0.00000, -0.64755, -0.76203, 0.00000, 0.00000, -0.00000, 0.00000, 1.00000, 0.00000, -15.40833, 14.85000, 0.00000, 1.00000, },
				{ -0.76203, 0.64755, -0.00000, 0.00000, -0.64755, -0.76203, 0.00000, 0.00000, -0.00000, 0.00000, 1.00000, 0.00000, -15.40833, 5.55000, 0.00000, 1.00000, },
			},
		},
	},
}
--End Generated

function data()
	return townbuildingutil.make_building2(
		{ { -4.60, -0.10 }, { 4.60, -0.10 }, { 4.60, 9.10 }, { -4.60, 9.10 } },
		"RESIDENTIAL", 
		"A", 
		1,
		{ 4, 4 },
		generatedData,
		"construction/building/era_a/res_1_4x4_04.gtex"
	)
end
