local townbuildingutil = require "townbuildingutil"

--Model file: "building/era_a/res_1_3x4_03.mdl"

--Begin Generated
local generatedData = {
	["base"] = {
		models = {
			["building/era_a/res_1_3x4_03.mdl"] = {
				{ 1.00000, 0.00000, 0.00000, 0.00000, 0.00000, 1.00000, 0.00000, 0.00000, 0.00000, 0.00000, 1.00000, 0.00000, 0.00000, -2.10000, 0.00000, 1.00000, },
			},
		},
		curves = {
			["scaffold"] = {
				{ { 2.30957, 5.01724, 0.00000 }, { 2.30957, 5.01724, 0.00000 }, { 2.30957, 5.52122, 0.00000 }, { 2.30957, 5.52122, 0.00000 }, { 2.30957, 5.52122, 0.00000 }, { 7.19278, 5.52122, 0.00000 }, { 7.19278, 5.52122, 0.00000 }, { 7.19278, 5.52122, 0.00000 }, { 7.19278, 13.94644, 0.00000 }, { 7.19278, 13.94644, 0.00000 }, { 7.19278, 13.94644, 0.00000 }, { -7.19620, 13.94645, 0.00000 }, { -7.19620, 13.94645, 0.00000 }, { -7.19620, 13.94645, 0.00000 }, { -7.19644, 5.52122, 0.00000 }, { -7.19644, 5.52122, 0.00000 }, { -7.19644, 5.52122, 0.00000 }, { -2.69043, 5.52122, 0.00000 }, { -2.69043, 5.52122, 0.00000 }, { -2.69043, 5.52122, 0.00000 }, { -2.69043, 5.01724, 0.00000 }, { -2.69043, 5.01724, 0.00000 }, },
			},
			["shared/asphalt_01.gtex.lua;shared/dirt.gtex.lua"] = {
				{ { 4.00000, -0.00000, 0.00000 }, { 4.00000, 0.00000, 0.00000 }, { 4.00000, 6.18689, 0.00000 }, { 4.00000, 6.18689, 0.00000 }, { 4.00000, 6.18689, 0.00000 }, { 7.53687, 6.18689, 0.00000 }, { 7.53687, 6.18689, 0.00000 }, { 7.53687, 6.18689, 0.00000 }, { 7.53687, 14.29078, 0.00000 }, { 7.53687, 14.29078, 0.00000 }, { 7.53687, 14.29078, 0.00000 }, { -7.54065, 14.29078, 0.00000 }, { -7.54065, 14.29078, 0.00000 }, { -7.54065, 14.29078, 0.00000 }, { -7.54065, 6.18689, 0.00000 }, { -7.54065, 6.18689, 0.00000 }, { -7.54065, 6.18689, 0.00000 }, { -4.50000, 6.18689, 0.00000 }, { -4.50000, 6.18689, 0.00000 }, { -4.50000, 6.18689, 0.00000 }, { -4.50000, 0.00000, 0.00000 }, { -4.50000, -0.00000, 0.00000 }, },
			},
			["shared/grass_cutted_01.gtex.lua"] = {
				{ { 12.00000, 0.00000, 0.00000 }, { 12.00000, 0.00000, 0.00000 }, { 12.00000, 23.99999, 0.00000 }, { 12.00000, 24.00000, 0.00000 }, { 12.00000, 24.00000, 0.00000 }, { 2.00000, 24.00000, 0.00000 }, { 2.00000, 24.00000, 0.00000 }, { 2.00000, 24.00000, 0.00000 }, { 2.00000, 16.00000, 0.00000 }, { 2.00000, 16.00000, 0.00000 }, { 2.00000, 16.00000, 0.00000 }, { 9.45001, 16.00000, 0.00000 }, { 9.45001, 16.00000, 0.00000 }, { 9.45001, 16.00000, 0.00000 }, { 9.45001, 4.00000, 0.00000 }, { 9.45001, 4.00000, 0.00000 }, { 9.45001, 4.00000, 0.00000 }, { 4.00000, 4.00000, 0.00000 }, { 4.00000, 4.00000, 0.00000 }, { 4.00000, 4.00000, 0.00000 }, { 4.00000, 0.00000, 0.00000 }, { 4.00000, -0.00000, 0.00000 }, },
				{ { -4.50000, -0.00000, 0.00000 }, { -4.50000, 0.00000, 0.00000 }, { -4.50000, 4.00000, 0.00000 }, { -4.50000, 4.00000, 0.00000 }, { -4.50000, 4.00000, 0.00000 }, { -9.45001, 4.00000, 0.00000 }, { -9.45001, 4.00000, 0.00000 }, { -9.45001, 4.00000, 0.00000 }, { -9.45001, 25.99999, 0.00000 }, { -9.45001, 26.00000, 0.00000 }, { -9.45001, 26.00000, 0.00000 }, { 2.00000, 26.00000, 0.00000 }, { 2.00000, 26.00000, 0.00000 }, { 2.00000, 26.00000, 0.00000 }, { 2.00000, 32.00000, 0.00000 }, { 2.00000, 32.00000, 0.00000 }, { 2.00000, 32.00000, 0.00000 }, { -12.00000, 32.00000, 0.00000 }, { -12.00000, 32.00000, 0.00000 }, { -12.00000, 31.99999, 0.00000 }, { -12.00000, 0.00001, 0.00000 }, { -12.00000, 0.00000, 0.00000 }, },
			},
			["shared/gravel_02.gtex.lua"] = {
				{ { 9.45001, 4.00000, 0.00000 }, { 9.45001, 4.00000, 0.00000 }, { 9.45001, 16.00000, 0.00000 }, { 9.45001, 16.00000, 0.00000 }, { 9.45001, 16.00000, 0.00000 }, { 2.00000, 16.00000, 0.00000 }, { 2.00000, 16.00000, 0.00000 }, { 2.00000, 16.00000, 0.00000 }, { 2.00000, 26.00000, 0.00000 }, { 2.00000, 26.00000, 0.00000 }, { 2.00000, 26.00000, 0.00000 }, { -9.45001, 26.00000, 0.00000 }, { -9.45001, 26.00000, 0.00000 }, { -9.45001, 25.99999, 0.00000 }, { -9.45001, 4.00000, 0.00000 }, { -9.45001, 4.00000, 0.00000 }, { -9.45001, 4.00000, 0.00000 }, { -4.50000, 4.00000, 0.00000 }, { -4.50000, 4.00000, 0.00000 }, { -4.50000, 4.00000, 0.00000 }, { -4.50000, 6.18689, 0.00000 }, { -4.50000, 6.18689, 0.00000 }, { -4.50000, 6.18689, 0.00000 }, { -7.54065, 6.18689, 0.00000 }, { -7.54065, 6.18689, 0.00000 }, { -7.54065, 6.18689, 0.00000 }, { -7.54065, 14.29078, 0.00000 }, { -7.54065, 14.29078, 0.00000 }, { -7.54065, 14.29078, 0.00000 }, { 7.53686, 14.29078, 0.00000 }, { 7.53687, 14.29078, 0.00000 }, { 7.53687, 14.29078, 0.00000 }, { 7.53687, 6.18689, 0.00000 }, { 7.53687, 6.18689, 0.00000 }, { 7.53686, 6.18689, 0.00000 }, { 4.00000, 6.18689, 0.00000 }, { 4.00000, 6.18689, 0.00000 }, { 4.00000, 6.18689, 0.00000 }, { 4.00000, 4.00000, 0.00000 }, { 4.00000, 4.00000, 0.00000 }, },
			},
		},
	},
	["layout_1"] = {
		models = {
			["asset/ground/container_wood.mdl"] = {
				{ 0.00000, -1.00000, 0.00000, 0.00000, 1.00000, 0.00000, 0.00000, 0.00000, 0.00000, 0.00000, 1.00000, 0.00000, 1.23649, 18.88000, -0.00000, 1.00000, ignore = { 2, 50 }, },
			},
			["asset/vegetation/hedge_m.mdl"] = {
				{ -1.00000, 0.00000, 0.00000, 0.00000, -0.00000, -1.00000, 0.00000, 0.00000, 0.00000, 0.00000, 1.00000, 0.00000, -11.34735, 14.14310, -0.20000, 1.00000, },
				{ 1.00000, 0.00000, 0.00000, 0.00000, -0.00000, 1.00000, -0.00000, 0.00000, -0.00000, -0.00000, 1.00000, 0.00000, -11.34735, 11.32310, -0.20000, 1.00000, },
				{ 1.00000, 0.00000, 0.00000, 0.00000, -0.00000, 1.00000, -0.00000, 0.00000, -0.00000, -0.00000, 1.00000, 0.00000, -11.34735, 6.72310, -0.20000, 1.00000, },
				{ 1.00000, 0.00000, 0.00000, 0.00000, -0.00000, 1.00000, -0.00000, 0.00000, -0.00000, -0.00000, 1.00000, 0.00000, -11.34735, 9.46310, -0.20000, 1.00000, },
				{ 1.00000, 0.00000, 0.00000, 0.00000, -0.00000, 1.00000, -0.00000, 0.00000, -0.00000, -0.00000, 1.00000, 0.00000, -11.34735, 4.86310, -0.20000, 1.00000, },
				{ 1.00000, 0.00000, 0.00000, 0.00000, -0.00000, 1.00000, -0.00000, 0.00000, -0.00000, -0.00000, 1.00000, 0.00000, -11.34735, 15.71310, -0.20000, 1.00000, },
				{ 1.00000, 0.00000, 0.00000, 0.00000, -0.00000, 1.00000, -0.00000, 0.00000, -0.00000, -0.00000, 1.00000, 0.00000, -11.34735, 16.76310, -0.20000, 1.00000, },
				{ -1.00000, 0.00000, 0.00000, 0.00000, -0.00000, -1.00000, 0.00000, 0.00000, 0.00000, 0.00000, 1.00000, 0.00000, -11.34735, 12.68310, -0.20000, 1.00000, },
				{ -1.00000, 0.00000, 0.00000, 0.00000, -0.00000, -1.00000, 0.00000, 0.00000, 0.00000, 0.00000, 1.00000, 0.00000, -11.34735, 8.08310, -0.20000, 1.00000, },
				{ -1.00000, 0.00000, 0.00000, 0.00000, -0.00000, -1.00000, 0.00000, 0.00000, 0.00000, 0.00000, 1.00000, 0.00000, -11.34735, 26.73310, -0.20000, 1.00000, },
				{ 0.00000, 1.00000, 0.00000, 0.00000, -1.00000, 0.00000, 0.00000, 0.00000, -0.00000, -0.00000, 1.00000, 0.00000, -5.37610, 31.31185, -0.20000, 1.00000, },
				{ -1.00000, 0.00000, 0.00000, 0.00000, -0.00000, -1.00000, 0.00000, 0.00000, 0.00000, 0.00000, 1.00000, 0.00000, -11.34735, 30.83310, -0.20000, 1.00000, },
				{ 0.00000, 1.00000, 0.00000, 0.00000, -1.00000, 0.00000, 0.00000, 0.00000, -0.00000, -0.00000, 1.00000, 0.00000, -1.27610, 31.31185, -0.20000, 1.00000, },
				{ 1.00000, 0.00000, 0.00000, 0.00000, -0.00000, 1.00000, -0.00000, 0.00000, -0.00000, -0.00000, 1.00000, 0.00000, -11.34735, 23.91310, -0.20000, 1.00000, },
				{ 0.00000, -1.00000, 0.00000, 0.00000, 1.00000, 0.00000, -0.00000, 0.00000, -0.00000, 0.00000, 1.00000, 0.00000, -8.19610, 31.31185, -0.20000, 1.00000, },
				{ 1.00000, 0.00000, 0.00000, 0.00000, -0.00000, 1.00000, -0.00000, 0.00000, -0.00000, -0.00000, 1.00000, 0.00000, -11.34735, 19.79310, -0.20000, 1.00000, },
				{ 1.00000, 0.00000, 0.00000, 0.00000, -0.00000, 1.00000, -0.00000, 0.00000, -0.00000, -0.00000, 1.00000, 0.00000, -11.34735, 22.53309, -0.20000, 1.00000, },
				{ 0.00000, -1.00000, 0.00000, 0.00000, 1.00000, 0.00000, -0.00000, 0.00000, -0.00000, 0.00000, 1.00000, 0.00000, -9.57610, 31.31185, -0.20000, 1.00000, },
				{ 1.00000, 0.00000, 0.00000, 0.00000, -0.00000, 1.00000, -0.00000, 0.00000, -0.00000, -0.00000, 1.00000, 0.00000, -11.34735, 18.31310, -0.20000, 1.00000, },
				{ 1.00000, 0.00000, 0.00000, 0.00000, -0.00000, 1.00000, -0.00000, 0.00000, -0.00000, -0.00000, 1.00000, 0.00000, -11.34735, 28.30309, -0.20000, 1.00000, },
				{ 0.00000, -1.00000, 0.00000, 0.00000, 1.00000, 0.00000, -0.00000, 0.00000, -0.00000, 0.00000, 1.00000, 0.00000, -3.80610, 31.31185, -0.20000, 1.00000, },
				{ 0.00000, -1.00000, 0.00000, 0.00000, 1.00000, 0.00000, -0.00000, 0.00000, -0.00000, 0.00000, 1.00000, 0.00000, -0.04610, 31.31185, -0.20000, 1.00000, },
				{ 1.00000, 0.00000, 0.00000, 0.00000, -0.00000, 1.00000, -0.00000, 0.00000, -0.00000, -0.00000, 1.00000, 0.00000, -11.34735, 29.35309, -0.20000, 1.00000, },
				{ 0.00000, -1.00000, 0.00000, 0.00000, 1.00000, 0.00000, -0.00000, 0.00000, -0.00000, 0.00000, 1.00000, 0.00000, -2.75610, 31.31185, -0.20000, 1.00000, },
				{ 0.00000, -1.00000, 0.00000, 0.00000, 1.00000, 0.00000, -0.00000, 0.00000, -0.00000, 0.00000, 1.00000, 0.00000, 1.00390, 31.31185, -0.20000, 1.00000, },
				{ -1.00000, 0.00000, 0.00000, 0.00000, -0.00000, -1.00000, 0.00000, 0.00000, 0.00000, 0.00000, 1.00000, 0.00000, -11.34735, 25.27310, -0.20000, 1.00000, },
				{ 0.00000, 1.00000, 0.00000, 0.00000, -1.00000, 0.00000, 0.00000, 0.00000, -0.00000, -0.00000, 1.00000, 0.00000, -6.83610, 31.31185, -0.20000, 1.00000, },
				{ -1.00000, 0.00000, 0.00000, 0.00000, -0.00000, -1.00000, 0.00000, 0.00000, 0.00000, 0.00000, 1.00000, 0.00000, -11.34735, 21.15310, -0.20000, 1.00000, },
				{ 0.00000, 1.00000, 0.00000, 0.00000, -1.00000, 0.00000, 0.00000, 0.00000, -0.00000, -0.00000, 1.00000, 0.00000, -10.95610, 31.31185, -0.20000, 1.00000, },
			},
		},
		groups = {
			["era_a_com_1_asset_ground_chair.grp"] = {
				{ 0.21132, -0.97742, 0.00000, 0.00000, 0.97742, 0.21132, 0.00000, 0.00000, 0.00000, 0.00000, 1.00000, 0.00000, -4.37000, 22.03000, -0.00000, 1.00000, seed = 123, },
				{ -0.10453, -0.99452, 0.00000, 0.00000, 0.99452, -0.10453, 0.00000, 0.00000, 0.00000, 0.00000, 1.00000, 0.00000, -4.35000, 21.16000, 0.00000, 1.00000, seed = 123, },
				{ -0.24869, 0.96858, 0.00000, 0.00000, -0.96858, -0.24869, 0.00000, 0.00000, 0.00000, 0.00000, 1.00000, 0.00000, -5.54000, 21.14000, 0.00000, 1.00000, seed = 123, },
				{ 0.15643, 0.98769, 0.00000, 0.00000, -0.98769, 0.15643, 0.00000, 0.00000, 0.00000, 0.00000, 1.00000, 0.00000, -5.50000, 22.03000, -0.00000, 1.00000, seed = 123, },
				{ 0.21132, -0.97742, 0.00000, 0.00000, 0.97742, 0.21132, 0.00000, 0.00000, 0.00000, 0.00000, 1.00000, 0.00000, -4.37000, 20.26000, -0.00000, 1.00000, seed = 123, },
				{ -0.10453, -0.99452, 0.00000, 0.00000, 0.99452, -0.10453, 0.00000, 0.00000, 0.00000, 0.00000, 1.00000, 0.00000, -4.35000, 19.39000, 0.00000, 1.00000, seed = 123, },
				{ -0.44464, 0.89571, 0.00000, 0.00000, -0.89571, -0.44464, 0.00000, 0.00000, 0.00000, 0.00000, 1.00000, 0.00000, -5.84000, 19.21000, -0.00000, 1.00000, seed = 123, },
				{ 0.15643, 0.98769, 0.00000, 0.00000, -0.98769, 0.15643, 0.00000, 0.00000, 0.00000, 0.00000, 1.00000, 0.00000, -5.50000, 20.26000, -0.00000, 1.00000, seed = 123, },
			},
			["era_a_com_1_asset_ground_table.grp"] = {
				{ -0.00000, -1.00000, 0.00000, 0.00000, 1.00000, -0.00000, 0.00000, 0.00000, 0.00000, 0.00000, 1.00000, 0.00000, -4.95000, 21.58000, 0.00000, 1.00000, seed = 123, },
				{ -0.00000, -1.00000, 0.00000, 0.00000, 1.00000, -0.00000, 0.00000, 0.00000, 0.00000, 0.00000, 1.00000, 0.00000, -4.95000, 19.81000, 0.00000, 1.00000, seed = 123, },
			},
			["era_a_garden_bench.grp"] = {
				{ -1.00000, 0.00000, 0.00000, 0.00000, -0.00000, -1.00000, 0.00000, 0.00000, 0.00000, 0.00000, 1.00000, 0.00000, -5.31000, 15.12000, 0.00000, 1.00000, seed = 123, },
			},
			["era_a_garden_ladder.grp"] = {
				{ 0.58212, -0.81310, 0.00000, 0.00000, 0.81310, 0.58212, 0.00000, 0.00000, 0.00000, 0.00000, 1.00000, 0.00000, 7.52000, 28.50000, 0.00000, 1.00000, seed = 123, },
			},
			["era_a_garden_sunshade.grp"] = {
				{ -0.69466, -0.71934, 0.00000, 0.00000, 0.71934, -0.69466, 0.00000, 0.00000, -0.00000, 0.00000, 1.00000, 0.00000, -4.94938, 20.69991, -0.00000, 1.00000, seed = 123, },
			},
			["random_large_tree_town.grp"] = {
				{ -0.05234, -0.99863, 0.00000, 0.00000, 0.99863, -0.05234, 0.00000, 0.00000, 0.00000, 0.00000, 1.00000, 0.00000, 10.22000, 29.17000, 0.00000, 1.00000, },
				{ 0.47767, 0.41524, 0.00000, 0.00000, -0.41524, 0.47767, 0.00000, 0.00000, 0.00000, 0.00000, 0.63292, 0.00000, 6.84000, 30.35000, 0.00000, 1.00000, },
				{ -0.56917, 0.40749, 0.00000, 0.00000, -0.40749, -0.56917, 0.00000, 0.00000, 0.00000, 0.00000, 0.70000, 0.00000, 6.84000, 26.40000, 0.00000, 1.00000, },
			},
			["random_medium_tree_town.grp"] = {
				{ 0.30902, 0.95106, 0.00000, 0.00000, -0.95106, 0.30902, -0.00000, 0.00000, -0.00000, -0.00000, 1.00000, 0.00000, -7.19000, 29.56000, 0.00000, 1.00000, },
				{ 0.49018, 0.75480, 0.00000, 0.00000, -0.75480, 0.49018, -0.00000, 0.00000, -0.00000, -0.00000, 0.90000, 0.00000, -1.40000, 28.05000, 0.00000, 1.00000, },
				{ -0.53715, -0.54470, 0.00000, 0.00000, 0.54470, -0.53715, -0.00000, 0.00000, 0.00000, 0.00000, 0.76500, 0.00000, 3.20000, 24.05000, 0.00000, 1.00000, },
				{ 0.44606, 0.68687, 0.00000, 0.00000, -0.68687, 0.44606, -0.00000, 0.00000, -0.00000, -0.00000, 0.81900, 0.00000, -4.85000, 28.95000, 0.00000, 1.00000, },
			},
			["random_shrub_town.grp"] = {
				{ 0.58646, -0.80997, 0.00000, 0.00000, 0.80997, 0.58646, 0.00000, 0.00000, 0.00000, 0.00000, 1.00000, 0.00000, 5.91956, 2.03564, 0.00000, 1.00000, },
				{ 0.15805, 0.98743, 0.00000, 0.00000, -0.98743, 0.15805, 0.00000, 0.00000, 0.00000, -0.00000, 1.00000, 0.00000, 10.01956, 1.68564, 0.00000, 1.00000, },
				{ 0.88696, 0.46185, 0.00000, 0.00000, -0.46185, 0.88696, 0.00000, 0.00000, 0.00000, 0.00000, 1.00000, 0.00000, 8.26956, 1.76564, 0.00000, 1.00000, },
				{ -0.69474, 0.71926, 0.00000, 0.00000, -0.71926, -0.69474, 0.00000, 0.00000, 0.00000, 0.00000, 1.00000, 0.00000, 6.58956, 1.48564, 0.00000, 1.00000, },
				{ 0.63750, 0.77045, 0.00000, 0.00000, -0.77045, 0.63750, 0.00000, 0.00000, 0.00000, 0.00000, 1.00000, 0.00000, -7.26403, 2.48564, 0.00000, 1.00000, },
				{ 0.53550, 0.64718, 0.00000, 0.00000, -0.64718, 0.53550, 0.00000, 0.00000, 0.00000, 0.00000, 0.84000, 0.00000, 6.79597, 21.17564, 0.00000, 1.00000, },
				{ -0.72593, -0.68777, 0.00000, 0.00000, 0.68777, -0.72593, 0.00000, 0.00000, 0.00000, 0.00000, 1.00000, 0.00000, -8.65262, 2.38152, 0.00000, 1.00000, },
				{ -0.60978, -0.57773, 0.00000, 0.00000, 0.57773, -0.60978, 0.00000, 0.00000, 0.00000, 0.00000, 0.84000, 0.00000, 4.45738, 19.92152, 0.00000, 1.00000, },
				{ 0.64518, -0.76403, 0.00000, 0.00000, 0.76403, 0.64518, 0.00000, 0.00000, 0.00000, 0.00000, 1.00000, 0.00000, -7.96044, 1.53564, 0.00000, 1.00000, },
				{ 0.54195, -0.64179, 0.00000, 0.00000, 0.64179, 0.54195, 0.00000, 0.00000, 0.00000, 0.00000, 0.84000, 0.00000, 6.09956, 20.22564, 0.00000, 1.00000, },
				{ 0.58162, 0.60606, 0.00000, 0.00000, -0.60606, 0.58162, 0.00000, 0.00000, 0.00000, 0.00000, 0.84000, 0.00000, 4.94956, 21.57564, 0.00000, 1.00000, },
				{ -0.14792, 0.98900, 0.00000, 0.00000, -0.98900, -0.14792, 0.00000, 0.00000, 0.00000, 0.00000, 1.00000, 0.00000, 8.08956, 2.39564, 0.00000, 1.00000, },
			},
			["random_shrub_town_fence.grp"] = {
				{ 0.00491, 0.99999, 0.00000, 0.00000, -0.99999, 0.00491, 0.00000, 0.00000, 0.00000, 0.00000, 1.00000, 0.00000, 8.39168, 16.65000, 0.00000, 1.00000, },
				{ 0.55631, -0.83098, 0.00000, 0.00000, 0.83098, 0.55631, 0.00000, 0.00000, 0.00000, 0.00000, 1.00000, 0.00000, 6.64168, 16.65000, 0.00000, 1.00000, },
				{ -0.87451, 0.48501, 0.00000, 0.00000, -0.48501, -0.87451, 0.00000, 0.00000, 0.00000, 0.00000, 1.00000, 0.00000, 4.59168, 16.65000, 0.00000, 1.00000, },
				{ -0.85157, 0.52424, 0.00000, 0.00000, -0.52424, -0.85157, 0.00000, 0.00000, 0.00000, 0.00000, 1.00000, 0.00000, 2.64168, 16.65000, 0.00000, 1.00000, },
				{ 0.64755, 0.76203, 0.00000, 0.00000, -0.76203, 0.64755, -0.00000, 0.00000, -0.00000, 0.00000, 1.00000, 0.00000, 10.54167, 16.80000, 0.00000, 1.00000, },
				{ -0.76203, 0.64755, -0.00000, 0.00000, -0.64755, -0.76203, 0.00000, 0.00000, -0.00000, 0.00000, 1.00000, 0.00000, 10.54167, 15.30000, 0.00000, 1.00000, },
				{ -0.76203, 0.64755, -0.00000, 0.00000, -0.64755, -0.76203, 0.00000, 0.00000, -0.00000, 0.00000, 1.00000, 0.00000, 10.54167, 24.25000, 0.00000, 1.00000, },
				{ -0.64755, -0.76203, -0.00000, 0.00000, 0.76203, -0.64755, 0.00000, 0.00000, -0.00000, 0.00000, 1.00000, 0.00000, 10.54167, 13.80000, 0.00000, 1.00000, },
				{ -0.64755, -0.76203, -0.00000, 0.00000, 0.76203, -0.64755, 0.00000, 0.00000, -0.00000, 0.00000, 1.00000, 0.00000, 10.54167, 22.75000, 0.00000, 1.00000, },
				{ 0.76203, -0.64755, 0.00000, 0.00000, 0.64755, 0.76203, -0.00000, 0.00000, 0.00000, 0.00000, 1.00000, 0.00000, 10.54167, 12.30000, 0.00000, 1.00000, },
				{ 0.76203, -0.64755, 0.00000, 0.00000, 0.64755, 0.76203, -0.00000, 0.00000, 0.00000, 0.00000, 1.00000, 0.00000, 10.54167, 21.25000, 0.00000, 1.00000, },
				{ 0.64755, 0.76203, 0.00000, 0.00000, -0.76203, 0.64755, -0.00000, 0.00000, -0.00000, 0.00000, 1.00000, 0.00000, 10.54167, 10.80000, 0.00000, 1.00000, },
				{ 0.64755, 0.76203, 0.00000, 0.00000, -0.76203, 0.64755, -0.00000, 0.00000, -0.00000, 0.00000, 1.00000, 0.00000, 10.54167, 19.75000, 0.00000, 1.00000, },
				{ -0.76203, 0.64755, -0.00000, 0.00000, -0.64755, -0.76203, 0.00000, 0.00000, -0.00000, 0.00000, 1.00000, 0.00000, 10.54167, 9.30000, 0.00000, 1.00000, },
				{ -0.76203, 0.64755, -0.00000, 0.00000, -0.64755, -0.76203, 0.00000, 0.00000, -0.00000, 0.00000, 1.00000, 0.00000, 10.54167, 18.25000, 0.00000, 1.00000, },
				{ -0.64755, -0.76202, -0.00000, 0.00000, 0.76202, -0.64755, 0.00000, 0.00000, -0.00000, 0.00000, 1.00000, 0.00000, 10.54167, 7.80000, 0.00000, 1.00000, },
				{ 0.76202, -0.64755, 0.00000, 0.00000, 0.64755, 0.76202, -0.00000, 0.00000, 0.00000, 0.00000, 1.00000, 0.00000, 10.54167, 6.30000, 0.00000, 1.00000, },
				{ 0.64755, 0.76202, 0.00000, 0.00000, -0.76202, 0.64755, -0.00000, 0.00000, -0.00000, 0.00000, 1.00000, 0.00000, 10.54167, 4.80000, 0.00000, 1.00000, },
			},
		},
	},
}
--End Generated

function data()
	return townbuildingutil.make_building2(
		{ { -4.60, -0.10 }, { 4.60, -0.10 }, { 4.60, 9.10 }, { -4.60, 9.10 } },
		"RESIDENTIAL", 
		"A", 
		1,
		{ 3, 4 },
		generatedData,
		"construction/building/era_a/res_1_3x4_03.gtex"
	)
end
