local townbuildingutil = require "townbuildingutil"

--Model file: "building/era_a/res_1_3x3_01.mdl"

--Begin Generated
local generatedData = {
	["base"] = {
		models = {
			["building/era_a/res_1_3x3_01.mdl"] = {
				{ 1.00000, 0.00000, 0.00000, 0.00000, 0.00000, 1.00000, 0.00000, 0.00000, 0.00000, 0.00000, 1.00000, 0.00000, 0.00000, 0.00000, 0.00000, 1.00000, },
			},
		},
		curves = {
			["scaffold"] = {
				{ { 0.11768, 3.06398, 0.00000 }, { 0.11768, 3.06398, 0.00000 }, { 0.11768, 4.39996, 0.00000 }, { 0.11768, 4.39996, 0.00000 }, { 0.11768, 4.39996, 0.00000 }, { 3.90314, 4.39996, 0.00000 }, { 3.90314, 4.39996, 0.00000 }, { 3.90314, 4.39996, 0.00000 }, { 3.90314, 7.18494, 0.00000 }, { 3.90314, 7.18494, 0.00000 }, { 3.90314, 7.18494, 0.00000 }, { 5.18839, 7.18494, 0.00000 }, { 5.18839, 7.18494, 0.00000 }, { 5.18839, 7.18494, 0.00000 }, { 5.18166, 12.75875, 0.00000 }, { 5.18166, 12.75875, 0.00000 }, { 5.18166, 12.75875, 0.00000 }, { 3.90314, 12.75875, 0.00000 }, { 3.90314, 12.75875, 0.00000 }, { 3.90314, 12.75875, 0.00000 }, { 3.90314, 13.79710, 0.00000 }, { 3.90314, 13.79710, 0.00000 }, { 3.90314, 13.79710, 0.00000 }, { -5.23769, 13.80213, 0.00000 }, { -5.23770, 13.80213, 0.00000 }, { -5.23770, 13.80212, 0.00000 }, { -5.23770, 4.39996, 0.00000 }, { -5.23770, 4.39996, 0.00000 }, { -5.23770, 4.39996, 0.00000 }, { -2.93311, 4.39996, 0.00000 }, { -2.93311, 4.39996, 0.00000 }, { -2.93311, 4.39996, 0.00000 }, { -2.93311, 3.06396, 0.00000 }, { -2.93311, 3.06396, 0.00000 }, },
			},
			["shared/asphalt_01.gtex.lua;shared/dirt.gtex.lua"] = {
				{ { 4.54736, 0.00000, 0.00000 }, { 4.54736, 0.00000, 0.00000 }, { 4.54736, 3.79834, 0.00000 }, { 4.54736, 3.79834, 0.00000 }, { 4.54736, 3.79834, 0.00000 }, { 4.54736, 6.58496, 0.00000 }, { 4.54736, 6.58496, 0.00000 }, { 4.54736, 6.58496, 0.00000 }, { 5.72574, 6.58496, 0.00000 }, { 5.72574, 6.58496, 0.00000 }, { 5.72574, 6.58496, 0.00000 }, { 5.72574, 13.36524, 0.00000 }, { 5.72574, 13.36524, 0.00000 }, { 5.72574, 13.36524, 0.00000 }, { 4.54736, 13.36524, 0.00000 }, { 4.54736, 13.36524, 0.00000 }, { 4.54736, 13.36524, 0.00000 }, { 4.54736, 14.40210, 0.00000 }, { 4.54736, 14.40210, 0.00000 }, { 4.54736, 14.40210, 0.00000 }, { -5.87549, 14.40210, 0.00000 }, { -5.87549, 14.40210, 0.00000 }, { -5.87549, 14.40210, 0.00000 }, { -5.87549, 3.79834, 0.00000 }, { -5.87549, 3.79834, 0.00000 }, { -5.87549, 3.79834, 0.00000 }, { -5.87549, 0.00000, 0.00000 }, { -5.87549, 0.00000, 0.00000 }, },
			},
			["shared/grass_cutted_01.gtex.lua"] = {
				{ { 12.00000, 0.00000, 0.00000 }, { 12.00000, 0.00000, 0.00000 }, { 12.00000, 23.99999, 0.00000 }, { 12.00000, 24.00000, 0.00000 }, { 12.00000, 24.00000, 0.00000 }, { 0.00000, 24.00000, 0.00000 }, { 0.00000, 24.00000, 0.00000 }, { 0.00000, 24.00000, 0.00000 }, { 0.00000, 17.00000, 0.00000 }, { 0.00000, 17.00000, 0.00000 }, { 0.00000, 17.00000, 0.00000 }, { 8.00000, 17.00000, 0.00000 }, { 8.00000, 17.00000, 0.00000 }, { 8.00000, 17.00000, 0.00000 }, { 8.00000, 9.00000, 0.00000 }, { 8.00000, 9.00000, 0.00000 }, { 8.00000, 9.00000, 0.00000 }, { 7.79999, 6.55000, 0.00000 }, { 7.79999, 6.55000, 0.00000 }, { 7.79999, 6.55000, 0.00000 }, { 6.55000, 4.35000, 0.00000 }, { 6.55000, 4.35000, 0.00000 }, { 6.55000, 4.35000, 0.00000 }, { 4.54736, 3.79834, 0.00000 }, { 4.54736, 3.79834, 0.00000 }, { 4.54736, 3.79834, 0.00000 }, { 4.54736, 0.00000, 0.00000 }, { 4.54736, 0.00000, 0.00000 }, },
				{ { -5.87549, 0.00000, 0.00000 }, { -5.87549, 0.00000, 0.00000 }, { -5.87549, 14.40210, 0.00000 }, { -5.87549, 14.40210, 0.00000 }, { -5.87549, 14.40210, 0.00000 }, { -9.00000, 14.40210, 0.00000 }, { -9.00000, 14.40210, 0.00000 }, { -9.00000, 14.40210, 0.00000 }, { -9.00000, 24.00000, 0.00000 }, { -9.00000, 24.00000, 0.00000 }, { -9.00000, 24.00000, 0.00000 }, { -12.00000, 24.00000, 0.00000 }, { -12.00000, 24.00000, 0.00000 }, { -12.00000, 23.99999, 0.00000 }, { -12.00000, 0.00000, 0.00000 }, { -12.00000, 0.00000, 0.00000 }, },
			},
			["shared/gravel_02.gtex.lua;shared/border2.gtex.lua"] = {
				{ { 4.54736, 3.79834, 0.00000 }, { 4.54736, 3.79834, 0.00000 }, { 6.55000, 4.35000, 0.00000 }, { 6.55000, 4.35000, 0.00000 }, { 6.55000, 4.35000, 0.00000 }, { 7.79999, 6.55000, 0.00000 }, { 7.79999, 6.55000, 0.00000 }, { 7.79999, 6.55000, 0.00000 }, { 8.00000, 9.00000, 0.00000 }, { 8.00000, 9.00000, 0.00000 }, { 8.00000, 9.00000, 0.00000 }, { 8.00000, 17.00000, 0.00000 }, { 8.00000, 17.00000, 0.00000 }, { 8.00000, 17.00000, 0.00000 }, { 0.00000, 17.00000, 0.00000 }, { 0.00000, 17.00000, 0.00000 }, { 0.00000, 17.00000, 0.00000 }, { 0.00000, 24.00000, 0.00000 }, { 0.00000, 24.00000, 0.00000 }, { 0.00000, 24.00000, 0.00000 }, { -9.00000, 24.00000, 0.00000 }, { -9.00000, 24.00000, 0.00000 }, { -9.00000, 24.00000, 0.00000 }, { -9.00000, 14.40210, 0.00000 }, { -9.00000, 14.40210, 0.00000 }, { -9.00000, 14.40210, 0.00000 }, { -5.87549, 14.40210, 0.00000 }, { -5.87549, 14.40210, 0.00000 }, { -5.87549, 14.40210, 0.00000 }, { 4.54736, 14.40210, 0.00000 }, { 4.54736, 14.40210, 0.00000 }, { 4.54736, 14.40210, 0.00000 }, { 4.54736, 13.36524, 0.00000 }, { 4.54736, 13.36524, 0.00000 }, { 4.54736, 13.36524, 0.00000 }, { 5.72574, 13.36524, 0.00000 }, { 5.72574, 13.36524, 0.00000 }, { 5.72574, 13.36523, 0.00000 }, { 5.72574, 6.58496, 0.00000 }, { 5.72574, 6.58496, 0.00000 }, { 5.72574, 6.58496, 0.00000 }, { 4.54736, 6.58496, 0.00000 }, { 4.54736, 6.58496, 0.00000 }, },
			},
		},
	},
	["layout_1"] = {
		models = {
			["asset/vegetation/hedge_m.mdl"] = {
				{ -1.00000, 0.00000, 0.00000, 0.00000, -0.00000, -1.00000, 0.00000, 0.00000, 0.00000, 0.00000, 1.00000, 0.00000, 11.43000, 0.91667, -0.20000, 1.00000, },
				{ -0.00000, -1.00000, 0.00000, 0.00000, 1.00000, -0.00000, -0.00000, 0.00000, 0.00000, -0.00000, 1.00000, 0.00000, 7.17000, 0.50000, -0.20000, 1.00000, },
				{ -0.00000, -1.00000, 0.00000, 0.00000, 1.00000, -0.00000, -0.00000, 0.00000, 0.00000, -0.00000, 1.00000, 0.00000, -8.34000, 0.50000, -0.20000, 1.00000, },
				{ -0.00000, 1.00000, 0.00000, 0.00000, -1.00000, -0.00000, -0.00000, 0.00000, -0.00000, -0.00000, 1.00000, 0.00000, 9.99000, 0.50000, -0.20000, 1.00000, },
				{ 1.00000, 0.00000, 0.00000, 0.00000, -0.00000, 1.00000, -0.00000, 0.00000, -0.00000, -0.00000, 1.00000, 0.00000, 11.43000, 2.53667, -0.20000, 1.00000, },
				{ -0.00000, 1.00000, 0.00000, 0.00000, -1.00000, -0.00000, -0.00000, 0.00000, -0.00000, -0.00000, 1.00000, 0.00000, 5.60000, 0.50000, -0.20000, 1.00000, },
				{ -0.00000, 1.00000, 0.00000, 0.00000, -1.00000, -0.00000, -0.00000, 0.00000, -0.00000, -0.00000, 1.00000, 0.00000, -9.87000, 0.50000, -0.20000, 1.00000, },
				{ -0.00000, -1.00000, 0.00000, 0.00000, 1.00000, -0.00000, -0.00000, 0.00000, 0.00000, -0.00000, 1.00000, 0.00000, 8.63000, 0.50000, -0.20000, 1.00000, },
				{ -0.00000, -1.00000, 0.00000, 0.00000, 1.00000, -0.00000, -0.00000, 0.00000, 0.00000, -0.00000, 1.00000, 0.00000, -6.70000, 0.50000, -0.20000, 1.00000, },
				{ -1.00000, 0.00000, 0.00000, 0.00000, -0.00000, -1.00000, 0.00000, 0.00000, 0.00000, 0.00000, 1.00000, 0.00000, 11.43000, 3.89667, -0.20000, 1.00000, },
				{ -0.00000, -1.00000, 0.00000, 0.00000, 1.00000, -0.00000, -0.00000, 0.00000, 0.00000, -0.00000, 1.00000, 0.00000, -11.16000, 0.50000, -0.20000, 1.00000, },
			},
		},
		groups = {
			["era_a_com_1_asset_ground_table.grp"] = {
				{ -0.24192, -0.97030, 0.00000, 0.00000, 0.97030, -0.24192, 0.00000, 0.00000, 0.00000, 0.00000, 1.00000, 0.00000, -3.58000, 18.52000, 0.00000, 1.00000, seed = 123, },
			},
			["era_a_garden_chair.grp"] = {
				{ 0.66913, 0.74314, 0.00000, 0.00000, -0.74314, 0.66913, 0.00000, 0.00000, 0.00000, 0.00000, 1.00000, 0.00000, 5.74482, 15.63203, 0.00000, 1.00000, seed = 123, },
				{ -0.86777, -0.49697, -0.00000, 0.00000, 0.49697, -0.86777, 0.00000, 0.00000, -0.00000, 0.00000, 1.00000, 0.00000, 6.65279, 14.62691, 0.00000, 1.00000, seed = 123, },
				{ 0.71203, -0.70215, -0.00000, 0.00000, 0.70215, 0.71203, 0.00000, 0.00000, -0.00000, -0.00000, 1.00000, 0.00000, 6.74239, 15.71106, 0.00000, 1.00000, seed = 123, ignore = { 2, 50 }, },
				{ -0.71203, 0.70215, 0.00000, 0.00000, -0.70215, -0.71203, 0.00000, 0.00000, 0.00000, -0.00000, 1.00000, 0.00000, 5.69417, 14.65032, 0.00000, 1.00000, seed = 123, ignore = { 3, 50 }, },
			},
			["era_a_garden_ladder.grp"] = {
				{ -0.19081, -0.98163, 0.00000, 0.00000, 0.98163, -0.19081, 0.00000, 0.00000, 0.00000, 0.00000, 1.00000, 0.00000, -10.02000, 8.99000, 0.00000, 1.00000, seed = 123, },
			},
			["era_a_garden_sunshade.grp"] = {
				{ -0.01396, -0.99990, 0.00000, 0.00000, 0.99990, -0.01396, 0.00000, 0.00000, -0.00000, 0.00000, 1.00000, 0.00000, -3.58000, 18.52000, 0.00000, 1.00000, seed = 123, },
			},
			["garden_table_round.grp"] = {
				{ 0.68962, 0.72417, 0.00000, 0.00000, -0.72417, 0.68962, 0.00000, 0.00000, 0.00000, 0.00000, 1.00000, 0.00000, 6.26000, 15.19000, 0.00000, 1.00000, seed = 123, },
			},
			["random_large_tree_town.grp"] = {
				{ 0.75000, 0.00000, 0.00000, 0.00000, 0.00000, 0.75000, 0.00000, 0.00000, 0.00000, 0.00000, 0.75000, 0.00000, 10.43000, 22.04000, 0.00000, 1.00000, },
				{ -0.44862, 0.20920, 0.00000, 0.00000, -0.20920, -0.44862, 0.00000, 0.00000, 0.00000, 0.00000, 0.49500, 0.00000, 6.25000, 20.75000, 0.00000, 1.00000, },
				{ -0.72505, 0.33809, 0.00000, 0.00000, -0.33809, -0.72505, 0.00000, 0.00000, 0.00000, 0.00000, 0.80000, 0.00000, -9.96000, 21.09000, 0.00000, 1.00000, },
			},
			["random_medium_tree_town.grp"] = {
				{ -0.89586, 0.08626, 0.00000, 0.00000, -0.08626, -0.89586, -0.00000, 0.00000, 0.00000, -0.00000, 0.90000, 0.00000, 10.05000, 10.80000, 0.00000, 1.00000, },
				{ 0.41431, 0.62596, 0.00000, 0.00000, -0.62596, 0.41431, -0.00000, 0.00000, -0.00000, -0.00000, 0.75065, 0.00000, 9.25000, 18.40000, 0.00000, 1.00000, },
				{ 0.19568, -0.66059, 0.00000, 0.00000, 0.66059, 0.19568, -0.00000, 0.00000, 0.00000, 0.00000, 0.68896, 0.00000, -9.90000, 7.55000, 0.00000, 1.00000, },
				{ -0.35946, -0.71470, 0.00000, 0.00000, 0.71470, -0.35946, -0.00000, 0.00000, 0.00000, 0.00000, 0.80000, 0.00000, -9.10000, 12.20000, 0.00000, 1.00000, },
			},
			["random_shrub_town.grp"] = {
				{ -0.71617, -0.43898, 0.00000, 0.00000, 0.43898, -0.71617, 0.00000, 0.00000, 0.00000, 0.00000, 0.84000, 0.00000, 1.32956, 19.56564, 0.00000, 1.00000, },
				{ 0.27200, 0.79474, 0.00000, 0.00000, -0.79474, 0.27200, 0.00000, 0.00000, 0.00000, 0.00000, 0.84000, 0.00000, 1.32956, 21.30564, 0.00000, 1.00000, },
				{ -0.72382, 0.42625, 0.00000, 0.00000, -0.42625, -0.72382, 0.00000, 0.00000, 0.00000, 0.00000, 0.84000, 0.00000, 1.50956, 17.96564, 0.00000, 1.00000, },
				{ 0.17474, -0.82162, 0.00000, 0.00000, 0.82162, 0.17474, 0.00000, 0.00000, 0.00000, 0.00000, 0.84000, 0.00000, 4.90956, 17.96564, 0.00000, 1.00000, },
				{ 0.80544, -0.23848, 0.00000, 0.00000, 0.23848, 0.80544, 0.00000, 0.00000, 0.00000, 0.00000, 0.84000, 0.00000, 3.12956, 17.96564, 0.00000, 1.00000, },
				{ -0.61540, 0.57174, 0.00000, 0.00000, -0.57174, -0.61540, 0.00000, 0.00000, 0.00000, 0.00000, 0.84000, 0.00000, 6.68956, 17.96564, 0.00000, 1.00000, },
				{ -0.71617, -0.43898, 0.00000, 0.00000, 0.43898, -0.71617, 0.00000, 0.00000, 0.00000, 0.00000, 0.84000, 0.00000, 7.49956, 2.82564, 0.00000, 1.00000, },
				{ -0.28601, 0.78981, 0.00000, 0.00000, -0.78981, -0.28601, 0.00000, 0.00000, 0.00000, -0.00000, 0.84000, 0.00000, -9.26632, 4.21348, 0.00000, 1.00000, },
				{ 0.01329, -0.83989, 0.00000, 0.00000, 0.83989, 0.01329, 0.00000, 0.00000, 0.00000, 0.00000, 0.84000, 0.00000, 8.84956, 2.82564, 0.00000, 1.00000, },
				{ 0.81064, -0.22015, 0.00000, 0.00000, 0.22015, 0.81064, 0.00000, 0.00000, -0.00000, 0.00000, 0.84000, 0.00000, -9.53777, 2.89105, 0.00000, 1.00000, },
				{ 0.74505, 0.38795, 0.00000, 0.00000, -0.38795, 0.74505, 0.00000, 0.00000, 0.00000, 0.00000, 0.84000, 0.00000, 8.49956, 4.22564, 0.00000, 1.00000, },
				{ 0.23022, -0.80784, -0.00000, 0.00000, 0.80784, 0.23022, -0.00000, 0.00000, 0.00000, -0.00000, 0.84000, 0.00000, -8.09599, 2.95239, -0.00000, 1.00000, },
				{ -0.59076, -0.59716, 0.00000, 0.00000, 0.59716, -0.59076, 0.00000, 0.00000, 0.00000, 0.00000, 0.84000, 0.00000, 3.58956, 21.46564, 0.00000, 1.00000, },
				{ 0.49501, -0.67865, 0.00000, 0.00000, 0.67865, 0.49501, 0.00000, 0.00000, 0.00000, 0.00000, 0.84000, 0.00000, 3.14956, 19.90564, 0.00000, 1.00000, },
			},
			["random_shrub_town_fence.grp"] = {
				{ -0.50366, 0.86390, 0.00000, 0.00000, -0.86390, -0.50366, 0.00000, 0.00000, 0.00000, 0.00000, 1.00000, 0.00000, -11.30000, 18.70000, 0.00000, 1.00000, },
				{ -0.99798, -0.06346, 0.00000, 0.00000, 0.06346, -0.99798, 0.00000, 0.00000, 0.00000, 0.00000, 1.00000, 0.00000, -11.30000, 20.20000, 0.00000, 1.00000, },
				{ -0.99639, 0.08493, 0.00000, 0.00000, -0.08493, -0.99639, 0.00000, 0.00000, 0.00000, 0.00000, 1.00000, 0.00000, -11.30832, 15.15000, 0.00000, 1.00000, },
				{ -0.99639, 0.08493, 0.00000, 0.00000, -0.08493, -0.99639, 0.00000, 0.00000, 0.00000, 0.00000, 1.00000, 0.00000, -11.30832, 23.10000, 0.00000, 1.00000, },
				{ 0.99856, -0.05359, 0.00000, 0.00000, 0.05359, 0.99856, 0.00000, 0.00000, 0.00000, 0.00000, 1.00000, 0.00000, -9.70832, 23.10000, 0.00000, 1.00000, },
				{ -0.63142, -0.77544, 0.00000, 0.00000, 0.77544, -0.63142, 0.00000, 0.00000, 0.00000, 0.00000, 1.00000, 0.00000, -11.39832, 21.55000, 0.00000, 1.00000, },
				{ 0.22287, 0.97485, 0.00000, 0.00000, -0.97485, 0.22287, 0.00000, 0.00000, 0.00000, 0.00000, 1.00000, 0.00000, -11.18000, 17.25000, 0.00000, 1.00000, },
				{ -0.87374, 0.48639, -0.00000, 0.00000, -0.48639, -0.87374, 0.00000, 0.00000, -0.00000, 0.00000, 1.00000, 0.00000, -11.19000, 16.18000, 0.00000, 1.00000, },
				{ 0.05359, 0.99856, 0.00000, 0.00000, -0.99856, 0.05359, 0.00000, 0.00000, 0.00000, 0.00000, 1.00000, 0.00000, -8.70831, 23.10000, 0.00000, 1.00000, },
				{ -0.99856, 0.05359, -0.00000, 0.00000, -0.05359, -0.99856, 0.00000, 0.00000, -0.00000, 0.00000, 1.00000, 0.00000, -7.70831, 23.10000, 0.00000, 1.00000, },
				{ -0.05359, -0.99856, -0.00000, 0.00000, 0.99856, -0.05359, 0.00000, 0.00000, -0.00000, 0.00000, 1.00000, 0.00000, -6.70831, 23.10000, 0.00000, 1.00000, },
				{ 0.99856, -0.05359, 0.00000, 0.00000, 0.05359, 0.99856, 0.00000, 0.00000, 0.00000, 0.00000, 1.00000, 0.00000, -5.70831, 23.10000, 0.00000, 1.00000, },
				{ 0.05359, 0.99856, 0.00000, 0.00000, -0.99856, 0.05359, 0.00000, 0.00000, 0.00000, 0.00000, 1.00000, 0.00000, -4.70831, 23.10000, 0.00000, 1.00000, },
				{ -0.99856, 0.05359, -0.00000, 0.00000, -0.05359, -0.99856, 0.00000, 0.00000, -0.00000, 0.00000, 1.00000, 0.00000, -3.70831, 23.10000, 0.00000, 1.00000, },
				{ -0.05359, -0.99856, -0.00000, 0.00000, 0.99856, -0.05359, 0.00000, 0.00000, -0.00000, 0.00000, 1.00000, 0.00000, -2.70831, 23.10000, 0.00000, 1.00000, },
				{ 0.99856, -0.05359, 0.00000, 0.00000, 0.05359, 0.99856, 0.00000, 0.00000, 0.00000, 0.00000, 1.00000, 0.00000, -1.70831, 23.10000, 0.00000, 1.00000, },
				{ 0.05359, 0.99856, 0.00000, 0.00000, -0.99856, 0.05359, 0.00000, 0.00000, 0.00000, 0.00000, 1.00000, 0.00000, -0.70831, 23.10000, 0.00000, 1.00000, },
				{ -0.99856, 0.05359, -0.00000, 0.00000, -0.05359, -0.99856, 0.00000, 0.00000, -0.00000, 0.00000, 1.00000, 0.00000, 0.29169, 23.10000, 0.00000, 1.00000, },
				{ -0.05359, -0.99856, -0.00000, 0.00000, 0.99856, -0.05359, 0.00000, 0.00000, -0.00000, 0.00000, 1.00000, 0.00000, 1.29169, 23.10000, 0.00000, 1.00000, },
				{ 0.99856, -0.05359, 0.00000, 0.00000, 0.05359, 0.99856, 0.00000, 0.00000, 0.00000, 0.00000, 1.00000, 0.00000, 2.89169, 23.10000, 0.00000, 1.00000, },
			},
		},
	},
}
--End Generated

function data()
	return townbuildingutil.make_building2(
		{ { -4.60, -0.10 }, { 4.60, -0.10 }, { 4.60, 9.10 }, { -4.60, 9.10 } },
		"RESIDENTIAL", 
		"A", 
		1,
		{ 3, 3 },
		generatedData,
		"construction/building/era_a/res_1_3x3_01.gtex"
	)
end
