local townbuildingutil = require "townbuildingutil"

--Model file: "building/era_a/res_2_4x4_02.mdl"

--Begin Generated
local generatedData = {
	["base"] = {
		models = {
			["building/era_a/res_2_4x4_02.mdl"] = {
				{ 1.00000, 0.00000, 0.00000, 0.00000, 0.00000, 1.00000, 0.00000, 0.00000, 0.00000, 0.00000, 1.00000, 0.00000, -0.16000, -1.00000, 0.00000, 1.00000, },
			},
		},
		curves = {
			["scaffold"] = {
				{ { 6.67346, 4.97585, 0.00000 }, { 6.67346, 4.97585, 0.00000 }, { 6.67346, 6.02319, 0.00000 }, { 6.67346, 6.02319, 0.00000 }, { 6.67349, 6.02319, 0.00000 }, { 12.20624, 6.02318, 0.00000 }, { 12.20624, 6.02318, 0.00000 }, { 12.20624, 6.02319, 0.00000 }, { 12.20624, 18.48121, 0.00000 }, { 12.20624, 18.48121, 0.00000 }, { 12.20624, 18.48121, 0.00000 }, { -12.18491, 18.48122, 0.00000 }, { -12.18491, 18.48122, 0.00000 }, { -12.18491, 18.48122, 0.00000 }, { -12.18491, 6.02319, 0.00000 }, { -12.18491, 6.02319, 0.00000 }, { -12.18491, 6.02319, 0.00000 }, { -6.72055, 6.02319, 0.00000 }, { -6.72055, 6.02319, 0.00000 }, { -6.72055, 6.02319, 0.00000 }, { -6.72055, 4.98131, 0.00000 }, { -6.72055, 4.98131, 0.00000 }, { -6.72055, 4.98131, 0.00000 }, { -4.00278, 4.98131, 0.00000 }, { -4.00278, 4.98131, 0.00000 }, { -4.00278, 4.98131, 0.00000 }, { -4.00278, 6.02319, 0.00000 }, { -4.00278, 6.02319, 0.00000 }, { -4.00278, 6.02319, 0.00000 }, { 3.95572, 6.02319, 0.00000 }, { 3.95572, 6.02319, 0.00000 }, { 3.95572, 6.02319, 0.00000 }, { 3.95572, 4.98130, 0.00000 }, { 3.95572, 4.98130, 0.00000 }, },
			},
			["shared/asphalt_01.gtex.lua;shared/dirt.gtex.lua"] = {
				{ { 4.00000, 18.00000, 0.00000 }, { 4.00000, 18.00000, 0.00000 }, { 4.00000, 25.00000, 0.00000 }, { 4.00000, 25.00000, 0.00000 }, { 4.00000, 25.00000, 0.00000 }, { 12.00000, 25.00000, 0.00000 }, { 12.00000, 25.00000, 0.00000 }, { 12.00000, 25.00000, 0.00000 }, { 12.00000, 29.00000, 0.00000 }, { 12.00000, 29.00000, 0.00000 }, { 12.00000, 29.00000, 0.00000 }, { -12.00000, 29.00000, 0.00000 }, { -12.00000, 29.00000, 0.00000 }, { -12.00000, 29.00000, 0.00000 }, { -12.00000, 25.00000, 0.00000 }, { -12.00000, 25.00000, 0.00000 }, { -12.00000, 25.00000, 0.00000 }, { -4.00000, 25.00000, 0.00000 }, { -4.00000, 25.00000, 0.00000 }, { -4.00000, 25.00000, 0.00000 }, { -4.00000, 18.00000, 0.00000 }, { -4.00000, 18.00000, 0.00000 }, },
				{ { 6.57339, 0.00000, 0.00000 }, { 6.57339, 0.00000, 0.00000 }, { 6.57339, 1.00000, 0.00000 }, { 6.57339, 1.00000, 0.00000 }, { 6.57339, 1.00000, 0.00000 }, { -6.62069, 1.00000, 0.00000 }, { -6.62070, 1.00000, 0.00000 }, { -6.62070, 1.00000, 0.00000 }, { -6.62070, 0.00000, 0.00000 }, { -6.62070, 0.00000, 0.00000 }, },
				{ { 16.00000, 0.00000, 0.00000 }, { 16.00000, 0.00000, 0.00000 }, { 16.00000, 18.00000, 0.00000 }, { 16.00000, 18.00000, 0.00000 }, { 16.00000, 18.00000, 0.00000 }, { 12.00000, 18.00000, 0.00000 }, { 12.00000, 18.00000, 0.00000 }, { 12.00000, 18.00000, 0.00000 }, { 12.00000, 18.00000, 0.00000 }, { 12.00000, 18.00000, 0.00000 }, { 12.00000, 18.00000, 0.00000 }, { -12.00000, 18.00000, 0.00000 }, { -12.00000, 18.00000, 0.00000 }, { -12.00000, 18.00000, 0.00000 }, { -12.00000, 18.00000, 0.00000 }, { -12.00000, 18.00000, 0.00000 }, { -12.00000, 18.00000, 0.00000 }, { -16.00000, 18.00000, 0.00000 }, { -16.00000, 18.00000, 0.00000 }, { -16.00000, 18.00000, 0.00000 }, { -16.00000, 0.00000, 0.00000 }, { -16.00000, 0.00000, 0.00000 }, { -16.00000, 0.00000, 0.00000 }, { -6.62070, 0.00000, 0.00000 }, { -6.62070, 0.00000, 0.00000 }, { -6.62070, 0.00000, 0.00000 }, { -6.62070, 4.00000, 0.00000 }, { -6.62070, 4.00000, 0.00000 }, { -6.62070, 4.00000, 0.00000 }, { 6.57339, 4.00000, 0.00000 }, { 6.57339, 4.00000, 0.00000 }, { 6.57339, 4.00000, 0.00000 }, { 6.57339, 0.00000, 0.00000 }, { 6.57339, 0.00000, 0.00000 }, },
				{ { 6.57339, 1.00000, 0.00000 }, { 6.57339, 1.00000, 0.00000 }, { 6.57339, 4.00000, 0.00000 }, { 6.57339, 4.00000, 0.00000 }, { 6.57339, 4.00000, 0.00000 }, { -6.62070, 4.00000, 0.00000 }, { -6.62070, 4.00000, 0.00000 }, { -6.62070, 4.00000, 0.00000 }, { -6.62070, 1.00000, 0.00000 }, { -6.62070, 1.00000, 0.00000 }, },
			},
			["shared/grass_cutted_01.gtex.lua"] = {
				{ { 16.00000, 25.00000, 0.00000 }, { 16.00000, 25.00000, 0.00000 }, { 16.00000, 32.00000, 0.00000 }, { 16.00000, 32.00000, 0.00000 }, { 15.99999, 32.00000, 0.00000 }, { -15.99999, 32.00000, 0.00000 }, { -16.00000, 32.00000, 0.00000 }, { -16.00000, 32.00000, 0.00000 }, { -16.00000, 25.00000, 0.00000 }, { -16.00000, 25.00000, 0.00000 }, { -16.00000, 25.00000, 0.00000 }, { -12.00000, 25.00000, 0.00000 }, { -12.00000, 25.00000, 0.00000 }, { -12.00000, 25.00000, 0.00000 }, { -12.00000, 29.00000, 0.00000 }, { -12.00000, 29.00000, 0.00000 }, { -12.00000, 29.00000, 0.00000 }, { 12.00000, 29.00000, 0.00000 }, { 12.00000, 29.00000, 0.00000 }, { 12.00000, 29.00000, 0.00000 }, { 12.00000, 25.00000, 0.00000 }, { 12.00000, 25.00000, 0.00000 }, },
				{ { 6.57339, 1.00000, 0.00000 }, { 6.57339, 1.00000, 0.00000 }, { 6.57339, 4.00000, 0.00000 }, { 6.57339, 4.00000, 0.00000 }, { 6.57339, 4.00000, 0.00000 }, { -6.62069, 4.00000, 0.00000 }, { -6.62070, 4.00000, 0.00000 }, { -6.62070, 4.00000, 0.00000 }, { -6.62070, 1.00000, 0.00000 }, { -6.62070, 1.00000, 0.00000 }, },
				{ { 16.00000, 18.00000, 0.00000 }, { 16.00000, 18.00000, 0.00000 }, { 16.00000, 25.00000, 0.00000 }, { 16.00000, 25.00000, 0.00000 }, { 16.00000, 25.00000, 0.00000 }, { 4.00000, 25.00000, 0.00000 }, { 4.00000, 25.00000, 0.00000 }, { 4.00000, 25.00000, 0.00000 }, { 4.00000, 18.00000, 0.00000 }, { 4.00000, 18.00000, 0.00000 }, },
				{ { -4.00000, 18.00000, 0.00000 }, { -4.00000, 18.00000, 0.00000 }, { -4.00000, 25.00000, 0.00000 }, { -4.00000, 25.00000, 0.00000 }, { -4.00000, 25.00000, 0.00000 }, { -16.00000, 25.00000, 0.00000 }, { -16.00000, 25.00000, 0.00000 }, { -16.00000, 25.00000, 0.00000 }, { -16.00000, 18.00000, 0.00000 }, { -16.00000, 18.00000, 0.00000 }, },
			},
		},
	},
	["layout_1"] = {
		groups = {
			["random_large_tree_town.grp"] = {
				{ 1.00000, 0.00000, 0.00000, 0.00000, 0.00000, 1.00000, 0.00000, 0.00000, 0.00000, 0.00000, 1.00000, 0.00000, -8.35000, 30.80000, 0.00000, 1.00000, },
				{ -0.57399, -0.54280, 0.00000, 0.00000, 0.54280, -0.57399, 0.00000, 0.00000, 0.00000, 0.00000, 0.79000, 0.00000, -4.35000, 30.10000, 0.00000, 1.00000, },
				{ -0.15516, 0.92721, 0.00000, 0.00000, -0.92721, -0.15516, 0.00000, 0.00000, 0.00000, 0.00000, 0.94010, 0.00000, 9.00000, 30.25000, 0.00000, 1.00000, },
				{ 0.74835, 0.52205, 0.00000, 0.00000, -0.52205, 0.74835, 0.00000, 0.00000, 0.00000, 0.00000, 0.91245, 0.00000, 0.95000, 31.20000, 0.00000, 1.00000, },
			},
			["random_medium_tree_town.grp"] = {
				{ -0.37036, -0.82026, 0.00000, 0.00000, 0.82026, -0.37036, -0.00000, 0.00000, 0.00000, 0.00000, 0.90000, 0.00000, 9.90000, 22.36000, 0.00000, 1.00000, },
				{ -0.57247, 0.69446, 0.00000, 0.00000, -0.69446, -0.57247, -0.00000, 0.00000, -0.00000, -0.00000, 0.90000, 0.00000, -9.90000, 22.36000, 0.00000, 1.00000, },
			},
			["random_shrub_town.grp"] = {
				{ -0.32381, -0.94612, 0.00000, 0.00000, 0.94612, -0.32381, 0.00000, 0.00000, 0.00000, 0.00000, 1.00000, 0.00000, 5.06485, 23.05894, 0.00000, 1.00000, },
				{ -0.97990, -0.19948, 0.00000, 0.00000, 0.19948, -0.97990, 0.00000, 0.00000, 0.00000, 0.00000, 1.00000, 0.00000, 5.06485, 19.19894, 0.00000, 1.00000, },
				{ -0.97280, 0.23164, 0.00000, 0.00000, -0.23164, -0.97280, -0.00000, 0.00000, 0.00000, -0.00000, 1.00000, 0.00000, 5.24807, 24.36984, 0.00000, 1.00000, },
				{ -0.97280, 0.23164, 0.00000, 0.00000, -0.23164, -0.97280, -0.00000, 0.00000, 0.00000, -0.00000, 1.00000, 0.00000, 5.24807, 20.50984, 0.00000, 1.00000, },
				{ -0.64002, -0.76836, 0.00000, 0.00000, 0.76836, -0.64002, -0.00000, 0.00000, 0.00000, 0.00000, 1.00000, 0.00000, 5.04577, 21.91814, 0.00000, 1.00000, },
				{ -0.32381, -0.94612, 0.00000, 0.00000, 0.94612, -0.32381, 0.00000, 0.00000, 0.00000, 0.00000, 1.00000, 0.00000, 14.06485, 23.05894, 0.00000, 1.00000, },
				{ -0.97990, -0.19948, 0.00000, 0.00000, 0.19948, -0.97990, 0.00000, 0.00000, 0.00000, 0.00000, 1.00000, 0.00000, 14.06485, 19.19894, 0.00000, 1.00000, },
				{ -0.97280, 0.23164, 0.00000, 0.00000, -0.23164, -0.97280, -0.00000, 0.00000, 0.00000, -0.00000, 1.00000, 0.00000, 14.24807, 24.36984, 0.00000, 1.00000, },
				{ -0.97280, 0.23164, 0.00000, 0.00000, -0.23164, -0.97280, -0.00000, 0.00000, 0.00000, -0.00000, 1.00000, 0.00000, 14.24807, 30.31984, 0.00000, 1.00000, },
				{ -0.97280, 0.23164, 0.00000, 0.00000, -0.23164, -0.97280, -0.00000, 0.00000, 0.00000, -0.00000, 1.00000, 0.00000, 14.24807, 20.50984, 0.00000, 1.00000, },
				{ -0.64002, -0.76836, 0.00000, 0.00000, 0.76836, -0.64002, -0.00000, 0.00000, 0.00000, 0.00000, 1.00000, 0.00000, 14.04577, 26.21814, 0.00000, 1.00000, },
				{ -0.64002, -0.76836, 0.00000, 0.00000, 0.76836, -0.64002, -0.00000, 0.00000, 0.00000, 0.00000, 1.00000, 0.00000, 14.04577, 21.91814, 0.00000, 1.00000, },
				{ -0.26481, 0.96430, 0.00000, 0.00000, -0.96430, -0.26481, 0.00000, 0.00000, 0.00000, 0.00000, 1.00000, 0.00000, 14.03956, 28.03564, 0.00000, 1.00000, },
				{ 0.73083, -0.68256, 0.00000, 0.00000, 0.68256, 0.73083, 0.00000, 0.00000, 0.00000, 0.00000, 1.00000, 0.00000, -14.31044, 28.03564, 0.00000, 1.00000, },
				{ -0.32381, -0.94612, 0.00000, 0.00000, 0.94612, -0.32381, 0.00000, 0.00000, 0.00000, 0.00000, 1.00000, 0.00000, -14.28515, 23.05894, 0.00000, 1.00000, },
				{ -0.97990, -0.19948, 0.00000, 0.00000, 0.19948, -0.97990, 0.00000, 0.00000, 0.00000, 0.00000, 1.00000, 0.00000, -14.28515, 19.19894, 0.00000, 1.00000, },
				{ -0.97280, 0.23164, 0.00000, 0.00000, -0.23164, -0.97280, -0.00000, 0.00000, 0.00000, -0.00000, 1.00000, 0.00000, -14.10193, 24.36984, 0.00000, 1.00000, },
				{ -0.08901, 0.99603, 0.00000, 0.00000, -0.99603, -0.08901, -0.00000, 0.00000, -0.00000, -0.00000, 1.00000, 0.00000, -14.10193, 30.31984, 0.00000, 1.00000, },
				{ -0.97280, 0.23164, 0.00000, 0.00000, -0.23164, -0.97280, -0.00000, 0.00000, 0.00000, -0.00000, 1.00000, 0.00000, -14.10193, 20.50984, 0.00000, 1.00000, },
				{ -0.64002, -0.76836, 0.00000, 0.00000, 0.76836, -0.64002, -0.00000, 0.00000, 0.00000, 0.00000, 1.00000, 0.00000, -14.30423, 26.21814, 0.00000, 1.00000, },
				{ -0.64002, -0.76836, 0.00000, 0.00000, 0.76836, -0.64002, -0.00000, 0.00000, 0.00000, 0.00000, 1.00000, 0.00000, -14.30423, 21.91814, 0.00000, 1.00000, },
				{ -0.32381, -0.94612, 0.00000, 0.00000, 0.94612, -0.32381, 0.00000, 0.00000, 0.00000, 0.00000, 1.00000, 0.00000, -4.88515, 23.05894, 0.00000, 1.00000, },
				{ -0.97990, -0.19948, 0.00000, 0.00000, 0.19948, -0.97990, 0.00000, 0.00000, 0.00000, 0.00000, 1.00000, 0.00000, -4.88515, 19.19894, 0.00000, 1.00000, },
				{ -0.97280, 0.23164, 0.00000, 0.00000, -0.23164, -0.97280, -0.00000, 0.00000, 0.00000, -0.00000, 1.00000, 0.00000, -4.70193, 24.36984, 0.00000, 1.00000, },
				{ -0.97280, 0.23164, 0.00000, 0.00000, -0.23164, -0.97280, -0.00000, 0.00000, 0.00000, -0.00000, 1.00000, 0.00000, -4.70193, 20.50984, 0.00000, 1.00000, },
				{ -0.64002, -0.76836, 0.00000, 0.00000, 0.76836, -0.64002, -0.00000, 0.00000, 0.00000, 0.00000, 1.00000, 0.00000, -4.90423, 21.91814, 0.00000, 1.00000, },
			},
			["random_shrub_town_fence.grp"] = {
				{ 0.64755, 0.76203, -0.00000, 0.00000, -0.76203, 0.64755, 0.00000, 0.00000, 0.00000, -0.00000, 1.00000, 0.00000, 6.10834, 2.50000, 0.00000, 1.00000, },
				{ 0.64755, 0.76203, -0.00000, 0.00000, -0.76203, 0.64755, 0.00000, 0.00000, 0.00000, -0.00000, 1.00000, 0.00000, -5.29166, 2.45000, 0.00000, 1.00000, },
				{ -0.76203, 0.64755, -0.00000, 0.00000, -0.64755, -0.76203, 0.00000, 0.00000, -0.00000, 0.00000, 1.00000, 0.00000, 1.25834, 2.50000, 0.00000, 1.00000, },
				{ -0.76203, 0.64755, -0.00000, 0.00000, -0.64755, -0.76203, 0.00000, 0.00000, -0.00000, 0.00000, 1.00000, 0.00000, 4.60834, 2.50000, 0.00000, 1.00000, },
				{ -0.64755, -0.76203, -0.00000, 0.00000, 0.76203, -0.64755, -0.00000, 0.00000, -0.00000, -0.00000, 1.00000, 0.00000, -0.44166, 2.50000, 0.00000, 1.00000, },
				{ -0.64755, -0.76203, -0.00000, 0.00000, 0.76203, -0.64755, -0.00000, 0.00000, -0.00000, -0.00000, 1.00000, 0.00000, 3.10834, 2.50000, 0.00000, 1.00000, },
				{ 0.76203, -0.64755, 0.00000, 0.00000, 0.64755, 0.76203, -0.00000, 0.00000, 0.00000, 0.00000, 1.00000, 0.00000, -2.24166, 2.50000, 0.00000, 1.00000, },
				{ 0.64755, 0.76203, -0.00000, 0.00000, -0.76203, 0.64755, 0.00000, 0.00000, 0.00000, -0.00000, 1.00000, 0.00000, -3.74166, 2.50000, 0.00000, 1.00000, },
			},
		},
	},
}
--End Generated

function data()
	return townbuildingutil.make_building2(
		{ { -4.60, -0.10 }, { 4.60, -0.10 }, { 4.60, 9.10 }, { -4.60, 9.10 } },
		"RESIDENTIAL", 
		"A", 
		2,
		{ 4, 4 },
		generatedData,
		"construction/building/era_a/res_2_4x4_02.gtex"
	)
end
