function data()
return {
	boundingInfo = {
		bbMax = { 25.531976699829, 4.7332949638367, 8.620285987854, },
		bbMin = { -25.179479598999, -4.7332949638367, -1.4020998477936, },
	},
	collider = {
		params = {
			halfExtents = { 25.355728149414, 4.7332949638367, 5.0111927986145, },
		},
		transf = { 1, 0, 0, 0, 0, 1, 0, 0, 0, 0, 1, 0, 0, 0, 0, 1, },
		type = "BOX",
	},
	lods = {
		{
			node = {
				children = {
					{
						materials = { "vehicle/ship/ds_schaffhausen_v2/ds_schaffhausen_special.mtl", "vehicle/ship/ds_schaffhausen_v2/ds_schaffhausen.mtl", "vehicle/ship/ds_schaffhausen_v2/ds_schaffhausen_alpha.mtl", "vehicle/ship/ds_schaffhausen_v2/ds_schaffhausen_hull.mtl", "vehicle/ship/ds_schaffhausen_v2/ds_schaffhausen_floor.mtl", },
						mesh = "vehicle/ship/ds_schaffhausen_v2/body_lod0.msh",
						name = "body",
						transf = { 1, 0, 0, 0, 0, 1, 0, 0, 0, 0, 1, 0, 0, 0, 0, 1, },
					},
					{
						children = {
							{
								materials = { "vehicle/ship/ds_schaffhausen_v2/ds_schaffhausen_glass.mtl", },
								mesh = "vehicle/ship/ds_schaffhausen_v2/glass1_frt_lod0.msh",
								name = "glass1_frt",
								transf = { 1, 0, 0, 0, 0, 1, 0, 0, 0, 0, 1, 0, 0, 0, 0, 1, },
							},
							{
								materials = { "vehicle/ship/ds_schaffhausen_v2/ds_schaffhausen_glass.mtl", },
								mesh = "vehicle/ship/ds_schaffhausen_v2/glass2_left_frt_lod0.msh",
								name = "glass2_left_frt",
								transf = { 1, 0, 0, 0, 0, 1, 0, 0, 0, 0, 1, 0, 0, 0, 0, 1, },
							},
							{
								materials = { "vehicle/ship/ds_schaffhausen_v2/ds_schaffhausen_glass.mtl", },
								mesh = "vehicle/ship/ds_schaffhausen_v2/glass2_right_frt_lod0.msh",
								name = "glass2_right_frt",
								transf = { 1, 0, 0, 0, 0, 1, 0, 0, 0, 0, 1, 0, 0, 0, 0, 1, },
							},
							{
								materials = { "vehicle/ship/ds_schaffhausen_v2/ds_schaffhausen_glass.mtl", },
								mesh = "vehicle/ship/ds_schaffhausen_v2/glass1_lft_lod0.msh",
								name = "glass1_lft",
								transf = { 1, 0, 0, 0, 0, 1, 0, 0, 0, 0, 1, 0, 0, 0, 0, 1, },
							},
							{
								materials = { "vehicle/ship/ds_schaffhausen_v2/ds_schaffhausen_glass.mtl", },
								mesh = "vehicle/ship/ds_schaffhausen_v2/glass1_rgt_lod0.msh",
								name = "glass1_rgt",
								transf = { 1, 0, 0, 0, 0, 1, 0, 0, 0, 0, 1, 0, 0, 0, 0, 1, },
							},
						},
						name = "glass_grp",
						transf = { 1, 0, 0, 0, 0, 1, 0, 0, 0, 0, 1, 0, 0, 0, 0, 1, },
					},
					{
						materials = { "vehicle/ship/ds_schaffhausen_v2/ds_schaffhausen_special.mtl", },
						mesh = "vehicle/ship/ds_schaffhausen_v2/body_windows_lod0.msh",
						name = "body_windows",
						transf = { 1, 0, 0, 0, 0, 1, 0, 0, 0, 0, 1, 0, 0, 0, 0, 1, },
					},
					{
						materials = { "vehicle/ship/ds_schaffhausen_v2/ds_schaffhausen.mtl", },
						mesh = "vehicle/ship/ds_schaffhausen_v2/w1_lod0.msh",
						name = "w1",
						transf = { 1, 0, 0, 0, 0, 1, 0, 0, 0, 0, 1, 0, 0, 0, 0.67397999763489, 1, },
					},
					{
						materials = { "vehicle/ship/ds_schaffhausen_v2/ds_schaffhausen_hull.mtl", },
						mesh = "vehicle/ship/ds_schaffhausen_v2/rudder_lod0.msh",
						name = "rudder",
						transf = { 1, 0, 0, 0, 0, 1, 0, 0, 0, 0, 1, 0, -20.706315994263, 0, 0, 1, },
					},
					{
						name = "comp_grp",
						transf = { 1, 0, 0, 0, 0, 1, 0, 0, 0, 0, 1, 0, 0, 0, 0, 1, },
					},
					{
						children = {
							{
								materials = { "vehicle/ship/ds_schaffhausen_v2/ds_schaffhausen.mtl", },
								mesh = "vehicle/ship/ds_schaffhausen_v2/seat1_lod0.msh",
								name = "seat1",
								transf = { 1, 0, 0, 0, 0, 1, 0, 0, 0, 0, 1, 0, 0, 0, 0, 1, },
							},
						},
						name = "comp1_grp",
						transf = { 1, 0, 0, 0, 0, 1, 0, 0, 0, 0, 1, 0, 0, 0, 0, 1, },
					},
					{
						children = {
							{
								materials = { "vehicle/ship/ds_schaffhausen_v2/ds_schaffhausen.mtl", },
								mesh = "vehicle/ship/ds_schaffhausen_v2/seat2_lod0.msh",
								name = "seat2",
								transf = { 1, 0, 0, 0, 0, 1, 0, 0, 0, 0, 1, 0, 0, 0, 0, 1, },
							},
						},
						name = "comp2_grp",
						transf = { 1, 0, 0, 0, 0, 1, 0, 0, 0, 0, 1, 0, 0, 0, 0, 1, },
					},
				},
				name = "RootNode",
				transf = { 1, 0, 0, 0, 0, 1, 0, 0, 0, 0, 1, 0, 0, 0, 0, 1, },
			},
			static = false,
			visibleFrom = 0,
			visibleTo = 100,
		},
		{
			node = {
				children = {
					{
						materials = { "vehicle/ship/ds_schaffhausen_v2/ds_schaffhausen_special.mtl", "vehicle/ship/ds_schaffhausen_v2/ds_schaffhausen.mtl", "vehicle/ship/ds_schaffhausen_v2/ds_schaffhausen_floor.mtl", "vehicle/ship/ds_schaffhausen_v2/ds_schaffhausen_hull.mtl", },
						mesh = "vehicle/ship/ds_schaffhausen_v2/body_lod1.msh",
						name = "body",
						transf = { 1, 0, 0, 0, 0, 1, 0, 0, 0, 0, 1, 0, 0, 0, 0, 1, },
					},
					{
						materials = { "vehicle/ship/ds_schaffhausen_v2/ds_schaffhausen.mtl", },
						mesh = "vehicle/ship/ds_schaffhausen_v2/w_lod1.msh",
						name = "w",
						transf = { 1, 0, 0, 0, 0, 1, 0, 0, 0, 0, 1, 0, 0, 0, 0.67397999763489, 1, },
					},
					{
						materials = { "vehicle/ship/ds_schaffhausen_v2/ds_schaffhausen.mtl", },
						mesh = "vehicle/ship/ds_schaffhausen_v2/rudder_lod1.msh",
						name = "rudder",
						transf = { 1, 0, 0, 0, 0, 1, 0, 0, 0, 0, 1, 0, -20.706315994263, 0, 0, 1, },
					},
				},
				name = "RootNode",
				transf = { 1, 0, 0, 0, 0, 1, 0, 0, 0, 0, 1, 0, 0, 0, 0, 1, },
			},
			static = false,
			visibleFrom = 100,
			visibleTo = 4000,
		},
	},
	metadata = {
		availability = {
			yearFrom = 1913,
			yearTo = 1985,
		},
		cost = {
			price = -1,
			priceScale = 1,
		},
		description = {
			description = _("VEHICLE_SHIP_DS_SCHAFFHAUSEN_DESCRIPTION"),
			name = _("VEHICLE_SHIP_DS_SCHAFFHAUSEN_NAME"),
		},
		emission = {
			idleEmission = -1,
			powerEmission = -1,
			speedEmission = -1,
		},
		maintenance = {
			lifespan = 36525,
			runningCostScale = 1,
			runningCosts = -1,
		},
		particleSystem = {
			emitters = {
				{
					child = 1,
					color = { 0.10176084935665, 0.10196077823639, 0.10196077823639, },
					frequency = 80,
					initialAlpha = 0.15000000596046,
					lifeTime = 18,
					position = { 4.0520000457764, 0, 8.5240001678467, },
					size01 = { 0.80000001192093, 7, },
					velocity = { -1, 0, 6, },
					velocityDampingFactor = 2.5,
				},
			},
		},
		seatProvider = {
			crewModels = { },
			drivingLicense = "WATER",
			seats = {
				{
					animation = "sitting",
					crew = false,
					forward = true,
					group = 12,
					transf = { -4.3711388286738e-08, -1, 5.3531008455944e-24, 0, 1, -4.3711388286738e-08, -2.4492937051703e-16, 0, 2.4492937051703e-16, -5.3531020288858e-24, 1, 0, 17.703332901001, -0.29499998688698, 1.1200000047684, 1, },
				},
				{
					animation = "sitting",
					crew = false,
					forward = true,
					group = 12,
					transf = { -0.27563735842705, -0.96126163005829, 3.3755841208693e-17, 0, 0.96126163005829, -0.27563735842705, -2.4018529779814e-16, 0, 2.4018529779814e-16, -3.3755844517415e-17, 1, 0, 19.483835220337, 0.99126255512238, 1.1799999475479, 1, },
				},
				{
					animation = "sitting",
					crew = false,
					forward = true,
					group = 12,
					transf = { -0.19080901145935, -0.98162716627121, 2.3367365922423e-17, 0, 0.98162716627121, -0.19080901145935, -2.4267933337177e-16, 0, 2.4267933337177e-16, -2.3367365922423e-17, 1, 0, 17.524085998535, 1.4039595127106, 1.1200000047684, 1, },
				},
				{
					animation = "sitting",
					crew = false,
					forward = true,
					group = 12,
					transf = { -0.069756478071213, -0.99756407737732, 8.5427052945996e-18, 0, 0.99756407737732, -0.069756478071213, 2.9831785408054e-19, 0, 2.9831787992994e-19, 8.5427052945996e-18, 1, 0, 15.732106208801, 1.7748892307281, 1.1000000238419, 1, },
				},
				{
					animation = "sitting",
					crew = false,
					forward = true,
					group = 12,
					transf = { -0.25881904363632, -0.96592581272125, 3.1696191261938e-17, 0, 0.96592581272125, -0.25881904363632, 4.1728825856396e-18, 0, 4.1728825856396e-18, 3.1696191261938e-17, 1, 0, 13.566182136536, 2.089727640152, 1.0299999713898, 1, },
				},
				{
					animation = "sitting",
					crew = false,
					forward = true,
					group = 12,
					transf = { -0.37460660934448, -0.92718380689621, 4.5876078664346e-17, 0, 0.92718380689621, -0.37460660934448, 8.9174057043769e-18, 0, 8.9174057043769e-18, 4.5876078664346e-17, 1, 0, 11.615243911743, 2.6360046863556, 1.0299999713898, 1, },
				},
				{
					animation = "sitting",
					crew = false,
					forward = true,
					group = 12,
					transf = { -0.20449607074261, 0.97886741161346, 2.0667249217958e-16, 0, -0.97886741161346, -0.20449607074261, 4.2273169760152e-16, 0, 4.5606196761994e-16, -1.1585798708861e-16, 1, 0, 18.567302703857, -1.2229297161102, 1.1900000572205, 1, },
				},
				{
					animation = "sitting",
					crew = false,
					forward = true,
					group = 12,
					transf = { -0.17020970582962, 0.98540782928467, 1.7202122134036e-16, 0, -0.98540782928467, -0.17020970582962, 4.2934178390321e-16, 0, 4.523564631735e-16, -9.6432920952224e-17, 1, 0, 16.614011764526, -1.5756721496582, 1.1100000143051, 1, },
				},
				{
					animation = "sitting",
					crew = false,
					forward = true,
					group = 12,
					transf = { -0.11840400099754, 0.99296551942825, 1.722460424134e-16, 0, -0.99296551942825, -0.11840400099754, 4.3385588717693e-16, 0, 4.511985691346e-16, -1.1966411640221e-16, 1, 0, 14.630207061768, -1.8195966482162, 1.1100000143051, 1, },
				},
				{
					animation = "sitting",
					crew = false,
					forward = true,
					group = 12,
					transf = { -0.27228033542633, 0.96221798658371, 1.542614550655e-16, 0, -0.96221798658371, -0.27228033542633, 4.2268365495154e-16, 0, 4.48716180264e-16, -3.3344692739584e-17, 1, 0, 12.555683135986, -2.3770477771759, 1.0700000524521, 1, },
				},
				{
					animation = "sitting",
					crew = false,
					forward = true,
					group = 12,
					transf = { 1, 3.9378772756431e-32, -8.6029027019336e-17, 0, 0, 1, 4.5773824582256e-16, 0, 8.6029027019336e-17, -4.5773824582256e-16, 1, 0, 15.339999198914, -0.63999998569489, 1.1299999952316, 1, },
				},
				{
					animation = "sitting",
					crew = false,
					forward = true,
					group = 12,
					transf = { 1, 3.9378772756431e-32, -8.6029027019336e-17, 0, 0, 1, 4.5773824582256e-16, 0, 8.6029027019336e-17, -4.5773824582256e-16, 1, 0, 14.469999313354, -0.48999997973442, 1.1299999952316, 1, },
				},
				{
					animation = "sitting",
					crew = false,
					forward = true,
					group = 12,
					transf = { 1, 3.9378772756431e-32, -8.6029027019336e-17, 0, 0, 1, 4.5773824582256e-16, 0, 8.6029027019336e-17, -4.5773824582256e-16, 1, 0, 13.659999847412, -0.54000002145767, 1.1299999952316, 1, },
				},
				{
					animation = "sitting",
					crew = false,
					forward = true,
					group = 12,
					transf = { 1, 3.9378772756431e-32, -8.6029027019336e-17, 0, 0, 1, 4.5773824582256e-16, 0, 8.6029027019336e-17, -4.5773824582256e-16, 1, 0, 12.849999427795, -0.81000000238419, 1.0800000429153, 1, },
				},
				{
					animation = "sitting",
					crew = false,
					forward = true,
					group = 12,
					transf = { 1, 3.9378772756431e-32, -8.6029027019336e-17, 0, 0, 1, 4.5773824582256e-16, 0, 8.6029027019336e-17, -4.5773824582256e-16, 1, 0, 12.059999465942, -0.89999997615814, 1.0599999427795, 1, },
				},
				{
					animation = "sitting",
					crew = false,
					forward = true,
					group = 12,
					transf = { 1, 3.9378772756431e-32, -8.6029027019336e-17, 0, 0, 1, 4.5773824582256e-16, 0, 8.6029027019336e-17, -4.5773824582256e-16, 1, 0, 11.119999885559, -0.89999997615814, 1.0499999523163, 1, },
				},
				{
					animation = "sitting",
					crew = false,
					forward = true,
					group = 12,
					transf = { 1, 3.9378772756431e-32, -8.6029027019336e-17, 0, 0, 1, 4.5773824582256e-16, 0, 8.6029027019336e-17, -4.5773824582256e-16, 1, 0, 10.389999389648, -0.95999997854233, 1.0499999523163, 1, },
				},
				{
					animation = "sitting",
					crew = false,
					forward = true,
					group = 12,
					transf = { 1, 3.9378772756431e-32, -8.6029027019336e-17, 0, 0, 1, 4.5773824582256e-16, 0, 8.6029027019336e-17, -4.5773824582256e-16, 1, 0, 15.339999198914, -0.079999998211861, 1.1299999952316, 1, },
				},
				{
					animation = "sitting",
					crew = false,
					forward = true,
					group = 12,
					transf = { 1, 3.9378772756431e-32, -8.6029027019336e-17, 0, 0, 1, 4.5773824582256e-16, 0, 8.6029027019336e-17, -4.5773824582256e-16, 1, 0, 14.469999313354, 0.070000000298023, 1.1299999952316, 1, },
				},
				{
					animation = "sitting",
					crew = false,
					forward = true,
					group = 12,
					transf = { 1, 3.9378772756431e-32, -8.6029027019336e-17, 0, 0, 1, 4.5773824582256e-16, 0, 8.6029027019336e-17, -4.5773824582256e-16, 1, 0, 13.659999847412, 0.019999999552965, 1.1299999952316, 1, },
				},
				{
					animation = "sitting",
					crew = false,
					forward = true,
					group = 12,
					transf = { 1, 3.9378772756431e-32, -8.6029027019336e-17, 0, 0, 1, 4.5773824582256e-16, 0, 8.6029027019336e-17, -4.5773824582256e-16, 1, 0, 12.849999427795, -0.25, 1.0800000429153, 1, },
				},
				{
					animation = "sitting",
					crew = false,
					forward = true,
					group = 12,
					transf = { 1, 3.9378772756431e-32, -8.6029027019336e-17, 0, 0, 1, 4.5773824582256e-16, 0, 8.6029027019336e-17, -4.5773824582256e-16, 1, 0, 12.059999465942, -0.34000000357628, 1.0599999427795, 1, },
				},
				{
					animation = "sitting",
					crew = false,
					forward = true,
					group = 12,
					transf = { 1, 3.9378772756431e-32, -8.6029027019336e-17, 0, 0, 1, 4.5773824582256e-16, 0, 8.6029027019336e-17, -4.5773824582256e-16, 1, 0, 11.119999885559, -0.34000000357628, 1.0499999523163, 1, },
				},
				{
					animation = "sitting",
					crew = false,
					forward = true,
					group = 12,
					transf = { 1, 3.9378772756431e-32, -8.6029027019336e-17, 0, 0, 1, 4.5773824582256e-16, 0, 8.6029027019336e-17, -4.5773824582256e-16, 1, 0, 10.389999389648, -0.39999997615814, 1.0499999523163, 1, },
				},
				{
					animation = "sitting",
					crew = false,
					forward = true,
					group = 12,
					transf = { 1, 3.9378772756431e-32, -8.6029027019336e-17, 0, 0, 1, 4.5773824582256e-16, 0, 8.6029027019336e-17, -4.5773824582256e-16, 1, 0, 15.339999198914, 0.54000002145767, 1.1299999952316, 1, },
				},
				{
					animation = "sitting",
					crew = false,
					forward = true,
					group = 12,
					transf = { 1, 3.9378772756431e-32, -8.6029027019336e-17, 0, 0, 1, 4.5773824582256e-16, 0, 8.6029027019336e-17, -4.5773824582256e-16, 1, 0, 14.469999313354, 0.68999999761581, 1.1299999952316, 1, },
				},
				{
					animation = "sitting",
					crew = false,
					forward = true,
					group = 12,
					transf = { 1, 3.9378772756431e-32, -8.6029027019336e-17, 0, 0, 1, 4.5773824582256e-16, 0, 8.6029027019336e-17, -4.5773824582256e-16, 1, 0, 13.659999847412, 0.63999998569489, 1.1299999952316, 1, },
				},
				{
					animation = "sitting",
					crew = false,
					forward = true,
					group = 12,
					transf = { 1, 3.9378772756431e-32, -8.6029027019336e-17, 0, 0, 1, 4.5773824582256e-16, 0, 8.6029027019336e-17, -4.5773824582256e-16, 1, 0, 12.849999427795, 0.37000000476837, 1.0800000429153, 1, },
				},
				{
					animation = "sitting",
					crew = false,
					forward = true,
					group = 12,
					transf = { 1, 3.9378772756431e-32, -8.6029027019336e-17, 0, 0, 1, 4.5773824582256e-16, 0, 8.6029027019336e-17, -4.5773824582256e-16, 1, 0, 12.849999427795, 0.9899999499321, 1.0800000429153, 1, },
				},
				{
					animation = "sitting",
					crew = false,
					forward = true,
					group = 12,
					transf = { 1, 3.9378772756431e-32, -8.6029027019336e-17, 0, 0, 1, 4.5773824582256e-16, 0, 8.6029027019336e-17, -4.5773824582256e-16, 1, 0, 12.059999465942, 0.28000000119209, 1.0599999427795, 1, },
				},
				{
					animation = "sitting",
					crew = false,
					forward = true,
					group = 12,
					transf = { 1, 3.9378772756431e-32, -8.6029027019336e-17, 0, 0, 1, 4.5773824582256e-16, 0, 8.6029027019336e-17, -4.5773824582256e-16, 1, 0, 12.059999465942, 0.89999997615814, 1.0599999427795, 1, },
				},
				{
					animation = "sitting",
					crew = false,
					forward = true,
					group = 12,
					transf = { 1, 3.9378772756431e-32, -8.6029027019336e-17, 0, 0, 1, 4.5773824582256e-16, 0, 8.6029027019336e-17, -4.5773824582256e-16, 1, 0, 11.119999885559, 0.28000000119209, 1.0499999523163, 1, },
				},
				{
					animation = "sitting",
					crew = false,
					forward = true,
					group = 12,
					transf = { 1, 3.9378772756431e-32, -8.6029027019336e-17, 0, 0, 1, 4.5773824582256e-16, 0, 8.6029027019336e-17, -4.5773824582256e-16, 1, 0, 11.119999885559, 0.89999997615814, 1.0499999523163, 1, },
				},
				{
					animation = "sitting",
					crew = false,
					forward = true,
					group = 12,
					transf = { 1, 3.9378772756431e-32, -8.6029027019336e-17, 0, 0, 1, 4.5773824582256e-16, 0, 8.6029027019336e-17, -4.5773824582256e-16, 1, 0, 10.389999389648, 0.21999999880791, 1.0499999523163, 1, },
				},
				{
					animation = "sitting",
					crew = false,
					forward = true,
					group = 12,
					transf = { 1, 3.9378772756431e-32, -8.6029027019336e-17, 0, 0, 1, 4.5773824582256e-16, 0, 8.6029027019336e-17, -4.5773824582256e-16, 1, 0, 10.389999389648, 0.83999997377396, 1.0499999523163, 1, },
				},
				{
					animation = "sitting",
					crew = false,
					forward = true,
					group = 12,
					transf = { -0.27228033542633, 0.96221798658371, 1.542614550655e-16, 0, -0.96221798658371, -0.27228033542633, 4.2268365495154e-16, 0, 4.48716180264e-16, -3.3344692739584e-17, 1, 0, 10.705683708191, -2.8870477676392, 1.0199999809265, 1, },
				},
				{
					animation = "sitting",
					crew = false,
					forward = true,
					group = 12,
					transf = { 0.25881907343864, 0.96592581272125, 1.1829179067876e-16, 0, -0.96592581272125, 0.25881907343864, -9.0768487379134e-17, 0, -1.1829179067876e-16, -9.0768480761689e-17, 1, 0, 17.703332901001, 0.39499998092651, 1.1200000047684, 1, },
				},
				{
					animation = "sitting",
					crew = false,
					forward = true,
					group = 12,
					transf = { -4.3711388286738e-08, -1, 5.3531008455944e-24, 0, 1, -4.3711388286738e-08, -2.4492937051703e-16, 0, 2.4492937051703e-16, -5.3531020288858e-24, 1, 0, 17.213331222534, -0.29499998688698, 1.1200000047684, 1, },
				},
				{
					animation = "sitting",
					crew = false,
					forward = true,
					group = 12,
					transf = { -0.27563735842705, -0.96126163005829, 3.3755841208693e-17, 0, 0.96126163005829, -0.27563735842705, -2.4018529779814e-16, 0, 2.4018529779814e-16, -3.3755844517415e-17, 1, 0, 19.012817382813, 1.1263248920441, 1.1799999475479, 1, },
				},
				{
					animation = "sitting",
					crew = false,
					forward = true,
					group = 12,
					transf = { -0.19080901145935, -0.98162716627121, 2.3367365922423e-17, 0, 0.98162716627121, -0.19080901145935, -2.4267933337177e-16, 0, 2.4267933337177e-16, -2.3367365922423e-17, 1, 0, 17.043088912964, 1.4974558353424, 1.1200000047684, 1, },
				},
				{
					animation = "sitting",
					crew = false,
					forward = true,
					group = 12,
					transf = { -0.069756478071213, -0.99756407737732, 8.5427052945996e-18, 0, 0.99756407737732, -0.069756478071213, 2.9831785408054e-19, 0, 2.9831787992994e-19, 8.5427052945996e-18, 1, 0, 15.243300437927, 1.8090697526932, 1.1000000238419, 1, },
				},
				{
					animation = "sitting",
					crew = false,
					forward = true,
					group = 12,
					transf = { -0.25881904363632, -0.96592581272125, 3.1696191261938e-17, 0, 0.96592581272125, -0.25881904363632, 4.1728825856396e-18, 0, 4.1728825856396e-18, 3.1696191261938e-17, 1, 0, 13.092879295349, 2.2165491580963, 1.0299999713898, 1, },
				},
				{
					animation = "sitting",
					crew = false,
					forward = true,
					group = 12,
					transf = { -0.37460660934448, -0.92718380689621, 4.5876078664346e-17, 0, 0.92718380689621, -0.37460660934448, 8.9174057043769e-18, 0, 8.9174057043769e-18, 4.5876078664346e-17, 1, 0, 11.141941070557, 2.7628259658813, 1.0299999713898, 1, },
				},
				{
					animation = "sitting",
					crew = false,
					forward = true,
					group = 12,
					transf = { -0.20449607074261, 0.97886741161346, 2.0667249217958e-16, 0, -0.97886741161346, -0.20449607074261, 4.2273169760152e-16, 0, 4.5606196761994e-16, -1.1585798708861e-16, 1, 0, 19.046949386597, -1.122726559639, 1.1900000572205, 1, },
				},
				{
					animation = "sitting",
					crew = false,
					forward = true,
					group = 12,
					transf = { -0.17020970582962, 0.98540782928467, 1.7202122134036e-16, 0, -0.98540782928467, -0.17020970582962, 4.2934178390321e-16, 0, 4.523564631735e-16, -9.6432920952224e-17, 1, 0, 17.09686088562, -1.4922695159912, 1.1100000143051, 1, },
				},
				{
					animation = "sitting",
					crew = false,
					forward = true,
					group = 12,
					transf = { -0.11840400099754, 0.99296551942825, 1.722460424134e-16, 0, -0.99296551942825, -0.11840400099754, 4.3385588717693e-16, 0, 4.511985691346e-16, -1.1966411640221e-16, 1, 0, 15.116760253906, -1.7615786790848, 1.1100000143051, 1, },
				},
				{
					animation = "sitting",
					crew = false,
					forward = true,
					group = 12,
					transf = { -0.27228033542633, 0.96221798658371, 1.542614550655e-16, 0, -0.96221798658371, -0.27228033542633, 4.2268365495154e-16, 0, 4.48716180264e-16, -3.3344692739584e-17, 1, 0, 13.027170181274, -2.2436304092407, 1.1100000143051, 1, },
				},
				{
					animation = "sitting",
					crew = false,
					forward = true,
					group = 12,
					transf = { -0.27228033542633, 0.96221798658371, 1.542614550655e-16, 0, -0.96221798658371, -0.27228033542633, 4.2268365495154e-16, 0, 4.48716180264e-16, -3.3344692739584e-17, 1, 0, 11.177169799805, -2.753630399704, 1.0199999809265, 1, },
				},
				{
					animation = "sitting",
					crew = false,
					forward = true,
					group = 12,
					transf = { 0.25881907343864, 0.96592581272125, 1.1829179067876e-16, 0, -0.96592581272125, 0.25881907343864, -9.0768487379134e-17, 0, -1.1829179067876e-16, -9.0768480761689e-17, 1, 0, 17.213331222534, 0.39499998092651, 1.1200000047684, 1, },
				},
				{
					animation = "sitting",
					crew = false,
					forward = true,
					group = 12,
					transf = { -4.3711388286738e-08, -1, 5.3531008455944e-24, 0, 1, -4.3711388286738e-08, -2.4492937051703e-16, 0, 2.4492937051703e-16, -5.3531020288858e-24, 1, 0, 16.683332443237, -0.29499998688698, 1.1200000047684, 1, },
				},
				{
					animation = "sitting",
					crew = false,
					forward = true,
					group = 12,
					transf = { -0.27563735842705, -0.96126163005829, 3.3755841208693e-17, 0, 0.96126163005829, -0.27563735842705, -2.4018529779814e-16, 0, 2.4018529779814e-16, -3.3755844517415e-17, 1, 0, 18.503347396851, 1.2724126577377, 1.1799999475479, 1, },
				},
				{
					animation = "sitting",
					crew = false,
					forward = true,
					group = 12,
					transf = { -0.19080901145935, -0.98162716627121, 2.3367365922423e-17, 0, 0.98162716627121, -0.19080901145935, -2.4267933337177e-16, 0, 2.4267933337177e-16, -2.3367365922423e-17, 1, 0, 16.522825241089, 1.5985845327377, 1.1200000047684, 1, },
				},
				{
					animation = "sitting",
					crew = false,
					forward = true,
					group = 12,
					transf = { -0.069756478071213, -0.99756407737732, 8.5427052945996e-18, 0, 0.99756407737732, -0.069756478071213, 2.9831785408054e-19, 0, 2.9831787992994e-19, 8.5427052945996e-18, 1, 0, 14.71459197998, 1.846040725708, 1.1000000238419, 1, },
				},
				{
					animation = "sitting",
					crew = false,
					forward = true,
					group = 12,
					transf = { -0.25881904363632, -0.96592581272125, 3.1696191261938e-17, 0, 0.96592581272125, -0.25881904363632, 4.1728825856396e-18, 0, 4.1728825856396e-18, 3.1696191261938e-17, 1, 0, 12.580938339233, 2.3537232875824, 1.0299999713898, 1, },
				},
				{
					animation = "sitting",
					crew = false,
					forward = true,
					group = 12,
					transf = { -0.37460660934448, -0.92718380689621, 4.5876078664346e-17, 0, 0.92718380689621, -0.37460660934448, 8.9174057043769e-18, 0, 8.9174057043769e-18, 4.5876078664346e-17, 1, 0, 10.630000114441, 2.8999998569489, 1.0299999713898, 1, },
				},
				{
					animation = "sitting",
					crew = false,
					forward = true,
					group = 12,
					transf = { -0.20449607074261, 0.97886741161346, 2.0667249217958e-16, 0, -0.97886741161346, -0.20449607074261, 4.2273169760152e-16, 0, 4.5606196761994e-16, -1.1585798708861e-16, 1, 0, 19.565748214722, -1.0143437385559, 1.1900000572205, 1, },
				},
				{
					animation = "sitting",
					crew = false,
					forward = true,
					group = 12,
					transf = { -0.17020970582962, 0.98540782928467, 1.7202122134036e-16, 0, -0.98540782928467, -0.17020970582962, 4.2934178390321e-16, 0, 4.523564631735e-16, -9.6432920952224e-17, 1, 0, 17.61912727356, -1.4020583629608, 1.1100000143051, 1, },
				},
				{
					animation = "sitting",
					crew = false,
					forward = true,
					group = 12,
					transf = { -0.11840400099754, 0.99296551942825, 1.722460424134e-16, 0, -0.99296551942825, -0.11840400099754, 4.3385588717693e-16, 0, 4.511985691346e-16, -1.1966411640221e-16, 1, 0, 15.643032073975, -1.6988245248795, 1.1100000143051, 1, },
				},
				{
					animation = "sitting",
					crew = false,
					forward = true,
					group = 12,
					transf = { -0.27228033542633, 0.96221798658371, 1.542614550655e-16, 0, -0.96221798658371, -0.27228033542633, 4.2268365495154e-16, 0, 4.48716180264e-16, -3.3344692739584e-17, 1, 0, 13.537145614624, -2.0993218421936, 1.1100000143051, 1, },
				},
				{
					animation = "sitting",
					crew = false,
					forward = true,
					group = 12,
					transf = { -0.27228033542633, 0.96221798658371, 1.542614550655e-16, 0, -0.96221798658371, -0.27228033542633, 4.2268365495154e-16, 0, 4.48716180264e-16, -3.3344692739584e-17, 1, 0, 11.687146186829, -2.6093218326569, 1.0199999809265, 1, },
				},
				{
					animation = "sitting",
					crew = false,
					forward = true,
					group = 12,
					transf = { 0.25881907343864, 0.96592581272125, 1.1829179067876e-16, 0, -0.96592581272125, 0.25881907343864, -9.0768487379134e-17, 0, -1.1829179067876e-16, -9.0768480761689e-17, 1, 0, 16.683332443237, 0.39499998092651, 1.1200000047684, 1, },
				},
				{
					animation = "idle",
					crew = false,
					forward = true,
					group = 12,
					transf = { 0.36974677443504, -0.92913258075714, 0, 0, 0.92913258075714, 0.36974677443504, 0, 0, 0, 0, 1, 0, 8.0699996948242, -3.1299998760223, 0.9899999499321, 1, },
				},
				{
					animation = "idle",
					crew = false,
					forward = true,
					group = 12,
					transf = { -0.12706460058689, -0.99189442396164, 1.5560918374625e-17, 0, 0.99189442396164, -0.12706460058689, -2.4393672731219e-16, 0, 2.4393672731219e-16, -1.5560933263876e-17, 1, 0, 8.9299993515015, -3.1999998092651, 0.9899999499321, 1, },
				},
				{
					animation = "idle",
					crew = false,
					forward = true,
					group = 12,
					transf = { 0.92520976066589, 0.37945595383644, 0, 0, -0.37945595383644, 0.92520976066589, 0, 0, 0, 0, 1, 0, 7.5299997329712, -2.0999999046326, 0.9899999499321, 1, },
				},
				{
					animation = "idle",
					crew = false,
					forward = true,
					group = 12,
					transf = { -0.99604099988937, 0.088894076645374, 1.2197985154044e-16, 0, -0.088894076645374, -0.99604099988937, -1.1157831341794e-16, 0, 1.1157828694816e-16, -1.2197987801022e-16, 1, 0, 8.6499996185303, -1.8299999237061, 0.9899999499321, 1, },
				},
				{
					animation = "idle",
					crew = false,
					forward = true,
					group = 12,
					transf = { 0.19594658911228, 0.98061454296112, 0, 0, -0.98061454296112, 0.19594658911228, 0, 0, 0, 0, 1, 0, 8.6499996185303, 3.2300000190735, 0.9899999499321, 1, },
				},
				{
					animation = "idle",
					crew = false,
					forward = true,
					group = 12,
					transf = { -0.038387443870306, 0.99926292896271, 4.701105235565e-18, 0, -0.99926292896271, -0.038387443870306, -9.0264946971507e-20, 0, 9.0264998670295e-20, -4.701105235565e-18, 1, 0, 8.6499996185303, 0.74000000953674, 0.9899999499321, 1, },
				},
				{
					animation = "idle",
					crew = false,
					forward = true,
					group = 12,
					transf = { 0.65077430009842, 0.75927120447159, 0, 0, -0.75927120447159, 0.65077430009842, 0, 0, 0, 0, 1, 0, 7.6999998092651, 1.0099999904633, 0.9899999499321, 1, },
				},
				{
					animation = "idle",
					crew = false,
					forward = true,
					group = 12,
					transf = { -0.95105624198914, -0.30901771783829, 1.1647080219106e-16, 0, 0.30901771783829, -0.95105624198914, -1.6030843651083e-16, 0, 1.6030843651083e-16, -1.1647080219106e-16, 1, 0, 8.9899997711182, 1.6399999856949, 0.9899999499321, 1, },
				},
				{
					animation = "idle",
					crew = false,
					forward = true,
					group = 12,
					transf = { 0.44307112693787, 0.89648640155792, 0, 0, -0.89648640155792, 0.44307112693787, 0, 0, 0, 0, 1, 0, 7.6999998092651, 3.3899998664856, 0.9899999499321, 1, },
				},
				{
					animation = "idle",
					crew = false,
					forward = true,
					group = 12,
					transf = { 0.44307112693787, 0.89648640155792, 0, 0, -0.89648640155792, 0.44307112693787, 0, 0, 0, 0, 1, 0, 20.60000038147, 0.52999997138977, 1.2799999713898, 1, },
				},
				{
					animation = "idle",
					crew = false,
					forward = true,
					group = 12,
					transf = { -0.15988108515739, 0.98713630437851, 1.957978365252e-17, 0, -0.98713630437851, -0.15988108515739, -1.5753510009465e-18, 0, 1.5753511043441e-18, -1.957978365252e-17, 1, 0, 21.229999542236, 0.20999999344349, 1.2799999713898, 1, },
				},
				{
					animation = "idle",
					crew = true,
					forward = true,
					group = 11,
					transf = { 1, 0, 0, 0, 0, 1, 0, 0, 0, 0, 1, 0, -20.789999008179, 0, 1.4299999475479, 1, },
				},
				{
					animation = "sitting",
					crew = false,
					forward = true,
					group = 14,
					transf = { 1, 0, 0, 0, 0, 1, 0, 0, 0, 0, 1, 0, -13.849999427795, 1.9399999380112, 1.0099999904633, 1, },
				},
				{
					animation = "sitting",
					crew = false,
					forward = true,
					group = 14,
					transf = { 1, 0, 0, 0, 0, 1, 0, 0, 0, 0, 1, 0, -13.849999427795, 1.4599999189377, 1.0099999904633, 1, },
				},
				{
					animation = "sitting",
					crew = false,
					forward = true,
					group = 14,
					transf = { 1, 0, 0, 0, 0, 1, 0, 0, 0, 0, 1, 0, -13.849999427795, 0.9899999499321, 1.0099999904633, 1, },
				},
				{
					animation = "sitting",
					crew = false,
					forward = true,
					group = 14,
					transf = { 1, 0, 0, 0, 0, 1, 0, 0, 0, 0, 1, 0, -13.849999427795, -0.87999999523163, 1.0099999904633, 1, },
				},
				{
					animation = "sitting",
					crew = false,
					forward = true,
					group = 14,
					transf = { 1, 0, 0, 0, 0, 1, 0, 0, 0, 0, 1, 0, -11.889999389648, -0.87999999523163, 1.0099999904633, 1, },
				},
				{
					animation = "sitting",
					crew = false,
					forward = true,
					group = 14,
					transf = { 1, 0, 0, 0, 0, 1, 0, 0, 0, 0, 1, 0, -9.9200000762939, -1.0499999523163, 1.0099999904633, 1, },
				},
				{
					animation = "sitting",
					crew = false,
					forward = true,
					group = 14,
					transf = { 1, 0, 0, 0, 0, 1, 0, 0, 0, 0, 1, 0, -7.9299998283386, -1.1200000047684, 1.0099999904633, 1, },
				},
				{
					animation = "sitting",
					crew = false,
					forward = true,
					group = 14,
					transf = { 1, 0, 0, 0, 0, 1, 0, 0, 0, 0, 1, 0, -7.9499998092651, 2.0299999713898, 1.0099999904633, 1, },
				},
				{
					animation = "sitting",
					crew = false,
					forward = true,
					group = 14,
					transf = { 1, 0, 0, 0, 0, 1, 0, 0, 0, 0, 1, 0, -9.9299993515015, 2.039999961853, 1.0099999904633, 1, },
				},
				{
					animation = "sitting",
					crew = false,
					forward = true,
					group = 14,
					transf = { 1, 0, 0, 0, 0, 1, 0, 0, 0, 0, 1, 0, -11.880000114441, 1.9299999475479, 1.0099999904633, 1, },
				},
				{
					animation = "sitting",
					crew = false,
					forward = true,
					group = 14,
					transf = { -0.96592581272125, 0.25881913304329, 1.1829179067876e-16, 0, -0.25881913304329, -0.96592581272125, -9.0768474144244e-17, 0, 9.0768474144244e-17, -1.1829179067876e-16, 1, 0, -14.539999961853, -0.87999999523163, 1.0099999904633, 1, },
				},
				{
					animation = "sitting",
					crew = false,
					forward = true,
					group = 14,
					transf = { -0.96592581272125, 0.25881913304329, 1.1829179067876e-16, 0, -0.25881913304329, -0.96592581272125, -9.0768474144244e-17, 0, 9.0768474144244e-17, -1.1829179067876e-16, 1, 0, -12.579999923706, -0.87999999523163, 1.0099999904633, 1, },
				},
				{
					animation = "sitting",
					crew = false,
					forward = true,
					group = 14,
					transf = { -0.96592581272125, 0.25881913304329, 1.1829179067876e-16, 0, -0.25881913304329, -0.96592581272125, -9.0768474144244e-17, 0, 9.0768474144244e-17, -1.1829179067876e-16, 1, 0, -10.609999656677, -1.0499999523163, 1.0099999904633, 1, },
				},
				{
					animation = "sitting",
					crew = false,
					forward = true,
					group = 14,
					transf = { -0.96592581272125, 0.25881913304329, 1.1829179067876e-16, 0, -0.25881913304329, -0.96592581272125, -9.0768474144244e-17, 0, 9.0768474144244e-17, -1.1829179067876e-16, 1, 0, -8.6199998855591, -1.1200000047684, 1.0099999904633, 1, },
				},
				{
					animation = "sitting",
					crew = false,
					forward = true,
					group = 14,
					transf = { -0.96592581272125, 0.25881913304329, 1.1829179067876e-16, 0, -0.25881913304329, -0.96592581272125, -9.0768474144244e-17, 0, 9.0768474144244e-17, -1.1829179067876e-16, 1, 0, -8.6400003433228, 2.0299999713898, 1.0099999904633, 1, },
				},
				{
					animation = "sitting",
					crew = false,
					forward = true,
					group = 14,
					transf = { -0.96592581272125, 0.25881913304329, 1.1829179067876e-16, 0, -0.25881913304329, -0.96592581272125, -9.0768474144244e-17, 0, 9.0768474144244e-17, -1.1829179067876e-16, 1, 0, -10.619999885559, 2.039999961853, 1.0099999904633, 1, },
				},
				{
					animation = "sitting",
					crew = false,
					forward = true,
					group = 14,
					transf = { -0.96592581272125, 0.25881913304329, 1.1829179067876e-16, 0, -0.25881913304329, -0.96592581272125, -9.0768474144244e-17, 0, 9.0768474144244e-17, -1.1829179067876e-16, 1, 0, -12.569999694824, 1.9299999475479, 1.0099999904633, 1, },
				},
				{
					animation = "sitting",
					crew = false,
					forward = true,
					group = 14,
					transf = { -0.96592581272125, 0.25881913304329, 1.1829179067876e-16, 0, -0.25881913304329, -0.96592581272125, -9.0768474144244e-17, 0, 9.0768474144244e-17, -1.1829179067876e-16, 1, 0, -14.539999961853, 1.7699999809265, 1.0099999904633, 1, },
				},
				{
					animation = "sitting",
					crew = false,
					forward = true,
					group = 14,
					transf = { 0.33051443099976, 0.9438009262085, 4.3107541550078e-17, 0, -0.9438009262085, 0.33051443099976, 1.4200643680083e-16, 0, 1.1977814821273e-16, -8.7620118853749e-17, 1, 0, -17.718084335327, -1.8777391910553, 1.0599999427795, 1, },
				},
				{
					animation = "sitting",
					crew = false,
					forward = true,
					group = 14,
					transf = { 0.33051443099976, 0.9438009262085, 4.3107541550078e-17, 0, -0.9438009262085, 0.33051443099976, 1.4200643680083e-16, 0, 1.1977814821273e-16, -8.7620118853749e-17, 1, 0, -15.82808303833, -1.9677393436432, 1.0499999523163, 1, },
				},
				{
					animation = "sitting",
					crew = false,
					forward = true,
					group = 14,
					transf = { 1, 0, 0, 0, 0, 1, 0, 0, 0, 0, 1, 0, -13.849999427795, -1.3700000047684, 1.0099999904633, 1, },
				},
				{
					animation = "sitting",
					crew = false,
					forward = true,
					group = 14,
					transf = { 1, 0, 0, 0, 0, 1, 0, 0, 0, 0, 1, 0, -11.889999389648, -1.3700000047684, 1.0099999904633, 1, },
				},
				{
					animation = "sitting",
					crew = false,
					forward = true,
					group = 14,
					transf = { 1, 0, 0, 0, 0, 1, 0, 0, 0, 0, 1, 0, -9.9200000762939, -1.539999961853, 1.0099999904633, 1, },
				},
				{
					animation = "sitting",
					crew = false,
					forward = true,
					group = 14,
					transf = { 1, 0, 0, 0, 0, 1, 0, 0, 0, 0, 1, 0, -7.9299998283386, -1.6100000143051, 1.0099999904633, 1, },
				},
				{
					animation = "sitting",
					crew = false,
					forward = true,
					group = 14,
					transf = { 1, 0, 0, 0, 0, 1, 0, 0, 0, 0, 1, 0, -7.9499998092651, 1.539999961853, 1.0099999904633, 1, },
				},
				{
					animation = "sitting",
					crew = false,
					forward = true,
					group = 14,
					transf = { 1, 0, 0, 0, 0, 1, 0, 0, 0, 0, 1, 0, -9.9299993515015, 1.5499999523163, 1.0099999904633, 1, },
				},
				{
					animation = "sitting",
					crew = false,
					forward = true,
					group = 14,
					transf = { 1, 0, 0, 0, 0, 1, 0, 0, 0, 0, 1, 0, -11.880000114441, 1.4399999380112, 1.0099999904633, 1, },
				},
				{
					animation = "sitting",
					crew = false,
					forward = true,
					group = 14,
					transf = { -0.96592581272125, 0.25881913304329, 1.1829179067876e-16, 0, -0.25881913304329, -0.96592581272125, -9.0768474144244e-17, 0, 9.0768474144244e-17, -1.1829179067876e-16, 1, 0, -14.539999961853, -1.3700000047684, 1.0099999904633, 1, },
				},
				{
					animation = "sitting",
					crew = false,
					forward = true,
					group = 14,
					transf = { -0.96592581272125, 0.25881913304329, 1.1829179067876e-16, 0, -0.25881913304329, -0.96592581272125, -9.0768474144244e-17, 0, 9.0768474144244e-17, -1.1829179067876e-16, 1, 0, -12.579999923706, -1.3700000047684, 1.0099999904633, 1, },
				},
				{
					animation = "sitting",
					crew = false,
					forward = true,
					group = 14,
					transf = { -0.96592581272125, 0.25881913304329, 1.1829179067876e-16, 0, -0.25881913304329, -0.96592581272125, -9.0768474144244e-17, 0, 9.0768474144244e-17, -1.1829179067876e-16, 1, 0, -10.609999656677, -1.539999961853, 1.0099999904633, 1, },
				},
				{
					animation = "sitting",
					crew = false,
					forward = true,
					group = 14,
					transf = { -0.96592581272125, 0.25881913304329, 1.1829179067876e-16, 0, -0.25881913304329, -0.96592581272125, -9.0768474144244e-17, 0, 9.0768474144244e-17, -1.1829179067876e-16, 1, 0, -8.6199998855591, -1.6100000143051, 1.0099999904633, 1, },
				},
				{
					animation = "sitting",
					crew = false,
					forward = true,
					group = 14,
					transf = { -0.96592581272125, 0.25881913304329, 1.1829179067876e-16, 0, -0.25881913304329, -0.96592581272125, -9.0768474144244e-17, 0, 9.0768474144244e-17, -1.1829179067876e-16, 1, 0, -8.6400003433228, 1.539999961853, 1.0099999904633, 1, },
				},
				{
					animation = "sitting",
					crew = false,
					forward = true,
					group = 14,
					transf = { -0.96592581272125, 0.25881913304329, 1.1829179067876e-16, 0, -0.25881913304329, -0.96592581272125, -9.0768474144244e-17, 0, 9.0768474144244e-17, -1.1829179067876e-16, 1, 0, -10.619999885559, 1.5499999523163, 1.0099999904633, 1, },
				},
				{
					animation = "sitting",
					crew = false,
					forward = true,
					group = 14,
					transf = { -0.96592581272125, 0.25881913304329, 1.1829179067876e-16, 0, -0.25881913304329, -0.96592581272125, -9.0768474144244e-17, 0, 9.0768474144244e-17, -1.1829179067876e-16, 1, 0, -12.569999694824, 1.4399999380112, 1.0099999904633, 1, },
				},
				{
					animation = "sitting",
					crew = false,
					forward = true,
					group = 14,
					transf = { -0.96592581272125, 0.25881913304329, 1.1829179067876e-16, 0, -0.25881913304329, -0.96592581272125, -9.0768474144244e-17, 0, 9.0768474144244e-17, -1.1829179067876e-16, 1, 0, -14.539999961853, 1.2799999713898, 1.0099999904633, 1, },
				},
				{
					animation = "sitting",
					crew = false,
					forward = true,
					group = 14,
					transf = { 0.33051443099976, 0.9438009262085, 4.3107541550078e-17, 0, -0.9438009262085, 0.33051443099976, 1.4200643680083e-16, 0, 1.1977814821273e-16, -8.7620118853749e-17, 1, 0, -18.206705093384, -1.8409997224808, 1.0599999427795, 1, },
				},
				{
					animation = "sitting",
					crew = false,
					forward = true,
					group = 14,
