function data()
return {
	boundingInfo = {
		bbMax = { 20.437023162842, 3.4084129333496, 12.534691810608, },
		bbMin = { -20.672895431519, -3.4012718200684, -2.5459849834442, },
	},
	collider = {
		params = {
			halfExtents = { 20.554958343506, 3.404842376709, 7.5403385162354, },
		},
		transf = { 1, 0, 0, 0, 0, 1, 0, 0, 0, 0, 1, 0, 0, 0, 0, 1, },
		type = "BOX",
	},
	lods = {
		{
			node = {
				children = {
					{
						materials = { "vehicle/ship/frontenac_v2/frontenac_walls.mtl", "vehicle/ship/frontenac_v2/frontenac_hull_white.mtl", "vehicle/ship/frontenac_v2/frontenac_strip.mtl", "vehicle/ship/frontenac_v2/frontenac_details.mtl", "vehicle/ship/frontenac_v2/frontenac_deck_exterior.mtl", "vehicle/ship/frontenac_v2/frontenac_hull_red.mtl", },
						mesh = "vehicle/ship/frontenac_v2/body_lod0.msh",
						name = "body",
						transf = { 1, 0, 0, 0, 0, 1, 0, 0, 0, 0, 1, 0, 0, 0, 0, 1, },
					},
					{
						children = {
							{
								materials = { "vehicle/ship/frontenac_v2/frontenac_glass.mtl", },
								mesh = "vehicle/ship/frontenac_v2/glass_left_frt_lod0.msh",
								name = "glass_left_frt",
								transf = { 1, 0, 0, 0, 0, 1, 0, 0, 0, 0, 1, 0, 9.4319248199463, 2.2221627235413, 1.8176205158234, 1, },
							},
							{
								materials = { "vehicle/ship/frontenac_v2/frontenac_glass.mtl", },
								mesh = "vehicle/ship/frontenac_v2/glass1_center_frt_lod0.msh",
								name = "glass1_center_frt",
								transf = { 1, 0, 0, 0, 0, 1, 0, 0, 0, 0, 1, 0, 9.4181413650513, -0.0010479986667633, 1.9979413747787, 1, },
							},
							{
								materials = { "vehicle/ship/frontenac_v2/frontenac_glass.mtl", },
								mesh = "vehicle/ship/frontenac_v2/glass2_center_frt_lod0.msh",
								name = "glass2_center_frt",
								transf = { 1, 0, 0, 0, 0, 1, 0, 0, 0, 0, 1, 0, 6.2399344444275, -0.0010479986667633, 3.8367629051208, 1, },
							},
							{
								materials = { "vehicle/ship/frontenac_v2/frontenac_glass.mtl", },
								mesh = "vehicle/ship/frontenac_v2/glass3_center_frt_lod0.msh",
								name = "glass3_center_frt",
								transf = { 1, 0, 0, 0, 0, 1, 0, 0, 0, 0, 1, 0, 7.9412937164307, -0.00096848607063293, 5.991804599762, 1, },
							},
							{
								materials = { "vehicle/ship/frontenac_v2/frontenac_glass.mtl", },
								mesh = "vehicle/ship/frontenac_v2/glass_right_frt_lod0.msh",
								name = "glass_right_frt",
								transf = { 1, 0, 0, 0, 0, 1, 0, 0, 0, 0, 1, 0, 9.4319248199463, -2.2147393226624, 1.8176194429398, 1, },
							},
							{
								materials = { "vehicle/ship/frontenac_v2/frontenac_glass.mtl", },
								mesh = "vehicle/ship/frontenac_v2/glass1_lft_lod0.msh",
								name = "glass1_lft",
								transf = { 1, 0, 0, 0, 0, 1, 0, 0, 0, 0, 1, 0, 8.4563589096069, 3.0188539028168, 1.8054490089417, 1, },
							},
							{
								materials = { "vehicle/ship/frontenac_v2/frontenac_glass.mtl", },
								mesh = "vehicle/ship/frontenac_v2/glass2_lft_lod0.msh",
								name = "glass2_lft",
								transf = { 1, 0, 0, 0, 0, 1, 0, 0, 0, 0, 1, 0, 7.2562847137451, 0.78967398405075, 5.9918041229248, 1, },
							},
							{
								materials = { "vehicle/ship/frontenac_v2/frontenac_glass.mtl", },
								mesh = "vehicle/ship/frontenac_v2/glass3_lft_lod0.msh",
								name = "glass3_lft",
								transf = { 1, 0, 0, 0, 0, 1, 0, 0, 0, 0, 1, 0, 6.4246563911438, 0.79169297218323, 5.9632973670959, 1, },
							},
							{
								materials = { "vehicle/ship/frontenac_v2/frontenac_glass.mtl", },
								mesh = "vehicle/ship/frontenac_v2/glass4_lft_lod0.msh",
								name = "glass4_lft",
								transf = { 1, 0, 0, 0, 0, 1, 0, 0, 0, 0, 1, 0, 6.4929733276367, 3.1344890594482, 1.7726485729218, 1, },
							},
							{
								materials = { "vehicle/ship/frontenac_v2/frontenac_glass.mtl", },
								mesh = "vehicle/ship/frontenac_v2/glass5_lft_lod0.msh",
								name = "glass5_lft",
								transf = { 1, 0, 0, 0, 0, 1, 0, 0, 0, 0, 1, 0, 4.602632522583, 3.2222111225128, 1.751545548439, 1, },
							},
							{
								materials = { "vehicle/ship/frontenac_v2/frontenac_glass.mtl", },
								mesh = "vehicle/ship/frontenac_v2/glass6_lft_lod0.msh",
								name = "glass6_lft",
								transf = { 1, 0, 0, 0, 0, 1, 0, 0, 0, 0, 1, 0, 2.416228055954, 3.2936639785767, 1.7404563426971, 1, },
							},
							{
								materials = { "vehicle/ship/frontenac_v2/frontenac_glass.mtl", },
								mesh = "vehicle/ship/frontenac_v2/glass7_lft_lod0.msh",
								name = "glass7_lft",
								transf = { 1, 0, 0, 0, 0, 1, 0, 0, 0, 0, 1, 0, -7.194974899292, 3.3057658672333, 1.8485534191132, 1, },
							},
							{
								materials = { "vehicle/ship/frontenac_v2/frontenac_glass.mtl", },
								mesh = "vehicle/ship/frontenac_v2/glass8_lft_lod0.msh",
								name = "glass8_lft",
								transf = { 1, 0, 0, 0, 0, 1, 0, 0, 0, 0, 1, 0, -8.6584234237671, 2.1093895435333, 1.8775750398636, 1, },
							},
							{
								materials = { "vehicle/ship/frontenac_v2/frontenac_glass.mtl", },
								mesh = "vehicle/ship/frontenac_v2/glass9_lft_lod0.msh",
								name = "glass9_lft",
								transf = { 1, 0, 0, 0, 0, 1, 0, 0, 0, 0, 1, 0, -10.402173995972, 2.0449461936951, 1.9222638607025, 1, },
							},
							{
								materials = { "vehicle/ship/frontenac_v2/frontenac_glass.mtl", },
								mesh = "vehicle/ship/frontenac_v2/glass10_lft_lod0.msh",
								name = "glass10_lft",
								transf = { 1, 0, 0, 0, 0, 1, 0, 0, 0, 0, 1, 0, -11.591918945313, 2.0229043960571, 1.9473686218262, 1, },
							},
							{
								materials = { "vehicle/ship/frontenac_v2/frontenac_glass.mtl", },
								mesh = "vehicle/ship/frontenac_v2/glass11_lft_lod0.msh",
								name = "glass11_lft",
								transf = { 1, 0, 0, 0, 0, 1, 0, 0, 0, 0, 1, 0, -12.766771316528, 1.9995394945145, 1.9733026027679, 1, },
							},
							{
								materials = { "vehicle/ship/frontenac_v2/frontenac_glass.mtl", },
								mesh = "vehicle/ship/frontenac_v2/glass12_lft_lod0.msh",
								name = "glass12_lft",
								transf = { 1, 0, 0, 0, 0, 1, 0, 0, 0, 0, 1, 0, -13.95831489563, 1.9459754228592, 2.0118691921234, 1, },
							},
							{
								materials = { "vehicle/ship/frontenac_v2/frontenac_glass.mtl", },
								mesh = "vehicle/ship/frontenac_v2/glass13_lft_lod0.msh",
								name = "glass13_lft",
								transf = { 1, 0, 0, 0, 0, 1, 0, 0, 0, 0, 1, 0, -15.140835762024, 1.8564069271088, 2.0385251045227, 1, },
							},
							{
								materials = { "vehicle/ship/frontenac_v2/frontenac_glass.mtl", },
								mesh = "vehicle/ship/frontenac_v2/glass14_lft_lod0.msh",
								name = "glass14_lft",
								transf = { 1, 0, 0, 0, 0, 1, 0, 0, 0, 0, 1, 0, -16.340068817139, 1.742688536644, 2.0655424594879, 1, },
							},
							{
								materials = { "vehicle/ship/frontenac_v2/frontenac_glass.mtl", },
								mesh = "vehicle/ship/frontenac_v2/glass15_lft_lod0.msh",
								name = "glass15_lft",
								transf = { 1, 0, 0, 0, 0, 1, 0, 0, 0, 0, 1, 0, -17.511390686035, 1.6119096279144, 2.0935015678406, 1, },
							},
							{
								materials = { "vehicle/ship/frontenac_v2/frontenac_glass.mtl", },
								mesh = "vehicle/ship/frontenac_v2/glass16_lft_lod0.msh",
								name = "glass16_lft",
								transf = { 1, 0, 0, 0, 0, 1, 0, 0, 0, 0, 1, 0, -18.658462524414, 1.3895494937897, 2.1254963874817, 1, },
							},
							{
								materials = { "vehicle/ship/frontenac_v2/frontenac_glass.mtl", },
								mesh = "vehicle/ship/frontenac_v2/glass1_rgt_lod0.msh",
								name = "glass1_rgt",
								transf = { 1, 0, 0, 0, 0, 1, 0, 0, 0, 0, 1, 0, -18.658462524414, -1.3707283735275, 2.1254959106445, 1, },
							},
							{
								materials = { "vehicle/ship/frontenac_v2/frontenac_glass.mtl", },
								mesh = "vehicle/ship/frontenac_v2/glass2_rgt_lod0.msh",
								name = "glass2_rgt",
								transf = { 1, 0, 0, 0, 0, 1, 0, 0, 0, 0, 1, 0, -17.511390686035, -1.5930869579315, 2.0935015678406, 1, },
							},
							{
								materials = { "vehicle/ship/frontenac_v2/frontenac_glass.mtl", },
								mesh = "vehicle/ship/frontenac_v2/glass3_fgt_lod0.msh",
								name = "glass3_fgt",
								transf = { 1, 0, 0, 0, 0, 1, 0, 0, 0, 0, 1, 0, -16.340068817139, -1.7310907840729, 2.0655424594879, 1, },
							},
							{
								materials = { "vehicle/ship/frontenac_v2/frontenac_glass.mtl", },
								mesh = "vehicle/ship/frontenac_v2/glass4_rgt_lod0.msh",
								name = "glass4_rgt",
								transf = { 1, 0, 0, 0, 0, 1, 0, 0, 0, 0, 1, 0, -15.140835762024, -1.8355323076248, 2.0385251045227, 1, },
							},
							{
								materials = { "vehicle/ship/frontenac_v2/frontenac_glass.mtl", },
								mesh = "vehicle/ship/frontenac_v2/glass5_rgt_lod0.msh",
								name = "glass5_rgt",
								transf = { 1, 0, 0, 0, 0, 1, 0, 0, 0, 0, 1, 0, -13.95831489563, -1.9344168901443, 2.0118689537048, 1, },
							},
							{
								materials = { "vehicle/ship/frontenac_v2/frontenac_glass.mtl", },
								mesh = "vehicle/ship/frontenac_v2/glass6_rgt_lod0.msh",
								name = "glass6_rgt",
								transf = { 1, 0, 0, 0, 0, 1, 0, 0, 0, 0, 1, 0, -12.766771316528, -1.9815664291382, 1.9733026027679, 1, },
							},
							{
								materials = { "vehicle/ship/frontenac_v2/frontenac_glass.mtl", },
								mesh = "vehicle/ship/frontenac_v2/glass7_rgt_lod0.msh",
								name = "glass7_rgt",
								transf = { 1, 0, 0, 0, 0, 1, 0, 0, 0, 0, 1, 0, -11.591918945313, -2.0049302577972, 1.9473680257797, 1, },
							},
							{
								materials = { "vehicle/ship/frontenac_v2/frontenac_glass.mtl", },
								mesh = "vehicle/ship/frontenac_v2/glass8_rgt_lod0.msh",
								name = "glass8_rgt",
								transf = { 1, 0, 0, 0, 0, 1, 0, 0, 0, 0, 1, 0, -10.402173995972, -2.026971578598, 1.9222635030746, 1, },
							},
							{
								materials = { "vehicle/ship/frontenac_v2/frontenac_glass.mtl", },
								mesh = "vehicle/ship/frontenac_v2/glass9_rgt_lod0.msh",
								name = "glass9_rgt",
								transf = { 1, 0, 0, 0, 0, 1, 0, 0, 0, 0, 1, 0, -8.6584234237671, -2.1019668579102, 1.8775744438171, 1, },
							},
							{
								materials = { "vehicle/ship/frontenac_v2/frontenac_glass.mtl", },
								mesh = "vehicle/ship/frontenac_v2/glass10_rgt_lod0.msh",
								name = "glass10_rgt",
								transf = { 1, 0, 0, 0, 0, 1, 0, 0, 0, 0, 1, 0, -7.194974899292, -3.2983446121216, 1.848552942276, 1, },
							},
							{
								materials = { "vehicle/ship/frontenac_v2/frontenac_glass.mtl", },
								mesh = "vehicle/ship/frontenac_v2/glass11_rgt_lod0.msh",
								name = "glass11_rgt",
								transf = { 1, 0, 0, 0, 0, 1, 0, 0, 0, 0, 1, 0, 2.416228055954, -3.2862422466278, 1.74045586586, 1, },
							},
							{
								materials = { "vehicle/ship/frontenac_v2/frontenac_glass.mtl", },
								mesh = "vehicle/ship/frontenac_v2/glass12_rgt_lod0.msh",
								name = "glass12_rgt",
								transf = { 1, 0, 0, 0, 0, 1, 0, 0, 0, 0, 1, 0, 4.602632522583, -3.2147896289825, 1.7515450716019, 1, },
							},
							{
								materials = { "vehicle/ship/frontenac_v2/frontenac_glass.mtl", },
								mesh = "vehicle/ship/frontenac_v2/glass13_rgt_lod0.msh",
								name = "glass13_rgt",
								transf = { 1, 0, 0, 0, 0, 1, 0, 0, 0, 0, 1, 0, 6.3027319908142, -0.78198796510696, 5.991804599762, 1, },
							},
							{
								materials = { "vehicle/ship/frontenac_v2/frontenac_glass.mtl", },
								mesh = "vehicle/ship/frontenac_v2/glass14_rgt_lod0.msh",
								name = "glass14_rgt",
								transf = { 1, 0, 0, 0, 0, 1, 0, 0, 0, 0, 1, 0, 6.4929728507996, -3.127067565918, 1.7726485729218, 1, },
							},
							{
								materials = { "vehicle/ship/frontenac_v2/frontenac_glass.mtl", },
								mesh = "vehicle/ship/frontenac_v2/glass15_rgt_lod0.msh",
								name = "glass15_rgt",
								transf = { 1, 0, 0, 0, 0, 1, 0, 0, 0, 0, 1, 0, 7.3325614929199, -0.78198796510696, 5.991804599762, 1, },
							},
							{
								materials = { "vehicle/ship/frontenac_v2/frontenac_glass.mtl", },
								mesh = "vehicle/ship/frontenac_v2/glass16_rgt_lod0.msh",
								name = "glass16_rgt",
								transf = { 1, 0, 0, 0, 0, 1, 0, 0, 0, 0, 1, 0, 8.4563589096069, -3.0114319324493, 1.805447936058, 1, },
							},
							{
								materials = { "vehicle/ship/frontenac_v2/frontenac_glass.mtl", },
								mesh = "vehicle/ship/frontenac_v2/glass_left_bck_lod0.msh",
								name = "glass_left_bck",
								transf = { 1, 0, 0, 0, 0, 1, 0, 0, 0, 0, 1, 0, -19.612487792969, 0.60382097959518, 2.1796591281891, 1, },
							},
							{
								materials = { "vehicle/ship/frontenac_v2/frontenac_glass.mtl", },
								mesh = "vehicle/ship/frontenac_v2/glass_center_bck_lod0.msh",
								name = "glass_center_bck",
								transf = { 1, 0, 0, 0, 0, 1, 0, 0, 0, 0, 1, 0, -7.3056783676147, 0.0039709955453873, 3.8739867210388, 1, },
							},
							{
								materials = { "vehicle/ship/frontenac_v2/frontenac_glass.mtl", },
								mesh = "vehicle/ship/frontenac_v2/glass_right_bck_lod0.msh",
								name = "glass_right_bck",
								transf = { 1, 0, 0, 0, 0, 1, 0, 0, 0, 0, 1, 0, -19.610443115234, -0.59034353494644, 2.1796584129333, 1, },
							},
						},
						name = "glass_grp",
						transf = { 1, 0, 0, 0, 0, 1, 0, 0, 0, 0, 1, 0, 0, 0, 0, 1, },
					},
					{
						animations = {
							drive = {
								params = {
									id = "vehicle/ship/frontenac_v2/drive/g1.ani",
								},
								type = "FILE_REF",
							},
						},
						materials = { "vehicle/ship/frontenac_v2/frontenac_details.mtl", },
						mesh = "vehicle/ship/frontenac_v2/g1_lod0.msh",
						name = "g1",
						transf = { 1, 0, 0, 0, 0, 1, 0, 0, 0, 0, 1, 0, -1.0776294469833, 0, 6.8677663803101, 1, },
					},
					{
						animations = {
							drive = {
								params = {
									id = "vehicle/ship/frontenac_v2/drive/g2.ani",
								},
								type = "FILE_REF",
							},
						},
						materials = { "vehicle/ship/frontenac_v2/frontenac_details.mtl", },
						mesh = "vehicle/ship/frontenac_v2/g2_lod0.msh",
						name = "g2",
						transf = { 1, 0, 0, 0, 0, 1, 0, 0, 0, 0, 1, 0, 0.83392649888992, 0, 6.8637180328369, 1, },
					},
					{
						animations = {
							drive = {
								params = {
									id = "vehicle/ship/frontenac_v2/drive/g3.ani",
								},
								type = "FILE_REF",
							},
						},
						materials = { "vehicle/ship/frontenac_v2/frontenac_details.mtl", },
						mesh = "vehicle/ship/frontenac_v2/g3_lod0.msh",
						name = "g3",
						transf = { 1, 0, 0, 0, 0, 1, 0, 0, 0, 0, 1, 0, -3.0005421638489, 0, 6.8637180328369, 1, },
					},
					{
						animations = {
							drive = {
								params = {
									id = "vehicle/ship/frontenac_v2/drive/g4.ani",
								},
								type = "FILE_REF",
							},
						},
						materials = { "vehicle/ship/frontenac_v2/frontenac_details.mtl", },
						mesh = "vehicle/ship/frontenac_v2/g4_lod0.msh",
						name = "g4",
						transf = { 1, 0, 0, 0, 0, 1, 0, 0, 0, 0, 1, 0, -1.7611228227615, 0, 6.8168969154358, 1, },
					},
					{
						materials = { "vehicle/ship/frontenac_v2/frontenac_details.mtl", },
						mesh = "vehicle/ship/frontenac_v2/rudder_lod0.msh",
						name = "rudder",
						transf = { 1, 0, 0, 0, 0, 1, 0, 0, 0, 0, 1, 0, -18.288354873657, 0, -0.68637597560883, 1, },
					},
					{
						materials = { "vehicle/ship/frontenac_v2/frontenac_details.mtl", },
						mesh = "vehicle/ship/frontenac_v2/w1_lod0.msh",
						name = "w1",
						transf = { 1, 8.7422776573476e-08, 1.2246468525852e-16, 0, -8.7422776573476e-08, 1, -1.2246469849341e-16, 0, -1.2246469849341e-16, 1.2246468525852e-16, 1, 0, -2.8536419868469, 0.057828024029732, 1.6531826257706, 1, },
					},
					{
						name = "comp_grp",
						transf = { 1, 0, 0, 0, 0, 1, 0, 0, 0, 0, 1, 0, 0, 0, 0, 1, },
					},
				},
				name = "RootNode",
				transf = { 1, 0, 0, 0, 0, 1, 0, 0, 0, 0, 1, 0, 0, 0, 0, 1, },
			},
			static = false,
			visibleFrom = 0,
			visibleTo = 500,
		},
		{
			node = {
				children = {
					{
						materials = { "vehicle/ship/frontenac_v2/frontenac_walls.mtl", "vehicle/ship/frontenac_v2/frontenac_hull_white.mtl", "vehicle/ship/frontenac_v2/frontenac_hull_red.mtl", "vehicle/ship/frontenac_v2/frontenac_strip.mtl", "vehicle/ship/frontenac_v2/frontenac_details.mtl", "vehicle/ship/frontenac_v2/frontenac_deck_exterior.mtl", },
						mesh = "vehicle/ship/frontenac_v2/body_lod1.msh",
						name = "body",
						transf = { 1, 0, 0, 0, 0, 1, 0, 0, 0, 0, 1, 0, 0, 0, 0, 1, },
					},
					{
						materials = { "vehicle/ship/frontenac_v2/frontenac_glass_lod.mtl", },
						mesh = "vehicle/ship/frontenac_v2/body_glass_lod1.msh",
						name = "body_glass",
						transf = { 1, 0, 0, 0, 0, 1, 0, 0, 0, 0, 1, 0, 0, 0, 0, 1, },
					},
					{
						animations = {
							drive = {
								params = {
									id = "vehicle/ship/frontenac_v2/drive/g1.ani",
								},
								type = "FILE_REF",
							},
						},
						materials = { "vehicle/ship/frontenac_v2/frontenac_details.mtl", },
						mesh = "vehicle/ship/frontenac_v2/g1_lod1.msh",
						name = "g1",
						transf = { 1, 0, 0, 0, 0, 1, 0, 0, 0, 0, 1, 0, -1.0776294469833, 0, 6.8677663803101, 1, },
					},
					{
						animations = {
							drive = {
								params = {
									id = "vehicle/ship/frontenac_v2/drive/g2.ani",
								},
								type = "FILE_REF",
							},
						},
						materials = { "vehicle/ship/frontenac_v2/frontenac_details.mtl", },
						mesh = "vehicle/ship/frontenac_v2/g2_lod1.msh",
						name = "g2",
						transf = { 1, 0, 0, 0, 0, 1, 0, 0, 0, 0, 1, 0, 0.83392643928528, 0, 6.8637180328369, 1, },
					},
					{
						animations = {
							drive = {
								params = {
									id = "vehicle/ship/frontenac_v2/drive/g3.ani",
								},
								type = "FILE_REF",
							},
						},
						materials = { "vehicle/ship/frontenac_v2/frontenac_details.mtl", },
						mesh = "vehicle/ship/frontenac_v2/g3_lod1.msh",
						name = "g3",
						transf = { 1, 0, 0, 0, 0, 1, 0, 0, 0, 0, 1, 0, -3.0005421638489, 0, 6.8637180328369, 1, },
					},
					{
						materials = { "vehicle/ship/frontenac_v2/frontenac_details.mtl", },
						mesh = "vehicle/ship/frontenac_v2/rudder_lod1.msh",
						name = "rudder",
						transf = { 1, 0, 0, 0, 0, 1, 0, 0, 0, 0, 1, 0, -18.288354873657, 0, -0.68637597560883, 1, },
					},
					{
						materials = { "vehicle/ship/frontenac_v2/frontenac_details.mtl", },
						mesh = "vehicle/ship/frontenac_v2/w1_lod1.msh",
						name = "w1",
						transf = { 1, 0, 0, 0, 0, 1, 0, 0, 0, 0, 1, 0, -2.8536419868469, 0.057828024029732, 1.6531826257706, 1, },
					},
				},
				name = "RootNode",
				transf = { 1, 0, 0, 0, 0, 1, 0, 0, 0, 0, 1, 0, 0, 0, 0, 1, },
			},
			static = false,
			visibleFrom = 500,
			visibleTo = 4750,
		},
	},
	metadata = {
		availability = {
			yearFrom = 1885,
			yearTo = 1940,
		},
		cost = {
			price = -1,
			priceScale = 1,
		},
		description = {
			description = _("VEHICLE_SHIP_FRONTENAC_DESCRIPTION"),
			name = _("VEHICLE_SHIP_FRONTENAC_NAME"),
		},
		emission = {
			idleEmission = -1,
			powerEmission = -1,
			speedEmission = -1,
		},
		maintenance = {
			lifespan = 36525,
			runningCostScale = 1,
			runningCosts = -1,
		},
		particleSystem = {
			emitters = {
				{
					child = 1,
					color = { 0.10176084935665, 0.10196077823639, 0.10196077823639, },
					frequency = 90,
					initialAlpha = 0.10000000149012,
					lifeTime = 18,
					position = { 4.5500001907349, 0, 12.470000267029, },
					size01 = { 0.80000001192093, 7, },
					velocity = { 0, 0, 8, },
					velocityDampingFactor = 2.5,
				},
			},
		},
		seatProvider = {
			crewModels = { },
			drivingLicense = "WATER",
			seats = {
				{
					animation = "idle",
					crew = true,
					forward = true,
					group = 49,
					transf = { 1, 0, 0, 0, 0, 1, 0, 0, 0, 0, 1, 0, 7.2599997520447, -0.059999998658895, 4.4800000190735, 1, },
				},
				{
					animation = "idle",
					crew = false,
					forward = true,
					group = 49,
					transf = { 0.73135364055634, 0.68199837207794, 0, 0, -0.68199837207794, 0.73135364055634, 0, 0, 0, 0, 1, 0, 18.159999847412, 0.38999998569489, 2.789999961853, 1, },
				},
				{
					animation = "idle",
					crew = false,
					forward = true,
					group = 49,
					transf = { 0.19936794042587, 0.97992467880249, 0, 0, -0.97992467880249, 0.19936794042587, 0, 0, 0, 0, 1, 0, 16.879999160767, 0.52999997138977, 2.7200000286102, 1, },
				},
				{
					animation = "idle",
					crew = false,
					forward = true,
					group = 49,
					transf = { 0.74895566701889, -0.66262006759644, -2.1172679071541e-16, 0, 0.66262006759644, 0.74895566701889, -1.0556308247323e-16, 0, 2.2852220997982e-16, -6.1232342629258e-17, 1, 0, 16.879999160767, -0.66999995708466, 2.7200000286102, 1, },
				},
				{
					animation = "idle",
					crew = false,
					forward = true,
					group = 49,
					transf = { -0.51503795385361, -0.85716724395752, -2.1172679071541e-16, 0, 0.85716724395752, -0.51503795385361, -1.0556308247323e-16, 0, -1.8562124851592e-17, -2.3585428598993e-16, 1, 0, 15.639999389648, -0.55000001192093, 2.6699998378754, 1, },
				},
				{
					animation = "idle",
					crew = false,
					forward = true,
					group = 49,
					transf = { -0.51503795385361, -0.85716724395752, -2.1172679071541e-16, 0, 0.85716724395752, -0.51503795385361, -1.0556308247323e-16, 0, -1.8562124851592e-17, -2.3585428598993e-16, 1, 0, 15.014999389648, -1.1799999475479, 0.68999999761581, 1, },
				},
				{
					animation = "idle",
					crew = false,
					forward = true,
					group = 49,
					transf = { 0.13917310535908, -0.99026799201965, -2.9179681521936e-16, 0, 0.99026799201965, 0.13917310535908, -8.0922424199018e-17, 0, 1.2074515543603e-16, -2.776948548481e-16, 1, 0, 14.89999961853, -0.55000001192093, 2.6699998378754, 1, },
				},
				{
					animation = "idle",
					crew = false,
					forward = true,
					group = 49,
					transf = { 0.13917310535908, -0.99026799201965, -2.9179681521936e-16, 0, 0.99026799201965, 0.13917310535908, -8.0922424199018e-17, 0, 1.2074515543603e-16, -2.776948548481e-16, 1, 0, 14.27499961853, -1.1799999475479, 0.68999999761581, 1, },
				},
				{
					animation = "idle",
					crew = false,
					forward = true,
					group = 49,
					transf = { 0.13917310535908, -0.99026799201965, -2.9179681521936e-16, 0, 0.99026799201965, 0.13917310535908, -8.0922424199018e-17, 0, 1.2074515543603e-16, -2.776948548481e-16, 1, 0, 10.814999580383, -1.5749999284744, 0.56999999284744, 1, },
				},
				{
					animation = "idle",
					crew = false,
					forward = true,
					group = 49,
					transf = { 0.99167114496231, -0.12879559397697, -2.9179681521936e-16, 0, 0.12879559397697, 0.99167114496231, -8.0922424199018e-17, 0, 2.9978894165362e-16, 4.2666283706673e-17, 1, 0, 10.411726951599, 0.94437116384506, 0.56999999284744, 1, },
				},
				{
					animation = "idle",
					crew = false,
					forward = true,
					group = 49,
					transf = { -0.80952960252762, 0.58707892894745, -1.7688512275151e-16, 0, -0.58707892894745, -0.80952960252762, -1.304706686224e-16, 0, -2.1979034584992e-16, -1.7743292972962e-18, 1, 0, 11.352791786194, 0.17606709897518, 0.60000002384186, 1, },
				},
				{
					animation = "idle",
					crew = false,
					forward = true,
					group = 49,
					transf = { 0.32143947482109, 0.94693005084991, -9.9138780937118e-17, 0, -0.94693005084991, 0.32143947482109, -1.9436110651926e-16, 0, -1.5217927602758e-16, 1.5635284558672e-16, 1, 0, 13.65993976593, 1.6816654205322, 0.62000000476837, 1, },
				},
				{
					animation = "idle",
					crew = false,
					forward = true,
					group = 49,
					transf = { 0.30901697278023, -0.95105648040771, -2.9179681521936e-16, 0, 0.95105648040771, 0.30901697278023, -8.0922424199018e-17, 0, 1.6713196188035e-16, -2.5250885955708e-16, 1, 0, 14.130000114441, -0.79999995231628, 2.6299998760223, 1, },
				},
				{
					animation = "idle",
					crew = false,
					forward = true,
					group = 49,
					transf = { 0.30901697278023, -0.95105648040771, -2.9179681521936e-16, 0, 0.95105648040771, 0.30901697278023, -8.0922424199018e-17, 0, 1.6713196188035e-16, -2.5250885955708e-16, 1, 0, 13.505000114441, -1.4299999475479, 0.64999997615814, 1, },
				},
				{
					animation = "idle",
					crew = false,
					forward = true,
					group = 49,
					transf = { 0.30901697278023, -0.95105648040771, -2.9179681521936e-16, 0, 0.95105648040771, 0.30901697278023, -8.0922424199018e-17, 0, 1.6713196188035e-16, -2.5250885955708e-16, 1, 0, 10.045000076294, -1.8249999284744, 0.52999997138977, 1, },
				},
				{
					animation = "idle",
					crew = false,
					forward = true,
					group = 49,
					transf = { 0.99897056818008, 0.045362990349531, -2.9179681521936e-16, 0, -0.045362990349531, 0.99897056818008, -8.0922424199018e-17, 0, 2.8782555418571e-16, 9.4075892957811e-17, 1, 0, 10.448272705078, 0.13562875986099, 0.52999997138977, 1, },
				},
				{
					animation = "idle",
					crew = false,
					forward = true,
					group = 49,
					transf = { -0.89917623996735, 0.43758663535118, -1.8723484628044e-16, 0, -0.43758663535118, -0.89917623996735, -1.4967212467815e-16, 0, -2.3385166187461e-16, -5.2650145250674e-17, 1, 0, 11.707207679749, 0.903932929039, 0.56000000238419, 1, },
				},
				{
					animation = "idle",
					crew = false,
					forward = true,
					group = 49,
					transf = { 0.15212342143059, 0.98836147785187, -1.1011732716771e-16, 0, -0.98836147785187, 0.15212342143059, -1.7605358786021e-16, 0, -1.5725314896542e-16, 1.3561761138683e-16, 1, 0, 14.46005821228, 1.5583344697952, 0.64999997615814, 1, },
				},
				{
					animation = "idle",
					crew = false,
					forward = true,
					group = 49,
					transf = { 0.15212342143059, 0.98836147785187, -1.1011732716771e-16, 0, -0.98836147785187, 0.15212342143059, -1.7605358786021e-16, 0, -1.5725314896542e-16, 1.3561761138683e-16, 1, 0, 12.590000152588, 0.76999998092651, 0.62000000476837, 1, },
				},
				{
					animation = "idle",
					crew = false,
					forward = true,
					group = 49,
					transf = { 0.15212342143059, 0.98836147785187, -1.1011732716771e-16, 0, -0.98836147785187, 0.15212342143059, -1.7605358786021e-16, 0, -1.5725314896542e-16, 1.3561761138683e-16, 1, 0, 10.140000343323, 2.3699998855591, 0.54000002145767, 1, },
				},
				{
					animation = "idle",
					crew = false,
					forward = true,
					group = 49,
					transf = { 0.99876308441162, 0.049721367657185, -1.1011732716771e-16, 0, -0.049721367657185, 0.99876308441162, -1.7605358786021e-16, 0, 1.012274980106e-16, 1.8131100224981e-16, 1, 0, 13.949999809265, 0.099999994039536, 0.62000000476837, 1, },
				},
				{
					animation = "idle",
					crew = false,
					forward = true,
					group = 49,
					transf = { 0.80229687690735, -0.59692525863647, -1.1011732716771e-16, 0, 0.59692525863647, 0.80229687690735, -1.7605358786021e-16, 0, 1.9343760237873e-16, 7.5515422467444e-17, 1, 0, 18.690000534058, -0.27000001072884, 0.87999999523163, 1, },
				},
				{
					animation = "idle",
					crew = false,
					forward = true,
					group = 49,
					transf = { 0.64077985286713, 0.76772457361221, -1.1011732716771e-16, 0, -0.76772457361221, 0.64077985286713, -1.7605358786021e-16, 0, -6.4599702258733e-17, 1.9735138428597e-16, 1, 0, 18.690000534058, 0.48999997973442, 0.87999999523163, 1, },
				},
				{
					animation = "idle",
					crew = false,
					forward = true,
					group = 49,
					transf = { 0.64077985286713, 0.76772457361221, -1.1011732716771e-16, 0, -0.76772457361221, 0.64077985286713, -1.7605358786021e-16, 0, -6.4599702258733e-17, 1.9735138428597e-16, 1, 0, 16.170000076294, 1.2799999713898, 0.72999995946884, 1, },
				},
				{
					animation = "idle",
					crew = false,
					forward = true,
					group = 49,
					transf = { 0.51578593254089, -0.8567174077034, -2.6730202528308e-16, 0, 0.8567174077034, 0.51578593254089, -3.5944412216998e-16, 0, 4.4581271013949e-16, -4.3606093231431e-17, 1, 0, 16.409999847412, -0.81999999284744, 0.74000000953674, 1, },
				},
				{
					animation = "idle",
					crew = false,
					forward = true,
					group = 49,
					transf = { 0.51578593254089, -0.8567174077034, -2.6730202528308e-16, 0, 0.8567174077034, 0.51578593254089, -3.5944412216998e-16, 0, 4.4581271013949e-16, -4.3606093231431e-17, 1, 0, 17.3899974823, 0.03999999910593, 0.81000000238419, 1, },
				},
				{
					animation = "idle",
					crew = false,
					forward = true,
					group = 49,
					transf = { -0.29153701663017, -0.9565594792366, -2.6730202528308e-16, 0, 0.9565594792366, -0.29153701663017, -3.5944412216998e-16, 0, 2.6590127101634e-16, -3.6048155224191e-16, 1, 0, -9.4099998474121, -2.7999999523163, 0.61000001430511, 1, },
				},
				{
					animation = "idle",
					crew = false,
					forward = true,
					group = 49,
					transf = { -0.29153701663017, -0.9565594792366, -2.6730202528308e-16, 0, 0.9565594792366, -0.29153701663017, -3.5944412216998e-16, 0, 2.6590127101634e-16, -3.6048155224191e-16, 1, 0, -10.670000076294, -2.75, 0.68000000715256, 1, },
				},
				{
					animation = "idle",
					crew = false,
					forward = true,
					group = 49,
					transf = { -0.29153701663017, -0.9565594792366, -2.6730202528308e-16, 0, 0.9565594792366, -0.29153701663017, -3.5944412216998e-16, 0, 2.6590127101634e-16, -3.6048155224191e-16, 1, 0, -17.299999237061, -2.2400000095367, 0.78999996185303, 1, },
				},
				{
					animation = "idle",
					crew = false,
					forward = true,
					group = 49,
					transf = { 0.20705784857273, 0.97832870483398, -2.0285243976191e-16, 0, -0.97832870483398, 0.20705784857273, -3.3247832536832e-16, 0, -2.8327087273987e-16, 2.6729863715129e-16, 1, 0, -15.989999771118, 2.5199999809265, 0.75999999046326, 1, },
				},
				{
					animation = "idle",
					crew = false,
					forward = true,
					group = 49,
					transf = { -0.53065913915634, 0.84758526086807, -2.0285243976191e-16, 0, -0.84758526086807, -0.53065913915634, -3.3247832536832e-16, 0, -3.8944923200506e-16, -4.4979360286418e-18, 1, 0, -14.579999923706, 2.6799998283386, 0.71999996900558, 1, },
				},
				{
					animation = "idle",
					crew = false,
					forward = true,
					group = 49,
					transf = { -0.29153701663017, -0.9565594792366, -2.6730202528308e-16, 0, 0.9565594792366, -0.29153701663017, -3.5944412216998e-16, 0, 2.6590127101634e-16, -3.6048155224191e-16, 1, 0, -17.299999237061, -0.6599999666214, 2.7300000190735, 1, },
				},
				{
					animation = "idle",
					crew = false,
					forward = true,
					group = 49,
					transf = { -0.1210031285882, -0.99265211820602, -2.946399077766e-16, 0, 0.99265211820602, -0.1210031285882, -4.87992039237e-16, 0, 4.4875397910927e-16, -3.5152346414064e-16, 1, 0, -18.069999694824, -0.46999999880791, 2.7599999904633, 1, },
				},
				{
					animation = "idle",
					crew = false,
					forward = true,
					group = 49,
					transf = { -0.24378418922424, 0.96982944011688, -1.3207975328949e-16, 0, -0.96982944011688, -0.24378418922424, -3.277161208504e-16, 0, -3.5002770983491e-16, 4.8202821922172e-17, 1, 0, -18.069999694824, 0.54000002145767, 2.7599999904633, 1, },
				},
				{
					animation = "idle",
					crew = false,
					forward = true,
					group = 49,
					transf = { -0.24378418922424, 0.96982944011688, -1.3207975328949e-16, 0, -0.96982944011688, -0.24378418922424, -3.277161208504e-16, 0, -3.5002770983491e-16, 4.8202821922172e-17, 1, 0, -14.609999656677, 0.81000000238419, 2.6900000572205, 1, },
				},
				{
					animation = "idle",
					crew = false,
					forward = true,
					group = 49,
					transf = { -0.24378418922424, 0.96982944011688, -1.3207975328949e-16, 0, -0.96982944011688, -0.24378418922424, -3.277161208504e-16, 0, -3.5002770983491e-16, 4.8202821922172e-17, 1, 0, -13.840000152588, 0.81000000238419, 2.6900000572205, 1, },
				},
				{
					animation = "idle",
					crew = false,
					forward = true,
					group = 49,
					transf = { -0.38445648550987, 0.9231430888176, -1.3811692768149e-16, 0, -0.9231430888176, -0.38445648550987, -4.2699597909535e-16, 0, -4.4727834183603e-16, -3.6659678601395e-17, 1, 0, -12.969999313354, 0.81000000238419, 2.6599998474121, 1, },
				},
				{
					animation = "idle",
					crew = false,
					forward = true,
					group = 49,
					transf = { 0.94240820407867, -0.33446487784386, -4.4627942529343e-16, 0, 0.33446487784386, 0.94240820407867, -6.3935280350484e-16, 0, 6.3441846601017e-16, 4.5326654713577e-16, 1, 0, -13.079999923706, -0.62999999523163, 2.6599998474121, 1, },
				},
				{
					animation = "idle",
					crew = false,
					forward = true,
					group = 49,
					transf = { 0.24970404803753, -0.96832221746445, -4.4627942529343e-16, 0, 0.96832221746445, 0.24970404803753, -6.3935280350484e-16, 0, 7.3053722376575e-16, -2.7249330492835e-16, 1, 0, -12.409999847412, -0.17000000178814, 2.6599998474121, 1, },
				},
				{
					animation = "idle",
					crew = false,
					forward = true,
					group = 49,
					transf = { -0.93445324897766, -0.35608556866646, -4.4627942529343e-16, 0, 0.35608556866646, -0.93445324897766, -6.3935280350484e-16, 0, -1.8936295038597e-16, -7.5635902316279e-16, 1, 0, -11.630000114441, -0.56999999284744, 2.6299998760223, 1, },
				},
				{
					animation = "idle",
					crew = false,
					forward = true,
					group = 49,
					transf = { -0.93445324897766, -0.35608556866646, -4.4627942529343e-16, 0, 0.35608556866646, -0.93445324897766, -6.3935280350484e-16, 0, -1.8936295038597e-16, -7.5635902316279e-16, 1, 0, -15.239999771118, -0.69999998807907, 2.7000000476837, 1, },
				},
				{
					animation = "idle",
					crew = false,
					forward = true,
					group = 49,
					transf = { -0.17948906123638, -0.98375988006592, -5.2941814428616e-16, 0, 0.98375988006592, -0.17948906123638, -8.0890132391392e-16, 0, 7.0074003404944e-16, -6.6600924799229e-16, 1, 0, -15.849999427795, -0.21999999880791, 2.7000000476837, 1, },
				},
				{
					animation = "idle",
					crew = false,
					forward = true,
					group = 49,
					transf = { -0.24378418922424, 0.96982944011688, -1.3207975328949e-16, 0, -0.96982944011688, -0.24378418922424, -3.277161208504e-16, 0, -3.5002770983491e-16, 4.8202821922172e-17, 1, 0, -9.2299995422363, 0.81000000238419, 2.5499999523163, 1, },
				},
				{
					animation = "idle",
					crew = false,
					forward = true,
					group = 49,
					transf = { -0.24378418922424, 0.96982944011688, -1.3207975328949e-16, 0, -0.96982944011688, -0.24378418922424, -3.277161208504e-16, 0, -3.5002770983491e-16, 4.8202821922172e-17, 1, 0, -7.210000038147, 0.89999997615814, 2.4900000095367, 1, },
				},
				{
					animation = "idle",
					crew = false,
					forward = true,
					group = 49,
					transf = { 0.43664473295212, 0.89963400363922, -1.3811692768149e-16, 0, -0.89963400363922, 0.43664473295212, -4.2699597909535e-16, 0, -3.2383207774055e-16, 3.1070020832191e-16, 1, 0, -8.0799999237061, 0.89999997615814, 2.5099999904633, 1, },
				},
				{
					animation = "idle",
					crew = false,
					forward = true,
					group = 49,
					transf = { 0.32738280296326, -0.94489181041718, -2.9697959806537e-16, 0, 0.94489181041718, 0.32738280296326, -5.1285690316188e-16, 0, 5.8182026108452e-16, -1.1271307286946e-16, 1, 0, -10.14824962616, -0.72009164094925, 2.5499999523163, 1, },
				},
				{
					animation = "idle",
					crew = false,
					forward = true,
					group = 49,
					transf = { 0.32738280296326, -0.94489181041718, -2.9697959806537e-16, 0, 0.94489181041718, 0.32738280296326, -5.1285690316188e-16, 0, 5.8182026108452e-16, -1.1271307286946e-16, 1, 0, -10.14824962616, -0.72009164094925, 0.60000002384186, 1, },
				},
				{
					animation = "idle",
					crew = false,
					forward = true,
					group = 49,
					transf = { -0.77723377943039, 0.62921184301376, -8.6080060754408e-17, 0, -0.62921184301376, -0.77723377943039, -4.7589349707445e-16, 0, -3.6634214673418e-16, -3.1571792562233e-16, 1, 0, -9.3221349716187, 1.4361803531647, 0.60000002384186, 1, },
				},
				{
					animation = "idle",
					crew = false,
					forward = true,
					group = 49,
					transf = { 0.94547307491302, 0.3257001042366, -2.880269627387e-16, 0, -0.3257001042366, 0.94547307491302, -5.0853968210885e-16, 0, 1.0669034435969e-16, 5.7462095748889e-16, 1, 0, 2.3499999046326, 2.4299998283386, 0.45999997854233, 1, },
				},
				{
					animation = "idle",
					crew = false,
					forward = true,
					group = 49,
					transf = { 0.017312627285719, 0.99985015392303, -2.880269627387e-16, 0, -0.99985015392303, 0.017312627285719, -5.0853968210885e-16, 0, -5.0347696618311e-16, 2.9678798333083e-16, 1, 0, 4.4299998283386, 2.2799999713898, 0.45999997854233, 1, },
				},
				{
					animation = "idle",
					crew = false,
					forward = true,
					group = 49,
					transf = { 0.017312627285719, 0.99985015392303, -2.880269627387e-16, 0, -0.99985015392303, 0.017312627285719, -5.0853968210885e-16, 0, -5.0347696618311e-16, 2.9678798333083e-16, 1, 0, 4.4000000953674, -2.4200000762939, 0.45999997854233, 1, },
				},
				{
					animation = "idle",
					crew = false,
					forward = true,
					group = 49,
					transf = { 0.56196802854538, 0.82715892791748, -2.880269627387e-16, 0, -0.82715892791748, 0.56196802854538, -5.0853968210885e-16, 0, -2.5878119147106e-16, 5.240271501538e-16, 1, 0, 2.4500000476837, -2.2799999713898, 0.45999997854233, 1, },
				},
				{
					animation = "idle",
					crew = false,
					forward = true,
					group = 49,
					transf = { -0.77723377943039, 0.62921184301376, -8.6080060754408e-17, 0, -0.62921184301376, -0.77723377943039, -4.7589349707445e-16, 0, -3.6634214673418e-16, -3.1571792562233e-16, 1, 0, -13.462134361267, 0.60618048906326, 0.70999997854233, 1, },
				},
				{
					animation = "idle",
					crew = false,
					forward = true,
					group = 49,
					transf = { -0.77723377943039, 0.62921184301376, -8.6080060754408e-17, 0, -0.62921184301376, -0.77723377943039, -4.7589349707445e-16, 0, -3.6634214673418e-16, -3.1571792562233e-16, 1, 0, -11.802134513855, -0.6638195514679, 0.68000000715256, 1, },
				},
				{
					animation = "idle",
					crew = false,
					forward = true,
					group = 49,
					transf = { 0.79913938045502, -0.60114574432373, -2.7010628667364e-16, 0, 0.60114574432373, 0.79913938045502, -6.2204553811227e-16, 0, 5.8979253518408e-16, 3.3472785958777e-16, 1, 0, -12.857799530029, -0.54910039901733, 0.68000000715256, 1, },
				},
				{
					animation = "idle",
					crew = false,
					forward = true,
					group = 49,
					transf = { 0.58056074380875, 0.8142169713974, -1.3811692768149e-16, 0, -0.8142169713974, 0.58056074380875, -4.2699597909535e-16, 0, -2.6748209919371e-16, 3.6035423260202e-16, 1, 0, -10.14999961853, 0.81000000238419, 2.5599999427795, 1, },
				},
				{
					animation = "idle",
					crew = false,
					forward = true,
					group = 49,
					transf = { -0.50738799571991, -0.86171764135361, -1.7569261947578e-16, 0, 0.86171764135361, -0.50738799571991, -6.0362410675671e-16, 0, 4.31009274139e-16, -4.5766910675824e-16, 1, 0, -9.2317504882813, -0.63990837335587, 2.5599999427795, 1, },
				},
				{
					animation = "idle",
					crew = false,
					forward = true,
					group = 49,
					transf = { -0.50738799571991, -0.86171764135361, -1.7569261947578e-16, 0, 0.86171764135361, -0.50738799571991, -6.0362410675671e-16, 0, 4.31009274139e-16, -4.5766910675824e-16, 1, 0, -9.2317504882813, -0.63990837335587, 0.61000001430511, 1, },
				},
				{
					animation = "idle",
					crew = false,
					forward = true,
					group = 49,
					transf = { -0.024571795016527, 0.99969798326492, -1.7892345459952e-16, 0, -0.99969798326492, -0.024571795016527, -3.3786876363531e-16, 0, -3.4216322067789e-16, 1.705674084004e-16, 1, 0, -10.057864189148, 0.88381946086884, 0.61000001430511, 1, },
				},
				{
					animation = "idle",
					crew = false,
					forward = true,
					group = 49,
					transf = { -0.024571795016527, 0.99969798326492, -1.7892345459952e-16, 0, -0.99969798326492, -0.024571795016527, -3.3786876363531e-16, 0, -3.4216322067789e-16, 1.705674084004e-16, 1, 0, -14.197864532471, 0.053819537162781, 0.71999996900558, 1, },
				},
				{
					animation = "idle",
					crew = false,
					forward = true,
					group = 49,
