function data()
return {
	boundingInfo = {
		bbMax = { 31.06541633606, 6.2681431770325, 14.507901191711, },
		bbMin = { -30.760021209717, -6.2679166793823, -1.8842759132385, },
	},
	collider = {
		params = {
			halfExtents = { 30.912719726563, 6.268030166626, 8.1960887908936, },
		},
		transf = { 1, 0, 0, 0, 0, 1, 0, 0, 0, 0, 1, 0, 0, 0, 0, 1, },
		type = "BOX",
	},
	lods = {
		{
			node = {
				children = {
					{
						materials = { "vehicle/ship/graf_zeppelin_v2/ship_graf_zeppelin_exterior.mtl", "vehicle/ship/graf_zeppelin_v2/ship_graf_zeppelin_deck_exterior.mtl", "vehicle/ship/graf_zeppelin_v2/ship_graf_zeppelin_strip.mtl", "vehicle/ship/graf_zeppelin_v2/ship_graf_zeppelin_interior.mtl", "vehicle/ship/graf_zeppelin_v2/ship_graf_zeppelin_interior_walls.mtl", "vehicle/ship/graf_zeppelin_v2/ship_graf_zeppelin_hull.mtl", },
						mesh = "vehicle/ship/graf_zeppelin_v2/body_lod0.msh",
						name = "body",
						transf = { 1, 0, 0, 0, 0, 1, 0, 0, 0, 0, 1, 0, 0, 0, 0, 1, },
					},
					{
						children = {
							{
								materials = { "vehicle/ship/graf_zeppelin_v2/ship_graf_zeppelin_glass.mtl", },
								mesh = "vehicle/ship/graf_zeppelin_v2/glass_left_frt_lod0.msh",
								name = "glass_left_frt",
								transf = { 1, 0, 0, 0, 0, 1, 0, 0, 0, 0, 1, 0, 19.306015014648, 2.7182464599609, 5.6805377006531, 1, },
							},
							{
								materials = { "vehicle/ship/graf_zeppelin_v2/ship_graf_zeppelin_glass.mtl", },
								mesh = "vehicle/ship/graf_zeppelin_v2/glass_center_frt_lod0.msh",
								name = "glass_center_frt",
								transf = { 1, 0, 0, 0, 0, 1, 0, 0, 0, 0, 1, 0, 19.532409667969, 0.0002480149269104, 5.6804871559143, 1, },
							},
							{
								materials = { "vehicle/ship/graf_zeppelin_v2/ship_graf_zeppelin_glass.mtl", },
								mesh = "vehicle/ship/graf_zeppelin_v2/glass_right_frt_lod0.msh",
								name = "glass_right_frt",
								transf = { 1, 0, 0, 0, 0, 1, 0, 0, 0, 0, 1, 0, 19.306015014648, -2.7177505493164, 5.6805367469788, 1, },
							},
							{
								materials = { "vehicle/ship/graf_zeppelin_v2/ship_graf_zeppelin_glass.mtl", },
								mesh = "vehicle/ship/graf_zeppelin_v2/glass1_lft_lod0.msh",
								name = "glass1_lft",
								transf = { 1, 0, 0, 0, 0, 1, 0, 0, 0, 0, 1, 0, 18.394071578979, 4.3012299537659, 5.6808567047119, 1, },
							},
							{
								materials = { "vehicle/ship/graf_zeppelin_v2/ship_graf_zeppelin_glass.mtl", },
								mesh = "vehicle/ship/graf_zeppelin_v2/glass2_lft_lod0.msh",
								name = "glass2_lft",
								transf = { 1, 0, 0, 0, 0, 1, 0, 0, 0, 0, 1, 0, 15.968244552612, 4.5002880096436, 5.6847152709961, 1, },
							},
							{
								materials = { "vehicle/ship/graf_zeppelin_v2/ship_graf_zeppelin_glass.mtl", },
								mesh = "vehicle/ship/graf_zeppelin_v2/glass3_lft_lod0.msh",
								name = "glass3_lft",
								transf = { 1, 0, 0, 0, 0, 1, 0, 0, 0, 0, 1, 0, 12.259248733521, 4.5043907165527, 5.6987442970276, 1, },
							},
							{
								materials = { "vehicle/ship/graf_zeppelin_v2/ship_graf_zeppelin_glass.mtl", },
								mesh = "vehicle/ship/graf_zeppelin_v2/glass4_lft_lod0.msh",
								name = "glass4_lft",
								transf = { 1, 0, 0, 0, 0, 1, 0, 0, 0, 0, 1, 0, 8.9792385101318, 5.1660165786743, 3.9553654193878, 1, },
							},
							{
								materials = { "vehicle/ship/graf_zeppelin_v2/ship_graf_zeppelin_glass.mtl", },
								mesh = "vehicle/ship/graf_zeppelin_v2/glass5_lft_lod0.msh",
								name = "glass5_lft",
								transf = { 1, 0, 0, 0, 0, 1, 0, 0, 0, 0, 1, 0, 7.6735320091248, 5.2706127166748, 2.5794415473938, 1, },
							},
							{
								materials = { "vehicle/ship/graf_zeppelin_v2/ship_graf_zeppelin_glass.mtl", },
								mesh = "vehicle/ship/graf_zeppelin_v2/glass6_lft_lod0.msh",
								name = "glass6_lft",
								transf = { 1, 0, 0, 0, 0, 1, 0, 0, 0, 0, 1, 0, 4.8738775253296, 5.1601133346558, 3.9552528858185, 1, },
							},
							{
								materials = { "vehicle/ship/graf_zeppelin_v2/ship_graf_zeppelin_glass.mtl", },
								mesh = "vehicle/ship/graf_zeppelin_v2/glass7_lft_lod0.msh",
								name = "glass7_lft",
								transf = { 1, 0, 0, 0, 0, 1, 0, 0, 0, 0, 1, 0, 4.1508817672729, 5.2705850601196, 2.5778670310974, 1, },
							},
							{
								materials = { "vehicle/ship/graf_zeppelin_v2/ship_graf_zeppelin_glass.mtl", },
								mesh = "vehicle/ship/graf_zeppelin_v2/glass8_lft_lod0.msh",
								name = "glass8_lft",
								transf = { 1, 0, 0, 0, 0, 1, 0, 0, 0, 0, 1, 0, 0.78753840923309, 5.2772941589355, 3.9269032478333, 1, },
							},
							{
								materials = { "vehicle/ship/graf_zeppelin_v2/ship_graf_zeppelin_glass.mtl", },
								mesh = "vehicle/ship/graf_zeppelin_v2/glass9_lft_lod0.msh",
								name = "glass9_lft",
								transf = { 1, 0, 0, 0, 0, 1, 0, 0, 0, 0, 1, 0, -3.3087639808655, 5.269814491272, 3.9363284111023, 1, },
							},
							{
								materials = { "vehicle/ship/graf_zeppelin_v2/ship_graf_zeppelin_glass.mtl", },
								mesh = "vehicle/ship/graf_zeppelin_v2/glass10_lft_lod0.msh",
								name = "glass10_lft",
								transf = { 1, 0, 0, 0, 0, 1, 0, 0, 0, 0, 1, 0, -7.3964190483093, 5.2621927261353, 3.9494450092316, 1, },
							},
							{
								materials = { "vehicle/ship/graf_zeppelin_v2/ship_graf_zeppelin_glass.mtl", },
								mesh = "vehicle/ship/graf_zeppelin_v2/glass11_lft_lod0.msh",
								name = "glass11_lft",
								transf = { 1, 0, 0, 0, 0, 1, 0, 0, 0, 0, 1, 0, -11.50726890564, 5.2545809745789, 3.9629080295563, 1, },
							},
							{
								materials = { "vehicle/ship/graf_zeppelin_v2/ship_graf_zeppelin_glass.mtl", },
								mesh = "vehicle/ship/graf_zeppelin_v2/glass12_lft_lod0.msh",
								name = "glass12_lft",
								transf = { 1, 0, 0, 0, 0, 1, 0, 0, 0, 0, 1, 0, -15.600457191467, 5.2501120567322, 3.9741289615631, 1, },
							},
							{
								materials = { "vehicle/ship/graf_zeppelin_v2/ship_graf_zeppelin_glass.mtl", },
								mesh = "vehicle/ship/graf_zeppelin_v2/glass13_lft_lod0.msh",
								name = "glass13_lft",
								transf = { 1, 0, 0, 0, 0, 1, 0, 0, 0, 0, 1, 0, -17.938934326172, 5.2446746826172, 3.9821162223816, 1, },
							},
							{
								materials = { "vehicle/ship/graf_zeppelin_v2/ship_graf_zeppelin_glass.mtl", },
								mesh = "vehicle/ship/graf_zeppelin_v2/glass1_rgt_lod0.msh",
								name = "glass1_rgt",
								transf = { 1, 0, 0, 0, 0, 1, 0, 0, 0, 0, 1, 0, -17.938934326172, -5.2441782951355, 3.9821162223816, 1, },
							},
							{
								materials = { "vehicle/ship/graf_zeppelin_v2/ship_graf_zeppelin_glass.mtl", },
								mesh = "vehicle/ship/graf_zeppelin_v2/glass2_rgt_lod0.msh",
								name = "glass2_rgt",
								transf = { 1, 0, 0, 0, 0, 1, 0, 0, 0, 0, 1, 0, -15.600457191467, -5.2496161460876, 3.9741289615631, 1, },
							},
							{
								materials = { "vehicle/ship/graf_zeppelin_v2/ship_graf_zeppelin_glass.mtl", },
								mesh = "vehicle/ship/graf_zeppelin_v2/glass3_rgt_lod0.msh",
								name = "glass3_rgt",
								transf = { 1, 0, 0, 0, 0, 1, 0, 0, 0, 0, 1, 0, -11.50726890564, -5.2540855407715, 3.9629080295563, 1, },
							},
							{
								materials = { "vehicle/ship/graf_zeppelin_v2/ship_graf_zeppelin_glass.mtl", },
								mesh = "vehicle/ship/graf_zeppelin_v2/glass4_rgt_lod0.msh",
								name = "glass4_rgt",
								transf = { 1, 0, 0, 0, 0, 1, 0, 0, 0, 0, 1, 0, -7.3964190483093, -5.2616972923279, 3.9494450092316, 1, },
							},
							{
								materials = { "vehicle/ship/graf_zeppelin_v2/ship_graf_zeppelin_glass.mtl", },
								mesh = "vehicle/ship/graf_zeppelin_v2/glass5_rgt_lod0.msh",
								name = "glass5_rgt",
								transf = { 1, 0, 0, 0, 0, 1, 0, 0, 0, 0, 1, 0, -3.3087639808655, -5.2693185806274, 3.9363284111023, 1, },
							},
							{
								materials = { "vehicle/ship/graf_zeppelin_v2/ship_graf_zeppelin_glass.mtl", },
								mesh = "vehicle/ship/graf_zeppelin_v2/glass6_rgt_lod0.msh",
								name = "glass6_rgt",
								transf = { 1, 0, 0, 0, 0, 1, 0, 0, 0, 0, 1, 0, 0.78753840923309, -5.2767992019653, 3.9269032478333, 1, },
							},
							{
								materials = { "vehicle/ship/graf_zeppelin_v2/ship_graf_zeppelin_glass.mtl", },
								mesh = "vehicle/ship/graf_zeppelin_v2/glass7_rgt_lod0.msh",
								name = "glass7_rgt",
								transf = { 1, 0, 0, 0, 0, 1, 0, 0, 0, 0, 1, 0, 4.1508817672729, -5.2700901031494, 2.5778670310974, 1, },
							},
							{
								materials = { "vehicle/ship/graf_zeppelin_v2/ship_graf_zeppelin_glass.mtl", },
								mesh = "vehicle/ship/graf_zeppelin_v2/glass8_rgt_lod0.msh",
								name = "glass8_rgt",
								transf = { 1, 0, 0, 0, 0, 1, 0, 0, 0, 0, 1, 0, 4.8738775253296, -5.1596179008484, 3.9552528858185, 1, },
							},
							{
								materials = { "vehicle/ship/graf_zeppelin_v2/ship_graf_zeppelin_glass.mtl", },
								mesh = "vehicle/ship/graf_zeppelin_v2/glass9_rgt_lod0.msh",
								name = "glass9_rgt",
								transf = { 1, 0, 0, 0, 0, 1, 0, 0, 0, 0, 1, 0, 7.6735320091248, -5.2701163291931, 2.5794415473938, 1, },
							},
							{
								materials = { "vehicle/ship/graf_zeppelin_v2/ship_graf_zeppelin_glass.mtl", },
								mesh = "vehicle/ship/graf_zeppelin_v2/glass10_rgt_lod0.msh",
								name = "glass10_rgt",
								transf = { 1, 0, 0, 0, 0, 1, 0, 0, 0, 0, 1, 0, 8.9792385101318, -5.1655225753784, 3.9553654193878, 1, },
							},
							{
								materials = { "vehicle/ship/graf_zeppelin_v2/ship_graf_zeppelin_glass.mtl", },
								mesh = "vehicle/ship/graf_zeppelin_v2/glass11_rgt_lod0.msh",
								name = "glass11_rgt",
								transf = { 1, 0, 0, 0, 0, 1, 0, 0, 0, 0, 1, 0, 12.259248733521, -4.5038962364197, 5.6987442970276, 1, },
							},
							{
								materials = { "vehicle/ship/graf_zeppelin_v2/ship_graf_zeppelin_glass.mtl", },
								mesh = "vehicle/ship/graf_zeppelin_v2/glass12_rgt_lod0.msh",
								name = "glass12_rgt",
								transf = { 1, 0, 0, 0, 0, 1, 0, 0, 0, 0, 1, 0, 15.968244552612, -4.4997925758362, 5.6847152709961, 1, },
							},
							{
								materials = { "vehicle/ship/graf_zeppelin_v2/ship_graf_zeppelin_glass.mtl", },
								mesh = "vehicle/ship/graf_zeppelin_v2/glass13_rgt_lod0.msh",
								name = "glass13_rgt",
								transf = { 1, 0, 0, 0, 0, 1, 0, 0, 0, 0, 1, 0, 18.394071578979, -4.3007354736328, 5.6808567047119, 1, },
							},
							{
								materials = { "vehicle/ship/graf_zeppelin_v2/ship_graf_zeppelin_glass.mtl", },
								mesh = "vehicle/ship/graf_zeppelin_v2/glass_left_bck_lod0.msh",
								name = "glass_left_bck",
								transf = { 1, 0, 0, 0, 0, 1, 0, 0, 0, 0, 1, 0, -19.187232971191, 4.0442667007446, 4.1232409477234, 1, },
							},
							{
								materials = { "vehicle/ship/graf_zeppelin_v2/ship_graf_zeppelin_glass.mtl", },
								mesh = "vehicle/ship/graf_zeppelin_v2/glass_center_bck_lod0.msh",
								name = "glass_center_bck",
								transf = { 1, 0, 0, 0, 0, 1, 0, 0, 0, 0, 1, 0, -6.0877480506897, 0.00024747848510742, 5.4052038192749, 1, },
							},
							{
								materials = { "vehicle/ship/graf_zeppelin_v2/ship_graf_zeppelin_glass.mtl", },
								mesh = "vehicle/ship/graf_zeppelin_v2/glass_right_bck_lod0.msh",
								name = "glass_right_bck",
								transf = { 1, 0, 0, 0, 0, 1, 0, 0, 0, 0, 1, 0, 0.59045505523682, -1.8771154880524, 4.1232409477234, 1, },
							},
						},
						name = "glass_grp",
						transf = { 1, 0, 0, 0, 0, 1, 0, 0, 0, 0, 1, 0, 0, 0, 0, 1, },
					},
					{
						name = "comp_grp",
						transf = { 1, 0, 0, 0, 0, 1, 0, 0, 0, 0, 1, 0, 0, 0, 0, 1, },
					},
					{
						name = "comp1_grp",
						transf = { 1, 0, 0, 0, 0, 1, 0, 0, 0, 0, 1, 0, 0, 0, 0, 1, },
					},
				},
				name = "RootNode",
				transf = { 1, 0, 0, 0, 0, 1, 0, 0, 0, 0, 1, 0, 0, 0, 0, 1, },
			},
			static = false,
			visibleFrom = 0,
			visibleTo = 500,
		},
		{
			node = {
				children = {
					{
						materials = { "vehicle/ship/graf_zeppelin_v2/ship_graf_zeppelin_hull.mtl", "vehicle/ship/graf_zeppelin_v2/ship_graf_zeppelin_exterior.mtl", "vehicle/ship/graf_zeppelin_v2/ship_graf_zeppelin_deck_exterior.mtl", "vehicle/ship/graf_zeppelin_v2/ship_graf_zeppelin_interior.mtl", "vehicle/ship/graf_zeppelin_v2/ship_graf_zeppelin_interior_walls.mtl", },
						mesh = "vehicle/ship/graf_zeppelin_v2/body_lod1.msh",
						name = "body",
						transf = { 1, 0, 0, 0, 0, 1, 0, 0, 0, 0, 1, 0, 0, 0, 0, 1, },
					},
					{
						materials = { "vehicle/ship/graf_zeppelin_v2/ship_graf_zeppelin_glass_lod.mtl", },
						mesh = "vehicle/ship/graf_zeppelin_v2/body_glass_lod1.msh",
						name = "body_glass",
						transf = { 1, 0, 0, 0, 0, 1, 0, 0, 0, 0, 1, 0, 0, 0, 0, 1, },
					},
				},
				name = "RootNode",
				transf = { 1, 0, 0, 0, 0, 1, 0, 0, 0, 0, 1, 0, 0, 0, 0, 1, },
			},
			static = false,
			visibleFrom = 500,
			visibleTo = 5800,
		},
	},
	metadata = {
		availability = {
			yearFrom = 1980,
			yearTo = 0,
		},
		cost = {
			price = -1,
			priceScale = 1,
		},
		description = {
			description = _("VEHICLE_SHIP_GRAF_ZEPPELIN_DESCRIPTION"),
			name = _("VEHICLE_SHIP_GRAF_ZEPPELIN_NAME"),
		},
		emission = {
			idleEmission = -1,
			powerEmission = -1,
			speedEmission = -1,
		},
		maintenance = {
			lifespan = 36525,
			runningCostScale = 1,
			runningCosts = -1,
		},
		seatProvider = {
			crewModels = { },
			drivingLicense = "WATER",
			seats = {
				{
					animation = "driving_upright",
					crew = true,
					forward = true,
					group = 35,
					transf = { 1, 0, 0, 0, 0, 1, 0, 0, 0, 0, 1, 0, 15.519999504089, 0.60199970006943, 6.960000038147, 1, },
				},
				{
					animation = "driving_upright",
					crew = true,
					forward = true,
					group = 35,
					transf = { 1, 0, 0, 0, 0, 1, 0, 0, 0, 0, 1, 0, 13.128000259399, 0.60199970006943, 6.960000038147, 1, },
				},
				{
					animation = "driving_upright",
					crew = true,
					forward = true,
					group = 35,
					transf = { 1, 0, 0, 0, 0, 1, 0, 0, 0, 0, 1, 0, 10.586000442505, 0.60199970006943, 6.960000038147, 1, },
				},
				{
					animation = "driving_upright",
					crew = true,
					forward = true,
					group = 35,
					transf = { 1, 0, 0, 0, -0, 1, 0, 0, 0, -0, 1, 0, 15.550000190735, -0.94999998807907, 6.960000038147, 1, },
				},
				{
					animation = "driving_upright",
					crew = true,
					forward = true,
					group = 35,
					transf = { 1, 0, 0, 0, -0, 1, 0, 0, 0, -0, 1, 0, 13.14999961853, -0.95800018310547, 6.960000038147, 1, },
				},
				{
					animation = "driving_upright",
					crew = true,
					forward = true,
					group = 35,
					transf = { 1, 0, 0, 0, -0, 1, 0, 0, 0, -0, 1, 0, 10.630000114441, -0.95800018310547, 6.960000038147, 1, },
				},
				{
					animation = "idle",
					crew = true,
					forward = true,
					group = 35,
					transf = { 1, 0, 0, 0, 0, 1, 0, 0, 0, 0, 1, 0, -8.3599996566772, 1.0019997358322, 3.8099999427795, 1, },
				},
				{
					animation = "idle",
					crew = true,
					forward = true,
					group = 35,
					transf = { 0.92718380689621, 0.37460657954216, 0, 0, -0.37460657954216, 0.92718380689621, 0, 0, 0, 0, 1, 0, -11.929999351501, 1.0019997358322, 1.0849999189377, 1, },
				},
				{
					animation = "idle",
					crew = true,
					forward = true,
					group = 35,
					transf = { 1, 0, 0, 0, 0, 1, 0, 0, 0, 0, 1, 0, -10.079999923706, -1.1630001068115, 1.0849999189377, 1, },
				},
				{
					animation = "idle",
					crew = true,
					forward = true,
					group = 35,
					transf = { 0.84989261627197, -0.5269558429718, 0, 0, 0.5269558429718, 0.84989261627197, 0, 0, 0, 0, 1, 0, -9.5150003433228, -2.0750002861023, 3.8099999427795, 1, },
				},
				{
					animation = "idle",
					crew = false,
					forward = true,
					group = 36,
					transf = { -7.5497901264043e-08, -1, -6.6002361555513e-15, 0, 1, -7.5497901264043e-08, 1.7484555314695e-07, 0, -1.7484555314695e-07, 6.6002361555513e-15, 1, 0, 3.3299999237061, -4.0329999923706, 6.7080001831055, 1, },
				},
				{
					animation = "idle",
					crew = false,
					forward = true,
					group = 36,
					transf = { -7.5497901264043e-08, -1, -6.6002361555513e-15, 0, 1, -7.5497901264043e-08, 1.7484555314695e-07, 0, -1.7484555314695e-07, 6.6002361555513e-15, 1, 0, 12.550000190735, -4.0329999923706, 6.7080001831055, 1, },
				},
				{
					animation = "idle",
					crew = false,
					forward = true,
					group = 36,
					transf = { -4.3711388286738e-08, 1, 0, 0, -1, -4.3711388286738e-08, 0, 0, 0, 0, 1, 0, 3.3299999237061, 4.3270001411438, 6.7080001831055, 1, },
				},
				{
					animation = "idle",
					crew = false,
					forward = true,
					group = 36,
					transf = { -4.3711388286738e-08, 1, 0, 0, -1, -4.3711388286738e-08, 0, 0, 0, 0, 1, 0, 5.4499998092651, 4.3270001411438, 6.7080001831055, 1, },
				},
				{
					animation = "idle",
					crew = false,
					forward = true,
					group = 36,
					transf = { -4.3711388286738e-08, 1, 0, 0, -1, -4.3711388286738e-08, 0, 0, 0, 0, 1, 0, 9.0500001907349, 4.3270001411438, 6.7080001831055, 1, },
				},
				{
					animation = "idle",
					crew = false,
					forward = true,
					group = 36,
					transf = { -4.3711388286738e-08, 1, 0, 0, -1, -4.3711388286738e-08, 0, 0, 0, 0, 1, 0, 12.269999504089, 4.3270001411438, 6.7080001831055, 1, },
				},
				{
					animation = "idle",
					crew = false,
					forward = true,
					group = 36,
					transf = { -7.5497901264043e-08, -1, -6.6002361555513e-15, 0, 1, -7.5497901264043e-08, 1.7484555314695e-07, 0, -1.7484555314695e-07, 6.6002361555513e-15, 1, 0, -0.029999999329448, -4.0329999923706, 6.7080001831055, 1, },
				},
				{
					animation = "idle",
					crew = false,
					forward = true,
					group = 36,
					transf = { -7.5497901264043e-08, -1, -6.6002361555513e-15, 0, 1, -7.5497901264043e-08, 1.7484555314695e-07, 0, -1.7484555314695e-07, 6.6002361555513e-15, 1, 0, 9.1899995803833, -4.0329999923706, 6.7080001831055, 1, },
				},
				{
					animation = "idle",
					crew = false,
					forward = true,
					group = 36,
					transf = { -4.3711388286738e-08, 1, 0, 0, -1, -4.3711388286738e-08, 0, 0, 0, 0, 1, 0, -0.029999999329448, 4.3270001411438, 6.7080001831055, 1, },
				},
				{
					animation = "idle",
					crew = false,
					forward = true,
					group = 36,
					transf = { -7.5497901264043e-08, -1, -6.6002361555513e-15, 0, 1, -7.5497901264043e-08, 1.7484555314695e-07, 0, -1.7484555314695e-07, 6.6002361555513e-15, 1, 0, -1.9499999284744, -4.0329999923706, 6.7080001831055, 1, },
				},
				{
					animation = "idle",
					crew = false,
					forward = true,
					group = 36,
					transf = { -7.5497901264043e-08, -1, -6.6002361555513e-15, 0, 1, -7.5497901264043e-08, 1.7484555314695e-07, 0, -1.7484555314695e-07, 6.6002361555513e-15, 1, 0, 7.2699999809265, -4.0329999923706, 6.7080001831055, 1, },
				},
				{
					animation = "idle",
					crew = false,
					forward = true,
					group = 36,
					transf = { -4.3711388286738e-08, 1, 0, 0, -1, -4.3711388286738e-08, 0, 0, 0, 0, 1, 0, -1.9499999284744, 4.3270001411438, 6.7080001831055, 1, },
				},
				{
					animation = "idle",
					crew = false,
					forward = true,
					group = 36,
					transf = { -7.5497901264043e-08, -1, -6.6002361555513e-15, 0, 1, -7.5497901264043e-08, 1.7484555314695e-07, 0, -1.7484555314695e-07, 6.6002361555513e-15, 1, 0, -4.1300001144409, -4.0329999923706, 6.7080001831055, 1, },
				},
				{
					animation = "idle",
					crew = false,
					forward = true,
					group = 36,
					transf = { -4.3711388286738e-08, 1, 0, 0, -1, -4.3711388286738e-08, 0, 0, 0, 0, 1, 0, -4.1300001144409, 4.3270001411438, 6.7080001831055, 1, },
				},
				{
					animation = "idle",
					crew = false,
					forward = true,
					group = 36,
					transf = { -7.5497901264043e-08, -1, -6.6002361555513e-15, 0, 1, -7.5497901264043e-08, 1.7484555314695e-07, 0, -1.7484555314695e-07, 6.6002361555513e-15, 1, 0, -6.8899998664856, -4.0329999923706, 6.7080001831055, 1, },
				},
				{
					animation = "idle",
					crew = false,
					forward = true,
					group = 36,
					transf = { -4.3711388286738e-08, 1, 0, 0, -1, -4.3711388286738e-08, 0, 0, 0, 0, 1, 0, -6.8899998664856, 4.3270001411438, 6.7080001831055, 1, },
				},
				{
					animation = "idle",
					crew = false,
					forward = true,
					group = 36,
					transf = { -0.9993908405304, -0.034899450838566, -8.7369514290003e-08, 0, 0.034899450838566, -0.9993908405304, 9.0473783131984e-08, 0, -9.0473783131984e-08, 8.7369514290003e-08, 1, 0, -9.5699996948242, -1.8129997253418, 6.7080001831055, 1, },
				},
				{
					animation = "idle",
					crew = false,
					forward = true,
					group = 36,
					transf = { -0.9993908405304, -0.034899450838566, -8.7369514290003e-08, 0, 0.034899450838566, -0.9993908405304, 9.0473783131984e-08, 0, -9.0473783131984e-08, 8.7369514290003e-08, 1, 0, -24.619998931885, -1.8129997253418, 1.1059998273849, 1, },
				},
				{
					animation = "idle",
					crew = false,
					forward = true,
					group = 36,
					transf = { -0.9993908405304, -0.034899450838566, -8.7369514290003e-08, 0, 0.034899450838566, -0.9993908405304, 9.0473783131984e-08, 0, -9.0473783131984e-08, 8.7369514290003e-08, 1, 0, -22.439998626709, 2.356999874115, 1.1059998273849, 1, },
				},
				{
					animation = "idle",
					crew = false,
					forward = true,
					group = 36,
					transf = { -0.9993908405304, -0.034899450838566, -8.7369514290003e-08, 0, 0.034899450838566, -0.9993908405304, 9.0473783131984e-08, 0, -9.0473783131984e-08, 8.7369514290003e-08, 1, 0, -25.879999160767, 1.6969999074936, 1.1059998273849, 1, },
				},
				{
					animation = "idle",
					crew = false,
					forward = true,
					group = 36,
					transf = { -0.9993908405304, -0.034899450838566, -8.7369514290003e-08, 0, 0.034899450838566, -0.9993908405304, 9.0473783131984e-08, 0, -9.0473783131984e-08, 8.7369514290003e-08, 1, 0, -22.579999923706, -0.45300006866455, 1.1059998273849, 1, },
				},
				{
					animation = "idle",
					crew = false,
					forward = true,
					group = 36,
					transf = { -0.9993908405304, -0.034899450838566, -8.7369514290003e-08, 0, 0.034899450838566, -0.9993908405304, 9.0473783131984e-08, 0, -9.0473783131984e-08, 8.7369514290003e-08, 1, 0, -4.0100002288818, 0.22700023651123, 6.7080001831055, 1, },
				},
				{
					animation = "idle",
					crew = false,
					forward = true,
					group = 36,
					transf = { -0.9993908405304, -0.034899450838566, -8.7369514290003e-08, 0, 0.034899450838566, -0.9993908405304, 9.0473783131984e-08, 0, -9.0473783131984e-08, 8.7369514290003e-08, 1, 0, 1.25, -1.6929998397827, 6.7080001831055, 1, },
				},
				{
					animation = "idle",
					crew = false,
					forward = true,
					group = 36,
					transf = { -0.9993908405304, -0.034899450838566, -8.7369514290003e-08, 0, 0.034899450838566, -0.9993908405304, 9.0473783131984e-08, 0, -9.0473783131984e-08, 8.7369514290003e-08, 1, 0, 6.1299996376038, 0.067000389099121, 6.7080001831055, 1, },
				},
				{
					animation = "idle",
					crew = false,
					forward = true,
					group = 36,
					transf = { 0.034899495542049, -0.9993908405304, 0, 0, 0.9993908405304, 0.034899495542049, 0, 0, 0, 0, 1, 0, -8.1499996185303, 1.3270001411438, 6.7080001831055, 1, },
				},
				{
					animation = "idle",
					crew = false,
					forward = true,
					group = 36,
					transf = { 0.7815203666687, 0.62387973070145, 0, 0, -0.62387973070145, 0.7815203666687, 0, 0, 0, 0, 1, 0, -13.489999771118, -1.8129997253418, 6.7080001831055, 1, },
				},
				{
					animation = "idle",
					crew = false,
					forward = true,
					group = 36,
					transf = { -0.99780148267746, 0.066273808479309, -8.723058186888e-08, 0, -0.066273808479309, -0.99780148267746, 8.1628940051814e-08, 0, -8.1628940051814e-08, 8.723058186888e-08, 1, 0, -16.609998703003, -1.8929995298386, 6.7080001831055, 1, },
				},
				{
					animation = "idle",
					crew = false,
					forward = true,
					group = 36,
					transf = { -0.99780148267746, 0.066273808479309, -8.723058186888e-08, 0, -0.066273808479309, -0.99780148267746, 8.1628940051814e-08, 0, -8.1628940051814e-08, 8.723058186888e-08, 1, 0, -20.030000686646, -1.8929995298386, 3.8099999427795, 1, },
				},
				{
					animation = "idle",
					crew = false,
					forward = true,
					group = 36,
					transf = { -0.99780148267746, 0.066273808479309, -8.723058186888e-08, 0, -0.066273808479309, -0.99780148267746, 8.1628940051814e-08, 0, -8.1628940051814e-08, 8.723058186888e-08, 1, 0, -16.799999237061, -0.043000221252441, 3.8099999427795, 1, },
				},
				{
					animation = "idle",
					crew = false,
					forward = true,
					group = 36,
					transf = { -0.99780148267746, 0.066273808479309, -8.723058186888e-08, 0, -0.066273808479309, -0.99780148267746, 8.1628940051814e-08, 0, -8.1628940051814e-08, 8.723058186888e-08, 1, 0, -16.799999237061, -2.092999458313, 3.8099999427795, 1, },
				},
				{
					animation = "idle",
					crew = false,
					forward = true,
					group = 36,
					transf = { -0.99780148267746, 0.066273808479309, -8.723058186888e-08, 0, -0.066273808479309, -0.99780148267746, 8.1628940051814e-08, 0, -8.1628940051814e-08, 8.723058186888e-08, 1, 0, -16.799999237061, -4.1730003356934, 3.8099999427795, 1, },
				},
				{
					animation = "idle",
					crew = false,
					forward = true,
					group = 36,
					transf = { -0.9822872877121, 0.18738122284412, -8.5874276578579e-08, 0, -0.18738122284412, -0.9822872877121, 7.1041391436211e-08, 0, -7.1041391436211e-08, 8.5874276578579e-08, 1, 0, -28.389999389648, 1.1270003318787, 1.1019999980927, 1, },
				},
				{
					animation = "idle",
					crew = false,
					forward = true,
					group = 36,
					transf = { -0.96944534778595, -0.24530737102032, -8.4751604845223e-08, 0, 0.24530139565468, -0.96942174434662, 0.0069812503643334, 0, -0.0017126342281699, 0.0067679192870855, 0.99997556209564, 0, -27.979999542236, -4.3929996490479, 1.1019999980927, 1, },
				},
				{
					animation = "idle",
					crew = false,
					forward = true,
					group = 36,
					transf = { -0.99999386072159, -0.0034905921202153, -8.7422250771851e-08, 0, 0.0034905921202153, -0.99999386072159, 8.772794046763e-08, 0, -8.772794046763e-08, 8.7422250771851e-08, 1, 0, -16.609998703003, -0.072999954223633, 6.7080001831055, 1, },
				},
				{
					animation = "idle",
					crew = false,
					forward = true,
					group = 36,
					transf = { -0.99999386072159, -0.0034905921202153, -8.7422250771851e-08, 0, 0.0034905921202153, -0.99999386072159, 8.772794046763e-08, 0, -8.772794046763e-08, 8.7422250771851e-08, 1, 0, -20.030000686646, -0.072999954223633, 3.8099999427795, 1, },
				},
				{
					animation = "idle",
					crew = false,
					forward = true,
					group = 36,
					transf = { -0.99999386072159, -0.0034905921202153, -8.7422250771851e-08, 0, 0.0034905921202153, -0.99999386072159, 8.772794046763e-08, 0, -8.772794046763e-08, 8.7422250771851e-08, 1, 0, -16.799999237061, 1.7769999504089, 3.8099999427795, 1, },
				},
				{
					animation = "idle",
					crew = false,
					forward = true,
					group = 36,
					transf = { -0.99296551942825, 0.11840405315161, -8.6807801835675e-08, 0, -0.11840405315161, -0.99296551942825, 7.7071568682641e-08, 0, -7.7071568682641e-08, 8.6807801835675e-08, 1, 0, -28.180000305176, 2.9370000362396, 1.1019999980927, 1, },
				},
				{
					animation = "idle",
					crew = false,
					forward = true,
					group = 36,
					transf = { -0.94997197389603, -0.31233495473862, -8.3049187082906e-08, 0, 0.31232732534409, -0.94994884729385, 0.0069812559522688, 0, -0.0021805693395436, 0.0066319713369012, 0.99997556209564, 0, -28.295000076294, -2.6730003356934, 1.1019999980927, 1, },
				},
				{
					animation = "idle",
					crew = false,
					forward = true,
					group = 36,
					transf = { 0.99900978803635, 0.044491205364466, 0, 0, -0.044491205364466, 0.99900978803635, 0, 0, 0, 0, 1, 0, -13.289999961853, 1.4070000648499, 6.7080001831055, 1, },
				},
				{
					animation = "idle",
					crew = false,
					forward = true,
					group = 36,
					transf = { 0.99900978803635, 0.044491205364466, 0, 0, -0.044491205364466, 0.99900978803635, 0, 0, 0, 0, 1, 0, -10.559999465942, -1.7329998016357, 6.7080001831055, 1, },
				},
				{
					animation = "idle",
					crew = false,
					forward = true,
					group = 36,
					transf = { 0.99900978803635, 0.044491205364466, 0, 0, -0.044491205364466, 0.99900978803635, 0, 0, 0, 0, 1, 0, -25.609998703003, -1.7329998016357, 1.1059998273849, 1, },
				},
				{
					animation = "idle",
					crew = false,
					forward = true,
					group = 36,
					transf = { 0.99900978803635, 0.044491205364466, 0, 0, -0.044491205364466, 0.99900978803635, 0, 0, 0, 0, 1, 0, -23.430000305176, 2.4370002746582, 1.1059998273849, 1, },
				},
				{
					animation = "idle",
					crew = false,
					forward = true,
					group = 36,
					transf = { 0.99900978803635, 0.044491205364466, 0, 0, -0.044491205364466, 0.99900978803635, 0, 0, 0, 0, 1, 0, -26.869998931885, 1.7769999504089, 1.1059998273849, 1, },
				},
				{
					animation = "idle",
					crew = false,
					forward = true,
					group = 36,
					transf = { 0.99900978803635, 0.044491205364466, 0, 0, -0.044491205364466, 0.99900978803635, 0, 0, 0, 0, 1, 0, -23.569999694824, -0.3730001449585, 1.1059998273849, 1, },
				},
				{
					animation = "idle",
					crew = false,
					forward = true,
					group = 36,
					transf = { 0.99900978803635, 0.044491205364466, 0, 0, -0.044491205364466, 0.99900978803635, 0, 0, 0, 0, 1, 0, -5, 0.30700016021729, 6.7080001831055, 1, },
				},
				{
					animation = "idle",
					crew = false,
					forward = true,
					group = 36,
					transf = { 0.99900978803635, 0.044491205364466, 0, 0, -0.044491205364466, 0.99900978803635, 0, 0, 0, 0, 1, 0, 0.25999999046326, -1.6129997968674, 6.7080001831055, 1, },
				},
				{
					animation = "idle",
					crew = false,
					forward = true,
					group = 36,
					transf = { 0.99900978803635, 0.044491205364466, 0, 0, -0.044491205364466, 0.99900978803635, 0, 0, 0, 0, 1, 0, 5.1399998664856, 0.14700031280518, 6.7080001831055, 1, },
				},
				{
					animation = "idle",
					crew = false,
					forward = true,
					group = 36,
					transf = { 0.044491101056337, -0.99900978803635, 0, 0, 0.99900978803635, 0.044491101056337, 0, 0, 0, 0, 1, 0, -24.479999542236, -4.2130002975464, 1.1019999980927, 1, },
				},
				{
					animation = "idle",
					crew = false,
					forward = true,
					group = 36,
					transf = { -0.044491689652205, 0.99900966882706, -3.8895877629841e-09, 0, -0.99900966882706, -0.044491689652205, 8.6570035862099e-11, 0, -8.6570035862099e-11, 3.8895877629841e-09, 1, 0, -24.479999542236, 4.4869999885559, 1.1019999980927, 1, },
				},
				{
					animation = "idle",
					crew = false,
					forward = true,
					group = 36,
					transf = { 0.044491101056337, -0.99900978803635, 0, 0, 0.99900978803635, 0.044491101056337, 0, 0, 0, 0, 1, 0, -22.289999008179, -4.6129999160767, 1.1019999980927, 1, },
				},
				{
					animation = "idle",
					crew = false,
					forward = true,
					group = 36,
					transf = { -0.044491689652205, 0.99900966882706, -3.8895877629841e-09, 0, -0.99900966882706, -0.044491689652205, 8.6570035862099e-11, 0, -8.6570035862099e-11, 3.8895877629841e-09, 1, 0, -22.289999008179, 4.5770001411438, 1.1019999980927, 1, },
				},
				{
					animation = "idle",
					crew = false,
					forward = true,
					group = 36,
					transf = { 0.044491101056337, -0.99900978803635, 0, 0, 0.99900978803635, 0.044491101056337, 0, 0, 0, 0, 1, 0, -26.529998779297, -3.3929994106293, 1.1019999980927, 1, },
				},
				{
					animation = "idle",
					crew = false,
					forward = true,
					group = 36,
					transf = { -0.044491689652205, 0.99900966882706, -3.8895877629841e-09, 0, -0.99900966882706, -0.044491689652205, 8.6570035862099e-11, 0, -8.6570035862099e-11, 3.8895877629841e-09, 1, 0, -26.529998779297, 3.6069996356964, 1.1019999980927, 1, },
				},
				{
					animation = "idle",
					crew = false,
					forward = true,
					group = 36,
					transf = { -0.044491339474916, 0.99900978803635, -3.8895562326502e-09, 0, -0.99900978803635, -0.044491339474916, 8.6568641144424e-11, 0, -8.6568641144424e-11, 3.8895562326502e-09, 1, 0, -8.0900001525879, 0.41699981689453, 6.7080001831055, 1, },
				},
				{
					animation = "idle",
					crew = false,
					forward = true,
					group = 36,
					transf = { -0.99919438362122, 0.040131840854883, -8.7352354682935e-08, 0, -0.040131840854883, -0.99919438362122, 8.3914343917968e-08, 0, -8.3914343917968e-08, 8.7352354682935e-08, 1, 0, -16.609998703003, 1.9669998884201, 6.7080001831055, 1, },
				},
				{
					animation = "idle",
					crew = false,
					forward = true,
					group = 36,
					transf = { -0.99919438362122, 0.040131840854883, -8.7352354682935e-08, 0, -0.040131840854883, -0.99919438362122, 8.3914343917968e-08, 0, -8.3914343917968e-08, 8.7352354682935e-08, 1, 0, -20.030000686646, 1.9669998884201, 3.8099999427795, 1, },
				},
				{
					animation = "idle",
					crew = false,
					forward = true,
					group = 36,
					transf = { -0.99919438362122, 0.040131840854883, -8.7352354682935e-08, 0, -0.040131840854883, -0.99919438362122, 8.3914343917968e-08, 0, -8.3914343917968e-08, 8.7352354682935e-08, 1, 0, -16.799999237061, 3.8169996738434, 3.8099999427795, 1, },
				},
				{
					animation = "idle",
					crew = false,
					forward = true,
					group = 36,
					transf = { -0.98685568571091, 0.16160388290882, -8.627367265035e-08, 0, -0.16160388290882, -0.98685568571091, 7.3294913249811e-08, 0, -7.3294913249811e-08, 8.627367265035e-08, 1, 0, -27.89999961853, 4.6270003318787, 1.1019999980927, 1, },
				},
				{
					animation = "idle",
					crew = false,
					forward = true,
					group = 36,
					transf = { -0.99505549669266, -0.099319852888584, -8.6990517900176e-08, 0, 0.09931743144989, -0.99503123760223, 0.0069812373258173, 0, -0.00069346209056675, 0.0069467104040086, 0.99997556209564, 0, -28.340000152588, -1.0030002593994, 1.1019999980927, 1, },
				},
				{
					animation = "sitting",
					crew = false,
					forward = true,
					group = 36,
					transf = { 0.72417187690735, -0.68961948156357, 0, 0, 0.68961948156357, 0.72417187690735, 0, 0, 0, 0, 1, 0, 1.7819999456406, 3.2369999885559, 4.0159997940063, 1, },
				},
				{
					animation = "sitting",
					crew = false,
					forward = true,
					group = 36,
					transf = { 0.72417187690735, -0.68961948156357, 0, 0, 0.68961948156357, 0.72417187690735, 0, 0, 0, 0, 1, 0, 4.2170000076294, -2.2679994106293, 4.0159997940063, 1, },
				},
				{
					animation = "sitting",
					crew = false,
					forward = true,
					group = 36,
					transf = { 0.72417187690735, -0.68961948156357, 0, 0, 0.68961948156357, 0.72417187690735, 0, 0, 0, 0, 1, 0, 11.977000236511, -2.3479995727539, 4.0159997940063, 1, },
				},
				{
					animation = "sitting",
					crew = false,
					forward = true,
					group = 36,
					transf = { 0.72417187690735, -0.68961948156357, 0, 0, 0.68961948156357, 0.72417187690735, 0, 0, 0, 0, 1, 0, 12.036999702454, 3.0720000267029, 4.0159997940063, 1, },
				},
				{
					animation = "sitting",
					crew = false,
					forward = true,
					group = 36,
					transf = { 0.69465839862823, -0.71933972835541, 0, 0, 0.71933972835541, 0.69465839862823, 0, 0, 0, 0, 1, 0, 7.4340000152588, 0.71699994802475, 4.0359997749329, 1, },
				},
				{
					animation = "sitting",
					crew = false,
					forward = true,
					group = 36,
					transf = { 0.69465839862823, -0.71933972835541, 0, 0, 0.71933972835541, 0.69465839862823, 0, 0, 0, 0, 1, 0, -2.4219999313354, 0.20300006866455, 4.0359997749329, 1, },
				},
				{
					animation = "sitting",
					crew = false,
					forward = true,
					group = 36,
					transf = { 0.69465839862823, -0.71933972835541, 0, 0, 0.71933972835541, 0.69465839862823, 0, 0, 0, 0, 1, 0, -4.9899997711182, -2.2709999084473, 4.0359997749329, 1, },
				},
				{
					animation = "sitting",
					crew = false,
					forward = true,
					group = 36,
					transf = { 0.69465839862823, -0.71933972835541, 0, 0, 0.71933972835541, 0.69465839862823, 0, 0, 0, 0, 1, 0, -6.5419993400574, 3.1389999389648, 4.0359997749329, 1, },
				},
				{
					animation = "sitting",
					crew = false,
					forward = true,
					group = 36,
					transf = { 0.69465839862823, -0.71933972835541, 0, 0, 0.71933972835541, 0.69465839862823, 0, 0, 0, 0, 1, 0, -15.320999145508, 3.289999961853, 4.0359997749329, 1, },
				},
				{
					animation = "sitting",
					crew = false,
					forward = true,
					group = 36,
					transf = { 0.69465839862823, -0.71933972835541, 0, 0, 0.71933972835541, 0.69465839862823, 0, 0, 0, 0, 1, 0, -15.320999145508, -2.3400001525879, 4.0359997749329, 1, },
				},
				{
					animation = "sitting",
					crew = false,
					forward = true,
					group = 36,
					transf = { 0.69465839862823, -0.71933972835541, 0, 0, 0.71933972835541, 0.69465839862823, 0, 0, 0, 0, 1, 0, -8.5109996795654, 3.0540001392365, 1.3159999847412, 1, },
				},
				{
					animation = "sitting",
					crew = false,
					forward = true,
					group = 36,
					transf = { 0.69465839862823, -0.71933972835541, 0, 0, 0.71933972835541, 0.69465839862823, 0, 0, 0, 0, 1, 0, -2.3619999885559, 0.16100025177002, 1.3159999847412, 1, },
				},
				{
					animation = "sitting",
					crew = false,
					forward = true,
					group = 36,
					transf = { 0.69465839862823, -0.71933972835541, 0, 0, 0.71933972835541, 0.69465839862823, 0, 0, 0, 0, 1, 0, 1.789999961853, 3.1950001716614, 1.3159999847412, 1, },
				},
				{
					animation = "sitting",
					crew = false,
					forward = true,
					group = 36,
					transf = { 0.69465839862823, -0.71933972835541, 0, 0, 0.71933972835541, 0.69465839862823, 0, 0, 0, 0, 1, 0, 4.2300000190735, -2.3309993743896, 1.3159999847412, 1, },
				},
				{
					animation = "sitting",
					crew = false,
					forward = true,
					group = 36,
					transf = { 0.69465839862823, -0.71933972835541, 0, 0, 0.71933972835541, 0.69465839862823, 0, 0, 0, 0, 1, 0, 7.3799996376038, 0.75100034475327, 1.3159999847412, 1, },
				},
				{
					animation = "sitting",
					crew = false,
					forward = true,
					group = 36,
					transf = { 0.69465839862823, -0.71933972835541, 0, 0, 0.71933972835541, 0.69465839862823, 0, 0, 0, 0, 1, 0, -6.8849997520447, -2.3039999008179, 1.3159999847412, 1, },
				},
				{
					animation = "sitting",
					crew = false,
					forward = true,
					group = 36,
					transf = { 0.69465839862823, -0.71933972835541, 0, 0, 0.71933972835541, 0.69465839862823, 0, 0, 0, 0, 1, 0, -17.379999160767, -2.2930002212524, 1.2840000391006, 1, },
				},
				{
					animation = "sitting",
					crew = false,
					forward = true,
					group = 36,
					transf = { 0.69465839862823, -0.71933972835541, 0, 0, 0.71933972835541, 0.69465839862823, 0, 0, 0, 0, 1, 0, -17.340000152588, 3.1460003852844, 1.2840000391006, 1, },
				},
				{
					animation = "sitting",
					crew = false,
					forward = true,
					group = 36,
					transf = { -0.69966328144073, -0.71447277069092, -6.1166510079147e-08, 0, 0.71447277069092, -0.69966328144073, 1.4988397367688e-07, 0, -1.4988397367688e-07, 6.1166510079147e-08, 1, 0, 2.9039998054504, 3.1340000629425, 3.9960000514984, 1, },
				},
				{
					animation = "sitting",
					crew = false,
					forward = true,
					group = 36,
					transf = { -0.69966328144073, -0.71447277069092, -6.1166510079147e-08, 0, 0.71447277069092, -0.69966328144073, 1.4988397367688e-07, 0, -1.4988397367688e-07, 6.1166510079147e-08, 1, 0, 5.3390002250671, -2.371000289917, 3.9960000514984, 1, },
				},
				{
					animation = "sitting",
					crew = false,
					forward = true,
					group = 36,
					transf = { -0.69966328144073, -0.71447277069092, -6.1166510079147e-08, 0, 0.71447277069092, -0.69966328144073, 1.4988397367688e-07, 0, -1.4988397367688e-07, 6.1166510079147e-08, 1, 0, 13.098999977112, -2.451000213623, 3.9960000514984, 1, },
				},
				{
					animation = "sitting",
					crew = false,
					forward = true,
					group = 36,
					transf = { -0.69966328144073, -0.71447277069092, -6.1166510079147e-08, 0, 0.71447277069092, -0.69966328144073, 1.4988397367688e-07, 0, -1.4988397367688e-07, 6.1166510079147e-08, 1, 0, 13.159000396729, 2.9690001010895, 3.9960000514984, 1, },
				},
				{
					animation = "sitting",
					crew = false,
					forward = true,
					group = 36,
