function data()
return {
	boundingInfo = {
		bbMax = { 31.778799057007, 6.25, 15.506400108337, },
		bbMin = { -31.701398849487, -6.25, -1.4963001012802, },
	},
	collider = {
		params = {
			halfExtents = { 31.740098953247, 6.25, 8.501350402832, },
		},
		transf = { 1, 0, 0, 0, 0, 1, 0, 0, 0, 0, 1, 0, 0, 0, 0, 1, },
		type = "BOX",
	},
	lods = {
		{
			node = {
				children = {
					{
						materials = { "vehicle/ship/klondike_v2/ship_klondike_hull.mtl", "vehicle/ship/klondike_v2/ship_klondike_atlas.mtl", "vehicle/ship/klondike_v2/ship_klondike_trimstrip.mtl", "vehicle/ship/klondike_v2/ship_klondike_deck.mtl", "vehicle/ship/klondike_v2/ship_klondike_trimstrip_transparent.mtl", },
						mesh = "vehicle/ship/klondike_v2/body_lod0.msh",
						name = "body",
						transf = { 1, 0, 0, 0, 0, 1, 0, 0, 0, 0, 1, 0, 0, 0, 1, 1, },
					},
					{
						children = {
							{
								materials = { "vehicle/ship/klondike_v2/ship_klondike_trimstrip_interior_glass.mtl", "vehicle/ship/klondike_v2/ship_klondike_trimstrip_glass.mtl", },
								mesh = "vehicle/ship/klondike_v2/glass_frt_lod0.msh",
								name = "glass_frt",
								transf = { 1, 0, 0, 0, 0, 1, 0, 0, 0, 0, 1, 0, 17.454549789429, 0, 10.222800254822, 1, },
							},
							{
								materials = { "vehicle/ship/klondike_v2/ship_klondike_trimstrip_interior_glass.mtl", "vehicle/ship/klondike_v2/ship_klondike_trimstrip_glass.mtl", },
								mesh = "vehicle/ship/klondike_v2/glass_lft_lod0.msh",
								name = "glass_lft",
								transf = { 1, 0, 0, 0, 0, 1, 0, 0, 0, 0, 1, 0, 15.510250091553, 1.75, 10.203700065613, 1, },
							},
							{
								materials = { "vehicle/ship/klondike_v2/ship_klondike_trimstrip_interior_glass.mtl", "vehicle/ship/klondike_v2/ship_klondike_trimstrip_glass.mtl", },
								mesh = "vehicle/ship/klondike_v2/glass_rgt_lod0.msh",
								name = "glass_rgt",
								transf = { 1, 0, 0, 0, 0, 1, 0, 0, 0, 0, 1, 0, 15.510250091553, -1.75, 10.203700065613, 1, },
							},
							{
								materials = { "vehicle/ship/klondike_v2/ship_klondike_atlas_glass.mtl", "vehicle/ship/klondike_v2/ship_klondike_trimstrip_interior_glass.mtl", "vehicle/ship/klondike_v2/ship_klondike_trimstrip_glass.mtl", },
								mesh = "vehicle/ship/klondike_v2/glass_bck_lod0.msh",
								name = "glass_bck",
								transf = { 1, 0, 0, 0, 0, 1, 0, 0, 0, 0, 1, 0, 13.615949630737, -0.00059998035430908, 10.223649978638, 1, },
							},
						},
						name = "glass_grp",
						transf = { 1, 0, 0, 0, 0, 1, 0, 0, 0, 0, 1, 0, 0, 0, 0, 1, },
					},
					{
						materials = { "vehicle/ship/klondike_v2/ship_klondike_trimstrip.mtl", },
						mesh = "vehicle/ship/klondike_v2/rudder_lft_lod0.msh",
						name = "rudder_lft",
						transf = { 1, 0, 0, 0, 0, 1, 0, 0, 0, 0, 1, 0, -30.777799606323, 2.4863500595093, 1, 1, },
					},
					{
						materials = { "vehicle/ship/klondike_v2/ship_klondike_trimstrip.mtl", },
						mesh = "vehicle/ship/klondike_v2/rudder_rgt_lod0.msh",
						name = "rudder_rgt",
						transf = { 1, 0, 0, 0, 0, 1, 0, 0, 0, 0, 1, 0, -30.777799606323, -2.485650062561, 1, 1, },
					},
					{
						materials = { "vehicle/ship/klondike_v2/ship_klondike_atlas.mtl", "vehicle/ship/klondike_v2/ship_klondike_hull.mtl", },
						mesh = "vehicle/ship/klondike_v2/w1_lod0.msh",
						name = "w1",
						transf = { 1, 0, 0, 0, 0, 1, 0, 0, 0, 0, 1, 0, -27.696598052979, 0, 1.3576999902725, 1, },
					},
					{
						animations = {
							wheels = {
								params = {
									id = "vehicle/ship/klondike_v2/wheels/g1.ani",
								},
								type = "FILE_REF",
							},
						},
						materials = { "vehicle/ship/klondike_v2/ship_klondike_trimstrip.mtl", },
						mesh = "vehicle/ship/klondike_v2/g1_lod0.msh",
						name = "g1",
						transf = { 1, 3.0516201544872e-12, 5.0575899024352e-08, 0, -3.0516201544872e-12, 1, -1.0667562054478e-16, 0, -5.0575899024352e-08, 1.0652128187737e-16, 1, 0, -24.497499465942, 0, 1.3580000400543, 1, },
					},
					{
						animations = {
							wheels = {
								params = {
									id = "vehicle/ship/klondike_v2/wheels/g2.ani",
								},
								type = "FILE_REF",
							},
						},
						materials = { "vehicle/ship/klondike_v2/ship_klondike_atlas.mtl", },
						mesh = "vehicle/ship/klondike_v2/g2_lod0.msh",
						name = "g2",
						transf = { 1, 0, 0, 0, 0, 1, 0, 0, 0, 0, 1, 0, 0, 0, 0, 1, },
					},
					{
						materials = { "vehicle/ship/klondike_v2/ship_klondike_atlas.mtl", "vehicle/ship/klondike_v2/ship_klondike_trimstrip_interior.mtl", "vehicle/ship/klondike_v2/ship_klondike_deck.mtl", },
						mesh = "vehicle/ship/klondike_v2/interior_lod0.msh",
						name = "interior",
						transf = { 1, 0, 0, 0, 0, 1, 0, 0, 0, 0, 1, 0, 0, 0, 1, 1, },
					},
					{
						name = "comp_grp",
						transf = { 1, 0, 0, 0, 0, 1, 0, 0, 0, 0, 1, 0, 0, 0, 0, 1, },
					},
					{
						name = "comp1_grp",
						transf = { 1, 0, 0, 0, 0, 1, 0, 0, 0, 0, 1, 0, 0, 0, 0, 1, },
					},
					{
						name = "comp2_grp",
						transf = { 1, 0, 0, 0, 0, 1, 0, 0, 0, 0, 1, 0, 0, 0, 0, 1, },
					},
				},
				name = "RootNode",
				transf = { 1, 0, 0, 0, 0, 1, 0, 0, 0, 0, 1, 0, 0, 0, 0, 1, },
			},
			static = false,
			visibleFrom = 0,
			visibleTo = 600,
		},
		{
			node = {
				children = {
					{
						materials = { "vehicle/ship/klondike_v2/ship_klondike_atlas.mtl", "vehicle/ship/klondike_v2/ship_klondike_trimstrip_lod.mtl", "vehicle/ship/klondike_v2/ship_klondike_deck.mtl", },
						mesh = "vehicle/ship/klondike_v2/body_lod1.msh",
						name = "body",
						transf = { 1, 0, 0, 0, 0, 1, 0, 0, 0, 0, 1, 0, 0, 0, 1, 1, },
					},
					{
						materials = { "vehicle/ship/klondike_v2/ship_klondike_trimstrip_lod.mtl", },
						mesh = "vehicle/ship/klondike_v2/rudder_lft_lod1.msh",
						name = "rudder_lft",
						transf = { 1, 0, 0, 0, 0, 1, 0, 0, 0, 0, 1, 0, -30.777799606323, 2.4863500595093, 1, 1, },
					},
					{
						materials = { "vehicle/ship/klondike_v2/ship_klondike_trimstrip_lod.mtl", },
						mesh = "vehicle/ship/klondike_v2/rudder_rgt_lod1.msh",
						name = "rudder_rgt",
						transf = { 1, 0, 0, 0, 0, 1, 0, 0, 0, 0, 1, 0, -30.777799606323, -2.485650062561, 1, 1, },
					},
					{
						materials = { "vehicle/ship/klondike_v2/ship_klondike_trimstrip_lod.mtl", "vehicle/ship/klondike_v2/ship_klondike_atlas.mtl", },
						mesh = "vehicle/ship/klondike_v2/w1_lod1.msh",
						name = "w1",
						transf = { 1, 0, 0, 0, 0, 1, 0, 0, 0, 0, 1, 0, -27.696598052979, 0, 1.3576999902725, 1, },
					},
					{
						animations = {
							wheels = {
								params = {
									id = "vehicle/ship/klondike_v2/wheels/g1.ani",
								},
								type = "FILE_REF",
							},
						},
						materials = { "vehicle/ship/klondike_v2/ship_klondike_trimstrip_lod.mtl", },
						mesh = "vehicle/ship/klondike_v2/g1_lod1.msh",
						name = "g1",
						transf = { 1, 3.0516201544872e-12, 5.0575899024352e-08, 0, -3.0516201544872e-12, 1, -1.0667562054478e-16, 0, -5.0575899024352e-08, 1.0652128187737e-16, 1, 0, -24.497499465942, 0, 1.3580000400543, 1, },
					},
					{
						animations = {
							wheels = {
								params = {
									id = "vehicle/ship/klondike_v2/wheels/g2.ani",
								},
								type = "FILE_REF",
							},
						},
						materials = { "vehicle/ship/klondike_v2/ship_klondike_trimstrip_lod.mtl", },
						mesh = "vehicle/ship/klondike_v2/g2_lod1.msh",
						name = "g2",
						transf = { 1, 0, 0, 0, 0, 1, 0, 0, 0, 0, 1, 0, 0, 0, 0, 1, },
					},
				},
				name = "RootNode",
				transf = { 1, 0, 0, 0, 0, 1, 0, 0, 0, 0, 1, 0, 0, 0, 0, 1, },
			},
			static = false,
			visibleFrom = 500,
			visibleTo = 6000,
		},
	},
	metadata = {
		availability = {
			yearFrom = 1898,
			yearTo = 1960,
		},
		cost = {
			price = -1,
			priceScale = 1,
		},
		description = {
			description = _("VEHICLE_SHIP_KLONDIKE_V3_DESCRIPTION"),
			name = _("VEHICLE_SHIP_KLONDIKE_V3_NAME"),
		},
		emission = {
			idleEmission = -1,
			powerEmission = -1,
			speedEmission = -1,
		},
		maintenance = {
			lifespan = 36525,
			runningCostScale = 1,
			runningCosts = -1,
		},
		particleSystem = {
			emitters = {
				{
					child = 1,
					color = { 0.10176084935665, 0.10196077823639, 0.10196077823639, },
					frequency = 50,
					initialAlpha = 0.20000000298023,
					lifeTime = 8,
					position = { 12.449999809265, 0, 14.800000190735, },
					size01 = { 1.2000000476837, 7, },
					velocity = { 0, 0, 8, },
					velocityDampingFactor = 2.5,
				},
			},
		},
		seatProvider = {
			crewModels = { },
			drivingLicense = "WATER",
			seats = {
				{
					animation = "idle",
					crew = false,
					forward = true,
					group = 14,
					transf = { 0.56784373521805, 0.82313621044159, 0, 0, -0.82313621044159, 0.56784373521805, 0, 0, 0, -0, 1, 0, 25.619998931885, 3.1699998378754, 1.0499999523163, 1, },
				},
				{
					animation = "idle",
					crew = false,
					forward = true,
					group = 14,
					transf = { 0.56784373521805, 0.82313621044159, 0, 0, -0.82313621044159, 0.56784373521805, 0, 0, 0, -0, 1, 0, 24.159999847412, 3.7999999523163, 1.0099999904633, 1, },
				},
				{
					animation = "idle",
					crew = false,
					forward = true,
					group = 14,
					transf = { 0.84526181221008, -0.53435224294662, 0, 0, 0.53435224294662, 0.84526181221008, 0, 0, -0, 0, 1, 0, 24.159999847412, -3.3799998760223, 1.0099999904633, 1, },
				},
				{
					animation = "idle",
					crew = false,
					forward = true,
					group = 14,
					transf = { -0.066273756325245, -0.99780148267746, 0, 0, 0.99780148267746, -0.066273756325245, 0, 0, 0, 0, 1, 0, 24.920000076294, -2.8699998855591, 1.0299999713898, 1, },
				},
				{
					animation = "idle",
					crew = false,
					forward = true,
					group = 14,
					transf = { -0.066273756325245, -0.99780148267746, 0, 0, 0.99780148267746, -0.066273756325245, 0, 0, 0, 0, 1, 0, 26.319999694824, -2.9700000286102, 1.0800000429153, 1, },
				},
				{
					animation = "idle",
					crew = false,
					forward = true,
					group = 14,
					transf = { 0.67301255464554, -0.73963099718094, 8.1162117979478e-18, 0, 0.73963099718094, 0.67301255464554, -2.4466011991893e-16, 0, 1.7549592254356e-16, 1.7066232903005e-16, 1, 0, 23.340000152588, 2.4000000953674, 0.97999995946884, 1, },
				},
				{
					animation = "idle",
					crew = false,
					forward = true,
					group = 14,
					transf = { 0.76492142677307, 0.64412361383438, 8.1162117979478e-18, 0, -0.64412361383438, 0.76492142677307, -2.4466011991893e-16, 0, -1.6379961515184e-16, 1.8191790135652e-16, 1, 0, 23.269998550415, 1.5999999046326, 0.97999995946884, 1, },
				},
				{
					animation = "idle",
					crew = false,
					forward = true,
					group = 14,
					transf = { 0.35673800110817, 0.93420445919037, 8.1162117979478e-18, 0, -0.93420445919037, 0.35673800110817, -2.4466011991893e-16, 0, -2.3145794676566e-16, 7.9697363094382e-17, 1, 0, 24.109998703003, 0.79999995231628, 1.0099999904633, 1, },
				},
				{
					animation = "idle",
					crew = false,
					forward = true,
					group = 14,
					transf = { -0.24107512831688, -0.97050642967224, -7.6767661418286e-17, 0, 0.97050642967224, -0.24107512831688, -4.0720068676912e-16, 0, 3.7668412785258e-16, -1.7266947947769e-16, 1, 0, 24.109998703003, 2.3399999141693, 1.0099999904633, 1, },
				},
				{
					animation = "idle",
					crew = false,
					forward = true,
					group = 14,
					transf = { 0.99991428852081, 0.013089457526803, -3.3124603139641e-17, 0, -0.013089457526803, 0.99991428852081, -4.1657493274528e-16, 0, 2.7669024399415e-17, 4.1697282647226e-16, 1, 0, 28.719999313354, 1.3299999237061, 1.3399999141693, 1, },
				},
				{
					animation = "idle",
					crew = false,
					forward = true,
					group = 14,
					transf = { 0.80644452571869, 0.5913097858429, -3.3124603139641e-17, 0, -0.5913097858429, 0.80644452571869, -4.1657493274528e-16, 0, -2.1961166160272e-16, 3.5553146522837e-16, 1, 0, 28.279998779297, 2.0999999046326, 1.289999961853, 1, },
				},
				{
					animation = "idle",
					crew = false,
					forward = true,
					group = 14,
					transf = { 0.80644452571869, 0.59130972623825, -3.3124603139641e-17, 0, -0.59130972623825, 0.80644452571869, -4.165749062755e-16, 0, -2.1961164836783e-16, 3.5553143875859e-16, 1, 0, 21.090000152588, -2.5699999332428, 3.6300001144409, 1, },
				},
				{
					animation = "idle",
					crew = false,
					forward = true,
					group = 14,
					transf = { 0.8898149728775, -0.45632144808769, -3.3124603139641e-17, 0, 0.45632144808769, 0.8898149728775, -4.165749062755e-16, 0, 2.1956682179608e-16, 3.5555912614806e-16, 1, 0, 21.590000152588, -0.91999995708466, 3.6600000858307, 1, },
				},
				{
					animation = "idle",
					crew = false,
					forward = true,
					group = 14,
					transf = { 0.8898149728775, -0.45632147789001, -3.3124603139641e-17, 0, 0.45632147789001, 0.8898149728775, -4.1657493274528e-16, 0, 2.1956684826586e-16, 3.5555915261784e-16, 1, 0, 20.959999084473, -1.6999999284744, 3.6299998760223, 1, },
				},
				{
					animation = "idle",
					crew = false,
					forward = true,
					group = 14,
					transf = { 0.85851269960403, 0.51279228925705, -3.3124603139641e-17, 0, -0.51279228925705, 0.85851269960403, -4.165749062755e-16, 0, -1.8517850174741e-16, 3.7462091441174e-16, 1, 0, 20.729999542236, 3.0499999523163, 3.5599999427795, 1, },
				},
				{
					animation = "idle",
					crew = false,
					forward = true,
					group = 14,
					transf = { 0.85851263999939, 0.51279234886169, -3.3124603139641e-17, 0, -0.51279234886169, 0.85851263999939, -4.1657493274528e-16, 0, -1.8517854145208e-16, 3.7462088794196e-16, 1, 0, 16.950000762939, 5.1399998664856, 3.4499998092651, 1, },
				},
				{
					animation = "idle",
					crew = false,
					forward = true,
					group = 14,
					transf = { 0.15901973843575, 0.98727536201477, -3.3124603139641e-17, 0, -0.98727536201477, 0.15901973843575, -4.1657493274528e-16, 0, -4.0600668795085e-16, 9.8946742686107e-17, 1, 0, 17.670000076294, 4.5799999237061, 3.4499998092651, 1, },
				},
				{
					animation = "idle",
					crew = false,
					forward = true,
					group = 14,
					transf = { 0.15901988744736, 0.98727530241013, -3.3124603139641e-17, 0, -0.98727530241013, 0.15901988744736, -4.1657493274528e-16, 0, -4.0600674089041e-16, 9.8946815478001e-17, 1, 0, 14.5, 5.0199999809265, 3.4100000858307, 1, },
				},
				{
					animation = "idle",
					crew = false,
					forward = true,
					group = 14,
					transf = { 0.15901973843575, 0.98727536201477, -3.3124603139641e-17, 0, -0.98727536201477, 0.15901973843575, -4.1657493274528e-16, 0, -4.0600668795085e-16, 9.8946742686107e-17, 1, 0, 6.7699999809265, 5.2300000190735, 3.3299999237061, 1, },
				},
				{
					animation = "idle",
					crew = false,
					forward = true,
					group = 14,
					transf = { 0.41548708081245, -0.90959906578064, -1.5079832115598e-16, 0, 0.90959906578064, 0.41548708081245, -4.5192622337586e-16, 0, 4.7372641621846e-16, 5.0603491965703e-17, 1, 0, 5.0500001907349, -5.1500000953674, 3.3299999237061, 1, },
				},
				{
					animation = "idle",
					crew = false,
					forward = true,
					group = 14,
					transf = { 0.41548708081245, -0.90959906578064, -1.5079832115598e-16, 0, 0.90959906578064, 0.41548708081245, -4.5192622337586e-16, 0, 4.7372641621846e-16, 5.0603491965703e-17, 1, 0, 15.380000114441, -4.8099999427795, 3.3999998569489, 1, },
				},
				{
					animation = "idle",
					crew = false,
					forward = true,
					group = 14,
					transf = { -0.17278870940208, -0.98495882749557, -1.5079832115598e-16, 0, 0.98495882749557, -0.17278870940208, -4.5192622337586e-16, 0, 4.1907251526938e-16, -2.2661792109571e-16, 1, 0, 14, -4.789999961853, 3.3999998569489, 1, },
				},
				{
					animation = "idle",
					crew = false,
					forward = true,
					group = 14,
					transf = { -0.17278870940208, -0.98495882749557, -1.5079832115598e-16, 0, 0.98495882749557, -0.17278870940208, -4.5192622337586e-16, 0, 4.1907251526938e-16, -2.2661792109571e-16, 1, 0, -13.170000076294, -1.0199999809265, 3.4299998283386, 1, },
				},
				{
					animation = "idle",
					crew = false,
					forward = true,
					group = 14,
					transf = { -0.74256062507629, -0.66977882385254, -1.7462771377263e-16, 0, 0.66977882385254, -0.74256062507629, -4.5929038075884e-16, 0, 1.7795129900408e-16, -4.5801289625571e-16, 1, 0, -12.039999961853, -1.1599999666214, 3.4299998283386, 1, },
				},
				{
					animation = "idle",
					crew = false,
					forward = true,
					group = 14,
					transf = { 0.82658970355988, -0.56280493736267, -1.1014124261358e-16, 0, 0.56280493736267, 0.82658970355988, -4.6251593516155e-16, 0, 3.5134786362276e-16, 3.2032287317963e-16, 1, 0, -14.259999275208, -1.6399999856949, 3.4299998283386, 1, },
				},
				{
					animation = "idle",
					crew = false,
					forward = true,
					group = 14,
					transf = { 0.82658970355988, -0.56280487775803, -1.1014124261358e-16, 0, 0.56280487775803, 0.82658970355988, -4.6251588222199e-16, 0, 3.5134789009254e-16, 3.2032289964941e-16, 1, 0, -18.629999160767, -4.5, 3.4000000953674, 1, },
				},
				{
					animation = "idle",
					crew = false,
					forward = true,
					group = 14,
					transf = { -0.41865980625153, -0.90814304351807, -1.1014124261358e-16, 0, 0.90814304351807, -0.41865980625153, -4.6251588222199e-16, 0, 3.7391896232649e-16, -2.9366087003847e-16, 1, 0, -18.049999237061, -3.8099999427795, 3.3900001049042, 1, },
				},
				{
					animation = "idle",
					crew = false,
					forward = true,
					group = 14,
					transf = { -0.69779050350189, 0.71630185842514, -1.1014124261358e-16, 0, -0.71630185842514, -0.69779050350189, -4.6251593516155e-16, 0, -4.0815653698032e-16, -2.4384485070719e-16, 1, 0, -23.89999961853, 5.0599999427795, 3.3699998855591, 1, },
				},
				{
					animation = "idle",
					crew = false,
					forward = true,
					group = 14,
					transf = { 0.15901988744736, 0.98727530241013, -3.3124603139641e-17, 0, -0.98727530241013, 0.15901988744736, -4.1657493274528e-16, 0, -4.0600674089041e-16, 9.8946815478001e-17, 1, 0, 5.7799997329712, 5.2300000190735, 3.3499999046326, 1, },
				},
				{
					animation = "idle",
					crew = false,
					forward = true,
					group = 14,
					transf = { -0.1036604642868, -0.99461269378662, -1.4133622198132e-16, 0, 0.99461269378662, -0.1036604642868, -5.5785409911667e-16, 0, 5.4019785614983e-16, -1.9840222130127e-16, 1, 0, 6.0699534416199, -5.178325176239, 3.3299999237061, 1, },
				},
				{
					animation = "idle",
					crew = false,
					forward = true,
					group = 14,
					transf = { 0.15901973843575, 0.98727536201477, -3.3124603139641e-17, 0, -0.98727536201477, 0.15901973843575, -4.1657493274528e-16, 0, -4.0600668795085e-16, 9.8946742686107e-17, 1, 0, 4.8800001144409, 5.2300000190735, 3.3299999237061, 1, },
				},
				{
					animation = "idle",
					crew = false,
					forward = true,
					group = 14,
					transf = { -0.10366050899029, -0.99461269378662, -1.4133622198132e-16, 0, 0.99461269378662, -0.10366050899029, -5.5785404617711e-16, 0, 5.4019785614983e-16, -1.9840226100594e-16, 1, 0, 6.9685497283936, -5.1280856132507, 3.3699998855591, 1, },
				},
				{
					animation = "driving_upright",
					crew = true,
					forward = true,
					group = 13,
					transf = { 0.83388578891754, -0.55193698406219, 0, 0, 0.55193698406219, 0.83388578891754, 0, 0, 0, 0, 1, 0, 16.069999694824, 0.44999998807907, 8.8600006103516, 1, },
				},
				{
					animation = "idle",
					crew = false,
					forward = true,
					group = 15,
					transf = { 1, 0, 0, 0, -0, 1, 0, 0, 0, -0, 1, 0, 21, 0, 5.9699997901917, 1, },
				},
				{
					animation = "idle",
					crew = false,
					forward = true,
					group = 15,
					transf = { 0.8480481505394, -0.5299192070961, 0, 0, 0.5299192070961, 0.8480481505394, 0, 0, -0, 0, 1, 0, 20.809999465942, -1.2999999523163, 5.9899997711182, 1, },
				},
				{
					animation = "idle",
					crew = false,
					forward = true,
					group = 15,
					transf = { 0.14608319103718, -0.98927223682404, 0, 0, 0.98927223682404, 0.14608319103718, 0, 0, -0, 0, 1, 0, 13.710000038147, -3.0299999713898, 5.8200001716614, 1, },
				},
				{
					animation = "idle",
					crew = false,
					forward = true,
					group = 15,
					transf = { 0.14608319103718, -0.98927223682404, 0, 0, 0.98927223682404, 0.14608319103718, 0, 0, -0, 0, 1, 0, -1.8799999952316, -2.8299999237061, 5.8200001716614, 1, },
				},
				{
					animation = "idle",
					crew = false,
					forward = true,
					group = 15,
					transf = { -0.055821392685175, -0.99844062328339, 0, 0, 0.99844062328339, -0.055821392685175, 0, 0, 0, 0, 1, 0, -0.96999996900558, -2.7799999713898, 5.8099999427795, 1, },
				},
				{
					animation = "idle",
					crew = false,
					forward = true,
					group = 15,
					transf = { 0.094977125525475, 0.9954794049263, 1.1727687315438e-16, 0, -0.9954794049263, 0.094977125525475, -1.1621633496486e-16, 0, -1.268296048544e-16, -1.0570883831461e-16, 1, 0, 1.9399999380112, 3.1300001144409, 5.8200001716614, 1, },
				},
				{
					animation = "idle",
					crew = false,
					forward = true,
					group = 15,
					transf = { 0.19851276278496, 0.98009824752808, 1.1727687315438e-16, 0, -0.98009824752808, 0.19851276278496, -1.1621633496486e-16, 0, -1.3718441058101e-16, -9.1872442624648e-17, 1, 0, 1.2599999904633, 2.8900001049042, 5.8200001716614, 1, },
				},
				{
					animation = "idle",
					crew = false,
					forward = true,
					group = 15,
					transf = { 0.46097436547279, 0.88741338253021, 1.1727687315438e-16, 0, -0.88741338253021, 0.46097436547279, -1.1621633496486e-16, 0, -1.5719359196131e-16, -5.0500325999706e-17, 1, 0, 18.049999237061, 2.8900001049042, 5.8799996376038, 1, },
				},
				{
					animation = "idle",
					crew = false,
					forward = true,
					group = 15,
					transf = { -0.41865980625153, -0.90814304351807, -5.1271030028756e-17, 0, 0.90814304351807, -0.41865980625153, -4.5533844266431e-16, 0, 3.920473202823e-16, -2.3719333920042e-16, 1, 0, 6.8199996948242, -3.1099998950958, 5.7999997138977, 1, },
				},
				{
					animation = "idle",
					crew = false,
					forward = true,
					group = 15,
					transf = { 0.32969057559967, -0.94408905506134, -5.1271030028756e-17, 0, 0.94408905506134, 0.32969057559967, -4.5533844266431e-16, 0, 4.4678362165528e-16, 1.017163882224e-16, 1, 0, 5.4000000953674, -3.210000038147, 5.7999997138977, 1, },
				},
				{
					animation = "idle",
					crew = false,
					forward = true,
					group = 15,
					transf = { 0.7575649023056, -0.65275979042053, -5.1271030028756e-17, 0, 0.65275979042053, 0.7575649023056, -4.5533844266431e-16, 0, 3.3606775983121e-16, 3.1148077565258e-16, 1, 0, 4.6300001144409, -3.75, 5.7999997138977, 1, },
				},
				{
					animation = "idle",
					crew = false,
					forward = true,
					group = 15,
					transf = { 0.7575649023056, -0.65275979042053, -5.1271030028756e-17, 0, 0.65275979042053, 0.7575649023056, -4.5533844266431e-16, 0, 3.3606775983121e-16, 3.1148077565258e-16, 1, 0, 8.1099996566772, -5.039999961853, 5.7399997711182, 1, },
				},
				{
					animation = "idle",
					crew = false,
					forward = true,
					group = 15,
					transf = { 0.55557024478912, -0.83146953582764, -5.1271030028756e-17, 0, 0.83146953582764, 0.55557024478912, -4.5533844266431e-16, 0, 4.0708469619491e-16, 2.1034218301422e-16, 1, 0, 17.814039230347, -4.9303135871887, 5.8199996948242, 1, },
				},
				{
					animation = "idle",
					crew = false,
					forward = true,
					group = 15,
					transf = { -0.30486425757408, -0.95239573717117, -5.1271030028756e-17, 0, 0.95239573717117, -0.30486425757408, -4.5533844266431e-16, 0, 4.1803172353544e-16, -1.8764672928593e-16, 1, 0, 8.9200000762939, -4.960000038147, 5.7399997711182, 1, },
				},
				{
					animation = "idle",
					crew = false,
					forward = true,
					group = 15,
					transf = { -0.54829323291779, -0.83628612756729, -3.7335107967491e-17, 0, 0.83628612756729, -0.54829323291779, -4.4991901998866e-16, 0, 3.55790445552e-16, -2.7791037179361e-16, 1, 0, 18.61595916748, -5.0696859359741, 5.8199996948242, 1, },
				},
				{
					animation = "idle",
					crew = false,
					forward = true,
					group = 15,
					transf = { -0.54829323291779, -0.83628612756729, -3.7335107967491e-17, 0, 0.83628612756729, -0.54829323291779, -4.4991901998866e-16, 0, 3.55790445552e-16, -2.7791037179361e-16, 1, 0, 18.61595916748, 4.0803136825562, 5.8199996948242, 1, },
				},
				{
					animation = "idle",
					crew = false,
					forward = true,
					group = 15,
					transf = { 0.85725712776184, 0.51488846540451, -6.9714762173634e-17, 0, -0.51488846540451, 0.85725712776184, -3.3393614847989e-16, 0, -1.1217639808804e-16, 3.2216450809542e-16, 1, 0, 21.355958938599, 4.7303137779236, 5.8699998855591, 1, },
				},
				{
					animation = "idle",
					crew = false,
					forward = true,
					group = 15,
					transf = { 0.8572570681572, 0.51488846540451, -6.971475555619e-17, 0, -0.51488846540451, 0.8572570681572, -3.3393614847989e-16, 0, -1.1217643779271e-16, 3.2216448162564e-16, 1, 0, 21.60000038147, 3.8599998950958, 5.9299998283386, 1, },
				},
				{
					animation = "idle",
					crew = false,
					forward = true,
					group = 15,
					transf = { -0.2519004046917, 0.96775311231613, -6.9714762173634e-17, 0, -0.96775311231613, -0.2519004046917, -3.3393614847989e-16, 0, -3.4072895567017e-16, -1.6651976220027e-17, 1, 0, 5.7699999809265, 5.1500000953674, 5.7399997711182, 1, },
				},
				{
					animation = "idle",
					crew = false,
					forward = true,
					group = 15,
					transf = { 0.40530109405518, 0.91418325901031, -3.08489101605e-17, 0, -0.91418325901031, 0.40530109405518, -2.4098026468892e-16, 0, -2.0779702106129e-16, 1.2587112090013e-16, 1, 0, 4.8499999046326, 5.1500000953674, 5.7399997711182, 1, },
				},
				{
					animation = "idle",
					crew = false,
					forward = true,
					group = 15,
					transf = { 0.40530109405518, 0.91418325901031, -3.08489101605e-17, 0, -0.91418325901031, 0.40530109405518, -2.4098026468892e-16, 0, -2.0779702106129e-16, 1.2587112090013e-16, 1, 0, 6.3499999046326, 3.4199998378754, 5.7699999809265, 1, },
				},
				{
					animation = "idle",
					crew = false,
					forward = true,
					group = 15,
					transf = { -0.40817105770111, 0.91290539503098, -3.08489101605e-17, 0, -0.91290539503098, -0.40817105770111, -2.4098026468892e-16, 0, -2.3258383884102e-16, -7.0199040026337e-17, 1, 0, 7.3399996757507, 3.4199998378754, 5.7699999809265, 1, },
				},
				{
					animation = "idle",
					crew = false,
					forward = true,
					group = 15,
					transf = { -0.54829323291779, -0.83628612756729, -3.7335107967491e-17, 0, 0.83628612756729, -0.54829323291779, -4.4991901998866e-16, 0, 3.55790445552e-16, -2.7791037179361e-16, 1, 0, 14.979999542236, -2.9900000095367, 5.8199996948242, 1, },
				},
			},
		},
		soundConfig = {
			effects = { },
			soundSet = {
				horn = "",
				name = "ship_paddle_steamer",
			},
		},
		transportVehicle = {
			carrier = "WATER",
			compartmentsList = {
				{
					loadConfigs = {
						{
							cargoEntries = {
								{
									capacity = 220,
									seats = { 0, 1, 2, 3, 4, 5, 6, 7, 8, 9, 10, 11, 12, 13, 14, 15, 16, 17, 18, 19, 20, 21, 22, 23, 24, 25, 26, 27, 28, 29, 30, 31, 32, },
									type = "PASSENGERS",
								},
							},
							toHide = { },
						},
						{
							cargoEntries = {
								{
									capacity = 220,
									seats = { },
									type = "LOGS",
								},
							},
							toHide = { },
						},
						{
							cargoEntries = {
								{
									capacity = 220,
									seats = { },
									type = "COAL",
								},
							},
							toHide = { },
						},
						{
							cargoEntries = {
								{
									capacity = 220,
									seats = { },
									type = "IRON_ORE",
								},
							},
							toHide = { },
						},
						{
							cargoEntries = {
								{
									capacity = 220,
									seats = { },
									type = "STONE",
								},
							},
							toHide = { },
						},
						{
							cargoEntries = {
								{
									capacity = 220,
									seats = { },
									type = "GRAIN",
								},
							},
							toHide = { },
						},
						{
							cargoEntries = {
								{
									capacity = 220,
									seats = { },
									type = "STEEL",
								},
							},
							toHide = { },
						},
						{
							cargoEntries = {
								{
									capacity = 220,
									seats = { },
									type = "PLANKS",
								},
							},
							toHide = { },
						},
						{
							cargoEntries = {
								{
									capacity = 220,
									seats = { },
									type = "PLASTIC",
								},
							},
							toHide = { },
						},
						{
							cargoEntries = {
								{
									capacity = 220,
									seats = { },
									type = "CONSTRUCTION_MATERIALS",
								},
							},
							toHide = { },
						},
						{
							cargoEntries = {
								{
									capacity = 220,
									seats = { },
									type = "MACHINES",
								},
							},
							toHide = { },
						},
						{
							cargoEntries = {
								{
									capacity = 220,
									seats = { },
									type = "TOOLS",
								},
							},
							toHide = { },
						},
						{
							cargoEntries = {
								{
									capacity = 220,
									seats = { },
									type = "FOOD",
								},
							},
							toHide = { },
						},
						{
							cargoEntries = {
								{
									capacity = 220,
									seats = { },
									type = "GOODS",
								},
							},
							toHide = { },
						},
					},
				},
				{
					loadConfigs = {
						{
							cargoEntries = {
								{
									capacity = 220,
									seats = { 33, 34, 35, 36, 37, 38, 39, 40, 41, 42, 43, 44, 45, 46, 47, 48, 49, 50, 51, 52, 53, 54, 55, },
									type = "PASSENGERS",
								},
							},
							toHide = { },
						},
						{
							cargoEntries = {
								{
									capacity = 220,
									seats = { },
									type = "LOGS",
								},
							},
							toHide = { },
						},
						{
							cargoEntries = {
								{
									capacity = 220,
									seats = { },
									type = "COAL",
								},
							},
							toHide = { },
						},
						{
							cargoEntries = {
								{
									capacity = 220,
									seats = { },
									type = "IRON_ORE",
								},
							},
							toHide = { },
						},
						{
							cargoEntries = {
								{
									capacity = 220,
									seats = { },
									type = "STONE",
								},
							},
							toHide = { },
						},
						{
							cargoEntries = {
								{
									capacity = 220,
									seats = { },
									type = "GRAIN",
								},
							},
							toHide = { },
						},
						{
							cargoEntries = {
								{
									capacity = 220,
									seats = { },
									type = "STEEL",
								},
							},
							toHide = { },
						},
						{
							cargoEntries = {
								{
									capacity = 220,
									seats = { },
									type = "PLANKS",
								},
							},
							toHide = { },
						},
						{
							cargoEntries = {
								{
									capacity = 220,
									seats = { },
									type = "PLASTIC",
								},
							},
							toHide = { },
						},
						{
							cargoEntries = {
								{
									capacity = 220,
									seats = { },
									type = "CONSTRUCTION_MATERIALS",
								},
							},
							toHide = { },
						},
						{
							cargoEntries = {
								{
									capacity = 220,
									seats = { },
									type = "MACHINES",
								},
							},
							toHide = { },
						},
						{
							cargoEntries = {
								{
									capacity = 220,
									seats = { },
									type = "TOOLS",
								},
							},
							toHide = { },
						},
						{
							cargoEntries = {
								{
									capacity = 220,
									seats = { },
									type = "FOOD",
								},
							},
							toHide = { },
						},
						{
							cargoEntries = {
								{
									capacity = 220,
									seats = { },
									type = "GOODS",
								},
							},
							toHide = { },
						},
					},
				},
			},
			groupFileName = "",
			loadSpeed = 40,
			multipleUnitOnly = false,
			reversible = false,
		},
		versioning = {
			__version = "_v03",
		},
		waterVehicle = {
			area = 12,
			availPower = 800000,
			configs = {
				{
					flags = {
						ids = { },
						maxAngle = 0,
					},
					paddles = {
						ids = { 9, },
						maxAngle = 0,
					},
					rudder = {
						ids = { 7, 8, },
						maxAngle = 0,
					},
				},
				{
					flags = {
						ids = { },
						maxAngle = 0,
					},
					paddles = {
						ids = { 4, },
						maxAngle = 0,
					},
					rudder = {
						ids = { 2, 3, },
						maxAngle = 0,
					},
				},
			},
			maxRpm = 40,
			topSpeed = 8.3333330154419,
			type = "BIG",
			waterLine = {
				{ -24.697799682617, 0, },
				{ -24.697799682617, -3.9842998981476, },
				{ -24.66309928894, -5.5584897994995, },
				{ -22.733699798584, -5.7267498970032, },
				{ -19.012519836426, -5.8756899833679, },
				{ -13.560299873352, -5.9076199531555, },
				{ 7.1504998207092, -5.9092397689819, },
				{ 14.761560440063, -5.7758498191833, },
				{ 17.534000396729, -5.5856099128723, },
				{ 20.631320953369, -5.2097001075745, },
				{ 22.603300094604, -4.7361798286438, },
				{ 24.477600097656, -4.0562901496887, },
				{ 25.542779922485, -3.5572099685669, },
				{ 27.072830200195, -2.6691699028015, },
				{ 27.84049987793, -2.1335101127625, },
				{ 28.929130554199, -1.518079996109, },
				{ 29.952779769897, -0.62962001562119, },
				{ 30.472269058228, -0.3308100104332, },
				{ 31.315759658813, -0.13910000026226, },
				{ 31.380199432373, -0.10738000273705, },
				{ 31.478799819946, -0.082019999623299, },
				{ 31.478799819946, 0, },
			},
			weight = 600000,
		},
	},
	version = 1,
}
end
