local townbuildingutil = require "townbuildingutil"

--Model file: "building/era_b/com_2_1x2_02.mdl"

--Begin Generated
local generatedData = {
	["base"] = {
		models = {
			["building/era_b/com_2_1x2_02.mdl"] = {
				{ 1.00000, 0.00000, 0.00000, 0.00000, 0.00000, 1.00000, 0.00000, 0.00000, 0.00000, 0.00000, 1.00000, 0.00000, 0.00000, 0.00000, 0.00000, 1.00000, },
			},
		},
		curves = {
			["scaffold"] = {
				{ { 1.87811, 2.05547, 0.00000 }, { 1.87811, 2.05547, 0.00000 }, { 1.87811, 2.50571, 0.00000 }, { 1.87811, 2.50571, 0.00000 }, { 1.87811, 2.50571, 0.00000 }, { 3.31445, 2.50571, 0.00000 }, { 3.31445, 2.50571, 0.00000 }, { 3.31445, 2.50571, 0.00000 }, { 3.32202, 12.45520, 0.00000 }, { 3.32202, 12.45521, 0.00000 }, { 3.32202, 12.45521, 0.00000 }, { -3.28160, 12.45521, 0.00000 }, { -3.28160, 12.45521, 0.00000 }, { -3.28160, 12.45520, 0.00000 }, { -3.28160, 2.50571, 0.00000 }, { -3.28160, 2.50571, 0.00000 }, { -3.28160, 2.50571, 0.00000 }, { -1.86011, 2.50571, 0.00000 }, { -1.86011, 2.50571, 0.00000 }, { -1.86011, 2.50571, 0.00000 }, { -1.86011, 2.05547, 0.00000 }, { -1.86011, 2.05547, 0.00000 }, },
			},
			["shared/asphalt_02.gtex.lua;shared/dirt.gtex.lua"] = {
				{ { 4.00000, 0.00000, 0.00000 }, { 4.00000, 0.00000, 0.00000 }, { 4.00000, 16.00000, 0.00000 }, { 4.00000, 16.00000, 0.00000 }, { 4.00000, 16.00000, 0.00000 }, { 2.64257, 16.00000, 0.00000 }, { 2.64257, 16.00000, 0.00000 }, { 2.64257, 16.00000, 0.00000 }, { 2.64257, 12.14659, 0.00000 }, { 2.64257, 12.14659, 0.00000 }, { 2.64257, 12.14659, 0.00000 }, { -2.98743, 12.14658, 0.00000 }, { -2.98743, 12.14658, 0.00000 }, { -2.98743, 12.14658, 0.00000 }, { -2.98743, 16.00000, 0.00000 }, { -2.98743, 16.00000, 0.00000 }, { -2.98743, 16.00000, 0.00000 }, { -4.00000, 16.00000, 0.00000 }, { -4.00000, 16.00000, 0.00000 }, { -4.00000, 16.00000, 0.00000 }, { -4.00000, 0.00000, 0.00000 }, { -4.00000, 0.00000, 0.00000 }, },
			},
			["shared/asphalt_03.gtex.lua;shared/dirt.gtex.lua"] = {
				{ { 2.64257, 12.14659, 0.00000 }, { 2.64257, 12.14659, 0.00000 }, { 2.64257, 16.00000, 0.00000 }, { 2.64257, 16.00000, 0.00000 }, { 2.64257, 16.00000, 0.00000 }, { -2.98743, 16.00000, 0.00000 }, { -2.98743, 16.00000, 0.00000 }, { -2.98743, 16.00000, 0.00000 }, { -2.98743, 12.14658, 0.00000 }, { -2.98743, 12.14658, 0.00000 }, },
			},
		},
	},
	["layout_1"] = {
		models = {
			["asset/commercial/all_eras/era_b_com_wall.mdl"] = {
				{ -0.00000, 1.00000, 0.00000, 0.00000, -1.00000, -0.00000, 0.00000, 0.00000, 0.00000, 0.00000, 1.00000, 0.00000, 2.63257, 14.50000, 0.00000, 1.00000, },
				{ -0.00000, 1.00000, 0.00000, 0.00000, -1.00000, -0.00000, 0.00000, 0.00000, 0.00000, 0.00000, 1.00000, 0.00000, 2.63257, 11.50000, 0.00000, 1.00000, },
			},
			["asset/commercial/era_b/wall_grip.mdl"] = {
				{ -0.00000, 0.27231, 0.00000, 0.00000, -0.27231, -0.00000, 0.00000, 0.00000, 0.00000, 0.00000, 0.27231, 0.00000, 2.57737, 2.90772, 4.66090, 1.00000, align = { 0.00000, 0.00000 }, },
			},
			["asset/industry/cardboard_box_01.mdl"] = {
				{ -0.02618, -0.99966, -0.00000, 0.00000, 0.99966, -0.02618, 0.00000, 0.00000, -0.00000, 0.00000, 1.00000, 0.00000, 1.96500, 13.68000, 0.00000, 1.00000, },
				{ 0.21985, -0.97553, 0.00000, 0.00000, 0.97553, 0.21985, 0.00000, 0.00000, 0.00000, 0.00000, 1.00000, 0.00000, 1.96500, 12.95000, 0.00000, 1.00000, },
				{ -0.99996, -0.00873, -0.00000, 0.00000, 0.00873, -0.99996, 0.00000, 0.00000, -0.00000, 0.00000, 1.00000, 0.00000, 0.96500, 13.03000, 0.00000, 1.00000, ignore = { 2, 50 }, },
				{ -0.13226, -0.99122, 0.00000, 0.00000, 0.99122, -0.13226, 0.00000, 0.00000, 0.00000, 0.00000, 1.00000, 0.00000, 1.79091, 12.96424, 0.50694, 1.00000, ignore = { 2, 50 }, },
				{ 0.08368, -0.99649, 0.00000, 0.00000, 0.99649, 0.08368, 0.00000, 0.00000, 0.00000, 0.00000, 1.00000, 0.00000, 1.92091, 13.66423, 0.50694, 1.00000, ignore = { 2, 50 }, },
			},
		},
		groups = {
			["era_a_com_1_asset_food_box_m.grp"] = {
				{ 0.92849, 0.37137, 0.00000, 0.00000, -0.37137, 0.92849, 0.00000, 0.00000, 0.00000, 0.00000, 1.00000, 0.00000, -0.07648, 13.81955, 0.00000, 1.00000, },
				{ 0.98769, 0.15643, 0.00000, 0.00000, -0.15643, 0.98769, 0.00000, 0.00000, 0.00000, 0.00000, 1.00000, 0.00000, 0.09063, 12.91707, 0.00000, 1.00000, },
				{ 0.60738, -0.79441, 0.00000, 0.00000, 0.79441, 0.60738, -0.00000, 0.00000, 0.00000, 0.00000, 1.00000, 0.00000, -0.00035, 13.38688, 0.47000, 1.00000, ignore = { 3, 50 }, },
			},
			["era_b_advertisement.grp"] = {
				{ -0.00000, -1.00000, 0.00000, 0.00000, 1.00000, -0.00000, 0.00000, 0.00000, 0.00000, 0.00000, 1.00000, 0.00000, -3.00000, 7.40000, 1.17000, 1.00000, align = { 0.00000, 0.00000 }, seed = 987, },
			},
			["era_b_garbage_container.grp"] = {
				{ -0.99995, -0.01047, 0.00000, 0.00000, 0.01047, -0.99995, 0.00000, 0.00000, 0.00000, 0.00000, 1.00000, 0.00000, -1.76000, 12.82000, 0.00000, 1.00000, },
			},
			["era_b_neon_wall_sign_food.grp"] = {
				{ -0.00000, 0.27231, 0.00000, 0.00000, -0.27231, -0.00000, 0.00000, 0.00000, 0.00000, 0.00000, 0.27231, 0.00000, 2.57737, 1.92741, 4.66090, 1.00000, align = { 0.00000, 0.00000 }, seed = 987, },
			},
			["era_b_neon_wall_sign_food_flat.grp"] = {
				{ -0.00000, 0.42533, 0.00000, 0.00000, -0.42533, -0.00000, 0.00000, 0.00000, 0.00000, 0.00000, 0.42533, 0.00000, 3.01257, 5.07648, 1.80000, 1.00000, align = { 0.00000, 0.00000 }, seed = 987, },
			},
			["era_b_restaurant_sign_big.grp"] = {
				{ 0.60938, 0.00000, 0.00000, 0.00000, 0.00000, 0.60938, 0.00000, 0.00000, 0.00000, 0.00000, 0.60938, 0.00000, -0.13500, 2.54606, 3.62626, 1.00000, align = { 0.00000, 0.00000 }, seed = 987, },
				{ 0.61836, 0.00000, 0.00000, 0.00000, 0.00000, 0.61836, 0.00000, 0.00000, 0.00000, 0.00000, 0.61836, 0.00000, 0.01000, 2.10606, 3.62626, 1.00000, align = { 0.00000, 0.00000 }, seed = 987, },
			},
			["era_b_restaurant_wall_sign_small.grp"] = {
				{ 1.00000, 0.00000, 0.00000, 0.00000, 0.00000, 1.00000, 0.00000, 0.00000, 0.00000, 0.00000, 1.00000, 0.00000, -1.71915, 2.10547, 3.45147, 1.00000, align = { 0.00000, 0.00000 }, seed = 987, },
			},
		},
	},
}
--End Generated

function data()
	return townbuildingutil.make_building2(
		{ { -4.60, -0.10 }, { 4.60, -0.10 }, { 4.60, 9.10 }, { -4.60, 9.10 } },
		"COMMERCIAL", 
		"B", 
		2,
		{ 1, 2 },
		generatedData,
		"construction/building/era_b/com_2_1x2_02.gtex"
	)
end
