local townbuildingutil = require "townbuildingutil"

--Model file: "building/era_b/com_3_3x4_01.mdl"

--Begin Generated
local generatedData = {
	["base"] = {
		models = {
			["building/era_b/com_3_3x4_01.mdl"] = {
				{ 1.00000, 0.00000, 0.00000, 0.00000, 0.00000, 1.00000, 0.00000, 0.00000, 0.00000, 0.00000, 1.00000, 0.00000, 0.00000, 0.00000, 0.00000, 1.00000, },
			},
		},
		curves = {
			["scaffold"] = {
				{ { 1.99670, 1.81030, 0.00000 }, { 1.99670, 1.81030, 0.00000 }, { 1.99670, 3.26880, 0.00000 }, { 1.99670, 3.26880, 0.00000 }, { 1.99670, 3.26880, 0.00000 }, { 6.49585, 3.26880, 0.00000 }, { 6.49585, 3.26880, 0.00000 }, { 6.49585, 3.26880, 0.00000 }, { 6.49585, 4.18878, 0.00000 }, { 6.49585, 4.18878, 0.00000 }, { 6.49585, 4.18878, 0.00000 }, { 6.49585, 9.26782, 0.00000 }, { 6.49585, 9.26782, 0.00000 }, { 6.49585, 9.26782, 0.00000 }, { 9.51892, 9.26782, 0.00000 }, { 9.51892, 9.26782, 0.00000 }, { 9.51892, 9.26782, 0.00000 }, { 9.47891, 21.43164, 0.00000 }, { 9.47891, 21.43164, 0.00000 }, { 9.47891, 21.43164, 0.00000 }, { 6.87573, 21.43164, 0.00000 }, { 6.87573, 21.43164, 0.00000 }, { 6.87573, 21.43164, 0.00000 }, { 6.87573, 24.03259, 0.00000 }, { 6.87573, 24.03259, 0.00000 }, { 6.87573, 24.03259, 0.00000 }, { -5.37000, 24.03259, 0.00000 }, { -5.37000, 24.03259, 0.00000 }, { -5.37000, 24.03259, 0.00000 }, { -5.37000, 16.14026, 0.00000 }, { -5.37000, 16.14026, 0.00000 }, { -5.37000, 16.14026, 0.00000 }, { -8.66174, 16.14026, 0.00000 }, { -8.66174, 16.14026, 0.00000 }, { -8.66174, 16.14026, 0.00000 }, { -8.66174, 3.26880, 0.00000 }, { -8.66174, 3.26880, 0.00000 }, { -8.66174, 3.26880, 0.00000 }, { -4.16174, 3.26880, 0.00000 }, { -4.16174, 3.26880, 0.00000 }, { -4.16174, 3.26880, 0.00000 }, { -4.16174, 1.81030, 0.00000 }, { -4.16174, 1.81030, 0.00000 }, },
			},
			["shared/asphalt_02.gtex.lua;shared/dirt.gtex.lua"] = {
				{ { 12.00000, 0.00000, 0.00875 }, { 12.00000, 0.00000, 0.00875 }, { 12.00000, 3.34875, 0.00875 }, { 12.00000, 3.34875, 0.00875 }, { 12.00000, 3.34875, 0.00875 }, { 6.41589, 3.34875, 0.00875 }, { 6.41589, 3.34875, 0.00875 }, { 6.41589, 3.34875, 0.00875 }, { 6.41589, 9.34778, 0.00875 }, { 6.41589, 9.34778, 0.00875 }, { 6.41589, 9.34778, 0.00875 }, { 9.43448, 9.34778, 0.00875 }, { 9.43448, 9.34778, 0.00875 }, { 9.43448, 9.34778, 0.00875 }, { 9.43448, 21.40000, 0.00875 }, { 9.43448, 21.40000, 0.00875 }, { 9.43448, 21.40000, 0.00875 }, { 6.79794, 21.39999, 0.00875 }, { 6.79794, 21.39999, 0.00875 }, { 6.79794, 21.39999, 0.00875 }, { 6.79578, 24.00000, 0.00875 }, { 6.79578, 24.00000, 0.00875 }, { 6.79578, 24.00000, 0.00875 }, { 5.70001, 24.00000, 0.00875 }, { 5.70001, 24.00000, 0.00875 }, { 5.70001, 24.00000, 0.00875 }, { 5.70001, 25.70095, 0.00875 }, { 5.70001, 25.70095, 0.00875 }, { 5.70001, 25.70095, 0.00875 }, { 12.00000, 25.70100, 0.00875 }, { 12.00000, 25.70100, 0.00875 }, { 12.00000, 25.70100, 0.00875 }, { 12.00000, 32.00005, 0.00875 }, { 12.00000, 32.00006, 0.00875 }, { 12.00000, 32.00006, 0.00875 }, { -12.00000, 32.00006, 0.00875 }, { -12.00000, 32.00006, 0.00875 }, { -12.00000, 32.00005, 0.00875 }, { -12.00000, 0.00001, 0.00875 }, { -12.00000, 0.00000, 0.00875 }, },
			},
			["shared/asphalt_03.gtex.lua;shared/dirt.gtex.lua"] = {
				{ { 12.00000, 21.40000, -0.00875 }, { 12.00000, 21.40000, -0.00875 }, { 12.00000, 25.70100, 0.00875 }, { 12.00000, 25.70100, 0.00875 }, { 12.00000, 25.70100, 0.00875 }, { 5.70001, 25.70095, 0.00875 }, { 5.70001, 25.70095, 0.00875 }, { 5.70001, 25.70095, 0.00875 }, { 5.70001, 24.00000, 0.00875 }, { 5.70001, 24.00000, 0.00875 }, { 5.70001, 24.00000, 0.00875 }, { 6.79578, 24.00000, 0.00875 }, { 6.79578, 24.00000, 0.00875 }, { 6.79578, 24.00000, 0.00875 }, { 6.79794, 21.39999, 0.00875 }, { 6.79794, 21.39999, 0.00875 }, },
			},
			["shared/grass_cutted_01.gtex.lua"] = {
				{ { 12.00000, 3.34875, 0.00875 }, { 12.00000, 3.34875, 0.00875 }, { 12.00000, 21.40000, -0.00875 }, { 12.00000, 21.40000, -0.00875 }, { 12.00000, 21.40000, -0.00875 }, { 9.43448, 21.40000, 0.00875 }, { 9.43448, 21.40000, 0.00875 }, { 9.43448, 21.40000, 0.00875 }, { 9.43448, 9.34778, 0.00875 }, { 9.43448, 9.34778, 0.00875 }, { 9.43448, 9.34778, 0.00875 }, { 6.41589, 9.34778, 0.00875 }, { 6.41589, 9.34778, 0.00875 }, { 6.41589, 9.34778, 0.00875 }, { 6.41589, 3.34875, 0.00875 }, { 6.41589, 3.34875, 0.00875 }, },
			},
		},
	},
	["layout_1"] = {
		models = {
			["asset/commercial/all_eras/era_b_com_wall.mdl"] = {
				{ -1.00000, 0.00000, 0.00000, 0.00000, -0.00000, -1.00000, 0.00000, 0.00000, 0.00000, 0.00000, 1.00000, 0.00000, -10.50000, 31.85005, 0.00000, 1.00000, },
				{ -1.00000, 0.00000, 0.00000, 0.00000, -0.00000, -1.00000, 0.00000, 0.00000, 0.00000, 0.00000, 1.00000, 0.00000, -7.50000, 31.85005, 0.00000, 1.00000, },
				{ -1.00000, 0.00000, 0.00000, 0.00000, -0.00000, -1.00000, 0.00000, 0.00000, 0.00000, 0.00000, 1.00000, 0.00000, -4.50000, 31.85005, 0.00000, 1.00000, },
				{ -1.00000, 0.00000, 0.00000, 0.00000, -0.00000, -1.00000, 0.00000, 0.00000, 0.00000, 0.00000, 1.00000, 0.00000, -1.50000, 31.85005, 0.00000, 1.00000, },
				{ -1.00000, 0.00000, 0.00000, 0.00000, -0.00000, -1.00000, -0.00000, 0.00000, 0.00000, -0.00000, 1.00000, 0.00000, 1.50000, 31.85005, 0.00000, 1.00000, },
				{ -1.00000, 0.00000, 0.00000, 0.00000, -0.00000, -1.00000, -0.00000, 0.00000, 0.00000, -0.00000, 1.00000, 0.00000, 4.50000, 31.85005, 0.00000, 1.00000, },
				{ -1.00000, 0.00000, 0.00000, 0.00000, -0.00000, -1.00000, -0.00000, 0.00000, 0.00000, -0.00000, 1.00000, 0.00000, 7.50000, 31.85005, 0.00000, 1.00000, },
				{ -1.00000, 0.00000, 0.00000, 0.00000, -0.00000, -1.00000, -0.00000, 0.00000, 0.00000, -0.00000, 1.00000, 0.00000, 7.50000, 21.50005, 0.00000, 1.00000, },
				{ -1.00000, 0.00000, 0.00000, 0.00000, -0.00000, -1.00000, -0.00000, 0.00000, 0.00000, -0.00000, 1.00000, 0.00000, 7.50000, 25.55100, 0.00000, 1.00000, },
				{ -1.00000, 0.00000, 0.00000, 0.00000, -0.00000, -1.00000, -0.00000, 0.00000, 0.00000, -0.00000, 1.00000, 0.00000, 7.20000, 3.50006, 0.00000, 1.00000, },
				{ 0.00000, 1.00000, 0.00000, 0.00000, -1.00000, 0.00000, -0.00000, 0.00000, -0.00000, -0.00000, 1.00000, 0.00000, 5.85000, 24.20095, 0.00000, 1.00000, },
				{ -1.00000, 0.00000, 0.00000, 0.00000, -0.00000, -1.00000, -0.00000, 0.00000, 0.00000, -0.00000, 1.00000, 0.00000, 10.50000, 31.85005, 0.00000, 1.00000, },
				{ -1.00000, 0.00000, 0.00000, 0.00000, -0.00000, -1.00000, -0.00000, 0.00000, 0.00000, -0.00000, 1.00000, 0.00000, 10.50000, 21.50005, 0.00000, 1.00000, },
				{ -1.00000, 0.00000, 0.00000, 0.00000, -0.00000, -1.00000, -0.00000, 0.00000, 0.00000, -0.00000, 1.00000, 0.00000, 10.50000, 25.55100, 0.00000, 1.00000, },
				{ -1.00000, 0.00000, 0.00000, 0.00000, -0.00000, -1.00000, -0.00000, 0.00000, 0.00000, -0.00000, 1.00000, 0.00000, 10.20000, 3.50006, 0.00000, 1.00000, },
				{ -0.00000, 1.00000, -0.00000, 0.00000, -1.00000, -0.00000, -0.00000, 0.00000, -0.00000, -0.00000, 1.00000, 0.00000, 11.85000, 10.85006, 0.00000, 1.00000, },
				{ -0.00000, 1.00000, -0.00000, 0.00000, -1.00000, -0.00000, -0.00000, 0.00000, -0.00000, -0.00000, 1.00000, 0.00000, 11.85000, 13.85006, 0.00000, 1.00000, },
				{ -0.00000, 1.00000, -0.00000, 0.00000, -1.00000, -0.00000, -0.00000, 0.00000, -0.00000, -0.00000, 1.00000, 0.00000, 11.85000, 16.85006, 0.00000, 1.00000, },
				{ -0.00000, 1.00000, -0.00000, 0.00000, -1.00000, -0.00000, -0.00000, 0.00000, -0.00000, -0.00000, 1.00000, 0.00000, 11.85000, 19.85006, 0.00000, 1.00000, },
				{ -0.00000, 1.00000, -0.00000, 0.00000, -1.00000, -0.00000, -0.00000, 0.00000, -0.00000, -0.00000, 1.00000, 0.00000, 11.85000, 7.85006, 0.00000, 1.00000, },
				{ -0.00000, 1.00000, -0.00000, 0.00000, -1.00000, -0.00000, -0.00000, 0.00000, -0.00000, -0.00000, 1.00000, 0.00000, 11.85000, 4.85006, 0.00000, 1.00000, },
				{ 0.80000, 0.00000, 0.00000, 0.00000, 0.00000, 1.00000, 0.00000, 0.00000, -0.00000, 0.00000, 1.00000, 0.00000, -10.80000, 25.55100, 0.00000, 1.00000, align = { -10.80000, 20.90100 }, },
				{ -0.00000, 1.00000, 0.00000, 0.00000, -1.00000, -0.00000, -0.00000, 0.00000, 0.00000, -0.00000, 1.00000, 0.00000, -9.75000, 20.90100, -0.00000, 1.00000, align = { -10.80000, 20.90100 }, },
				{ -0.00000, 1.00000, 0.00000, 0.00000, -1.00000, -0.00000, -0.00000, 0.00000, 0.00000, -0.00000, 1.00000, 0.00000, -9.75000, 23.90100, 0.00000, 1.00000, align = { -10.80000, 20.90100 }, },
				{ 0.80000, 0.00000, 0.00000, 0.00000, 0.00000, 1.00000, 0.00000, 0.00000, -0.00000, 0.00000, 1.00000, 0.00000, -10.80000, 19.25100, -0.00000, 1.00000, align = { -10.80000, 20.90100 }, },
				{ -0.00000, 1.00000, 0.00000, 0.00000, -1.00000, -0.00000, -0.00000, 0.00000, 0.00000, -0.00000, 1.00000, 0.00000, -11.85000, 20.90100, -0.00000, 1.00000, align = { -10.80000, 20.90100 }, },
				{ -0.00000, 1.00000, 0.00000, 0.00000, -1.00000, -0.00000, -0.00000, 0.00000, 0.00000, -0.00000, 1.00000, 0.00000, -11.85000, 23.90100, 0.00000, 1.00000, align = { -10.80000, 20.90100 }, },
			},
			["asset/commercial/era_b/com_neon_sign_billiards.mdl"] = {
				{ -0.00000, 0.71527, 0.00000, 0.00000, -0.71527, -0.00000, 0.00000, 0.00000, 0.00000, 0.00000, 0.71527, 0.00000, 4.72974, 9.07920, 34.47681, 1.00000, align = { 0.00000, 0.00000 }, },
			},
			["asset/commercial/era_b/com_neon_sign_dancing.mdl"] = {
				{ -0.00000, 0.71527, 0.00000, 0.00000, -0.71527, -0.00000, 0.00000, 0.00000, 0.00000, 0.00000, 0.71527, 0.00000, 4.72974, 9.07920, 30.22681, 1.00000, align = { 0.00000, 0.00000 }, },
			},
			["asset/commercial/era_b/com_neon_sign_roller.mdl"] = {
				{ -0.00000, 0.71527, 0.00000, 0.00000, -0.71527, -0.00000, 0.00000, 0.00000, 0.00000, 0.00000, 0.71527, 0.00000, 4.72974, 9.07920, 25.37681, 1.00000, align = { 0.00000, 0.00000 }, },
			},
			["asset/commercial/era_b/wall_grip.mdl"] = {
				{ 0.47100, 0.00000, 0.00000, 0.00000, 0.00000, 0.47100, 0.00000, 0.00000, 0.00000, 0.00000, 0.47100, 0.00000, -8.58179, 14.46736, 5.99025, 1.00000, align = { 0.00000, 0.00000 }, },
				{ -0.00000, 0.44377, 0.00000, 0.00000, -0.44377, -0.00000, 0.00000, 0.00000, 0.00000, 0.00000, 0.44377, 0.00000, 4.20054, 3.34876, 6.04967, 1.00000, align = { 0.00000, 0.00000 }, },
			},
			["asset/ground/garden_bench_wood_01.mdl"] = {
				{ -0.00000, 1.00000, -0.00000, 0.00000, -1.00000, -0.00000, 0.00000, 0.00000, -0.00000, 0.00000, 1.00000, 0.00000, -8.96000, 24.33000, 0.00000, 1.00000, },
				{ -0.00000, 1.00000, -0.00000, 0.00000, -1.00000, -0.00000, 0.00000, 0.00000, -0.00000, 0.00000, 1.00000, 0.00000, -8.96000, 20.49000, -0.00000, 1.00000, },
			},
			["asset/ground/garden_chair_plastic_01.mdl"] = {
				{ 0.33874, -0.94088, -0.00000, 0.00000, 0.94088, 0.33874, 0.00000, 0.00000, 0.00000, -0.00000, 1.00000, 0.00000, -4.63291, 20.69572, 19.59999, 1.00000, align = { 0.00000, 0.00000 }, ignore = { 2, 30 }, },
				{ 0.36812, -0.92978, -0.00000, 0.00000, 0.92978, 0.36812, 0.00000, 0.00000, 0.00000, -0.00000, 1.00000, 0.00000, -4.69007, 19.31242, 16.59999, 1.00000, align = { 0.00000, 0.00000 }, ignore = { 3, 30 }, },
				{ 0.47562, -0.87965, -0.00000, 0.00000, 0.87965, 0.47562, 0.00000, 0.00000, 0.00000, -0.00000, 1.00000, 0.00000, -4.64525, 20.90956, 31.59998, 1.00000, align = { 0.00000, 0.00000 }, ignore = { 4, 30 }, },
				{ -0.21132, -0.97742, -0.00000, 0.00000, 0.97742, -0.21132, 0.00000, 0.00000, -0.00000, 0.00000, 1.00000, 0.00000, -4.62994, 19.84402, 31.59998, 1.00000, align = { 0.00000, 0.00000 }, ignore = { 5, 30 }, },
				{ -0.36162, -0.93232, -0.00000, 0.00000, 0.93232, -0.36162, 0.00000, 0.00000, -0.00000, 0.00000, 1.00000, 0.00000, -4.60387, 19.76187, 19.59999, 1.00000, align = { 0.00000, 0.00000 }, ignore = { 6, 30 }, },
				{ 0.66131, -0.75011, -0.00000, 0.00000, 0.75011, 0.66131, 0.00000, 0.00000, 0.00000, -0.00000, 1.00000, 0.00000, -4.58880, 20.26703, 37.59998, 1.00000, align = { 0.00000, 0.00000 }, ignore = { 7, 30 }, },
				{ -0.39394, -0.91914, -0.00000, 0.00000, 0.91914, -0.39394, 0.00000, 0.00000, -0.00000, 0.00000, 1.00000, 0.00000, -4.66770, 17.19558, 25.59999, 1.00000, align = { 0.00000, 0.00000 }, ignore = { 8, 30 }, },
			},
			["asset/industry/cardboard_box_01.mdl"] = {
				{ -0.99635, 0.08542, -0.00000, 0.00000, -0.08542, -0.99635, 0.00000, 0.00000, -0.00000, 0.00000, 1.00000, 0.00000, 8.08500, 24.14000, 0.00000, 1.00000, },
				{ -0.99470, -0.10279, -0.00000, 0.00000, 0.10279, -0.99470, 0.00000, 0.00000, -0.00000, 0.00000, 1.00000, 0.00000, 7.38500, 23.79000, 0.00000, 1.00000, },
				{ -0.99276, 0.12014, -0.00000, 0.00000, -0.12014, -0.99276, 0.00000, 0.00000, -0.00000, 0.00000, 1.00000, 0.00000, 7.38500, 24.75000, 0.00000, 1.00000, },
				{ -0.37622, -0.92653, -0.00000, 0.00000, 0.92653, -0.37622, 0.00000, 0.00000, -0.00000, 0.00000, 1.00000, 0.00000, 6.56500, 24.67000, 0.00000, 1.00000, ignore = { 17, 50 }, },
				{ -0.13226, -0.99122, 0.00000, 0.00000, 0.99122, -0.13226, 0.00000, 0.00000, 0.00000, 0.00000, 1.00000, 0.00000, 7.74091, 24.01423, 0.50694, 1.00000, ignore = { 17, 50 }, },
				{ 0.08368, -0.99649, 0.00000, 0.00000, 0.99649, 0.08368, 0.00000, 0.00000, 0.00000, 0.00000, 1.00000, 0.00000, 7.87091, 24.71424, 0.50694, 1.00000, ignore = { 17, 50 }, },
			},
			["asset/vegetation/hedge_3m.mdl"] = {
				{ -1.00000, 0.00000, -0.00000, 0.00000, -0.00000, -1.00000, -0.00000, 0.00000, -0.00000, 0.00000, 1.00000, 0.00000, 11.23725, 13.98971, 0.00000, 1.00000, },
				{ -1.00000, 0.00000, -0.00000, 0.00000, -0.00000, -1.00000, -0.00000, 0.00000, -0.00000, 0.00000, 1.00000, 0.00000, 11.23725, 11.28971, 0.00000, 1.00000, },
				{ -1.00000, 0.00000, -0.00000, 0.00000, -0.00000, -1.00000, -0.00000, 0.00000, -0.00000, 0.00000, 1.00000, 0.00000, 11.23725, 19.48971, 0.00000, 1.00000, },
				{ -1.00000, 0.00000, -0.00000, 0.00000, -0.00000, -1.00000, -0.00000, 0.00000, -0.00000, 0.00000, 1.00000, 0.00000, 11.23725, 8.28971, 0.00000, 1.00000, },
				{ -1.00000, 0.00000, -0.00000, 0.00000, -0.00000, -1.00000, -0.00000, 0.00000, -0.00000, 0.00000, 1.00000, 0.00000, 11.23725, 5.48971, 0.00000, 1.00000, },
				{ -1.00000, 0.00000, -0.00000, 0.00000, -0.00000, -1.00000, -0.00000, 0.00000, -0.00000, 0.00000, 1.00000, 0.00000, 11.23725, 16.88971, 0.00000, 1.00000, },
				{ 0.00000, 1.00000, -0.00000, 0.00000, -1.00000, 0.00000, -0.00000, 0.00000, -0.00000, 0.00000, 1.00000, 0.00000, 9.80929, 4.07383, 0.00000, 1.00000, },
			},
			["asset/vegetation/hedge_m.mdl"] = {
				{ -0.00000, -0.75000, 0.00000, 0.00000, 0.75000, -0.00000, -0.00000, 0.00000, 0.00000, -0.00000, 0.75000, 0.00000, 8.00892, 4.06641, 0.00000, 1.00000, },
				{ -0.00000, -0.75000, 0.00000, 0.00000, 0.75000, -0.00000, -0.00000, 0.00000, 0.00000, -0.00000, 0.75000, 0.00000, 10.50892, 20.88641, 0.00000, 1.00000, },
				{ -0.00000, -0.75000, 0.00000, 0.00000, 0.75000, -0.00000, -0.00000, 0.00000, 0.00000, -0.00000, 0.75000, 0.00000, 7.23892, 4.06641, 0.00000, 1.00000, },
			},
			["street/street_asset_mix/trash_standing_a.mdl"] = {
				{ 1.00000, 0.00000, 0.00000, 0.00000, 0.00000, 1.00000, 0.00000, 0.00000, 0.00000, 0.00000, 1.00000, 0.00000, -8.98000, 22.41000, 0.00000, 1.00000, },
			},
			["street/street_light_us_a.mdl"] = {
				{ 0.00000, 1.00000, 0.00000, 0.00000, -1.00000, 0.00000, 0.00000, 0.00000, 0.00000, 0.00000, 1.00000, 0.00000, -7.20001, 30.90000, 0.00000, 1.00000, },
				{ 0.00000, 1.00000, 0.00000, 0.00000, -1.00000, 0.00000, 0.00000, 0.00000, 0.00000, 0.00000, 1.00000, 0.00000, -2.39999, 30.90000, 0.00000, 1.00000, },
				{ 0.00000, 1.00000, 0.00000, 0.00000, -1.00000, 0.00000, 0.00000, 0.00000, 0.00000, 0.00000, 1.00000, 0.00000, 2.39999, 30.90000, 0.00000, 1.00000, },
				{ 0.00000, 1.00000, 0.00000, 0.00000, -1.00000, 0.00000, 0.00000, 0.00000, 0.00000, 0.00000, 1.00000, 0.00000, 7.20001, 30.90000, 0.00000, 1.00000, },
			},
		},
		groups = {
			["era_a_garden_chair.grp"] = {
				{ 0.99588, -0.09063, 0.00000, 0.00000, 0.09063, 0.99588, -0.00000, 0.00000, -0.00000, 0.00000, 1.00000, 0.00000, -4.52304, 20.38853, 28.59999, 1.00000, align = { 0.00000, 0.00000 }, seed = 456, ignore = { 9, 20 }, },
				{ -0.97667, 0.21474, -0.00000, 0.00000, -0.21474, -0.97667, 0.00000, 0.00000, 0.00000, 0.00000, 1.00000, 0.00000, -4.70871, 19.15236, 28.59999, 1.00000, align = { 0.00000, 0.00000 }, seed = 456, ignore = { 10, 20 }, },
				{ 0.99912, 0.04188, 0.00000, 0.00000, -0.04188, 0.99912, 0.00000, 0.00000, 0.00000, -0.00000, 1.00000, 0.00000, -4.63824, 20.84121, 10.59998, 1.00000, align = { 0.00000, 0.00000 }, seed = 456, ignore = { 11, 20 }, },
				{ -0.99649, 0.08368, -0.00000, 0.00000, -0.08368, -0.99649, 0.00000, 0.00000, 0.00000, 0.00000, 1.00000, 0.00000, -4.65879, 19.59134, 10.59998, 1.00000, align = { 0.00000, 0.00000 }, seed = 456, ignore = { 12, 20 }, },
			},
			["era_b_advertisement.grp"] = {
				{ -0.92000, -0.00000, 0.00000, 0.00000, 0.00000, -0.92000, 0.00000, 0.00000, 0.00000, 0.00000, 0.92000, 0.00000, 0.88000, 23.95000, 1.74000, 1.00000, align = { 0.00000, 0.00000 }, seed = 615, },
			},
			["era_b_garbage_container.grp"] = {
				{ -0.99961, -0.02792, 0.00000, 0.00000, 0.02792, -0.99961, 0.00000, 0.00000, 0.00000, 0.00000, 1.00000, 0.00000, 8.06000, 22.56000, 0.00000, 1.00000, },
				{ -0.99996, -0.00873, 0.00000, 0.00000, 0.00873, -0.99996, 0.00000, 0.00000, 0.00000, 0.00000, 1.00000, 0.00000, 10.69000, 22.50000, 0.00000, 1.00000, },
			},
			["era_b_neon_wall_sign_food.grp"] = {
				{ -0.00000, 0.44377, 0.00000, 0.00000, -0.44377, -0.00000, 0.00000, 0.00000, 0.00000, 0.00000, 0.44377, 0.00000, 4.20054, 1.75120, 6.04967, 1.00000, align = { 0.00000, 0.00000 }, seed = 987, },
			},
			["era_b_neon_wall_sign_food_flat.grp"] = {
				{ 0.45000, 0.00000, 0.00000, 0.00000, 0.00000, 0.45000, 0.00000, 0.00000, 0.00000, 0.00000, 0.45000, 0.00000, 4.18086, 3.19876, 1.78444, 1.00000, align = { 0.00000, 0.00000 }, seed = 987, },
				{ -0.00000, 0.45000, 0.00000, 0.00000, -0.45000, -0.00000, 0.00000, 0.00000, 0.00000, 0.00000, 0.45000, 0.00000, 6.56589, 5.67660, 1.80000, 1.00000, align = { 0.00000, 0.00000 }, seed = 987, },
				{ -0.00000, 0.45000, 0.00000, 0.00000, -0.45000, -0.00000, 0.00000, 0.00000, 0.00000, 0.00000, 0.45000, 0.00000, 9.56847, 11.30927, 1.80000, 1.00000, align = { 0.00000, 0.00000 }, seed = 987, },
				{ -0.00000, 0.45000, 0.00000, 0.00000, -0.45000, -0.00000, 0.00000, 0.00000, 0.00000, 0.00000, 0.45000, 0.00000, 9.56847, 15.30927, 1.80000, 1.00000, align = { 0.00000, 0.00000 }, seed = 987, },
				{ -0.00000, 0.45000, 0.00000, 0.00000, -0.45000, -0.00000, 0.00000, 0.00000, 0.00000, 0.00000, 0.45000, 0.00000, 9.56847, 19.30927, 1.80000, 1.00000, align = { 0.00000, 0.00000 }, seed = 987, },
			},
			["era_b_neon_wall_sign_fun.grp"] = {
				{ 0.47100, 0.00000, 0.00000, 0.00000, 0.00000, 0.47100, 0.00000, 0.00000, 0.00000, 0.00000, 0.47100, 0.00000, -10.13609, 14.46736, 5.99025, 1.00000, align = { 0.00000, 0.00000 }, seed = 615, },
				{ 0.52059, -0.00000, 0.00000, 0.00000, 0.00000, 0.52059, 0.00000, 0.00000, 0.00000, 0.00000, 0.52059, 0.00000, -6.32415, 3.34876, 4.63725, 1.00000, align = { 0.00000, 0.00000 }, seed = 615, },
			},
			["era_b_neon_wall_sign_fun_flat.grp"] = {
				{ -0.00000, -0.50000, 0.00000, 0.00000, 0.50000, -0.00000, 0.00000, 0.00000, 0.00000, 0.00000, 0.50000, 0.00000, -8.73179, 6.77978, 1.80056, 1.00000, align = { 0.00000, 0.00000 }, seed = 615, },
				{ -0.00000, -0.50000, 0.00000, 0.00000, 0.50000, -0.00000, 0.00000, 0.00000, 0.00000, 0.00000, 0.50000, 0.00000, -8.73179, 12.08708, 1.80056, 1.00000, align = { 0.00000, 0.00000 }, seed = 615, },
			},
			["era_b_restaurant_sign_big.grp"] = {
				{ -0.00000, 0.62815, -0.00000, 0.00000, -0.62815, -0.00000, 0.00000, 0.00000, -0.00000, 0.00000, 0.62815, 0.00000, 6.41608, 5.68768, 3.59479, 1.00000, align = { 0.00000, 0.00000 }, seed = 987, },
				{ 0.62815, -0.00000, 0.00000, 0.00000, 0.00000, 0.62815, 0.00000, 0.00000, -0.00000, -0.00000, 0.62815, 0.00000, 4.17608, 3.34768, 3.59479, 1.00000, align = { 0.00000, 0.00000 }, seed = 987, },
				{ -0.00000, 0.62815, -0.00000, 0.00000, -0.62815, -0.00000, 0.00000, 0.00000, -0.00000, 0.00000, 0.62815, 0.00000, 9.41608, 11.34768, 3.59479, 1.00000, align = { 0.00000, 0.00000 }, seed = 987, },
				{ -0.00000, 0.62815, -0.00000, 0.00000, -0.62815, -0.00000, 0.00000, 0.00000, -0.00000, 0.00000, 0.62815, 0.00000, 9.41608, 15.34768, 3.59479, 1.00000, align = { 0.00000, 0.00000 }, seed = 987, },
				{ -0.00000, 0.62815, -0.00000, 0.00000, -0.62815, -0.00000, 0.00000, 0.00000, -0.00000, 0.00000, 0.62815, 0.00000, 9.41608, 19.34768, 3.59479, 1.00000, align = { 0.00000, 0.00000 }, seed = 987, },
			},
			["era_b_restaurant_wall_sign_small.grp"] = {
				{ 1.00000, 0.00000, 0.00000, 0.00000, 0.00000, 1.00000, 0.00000, 0.00000, 0.00000, 0.00000, 1.00000, 0.00000, -3.25810, 1.89026, 4.28414, 1.00000, align = { 0.00000, 0.00000 }, seed = 987, },
			},
			["era_b_sunshade_small.grp"] = {
				{ -0.18738, 0.98229, -0.00000, 0.00000, -0.98229, -0.18738, 0.00000, 0.00000, 0.00000, 0.00000, 1.00000, 0.00000, -4.61253, 20.30934, 22.59999, 1.00000, align = { 0.00000, 0.00000 }, ignore = { 13, 50 }, },
				{ -0.46115, 0.65372, -0.00000, 0.00000, -0.65372, -0.46115, 0.00000, 0.00000, -0.00000, 0.00000, 0.80000, 0.00000, -4.76738, 20.36320, 31.59998, 1.00000, align = { 0.00000, 0.00000 }, ignore = { 14, 50 }, },
				{ 0.36488, 0.93106, 0.00000, 0.00000, -0.93106, 0.36488, 0.00000, 0.00000, -0.00000, -0.00000, 1.00000, 0.00000, -4.75985, 17.97934, 16.59999, 1.00000, align = { 0.00000, 0.00000 }, ignore = { 15, 50 }, },
				{ -0.37874, 0.74977, -0.00000, 0.00000, -0.74977, -0.37874, 0.00000, 0.00000, 0.00000, 0.00000, 0.84000, 0.00000, -4.86528, 19.58287, 37.59998, 1.00000, align = { 0.00000, 0.00000 }, ignore = { 16, 50 }, },
			},
			["garden_table_round.grp"] = {
				{ -0.15643, -0.98769, -0.00000, 0.00000, 0.98769, -0.15643, 0.00000, 0.00000, -0.00000, 0.00000, 1.00000, 0.00000, -4.61172, 19.76472, 28.59999, 1.00000, align = { 0.00000, 0.00000 }, seed = 456, },
				{ -0.02443, -0.99970, -0.00000, 0.00000, 0.99970, -0.02443, 0.00000, 0.00000, -0.00000, -0.00000, 1.00000, 0.00000, -4.64364, 20.21116, 10.59998, 1.00000, align = { 0.00000, 0.00000 }, seed = 456, },
			},
			["random_shrub_town.grp"] = {
				{ 0.17835, -0.67690, 0.00000, 0.00000, 0.67690, 0.17835, 0.00000, 0.00000, -0.00000, 0.00000, 0.70000, 0.00000, -10.82562, 20.25108, -0.00000, 1.00000, align = { -10.80000, 20.90100 }, },
				{ -0.50466, 0.48510, 0.00000, 0.00000, -0.48510, -0.50466, -0.00000, 0.00000, 0.00000, -0.00000, 0.70000, 0.00000, -10.82562, 22.99108, 0.00000, 1.00000, align = { -10.80000, 20.90100 }, },
				{ 0.68313, -0.15274, 0.00000, 0.00000, 0.15274, 0.68313, 0.00000, 0.00000, -0.00000, 0.00000, 0.70000, 0.00000, -10.82562, 20.93108, 0.00000, 1.00000, align = { -10.80000, 20.90100 }, },
				{ -0.69977, -0.01779, 0.00000, 0.00000, 0.01779, -0.69977, 0.00000, 0.00000, 0.00000, 0.00000, 0.70000, 0.00000, -10.82562, 23.99108, 0.00000, 1.00000, align = { -10.80000, 20.90100 }, },
				{ 0.20997, 0.66777, 0.00000, 0.00000, -0.66777, 0.20997, -0.00000, 0.00000, -0.00000, -0.00000, 0.70000, 0.00000, -10.85562, 22.14108, 0.00000, 1.00000, align = { -10.80000, 20.90100 }, },
				{ 0.41276, 0.56536, 0.00000, 0.00000, -0.56536, 0.41276, -0.00000, 0.00000, -0.00000, -0.00000, 0.70000, 0.00000, -10.85562, 24.74108, 0.00000, 1.00000, align = { -10.80000, 20.90100 }, },
			},
		},
	},
}
--End Generated

function data()
	return townbuildingutil.make_building2(
		{ { -4.60, -0.10 }, { 4.60, -0.10 }, { 4.60, 9.10 }, { -4.60, 9.10 } },
		"COMMERCIAL", 
		"B", 
		3,
		{ 3, 4 },
		generatedData,
		"construction/building/era_b/com_3_3x4_01.gtex"
	)
end
