local townbuildingutil = require "townbuildingutil"

--Model file: "building/era_b/com_2_1x1_01.mdl"

--Begin Generated
local generatedData = {
	["base"] = {
		models = {
			["building/era_b/com_2_1x1_01.mdl"] = {
				{ 1.00000, 0.00000, 0.00000, 0.00000, 0.00000, 1.00000, 0.00000, 0.00000, 0.00000, 0.00000, 1.00000, 0.00000, 0.00000, 0.00000, 0.00000, 1.00000, },
			},
		},
		curves = {
			["scaffold"] = {
				{ { 3.07141, 0.62284, 0.00000 }, { 3.07141, 0.62284, 0.00000 }, { 3.06429, 7.30751, 0.00000 }, { 3.06429, 7.30751, 0.00000 }, { 3.06429, 7.30751, 0.00000 }, { -3.02869, 7.31423, 0.00000 }, { -3.02869, 7.31423, 0.00000 }, { -3.02869, 7.31423, 0.00000 }, { -3.02869, 0.62284, 0.00000 }, { -3.02869, 0.62284, 0.00000 }, },
			},
			["shared/asphalt_02.gtex.lua;shared/dirt.gtex.lua"] = {
				{ { 4.00000, 0.00000, 0.00000 }, { 4.00000, 0.00000, 0.00000 }, { 4.00000, 8.00000, 0.00000 }, { 4.00000, 8.00000, 0.00000 }, { 4.00000, 8.00000, 0.00000 }, { -4.00000, 8.00000, 0.00000 }, { -4.00000, 8.00000, 0.00000 }, { -4.00000, 8.00000, 0.00000 }, { -4.00000, 0.00000, 0.00000 }, { -4.00000, 0.00000, 0.00000 }, },
			},
		},
	},
	["layout_1"] = {
		models = {
			["asset/industry/cardboard_box_01.mdl"] = {
				{ 0.99744, -0.07150, -0.00000, 0.00000, 0.07150, 0.99744, 0.00000, 0.00000, -0.00000, -0.00000, 1.00000, 0.00000, -3.00733, 7.51861, 0.00000, 1.00000, },
				{ 0.98450, 0.17537, 0.00000, 0.00000, -0.17537, 0.98450, 0.00000, 0.00000, 0.00000, 0.00000, 1.00000, 0.00000, -2.27808, 7.48550, 0.00000, 1.00000, },
				{ -0.02094, -0.99978, -0.00000, 0.00000, 0.99978, -0.02094, -0.00000, 0.00000, -0.00000, -0.00000, 1.00000, 0.00000, -1.89290, 7.46392, 0.50694, 1.00000, ignore = { 2, 50 }, },
				{ 0.99926, 0.03839, 0.00000, 0.00000, -0.03839, 0.99926, 0.00000, 0.00000, 0.00000, 0.00000, 1.00000, 0.00000, -2.98268, 7.71361, 0.50694, 1.00000, ignore = { 2, 50 }, },
				{ -0.99951, -0.03141, -0.00000, 0.00000, 0.03141, -0.99951, -0.00000, 0.00000, -0.00000, -0.00000, 1.00000, 0.00000, -1.49627, 7.53107, 0.00000, 1.00000, ignore = { 2, 50 }, },
			},
		},
		groups = {
			["era_a_wooden_box_on.grp"] = {
				{ 0.02792, -0.99961, 0.00000, 0.00000, 0.99961, 0.02792, 0.00000, 0.00000, 0.00000, 0.00000, 1.00000, 0.00000, 0.29000, 7.47000, 0.00000, 1.00000, seed = 278, },
				{ 0.99998, -0.00698, 0.00000, 0.00000, 0.00698, 0.99998, 0.00000, 0.00000, 0.00000, 0.00000, 1.00000, 0.00000, 0.19677, 7.55988, 0.89113, 1.00000, seed = 256, ignore = { 3, 25 }, },
			},
			["era_b_general_store_sign_small.grp"] = {
				{ 0.60847, 0.00000, 0.00000, 0.00000, 0.00000, 0.60847, 0.00000, 0.00000, 0.00000, 0.00000, 0.60847, 0.00000, 1.22621, 0.96857, 3.75195, 1.00000, },
			},
			["era_b_general_store_wall_sign_small.grp"] = {
				{ 1.00000, 0.00000, 0.00000, 0.00000, 0.00000, 1.00000, 0.00000, 0.00000, 0.00000, 0.00000, 1.00000, 0.00000, -2.41859, 0.96857, 4.40561, 1.00000, },
			},
		},
	},
}
--End Generated

function data()
	return townbuildingutil.make_building2(
		{ { -4.60, -0.10 }, { 4.60, -0.10 }, { 4.60, 9.10 }, { -4.60, 9.10 } },
		"COMMERCIAL", 
		"B", 
		2,
		{ 1, 1 },
		generatedData,
		"construction/building/era_b/com_2_1x1_01.gtex"
	)
end
