local townbuildingutil = require "townbuildingutil"

--Model file: "building/era_b/com_2_4x4_01.mdl"

--Begin Generated
local generatedData = {
	["base"] = {
		models = {
			["building/era_b/com_2_4x4_01.mdl"] = {
				{ 1.00000, 0.00000, 0.00000, 0.00000, 0.00000, 1.00000, 0.00000, 0.00000, 0.00000, 0.00000, 1.00000, 0.00000, 0.00000, 4.00000, 0.00000, 1.00000, },
			},
		},
		curves = {
			["scaffold"] = {
				{ { 10.94223, 5.95828, 0.00000 }, { 10.94223, 5.95828, 0.00000 }, { 10.94223, 7.06609, 0.00000 }, { 10.94223, 7.06609, 0.00000 }, { 10.94223, 7.06609, 0.00000 }, { 12.05801, 7.06609, 0.00000 }, { 12.05801, 7.06609, 0.00000 }, { 12.05801, 7.06609, 0.00000 }, { 12.04996, 18.19795, 0.00000 }, { 12.04996, 18.19795, 0.00000 }, { 12.04996, 18.19795, 0.00000 }, { 7.45789, 18.19795, 0.00000 }, { 7.45789, 18.19795, 0.00000 }, { 7.45789, 18.19795, 0.00000 }, { 7.45789, 24.54440, 0.00000 }, { 7.45789, 24.54442, 0.00000 }, { 7.45789, 24.54442, 0.00000 }, { -6.50583, 24.55182, 0.00000 }, { -6.50583, 24.55182, 0.00000 }, { -6.50583, 24.55182, 0.00000 }, { -6.50583, 19.72176, 0.00000 }, { -6.50583, 19.72176, 0.00000 }, { -6.50583, 19.72176, 0.00000 }, { -12.64270, 19.72176, 0.00000 }, { -12.64270, 19.72176, 0.00000 }, { -12.64270, 19.72176, 0.00000 }, { -12.64270, 7.06609, 0.00000 }, { -12.64270, 7.06608, 0.00000 }, { -12.64270, 7.06608, 0.00000 }, { -11.63278, 7.06609, 0.00000 }, { -11.63278, 7.06609, 0.00000 }, { -11.63278, 7.06609, 0.00000 }, { -11.63278, 5.95828, 0.00000 }, { -11.63278, 5.95828, 0.00000 }, { -11.63278, 5.95828, 0.00000 }, { -9.57962, 5.95828, 0.00000 }, { -9.57962, 5.95828, 0.00000 }, { -9.57962, 5.95828, 0.00000 }, { -9.57962, 7.07280, 0.00000 }, { -9.57962, 7.07280, 0.00000 }, { -9.57962, 7.07280, 0.00000 }, { -5.48386, 7.07280, 0.00000 }, { -5.48386, 7.07280, 0.00000 }, { -5.48386, 7.07280, 0.00000 }, { -5.48386, 5.95828, 0.00000 }, { -5.48386, 5.95828, 0.00000 }, { -5.48386, 5.95828, 0.00000 }, { -3.43069, 5.95828, 0.00000 }, { -3.43069, 5.95828, 0.00000 }, { -3.43069, 5.95828, 0.00000 }, { -3.43069, 7.07280, 0.00000 }, { -3.43069, 7.07280, 0.00000 }, { -3.43069, 7.07280, 0.00000 }, { 2.92410, 7.07280, 0.00000 }, { 2.92410, 7.07280, 0.00000 }, { 2.92410, 7.07280, 0.00000 }, { 2.92410, 5.95828, 0.00000 }, { 2.92410, 5.95828, 0.00000 }, { 2.92410, 5.95828, 0.00000 }, { 4.97726, 5.95828, 0.00000 }, { 4.97726, 5.95828, 0.00000 }, { 4.97726, 5.95828, 0.00000 }, { 4.97726, 7.07281, 0.00000 }, { 4.97726, 7.07281, 0.00000 }, { 4.97726, 7.07281, 0.00000 }, { 8.88907, 7.07281, 0.00000 }, { 8.88907, 7.07281, 0.00000 }, { 8.88907, 7.07281, 0.00000 }, { 8.88907, 5.95828, 0.00000 }, { 8.88907, 5.95828, 0.00000 }, },
			},
			["shared/asphalt_02.gtex.lua;shared/dirt.gtex.lua"] = {
				{ { 16.00000, 0.00000, -0.00001 }, { 16.00000, 0.00000, -0.00001 }, { 15.99997, 12.99561, -0.00001 }, { 15.99997, 12.99562, -0.00001 }, { 15.99997, 12.99562, -0.00001 }, { 11.78046, 12.99561, -0.00001 }, { 11.78046, 12.99561, -0.00001 }, { 11.78046, 12.99561, -0.00001 }, { 11.78046, 17.88104, -0.00001 }, { 11.78046, 17.88104, -0.00001 }, { 11.78046, 17.88104, -0.00001 }, { 7.14111, 17.88104, -0.00001 }, { 7.14111, 17.88104, -0.00001 }, { 7.14111, 17.88104, -0.00001 }, { 7.14111, 24.22449, -0.00001 }, { 7.14111, 24.22449, -0.00001 }, { 7.14111, 24.22449, -0.00001 }, { -6.18213, 24.22449, -0.00001 }, { -6.18213, 24.22449, -0.00001 }, { -6.18213, 24.22449, -0.00001 }, { -6.18213, 19.39813, -0.00001 }, { -6.18213, 19.39813, -0.00001 }, { -6.18213, 19.39813, -0.00001 }, { -12.31897, 19.39813, -0.00001 }, { -12.31897, 19.39813, -0.00001 }, { -12.31897, 19.39813, -0.00001 }, { -12.31897, 7.39191, -0.00001 }, { -12.31897, 7.39191, -0.00001 }, { -12.31897, 7.39191, -0.00001 }, { -16.00000, 7.39191, -0.00001 }, { -16.00000, 7.39191, -0.00001 }, { -16.00000, 7.39191, -0.00001 }, { -16.00000, 0.00000, -0.00001 }, { -16.00000, 0.00000, -0.00001 }, },
				{ { 15.99997, 12.99561, -0.00001 }, { 15.99997, 12.99562, -0.00001 }, { 15.99951, 32.00005, -0.00001 }, { 15.99951, 32.00005, -0.00001 }, { 15.99951, 32.00005, -0.00001 }, { -15.99948, 32.00005, -0.00001 }, { -15.99951, 32.00005, -0.00001 }, { -15.99951, 32.00005, -0.00001 }, { -16.00000, 7.39192, -0.00001 }, { -16.00000, 7.39191, -0.00001 }, { -16.00000, 7.39191, -0.00001 }, { -12.31897, 7.39191, -0.00001 }, { -12.31897, 7.39191, -0.00001 }, { -12.31897, 7.39191, -0.00001 }, { -12.31897, 28.69749, -0.00001 }, { -12.31897, 28.69749, -0.00001 }, { -12.31897, 28.69749, -0.00001 }, { 11.78046, 28.69749, -0.00001 }, { 11.78046, 28.69749, -0.00001 }, { 11.78046, 28.69749, -0.00001 }, { 11.78046, 12.99562, -0.00001 }, { 11.78046, 12.99561, -0.00001 }, },
			},
			["shared/asphalt_03.gtex.lua;shared/dirt.gtex.lua"] = {
				{ { 2.89951, 24.22449, -0.00001 }, { 2.89951, 24.22449, -0.00001 }, { 2.89951, 28.69749, -0.00001 }, { 2.89951, 28.69749, -0.00001 }, { 2.89951, 28.69749, -0.00001 }, { -1.91049, 28.69749, -0.00001 }, { -1.91049, 28.69749, -0.00001 }, { -1.91049, 28.69749, -0.00001 }, { -1.91049, 24.22449, -0.00001 }, { -1.91049, 24.22449, -0.00001 }, },
			},
			["shared/gravel_02.gtex.lua"] = {
				{ { -1.91049, 24.20000, -0.00001 }, { -1.91049, 24.20000, -0.00001 }, { -1.91049, 28.69749, -0.00001 }, { -1.91049, 28.69749, -0.00001 }, { -1.91052, 28.69749, -0.00001 }, { -12.31897, 28.69749, -0.00001 }, { -12.31897, 28.69749, -0.00001 }, { -12.31897, 28.69749, -0.00001 }, { -12.31897, 19.39813, -0.00001 }, { -12.31897, 19.39813, -0.00001 }, { -12.31897, 19.39813, -0.00001 }, { -6.18213, 19.39813, -0.00001 }, { -6.18213, 19.39813, -0.00001 }, { -6.18213, 19.39813, -0.00001 }, { -6.18213, 24.22449, -0.00001 }, { -6.18213, 24.22449, -0.00001 }, },
				{ { 11.78046, 17.88104, -0.00001 }, { 11.78046, 17.88104, -0.00001 }, { 11.78046, 28.69749, -0.00001 }, { 11.78046, 28.69749, -0.00001 }, { 11.78046, 28.69749, -0.00001 }, { 2.89951, 28.69749, -0.00001 }, { 2.89951, 28.69749, -0.00001 }, { 2.89951, 28.69749, -0.00001 }, { 2.89951, 24.22449, -0.00001 }, { 2.89951, 24.22449, -0.00001 }, { 2.89951, 24.22449, -0.00001 }, { 7.14111, 24.22449, -0.00001 }, { 7.14111, 24.22449, -0.00001 }, { 7.14111, 24.22449, -0.00001 }, { 7.14111, 17.88104, -0.00001 }, { 7.14111, 17.88104, -0.00001 }, },
			},
		},
	},
	["layout_1"] = {
		models = {
			["asset/commercial/all_eras/era_b_com_wall.mdl"] = {
				{ -1.00000, 0.00000, 0.00000, 0.00000, -0.00000, -1.00000, 0.00000, 0.00000, 0.00000, 0.00000, 1.00000, 0.00000, -14.49950, 31.85005, 0.00000, 1.00000, },
				{ -1.00000, 0.00000, 0.00000, 0.00000, -0.00000, -1.00000, 0.00000, 0.00000, 0.00000, 0.00000, 1.00000, 0.00000, -11.49950, 31.85005, 0.00000, 1.00000, },
				{ -1.00000, 0.00000, 0.00000, 0.00000, -0.00000, -1.00000, 0.00000, 0.00000, 0.00000, 0.00000, 1.00000, 0.00000, -8.49950, 31.85005, 0.00000, 1.00000, },
				{ -1.00000, 0.00000, 0.00000, 0.00000, -0.00000, -1.00000, 0.00000, 0.00000, 0.00000, 0.00000, 1.00000, 0.00000, -5.49950, 31.85005, 0.00000, 1.00000, },
				{ -0.90000, 0.00000, 0.00000, 0.00000, -0.00000, -1.00000, 0.00000, 0.00000, 0.00000, 0.00000, 1.00000, 0.00000, -2.64955, 31.85005, 0.00000, 1.00000, },
				{ -0.86850, 0.00000, 0.00000, 0.00000, -0.00000, -1.00000, 0.00000, 0.00000, 0.00000, 0.00000, 1.00000, 0.00000, 0.00681, 31.85005, 0.00000, 1.00000, },
				{ -0.90000, -0.00000, -0.00000, 0.00000, 0.00000, -1.00000, -0.00000, 0.00000, -0.00000, -0.00000, 1.00000, 0.00000, 2.65956, 31.85005, 0.00000, 1.00000, },
				{ -1.00000, -0.00000, -0.00000, 0.00000, 0.00000, -1.00000, -0.00000, 0.00000, -0.00000, -0.00000, 1.00000, 0.00000, 5.49951, 31.85005, 0.00000, 1.00000, },
				{ -1.00000, -0.00000, -0.00000, 0.00000, 0.00000, -1.00000, -0.00000, 0.00000, -0.00000, -0.00000, 1.00000, 0.00000, 8.49951, 31.85005, 0.00000, 1.00000, },
				{ -1.00000, -0.00000, -0.00000, 0.00000, 0.00000, -1.00000, -0.00000, 0.00000, -0.00000, -0.00000, 1.00000, 0.00000, 11.49951, 31.85005, 0.00000, 1.00000, },
				{ -1.00000, -0.00000, -0.00000, 0.00000, 0.00000, -1.00000, -0.00000, 0.00000, -0.00000, -0.00000, 1.00000, 0.00000, 14.49951, 31.85005, 0.00000, 1.00000, },
				{ 1.00000, 0.00000, -0.00000, 0.00000, -0.00000, 1.00000, -0.00000, 0.00000, -0.00000, 0.00000, 1.00000, 0.00000, 11.49997, 13.54475, 0.00000, 1.00000, },
				{ 1.00000, 0.00000, -0.00000, 0.00000, -0.00000, 1.00000, -0.00000, 0.00000, -0.00000, 0.00000, 1.00000, 0.00000, 14.49997, 13.54475, 0.00000, 1.00000, },
				{ -0.00000, 1.00000, -0.00000, 0.00000, -1.00000, -0.00000, -0.00000, 0.00000, -0.00000, -0.00000, 1.00000, 0.00000, 15.84998, 15.19500, 0.00000, 1.00000, },
				{ -0.00000, 1.00000, -0.00000, 0.00000, -1.00000, -0.00000, -0.00000, 0.00000, -0.00000, -0.00000, 1.00000, 0.00000, 15.85001, 18.19500, 0.00000, 1.00000, },
				{ -0.00000, 1.00000, -0.00000, 0.00000, -1.00000, -0.00000, -0.00000, 0.00000, -0.00000, -0.00000, 1.00000, 0.00000, 15.85001, 21.19500, 0.00000, 1.00000, },
				{ -0.00000, 1.09450, -0.00000, 0.00000, -1.00000, -0.00000, -0.00000, 0.00000, -0.00000, -0.00000, 1.00000, 0.00000, -12.18999, 21.05500, 0.00000, 1.00000, },
				{ -0.00000, 1.00000, -0.00000, 0.00000, -1.00000, -0.00000, -0.00000, 0.00000, -0.00000, -0.00000, 1.00000, 0.00000, 15.85001, 24.19500, 0.00000, 1.00000, },
				{ -0.00000, 1.00000, -0.00000, 0.00000, -1.00000, -0.00000, -0.00000, 0.00000, -0.00000, -0.00000, 1.00000, 0.00000, -12.18999, 24.19500, 0.00000, 1.00000, },
				{ -0.00000, 1.00000, -0.00000, 0.00000, -1.00000, -0.00000, -0.00000, 0.00000, -0.00000, -0.00000, 1.00000, 0.00000, 15.85001, 27.19500, 0.00000, 1.00000, },
				{ -0.00000, 1.00000, -0.00000, 0.00000, -1.00000, -0.00000, -0.00000, 0.00000, -0.00000, -0.00000, 1.00000, 0.00000, -12.18999, 27.19500, 0.00000, 1.00000, },
				{ -1.00000, -0.00000, -0.00000, 0.00000, 0.00000, -1.00000, -0.00000, 0.00000, -0.00000, -0.00000, 1.00000, 0.00000, 14.19949, 28.55000, 0.00000, 1.00000, },
				{ -1.00000, -0.00000, -0.00000, 0.00000, 0.00000, -1.00000, -0.00000, 0.00000, -0.00000, -0.00000, 1.00000, 0.00000, 11.19949, 28.55000, 0.00000, 1.00000, },
				{ -1.00000, -0.00000, -0.00000, 0.00000, 0.00000, -1.00000, -0.00000, 0.00000, -0.00000, -0.00000, 1.00000, 0.00000, -7.53999, 28.55000, 0.00000, 1.00000, },
				{ -1.00000, -0.00000, -0.00000, 0.00000, 0.00000, -1.00000, -0.00000, 0.00000, -0.00000, -0.00000, 1.00000, 0.00000, 8.19949, 28.55000, 0.00000, 1.00000, },
				{ -1.00000, -0.00000, -0.00000, 0.00000, 0.00000, -1.00000, -0.00000, 0.00000, -0.00000, -0.00000, 1.00000, 0.00000, -10.53999, 28.55000, 0.00000, 1.00000, },
				{ -1.16670, -0.00000, -0.00000, 0.00000, 0.00000, -1.00000, -0.00000, 0.00000, -0.00000, -0.00000, 1.00000, 0.00000, 4.94949, 28.55000, 0.00000, 1.00000, },
				{ -1.27700, -0.00000, -0.00000, 0.00000, 0.00000, -1.00000, -0.00000, 0.00000, -0.00000, -0.00000, 1.00000, 0.00000, -4.12451, 28.55000, 0.00000, 1.00000, },
				{ -0.00000, 1.00000, -0.00000, 0.00000, -1.00000, -0.00000, -0.00000, 0.00000, -0.00000, -0.00000, 1.00000, 0.00000, 3.04949, 27.20000, 0.00000, 1.00000, },
				{ -0.00000, 1.00000, -0.00000, 0.00000, -1.00000, -0.00000, -0.00000, 0.00000, -0.00000, -0.00000, 1.00000, 0.00000, 3.04949, 27.20000, 1.66500, 1.00000, },
				{ -0.00000, 1.00000, -0.00000, 0.00000, -1.00000, -0.00000, -0.00000, 0.00000, -0.00000, -0.00000, 1.00000, 0.00000, -2.06051, 27.20000, 0.00000, 1.00000, },
				{ -0.00000, 1.00000, -0.00000, 0.00000, -1.00000, -0.00000, -0.00000, 0.00000, -0.00000, -0.00000, 1.00000, 0.00000, -2.06051, 27.20000, 1.66000, 1.00000, },
				{ -0.00000, 1.00000, -0.00000, 0.00000, -1.00000, -0.00000, -0.00000, 0.00000, -0.00000, -0.00000, 1.00000, 0.00000, 3.04949, 24.20000, 0.00000, 1.00000, },
				{ -0.00000, 1.00000, -0.00000, 0.00000, -1.00000, -0.00000, -0.00000, 0.00000, -0.00000, -0.00000, 1.00000, 0.00000, 3.04949, 24.20000, 1.66500, 1.00000, },
				{ -0.00000, 1.00000, -0.00000, 0.00000, -1.00000, -0.00000, -0.00000, 0.00000, -0.00000, -0.00000, 1.00000, 0.00000, -2.06051, 24.20000, 0.00000, 1.00000, },
				{ -0.00000, 1.00000, -0.00000, 0.00000, -1.00000, -0.00000, -0.00000, 0.00000, -0.00000, -0.00000, 1.00000, 0.00000, -2.06051, 24.20000, 1.66000, 1.00000, },
				{ -0.00000, -0.80000, 0.00000, 0.00000, 1.00000, -0.00000, 0.00000, 0.00000, 0.00000, 0.00000, 1.00000, 0.00000, 15.85000, 1.20000, 0.00000, 1.00000, align = { 14.20000, 1.20000 }, },
				{ 1.00000, 0.00000, 0.00000, 0.00000, 0.00000, 1.00000, 0.00000, 0.00000, 0.00000, 0.00000, 1.00000, 0.00000, 14.20000, 0.15000, 0.00000, 1.00000, align = { 14.20000, 1.20000 }, },
				{ -0.00000, -0.80000, 0.00000, 0.00000, 1.00000, -0.00000, 0.00000, 0.00000, 0.00000, 0.00000, 1.00000, 0.00000, 12.55000, 1.20000, 0.00000, 1.00000, align = { 14.20000, 1.20000 }, },
				{ 1.00000, 0.00000, 0.00000, 0.00000, 0.00000, 1.00000, 0.00000, 0.00000, 0.00000, 0.00000, 1.00000, 0.00000, 14.20000, 2.25000, 0.00000, 1.00000, align = { 14.20000, 1.20000 }, },
				{ -0.00000, -0.80000, 0.00000, 0.00000, 1.00000, -0.00000, 0.00000, 0.00000, 0.00000, 0.00000, 1.00000, 0.00000, -12.55000, 1.20000, 0.00000, 1.00000, align = { -14.20000, 1.20000 }, },
				{ 1.00000, 0.00000, 0.00000, 0.00000, 0.00000, 1.00000, 0.00000, 0.00000, 0.00000, 0.00000, 1.00000, 0.00000, -14.20000, 0.15000, 0.00000, 1.00000, align = { -14.20000, 1.20000 }, },
				{ -0.00000, -0.80000, 0.00000, 0.00000, 1.00000, -0.00000, 0.00000, 0.00000, 0.00000, 0.00000, 1.00000, 0.00000, -15.85000, 1.20000, 0.00000, 1.00000, align = { -14.20000, 1.20000 }, },
				{ 1.00000, 0.00000, 0.00000, 0.00000, 0.00000, 1.00000, 0.00000, 0.00000, 0.00000, 0.00000, 1.00000, 0.00000, -14.20000, 2.25000, 0.00000, 1.00000, align = { -14.20000, 1.20000 }, },
				{ 0.80000, 0.00000, 0.00000, 0.00000, 0.00000, 1.00000, 0.00000, 0.00000, 0.00000, 0.00000, 1.00000, 0.00000, 0.01000, 6.45000, 0.00000, 1.00000, align = { 0.01000, 1.80000 }, },
				{ -0.00000, 1.00000, 0.00000, 0.00000, -1.00000, -0.00000, 0.00000, 0.00000, 0.00000, 0.00000, 1.00000, 0.00000, 1.06000, 1.80000, 0.00000, 1.00000, align = { 0.01000, 1.80000 }, },
				{ -0.00000, 1.00000, 0.00000, 0.00000, -1.00000, -0.00000, 0.00000, 0.00000, 0.00000, 0.00000, 1.00000, 0.00000, 1.06000, 4.80000, 0.00000, 1.00000, align = { 0.01000, 1.80000 }, },
				{ 0.80000, 0.00000, 0.00000, 0.00000, 0.00000, 1.00000, 0.00000, 0.00000, 0.00000, 0.00000, 1.00000, 0.00000, 0.01000, 0.15000, 0.00000, 1.00000, align = { 0.01000, 1.80000 }, },
				{ -0.00000, 1.00000, 0.00000, 0.00000, -1.00000, -0.00000, 0.00000, 0.00000, 0.00000, 0.00000, 1.00000, 0.00000, -1.04000, 1.80000, 0.00000, 1.00000, align = { 0.01000, 1.80000 }, },
				{ -0.00000, 1.00000, 0.00000, 0.00000, -1.00000, -0.00000, 0.00000, 0.00000, 0.00000, 0.00000, 1.00000, 0.00000, -1.04000, 4.80000, 0.00000, 1.00000, align = { 0.01000, 1.80000 }, },
			},
			["asset/commercial/era_b/wall_grip.mdl"] = {
				{ -0.00000, 0.23175, 0.00000, 0.00000, -0.23175, -0.00000, 0.00000, 0.00000, 0.00000, 0.00000, 0.23175, 0.00000, 8.71347, 7.33983, 4.20922, 1.00000, align = { 0.00000, 4.00000 }, },
				{ -0.23175, -0.00000, 0.00000, 0.00000, 0.00000, -0.23175, 0.00000, 0.00000, 0.00000, 0.00000, 0.23175, 0.00000, 11.78047, 10.40298, 4.14802, 1.00000, align = { 0.00000, 4.00000 }, },
				{ -0.00000, 0.40000, 0.00000, 0.00000, -0.40000, -0.00000, 0.00000, 0.00000, 0.00000, 0.00000, 0.40000, 0.00000, -2.66143, 7.38983, 4.75504, 1.00000, align = { 0.00000, 4.00000 }, },
				{ 0.40000, 0.00000, 0.00000, 0.00000, 0.00000, 0.40000, 0.00000, 0.00000, 0.00000, 0.00000, 0.40000, 0.00000, -12.31343, 14.03983, 4.75504, 1.00000, align = { 0.00000, 4.00000 }, },
			},
			["asset/ground/garden_bench_wood_01.mdl"] = {
				{ -0.00000, 1.00000, 0.00000, 0.00000, -1.00000, -0.00000, 0.00000, 0.00000, 0.00000, 0.00000, 1.00000, 0.00000, 1.71000, 3.34000, 0.00000, 1.00000, },
				{ -0.00000, -1.00000, 0.00000, 0.00000, 1.00000, -0.00000, -0.00000, 0.00000, 0.00000, -0.00000, 1.00000, 0.00000, -1.69000, 3.34000, 0.00000, 1.00000, },
				{ -0.00000, -1.00000, 0.00000, 0.00000, 1.00000, -0.00000, 0.00000, 0.00000, 0.00000, 0.00000, 1.00000, 0.00000, -12.96000, 21.11000, 0.00000, 1.00000, },
				{ -1.00000, 0.00000, 0.00000, 0.00000, -0.00000, -1.00000, 0.00000, 0.00000, 0.00000, 0.00000, 1.00000, 0.00000, -14.15000, 2.97000, 0.00000, 1.00000, },
				{ -1.00000, 0.00000, 0.00000, 0.00000, -0.00000, -1.00000, 0.00000, 0.00000, 0.00000, 0.00000, 1.00000, 0.00000, 14.15000, 2.97000, 0.00000, 1.00000, },
				{ 1.00000, 0.00000, 0.00000, 0.00000, 0.00000, 1.00000, 0.00000, 0.00000, 0.00000, 0.00000, 1.00000, 0.00000, 14.24000, 12.49000, 0.00000, 1.00000, },
			},
			["asset/ground/garden_chair_plastic_01.mdl"] = {
				{ 0.79441, -0.60738, -0.00000, 0.00000, 0.60738, 0.79441, 0.00000, 0.00000, 0.00000, -0.00000, 1.00000, 0.00000, -10.19270, 6.82384, 12.96162, 1.00000, align = { 0.00000, 4.00000 }, ignore = { 2, 30 }, },
				{ 0.91068, 0.41310, -0.00000, 0.00000, -0.41310, 0.91068, 0.00000, 0.00000, 0.00000, -0.00000, 1.00000, 0.00000, -4.78411, 6.80959, 12.96162, 1.00000, align = { 0.00000, 4.00000 }, ignore = { 3, 30 }, },
				{ 0.80282, 0.59622, 0.00000, 0.00000, -0.59622, 0.80282, 0.00000, 0.00000, 0.00000, 0.00000, 1.00000, 0.00000, 9.59435, 6.94815, 9.96162, 1.00000, align = { 0.00000, 4.00000 }, ignore = { 6, 30 }, },
				{ 0.74548, 0.66653, 0.00000, 0.00000, -0.66653, 0.74548, 0.00000, 0.00000, 0.00000, 0.00000, 1.00000, 0.00000, 3.60826, 6.89684, 9.96162, 1.00000, align = { 0.00000, 4.00000 }, ignore = { 7, 30 }, },
			},
			["asset/industry/cardboard_box_01.mdl"] = {
				{ -0.02618, -0.99966, -0.00000, 0.00000, 0.99966, -0.02618, 0.00000, 0.00000, -0.00000, 0.00000, 1.00000, 0.00000, 1.72500, 28.65000, 0.00000, 1.00000, },
				{ 0.21985, -0.97553, 0.00000, 0.00000, 0.97553, 0.21985, 0.00000, 0.00000, 0.00000, 0.00000, 1.00000, 0.00000, 2.15500, 27.88000, 0.00000, 1.00000, },
				{ -0.02618, -0.99966, -0.00000, 0.00000, 0.99966, -0.02618, 0.00000, 0.00000, -0.00000, 0.00000, 1.00000, 0.00000, -1.13500, 27.80000, 0.00000, 1.00000, ignore = { 10, 50 }, },
				{ 0.99933, -0.03664, 0.00000, 0.00000, 0.03664, 0.99933, 0.00000, 0.00000, 0.00000, 0.00000, 1.00000, 0.00000, 1.89091, 28.25423, 0.50694, 1.00000, ignore = { 10, 50 }, },
			},
			["asset/vegetation/hedge_3m.mdl"] = {
				{ 0.00000, 1.00000, 0.00000, 0.00000, -1.00000, 0.00000, -0.00000, 0.00000, -0.00000, -0.00000, 1.00000, 0.00000, -10.12724, 27.90971, 0.00000, 1.00000, },
				{ 0.00000, 1.00000, 0.00000, 0.00000, -1.00000, 0.00000, -0.00000, 0.00000, -0.00000, -0.00000, 1.00000, 0.00000, -7.12724, 27.90971, 0.00000, 1.00000, },
				{ -1.00000, 0.00000, 0.00000, 0.00000, -0.00000, -1.00000, -0.00000, 0.00000, 0.00000, -0.00000, 1.00000, 0.00000, -11.49057, 21.66305, 0.00000, 1.00000, },
				{ 0.00000, 1.00000, 0.00000, 0.00000, -1.00000, 0.00000, -0.00000, 0.00000, -0.00000, -0.00000, 1.00000, 0.00000, -4.12724, 27.90971, 0.00000, 1.00000, },
				{ -1.00000, 0.00000, 0.00000, 0.00000, -0.00000, -0.89000, -0.00000, 0.00000, 0.00000, -0.00000, 1.00000, 0.00000, -11.49057, 23.96305, 0.00000, 1.00000, },
				{ -1.00000, 0.00000, 0.00000, 0.00000, -0.00000, -0.91000, -0.00000, 0.00000, 0.00000, -0.00000, 1.00000, 0.00000, -11.49057, 26.60305, 0.00000, 1.00000, },
				{ -1.00000, 0.00000, 0.00000, 0.00000, -0.00000, -0.98280, -0.00000, 0.00000, 0.00000, -0.00000, 1.00000, 0.00000, -2.81057, 26.18805, 0.00000, 1.00000, },
			},
			["station/rail/asset/era_a_street_pillar.mdl"] = {
				{ 1.00000, 0.00000, 0.00000, 0.00000, 0.00000, 1.00000, 0.00000, 0.00000, 0.00000, 0.00000, 1.00000, 0.00000, -12.00000, 1.00000, 0.00000, 1.00000, },
				{ 1.00000, 0.00000, 0.00000, 0.00000, 0.00000, 1.00000, 0.00000, 0.00000, 0.00000, 0.00000, 1.00000, 0.00000, -10.00000, 1.00000, 0.00000, 1.00000, },
				{ 1.00000, 0.00000, 0.00000, 0.00000, 0.00000, 1.00000, 0.00000, 0.00000, 0.00000, 0.00000, 1.00000, 0.00000, -8.00000, 1.00000, 0.00000, 1.00000, },
				{ 1.00000, 0.00000, 0.00000, 0.00000, 0.00000, 1.00000, 0.00000, 0.00000, 0.00000, 0.00000, 1.00000, 0.00000, -6.00000, 1.00000, 0.00000, 1.00000, },
				{ 1.00000, 0.00000, 0.00000, 0.00000, 0.00000, 1.00000, 0.00000, 0.00000, 0.00000, 0.00000, 1.00000, 0.00000, -4.00000, 1.00000, 0.00000, 1.00000, },
				{ 1.00000, 0.00000, 0.00000, 0.00000, 0.00000, 1.00000, 0.00000, 0.00000, 0.00000, 0.00000, 1.00000, 0.00000, -2.00000, 1.00000, 0.00000, 1.00000, },
				{ 1.00000, 0.00000, 0.00000, 0.00000, 0.00000, 1.00000, 0.00000, 0.00000, 0.00000, 0.00000, 1.00000, 0.00000, 0.00000, 1.00000, 0.00000, 1.00000, },
				{ 1.00000, 0.00000, 0.00000, 0.00000, 0.00000, 1.00000, 0.00000, 0.00000, 0.00000, 0.00000, 1.00000, 0.00000, 2.00000, 1.00000, 0.00000, 1.00000, },
				{ 1.00000, 0.00000, 0.00000, 0.00000, 0.00000, 1.00000, 0.00000, 0.00000, 0.00000, 0.00000, 1.00000, 0.00000, 4.00000, 1.00000, 0.00000, 1.00000, },
				{ 1.00000, 0.00000, 0.00000, 0.00000, 0.00000, 1.00000, 0.00000, 0.00000, 0.00000, 0.00000, 1.00000, 0.00000, 6.00000, 1.00000, 0.00000, 1.00000, },
				{ 1.00000, 0.00000, 0.00000, 0.00000, 0.00000, 1.00000, 0.00000, 0.00000, 0.00000, 0.00000, 1.00000, 0.00000, 8.00000, 1.00000, 0.00000, 1.00000, },
				{ 1.00000, 0.00000, 0.00000, 0.00000, 0.00000, 1.00000, 0.00000, 0.00000, 0.00000, 0.00000, 1.00000, 0.00000, 10.00000, 1.00000, 0.00000, 1.00000, },
				{ 1.00000, 0.00000, 0.00000, 0.00000, 0.00000, 1.00000, 0.00000, 0.00000, 0.00000, 0.00000, 1.00000, 0.00000, 12.00000, 1.00000, 0.00000, 1.00000, },
			},
			["street/street_asset_mix/trash_standing_a.mdl"] = {
				{ 1.00000, 0.00000, 0.00000, 0.00000, 0.00000, 1.00000, 0.00000, 0.00000, 0.00000, 0.00000, 1.00000, 0.00000, 1.78000, 5.45000, 0.00000, 1.00000, },
				{ 1.00000, 0.00000, 0.00000, 0.00000, 0.00000, 1.00000, 0.00000, 0.00000, 0.00000, 0.00000, 1.00000, 0.00000, 11.60000, 19.09000, 0.00000, 1.00000, },
				{ 1.00000, 0.00000, 0.00000, 0.00000, 0.00000, 1.00000, 0.00000, 0.00000, 0.00000, 0.00000, 1.00000, 0.00000, -1.78000, 5.45000, 0.00000, 1.00000, },
				{ 1.00000, 0.00000, 0.00000, 0.00000, 0.00000, 1.00000, 0.00000, 0.00000, 0.00000, 0.00000, 1.00000, 0.00000, -12.80000, 19.38000, 0.00000, 1.00000, },
			},
			["street/street_light_us_a.mdl"] = {
				{ 1.00000, 0.00000, 0.00000, 0.00000, 0.00000, 1.00000, 0.00000, 0.00000, 0.00000, 0.00000, 1.00000, 0.00000, -11.50000, 30.90000, 0.00000, 1.00000, },
				{ 1.00000, 0.00000, 0.00000, 0.00000, 0.00000, 1.00000, 0.00000, 0.00000, 0.00000, 0.00000, 1.00000, 0.00000, 11.50000, 30.90000, 0.00000, 1.00000, },
				{ 0.00000, 1.00000, 0.00000, 0.00000, -1.00000, 0.00000, 0.00000, 0.00000, 0.00000, 0.00000, 1.00000, 0.00000, -7.20000, 30.90000, 0.00000, 1.00000, },
				{ -1.00000, 0.00000, -0.00000, 0.00000, -0.00000, -1.00000, 0.00000, 0.00000, -0.00000, 0.00000, 1.00000, 0.00000, -2.50000, 30.90000, 0.00000, 1.00000, },
				{ -0.00000, -1.00000, -0.00000, 0.00000, 1.00000, -0.00000, 0.00000, 0.00000, -0.00000, 0.00000, 1.00000, 0.00000, 2.00000, 30.90000, 0.00000, 1.00000, },
				{ 1.00000, -0.00000, 0.00000, 0.00000, 0.00000, 1.00000, 0.00000, 0.00000, 0.00000, 0.00000, 1.00000, 0.00000, 6.50000, 30.90000, 0.00000, 1.00000, },
			},
		},
		groups = {
			["com_sunshades_modern.grp"] = {
				{ -0.49103, 0.87115, -0.00000, 0.00000, -0.87115, -0.49103, 0.00000, 0.00000, -0.00000, 0.00000, 1.00000, 0.00000, 12.24000, 19.49511, 0.00000, 1.00000, seed = 256, },
				{ -0.59914, 0.80065, -0.00000, 0.00000, -0.80065, -0.59914, 0.00000, 0.00000, -0.00000, 0.00000, 1.00000, 0.00000, 12.24000, 22.39511, 0.00000, 1.00000, seed = 256, },
				{ -0.46959, 0.88288, -0.00000, 0.00000, -0.88288, -0.46959, 0.00000, 0.00000, -0.00000, 0.00000, 1.00000, 0.00000, 12.25000, 25.16511, 0.00000, 1.00000, seed = 256, },
				{ 0.77042, 0.63753, -0.00000, 0.00000, -0.63753, 0.77042, 0.00000, 0.00000, 0.00000, 0.00000, 1.00000, 0.00000, 8.74000, 25.29511, 0.00000, 1.00000, seed = 256, },
				{ -0.59914, 0.80065, -0.00000, 0.00000, -0.80065, -0.59914, 0.00000, 0.00000, -0.00000, 0.00000, 1.00000, 0.00000, -9.71000, 23.04511, 0.00000, 1.00000, seed = 256, },
				{ -0.46959, 0.88288, -0.00000, 0.00000, -0.88288, -0.46959, 0.00000, 0.00000, -0.00000, 0.00000, 1.00000, 0.00000, -9.70000, 25.99511, 0.00000, 1.00000, seed = 256, },
				{ -0.63753, 0.77042, -0.00000, 0.00000, -0.77042, -0.63753, 0.00000, 0.00000, -0.00000, 0.00000, 1.00000, 0.00000, -5.69000, 25.92511, 0.00000, 1.00000, seed = 256, },
			},
			["era_a_com_restaurant_chairs.grp"] = {
				{ 0.99995, -0.01047, 0.00000, 0.00000, 0.01047, 0.99995, 0.00000, 0.00000, -0.00000, -0.00000, 1.00000, 0.00000, 11.81127, 20.22209, -0.00000, 1.00000, seed = 256, },
				{ -0.97592, 0.21814, -0.00000, 0.00000, -0.21814, -0.97592, 0.00000, 0.00000, -0.00000, 0.00000, 1.00000, 0.00000, 11.66777, 18.80936, 0.00000, 1.00000, seed = 256, },
				{ 0.96682, -0.25545, -0.00000, 0.00000, 0.25545, 0.96682, -0.00000, 0.00000, 0.00000, -0.00000, 1.00000, 0.00000, 12.85590, 20.11598, 0.00000, 1.00000, seed = 256, },
				{ -0.99985, -0.01745, -0.00000, 0.00000, 0.01745, -0.99985, 0.00000, 0.00000, -0.00000, 0.00000, 1.00000, 0.00000, 12.81087, 18.68320, 0.00000, 1.00000, seed = 256, },
				{ 0.99297, 0.11840, 0.00000, 0.00000, -0.11840, 0.99297, 0.00000, 0.00000, -0.00000, -0.00000, 1.00000, 0.00000, 11.72121, 23.06082, -0.00000, 1.00000, seed = 256, },
				{ -0.99588, 0.09063, -0.00000, 0.00000, -0.09063, -0.99588, 0.00000, 0.00000, -0.00000, 0.00000, 1.00000, 0.00000, 11.76086, 21.64138, 0.00000, 1.00000, seed = 256, },
				{ 0.99167, -0.12880, -0.00000, 0.00000, 0.12880, 0.99167, -0.00000, 0.00000, 0.00000, -0.00000, 1.00000, 0.00000, 12.77080, 23.09014, 0.00000, 1.00000, seed = 256, },
				{ -0.98927, -0.14608, -0.00000, 0.00000, 0.14608, -0.98927, 0.00000, 0.00000, -0.00000, 0.00000, 1.00000, 0.00000, 12.91069, 21.66349, 0.00000, 1.00000, seed = 256, },
				{ 0.99939, -0.03490, 0.00000, 0.00000, 0.03490, 0.99939, 0.00000, 0.00000, -0.00000, -0.00000, 1.00000, 0.00000, 11.83916, 25.90235, -0.00000, 1.00000, seed = 256, },
				{ -0.97030, 0.24192, -0.00000, 0.00000, -0.24192, -0.97030, 0.00000, 0.00000, -0.00000, 0.00000, 1.00000, 0.00000, 11.66119, 24.49355, 0.00000, 1.00000, seed = 256, },
				{ 0.96029, -0.27899, -0.00000, 0.00000, 0.27899, 0.96029, -0.00000, 0.00000, 0.00000, -0.00000, 1.00000, 0.00000, 12.88088, 25.77075, 0.00000, 1.00000, seed = 256, },
				{ -0.99998, 0.00698, -0.00000, 0.00000, -0.00698, -0.99998, 0.00000, 0.00000, -0.00000, 0.00000, 1.00000, 0.00000, 12.80087, 24.33950, 0.00000, 1.00000, seed = 256, },
				{ 0.16677, -0.98600, 0.00000, 0.00000, 0.98600, 0.16677, 0.00000, 0.00000, -0.00000, 0.00000, 1.00000, 0.00000, 9.37957, 25.84580, -0.00000, 1.00000, seed = 256, },
				{ 0.04188, 0.99912, -0.00000, 0.00000, -0.99912, 0.04188, 0.00000, 0.00000, 0.00000, 0.00000, 1.00000, 0.00000, 7.96376, 25.73686, 0.00000, 1.00000, seed = 256, },
				{ -0.08020, -0.99678, -0.00000, 0.00000, 0.99678, -0.08020, -0.00000, 0.00000, -0.00000, -0.00000, 1.00000, 0.00000, 9.46013, 24.79889, 0.00000, 1.00000, seed = 256, },
				{ -0.19423, 0.98096, -0.00000, 0.00000, -0.98096, -0.19423, 0.00000, 0.00000, 0.00000, 0.00000, 1.00000, 0.00000, 8.04202, 24.58948, 0.00000, 1.00000, seed = 256, },
				{ 0.99297, 0.11840, 0.00000, 0.00000, -0.11840, 0.99297, 0.00000, 0.00000, -0.00000, -0.00000, 1.00000, 0.00000, -10.22879, 23.71082, -0.00000, 1.00000, seed = 256, },
				{ -0.99588, 0.09063, -0.00000, 0.00000, -0.09063, -0.99588, 0.00000, 0.00000, -0.00000, 0.00000, 1.00000, 0.00000, -10.18914, 22.29137, 0.00000, 1.00000, seed = 256, },
				{ 0.99167, -0.12880, -0.00000, 0.00000, 0.12880, 0.99167, -0.00000, 0.00000, 0.00000, -0.00000, 1.00000, 0.00000, -9.17920, 23.74014, 0.00000, 1.00000, seed = 256, },
				{ -0.98927, -0.14608, -0.00000, 0.00000, 0.14608, -0.98927, 0.00000, 0.00000, -0.00000, 0.00000, 1.00000, 0.00000, -9.03931, 22.31349, 0.00000, 1.00000, seed = 256, },
				{ 0.99939, -0.03490, 0.00000, 0.00000, 0.03490, 0.99939, 0.00000, 0.00000, -0.00000, -0.00000, 1.00000, 0.00000, -10.11084, 26.73235, -0.00000, 1.00000, seed = 256, },
				{ -0.97030, 0.24192, -0.00000, 0.00000, -0.24192, -0.97030, 0.00000, 0.00000, -0.00000, 0.00000, 1.00000, 0.00000, -10.28881, 25.32355, 0.00000, 1.00000, seed = 256, },
				{ 0.96029, -0.27899, -0.00000, 0.00000, 0.27899, 0.96029, -0.00000, 0.00000, 0.00000, -0.00000, 1.00000, 0.00000, -9.06912, 26.60075, 0.00000, 1.00000, seed = 256, },
				{ -0.99998, 0.00698, -0.00000, 0.00000, -0.00698, -0.99998, 0.00000, 0.00000, -0.00000, 0.00000, 1.00000, 0.00000, -9.14913, 25.16950, 0.00000, 1.00000, seed = 256, },
				{ 0.98600, 0.16677, 0.00000, 0.00000, -0.16677, 0.98600, 0.00000, 0.00000, -0.00000, -0.00000, 1.00000, 0.00000, -6.24069, 26.56468, -0.00000, 1.00000, seed = 256, },
				{ -0.99912, 0.04188, -0.00000, 0.00000, -0.04188, -0.99912, 0.00000, 0.00000, -0.00000, 0.00000, 1.00000, 0.00000, -6.13175, 25.14887, 0.00000, 1.00000, seed = 256, },
				{ 0.99678, -0.08020, -0.00000, 0.00000, 0.08020, 0.99678, -0.00000, 0.00000, 0.00000, -0.00000, 1.00000, 0.00000, -5.19378, 26.64524, 0.00000, 1.00000, seed = 256, },
				{ -0.98096, -0.19423, -0.00000, 0.00000, 0.19423, -0.98096, 0.00000, 0.00000, -0.00000, 0.00000, 1.00000, 0.00000, -4.98437, 25.22713, 0.00000, 1.00000, seed = 256, },
			},
			["era_a_garden_chair.grp"] = {
				{ 0.90704, 0.42104, 0.00000, 0.00000, -0.42104, 0.90704, 0.00000, 0.00000, 0.00000, 0.00000, 1.00000, 0.00000, -4.76650, 7.09953, 9.96162, 1.00000, align = { 0.00000, 4.00000 }, ignore = { 9, 20 }, },
			},
			["era_b_awning_shops_end.grp"] = {
				{ 0.68675, 0.00000, 0.00000, 0.00000, 0.00000, 0.68675, 0.00000, 0.00000, 0.00000, 0.00000, 0.68675, 0.00000, 4.21354, 7.59483, 3.59657, 1.00000, align = { 0.00000, 4.00000 }, seed = 256, },
				{ 0.68675, 0.00000, 0.00000, 0.00000, 0.00000, 0.68675, 0.00000, 0.00000, 0.00000, 0.00000, 0.68675, 0.00000, 10.21354, 7.59483, 3.59657, 1.00000, align = { 0.00000, 4.00000 }, seed = 256, },
				{ -0.00000, 0.67301, 0.00000, 0.00000, -0.67301, -0.00000, 0.00000, 0.00000, 0.00000, 0.00000, 0.67301, 0.00000, 11.53354, 8.89483, 3.59657, 1.00000, align = { 0.00000, 4.00000 }, seed = 256, },
				{ -0.00000, 0.67301, 0.00000, 0.00000, -0.67301, -0.00000, 0.00000, 0.00000, 0.00000, 0.00000, 0.67301, 0.00000, 11.53354, 11.89483, 3.59657, 1.00000, align = { 0.00000, 4.00000 }, seed = 256, },
			},
			["era_b_awning_shops_repeat.grp"] = {
				{ 0.68675, 0.00000, 0.00000, 0.00000, 0.00000, 0.68675, 0.00000, 0.00000, 0.00000, 0.00000, 0.68675, 0.00000, 4.21354, 7.59483, 3.59657, 1.00000, align = { 0.00000, 4.00000 }, seed = 256, },
				{ 0.68675, 0.00000, 0.00000, 0.00000, 0.00000, 0.68675, 0.00000, 0.00000, 0.00000, 0.00000, 0.68675, 0.00000, 10.21354, 7.59483, 3.59657, 1.00000, align = { 0.00000, 4.00000 }, seed = 256, },
				{ -0.00000, 0.67301, 0.00000, 0.00000, -0.67301, -0.00000, 0.00000, 0.00000, 0.00000, 0.00000, 0.67301, 0.00000, 11.53354, 8.89483, 3.59657, 1.00000, align = { 0.00000, 4.00000 }, seed = 256, },
				{ -0.00000, 0.67301, 0.00000, 0.00000, -0.67301, -0.00000, 0.00000, 0.00000, 0.00000, 0.00000, 0.67301, 0.00000, 11.53354, 11.89483, 3.59657, 1.00000, align = { 0.00000, 4.00000 }, seed = 256, },
			},
			["era_b_awning_shops_start.grp"] = {
				{ 0.68675, 0.00000, 0.00000, 0.00000, 0.00000, 0.68675, 0.00000, 0.00000, 0.00000, 0.00000, 0.68675, 0.00000, 4.21354, 7.59483, 3.59657, 1.00000, align = { 0.00000, 4.00000 }, seed = 256, },
				{ 0.68675, 0.00000, 0.00000, 0.00000, 0.00000, 0.68675, 0.00000, 0.00000, 0.00000, 0.00000, 0.68675, 0.00000, 10.21354, 7.59483, 3.59657, 1.00000, align = { 0.00000, 4.00000 }, seed = 256, },
				{ -0.00000, 0.67301, 0.00000, 0.00000, -0.67301, -0.00000, 0.00000, 0.00000, 0.00000, 0.00000, 0.67301, 0.00000, 11.53354, 8.89483, 3.59657, 1.00000, align = { 0.00000, 4.00000 }, seed = 256, },
				{ -0.00000, 0.67301, 0.00000, 0.00000, -0.67301, -0.00000, 0.00000, 0.00000, 0.00000, 0.00000, 0.67301, 0.00000, 11.53354, 11.89483, 3.59657, 1.00000, align = { 0.00000, 4.00000 }, seed = 256, },
			},
			["era_b_com_restaurant_tables.grp"] = {
				{ 0.99488, -0.10106, 0.00000, 0.00000, 0.10106, 0.99488, 0.00000, 0.00000, 0.00000, 0.00000, 1.00000, 0.00000, 12.24000, 19.49511, 0.00000, 1.00000, seed = 256, },
				{ 0.99961, 0.02792, 0.00000, 0.00000, -0.02792, 0.99961, 0.00000, 0.00000, 0.00000, 0.00000, 1.00000, 0.00000, 12.24000, 22.39511, 0.00000, 1.00000, seed = 256, },
				{ 0.99211, -0.12533, 0.00000, 0.00000, 0.12533, 0.99211, 0.00000, 0.00000, 0.00000, 0.00000, 1.00000, 0.00000, 12.25000, 25.16511, 0.00000, 1.00000, seed = 256, },
				{ 0.07672, -0.99705, 0.00000, 0.00000, 0.99705, 0.07672, 0.00000, 0.00000, 0.00000, 0.00000, 1.00000, 0.00000, 8.74000, 25.29511, 0.00000, 1.00000, seed = 256, },
				{ 0.99961, 0.02792, 0.00000, 0.00000, -0.02792, 0.99961, 0.00000, 0.00000, 0.00000, 0.00000, 1.00000, 0.00000, -9.71000, 23.04511, 0.00000, 1.00000, seed = 256, },
				{ 0.99211, -0.12533, 0.00000, 0.00000, 0.12533, 0.99211, 0.00000, 0.00000, 0.00000, 0.00000, 1.00000, 0.00000, -9.70000, 25.99511, 0.00000, 1.00000, seed = 256, },
				{ 0.99705, 0.07672, 0.00000, 0.00000, -0.07672, 0.99705, 0.00000, 0.00000, 0.00000, 0.00000, 1.00000, 0.00000, -5.69000, 25.92511, 0.00000, 1.00000, seed = 256, },
			},
			["era_b_garbage_container.grp"] = {
				{ -0.01047, 0.99995, 0.00000, 0.00000, -0.99995, -0.01047, 0.00000, 0.00000, 0.00000, 0.00000, 1.00000, 0.00000, -1.00000, 26.11000, 0.00000, 1.00000, },
				{ 0.00000, -1.00000, 0.00000, 0.00000, 1.00000, 0.00000, 0.00000, 0.00000, 0.00000, 0.00000, 1.00000, 0.00000, 2.03000, 25.96000, 0.00000, 1.00000, },
			},
			["era_b_neon_wall_sign_food.grp"] = {
				{ -0.00000, 0.23175, 0.00000, 0.00000, -0.23175, -0.00000, 0.00000, 0.00000, 0.00000, 0.00000, 0.23175, 0.00000, 8.71347, 6.50553, 4.20922, 1.00000, align = { 0.00000, 4.00000 }, seed = 256, },
				{ -0.23175, -0.00000, 0.00000, 0.00000, 0.00000, -0.23175, 0.00000, 0.00000, -0.00000, 0.00000, 0.23175, 0.00000, 12.61477, 10.40298, 4.14802, 1.00000, align = { 0.00000, 4.00000 }, seed = 256, },
			},
			["era_b_neon_wall_sign_food_flat.grp"] = {
				{ 0.42533, 0.00000, 0.00000, 0.00000, 0.00000, 0.42533, 0.00000, 0.00000, 0.00000, 0.00000, 0.42533, 0.00000, 4.21845, 7.59483, 1.80000, 1.00000, align = { 0.00000, 4.00000 }, seed = 256, },
				{ 0.42533, 0.00000, 0.00000, 0.00000, 0.00000, 0.42533, 0.00000, 0.00000, 0.00000, 0.00000, 0.42533, 0.00000, 10.20845, 7.59483, 1.80000, 1.00000, align = { 0.00000, 4.00000 }, seed = 256, },
				{ -0.00000, 0.42533, 0.00000, 0.00000, -0.42533, -0.00000, 0.00000, 0.00000, 0.00000, 0.00000, 0.42533, 0.00000, 11.52547, 8.90192, 1.80000, 1.00000, align = { 0.00000, 4.00000 }, seed = 256, },
				{ -0.00000, 0.42533, 0.00000, 0.00000, -0.42533, -0.00000, 0.00000, 0.00000, 0.00000, 0.00000, 0.42533, 0.00000, 11.52547, 11.89192, 1.80000, 1.00000, align = { 0.00000, 4.00000 }, seed = 256, },
			},
			["era_b_neon_wall_sign_fun.grp"] = {
				{ -0.00000, 0.40000, 0.00000, 0.00000, -0.40000, -0.00000, 0.00000, 0.00000, 0.00000, 0.00000, 0.40000, 0.00000, -2.66143, 6.06983, 4.75504, 1.00000, align = { 0.00000, 4.00000 }, seed = 256, },
				{ 0.40000, 0.00000, 0.00000, 0.00000, 0.00000, 0.40000, 0.00000, 0.00000, 0.00000, 0.00000, 0.40000, 0.00000, -13.63343, 14.03983, 4.75504, 1.00000, align = { 0.00000, 4.00000 }, seed = 256, },
				{ -0.00000, 0.60000, 0.00000, 0.00000, -0.60000, -0.00000, 0.00000, 0.00000, 0.00000, 0.00000, 0.60000, 0.00000, -6.30933, 21.81095, 3.17987, 1.00000, align = { 0.00000, 4.00000 }, seed = 256, },
			},
			["era_b_neon_wall_sign_fun_flat.grp"] = {
				{ 0.40000, 0.00000, 0.00000, 0.00000, 0.00000, 0.40000, 0.00000, 0.00000, 0.00000, 0.00000, 0.40000, 0.00000, -4.81775, 7.59483, 1.80000, 1.00000, align = { 0.00000, 4.00000 }, seed = 256, },
				{ 0.40000, 0.00000, 0.00000, 0.00000, 0.00000, 0.40000, 0.00000, 0.00000, 0.00000, 0.00000, 0.40000, 0.00000, -10.81775, 7.59483, 1.80000, 1.00000, align = { 0.00000, 4.00000 }, seed = 256, },
				{ -0.00000, -0.40000, 0.00000, 0.00000, 0.40000, -0.00000, 0.00000, 0.00000, 0.00000, 0.00000, 0.40000, 0.00000, -12.11397, 8.89142, 1.80000, 1.00000, align = { 0.00000, 4.00000 }, seed = 256, },
				{ -0.00000, -0.40000, 0.00000, 0.00000, 0.40000, -0.00000, 0.00000, 0.00000, 0.00000, 0.00000, 0.40000, 0.00000, -12.11397, 11.89142, 1.80000, 1.00000, align = { 0.00000, 4.00000 }, seed = 256, },
			},
			["era_b_restaurant_ground_sign.grp"] = {
				{ 0.66653, -0.74548, 0.00000, 0.00000, 0.74548, 0.66653, 0.00000, 0.00000, 0.00000, 0.00000, 1.00000, 0.00000, 5.68000, 6.24000, 0.00000, 1.00000, seed = 256, },
			},
			["era_b_restaurant_sign_big.grp"] = {
				{ 0.45821, 0.00000, 0.00000, 0.00000, 0.00000, 0.45821, 0.00000, 0.00000, 0.00000, 0.00000, 0.45821, 0.00000, 7.20916, 7.77317, 2.45205, 1.00000, align = { 0.00000, 4.00000 }, seed = 256, },
			},
			["era_b_restaurant_wall_sign_small.grp"] = {
				{ 1.00000, 0.00000, 0.00000, 0.00000, 0.00000, 1.00000, 0.00000, 0.00000, 0.00000, 0.00000, 1.00000, 0.00000, -9.32109, 7.34983, 4.02930, 1.00000, align = { 0.00000, 4.00000 }, seed = 256, },
			},
			["era_b_sunshade_small.grp"] = {
				{ -0.74022, -0.67237, 0.00000, 0.00000, 0.67237, -0.74022, 0.00000, 0.00000, 0.00000, 0.00000, 1.00000, 0.00000, -10.97568, 6.23497, 13.49998, 1.00000, align = { 0.00000, 4.00000 }, ignore = { 4, 80 }, },
				{ -0.97437, -0.22495, -0.00000, 0.00000, 0.22495, -0.97437, 0.00000, 0.00000, -0.00000, 0.00000, 1.00000, 0.00000, -4.36081, 6.59711, 9.96162, 1.00000, align = { 0.00000, 4.00000 }, ignore = { 5, 80 }, },
				{ -0.79992, -0.27231, 0.00000, 0.00000, 0.27231, -0.79992, 0.00000, 0.00000, 0.00000, 0.00000, 0.84500, 0.00000, 10.22960, 6.53440, 9.96162, 1.00000, align = { 0.00000, 4.00000 }, ignore = { 8, 80 }, },
			},
			["random_shrub_town.grp"] = {
				{ -0.21399, 0.66649, 0.00000, 0.00000, -0.66649, -0.21399, 0.00000, 0.00000, 0.00000, 0.00000, 0.70000, 0.00000, 13.23008, 1.22562, 0.00000, 1.00000, align = { 14.20000, 1.20000 }, },
				{ 0.60127, -0.35843, 0.00000, 0.00000, 0.35843, 0.60127, 0.00000, 0.00000, 0.00000, 0.00000, 0.70000, 0.00000, 14.23008, 1.22562, 0.00000, 1.00000, align = { 14.20000, 1.20000 }, },
				{ 0.04029, -0.69884, 0.00000, 0.00000, 0.69884, 0.04029, 0.00000, 0.00000, 0.00000, 0.00000, 0.70000, 0.00000, 14.98008, 1.25562, 0.00000, 1.00000, align = { 14.20000, 1.20000 }, },
				{ -0.21399, 0.66649, 0.00000, 0.00000, -0.66649, -0.21399, 0.00000, 0.00000, 0.00000, 0.00000, 0.70000, 0.00000, -15.16992, 1.22562, 0.00000, 1.00000, align = { -14.20000, 1.20000 }, },
				{ 0.60127, -0.35843, 0.00000, 0.00000, 0.35843, 0.60127, 0.00000, 0.00000, 0.00000, 0.00000, 0.70000, 0.00000, -14.16992, 1.22562, 0.00000, 1.00000, align = { -14.20000, 1.20000 }, },
				{ 0.04029, -0.69884, 0.00000, 0.00000, 0.69884, 0.04029, 0.00000, 0.00000, 0.00000, 0.00000, 0.70000, 0.00000, -13.41992, 1.25562, 0.00000, 1.00000, align = { -14.20000, 1.20000 }, },
				{ 0.17835, -0.67690, 0.00000, 0.00000, 0.67690, 0.17835, 0.00000, 0.00000, 0.00000, 0.00000, 0.70000, 0.00000, -0.01562, 1.15008, 0.00000, 1.00000, align = { 0.01000, 1.80000 }, },
				{ -0.50466, 0.48510, 0.00000, 0.00000, -0.48510, -0.50466, 0.00000, 0.00000, 0.00000, 0.00000, 0.70000, 0.00000, -0.01562, 3.89008, 0.00000, 1.00000, align = { 0.01000, 1.80000 }, },
				{ 0.68313, -0.15274, 0.00000, 0.00000, 0.15274, 0.68313, 0.00000, 0.00000, 0.00000, 0.00000, 0.70000, 0.00000, -0.01562, 1.83008, 0.00000, 1.00000, align = { 0.01000, 1.80000 }, },
				{ -0.69977, -0.01779, 0.00000, 0.00000, 0.01779, -0.69977, 0.00000, 0.00000, 0.00000, 0.00000, 0.70000, 0.00000, -0.01562, 4.89008, 0.00000, 1.00000, align = { 0.01000, 1.80000 }, },
				{ 0.20997, 0.66777, 0.00000, 0.00000, -0.66777, 0.20997, 0.00000, 0.00000, 0.00000, 0.00000, 0.70000, 0.00000, -0.04562, 3.04008, 0.00000, 1.00000, align = { 0.01000, 1.80000 }, },
				{ 0.41276, 0.56536, 0.00000, 0.00000, -0.56536, 0.41276, 0.00000, 0.00000, 0.00000, 0.00000, 0.70000, 0.00000, -0.04562, 5.64008, 0.00000, 1.00000, align = { 0.01000, 1.80000 }, },
			},
			["random_shrub_town_fence.grp"] = {
