local townbuildingutil = require "townbuildingutil"

--Model file: "building/era_b/com_1_2x3_01.mdl"

--Begin Generated
local generatedData = {
	["base"] = {
		models = {
			["building/era_b/com_1_2x3_01.mdl"] = {
				{ 1.00000, 0.00000, 0.00000, 0.00000, 0.00000, 1.00000, 0.00000, 0.00000, 0.00000, 0.00000, 1.00000, 0.00000, 0.00000, 1.50000, 0.00000, 1.00000, },
			},
		},
		curves = {
			["scaffold"] = {
				{ { 3.36841, 3.36717, 0.00000 }, { 3.36841, 3.36717, 0.00000 }, { 3.36841, 5.04000, 0.00000 }, { 3.36841, 5.04000, 0.00000 }, { 3.36841, 5.04000, 0.00000 }, { 4.76135, 5.04000, 0.00000 }, { 4.76135, 5.04000, 0.00000 }, { 4.76135, 5.04000, 0.00000 }, { 4.76135, 10.08000, 0.00000 }, { 4.76135, 10.08000, 0.00000 }, { 4.76135, 10.08000, 0.00000 }, { 3.36853, 10.08000, 0.00000 }, { 3.36853, 10.08000, 0.00000 }, { 3.36853, 10.08000, 0.00000 }, { 3.36853, 12.88662, 0.00000 }, { 3.36853, 12.88662, 0.00000 }, { 3.36853, 12.88662, 0.00000 }, { -3.44363, 12.88662, 0.00000 }, { -3.44363, 12.88662, 0.00000 }, { -3.44363, 12.88662, 0.00000 }, { -3.43581, 3.37389, 0.00000 }, { -3.43581, 3.37388, 0.00000 }, },
			},
			["shared/asphalt_02.gtex.lua;shared/dirt.gtex.lua"] = {
				{ { 8.00000, 0.00000, 0.00088 }, { 8.00000, 0.00000, 0.00088 }, { 8.00000, 10.03387, 0.00088 }, { 8.00000, 10.03388, 0.00088 }, { 8.00000, 10.03388, 0.00088 }, { 3.20886, 10.03387, 0.00088 }, { 3.20886, 10.03387, 0.00088 }, { 3.20886, 10.03387, 0.00088 }, { 3.20886, 12.62695, 0.00088 }, { 3.20886, 12.62695, 0.00088 }, { 3.20886, 12.62695, 0.00088 }, { -8.00000, 12.62696, 0.00088 }, { -8.00000, 12.62696, 0.00088 }, { -8.00000, 12.62695, 0.00088 }, { -8.00000, 0.00000, 0.00088 }, { -8.00000, 0.00000, 0.00088 }, },
			},
			["shared/asphalt_03.gtex.lua;shared/dirt.gtex.lua"] = {
				{ { 8.00000, 10.03387, 0.00088 }, { 8.00000, 10.03388, 0.00088 }, { 8.00000, 19.00000, 0.00088 }, { 8.00000, 19.00000, 0.00088 }, { 8.00000, 19.00000, 0.00088 }, { 1.50000, 19.00000, 0.00088 }, { 1.50000, 19.00000, 0.00088 }, { 1.50000, 19.00000, 0.00088 }, { 1.50000, 24.00000, 0.00088 }, { 1.50000, 24.00000, 0.00088 }, { 1.50000, 24.00000, 0.00088 }, { -8.00000, 24.00000, 0.00088 }, { -8.00000, 24.00000, 0.00088 }, { -8.00000, 24.00000, 0.00088 }, { -8.00000, 12.62696, 0.00088 }, { -8.00000, 12.62695, 0.00088 }, { -8.00000, 12.62695, 0.00088 }, { 3.20886, 12.62695, 0.00088 }, { 3.20886, 12.62695, 0.00088 }, { 3.20886, 12.62695, 0.00088 }, { 3.20886, 10.03387, 0.00088 }, { 3.20886, 10.03387, 0.00088 }, },
			},
		},
	},
	["layout_1"] = {
		models = {
			["asset/commercial/all_eras/era_b_com_wall.mdl"] = {
				{ 1.00000, 0.00000, 0.00000, 0.00000, 0.00000, 1.00000, 0.00000, 0.00000, 0.00000, 0.00000, 1.00000, 0.00000, -6.20000, 12.15000, 0.00000, 1.00000, },
				{ 1.00000, 0.00000, 0.00000, 0.00000, 0.00000, 1.00000, 0.00000, 0.00000, 0.00000, 0.00000, 1.00000, 0.00000, -3.20000, 12.15000, 0.00000, 1.00000, },
				{ -0.00000, 1.00000, -0.00000, 0.00000, -1.00000, -0.00000, -0.00000, 0.00000, -0.00000, -0.00000, 1.00000, 0.00000, -7.85000, 13.50000, 0.00000, 1.00000, },
				{ -0.00000, 1.00000, -0.00000, 0.00000, -1.00000, -0.00000, -0.00000, 0.00000, -0.00000, -0.00000, 1.00000, 0.00000, -7.85000, 16.50000, 0.00000, 1.00000, },
				{ -0.00000, 1.00000, -0.00000, 0.00000, -1.00000, -0.00000, -0.00000, 0.00000, -0.00000, -0.00000, 1.00000, 0.00000, -7.85000, 19.50000, 0.00000, 1.00000, },
				{ -0.00000, 1.00000, -0.00000, 0.00000, -1.00000, -0.00000, -0.00000, 0.00000, -0.00000, -0.00000, 1.00000, 0.00000, 1.54900, 20.84000, 0.00000, 1.00000, },
				{ -0.00000, 1.00000, -0.00000, 0.00000, -1.00000, -0.00000, -0.00000, 0.00000, -0.00000, -0.00000, 1.00000, 0.00000, -7.85000, 22.50000, 0.00000, 1.00000, },
				{ 1.00000, 0.00000, 0.00000, 0.00000, 0.00000, 1.00000, 0.00000, 0.00000, 0.00000, 0.00000, 1.00000, 0.00000, 3.19900, 19.19000, 0.00000, 1.00000, },
				{ 1.00000, 0.00000, 0.00000, 0.00000, 0.00000, 1.00000, 0.00000, 0.00000, 0.00000, 0.00000, 1.00000, 0.00000, 0.19900, 19.19000, 0.00000, 1.00000, },
				{ 1.00000, 0.00000, 0.00000, 0.00000, 0.00000, 1.00000, 0.00000, 0.00000, 0.00000, 0.00000, 1.00000, 0.00000, -2.80100, 19.19000, 0.00000, 1.00000, },
				{ 1.00000, 0.00000, 0.00000, 0.00000, 0.00000, 1.00000, 0.00000, 0.00000, 0.00000, 0.00000, 1.00000, 0.00000, 6.19900, 19.19000, 0.00000, 1.00000, },
				{ 1.00000, 0.00000, 0.00000, 0.00000, 0.00000, 1.00000, 0.00000, 0.00000, 0.00000, 0.00000, 1.00000, 0.00000, 6.49901, 10.19000, 0.00000, 1.00000, },
				{ 1.00000, 0.00000, 0.00000, 0.00000, 0.00000, 1.00000, 0.00000, 0.00000, 0.00000, 0.00000, 1.00000, 0.00000, 3.49901, 10.19000, 0.00000, 1.00000, },
				{ -0.00000, 1.00000, -0.00000, 0.00000, -1.00000, -0.00000, -0.00000, 0.00000, -0.00000, -0.00000, 1.00000, 0.00000, 7.84900, 11.84000, 0.00000, 1.00000, },
				{ -0.00000, 1.00000, -0.00000, 0.00000, -1.00000, -0.00000, -0.00000, 0.00000, -0.00000, -0.00000, 1.00000, 0.00000, 7.84900, 14.84000, 0.00000, 1.00000, },
				{ -0.00000, 1.00000, -0.00000, 0.00000, -1.00000, -0.00000, -0.00000, 0.00000, -0.00000, -0.00000, 1.00000, 0.00000, 7.84900, 17.84000, 0.00000, 1.00000, },
				{ -0.80000, 0.00000, 0.00000, 0.00000, -0.00000, -1.00000, 0.00000, 0.00000, 0.00000, 0.00000, 1.00000, 0.00000, -6.80000, 0.15000, 0.00000, 1.00000, align = { -6.80000, 1.80000 }, },
				{ -0.00000, -1.00000, 0.00000, 0.00000, 1.00000, -0.00000, 0.00000, 0.00000, 0.00000, 0.00000, 1.00000, 0.00000, -7.85000, 1.80000, 0.00000, 1.00000, align = { -6.80000, 1.80000 }, },
				{ -0.80000, 0.00000, 0.00000, 0.00000, -0.00000, -1.00000, 0.00000, 0.00000, 0.00000, 0.00000, 1.00000, 0.00000, -6.80000, 3.45000, 0.00000, 1.00000, align = { -6.80000, 1.80000 }, },
				{ -0.00000, -1.00000, 0.00000, 0.00000, 1.00000, -0.00000, 0.00000, 0.00000, 0.00000, 0.00000, 1.00000, 0.00000, -5.75000, 1.80000, 0.00000, 1.00000, align = { -6.80000, 1.80000 }, },
				{ -0.80000, 0.00000, 0.00000, 0.00000, -0.00000, -1.00000, 0.00000, 0.00000, 0.00000, 0.00000, 1.00000, 0.00000, 6.80000, 0.15000, 0.00000, 1.00000, align = { 6.80000, 1.80000 }, },
				{ -0.00000, -1.00000, 0.00000, 0.00000, 1.00000, -0.00000, 0.00000, 0.00000, 0.00000, 0.00000, 1.00000, 0.00000, 5.75000, 1.80000, 0.00000, 1.00000, align = { 6.80000, 1.80000 }, },
				{ -0.80000, 0.00000, 0.00000, 0.00000, -0.00000, -1.00000, 0.00000, 0.00000, 0.00000, 0.00000, 1.00000, 0.00000, 6.80000, 3.45000, 0.00000, 1.00000, align = { 6.80000, 1.80000 }, },
				{ -0.00000, -1.00000, 0.00000, 0.00000, 1.00000, -0.00000, 0.00000, 0.00000, 0.00000, 0.00000, 1.00000, 0.00000, 7.85000, 1.80000, 0.00000, 1.00000, align = { 6.80000, 1.80000 }, },
			},
			["asset/ground/garden_bench_wood_01.mdl"] = {
				{ 1.00000, 0.00000, 0.00000, 0.00000, -0.00000, 1.00000, 0.00000, 0.00000, 0.00000, 0.00000, 1.00000, 0.00000, -5.75333, 11.61667, 0.00000, 1.00000, },
				{ 0.00000, -1.00000, 0.00000, 0.00000, 1.00000, 0.00000, 0.00000, 0.00000, 0.00000, 0.00000, 1.00000, 0.00000, -3.53333, 9.47667, 0.00000, 1.00000, },
			},
			["asset/ground/garden_chair_plastic_01.mdl"] = {
				{ -0.97030, 0.24192, 0.00000, 0.00000, -0.24192, -0.97030, 0.00000, 0.00000, 0.00000, 0.00000, 1.00000, 0.00000, 4.50745, 12.03584, 0.00000, 1.00000, ignore = { 6, 50 }, },
				{ -0.87631, -0.48175, 0.00000, 0.00000, 0.48175, -0.87631, 0.00000, 0.00000, 0.00000, 0.00000, 1.00000, 0.00000, 6.12745, 12.03584, 0.00000, 1.00000, ignore = { 6, 50 }, },
			},
			["asset/ground/garden_table_round_wood_01.mdl"] = {
				{ 0.80902, -0.58779, 0.00000, 0.00000, 0.58779, 0.80902, 0.00000, 0.00000, 0.00000, 0.00000, 1.00000, 0.00000, 5.37745, 12.27584, 0.00000, 1.00000, ignore = { 6, 50 }, },
			},
			["asset/industry/cardboard_box_01.mdl"] = {
				{ 0.99985, -0.01745, 0.00000, 0.00000, 0.01745, 0.99985, 0.00000, 0.00000, 0.00000, 0.00000, 1.00000, 0.00000, -1.82000, 21.11000, 0.00000, 1.00000, ignore = { 4, 50 }, },
				{ 0.98769, 0.15643, 0.00000, 0.00000, -0.15643, 0.98769, 0.00000, 0.00000, 0.00000, 0.00000, 1.00000, 0.00000, -2.09000, 19.97000, 0.00000, 1.00000, ignore = { 4, 50 }, },
				{ 0.99990, 0.01396, 0.00000, 0.00000, -0.01396, 0.99990, 0.00000, 0.00000, 0.00000, 0.00000, 1.00000, 0.00000, -2.68000, 20.95000, 0.00000, 1.00000, ignore = { 4, 50 }, },
				{ -0.01396, 0.99990, 0.00000, 0.00000, -0.99990, -0.01396, 0.00000, 0.00000, 0.00000, 0.00000, 1.00000, 0.00000, -2.32000, 20.95000, 0.52000, 1.00000, ignore = { 4, 50 }, },
				{ 0.99990, 0.01396, 0.00000, 0.00000, -0.01396, 0.99990, 0.00000, 0.00000, 0.00000, 0.00000, 1.00000, 0.00000, -3.43000, 20.63000, 0.00000, 1.00000, },
				{ 0.48481, 0.87462, 0.00000, 0.00000, -0.87462, 0.48481, 0.00000, 0.00000, -0.00000, -0.00000, 1.00000, 0.00000, -3.27000, 20.14000, 0.52000, 1.00000, },
				{ 0.84805, -0.52992, 0.00000, 0.00000, 0.52992, 0.84805, 0.00000, 0.00000, 0.00000, 0.00000, 1.00000, 0.00000, -2.91000, 19.89000, 0.00000, 1.00000, },
			},
			["asset/industry/pallet_01.mdl"] = {
				{ -0.54171, 0.84057, -0.00000, 0.00000, -0.84057, -0.54171, 0.00000, 0.00000, -0.00000, 0.00000, 1.00000, 0.00000, -1.21598, 14.44249, -0.00000, 1.00000, ignore = { 3, 25 }, },
			},
			["asset/industry/wooden_box_03.mdl"] = {
				{ -0.02792, 0.99961, -0.00000, 0.00000, -0.99961, -0.02792, 0.00000, 0.00000, -0.00000, 0.00000, 1.00000, 0.00000, 6.06344, 18.17185, 0.99587, 1.00000, ignore = { 5, 50 }, },
				{ -0.17365, 0.98481, -0.00000, 0.00000, -0.98481, -0.17365, 0.00000, 0.00000, -0.00000, 0.00000, 1.00000, 0.00000, 6.15484, 17.01259, 0.99587, 1.00000, ignore = { 5, 50 }, },
				{ -0.02792, 0.99961, -0.00000, 0.00000, -0.99961, -0.02792, 0.00000, 0.00000, -0.00000, 0.00000, 1.00000, 0.00000, 4.22465, 17.68219, 0.00000, 1.00000, ignore = { 5, 50 }, },
				{ 0.08368, 0.99649, -0.00000, 0.00000, -0.99649, 0.08368, 0.00000, 0.00000, 0.00000, -0.00000, 1.00000, 0.00000, 3.95861, 16.53579, 0.00000, 1.00000, ignore = { 5, 50 }, },
				{ -0.02792, 0.99961, -0.00000, 0.00000, -0.99961, -0.02792, 0.00000, 0.00000, -0.00000, 0.00000, 1.00000, 0.00000, 6.10493, 18.40601, 0.00000, 1.00000, },
				{ -0.02792, 0.99961, -0.00000, 0.00000, -0.99961, -0.02792, 0.00000, 0.00000, -0.00000, 0.00000, 1.00000, 0.00000, 6.08888, 17.25612, -0.00000, 1.00000, },
				{ -0.02792, 0.99961, -0.00000, 0.00000, -0.99961, -0.02792, 0.00000, 0.00000, -0.00000, 0.00000, 1.00000, 0.00000, 6.32349, 16.15274, -0.00000, 1.00000, },
			},
			["asset/industry/wooden_box_04.mdl"] = {
				{ 0.99912, -0.04188, 0.00000, 0.00000, 0.04188, 0.99912, 0.00000, 0.00000, 0.00000, 0.00000, 1.00000, 0.00000, -3.30980, 17.88776, 0.00000, 1.00000, },
				{ 0.99912, -0.04188, 0.00000, 0.00000, 0.04188, 0.99912, 0.00000, 0.00000, 0.00000, 0.00000, 1.00000, 0.00000, -1.25980, 17.88776, 0.00000, 1.00000, ignore = { 2, 50 }, },
				{ 0.99990, 0.01396, 0.00000, 0.00000, -0.01396, 0.99990, 0.00000, 0.00000, 0.00000, 0.00000, 1.00000, 0.00000, 0.65021, 17.86776, 0.00000, 1.00000, ignore = { 2, 50 }, },
			},
			["asset/vegetation/hedge_3m.mdl"] = {
				{ 0.00000, 1.00000, 0.00000, 0.00000, -1.10000, 0.00000, -0.00000, 0.00000, -0.00000, -0.00000, 1.00000, 0.00000, 5.46944, 10.83305, 0.00000, 1.00000, },
				{ 0.00000, 1.00000, 0.00000, 0.00000, -1.05000, 0.00000, -0.00000, 0.00000, -0.00000, -0.00000, 1.00000, 0.00000, -5.43056, 12.79305, 0.00000, 1.00000, },
				{ 1.00000, -0.00000, 0.00000, 0.00000, 0.00000, 0.90000, -0.00000, 0.00000, -0.00000, 0.00000, 1.00000, 0.00000, -7.17056, 14.01305, 0.00000, 1.00000, },
				{ 1.00000, -0.00000, 0.00000, 0.00000, 0.00000, 0.95000, -0.00000, 0.00000, -0.00000, 0.00000, 1.00000, 0.00000, -7.17056, 16.51304, 0.00000, 1.00000, },
				{ 1.00000, -0.00000, 0.00000, 0.00000, 0.00000, 0.95000, -0.00000, 0.00000, -0.00000, 0.00000, 1.00000, 0.00000, -7.17056, 19.31305, 0.00000, 1.00000, },
				{ 1.00000, -0.00000, 0.00000, 0.00000, 0.00000, 0.95000, -0.00000, 0.00000, -0.00000, 0.00000, 1.00000, 0.00000, -7.17056, 22.31305, 0.00000, 1.00000, },
			},
			["station/rail/asset/cargo_pallet_jack.mdl"] = {
				{ 0.81915, 0.57358, 0.00000, 0.00000, -0.57358, 0.81915, 0.00000, 0.00000, -0.00000, -0.00000, 1.00000, 0.00000, -1.83030, 14.05841, 0.00000, 1.00000, ignore = { 3, 25 }, },
			},
			["street/street_asset_mix/trash_standing_a.mdl"] = {
				{ 1.00000, 0.00000, 0.00000, 0.00000, 0.00000, 1.00000, 0.00000, 0.00000, 0.00000, 0.00000, 1.00000, 0.00000, -3.68000, 11.51000, 0.00000, 1.00000, },
			},
		},
		groups = {
			["era_a_wooden_box.grp"] = {
				{ 0.07672, -0.99705, 0.00000, 0.00000, 0.99705, 0.07672, 0.00000, 0.00000, 0.00000, 0.00000, 1.00000, 0.00000, 0.35000, 21.82000, 0.00000, 1.00000, },
			},
			["era_a_wooden_box_on.grp"] = {
				{ -0.76154, 0.64812, -0.00000, 0.00000, -0.64812, -0.76154, 0.00000, 0.00000, -0.00000, 0.00000, 1.00000, 0.00000, -1.25372, 14.45910, 0.15000, 1.00000, seed = 256, ignore = { 3, 25 }, },
				{ 0.99897, -0.04536, 0.00000, 0.00000, 0.04536, 0.99897, 0.00000, 0.00000, 0.00000, 0.00000, 1.00000, 0.00000, 0.83000, 14.75000, 0.00000, 1.00000, seed = 256, ignore = { 3, 25 }, },
				{ 0.94322, -0.33216, 0.00000, 0.00000, 0.33216, 0.94322, 0.00000, 0.00000, 0.00000, 0.00000, 1.00000, 0.00000, 0.78673, 13.75991, 0.89113, 1.00000, seed = 256, ignore = { 3, 25 }, },
				{ 1.00000, 0.00000, 0.00000, 0.00000, 0.00000, 1.00000, 0.00000, 0.00000, 0.00000, 0.00000, 1.00000, 0.00000, 1.89000, 13.64000, 0.00000, 1.00000, seed = 256, ignore = { 3, 25 }, },
				{ 0.99970, -0.02443, 0.00000, 0.00000, 0.02443, 0.99970, 0.00000, 0.00000, 0.00000, 0.00000, 1.00000, 0.00000, -0.21000, 13.51000, 0.00000, 1.00000, seed = 278, },
				{ 0.99961, 0.02792, 0.00000, 0.00000, -0.02792, 0.99961, 0.00000, 0.00000, 0.00000, 0.00000, 1.00000, 0.00000, 0.87000, 13.51000, 0.00000, 1.00000, seed = 278, },
			},
			["era_b_garbage_container.grp"] = {
				{ -0.99961, -0.02792, 0.00000, 0.00000, 0.02792, -0.99961, 0.00000, 0.00000, 0.00000, 0.00000, 1.00000, 0.00000, -0.25351, 20.30000, -0.00000, 1.00000, },
			},
			["era_b_general_store_sign_small.grp"] = {
				{ 0.80000, 0.00000, 0.00000, 0.00000, 0.00000, 0.80000, 0.00000, 0.00000, 0.00000, 0.00000, 0.80000, 0.00000, 0.40766, 3.62695, 4.38254, 1.00000, align = { 0.00000, 1.50000 }, seed = 64, },
				{ -0.00000, 0.80000, 0.00000, 0.00000, -0.80000, -0.00000, 0.00000, 0.00000, 0.00000, 0.00000, 0.80000, 0.00000, 3.20766, 5.61695, 4.38254, 1.00000, align = { 0.00000, 1.50000 }, seed = 64, },
			},
			["era_b_general_store_wall_sign_small.grp"] = {
				{ -0.00000, 1.00000, -0.00000, 0.00000, -1.00000, -0.00000, 0.00000, 0.00000, -0.00000, 0.00000, 1.00000, 0.00000, 4.64148, 8.81376, 3.90000, 1.00000, align = { 0.00000, 1.50000 }, seed = 64, },
				{ 1.00000, 0.00000, 0.00000, 0.00000, 0.00000, 1.00000, 0.00000, 0.00000, 0.00000, 0.00000, 1.00000, 0.00000, -2.53256, 3.62695, 3.90000, 1.00000, align = { 0.00000, 1.50000 }, seed = 64, },
			},
			["random_medium_tree_town.grp"] = {
				{ -0.20736, -0.87579, 0.00000, 0.00000, 0.87579, -0.20736, 0.00000, 0.00000, 0.00000, 0.00000, 0.90000, 0.00000, 4.30000, 23.15000, 0.00000, 1.00000, },
			},
			["random_shrub_town.grp"] = {
				{ 0.78942, 0.04137, 0.00000, 0.00000, -0.04137, 0.78942, 0.00000, 0.00000, 0.00000, 0.00000, 0.79050, 0.00000, 2.81006, 20.53251, 0.00000, 1.00000, },
				{ -0.58375, 0.53304, 0.00000, 0.00000, -0.53304, -0.58375, -0.00000, 0.00000, 0.00000, -0.00000, 0.79050, 0.00000, 2.84999, 22.19674, 0.00000, 1.00000, },
				{ -0.33158, -0.71760, 0.00000, 0.00000, 0.71760, -0.33158, -0.00000, 0.00000, 0.00000, 0.00000, 0.79050, 0.00000, 4.84999, 20.23674, 0.00000, 1.00000, },
				{ -0.15625, 0.77490, 0.00000, 0.00000, -0.77490, -0.15625, -0.00000, 0.00000, -0.00000, -0.00000, 0.79050, 0.00000, 6.58995, 20.25076, 0.00000, 1.00000, },
				{ 0.60167, 0.19318, 0.00000, 0.00000, -0.19318, 0.60167, 0.00000, 0.00000, 0.00000, 0.00000, 0.63193, 0.00000, -6.77438, 2.76992, 0.00000, 1.00000, align = { -6.80000, 1.80000 }, },
				{ -0.32357, -0.54280, 0.00000, 0.00000, 0.54280, -0.32357, 0.00000, 0.00000, 0.00000, 0.00000, 0.63193, 0.00000, -6.77438, 1.76992, 0.00000, 1.00000, align = { -6.80000, 1.80000 }, },
				{ -0.62457, -0.03601, 0.00000, 0.00000, 0.03601, -0.62457, 0.00000, 0.00000, 0.00000, 0.00000, 0.62561, 0.00000, -6.74438, 1.01992, 0.00000, 1.00000, align = { -6.80000, 1.80000 }, },
				{ 0.60167, 0.19318, 0.00000, 0.00000, -0.19318, 0.60167, 0.00000, 0.00000, 0.00000, 0.00000, 0.63193, 0.00000, 6.82562, 2.76992, 0.00000, 1.00000, align = { 6.80000, 1.80000 }, },
				{ -0.32357, -0.54280, 0.00000, 0.00000, 0.54280, -0.32357, 0.00000, 0.00000, 0.00000, 0.00000, 0.63193, 0.00000, 6.82562, 1.76992, 0.00000, 1.00000, align = { 6.80000, 1.80000 }, },
				{ -0.62457, -0.03601, 0.00000, 0.00000, 0.03601, -0.62457, 0.00000, 0.00000, 0.00000, 0.00000, 0.62561, 0.00000, 6.85562, 1.01992, 0.00000, 1.00000, align = { 6.80000, 1.80000 }, },
			},
		},
	},
}
--End Generated

function data()
	return townbuildingutil.make_building2(
		{ { -4.60, -0.10 }, { 4.60, -0.10 }, { 4.60, 9.10 }, { -4.60, 9.10 } },
		"COMMERCIAL", 
		"B", 
		1,
		{ 2, 3 },
		generatedData,
		"construction/building/era_b/com_1_2x3_01.gtex"
	)
end
