local townbuildingutil = require "townbuildingutil"

--Model file: "building/era_b/com_2_1x1_02.mdl"

--Begin Generated
local generatedData = {
	["base"] = {
		models = {
			["building/era_b/com_2_1x1_02.mdl"] = {
				{ 1.00000, 0.00000, 0.00000, 0.00000, 0.00000, 1.00000, 0.00000, 0.00000, 0.00000, 0.00000, 1.00000, 0.00000, 0.00000, 0.00000, 0.00000, 1.00000, },
			},
		},
		curves = {
			["scaffold"] = {
				{ { 3.52114, 0.56854, 0.00000 }, { 3.52114, 0.56854, 0.00000 }, { 3.51442, 7.36066, 0.00000 }, { 3.51442, 7.36066, 0.00000 }, { 3.51442, 7.36066, 0.00000 }, { -3.29165, 7.36859, 0.00000 }, { -3.29165, 7.36859, 0.00000 }, { -3.29165, 7.36859, 0.00000 }, { -3.29153, 0.56860, 0.00000 }, { -3.29153, 0.56860, 0.00000 }, },
			},
			["shared/asphalt_02.gtex.lua;shared/dirt.gtex.lua"] = {
				{ { 4.00000, 0.00000, 0.00000 }, { 4.00000, 0.00000, 0.00000 }, { 4.00000, 8.00000, 0.00000 }, { 4.00000, 8.00000, 0.00000 }, { 4.00000, 8.00000, 0.00000 }, { -4.00000, 8.00000, 0.00000 }, { -4.00000, 8.00000, 0.00000 }, { -4.00000, 8.00000, 0.00000 }, { -4.00000, 0.00000, 0.00000 }, { -4.00000, 0.00000, 0.00000 }, },
			},
		},
	},
	["layout_1"] = {
		models = {
			["asset/industry/cardboard_box_01.mdl"] = {
				{ -0.99572, -0.09237, -0.00000, 0.00000, 0.09237, -0.99572, 0.00000, 0.00000, -0.00000, 0.00000, 1.00000, 0.00000, 2.67552, 7.48288, 0.00000, 1.00000, },
				{ -0.99956, 0.02967, 0.00000, 0.00000, -0.02967, -0.99956, 0.00000, 0.00000, 0.00000, 0.00000, 1.00000, 0.00000, 1.95065, 7.53144, 0.00000, 1.00000, },
				{ -0.02618, -0.99966, -0.00000, 0.00000, 0.99966, -0.02618, 0.00000, 0.00000, -0.00000, 0.00000, 1.00000, 0.00000, 2.34928, 7.33752, 1.01388, 1.00000, ignore = { 2, 50 }, },
				{ 0.02094, -0.99978, 0.00000, 0.00000, 0.99978, 0.02094, -0.00000, 0.00000, 0.00000, 0.00000, 1.00000, 0.00000, 2.35806, 7.28648, 0.50694, 1.00000, ignore = { 2, 50 }, },
			},
		},
		groups = {
			["era_a_com_1_asset_food_box_m.grp"] = {
				{ 0.22155, -0.97515, -0.00000, 0.00000, 0.97515, 0.22155, -0.00000, 0.00000, 0.00000, -0.00000, 1.00000, 0.00000, 0.92685, 7.50496, -0.00000, 1.00000, },
				{ -0.00000, -1.00000, 0.00000, 0.00000, 1.00000, -0.00000, -0.00000, 0.00000, 0.00000, 0.00000, 1.00000, 0.00000, 0.00934, 7.48109, 0.00000, 1.00000, },
				{ -0.87965, -0.47562, -0.00000, 0.00000, 0.47562, -0.87965, -0.00000, 0.00000, -0.00000, -0.00000, 1.00000, 0.00000, 0.48760, 7.49745, 0.47000, 1.00000, ignore = { 3, 50 }, },
			},
			["era_b_advertisement.grp"] = {
				{ -0.00000, 0.85000, 0.00000, 0.00000, -0.85000, -0.00000, 0.00000, 0.00000, 0.00000, 0.00000, 0.85000, 0.00000, 3.11477, 4.17848, 3.12000, 1.00000, align = { 0.00000, 0.00000 }, seed = 256, },
			},
			["era_b_food_store_box_01.grp"] = {
				{ 0.02443, -0.99970, 0.00000, 0.00000, 0.99970, 0.02443, 0.00000, 0.00000, 0.00000, 0.00000, 1.00000, 0.00000, 1.25000, 0.62000, 0.23500, 1.00000, seed = 256, },
			},
			["era_b_food_store_box_02.grp"] = {
				{ -0.25207, -0.96771, 0.00000, 0.00000, 0.96771, -0.25207, 0.00000, 0.00000, 0.00000, 0.00000, 1.00000, 0.00000, 1.25000, 0.62000, 0.47000, 1.00000, seed = 256, },
			},
			["era_b_food_store_box_03.grp"] = {
				{ 0.78586, 0.61841, 0.00000, 0.00000, -0.61841, 0.78586, 0.00000, 0.00000, 0.00000, 0.00000, 1.00000, 0.00000, 2.23127, 0.64347, 0.23686, 1.00000, seed = 256, },
			},
			["era_b_food_store_box_04.grp"] = {
				{ 1.00000, 0.00000, 0.00000, 0.00000, 0.00000, 1.00000, 0.00000, 0.00000, 0.00000, 0.00000, 1.00000, 0.00000, 2.25000, 0.68000, 0.00000, 1.00000, seed = 256, },
			},
			["era_b_food_store_box_06.grp"] = {
				{ -0.16333, -0.98657, 0.00000, 0.00000, 0.98657, -0.16333, 0.00000, 0.00000, 0.00000, 0.00000, 1.00000, 0.00000, 1.25000, 0.62000, 0.00000, 1.00000, seed = 256, },
			},
			["era_b_food_store_ground_sign.grp"] = {
				{ -0.32557, -0.94552, 0.00000, 0.00000, 0.94552, -0.32557, 0.00000, 0.00000, 0.00000, 0.00000, 1.00000, 0.00000, -0.62000, 0.22000, 0.00000, 1.00000, align = { 0.00000, 0.00000 }, seed = 256, },
			},
			["era_b_food_store_sign_mini.grp"] = {
				{ 0.69500, 0.00000, 0.00000, 0.00000, 0.00000, 0.69500, 0.00000, 0.00000, 0.00000, 0.00000, 0.69500, 0.00000, -1.89000, 0.96857, 2.74500, 1.00000, align = { 0.00000, 0.00000 }, seed = 256, },
			},
			["era_b_food_store_wall_sign.grp"] = {
				{ 1.00000, 0.00000, 0.00000, 0.00000, 0.00000, 1.00000, 0.00000, 0.00000, 0.00000, 0.00000, 1.00000, 0.00000, 2.72620, 0.96857, 3.77766, 1.00000, align = { 0.00000, 0.00000 }, seed = 256, },
			},
		},
	},
}
--End Generated

function data()
	return townbuildingutil.make_building2(
		{ { -4.60, -0.10 }, { 4.60, -0.10 }, { 4.60, 9.10 }, { -4.60, 9.10 } },
		"COMMERCIAL", 
		"B", 
		2,
		{ 1, 1 },
		generatedData,
		"construction/building/era_b/com_2_1x1_02.gtex"
	)
end
