local townbuildingutil = require "townbuildingutil"

--Model file: "building/era_b/com_2_2x3_01.mdl"

--Begin Generated
local generatedData = {
	["base"] = {
		models = {
			["building/era_b/com_2_2x3_01.mdl"] = {
				{ 1.00000, 0.00000, 0.00000, 0.00000, 0.00000, 1.00000, 0.00000, 0.00000, 0.00000, 0.00000, 1.00000, 0.00000, 1.00000, 0.00000, 0.00000, 1.00000, },
			},
		},
		curves = {
			["scaffold"] = {
				{ { 5.40112, 2.11615, 0.00000 }, { 5.40112, 2.11615, 0.00000 }, { 5.40112, 2.83258, 0.00000 }, { 5.40112, 2.83258, 0.00000 }, { 5.40112, 2.83258, 0.00000 }, { 5.96832, 2.83258, 0.00000 }, { 5.96832, 2.83258, 0.00000 }, { 5.96832, 2.83258, 0.00000 }, { 5.96277, 8.27891, 0.00000 }, { 5.96277, 8.27891, 0.00000 }, { 5.96277, 8.27891, 0.00000 }, { 7.14273, 8.27891, 0.00000 }, { 7.14273, 8.27891, 0.00000 }, { 7.14273, 8.27891, 0.00000 }, { 7.14273, 10.33205, 0.00000 }, { 7.14273, 10.33205, 0.00000 }, { 7.14273, 10.33205, 0.00000 }, { 5.96822, 10.33205, 0.00000 }, { 5.96822, 10.33205, 0.00000 }, { 5.96822, 10.33205, 0.00000 }, { 5.96817, 15.84718, 0.00000 }, { 5.96817, 15.84718, 0.00000 }, { 5.96815, 15.84718, 0.00000 }, { -4.32420, 15.84712, 0.00000 }, { -4.32420, 15.84712, 0.00000 }, { -4.32420, 15.84712, 0.00000 }, { -4.31850, 2.83969, 0.00000 }, { -4.31850, 2.83968, 0.00000 }, { -4.31850, 2.83968, 0.00000 }, { -3.75879, 2.83969, 0.00000 }, { -3.75879, 2.83969, 0.00000 }, { -3.75879, 2.83969, 0.00000 }, { -3.75879, 2.11615, 0.00000 }, { -3.75879, 2.11615, 0.00000 }, },
			},
			["shared/asphalt_02.gtex.lua;shared/dirt.gtex.lua"] = {
				{ { 8.00000, 0.00000, 0.00000 }, { 8.00000, 0.00000, 0.00000 }, { 8.00000, 17.50000, 0.00000 }, { 8.00000, 17.50000, 0.00000 }, { 8.00000, 17.50000, 0.00000 }, { -4.00000, 17.50000, 0.00000 }, { -4.00000, 17.50000, 0.00000 }, { -4.00000, 17.50000, 0.00000 }, { -3.99463, 14.87000, 0.00000 }, { -3.99463, 14.87000, 0.00000 }, { -3.99463, 14.87000, 0.00000 }, { -8.00000, 14.87000, 0.00000 }, { -8.00000, 14.87000, 0.00000 }, { -8.00000, 14.87000, 0.00000 }, { -8.00000, 0.00000, 0.00000 }, { -8.00000, 0.00000, 0.00000 }, },
			},
			["shared/grass_cutted_01.gtex.lua"] = {
				{ { 8.00000, 17.50000, 0.00000 }, { 8.00000, 17.50000, 0.00000 }, { 8.00024, 24.00000, 0.00000 }, { 8.00024, 24.00000, 0.00000 }, { 8.00024, 24.00000, 0.00000 }, { -8.00000, 24.00000, 0.00000 }, { -8.00000, 24.00000, 0.00000 }, { -8.00000, 24.00000, 0.00000 }, { -8.00000, 14.87000, 0.00000 }, { -8.00000, 14.87000, 0.00000 }, { -8.00000, 14.87000, 0.00000 }, { -4.00000, 14.87000, 0.00000 }, { -4.00000, 14.87000, 0.00000 }, { -4.00000, 14.87000, 0.00000 }, { -4.00000, 17.50000, 0.00000 }, { -4.00000, 17.50000, 0.00000 }, },
			},
		},
	},
	["layout_1"] = {
		models = {
			["asset/commercial/all_eras/era_b_com_wall.mdl"] = {
				{ 1.00000, 0.00000, 0.00000, 0.00000, 0.00000, 1.00000, 0.00000, 0.00000, 0.00000, 0.00000, 1.00000, 0.00000, -3.20000, 14.85000, 0.00000, 1.00000, },
				{ 1.00000, 0.00000, 0.00000, 0.00000, 0.00000, 1.00000, 0.00000, 0.00000, 0.00000, 0.00000, 1.00000, 0.00000, -6.20000, 14.85000, 0.00000, 1.00000, },
				{ 1.06670, 0.00000, 0.00000, 0.00000, 0.00000, 1.00000, 0.00000, 0.00000, 0.00000, 0.00000, 1.00000, 0.00000, -6.40019, 23.85000, 0.00000, 1.00000, },
				{ 1.06670, 0.00000, 0.00000, 0.00000, 0.00000, 1.00000, 0.00000, 0.00000, 0.00000, 0.00000, 1.00000, 0.00000, -3.20010, 23.85000, 0.00000, 1.00000, },
				{ 1.06670, 0.00000, 0.00000, 0.00000, 0.00000, 1.00000, 0.00000, 0.00000, 0.00000, 0.00000, 1.00000, 0.00000, 0.00000, 23.85000, 0.00000, 1.00000, },
				{ 1.06670, 0.00000, 0.00000, 0.00000, 0.00000, 1.00000, 0.00000, 0.00000, 0.00000, 0.00000, 1.00000, 0.00000, 3.20010, 23.85000, 0.00000, 1.00000, },
				{ 1.06670, 0.00000, 0.00000, 0.00000, 0.00000, 1.00000, 0.00000, 0.00000, 0.00000, 0.00000, 1.00000, 0.00000, 6.40020, 23.85000, 0.00000, 1.00000, },
				{ -0.00000, 1.00000, 0.00000, 0.00000, -1.00000, -0.00000, 0.00000, 0.00000, 0.00000, 0.00000, 1.00000, 0.00000, -7.85000, 16.20000, 0.00000, 1.00000, },
				{ -0.00000, 1.00000, 0.00000, 0.00000, -1.00000, -0.00000, 0.00000, 0.00000, 0.00000, 0.00000, 1.00000, 0.00000, -7.85000, 19.20000, 0.00000, 1.00000, },
				{ -0.00000, 1.00000, 0.00000, 0.00000, -1.00000, -0.00000, 0.00000, 0.00000, 0.00000, 0.00000, 1.00000, 0.00000, -7.85000, 22.20000, 0.00000, 1.00000, },
				{ -0.00000, 1.00000, 0.00000, 0.00000, -1.00000, -0.00000, 0.00000, 0.00000, 0.00000, 0.00000, 1.00000, 0.00000, 7.84999, 19.20000, 0.00000, 1.00000, },
				{ -0.00000, 1.00000, 0.00000, 0.00000, -1.00000, -0.00000, 0.00000, 0.00000, 0.00000, 0.00000, 1.00000, 0.00000, 7.84999, 22.20000, 0.00000, 1.00000, },
				{ -0.00000, 1.00000, 0.00000, 0.00000, -1.00000, -0.00000, 0.00000, 0.00000, 0.00000, 0.00000, 1.00000, 0.00000, 0.51000, 7.20001, 0.00000, 1.00000, },
				{ -0.00000, 1.00000, 0.00000, 0.00000, -1.00000, -0.00000, 0.00000, 0.00000, 0.00000, 0.00000, 1.00000, 0.00000, 0.51000, 10.20000, 0.00000, 1.00000, },
				{ -0.00000, 1.00000, 0.00000, 0.00000, -1.00000, -0.00000, 0.00000, 0.00000, 0.00000, 0.00000, 1.00000, 0.00000, 0.51000, 13.20000, 0.00000, 1.00000, },
			},
			["asset/commercial/era_b/wall_grip.mdl"] = {
				{ -0.00000, 0.27231, 0.00000, 0.00000, -0.27231, -0.00000, 0.00000, 0.00000, 0.00000, 0.00000, 0.27231, 0.00000, 0.82486, 2.19609, 4.19224, 1.00000, align = { 1.00000, 0.00000 }, },
			},
			["asset/ground/garden_chair_plastic_01.mdl"] = {
				{ 0.80489, 0.59342, 0.00000, 0.00000, -0.59342, 0.80489, 0.00000, 0.00000, 0.00000, 0.00000, 1.00000, 0.00000, 6.24034, 9.29309, 4.68969, 1.00000, align = { 1.00000, 0.00000 }, ignore = { 4, 30 }, },
			},
			["asset/vegetation/hedge_3m.mdl"] = {
				{ -0.00000, -1.00000, -0.00000, 0.00000, 1.00000, -0.00000, -0.00000, 0.00000, 0.00000, -0.00000, 1.00000, 0.00000, -5.76275, 23.19971, 0.00000, 1.00000, },
				{ -0.00000, -1.00000, -0.00000, 0.00000, 1.00000, -0.00000, -0.00000, 0.00000, 0.00000, -0.00000, 1.00000, 0.00000, -3.88275, 23.19971, 0.00000, 1.00000, },
				{ -0.00000, -1.00000, -0.00000, 0.00000, 0.94500, -0.00000, -0.00000, 0.00000, 0.00000, -0.00000, 1.00000, 0.00000, -5.84275, 15.48471, 0.00000, 1.00000, },
				{ -0.00000, -1.00000, -0.00000, 0.00000, 1.00000, -0.00000, -0.00000, 0.00000, 0.00000, -0.00000, 1.00000, 0.00000, 1.00725, 23.19971, 0.00000, 1.00000, },
				{ -0.00000, -1.00000, -0.00000, 0.00000, 1.00000, -0.00000, -0.00000, 0.00000, 0.00000, -0.00000, 1.00000, 0.00000, 3.72725, 23.19971, 0.00000, 1.00000, },
				{ -0.00000, -1.00000, -0.00000, 0.00000, 1.00000, -0.00000, -0.00000, 0.00000, 0.00000, -0.00000, 1.00000, 0.00000, 5.76725, 23.19971, 0.00000, 1.00000, },
				{ -0.00000, -1.00000, -0.00000, 0.00000, 1.00000, -0.00000, -0.00000, 0.00000, 0.00000, -0.00000, 1.00000, 0.00000, -1.43275, 23.19971, 0.00000, 1.00000, },
				{ -1.00000, 0.00000, -0.00000, 0.00000, -0.00000, -1.00000, -0.00000, 0.00000, -0.00000, -0.00000, 1.00000, 0.00000, 7.18225, 21.72471, 0.00000, 1.00000, },
				{ -1.00000, 0.00000, -0.00000, 0.00000, -0.00000, -1.00000, -0.00000, 0.00000, -0.00000, -0.00000, 1.00000, 0.00000, -7.20000, 21.70471, 0.00000, 1.00000, },
				{ -1.00000, 0.00000, -0.00000, 0.00000, -0.00000, -1.11000, -0.00000, 0.00000, -0.00000, -0.00000, 1.00000, 0.00000, 7.18225, 19.64471, 0.00000, 1.00000, },
				{ -1.00000, 0.00000, -0.00000, 0.00000, -0.00000, -1.11000, -0.00000, 0.00000, -0.00000, -0.00000, 1.00000, 0.00000, -7.20000, 19.86471, 0.00000, 1.00000, },
				{ -1.00000, 0.00000, -0.00000, 0.00000, -0.00000, -1.11000, -0.00000, 0.00000, -0.00000, -0.00000, 1.00000, 0.00000, -7.20000, 17.20471, 0.00000, 1.00000, },
			},
		},
		groups = {
			["com_sunshades_all.grp"] = {
				{ 0.69950, -0.71464, -0.00000, 0.00000, 0.71464, 0.69950, -0.00000, 0.00000, 0.00000, -0.00000, 1.00000, 0.00000, -6.24881, 12.91119, 0.00000, 1.00000, seed = 456, },
				{ 0.75684, -0.65360, -0.00000, 0.00000, 0.65360, 0.75684, -0.00000, 0.00000, 0.00000, -0.00000, 1.00000, 0.00000, -6.24881, 3.73119, 0.00000, 1.00000, seed = 456, },
				{ -0.06649, 0.99779, 0.00000, 0.00000, -0.99779, -0.06649, 0.00000, 0.00000, 0.00000, -0.00000, 1.00000, 0.00000, -6.24881, 9.74119, 0.00000, 1.00000, seed = 456, },
				{ -0.75313, 0.65787, 0.00000, 0.00000, -0.65787, -0.75313, 0.00000, 0.00000, 0.00000, -0.00000, 1.00000, 0.00000, -6.24881, 6.76263, 0.00000, 1.00000, seed = 456, },
			},
			["era_a_com_restaurant_chairs.grp"] = {
				{ -0.97718, -0.21243, 0.00000, 0.00000, 0.21243, -0.97718, 0.00000, 0.00000, 0.00000, 0.00000, 1.00000, 0.00000, -5.56079, 12.21914, -0.00000, 1.00000, seed = 456, },
				{ 0.99075, -0.13572, -0.00000, 0.00000, 0.13572, 0.99075, -0.00000, 0.00000, 0.00000, -0.00000, 1.00000, 0.00000, -5.73597, 13.64241, -0.00000, 1.00000, seed = 456, },
				{ -0.98357, -0.18052, 0.00000, 0.00000, 0.18052, -0.98357, 0.00000, 0.00000, 0.00000, 0.00000, 1.00000, 0.00000, -6.91058, 12.24270, 0.00000, 1.00000, seed = 456, },
				{ 0.99926, -0.03850, -0.00000, 0.00000, 0.03850, 0.99926, -0.00000, 0.00000, 0.00000, -0.00000, 1.00000, 0.00000, -6.88562, 13.67248, -0.00000, 1.00000, seed = 456, },
				{ -0.95597, -0.29345, 0.00000, 0.00000, 0.29345, -0.95597, 0.00000, 0.00000, 0.00000, 0.00000, 1.00000, 0.00000, -5.50529, 3.09914, -0.00000, 1.00000, seed = 456, },
				{ 0.99863, -0.05234, -0.00000, 0.00000, 0.05234, 0.99863, -0.00000, 0.00000, 0.00000, 0.00000, 1.00000, 0.00000, -5.79896, 4.50276, -0.00000, 1.00000, seed = 456, },
				{ -0.96502, -0.26219, 0.00000, 0.00000, 0.26219, -0.96502, 0.00000, 0.00000, 0.00000, 0.00000, 1.00000, 0.00000, -6.85232, 3.00967, 0.00000, 1.00000, seed = 456, },
				{ 0.99898, 0.04525, -0.00000, 0.00000, -0.04525, 0.99898, 0.00000, 0.00000, 0.00000, 0.00000, 1.00000, 0.00000, -6.94709, 4.43652, -0.00000, 1.00000, seed = 456, },
				{ -0.99476, 0.10221, 0.00000, 0.00000, -0.10221, -0.99476, 0.00000, 0.00000, 0.00000, 0.00000, 1.00000, 0.00000, -5.58038, 9.03020, 0.00000, 1.00000, seed = 456, },
				{ 0.98657, -0.16333, -0.00000, 0.00000, 0.16333, 0.98657, -0.00000, 0.00000, 0.00000, -0.00000, 1.00000, 0.00000, -5.71576, 10.45781, -0.00000, 1.00000, seed = 456, },
				{ -0.98823, -0.15299, 0.00000, 0.00000, 0.15299, -0.98823, 0.00000, 0.00000, 0.00000, 0.00000, 1.00000, 0.00000, -6.92899, 9.09144, 0.00000, 1.00000, seed = 456, },
				{ 0.98895, -0.14826, -0.00000, 0.00000, 0.14826, 0.98895, -0.00000, 0.00000, 0.00000, -0.00000, 1.00000, 0.00000, -6.86412, 10.51996, -0.00000, 1.00000, seed = 456, },
				{ -0.97418, -0.22577, 0.00000, 0.00000, 0.22577, -0.97418, 0.00000, 0.00000, 0.00000, 0.00000, 1.00000, 0.00000, -5.55358, 6.07782, -0.00000, 1.00000, seed = 456, },
				{ 0.99211, -0.12533, -0.00000, 0.00000, 0.12533, 0.99211, -0.00000, 0.00000, 0.00000, 0.00000, 1.00000, 0.00000, -5.74366, 7.49918, -0.00000, 1.00000, seed = 456, },
				{ -0.98163, -0.19081, 0.00000, 0.00000, 0.19081, -0.98163, 0.00000, 0.00000, 0.00000, 0.00000, 1.00000, 0.00000, -6.90354, 6.08724, 0.00000, 1.00000, seed = 456, },
				{ 0.98926, -0.14614, -0.00000, 0.00000, 0.14614, 0.98926, -0.00000, 0.00000, 0.00000, 0.00000, 1.00000, 0.00000, -6.89356, 7.51721, -0.00000, 1.00000, seed = 456, },
			},
			["era_a_garden_chair.grp"] = {
				{ 0.99488, 0.10106, 0.00000, 0.00000, -0.10106, 0.99488, 0.00000, 0.00000, 0.00000, 0.00000, 1.00000, 0.00000, 6.44759, 9.88140, 7.68969, 1.00000, align = { 1.00000, 0.00000 }, seed = 456, ignore = { 6, 20 }, },
				{ -0.99970, 0.02443, -0.00000, 0.00000, -0.02443, -0.99970, 0.00000, 0.00000, -0.00000, 0.00000, 1.00000, 0.00000, 6.50120, 8.63251, 7.68969, 1.00000, align = { 1.00000, 0.00000 }, seed = 456, ignore = { 7, 20 }, },
			},
			["era_b_awning_shops_end.grp"] = {
				{ 0.86600, 0.00000, 0.00000, 0.00000, 0.00000, 0.86600, 0.00000, 0.00000, 0.00000, 0.00000, 0.86600, 0.00000, -1.43032, 2.43941, 3.18366, 1.00000, align = { 1.00000, 0.00000 }, seed = 987, },
				{ 0.86600, 0.00000, 0.00000, 0.00000, 0.00000, 0.86600, 0.00000, 0.00000, 0.00000, 0.00000, 0.86600, 0.00000, 3.06968, 2.43941, 3.18366, 1.00000, align = { 1.00000, 0.00000 }, seed = 987, },
			},
			["era_b_awning_shops_repeat.grp"] = {
				{ 0.86600, 0.00000, 0.00000, 0.00000, 0.00000, 0.86600, 0.00000, 0.00000, 0.00000, 0.00000, 0.86600, 0.00000, -1.43032, 2.43941, 3.18366, 1.00000, align = { 1.00000, 0.00000 }, seed = 987, },
				{ 0.86600, 0.00000, 0.00000, 0.00000, 0.00000, 0.86600, 0.00000, 0.00000, 0.00000, 0.00000, 0.86600, 0.00000, 3.06968, 2.43941, 3.18366, 1.00000, align = { 1.00000, 0.00000 }, seed = 987, },
			},
			["era_b_awning_shops_start.grp"] = {
				{ 0.86600, 0.00000, 0.00000, 0.00000, 0.00000, 0.86600, 0.00000, 0.00000, 0.00000, 0.00000, 0.86600, 0.00000, -1.43032, 2.43941, 3.18366, 1.00000, align = { 1.00000, 0.00000 }, seed = 987, },
				{ 0.86600, 0.00000, 0.00000, 0.00000, 0.00000, 0.86600, 0.00000, 0.00000, 0.00000, 0.00000, 0.86600, 0.00000, 3.06968, 2.43941, 3.18366, 1.00000, align = { 1.00000, 0.00000 }, seed = 987, },
			},
			["era_b_com_restaurant_tables.grp"] = {
				{ -0.99985, 0.01745, 0.00000, 0.00000, -0.01745, -0.99985, 0.00000, 0.00000, 0.00000, 0.00000, 1.00000, 0.00000, -6.24881, 12.91119, 0.00000, 1.00000, seed = 456, },
				{ -0.99780, -0.06627, 0.00000, 0.00000, 0.06627, -0.99780, 0.00000, 0.00000, 0.00000, 0.00000, 1.00000, 0.00000, -6.24881, 3.73119, 0.00000, 1.00000, seed = 456, },
				{ -0.99897, 0.04536, 0.00000, 0.00000, -0.04536, -0.99897, 0.00000, 0.00000, 0.00000, 0.00000, 1.00000, 0.00000, -6.24881, 9.74119, 0.00000, 1.00000, seed = 456, },
				{ -0.99998, 0.00698, 0.00000, 0.00000, -0.00698, -0.99998, 0.00000, 0.00000, 0.00000, 0.00000, 1.00000, 0.00000, -6.24881, 6.76263, 0.00000, 1.00000, seed = 456, },
			},
			["era_b_neon_wall_sign_food.grp"] = {
				{ -0.00000, 0.27231, 0.00000, 0.00000, -0.27231, -0.00000, 0.00000, 0.00000, 0.00000, 0.00000, 0.27231, 0.00000, 0.82486, 1.21579, 4.19224, 1.00000, align = { 1.00000, 0.00000 }, seed = 987, },
			},
			["era_b_neon_wall_sign_food_flat.grp"] = {
				{ 0.42533, 0.00000, 0.00000, 0.00000, 0.00000, 0.42533, 0.00000, 0.00000, 0.00000, 0.00000, 0.42533, 0.00000, 4.21845, 3.59483, 1.80000, 1.00000, align = { 1.00000, 0.00000 }, seed = 987, },
				{ 0.42533, 0.00000, 0.00000, 0.00000, 0.00000, 0.42533, 0.00000, 0.00000, 0.00000, 0.00000, 0.42533, 0.00000, 4.79968, 2.48283, 1.80000, 1.00000, align = { 1.00000, 0.00000 }, seed = 987, },
				{ 0.42533, 0.00000, 0.00000, 0.00000, 0.00000, 0.42533, 0.00000, 0.00000, 0.00000, 0.00000, 0.42533, 0.00000, 3.07374, 2.37612, 1.80000, 1.00000, align = { 1.00000, 0.00000 }, seed = 987, },
			},
			["era_b_restaurant_ground_sign.grp"] = {
				{ -0.43209, -0.90183, 0.00000, 0.00000, 0.90183, -0.43209, 0.00000, 0.00000, 0.00000, 0.00000, 1.00000, 0.00000, 0.41000, 1.48000, 0.00000, 1.00000, seed = 987, },
				{ 0.18738, -0.98229, 0.00000, 0.00000, 0.98229, 0.18738, 0.00000, 0.00000, 0.00000, 0.00000, 1.00000, 0.00000, -1.10000, 2.88000, 0.00000, 1.00000, seed = 456, ignore = { 2, 60 }, },
			},
			["era_b_restaurant_sign_big.grp"] = {
				{ 0.45821, 0.00000, 0.00000, 0.00000, 0.00000, 0.45821, 0.00000, 0.00000, 0.00000, 0.00000, 0.45821, 0.00000, 1.55499, 2.45987, 2.52350, 1.00000, align = { 1.00000, 0.00000 }, seed = 987, },
				{ 0.62500, 0.00000, 0.00000, 0.00000, 0.00000, 0.62500, 0.00000, 0.00000, 0.00000, 0.00000, 0.62500, 0.00000, -1.42861, 2.14606, 3.62626, 1.00000, align = { 1.00000, 0.00000 }, seed = 987, },
				{ 0.62500, 0.00000, 0.00000, 0.00000, 0.00000, 0.62500, 0.00000, 0.00000, 0.00000, 0.00000, 0.62500, 0.00000, 3.07139, 2.14606, 3.62626, 1.00000, align = { 1.00000, 0.00000 }, seed = 987, },
			},
			["era_b_sunshade_small.grp"] = {
				{ 0.57902, -0.77823, -0.00000, 0.00000, 0.77823, 0.57902, -0.00000, 0.00000, 0.00000, -0.00000, 0.97000, 0.00000, 6.47406, 9.24876, 7.86466, 1.00000, align = { 1.00000, 0.00000 }, ignore = { 3, 80 }, },
				{ -0.79992, -0.27231, 0.00000, 0.00000, 0.27231, -0.79992, 0.00000, 0.00000, 0.00000, 0.00000, 0.84500, 0.00000, 6.72727, 8.92775, 4.68969, 1.00000, align = { 1.00000, 0.00000 }, ignore = { 5, 80 }, },
			},
			["garden_table_round.grp"] = {
				{ 0.03490, -0.99939, 0.00000, 0.00000, 0.99939, 0.03490, 0.00000, 0.00000, 0.00000, 0.00000, 1.00000, 0.00000, 6.47957, 9.25213, 7.68969, 1.00000, align = { 1.00000, 0.00000 }, seed = 456, },
			},
			["random_medium_tree_town.grp"] = {
				{ 0.41025, 0.91197, 0.00000, 0.00000, -0.91197, 0.41025, 0.00000, 0.00000, -0.00000, -0.00000, 1.00000, 0.00000, -3.19000, 21.54000, 0.00000, 1.00000, },
				{ -0.65522, -0.61700, 0.00000, 0.00000, 0.61700, -0.65522, 0.00000, 0.00000, 0.00000, 0.00000, 0.90000, 0.00000, -1.24000, 20.34000, 0.00000, 1.00000, },
				{ 0.11439, 0.79178, 0.00000, 0.00000, -0.79178, 0.11439, 0.00000, 0.00000, -0.00000, -0.00000, 0.80000, 0.00000, -3.79000, 19.04000, 0.00000, 1.00000, },
			},
		},
	},
}
--End Generated

function data()
	return townbuildingutil.make_building2(
		{ { -4.60, -0.10 }, { 4.60, -0.10 }, { 4.60, 9.10 }, { -4.60, 9.10 } },
		"COMMERCIAL", 
		"B", 
		2,
		{ 2, 3 },
		generatedData,
		"construction/building/era_b/com_2_2x3_01.gtex"
	)
end
