local townbuildingutil = require "townbuildingutil"

--Model file: "building/era_b/com_1_3x4_01.mdl"

--Begin Generated
local generatedData = {
	["base"] = {
		models = {
			["building/era_b/com_1_3x4_01.mdl"] = {
				{ 1.00000, 0.00000, 0.00000, 0.00000, 0.00000, 1.00000, 0.00000, 0.00000, 0.00000, 0.00000, 1.00000, 0.00000, 0.00000, 3.00000, 0.00000, 1.00000, },
			},
		},
		curves = {
			["scaffold"] = {
				{ { 7.18433, 4.81537, 0.00000 }, { 7.18433, 4.81537, 0.00000 }, { 7.18436, 14.87054, 0.00000 }, { 7.18436, 14.87054, 0.00000 }, { 7.18436, 14.87054, 0.00000 }, { -0.71667, 14.87052, 0.00000 }, { -0.71667, 14.87052, 0.00000 }, { -0.71667, 14.87052, 0.00000 }, { -0.71667, 12.68136, 0.00000 }, { -0.71667, 12.68136, 0.00000 }, { -0.71667, 12.68136, 0.00000 }, { -5.79871, 12.68136, 0.00000 }, { -5.79871, 12.68136, 0.00000 }, { -5.79871, 12.68136, 0.00000 }, { -5.79871, 9.53905, 0.00000 }, { -5.79871, 9.53905, 0.00000 }, { -5.79871, 9.53905, 0.00000 }, { -7.06516, 9.53905, 0.00000 }, { -7.06516, 9.53905, 0.00000 }, { -7.06516, 9.53905, 0.00000 }, { -7.06519, 6.34438, 0.00000 }, { -7.06519, 6.34438, 0.00000 }, { -7.06519, 6.34438, 0.00000 }, { -6.75421, 6.34438, 0.00000 }, { -6.75421, 6.34438, 0.00000 }, { -6.75421, 6.34438, 0.00000 }, { -6.75421, 4.71301, 0.00000 }, { -6.75421, 4.71301, 0.00000 }, },
			},
			["shared/asphalt_02.gtex.lua;shared/dirt.gtex.lua"] = {
				{ { 12.00000, 0.00000, 0.00000 }, { 12.00000, 0.00000, 0.00000 }, { 12.00000, 2.00000, 0.00000 }, { 12.00000, 2.00000, 0.00000 }, { 12.00000, 2.00000, 0.00000 }, { 10.00000, 2.00000, 0.00000 }, { 10.00000, 2.00000, 0.00000 }, { 10.00000, 2.00000, 0.00000 }, { 10.00000, 14.37048, 0.00000 }, { 10.00000, 14.37048, 0.00000 }, { 10.00000, 14.37048, 0.00000 }, { -0.33362, 14.37048, 0.00000 }, { -0.33362, 14.37048, 0.00000 }, { -0.33362, 14.37048, 0.00000 }, { -0.33362, 12.19824, 0.00000 }, { -0.33362, 12.19824, 0.00000 }, { -0.33362, 12.19824, 0.00000 }, { -5.29871, 12.19824, 0.00000 }, { -5.29871, 12.19824, 0.00000 }, { -5.29871, 12.19824, 0.00000 }, { -5.29871, 9.44120, 0.00000 }, { -5.29871, 9.44120, 0.00000 }, { -5.29871, 9.44120, 0.00000 }, { -11.99997, 9.44121, 0.00000 }, { -11.99997, 9.44121, 0.00000 }, { -11.99997, 9.44121, 0.00000 }, { -12.00000, 0.00000, 0.00000 }, { -12.00000, 0.00000, 0.00000 }, },
			},
			["shared/asphalt_03.gtex.lua;shared/dirt.gtex.lua"] = {
				{ { -2.54999, 28.20000, 0.00000 }, { -2.54999, 28.20000, 0.00000 }, { -2.54999, 32.00000, 0.00000 }, { -2.54999, 32.00000, 0.00000 }, { -2.54999, 32.00000, 0.00000 }, { -11.99997, 32.00000, 0.00000 }, { -11.99997, 32.00000, 0.00000 }, { -11.99997, 32.00000, 0.00000 }, { -11.99997, 28.20000, 0.00000 }, { -11.99997, 28.20000, 0.00000 }, },
			},
			["shared/grass_cutted_01.gtex.lua"] = {
				{ { 12.00000, 2.00000, 0.00000 }, { 12.00000, 2.00000, 0.00000 }, { 12.00003, 18.70000, 0.00000 }, { 12.00003, 18.70000, 0.00000 }, { 12.00003, 18.70000, 0.00000 }, { 10.00000, 18.70000, 0.00000 }, { 10.00000, 18.70000, 0.00000 }, { 10.00000, 18.70000, 0.00000 }, { 10.00000, 2.00000, 0.00000 }, { 10.00000, 2.00000, 0.00000 }, },
			},
			["shared/gravel_03.gtex.lua;shared/dirt.gtex.lua"] = {
				{ { 10.00000, 14.50000, 0.00000 }, { 10.00000, 14.50000, 0.00000 }, { 10.00000, 18.70000, 0.00000 }, { 10.00000, 18.70000, 0.00000 }, { 10.00000, 18.70000, 0.00000 }, { 12.00003, 18.70000, 0.00000 }, { 12.00003, 18.70000, 0.00000 }, { 12.00003, 18.70000, 0.00000 }, { 12.00153, 32.00000, 0.00000 }, { 12.00153, 32.00000, 0.00000 }, { 12.00153, 32.00000, 0.00000 }, { -2.54999, 32.00000, 0.00000 }, { -2.54999, 32.00000, 0.00000 }, { -2.54999, 32.00000, 0.00000 }, { -2.54999, 28.20000, 0.00000 }, { -2.54999, 28.20000, 0.00000 }, { -2.54999, 28.20000, 0.00000 }, { -11.99997, 28.20000, 0.00000 }, { -11.99997, 28.20000, 0.00000 }, { -11.99997, 28.20000, 0.00000 }, { -11.99997, 9.44121, 0.00000 }, { -11.99997, 9.44120, 0.00000 }, { -11.99997, 9.44120, 0.00000 }, { -5.29871, 9.44120, 0.00000 }, { -5.29871, 9.44120, 0.00000 }, { -5.29871, 9.44120, 0.00000 }, { -5.29871, 12.19824, 0.00000 }, { -5.29871, 12.19824, 0.00000 }, { -5.29871, 12.19824, 0.00000 }, { -0.33362, 12.19824, 0.00000 }, { -0.33362, 12.19824, 0.00000 }, { -0.33362, 12.19824, 0.00000 }, { -0.33362, 14.37048, 0.00000 }, { -0.33362, 14.37048, 0.00000 }, },
			},
		},
	},
	["layout_1"] = {
		models = {
			["asset/commercial/all_eras/era_b_com_wall.mdl"] = {
				{ -0.00000, 1.00000, -0.00000, 0.00000, -1.00000, -0.00000, -0.00000, 0.00000, -0.00000, -0.00000, 1.00000, 0.00000, -11.84998, 15.50000, 0.00000, 1.00000, },
				{ -0.00000, 1.00000, -0.00000, 0.00000, -1.00000, -0.00000, -0.00000, 0.00000, -0.00000, -0.00000, 1.00000, 0.00000, 11.85002, 15.50000, 0.00000, 1.00000, },
				{ 1.00000, 0.00000, 0.00000, 0.00000, 0.00000, 1.00000, 0.00000, 0.00000, 0.00000, 0.00000, 1.00000, 0.00000, -10.19998, 28.24950, 0.00000, 1.00000, },
				{ 1.00000, 0.00000, 0.00000, 0.00000, 0.00000, 1.00000, 0.00000, 0.00000, 0.00000, 0.00000, 1.00000, 0.00000, -10.19998, 9.26000, 0.00000, 1.00000, },
				{ 1.00000, 0.00000, 0.00000, 0.00000, 0.00000, 1.00000, 0.00000, 0.00000, 0.00000, 0.00000, 1.00000, 0.00000, -4.19998, 28.24950, 0.00000, 1.00000, },
				{ 1.00000, 0.00000, 0.00000, 0.00000, 0.00000, 1.00000, 0.00000, 0.00000, 0.00000, 0.00000, 1.00000, 0.00000, -7.19998, 28.24950, 0.00000, 1.00000, },
				{ 1.14922, 0.00000, 0.00000, 0.00000, 0.00000, 1.00000, 0.00000, 0.00000, 0.00000, 0.00000, 1.00000, 0.00000, -6.97614, 9.26000, 0.00000, 1.00000, },
				{ -0.00000, 1.00000, -0.00000, 0.00000, -1.00000, -0.00000, -0.00000, 0.00000, -0.00000, -0.00000, 1.00000, 0.00000, -11.84998, 21.50000, 0.00000, 1.00000, },
				{ -0.00000, 1.00000, -0.00000, 0.00000, -1.00000, -0.00000, -0.00000, 0.00000, -0.00000, -0.00000, 1.00000, 0.00000, 11.85002, 21.50000, 0.00000, 1.00000, },
				{ -0.00000, 1.00000, -0.00000, 0.00000, -1.00000, -0.00000, -0.00000, 0.00000, -0.00000, -0.00000, 1.00000, 0.00000, -11.84998, 24.50000, 0.00000, 1.00000, },
				{ -0.00000, 1.00000, -0.00000, 0.00000, -1.00000, -0.00000, -0.00000, 0.00000, -0.00000, -0.00000, 1.00000, 0.00000, 11.85002, 24.50000, 0.00000, 1.00000, },
				{ -0.00000, 1.00000, -0.00000, 0.00000, -1.00000, -0.00000, -0.00000, 0.00000, -0.00000, -0.00000, 1.00000, 0.00000, -11.84998, 18.50000, 0.00000, 1.00000, },
				{ -0.00000, 1.00000, -0.00000, 0.00000, -1.00000, -0.00000, -0.00000, 0.00000, -0.00000, -0.00000, 1.00000, 0.00000, 11.85002, 18.50000, 0.00000, 1.00000, },
				{ -0.00000, 1.00000, -0.00000, 0.00000, -1.00000, -0.00000, -0.00000, 0.00000, -0.00000, -0.00000, 1.00000, 0.00000, -11.84998, 27.50000, 0.00000, 1.00000, },
				{ -0.00000, 1.00000, -0.00000, 0.00000, -1.00000, -0.00000, -0.00000, 0.00000, -0.00000, -0.00000, 1.00000, 0.00000, 11.85002, 27.50000, 0.00000, 1.00000, },
				{ -0.00000, 1.00000, -0.00000, 0.00000, -1.00000, -0.00000, -0.00000, 0.00000, -0.00000, -0.00000, 1.00000, 0.00000, -11.84998, 30.50000, 0.00000, 1.00000, },
				{ -0.00000, 0.90000, -0.00000, 0.00000, -1.00000, -0.00000, -0.00000, 0.00000, -0.00000, -0.00000, 1.00000, 0.00000, 11.85002, 30.34900, 0.00000, 1.00000, },
				{ 1.00000, 0.00000, 0.00000, 0.00000, 0.00000, 1.00000, 0.00000, 0.00000, 0.00000, 0.00000, 1.00000, 0.00000, 1.80002, 31.85000, 0.00000, 1.00000, },
				{ 1.00000, 0.00000, 0.00000, 0.00000, 0.00000, 1.00000, 0.00000, 0.00000, 0.00000, 0.00000, 1.00000, 0.00000, 4.80002, 31.85000, 0.00000, 1.00000, },
				{ 1.00000, 0.00000, 0.00000, 0.00000, 0.00000, 1.00000, 0.00000, 0.00000, 0.00000, 0.00000, 1.00000, 0.00000, 7.80002, 31.85000, 0.00000, 1.00000, },
				{ 0.90100, 0.00000, 0.00000, 0.00000, 0.00000, 1.00000, 0.00000, 0.00000, 0.00000, 0.00000, 1.00000, 0.00000, 10.65002, 31.85000, 0.00000, 1.00000, },
				{ -0.00000, 1.00000, -0.00000, 0.00000, -1.00000, -0.00000, -0.00000, 0.00000, -0.00000, -0.00000, 1.00000, 0.00000, -11.84998, 12.50000, 0.00000, 1.00000, },
				{ -0.00000, 1.00000, -0.00000, 0.00000, -1.00000, -0.00000, -0.00000, 0.00000, -0.00000, -0.00000, 1.00000, 0.00000, -11.84998, 9.50000, 0.00000, 1.00000, },
				{ -0.00000, 1.00000, -0.00000, 0.00000, -1.00000, -0.00000, -0.00000, 0.00000, -0.00000, -0.00000, 1.00000, 0.00000, -11.84998, 6.50000, 0.00000, 1.00000, },
				{ -0.00000, 1.00000, -0.00000, 0.00000, -1.00000, -0.00000, -0.00000, 0.00000, -0.00000, -0.00000, 1.00000, 0.00000, -11.84998, 3.50000, 0.00000, 1.00000, },
				{ -0.00000, 1.00000, -0.00000, 0.00000, -1.00000, -0.00000, -0.00000, 0.00000, -0.00000, -0.00000, 1.00000, 0.00000, 11.85004, 12.50000, 0.00000, 1.00000, },
				{ -0.00000, 1.00000, -0.00000, 0.00000, -1.00000, -0.00000, -0.00000, 0.00000, -0.00000, -0.00000, 1.00000, 0.00000, 11.85004, 9.50000, 0.00000, 1.00000, },
				{ -0.00000, 1.00000, -0.00000, 0.00000, -1.00000, -0.00000, -0.00000, 0.00000, -0.00000, -0.00000, 1.00000, 0.00000, 11.85004, 6.50000, 0.00000, 1.00000, },
				{ -0.00000, 1.00000, -0.00000, 0.00000, -1.00000, -0.00000, -0.00000, 0.00000, -0.00000, -0.00000, 1.00000, 0.00000, 11.85004, 3.50000, 0.00000, 1.00000, },
			},
			["asset/ground/garden_bench_wood_01.mdl"] = {
				{ 1.00000, 0.00000, 0.00000, 0.00000, 0.00000, 1.00000, 0.00000, 0.00000, 0.00000, 0.00000, 1.00000, 0.00000, -9.20333, 8.63667, 0.00000, 1.00000, },
				{ -0.00000, 1.00000, 0.00000, 0.00000, -1.00000, -0.00000, 0.00000, 0.00000, 0.00000, 0.00000, 1.00000, 0.00000, -11.32333, 6.45667, 0.00000, 1.00000, },
			},
			["asset/industry/cardboard_box_01.mdl"] = {
				{ 0.22495, 0.97437, 0.00000, 0.00000, -0.97437, 0.22495, 0.00000, 0.00000, 0.00000, 0.00000, 1.00000, 0.00000, -10.20000, 14.30000, 0.50800, 1.00000, ignore = { 3, 40 }, },
				{ 0.83867, 0.54464, 0.00000, 0.00000, -0.54464, 0.83867, 0.00000, 0.00000, 0.00000, 0.00000, 1.00000, 0.00000, -10.56000, 14.30000, 0.00000, 1.00000, },
				{ 0.99803, -0.06279, 0.00000, 0.00000, 0.06279, 0.99803, 0.00000, 0.00000, 0.00000, 0.00000, 1.00000, 0.00000, -9.70000, 14.30000, 0.00000, 1.00000, },
				{ 0.52992, 0.84805, 0.00000, 0.00000, -0.84805, 0.52992, 0.00000, 0.00000, 0.00000, 0.00000, 1.00000, 0.00000, -3.52376, 30.71519, 0.00000, 1.00000, ignore = { 34, 50 }, },
				{ -0.15643, 0.98769, 0.00000, 0.00000, -0.98769, -0.15643, 0.00000, 0.00000, 0.00000, 0.00000, 1.00000, 0.00000, -4.64376, 31.25519, 0.00000, 1.00000, ignore = { 34, 50 }, },
				{ -0.01396, 0.99990, 0.00000, 0.00000, -0.99990, -0.01396, 0.00000, 0.00000, 0.00000, 0.00000, 1.00000, 0.00000, -3.36376, 29.85519, 0.00000, 1.00000, ignore = { 34, 50 }, },
				{ -0.99990, -0.01396, -0.00000, 0.00000, 0.01396, -0.99990, -0.00000, 0.00000, -0.00000, -0.00000, 1.00000, 0.00000, -3.36376, 30.21519, 0.52000, 1.00000, ignore = { 34, 50 }, },
				{ -0.01396, 0.99990, 0.00000, 0.00000, -0.99990, -0.01396, 0.00000, 0.00000, 0.00000, 0.00000, 1.00000, 0.00000, -5.30376, 29.91519, 0.00000, 1.00000, },
				{ -0.87462, 0.48481, -0.00000, 0.00000, -0.48481, -0.87462, 0.00000, 0.00000, -0.00000, 0.00000, 1.00000, 0.00000, -4.81376, 30.07519, 0.52000, 1.00000, },
				{ 0.52992, 0.84805, 0.00000, 0.00000, -0.84805, 0.52992, 0.00000, 0.00000, 0.00000, 0.00000, 1.00000, 0.00000, -4.56376, 30.43519, 0.00000, 1.00000, },
			},
			["asset/vegetation/hedge_3m.mdl"] = {
				{ -1.00000, 0.00000, 0.00000, 0.00000, -0.00000, -0.92500, -0.00000, 0.00000, 0.00000, -0.00000, 1.00000, 0.00000, 11.15943, 3.70305, 0.00000, 1.00000, },
				{ -1.00000, 0.00000, 0.00000, 0.00000, -0.00000, -0.92500, -0.00000, 0.00000, 0.00000, -0.00000, 1.00000, 0.00000, 11.15943, 12.30305, 0.00000, 1.00000, },
				{ -1.00000, 0.00000, 0.00000, 0.00000, -0.00000, -1.00000, -0.00000, 0.00000, 0.00000, -0.00000, 1.00000, 0.00000, 11.15943, 6.57305, 0.00000, 1.00000, },
				{ -1.00000, 0.00000, 0.00000, 0.00000, -0.00000, -1.00000, -0.00000, 0.00000, 0.00000, -0.00000, 1.00000, 0.00000, 11.15943, 15.17305, 0.00000, 1.00000, },
				{ -1.00000, 0.00000, 0.00000, 0.00000, -0.00000, -1.00000, -0.00000, 0.00000, 0.00000, -0.00000, 1.00000, 0.00000, 11.15943, 9.57305, 0.00000, 1.00000, },
				{ -1.00000, 0.00000, 0.00000, 0.00000, -0.00000, -1.00000, -0.00000, 0.00000, 0.00000, -0.00000, 1.00000, 0.00000, 11.15943, 16.91305, 0.00000, 1.00000, },
				{ -0.00000, -1.00000, 0.00000, 0.00000, 1.00000, -0.00000, -0.00000, 0.00000, 0.00000, 0.00000, 1.00000, 0.00000, -4.33667, 28.86000, 0.00000, 1.00000, },
				{ -0.00000, -1.00000, 0.00000, 0.00000, 1.00000, -0.00000, -0.00000, 0.00000, 0.00000, 0.00000, 1.00000, 0.00000, -7.16667, 28.86000, 0.00000, 1.00000, },
				{ -0.00000, -1.00000, 0.00000, 0.00000, 0.91000, -0.00000, -0.00000, 0.00000, 0.00000, 0.00000, 1.00000, 0.00000, -9.94667, 28.86000, 0.00000, 1.00000, },
				{ -0.00000, -1.00000, 0.00000, 0.00000, 1.00000, -0.00000, -0.00000, 0.00000, 0.00000, 0.00000, 1.00000, 0.00000, -7.07667, 10.02000, 0.00000, 1.00000, },
				{ -0.00000, -1.00000, 0.00000, 0.00000, 0.90000, -0.00000, -0.00000, 0.00000, 0.00000, 0.00000, 1.00000, 0.00000, -9.91667, 10.02000, 0.00000, 1.00000, },
			},
			["street/street_asset_mix/trash_standing_a.mdl"] = {
				{ -0.00000, -1.00000, 0.00000, 0.00000, 1.00000, -0.00000, 0.00000, 0.00000, 0.00000, 0.00000, 1.00000, 0.00000, -11.28333, 8.63667, 0.00000, 1.00000, },
				{ 1.00000, 0.00000, 0.00000, 0.00000, 0.00000, 1.00000, 0.00000, 0.00000, 0.00000, 0.00000, 1.00000, 0.00000, 1.18000, 4.35000, 0.00000, 1.00000, },
				{ 1.00000, 0.00000, 0.00000, 0.00000, 0.00000, 1.00000, 0.00000, 0.00000, 0.00000, 0.00000, 1.00000, 0.00000, 0.78000, 30.96000, 0.00000, 1.00000, },
			},
		},
		groups = {
			["era_a_barrel_wood.grp"] = {
				{ 1.00000, 0.00000, 0.00000, 0.00000, 0.00000, 1.00000, 0.00000, 0.00000, 0.00000, 0.00000, 1.00000, 0.00000, -11.00351, 27.38596, -0.00000, 1.00000, },
				{ 1.00000, 0.00000, 0.00000, 0.00000, 0.00000, 1.00000, 0.00000, 0.00000, 0.00000, 0.00000, 1.00000, 0.00000, -9.52351, 27.32596, -0.00000, 1.00000, },
				{ 1.00000, 0.00000, 0.00000, 0.00000, 0.00000, 1.00000, 0.00000, 0.00000, 0.00000, 0.00000, 1.00000, 0.00000, -10.96351, 11.60596, -0.00000, 1.00000, },
				{ 1.00000, 0.00000, 0.00000, 0.00000, 0.00000, 1.00000, 0.00000, 0.00000, 0.00000, 0.00000, 1.00000, 0.00000, -10.77000, 13.00000, 0.00000, 1.00000, },
			},
			["era_a_com_1_asset_food_box_m.grp"] = {
				{ 1.00000, 0.00000, 0.00000, 0.00000, 0.00000, 1.00000, 0.00000, 0.00000, 0.00000, 0.00000, 1.00000, 0.00000, -10.94000, 26.03000, 0.00000, 1.00000, },
				{ -0.10800, -0.99415, 0.00000, 0.00000, 0.99415, -0.10800, 0.00000, 0.00000, 0.00000, 0.00000, 1.00000, 0.00000, 5.71000, 14.98000, 0.00000, 1.00000, },
				{ 0.97515, -0.22155, 0.00000, 0.00000, 0.22155, 0.97515, 0.00000, 0.00000, 0.00000, 0.00000, 1.00000, 0.00000, -11.12000, 25.13000, 0.00000, 1.00000, },
				{ 0.97515, -0.22155, 0.00000, 0.00000, 0.22155, 0.97515, 0.00000, 0.00000, 0.00000, 0.00000, 1.00000, 0.00000, 4.71000, 14.84000, 0.00000, 1.00000, },
				{ 0.33545, -0.94206, 0.00000, 0.00000, 0.94206, 0.33545, 0.00000, 0.00000, 0.00000, 0.00000, 1.00000, 0.00000, -10.18000, 26.43000, 0.00000, 1.00000, ignore = { 2, 50 }, },
				{ 0.26892, -0.96316, 0.00000, 0.00000, 0.96316, 0.26892, 0.00000, 0.00000, 0.00000, 0.00000, 1.00000, 0.00000, -11.03000, 25.60000, 0.47000, 1.00000, ignore = { 2, 50 }, },
			},
			["era_a_wooden_box_on.grp"] = {
				{ -0.75011, -0.66131, 0.00000, 0.00000, 0.66131, -0.75011, 0.00000, 0.00000, 0.00000, 0.00000, 1.00000, 0.00000, -9.22564, 11.82299, 0.89000, 1.00000, ignore = { 3, 40 }, },
				{ 0.22495, -0.97437, -0.00000, 0.00000, 0.97437, 0.22495, -0.00000, 0.00000, 0.00000, -0.00000, 1.00000, 0.00000, -8.55090, 11.41700, -0.00000, 1.00000, ignore = { 3, 40 }, },
				{ 0.48786, -0.87292, -0.00000, 0.00000, 0.87292, 0.48786, -0.00000, 0.00000, 0.00000, -0.00000, 1.00000, 0.00000, -9.60347, 12.35001, 0.00000, 1.00000, ignore = { 3, 40 }, },
				{ 0.16677, 0.98600, 0.00000, 0.00000, -0.98600, 0.16677, 0.00000, 0.00000, 0.00000, 0.00000, 1.00000, 0.00000, -6.79000, 11.49000, 0.00000, 1.00000, ignore = { 3, 40 }, },
				{ 0.46947, 0.88295, 0.00000, 0.00000, -0.88295, 0.46947, 0.00000, 0.00000, 0.00000, 0.00000, 1.00000, 0.00000, 10.63000, 30.66000, 0.00000, 1.00000, ignore = { 4, 70 }, },
				{ 0.99939, 0.03490, 0.00000, 0.00000, -0.03490, 0.99939, 0.00000, 0.00000, 0.00000, 0.00000, 1.00000, 0.00000, 9.23000, 30.56000, 0.00000, 1.00000, ignore = { 4, 70 }, },
			},
			["era_b_awning_shops_end.grp"] = {
				{ 0.94000, 0.00000, 0.00000, 0.00000, 0.00000, 1.00000, 0.00000, 0.00000, 0.00000, 0.00000, 1.00000, 0.00000, 5.16578, 5.19824, 3.60000, 1.00000, align = { 0.00000, 3.00000 }, seed = 126, },
				{ -1.00000, 0.00000, 0.00000, 0.00000, -0.00000, -1.00000, 0.00000, 0.00000, 0.00000, 0.00000, 1.00000, 0.00000, 1.63237, 14.37048, 3.60000, 1.00000, align = { 0.00000, 3.00000 }, seed = 126, },
				{ 0.00000, 0.91000, 0.00000, 0.00000, -1.00000, 0.00000, 0.00000, 0.00000, 0.00000, 0.00000, 1.00000, 0.00000, 6.70129, 12.16431, 3.60000, 1.00000, align = { 0.00000, 3.00000 }, seed = 126, },
			},
			["era_b_awning_shops_repeat.grp"] = {
				{ 0.94000, 0.00000, 0.00000, 0.00000, 0.00000, 1.00000, 0.00000, 0.00000, 0.00000, 0.00000, 1.00000, 0.00000, -0.47422, 5.19824, 3.60000, 1.00000, align = { 0.00000, 3.00000 }, seed = 126, },
				{ 0.94000, 0.00000, 0.00000, 0.00000, 0.00000, 1.00000, 0.00000, 0.00000, 0.00000, 0.00000, 1.00000, 0.00000, -3.29424, 5.19824, 3.60000, 1.00000, align = { 0.00000, 3.00000 }, seed = 126, },
				{ 0.94000, 0.00000, 0.00000, 0.00000, 0.00000, 1.00000, 0.00000, 0.00000, 0.00000, 0.00000, 1.00000, 0.00000, 2.34578, 5.19824, 3.60000, 1.00000, align = { 0.00000, 3.00000 }, seed = 126, },
				{ 0.94000, 0.00000, 0.00000, 0.00000, 0.00000, 1.00000, 0.00000, 0.00000, 0.00000, 0.00000, 1.00000, 0.00000, 5.16578, 5.19824, 3.60000, 1.00000, align = { 0.00000, 3.00000 }, seed = 126, },
				{ -1.00000, 0.00000, 0.00000, 0.00000, -0.00000, -1.00000, 0.00000, 0.00000, 0.00000, 0.00000, 1.00000, 0.00000, 4.63237, 14.37048, 3.60000, 1.00000, align = { 0.00000, 3.00000 }, seed = 126, },
				{ -1.00000, 0.00000, 0.00000, 0.00000, -0.00000, -1.00000, 0.00000, 0.00000, 0.00000, 0.00000, 1.00000, 0.00000, 1.63237, 14.37048, 3.60000, 1.00000, align = { 0.00000, 3.00000 }, seed = 126, },
				{ 0.00000, 0.91000, 0.00000, 0.00000, -1.00000, 0.00000, 0.00000, 0.00000, 0.00000, 0.00000, 1.00000, 0.00000, 6.70129, 9.43431, 3.60000, 1.00000, align = { 0.00000, 3.00000 }, seed = 126, },
				{ 0.00000, 0.91000, 0.00000, 0.00000, -1.00000, 0.00000, 0.00000, 0.00000, 0.00000, 0.00000, 1.00000, 0.00000, 6.70129, 6.70430, 3.60000, 1.00000, align = { 0.00000, 3.00000 }, seed = 126, },
				{ 0.00000, 0.91000, 0.00000, 0.00000, -1.00000, 0.00000, 0.00000, 0.00000, 0.00000, 0.00000, 1.00000, 0.00000, 6.70129, 12.16431, 3.60000, 1.00000, align = { 0.00000, 3.00000 }, seed = 126, },
			},
			["era_b_awning_shops_start.grp"] = {
				{ 0.94000, 0.00000, 0.00000, 0.00000, 0.00000, 1.00000, 0.00000, 0.00000, 0.00000, 0.00000, 1.00000, 0.00000, -3.29424, 5.19824, 3.60000, 1.00000, align = { 0.00000, 3.00000 }, seed = 126, },
				{ -1.00000, 0.00000, 0.00000, 0.00000, -0.00000, -1.00000, 0.00000, 0.00000, 0.00000, 0.00000, 1.00000, 0.00000, 4.63237, 14.37048, 3.60000, 1.00000, align = { 0.00000, 3.00000 }, seed = 126, },
				{ 0.00000, 0.91000, 0.00000, 0.00000, -1.00000, 0.00000, 0.00000, 0.00000, 0.00000, 0.00000, 1.00000, 0.00000, 6.70129, 6.70430, 3.60000, 1.00000, align = { 0.00000, 3.00000 }, seed = 126, },
			},
			["era_b_food_booth_01.grp"] = {
				{ 0.99863, -0.05234, 0.00000, 0.00000, 0.05234, 0.99863, 0.00000, 0.00000, 0.00000, 0.00000, 1.00000, 0.00000, -0.98000, 4.89000, 0.00000, 1.00000, seed = 256, },
				{ 0.99122, 0.13226, 0.00000, 0.00000, -0.13226, 0.99122, 0.00000, 0.00000, 0.00000, 0.00000, 1.00000, 0.00000, 1.32000, 4.89000, 0.00000, 1.00000, seed = 256, },
			},
			["era_b_food_booth_02.grp"] = {
				{ 0.99649, 0.08368, 0.00000, 0.00000, -0.08368, 0.99649, 0.00000, 0.00000, 0.00000, 0.00000, 1.00000, 0.00000, -3.50000, 4.85000, 0.00000, 1.00000, seed = 256, },
			},
			["era_b_food_store_box_01.grp"] = {
				{ 0.01047, 0.99995, 0.00000, 0.00000, -0.99995, 0.01047, 0.00000, 0.00000, 0.00000, 0.00000, 1.00000, 0.00000, -3.52086, 22.30888, 0.76000, 1.00000, align = { -2.20000, 21.50000 }, seed = 123, },
				{ -0.52696, -0.84989, 0.00000, 0.00000, 0.84989, -0.52696, 0.00000, 0.00000, -0.00000, 0.00000, 1.00000, 0.00000, 8.42079, 27.51387, 0.76000, 1.00000, align = { 7.71000, 28.89000 }, seed = 123, },
				{ -0.99995, 0.01047, 0.00000, 0.00000, -0.01047, -0.99995, 0.00000, 0.00000, -0.00000, 0.00000, 1.00000, 0.00000, 9.11612, 19.85414, 0.76000, 1.00000, align = { 9.92500, 21.17500 }, seed = 123, },
				{ 0.01047, 0.99995, 0.00000, 0.00000, -0.99995, 0.01047, 0.00000, 0.00000, 0.00000, 0.00000, 1.00000, 0.00000, -8.34586, 14.63388, 0.76000, 1.00000, align = { -7.02500, 13.82500 }, seed = 123, },
				{ -0.01047, -0.99995, 0.00000, 0.00000, 0.99995, -0.01047, 0.00000, 0.00000, 0.00000, 0.00000, 1.00000, 0.00000, -0.95414, 17.86612, 0.76000, 1.00000, align = { -2.27500, 18.67500 }, seed = 123, },
				{ -0.01047, -0.99995, 0.00000, 0.00000, 0.99995, -0.01047, -0.00000, 0.00000, 0.00000, 0.00000, 1.00000, 0.00000, -2.22914, 25.69112, 0.76000, 1.00000, align = { -3.55000, 26.50000 }, seed = 123, },
				{ -0.03141, 0.99951, 0.00000, 0.00000, -0.99951, -0.03141, 0.00000, 0.00000, 0.00000, -0.00000, 1.00000, 0.00000, 1.04616, 22.22013, 0.76000, 1.00000, align = { 1.85000, 21.45000 }, seed = 123, ignore = { 18, 50 }, },
				{ -0.99951, -0.03141, 0.00000, 0.00000, 0.03141, -0.99951, 0.00000, 0.00000, 0.00000, 0.00000, 1.00000, 0.00000, 9.20486, 24.42116, 0.76000, 1.00000, align = { 9.97500, 25.22500 }, seed = 123, ignore = { 20, 50 }, },
				{ -0.03141, 0.99951, 0.00000, 0.00000, -0.99951, -0.03141, 0.00000, 0.00000, 0.00000, -0.00000, 1.00000, 0.00000, -3.77884, 14.54514, 0.76000, 1.00000, align = { -2.97500, 13.77500 }, seed = 123, ignore = { 22, 50 }, },
				{ 0.99998, 0.00698, 0.00000, 0.00000, -0.00698, 0.99998, 0.00000, 0.00000, 0.00000, 0.00000, 1.00000, 0.00000, -9.26045, 21.98479, 0.76000, 1.00000, align = { -10.05000, 21.20000 }, seed = 123, ignore = { 24, 50 }, },
				{ 0.99926, -0.03839, 0.00000, 0.00000, 0.03839, 0.99926, 0.00000, 0.00000, 0.00000, 0.00000, 1.00000, 0.00000, -9.34448, 17.25852, 0.76000, 1.00000, align = { -10.15000, 17.00000 }, seed = 123, ignore = { 25, 50 }, },
				{ -0.00698, -0.99998, -0.00000, 0.00000, 0.99998, -0.00698, -0.00000, 0.00000, -0.00000, -0.00000, 1.00000, 0.00000, 3.87870, 29.22799, 0.76000, 1.00000, align = { 3.59500, 30.02500 }, seed = 123, ignore = { 27, 50 }, },
				{ 0.59622, -0.80282, 0.00000, 0.00000, 0.80282, 0.59622, 0.00000, 0.00000, 0.00000, 0.00000, 1.00000, 0.00000, -7.39378, 24.78422, 0.76000, 1.00000, align = { -8.10000, 25.25000 }, seed = 123, ignore = { 29, 50 }, },
				{ 0.02443, -0.99970, 0.00000, 0.00000, 0.99970, 0.02443, -0.00000, 0.00000, 0.00000, 0.00000, 1.00000, 0.00000, 2.20859, 17.91230, 0.76000, 1.00000, align = { 1.90000, 18.70000 }, seed = 123, ignore = { 31, 50 }, },
			},
			["era_b_food_store_box_02.grp"] = {
				{ 0.01047, 0.99995, 0.00000, 0.00000, -0.99995, 0.01047, 0.00000, 0.00000, 0.00000, 0.00000, 1.00000, 0.00000, -2.99371, 22.32836, 0.76000, 1.00000, align = { -2.20000, 21.50000 }, seed = 123, },
				{ -0.52696, -0.84989, 0.00000, 0.00000, 0.84989, -0.52696, 0.00000, 0.00000, -0.00000, 0.00000, 1.00000, 0.00000, 7.95980, 27.77028, 0.76000, 1.00000, align = { 7.71000, 28.89000 }, seed = 123, },
				{ -0.99995, 0.01047, 0.00000, 0.00000, -0.01047, -0.99995, 0.00000, 0.00000, -0.00000, 0.00000, 1.00000, 0.00000, 9.09664, 20.38129, 0.76000, 1.00000, align = { 9.92500, 21.17500 }, seed = 123, },
				{ 0.01047, 0.99995, 0.00000, 0.00000, -0.99995, 0.01047, 0.00000, 0.00000, 0.00000, 0.00000, 1.00000, 0.00000, -7.81871, 14.65336, 0.76000, 1.00000, align = { -7.02500, 13.82500 }, seed = 123, },
				{ -0.01047, -0.99995, 0.00000, 0.00000, 0.99995, -0.01047, 0.00000, 0.00000, 0.00000, 0.00000, 1.00000, 0.00000, -1.48129, 17.84664, 0.76000, 1.00000, align = { -2.27500, 18.67500 }, seed = 123, },
				{ -0.01047, -0.99995, 0.00000, 0.00000, 0.99995, -0.01047, -0.00000, 0.00000, 0.00000, 0.00000, 1.00000, 0.00000, -2.75629, 25.67164, 0.76000, 1.00000, align = { -3.55000, 26.50000 }, seed = 123, },
				{ -0.03141, 0.99951, 0.00000, 0.00000, -0.99951, -0.03141, 0.00000, 0.00000, 0.00000, -0.00000, 1.00000, 0.00000, 2.09177, 22.27801, 0.76000, 1.00000, align = { 1.85000, 21.45000 }, seed = 123, },
				{ -0.99951, -0.03141, 0.00000, 0.00000, 0.03141, -0.99951, 0.00000, 0.00000, 0.00000, 0.00000, 1.00000, 0.00000, 9.14699, 25.46677, 0.76000, 1.00000, align = { 9.97500, 25.22500 }, seed = 123, },
				{ -0.03141, 0.99951, 0.00000, 0.00000, -0.99951, -0.03141, 0.00000, 0.00000, 0.00000, -0.00000, 1.00000, 0.00000, -2.73323, 14.60301, 0.76000, 1.00000, align = { -2.97500, 13.77500 }, seed = 123, },
				{ 0.99998, 0.00698, 0.00000, 0.00000, -0.00698, 0.99998, 0.00000, 0.00000, 0.00000, 0.00000, 1.00000, 0.00000, -9.22815, 20.93807, 0.76000, 1.00000, align = { -10.05000, 21.20000 }, seed = 123, },
				{ 0.99926, -0.03839, 0.00000, 0.00000, 0.03839, 0.99926, 0.00000, 0.00000, 0.00000, 0.00000, 1.00000, 0.00000, -9.33972, 16.73104, 0.76000, 1.00000, align = { -10.15000, 17.00000 }, seed = 123, ignore = { 26, 50 }, },
				{ -0.00698, -0.99998, -0.00000, 0.00000, 0.99998, -0.00698, -0.00000, 0.00000, -0.00000, -0.00000, 1.00000, 0.00000, 3.35162, 29.20667, 0.76000, 1.00000, align = { 3.59500, 30.02500 }, seed = 123, ignore = { 28, 50 }, },
				{ 0.59622, -0.80282, 0.00000, 0.00000, 0.80282, 0.59622, 0.00000, 0.00000, 0.00000, 0.00000, 1.00000, 0.00000, -7.80189, 24.44999, 0.76000, 1.00000, align = { -8.10000, 25.25000 }, seed = 123, ignore = { 30, 50 }, },
				{ 0.02443, -0.99970, 0.00000, 0.00000, 0.99970, 0.02443, -0.00000, 0.00000, 0.00000, 0.00000, 1.00000, 0.00000, 1.68245, 17.87443, 0.76000, 1.00000, align = { 1.90000, 18.70000 }, seed = 123, ignore = { 32, 50 }, },
			},
			["era_b_food_store_box_03.grp"] = {
				{ 0.01047, 0.99995, 0.00000, 0.00000, -0.99995, 0.01047, 0.00000, 0.00000, 0.00000, 0.00000, 1.00000, 0.00000, -1.93143, 22.31724, 0.76000, 1.00000, align = { -2.20000, 21.50000 }, seed = 123, },
				{ -0.52696, -0.84989, 0.00000, 0.00000, 0.84989, -0.52696, 0.00000, 0.00000, -0.00000, 0.00000, 1.00000, 0.00000, 7.05692, 28.33009, 0.76000, 1.00000, align = { 7.71000, 28.89000 }, seed = 123, },
				{ -0.99995, 0.01047, 0.00000, 0.00000, -0.01047, -0.99995, 0.00000, 0.00000, -0.00000, 0.00000, 1.00000, 0.00000, 9.10776, 21.44357, 0.76000, 1.00000, align = { 9.92500, 21.17500 }, seed = 123, },
				{ 0.01047, 0.99995, 0.00000, 0.00000, -0.99995, 0.01047, 0.00000, 0.00000, 0.00000, 0.00000, 1.00000, 0.00000, -6.75643, 14.64224, 0.76000, 1.00000, align = { -7.02500, 13.82500 }, seed = 123, },
				{ -0.01047, -0.99995, 0.00000, 0.00000, 0.99995, -0.01047, 0.00000, 0.00000, 0.00000, 0.00000, 1.00000, 0.00000, -2.54357, 17.85776, 0.76000, 1.00000, align = { -2.27500, 18.67500 }, seed = 123, },
				{ -0.01047, -0.99995, 0.00000, 0.00000, 0.99995, -0.01047, -0.00000, 0.00000, 0.00000, 0.00000, 1.00000, 0.00000, -3.81857, 25.68276, 0.76000, 1.00000, align = { -3.55000, 26.50000 }, seed = 123, },
				{ -0.03141, 0.99951, 0.00000, 0.00000, -0.99951, -0.03141, 0.00000, 0.00000, 0.00000, -0.00000, 1.00000, 0.00000, 2.61385, 22.29441, 0.76000, 1.00000, align = { 1.85000, 21.45000 }, seed = 123, },
				{ -0.99951, -0.03141, 0.00000, 0.00000, 0.03141, -0.99951, 0.00000, 0.00000, 0.00000, 0.00000, 1.00000, 0.00000, 9.13058, 25.98885, 0.76000, 1.00000, align = { 9.97500, 25.22500 }, seed = 123, },
				{ -0.03141, 0.99951, 0.00000, 0.00000, -0.99951, -0.03141, 0.00000, 0.00000, 0.00000, -0.00000, 1.00000, 0.00000, -2.21115, 14.61942, 0.76000, 1.00000, align = { -2.97500, 13.77500 }, seed = 123, },
				{ 0.99998, 0.00698, 0.00000, 0.00000, -0.00698, 0.99998, 0.00000, 0.00000, 0.00000, 0.00000, 1.00000, 0.00000, -9.22450, 20.41574, 0.76000, 1.00000, align = { -10.05000, 21.20000 }, seed = 123, },
				{ 0.99926, -0.03839, 0.00000, 0.00000, 0.03839, 0.99926, 0.00000, 0.00000, 0.00000, 0.00000, 1.00000, 0.00000, -9.38127, 15.64950, 0.76000, 1.00000, align = { -10.15000, 17.00000 }, seed = 123, },
				{ -0.00698, -0.99998, -0.00000, 0.00000, 0.99998, -0.00698, -0.00000, 0.00000, -0.00000, -0.00000, 1.00000, 0.00000, 2.26931, 29.21423, 0.76000, 1.00000, align = { 3.59500, 30.02500 }, seed = 123, },
				{ 0.59622, -0.80282, 0.00000, 0.00000, 0.80282, 0.59622, 0.00000, 0.00000, 0.00000, 0.00000, 1.00000, 0.00000, -8.67081, 23.80467, 0.76000, 1.00000, align = { -8.10000, 25.25000 }, seed = 123, },
				{ 0.02443, -0.99970, 0.00000, 0.00000, 0.99970, 0.02443, -0.00000, 0.00000, 0.00000, 0.00000, 1.00000, 0.00000, 0.60043, 17.84799, 0.76000, 1.00000, align = { 1.90000, 18.70000 }, seed = 123, },
			},
			["era_b_food_store_box_04.grp"] = {
				{ 0.01047, 0.99995, 0.00000, 0.00000, -0.99995, 0.01047, 0.00000, 0.00000, 0.00000, 0.00000, 1.00000, 0.00000, -2.46495, 22.31282, 0.76000, 1.00000, align = { -2.20000, 21.50000 }, seed = 123, },
				{ -0.52696, -0.84989, 0.00000, 0.00000, 0.84989, -0.52696, 0.00000, 0.00000, -0.00000, 0.00000, 1.00000, 0.00000, 7.51556, 28.05749, 0.76000, 1.00000, align = { 7.71000, 28.89000 }, seed = 123, },
				{ -0.99995, 0.01047, 0.00000, 0.00000, -0.01047, -0.99995, 0.00000, 0.00000, -0.00000, 0.00000, 1.00000, 0.00000, 9.11217, 20.91005, 0.76000, 1.00000, align = { 9.92500, 21.17500 }, seed = 123, },
				{ 0.01047, 0.99995, 0.00000, 0.00000, -0.99995, 0.01047, 0.00000, 0.00000, 0.00000, 0.00000, 1.00000, 0.00000, -7.28995, 14.63783, 0.76000, 1.00000, align = { -7.02500, 13.82500 }, seed = 123, },
				{ -0.01047, -0.99995, 0.00000, 0.00000, 0.99995, -0.01047, 0.00000, 0.00000, 0.00000, 0.00000, 1.00000, 0.00000, -2.01005, 17.86217, 0.76000, 1.00000, align = { -2.27500, 18.67500 }, seed = 123, },
				{ -0.01047, -0.99995, 0.00000, 0.00000, 0.99995, -0.01047, -0.00000, 0.00000, 0.00000, 0.00000, 1.00000, 0.00000, -3.28505, 25.68718, 0.76000, 1.00000, align = { -3.55000, 26.50000 }, seed = 123, },
				{ -0.03141, 0.99951, 0.00000, 0.00000, -0.99951, -0.03141, 0.00000, 0.00000, 0.00000, -0.00000, 1.00000, 0.00000, 0.52175, 22.21866, 0.76000, 1.00000, align = { 1.85000, 21.45000 }, seed = 123, ignore = { 17, 50 }, },
				{ -0.99951, -0.03141, 0.00000, 0.00000, 0.03141, -0.99951, 0.00000, 0.00000, 0.00000, 0.00000, 1.00000, 0.00000, 9.20634, 23.89676, 0.76000, 1.00000, align = { 9.97500, 25.22500 }, seed = 123, ignore = { 19, 50 }, },
				{ -0.03141, 0.99951, 0.00000, 0.00000, -0.99951, -0.03141, 0.00000, 0.00000, 0.00000, -0.00000, 1.00000, 0.00000, -4.30325, 14.54366, 0.76000, 1.00000, align = { -2.97500, 13.77500 }, seed = 123, ignore = { 21, 50 }, },
				{ 0.99998, 0.00698, 0.00000, 0.00000, -0.00698, 0.99998, 0.00000, 0.00000, 0.00000, 0.00000, 1.00000, 0.00000, -9.24911, 22.50907, 0.76000, 1.00000, align = { -10.05000, 21.20000 }, seed = 123, ignore = { 23, 50 }, },
				{ 0.99926, -0.03839, 0.00000, 0.00000, 0.03839, 0.99926, 0.00000, 0.00000, 0.00000, 0.00000, 1.00000, 0.00000, -9.37040, 16.19292, 0.76000, 1.00000, align = { -10.15000, 17.00000 }, seed = 123, },
				{ -0.00698, -0.99998, -0.00000, 0.00000, 0.99998, -0.00698, -0.00000, 0.00000, -0.00000, -0.00000, 1.00000, 0.00000, 2.81281, 29.22043, 0.76000, 1.00000, align = { 3.59500, 30.02500 }, seed = 123, },
				{ 0.59622, -0.80282, 0.00000, 0.00000, 0.80282, 0.59622, 0.00000, 0.00000, 0.00000, 0.00000, 1.00000, 0.00000, -8.24049, 24.13671, 0.76000, 1.00000, align = { -8.10000, 25.25000 }, seed = 123, },
				{ 0.02443, -0.99970, 0.00000, 0.00000, 0.99970, 0.02443, -0.00000, 0.00000, 0.00000, 0.00000, 1.00000, 0.00000, 1.14347, 17.87126, 0.76000, 1.00000, align = { 1.90000, 18.70000 }, seed = 123, },
			},
			["era_b_food_store_box_05.grp"] = {
				{ 0.01047, 0.99995, 0.00000, 0.00000, -0.99995, 0.01047, 0.00000, 0.00000, 0.00000, 0.00000, 1.00000, 0.00000, -1.39835, 22.31166, 0.76000, 1.00000, align = { -2.20000, 21.50000 }, seed = 123, ignore = { 6, 50 }, },
				{ -0.52696, -0.84989, 0.00000, 0.00000, 0.84989, -0.52696, 0.00000, 0.00000, -0.00000, 0.00000, 1.00000, 0.00000, 6.60384, 28.61102, 0.76000, 1.00000, align = { 7.71000, 28.89000 }, seed = 123, ignore = { 8, 50 }, },
				{ -0.99995, 0.01047, 0.00000, 0.00000, -0.01047, -0.99995, 0.00000, 0.00000, -0.00000, 0.00000, 1.00000, 0.00000, 9.11334, 21.97665, 0.76000, 1.00000, align = { 9.92500, 21.17500 }, seed = 123, ignore = { 10, 50 }, },
				{ 0.01047, 0.99995, 0.00000, 0.00000, -0.99995, 0.01047, 0.00000, 0.00000, 0.00000, 0.00000, 1.00000, 0.00000, -6.22335, 14.63666, 0.76000, 1.00000, align = { -7.02500, 13.82500 }, seed = 123, ignore = { 12, 50 }, },
				{ -0.01047, -0.99995, 0.00000, 0.00000, 0.99995, -0.01047, 0.00000, 0.00000, 0.00000, 0.00000, 1.00000, 0.00000, -3.07665, 17.86334, 0.76000, 1.00000, align = { -2.27500, 18.67500 }, seed = 123, ignore = { 14, 50 }, },
				{ -0.01047, -0.99995, 0.00000, 0.00000, 0.99995, -0.01047, -0.00000, 0.00000, 0.00000, 0.00000, 1.00000, 0.00000, -4.35165, 25.68834, 0.76000, 1.00000, align = { -3.55000, 26.50000 }, seed = 123, ignore = { 16, 50 }, },
				{ -0.03141, 0.99951, 0.00000, 0.00000, -0.99951, -0.03141, 0.00000, 0.00000, 0.00000, -0.00000, 1.00000, 0.00000, 1.56748, 22.26153, 0.76000, 1.00000, align = { 1.85000, 21.45000 }, seed = 123, },
				{ -0.99951, -0.03141, 0.00000, 0.00000, 0.03141, -0.99951, 0.00000, 0.00000, 0.00000, 0.00000, 1.00000, 0.00000, 9.16347, 24.94248, 0.76000, 1.00000, align = { 9.97500, 25.22500 }, seed = 123, },
				{ -0.03141, 0.99951, 0.00000, 0.00000, -0.99951, -0.03141, 0.00000, 0.00000, 0.00000, -0.00000, 1.00000, 0.00000, -3.25752, 14.58653, 0.76000, 1.00000, align = { -2.97500, 13.77500 }, seed = 123, },
				{ 0.99998, 0.00698, 0.00000, 0.00000, -0.00698, 0.99998, 0.00000, 0.00000, 0.00000, 0.00000, 1.00000, 0.00000, -9.23181, 21.46261, 0.76000, 1.00000, align = { -10.05000, 21.20000 }, seed = 123, },
				{ 0.99926, -0.03839, 0.00000, 0.00000, 0.03839, 0.99926, 0.00000, 0.00000, 0.00000, 0.00000, 1.00000, 0.00000, -9.27928, 18.30443, 0.76000, 1.00000, align = { -10.15000, 17.00000 }, seed = 123, },
				{ -0.00698, -0.99998, -0.00000, 0.00000, 0.99998, -0.00698, -0.00000, 0.00000, -0.00000, -0.00000, 1.00000, 0.00000, 4.92613, 29.19568, 0.76000, 1.00000, align = { 3.59500, 30.02500 }, seed = 123, },
				{ 0.59622, -0.80282, 0.00000, 0.00000, 0.80282, 0.59622, 0.00000, 0.00000, 0.00000, 0.00000, 1.00000, 0.00000, -6.53781, 25.38877, 0.76000, 1.00000, align = { -8.10000, 25.25000 }, seed = 123, },
				{ 0.02443, -0.99970, 0.00000, 0.00000, 0.99970, 0.02443, -0.00000, 0.00000, 0.00000, 0.00000, 1.00000, 0.00000, 3.25653, 17.91290, 0.76000, 1.00000, align = { 1.90000, 18.70000 }, seed = 123, },
			},
			["era_b_food_store_box_06.grp"] = {
				{ 0.01047, 0.99995, 0.00000, 0.00000, -0.99995, 0.01047, 0.00000, 0.00000, 0.00000, 0.00000, 1.00000, 0.00000, -0.86183, 22.30604, 0.76000, 1.00000, align = { -2.20000, 21.50000 }, seed = 123, ignore = { 5, 50 }, },
				{ -0.52696, -0.84989, 0.00000, 0.00000, 0.84989, -0.52696, 0.00000, 0.00000, -0.00000, 0.00000, 1.00000, 0.00000, 6.14782, 28.89375, 0.76000, 1.00000, align = { 7.71000, 28.89000 }, seed = 123, ignore = { 7, 50 }, },
				{ -0.99995, 0.01047, 0.00000, 0.00000, -0.01047, -0.99995, 0.00000, 0.00000, -0.00000, 0.00000, 1.00000, 0.00000, 9.11896, 22.51317, 0.76000, 1.00000, align = { 9.92500, 21.17500 }, seed = 123, ignore = { 9, 50 }, },
				{ 0.01047, 0.99995, 0.00000, 0.00000, -0.99995, 0.01047, 0.00000, 0.00000, 0.00000, 0.00000, 1.00000, 0.00000, -5.68682, 14.63104, 0.76000, 1.00000, align = { -7.02500, 13.82500 }, seed = 123, ignore = { 11, 50 }, },
				{ -0.01047, -0.99995, 0.00000, 0.00000, 0.99995, -0.01047, 0.00000, 0.00000, 0.00000, 0.00000, 1.00000, 0.00000, -3.61317, 17.86896, 0.76000, 1.00000, align = { -2.27500, 18.67500 }, seed = 123, ignore = { 13, 50 }, },
				{ -0.01047, -0.99995, 0.00000, 0.00000, 0.99995, -0.01047, -0.00000, 0.00000, 0.00000, 0.00000, 1.00000, 0.00000, -4.88818, 25.69396, 0.76000, 1.00000, align = { -3.55000, 26.50000 }, seed = 123, ignore = { 15, 50 }, },
				{ -0.03141, 0.99951, 0.00000, 0.00000, -0.99951, -0.03141, 0.00000, 0.00000, 0.00000, -0.00000, 1.00000, 0.00000, 3.15325, 22.31137, 0.76000, 1.00000, align = { 1.85000, 21.45000 }, seed = 123, },
				{ -0.99951, -0.03141, 0.00000, 0.00000, 0.03141, -0.99951, 0.00000, 0.00000, 0.00000, 0.00000, 1.00000, 0.00000, 9.11363, 26.52825, 0.76000, 1.00000, align = { 9.97500, 25.22500 }, seed = 123, },
				{ -0.03141, 0.99951, 0.00000, 0.00000, -0.99951, -0.03141, 0.00000, 0.00000, 0.00000, -0.00000, 1.00000, 0.00000, -1.67175, 14.63637, 0.76000, 1.00000, align = { -2.97500, 13.77500 }, seed = 123, },
				{ 0.99998, 0.00698, 0.00000, 0.00000, -0.00698, 0.99998, 0.00000, 0.00000, 0.00000, 0.00000, 1.00000, 0.00000, -9.22073, 19.87609, 0.76000, 1.00000, align = { -10.05000, 21.20000 }, seed = 123, },
				{ 0.99926, -0.03839, 0.00000, 0.00000, 0.03839, 0.99926, 0.00000, 0.00000, 0.00000, 0.00000, 1.00000, 0.00000, -9.31948, 17.77903, 0.76000, 1.00000, align = { -10.15000, 17.00000 }, seed = 123, },
				{ -0.00698, -0.99998, -0.00000, 0.00000, 0.99998, -0.00698, -0.00000, 0.00000, -0.00000, -0.00000, 1.00000, 0.00000, 4.39973, 29.21936, 0.76000, 1.00000, align = { 3.59500, 30.02500 }, seed = 123, },
				{ 0.59622, -0.80282, 0.00000, 0.00000, 0.80282, 0.59622, 0.00000, 0.00000, 0.00000, 0.00000, 1.00000, 0.00000, -6.97246, 25.09089, 0.76000, 1.00000, align = { -8.10000, 25.25000 }, seed = 123, },
				{ 0.02443, -0.99970, 0.00000, 0.00000, 0.99970, 0.02443, -0.00000, 0.00000, 0.00000, 0.00000, 1.00000, 0.00000, 2.72964, 17.92003, 0.76000, 1.00000, align = { 1.90000, 18.70000 }, seed = 123, },
			},
			["era_b_food_store_ground_sign.grp"] = {
				{ -0.60460, 0.79653, -0.00000, 0.00000, -0.79653, -0.60460, 0.00000, 0.00000, -0.00000, 0.00000, 1.00000, 0.00000, -7.52000, 4.10000, 0.00000, 1.00000, seed = 256, },
			},
			["era_b_food_store_sign_small.grp"] = {
				{ -0.00000, -0.88960, 0.00000, 0.00000, 0.88960, -0.00000, 0.00000, 0.00000, 0.00000, 0.00000, 0.88960, 0.00000, -6.96739, 7.92915, 3.75692, 1.00000, align = { 0.00000, 3.00000 }, seed = 256, },
				{ -0.00000, 1.28000, 0.00000, 0.00000, -1.28000, -0.00000, 0.00000, 0.00000, 0.00000, 0.00000, 1.28000, 0.00000, 6.70129, 9.32108, 4.20000, 1.00000, align = { 0.00000, 3.00000 }, seed = 256, },
				{ -1.28000, -0.00000, 0.00000, 0.00000, 0.00000, -1.28000, 0.00000, 0.00000, 0.00000, 0.00000, 1.28000, 0.00000, 3.17041, 14.37048, 4.20000, 1.00000, align = { 0.00000, 3.00000 }, seed = 256, },
				{ 1.28000, 0.00000, 0.00000, 0.00000, 0.00000, 1.28000, 0.00000, 0.00000, 0.00000, 0.00000, 1.28000, 0.00000, 1.06928, 5.19824, 4.20000, 1.00000, align = { 0.00000, 3.00000 }, seed = 256, },
			},
			["era_b_garbage_container.grp"] = {
				{ -0.99926, -0.03839, -0.00000, 0.00000, 0.03839, -0.99926, -0.00000, 0.00000, -0.00000, -0.00000, 1.00000, 0.00000, -10.32376, 30.32168, 0.00000, 1.00000, },
				{ -0.99897, 0.04536, 0.00000, 0.00000, -0.04536, -0.99897, 0.00000, 0.00000, 0.00000, 0.00000, 1.00000, 0.00000, -7.14376, 30.26168, 0.00000, 1.00000, },
			},
			["era_b_market_stall.grp"] = {
				{ 0.01047, 0.99995, 0.00000, 0.00000, -0.99995, 0.01047, 0.00000, 0.00000, 0.00000, 0.00000, 1.00000, 0.00000, -2.20000, 21.50000, 0.00000, 1.00000, },
				{ -0.52696, -0.84989, 0.00000, 0.00000, 0.84989, -0.52696, 0.00000, 0.00000, 0.00000, 0.00000, 1.00000, 0.00000, 7.71000, 28.89000, 0.00000, 1.00000, },
				{ -0.99995, 0.01047, 0.00000, 0.00000, -0.01047, -0.99995, 0.00000, 0.00000, 0.00000, 0.00000, 1.00000, 0.00000, 9.92500, 21.17500, 0.00000, 1.00000, },
				{ 0.01047, 0.99995, 0.00000, 0.00000, -0.99995, 0.01047, 0.00000, 0.00000, 0.00000, 0.00000, 1.00000, 0.00000, -7.02500, 13.82500, 0.00000, 1.00000, },
				{ -0.01047, -0.99995, 0.00000, 0.00000, 0.99995, -0.01047, 0.00000, 0.00000, 0.00000, 0.00000, 1.00000, 0.00000, -2.27500, 18.67500, -0.00000, 1.00000, },
