local townbuildingutil = require "townbuildingutil"

--Model file: "building/era_b/com_3_2x2_01.mdl"

--Begin Generated
local generatedData = {
	["base"] = {
		models = {
			["building/era_b/com_3_2x2_01.mdl"] = {
				{ 1.00000, 0.00000, 0.00000, 0.00000, 0.00000, 1.00000, 0.00000, 0.00000, 0.00000, 0.00000, 1.00000, 0.00000, 0.00000, 0.00000, 0.00000, 1.00000, },
			},
		},
		curves = {
			["scaffold"] = {
				{ { 6.55263, 0.36813, 0.00000 }, { 6.55263, 0.36813, 0.00000 }, { 6.55263, 2.98071, 0.00000 }, { 6.55263, 2.98071, 0.00000 }, { 6.55263, 2.98071, 0.00000 }, { 7.42264, 2.98071, 0.00000 }, { 7.42264, 2.98071, 0.00000 }, { 7.42264, 2.98071, 0.00000 }, { 7.42264, 8.98071, 0.00000 }, { 7.42264, 8.98071, 0.00000 }, { 7.42264, 8.98071, 0.00000 }, { 6.55263, 8.98071, 0.00000 }, { 6.55263, 8.98071, 0.00000 }, { 6.55263, 8.98071, 0.00000 }, { 6.55263, 13.70290, 0.00000 }, { 6.55263, 13.70290, 0.00000 }, { 6.55263, 13.70290, 0.00000 }, { 3.74819, 13.70290, 0.00000 }, { 3.74819, 13.70290, 0.00000 }, { 3.74819, 13.70290, 0.00000 }, { 3.74819, 15.66811, 0.00000 }, { 3.74819, 15.66811, 0.00000 }, { 3.74819, 15.66811, 0.00000 }, { -5.94863, 15.66811, 0.00000 }, { -5.94863, 15.66811, 0.00000 }, { -5.94863, 15.66811, 0.00000 }, { -5.94863, 14.06865, 0.00000 }, { -5.94863, 14.06865, 0.00000 }, { -5.94863, 14.06865, 0.00000 }, { -6.81863, 14.06865, 0.00000 }, { -6.81863, 14.06865, 0.00000 }, { -6.81863, 14.06865, 0.00000 }, { -6.81863, 11.06865, 0.00000 }, { -6.81863, 11.06865, 0.00000 }, { -6.81863, 11.06865, 0.00000 }, { -5.94863, 11.06865, 0.00000 }, { -5.94863, 11.06865, 0.00000 }, { -5.94863, 11.06865, 0.00000 }, { -5.94863, 8.06972, 0.00000 }, { -5.94863, 8.06972, 0.00000 }, { -5.94863, 8.06972, 0.00000 }, { -6.81863, 8.06972, 0.00000 }, { -6.81863, 8.06972, 0.00000 }, { -6.81863, 8.06972, 0.00000 }, { -6.81863, 5.06972, 0.00000 }, { -6.81863, 5.06972, 0.00000 }, { -6.81863, 5.06972, 0.00000 }, { -5.94863, 5.06972, 0.00000 }, { -5.94863, 5.06972, 0.00000 }, { -5.94863, 5.06972, 0.00000 }, { -5.94863, 3.47025, 0.00000 }, { -5.94863, 3.47025, 0.00000 }, { -5.94863, 3.47025, 0.00000 }, { -2.65212, 3.47025, 0.00000 }, { -2.65212, 3.47025, 0.00000 }, { -2.65212, 3.47025, 0.00000 }, { -2.65212, 0.36813, 0.00000 }, { -2.65212, 0.36813, 0.00000 }, },
			},
			["shared/asphalt_02.gtex.lua;shared/dirt.gtex.lua"] = {
				{ { -5.84863, 15.56812, 0.00000 }, { -5.84863, 15.56812, 0.00000 }, { -5.84863, 16.00000, 0.00000 }, { -5.84863, 16.00000, 0.00000 }, { -5.84863, 16.00000, 0.00000 }, { -8.00000, 16.00000, 0.00000 }, { -8.00000, 16.00000, 0.00000 }, { -8.00000, 16.00000, 0.00000 }, { -8.00000, 15.56812, 0.00000 }, { -8.00000, 15.56812, 0.00000 }, },
				{ { 8.00000, 0.00000, 0.00000 }, { 8.00000, 0.00000, 0.00000 }, { 7.99963, 10.47000, 0.00000 }, { 7.99963, 10.47000, 0.00000 }, { 7.99963, 10.47000, 0.00000 }, { 6.45264, 10.47000, 0.00000 }, { 6.45264, 10.47000, 0.00000 }, { 6.45264, 10.47000, 0.00000 }, { 6.45264, 13.60291, 0.00000 }, { 6.45264, 13.60291, 0.00000 }, { 6.45264, 13.60291, 0.00000 }, { 3.64819, 13.60291, 0.00000 }, { 3.64819, 13.60291, 0.00000 }, { 3.64819, 13.60291, 0.00000 }, { 3.64819, 16.00000, 0.00000 }, { 3.64819, 16.00000, 0.00000 }, { 3.64819, 16.00000, 0.00000 }, { -5.84863, 16.00000, 0.00000 }, { -5.84863, 16.00000, 0.00000 }, { -5.84863, 16.00000, 0.00000 }, { -5.84863, 3.57025, 0.00000 }, { -5.84863, 3.57025, 0.00000 }, { -5.84863, 3.57025, 0.00000 }, { -8.00000, 3.57026, 0.00000 }, { -8.00000, 3.57026, 0.00000 }, { -8.00000, 3.57026, 0.00000 }, { -8.00000, 0.00000, 0.00000 }, { -8.00000, 0.00000, 0.00000 }, },
			},
			["shared/asphalt_03.gtex.lua;shared/dirt.gtex.lua"] = {
				{ { 7.99963, 10.47000, 0.00000 }, { 7.99963, 10.47000, 0.00000 }, { 8.00000, 16.00000, 0.00000 }, { 8.00000, 16.00000, 0.00000 }, { 8.00000, 16.00000, 0.00000 }, { 3.64819, 16.00000, 0.00000 }, { 3.64819, 16.00000, 0.00000 }, { 3.64819, 16.00000, 0.00000 }, { 3.64819, 13.60291, 0.00000 }, { 3.64819, 13.60291, 0.00000 }, { 3.64819, 13.60291, 0.00000 }, { 6.45264, 13.60291, 0.00000 }, { 6.45264, 13.60291, 0.00000 }, { 6.45264, 13.60291, 0.00000 }, { 6.45264, 10.47000, 0.00000 }, { 6.45264, 10.47000, 0.00000 }, },
			},
			["shared/grass_cutted_01.gtex.lua"] = {
				{ { -5.84863, 3.57025, 0.00000 }, { -5.84863, 3.57026, 0.00000 }, { -5.84863, 15.56812, 0.00000 }, { -5.84863, 15.56812, 0.00000 }, { -5.84863, 15.56812, 0.00000 }, { -8.00000, 15.56812, 0.00000 }, { -8.00000, 15.56812, 0.00000 }, { -8.00000, 15.56812, 0.00000 }, { -8.00000, 3.57026, 0.00000 }, { -8.00000, 3.57026, 0.00000 }, },
			},
		},
	},
	["layout_1"] = {
		models = {
			["asset/commercial/all_eras/era_b_com_wall.mdl"] = {
				{ 1.00000, 0.00000, 0.00000, 0.00000, -0.00000, 1.00000, 0.00000, 0.00000, -0.00000, -0.00000, 1.00000, 0.00000, -6.20001, 3.77000, 0.00000, 1.00000, },
				{ -0.00000, -0.94650, 0.00000, 0.00000, 1.00000, -0.00000, -0.00000, 0.00000, 0.00000, -0.00000, 1.00000, 0.00000, -7.85000, 14.04000, 0.00000, 1.00000, },
				{ -0.00000, -1.00000, 0.00000, 0.00000, 1.00000, -0.00000, -0.00000, 0.00000, 0.00000, -0.00000, 1.00000, 0.00000, -7.85000, 11.12000, 0.00000, 1.00000, },
				{ -0.00000, -1.00000, 0.00000, 0.00000, 1.00000, -0.00000, -0.00000, 0.00000, 0.00000, -0.00000, 1.00000, 0.00000, -7.85000, 8.12000, 0.00000, 1.00000, },
				{ -0.00000, -1.00000, 0.00000, 0.00000, 1.00000, -0.00000, -0.00000, 0.00000, 0.00000, -0.00000, 1.00000, 0.00000, -7.85000, 5.12000, -0.00000, 1.00000, },
				{ 1.00000, 0.00000, 0.00000, 0.00000, -0.00000, 1.00000, 0.00000, 0.00000, -0.00000, -0.00000, 1.00000, 0.00000, -6.20026, 15.31000, 0.00000, 1.00000, },
				{ 1.00000, 0.00000, 0.00000, 0.00000, 0.00000, 1.00000, 0.00000, 0.00000, 0.00000, 0.00000, 1.00000, 0.00000, 6.49963, 10.62000, 0.00000, 1.00000, },
				{ 1.00000, 0.00000, 0.00000, 0.00000, 0.00000, 1.00000, 0.00000, 0.00000, 0.00000, 0.00000, 1.00000, 0.00000, 3.50000, 15.35000, 0.00000, 1.00000, },
				{ 1.00000, 0.00000, 0.00000, 0.00000, 0.00000, 1.00000, 0.00000, 0.00000, 0.00000, 0.00000, 1.00000, 0.00000, 6.50000, 15.35000, 0.00000, 1.00000, },
			},
			["asset/commercial/era_b/com_neon_sign_billiards.mdl"] = {
				{ 0.43274, 0.00000, 0.00000, 0.00000, -0.00000, 0.43274, -0.00000, 0.00000, -0.00000, -0.00000, 0.43274, 0.00000, 4.98974, 1.28920, 24.49906, 1.00000, align = { 0.00000, 0.00000 }, },
			},
			["asset/commercial/era_b/com_neon_sign_dancing.mdl"] = {
				{ 0.43274, 0.00000, 0.00000, 0.00000, -0.00000, 0.43274, -0.00000, 0.00000, -0.00000, -0.00000, 0.43274, 0.00000, 4.98974, 1.28920, 21.92781, 1.00000, align = { 0.00000, 0.00000 }, },
			},
			["asset/commercial/era_b/com_neon_sign_roller.mdl"] = {
				{ 0.43274, 0.00000, 0.00000, 0.00000, -0.00000, 0.43274, -0.00000, 0.00000, -0.00000, -0.00000, 0.43274, 0.00000, 4.98974, 1.28920, 18.99356, 1.00000, align = { 0.00000, 0.00000 }, },
			},
			["asset/commercial/era_b/wall_grip.mdl"] = {
				{ -0.00000, 0.47100, 0.00000, 0.00000, -0.47100, -0.00000, 0.00000, 0.00000, 0.00000, 0.00000, 0.47100, 0.00000, 5.03494, 1.33814, 6.12077, 1.00000, align = { 0.00000, 0.00000 }, },
			},
			["asset/ground/garden_bench_wood_01.mdl"] = {
				{ 1.00000, -0.00000, 0.00000, 0.00000, 0.00000, 1.00000, 0.00000, 0.00000, -0.00000, -0.00000, 1.00000, 0.00000, -4.21333, 3.02000, 0.00000, 1.00000, },
			},
			["asset/ground/garden_chair_plastic_01.mdl"] = {
				{ 0.71447, -0.69966, -0.00000, 0.00000, 0.69966, 0.71447, 0.00000, 0.00000, 0.00000, -0.00000, 1.00000, 0.00000, -1.56804, 9.62803, 16.60040, 1.00000, align = { 0.00000, 0.00000 }, ignore = { 4, 30 }, },
				{ 0.67172, -0.74080, -0.00000, 0.00000, 0.74080, 0.67172, -0.00000, 0.00000, 0.00000, -0.00000, 1.00000, 0.00000, -1.64611, 10.01326, 22.60040, 1.00000, align = { 0.00000, 0.00000 }, ignore = { 5, 30 }, },
				{ 0.39394, -0.91914, -0.00000, 0.00000, 0.91914, 0.39394, -0.00000, 0.00000, 0.00000, -0.00000, 1.00000, 0.00000, -1.71884, 9.77422, 19.60040, 1.00000, align = { 0.00000, 0.00000 }, ignore = { 6, 30 }, },
				{ -0.75011, -0.66131, 0.00000, 0.00000, 0.66131, -0.75011, -0.00000, 0.00000, 0.00000, -0.00000, 1.00000, 0.00000, -1.60283, 8.48219, 22.60040, 1.00000, align = { 0.00000, 0.00000 }, ignore = { 7, 30 }, },
				{ -0.78586, -0.61841, 0.00000, 0.00000, 0.61841, -0.78586, -0.00000, 0.00000, 0.00000, -0.00000, 1.00000, 0.00000, -3.89868, 11.63536, 10.79999, 1.00000, align = { 0.00000, 0.00000 }, ignore = { 8, 30 }, },
			},
			["asset/industry/cardboard_box_01.mdl"] = {
				{ -0.99470, 0.10279, -0.00000, 0.00000, -0.10279, -0.99470, 0.00000, 0.00000, -0.00000, 0.00000, 1.00000, 0.00000, 7.65937, 11.68467, 0.00000, 1.00000, },
				{ -0.99635, -0.08542, -0.00000, 0.00000, 0.08542, -0.99635, 0.00000, 0.00000, -0.00000, 0.00000, 1.00000, 0.00000, 6.95336, 11.34694, 0.00000, 1.00000, },
				{ -0.99051, 0.13744, -0.00000, 0.00000, -0.13744, -0.99051, 0.00000, 0.00000, -0.00000, 0.00000, 1.00000, 0.00000, 6.97012, 12.30680, -0.00000, 1.00000, },
				{ 0.05059, 0.99872, -0.00000, 0.00000, -0.99872, 0.05059, 0.00000, 0.00000, 0.00000, 0.00000, 1.00000, 0.00000, 7.03947, 13.29472, 0.00000, 1.00000, ignore = { 2, 50 }, },
				{ -0.14954, -0.98876, -0.00000, 0.00000, 0.98876, -0.14954, -0.00000, 0.00000, 0.00000, -0.00000, 1.00000, 0.00000, 7.31313, 11.56493, 0.50694, 1.00000, ignore = { 2, 50 }, },
				{ 0.06627, -0.99780, -0.00000, 0.00000, 0.99780, 0.06627, 0.00000, 0.00000, -0.00000, -0.00000, 1.00000, 0.00000, 7.45533, 12.26256, 0.50694, 1.00000, ignore = { 2, 50 }, },
			},
			["asset/vegetation/hedge_3m.mdl"] = {
				{ -1.00000, 0.00000, -0.00000, 0.00000, -0.00000, -0.94500, -0.00000, 0.00000, -0.00000, -0.00000, 1.00000, 0.00000, -7.13275, 13.41471, 0.00000, 1.00000, },
				{ -1.00000, 0.00000, -0.00000, 0.00000, -0.00000, -0.94500, -0.00000, 0.00000, -0.00000, -0.00000, 1.00000, 0.00000, -7.13275, 7.89471, 0.00000, 1.00000, },
				{ -1.00000, 0.00000, -0.00000, 0.00000, -0.00000, -0.94500, -0.00000, 0.00000, -0.00000, -0.00000, 1.00000, 0.00000, -7.13275, 10.99471, 0.00000, 1.00000, },
				{ -1.00000, 0.00000, -0.00000, 0.00000, -0.00000, -0.94500, -0.00000, 0.00000, -0.00000, -0.00000, 1.00000, 0.00000, -7.13275, 5.67471, 0.00000, 1.00000, },
			},
			["street/street_asset_mix/trash_standing_a.mdl"] = {
				{ -0.00000, -1.00000, 0.00000, 0.00000, 1.00000, -0.00000, 0.00000, 0.00000, 0.00000, 0.00000, 1.00000, 0.00000, 6.17667, 0.61000, 0.00000, 1.00000, },
				{ -0.00000, -1.00000, 0.00000, 0.00000, 1.00000, -0.00000, 0.00000, 0.00000, 0.00000, 0.00000, 1.00000, 0.00000, -6.97333, 3.15000, 0.00000, 1.00000, },
			},
		},
		groups = {
			["era_a_garden_chair.grp"] = {
				{ -0.99780, -0.06627, 0.00000, 0.00000, 0.06627, -0.99780, -0.00000, 0.00000, 0.00000, 0.00000, 1.00000, 0.00000, -1.86301, 8.65212, 25.60040, 1.00000, align = { 0.00000, 0.00000 }, seed = 456, ignore = { 9, 20 }, },
				{ 0.99824, -0.05931, -0.00000, 0.00000, 0.05931, 0.99824, 0.00000, 0.00000, -0.00000, -0.00000, 1.00000, 0.00000, -1.87301, 9.90212, 25.60040, 1.00000, align = { 0.00000, 0.00000 }, seed = 456, ignore = { 10, 20 }, },
				{ -0.97196, -0.23514, 0.00000, 0.00000, 0.23514, -0.97196, -0.00000, 0.00000, 0.00000, -0.00000, 1.00000, 0.00000, -2.35533, 11.53377, 7.80000, 1.00000, align = { 0.00000, 0.00000 }, seed = 456, ignore = { 11, 20 }, },
				{ -0.95424, 0.29904, 0.00000, 0.00000, -0.29904, -0.95424, 0.00000, 0.00000, 0.00000, 0.00000, 1.00000, 0.00000, -3.98854, 11.44038, 7.80000, 1.00000, align = { 0.00000, 0.00000 }, seed = 456, ignore = { 12, 20 }, },
			},
			["era_b_garbage_container.grp"] = {
				{ -0.99993, -0.01222, -0.00000, 0.00000, 0.01222, -0.99993, 0.00000, 0.00000, -0.00000, 0.00000, 1.00000, 0.00000, 5.90453, 14.45965, 0.00000, 1.00000, },
			},
			["era_b_neon_wall_sign_fun.grp"] = {
				{ -0.00000, 0.47100, 0.00000, 0.00000, -0.47100, -0.00000, 0.00000, 0.00000, 0.00000, 0.00000, 0.47100, 0.00000, 5.03494, -0.21616, 6.12077, 1.00000, align = { 0.00000, 0.00000 }, seed = 615, },
			},
			["era_b_neon_wall_sign_fun_flat.grp"] = {
				{ -0.00000, -0.50000, 0.00000, 0.00000, 0.50000, -0.00000, 0.00000, 0.00000, 0.00000, 0.00000, 0.50000, 0.00000, -5.99863, 6.56972, 1.80000, 1.00000, align = { 0.00000, 0.00000 }, seed = 615, },
				{ 0.50000, 0.00000, 0.00000, 0.00000, 0.00000, 0.50000, 0.00000, 0.00000, 0.00000, 0.00000, 0.50000, 0.00000, -1.04974, 1.18848, 1.80000, 1.00000, align = { 0.00000, 0.00000 }, seed = 615, },
				{ 0.50000, 0.00000, 0.00000, 0.00000, 0.00000, 0.50000, 0.00000, 0.00000, 0.00000, 0.00000, 0.50000, 0.00000, 4.95026, 1.18848, 1.80000, 1.00000, align = { 0.00000, 0.00000 }, seed = 615, },
				{ -0.00000, 0.50000, 0.00000, 0.00000, -0.50000, -0.00000, 0.00000, 0.00000, 0.00000, 0.00000, 0.50000, 0.00000, 6.60247, 4.48071, 1.80000, 1.00000, align = { 0.00000, 0.00000 }, seed = 615, },
				{ -0.00000, -0.50000, 0.00000, 0.00000, 0.50000, -0.00000, 0.00000, 0.00000, 0.00000, 0.00000, 0.50000, 0.00000, -5.99863, 12.56865, 1.80000, 1.00000, align = { 0.00000, 0.00000 }, seed = 615, },
			},
			["era_b_restaurant_wall_sign_small.grp"] = {
				{ 1.00000, 0.00000, 0.00000, 0.00000, 0.00000, 1.00000, 0.00000, 0.00000, 0.00000, 0.00000, 1.00000, 0.00000, -1.59366, 1.33813, 4.28888, 1.00000, align = { 0.00000, 0.00000 }, seed = 615, },
			},
			["era_b_sunshade_small.grp"] = {
				{ 0.63384, -0.55881, -0.00000, 0.00000, 0.55881, 0.63384, 0.00000, 0.00000, 0.00000, -0.00000, 0.84500, 0.00000, -2.23339, 9.08695, 22.60040, 1.00000, align = { 0.00000, 0.00000 }, ignore = { 3, 50 }, },
				{ 0.77306, 0.46084, -0.00000, 0.00000, -0.46084, 0.77306, 0.00000, 0.00000, 0.00000, -0.00000, 0.90000, 0.00000, -2.09458, 8.82332, 19.60040, 1.00000, align = { 0.00000, 0.00000 }, ignore = { 13, 50 }, },
				{ -0.26905, 0.76401, 0.00000, 0.00000, -0.76401, -0.26905, 0.00000, 0.00000, 0.00000, 0.00000, 0.81000, 0.00000, -2.06121, 8.04863, 16.60040, 1.00000, align = { 0.00000, 0.00000 }, ignore = { 14, 50 }, },
			},
			["garden_table_round.grp"] = {
				{ -0.98600, 0.16677, 0.00000, 0.00000, -0.16677, -0.98600, -0.00000, 0.00000, 0.00000, -0.00000, 1.00000, 0.00000, -1.89188, 8.89870, 16.60040, 1.00000, align = { 0.00000, 0.00000 }, seed = 456, },
				{ -0.00000, 1.00000, 0.00000, 0.00000, -1.00000, -0.00000, 0.00000, 0.00000, 0.00000, -0.00000, 1.00000, 0.00000, -1.87301, 9.28212, 25.60040, 1.00000, align = { 0.00000, 0.00000 }, seed = 456, },
				{ -0.97113, 0.23853, 0.00000, 0.00000, -0.23853, -0.97113, -0.00000, 0.00000, 0.00000, -0.00000, 1.00000, 0.00000, -3.21193, 11.60098, 7.79999, 1.00000, align = { 0.00000, 0.00000 }, seed = 456, },
			},
		},
	},
}
--End Generated

function data()
	return townbuildingutil.make_building2(
		{ { -4.60, -0.10 }, { 4.60, -0.10 }, { 4.60, 9.10 }, { -4.60, 9.10 } },
		"COMMERCIAL", 
		"B", 
		3,
		{ 2, 2 },
		generatedData,
		"construction/building/era_b/com_3_2x2_01.gtex"
	)
end
