local townbuildingutil = require "townbuildingutil"

--Model file: "building/era_b/com_3_3x3_01.mdl"

--Begin Generated
local generatedData = {
	["base"] = {
		models = {
			["building/era_b/com_3_3x3_01.mdl"] = {
				{ 1.00000, 0.00000, 0.00000, 0.00000, 0.00000, 1.00000, 0.00000, 0.00000, 0.00000, 0.00000, 1.00000, 0.00000, 0.00000, 0.00000, 0.00000, 1.00000, },
			},
		},
		curves = {
			["scaffold"] = {
				{ { 8.73730, 1.88495, 0.00000 }, { 8.73730, 1.88495, 0.00000 }, { 8.73718, 11.20007, 0.00000 }, { 8.73718, 11.20007, 0.00000 }, { 8.73718, 11.20007, 0.00000 }, { 7.52698, 11.20007, 0.00000 }, { 7.52698, 11.20007, 0.00000 }, { 7.52698, 11.20007, 0.00000 }, { 7.52698, 17.62341, 0.00000 }, { 7.52698, 17.62341, 0.00000 }, { 7.52698, 17.62341, 0.00000 }, { -9.04724, 17.62341, 0.00000 }, { -9.04724, 17.62341, 0.00000 }, { -9.04724, 17.62341, 0.00000 }, { -9.04724, 5.97504, 0.00000 }, { -9.04724, 5.97504, 0.00000 }, { -9.04724, 5.97504, 0.00000 }, { -3.42334, 5.97504, 0.00000 }, { -3.42334, 5.97504, 0.00000 }, { -3.42334, 5.97504, 0.00000 }, { -3.42334, 1.88495, 0.00000 }, { -3.42334, 1.88495, 0.00000 }, },
			},
			["shared/asphalt_02.gtex.lua;shared/dirt.gtex.lua"] = {
				{ { 12.00000, 0.00000, 0.00000 }, { 12.00000, 0.00000, 0.00000 }, { 12.00000, 23.99999, 0.00000 }, { 12.00000, 24.00000, 0.00000 }, { 12.00000, 24.00000, 0.00000 }, { 5.70001, 23.99995, 0.63500 }, { 5.70001, 23.99995, 0.63500 }, { 5.70001, 23.99995, 0.63500 }, { 5.70001, 20.99995, 0.63500 }, { 5.70001, 20.99995, 0.63500 }, { 5.70001, 20.99995, 0.63500 }, { -5.70000, 21.00000, 0.00000 }, { -5.70000, 21.00000, 0.00000 }, { -5.70000, 21.00000, 0.00000 }, { -5.69999, 23.99995, 0.63500 }, { -5.69999, 23.99995, 0.63500 }, { -5.69999, 23.99995, 0.63500 }, { -12.00000, 24.00000, 0.63500 }, { -12.00000, 24.00000, 0.63500 }, { -12.00000, 24.00000, 0.63500 }, { -12.00000, 0.00000, 0.63500 }, { -12.00000, -0.00000, 0.63500 }, },
			},
			["shared/grass_cutted_01.gtex.lua"] = {
				{ { 5.70001, 20.99995, 0.63500 }, { 5.70001, 20.99995, 0.63500 }, { 5.70001, 23.99995, 0.63500 }, { 5.70001, 23.99995, 0.63500 }, { 5.70001, 23.99995, 0.63500 }, { -5.69999, 23.99995, 0.63500 }, { -5.69999, 23.99995, 0.63500 }, { -5.69999, 23.99995, 0.63500 }, { -5.70000, 21.00000, 0.00000 }, { -5.70000, 21.00000, 0.00000 }, },
			},
		},
	},
	["layout_1"] = {
		models = {
			["asset/commercial/all_eras/era_b_com_wall.mdl"] = {
				{ -0.00000, 1.01427, -0.00000, 0.00000, -1.00000, -0.00000, -0.00000, 0.00000, -0.00000, -0.00000, 1.00000, 0.00000, -11.84999, 22.17855, 0.00000, 1.00000, },
				{ -0.00000, 1.01427, -0.00000, 0.00000, -1.00000, -0.00000, -0.00000, 0.00000, -0.00000, -0.00000, 1.00000, 0.00000, -11.85000, 6.96450, 0.00000, 1.00000, },
				{ -0.00000, 1.01427, -0.00000, 0.00000, -1.00000, -0.00000, -0.00000, 0.00000, -0.00000, -0.00000, 1.00000, 0.00000, -11.85000, 10.00731, 0.00000, 1.00000, },
				{ -0.00000, 1.01427, -0.00000, 0.00000, -1.00000, -0.00000, -0.00000, 0.00000, -0.00000, -0.00000, 1.00000, 0.00000, -11.85000, 13.05012, 0.00000, 1.00000, },
				{ -0.00000, 1.01427, -0.00000, 0.00000, -1.00000, -0.00000, -0.00000, 0.00000, -0.00000, -0.00000, 1.00000, 0.00000, -11.85000, 16.09293, -0.00000, 1.00000, },
				{ -0.00000, 1.01427, -0.00000, 0.00000, -1.00000, -0.00000, -0.00000, 0.00000, -0.00000, -0.00000, 1.00000, 0.00000, -11.85000, 3.92169, 0.00000, 1.00000, },
				{ -0.00000, 1.01427, -0.00000, 0.00000, -1.00000, -0.00000, -0.00000, 0.00000, -0.00000, -0.00000, 1.00000, 0.00000, -11.84999, 19.13574, 0.00000, 1.00000, },
				{ -1.00000, 0.00000, 0.00000, 0.00000, -0.00000, -1.00000, 0.00000, 0.00000, 0.00000, 0.00000, 1.00000, 0.00000, -10.50000, 23.85000, 0.00000, 1.00000, },
				{ -1.00000, 0.00000, 0.00000, 0.00000, -0.00000, -1.00000, 0.00000, 0.00000, 0.00000, 0.00000, 1.00000, 0.00000, -7.50000, 23.85000, 0.00000, 1.00000, },
				{ -1.00000, 0.00000, 0.00000, 0.00000, -0.00000, -1.00000, 0.00000, 0.00000, 0.00000, 0.00000, 1.00000, 0.00000, -4.50000, 20.85000, 0.00000, 1.00000, },
				{ -1.00000, 0.00000, 0.00000, 0.00000, -0.00000, -1.00000, 0.00000, 0.00000, 0.00000, 0.00000, 1.00000, 0.00000, -1.50000, 20.85000, 0.00000, 1.00000, },
				{ -1.00000, 0.00000, 0.00000, 0.00000, -0.00000, -1.00000, -0.00000, 0.00000, 0.00000, -0.00000, 1.00000, 0.00000, 1.50000, 20.85000, 0.00000, 1.00000, },
				{ -1.00000, 0.00000, 0.00000, 0.00000, -0.00000, -1.00000, -0.00000, 0.00000, 0.00000, -0.00000, 1.00000, 0.00000, 4.50000, 20.85000, 0.00000, 1.00000, },
				{ -1.00000, 0.00000, 0.00000, 0.00000, -0.00000, -1.00000, -0.00000, 0.00000, 0.00000, -0.00000, 1.00000, 0.00000, 7.50000, 23.85000, 0.00000, 1.00000, },
				{ -1.00000, 0.00000, 0.00000, 0.00000, -0.00000, -1.00000, -0.00000, 0.00000, 0.00000, -0.00000, 1.00000, 0.00000, 10.50000, 23.85000, 0.00000, 1.00000, },
				{ -0.00000, 1.00000, -0.00000, 0.00000, -1.00000, -0.00000, -0.00000, 0.00000, -0.00000, -0.00000, 1.00000, 0.00000, 11.85000, 7.19995, 0.00000, 1.00000, },
				{ -0.00000, 1.00000, -0.00000, 0.00000, -1.00000, -0.00000, -0.00000, 0.00000, -0.00000, -0.00000, 1.00000, 0.00000, 11.85000, 10.19995, 0.00000, 1.00000, },
				{ -0.00000, 1.00000, -0.00000, 0.00000, -1.00000, -0.00000, -0.00000, 0.00000, -0.00000, -0.00000, 1.00000, 0.00000, 11.85000, 13.19995, 0.00000, 1.00000, },
				{ -0.00000, 1.00000, -0.00000, 0.00000, -1.00000, -0.00000, -0.00000, 0.00000, -0.00000, -0.00000, 1.00000, 0.00000, 11.85000, 16.19995, 0.00000, 1.00000, },
				{ -0.00000, 1.00000, -0.00000, 0.00000, -1.00000, -0.00000, -0.00000, 0.00000, -0.00000, -0.00000, 1.00000, 0.00000, 11.85000, 4.19995, 0.00000, 1.00000, },
				{ -0.00000, 1.00000, -0.00000, 0.00000, -1.00000, -0.00000, -0.00000, 0.00000, -0.00000, -0.00000, 1.00000, 0.00000, 11.85001, 19.19995, 0.00000, 1.00000, },
				{ -0.00000, 1.00000, -0.00000, 0.00000, -1.00000, -0.00000, -0.00000, 0.00000, -0.00000, -0.00000, 1.00000, 0.00000, 11.85001, 22.19995, 0.00000, 1.00000, },
				{ -0.00000, 1.00000, -0.00000, 0.00000, -1.00000, -0.00000, -0.00000, 0.00000, -0.00000, -0.00000, 1.00000, 0.00000, 5.85001, 22.49995, 0.00000, 1.00000, },
				{ -0.00000, 1.00000, -0.00000, 0.00000, -1.00000, -0.00000, -0.00000, 0.00000, -0.00000, -0.00000, 1.00000, 0.00000, -5.84999, 22.49995, 0.00000, 1.00000, },
				{ -0.00000, -0.80000, 0.00000, 0.00000, 1.00000, -0.00000, 0.00000, 0.00000, 0.00000, 0.00000, 1.00000, 0.00000, -8.55000, 1.20000, 0.00000, 1.00000, align = { -10.20000, 1.20000 }, },
				{ 1.00000, 0.00000, 0.00000, 0.00000, 0.00000, 1.00000, 0.00000, 0.00000, 0.00000, 0.00000, 1.00000, 0.00000, -10.20000, 0.15000, 0.00000, 1.00000, align = { -10.20000, 1.20000 }, },
				{ -0.00000, -0.80000, 0.00000, 0.00000, 1.00000, -0.00000, 0.00000, 0.00000, 0.00000, 0.00000, 1.00000, 0.00000, -11.85000, 1.20000, 0.00000, 1.00000, align = { -10.20000, 1.20000 }, },
				{ 1.00000, 0.00000, 0.00000, 0.00000, 0.00000, 1.00000, 0.00000, 0.00000, 0.00000, 0.00000, 1.00000, 0.00000, -10.20000, 2.25000, 0.00000, 1.00000, align = { -10.20000, 1.20000 }, },
			},
			["asset/ground/garden_bench_wood_01.mdl"] = {
				{ 0.00000, 1.00000, 0.00000, 0.00000, -1.00000, 0.00000, 0.00000, 0.00000, -0.00000, -0.00000, 1.00000, 0.00000, 6.71667, 22.19000, 0.00000, 1.00000, },
				{ 0.00000, 1.00000, 0.00000, 0.00000, -1.00000, 0.00000, 0.00000, 0.00000, -0.00000, -0.00000, 1.00000, 0.00000, -11.08333, 22.19000, 0.00000, 1.00000, },
				{ 1.00000, -0.00000, 0.00000, 0.00000, 0.00000, 1.00000, 0.00000, 0.00000, -0.00000, -0.00000, 1.00000, 0.00000, -6.57333, 5.56000, 0.00000, 1.00000, },
				{ 0.00000, -1.00000, 0.00000, 0.00000, 1.00000, 0.00000, 0.00000, 0.00000, -0.00000, -0.00000, 1.00000, 0.00000, 11.16667, 22.19000, 0.00000, 1.00000, },
				{ 0.00000, -1.00000, 0.00000, 0.00000, 1.00000, 0.00000, 0.00000, 0.00000, -0.00000, -0.00000, 1.00000, 0.00000, -6.63333, 22.19000, 0.00000, 1.00000, },
			},
			["asset/ground/garden_chair_plastic_01.mdl"] = {
				{ 0.94088, 0.33874, 0.00000, 0.00000, -0.33874, 0.94088, 0.00000, 0.00000, 0.00000, 0.00000, 1.00000, 0.00000, 3.77268, 7.13392, 34.59998, 1.00000, align = { 0.00000, 0.00000 }, ignore = { 5, 30 }, },
				{ 0.92978, 0.36812, 0.00000, 0.00000, -0.36812, 0.92978, 0.00000, 0.00000, 0.00000, 0.00000, 1.00000, 0.00000, -6.94161, 7.14826, 31.59999, 1.00000, align = { 0.00000, 0.00000 }, ignore = { 6, 30 }, },
				{ 0.75927, -0.65077, 0.00000, 0.00000, 0.65077, 0.75927, 0.00000, 0.00000, 0.00000, 0.00000, 1.00000, 0.00000, 2.85730, 6.90051, 22.59999, 1.00000, align = { 0.00000, 0.00000 }, ignore = { 7, 30 }, },
				{ 0.77934, -0.62660, 0.00000, 0.00000, 0.62660, 0.77934, 0.00000, 0.00000, 0.00000, 0.00000, 1.00000, 0.00000, -4.88032, 7.26605, 34.59998, 1.00000, align = { 0.00000, 0.00000 }, ignore = { 8, 30 }, },
				{ 0.99572, -0.09237, 0.00000, 0.00000, 0.09237, 0.99572, 0.00000, 0.00000, 0.00000, 0.00000, 1.00000, 0.00000, -5.03773, 7.00314, 16.59999, 1.00000, align = { 0.00000, 0.00000 }, ignore = { 9, 30 }, },
				{ 0.93232, -0.36162, 0.00000, 0.00000, 0.36162, 0.93232, 0.00000, 0.00000, 0.00000, 0.00000, 1.00000, 0.00000, 4.85088, 7.05747, 31.59999, 1.00000, align = { 0.00000, 0.00000 }, ignore = { 10, 30 }, },
				{ 0.91914, -0.39394, 0.00000, 0.00000, 0.39394, 0.91914, 0.00000, 0.00000, 0.00000, 0.00000, 1.00000, 0.00000, 5.05737, 6.82877, 28.59999, 1.00000, align = { 0.00000, 0.00000 }, ignore = { 11, 30 }, },
				{ 0.75011, 0.66131, 0.00000, 0.00000, -0.66131, 0.75011, 0.00000, 0.00000, 0.00000, 0.00000, 1.00000, 0.00000, -6.98602, 7.16030, 34.59998, 1.00000, align = { 0.00000, 0.00000 }, ignore = { 12, 30 }, },
				{ 0.97196, 0.23514, 0.00000, 0.00000, -0.23514, 0.97196, 0.00000, 0.00000, 0.00000, 0.00000, 1.00000, 0.00000, -1.02569, 6.88779, 22.59999, 1.00000, align = { 0.00000, 0.00000 }, ignore = { 13, 30 }, },
				{ 0.78586, 0.61841, 0.00000, 0.00000, -0.61841, 0.78586, 0.00000, 0.00000, 0.00000, 0.00000, 1.00000, 0.00000, -1.03070, 6.96622, 25.59999, 1.00000, align = { 0.00000, 0.00000 }, ignore = { 14, 30 }, },
			},
			["street/street_asset_mix/trash_standing_a.mdl"] = {
				{ 1.00000, 0.00000, 0.00000, 0.00000, 0.00000, 1.00000, 0.00000, 0.00000, 0.00000, 0.00000, 1.00000, 0.00000, 8.99667, 23.07000, 0.00000, 1.00000, },
				{ 1.00000, 0.00000, 0.00000, 0.00000, 0.00000, 1.00000, 0.00000, 0.00000, 0.00000, 0.00000, 1.00000, 0.00000, -8.80333, 23.07000, 0.00000, 1.00000, },
				{ -0.00000, -1.00000, 0.00000, 0.00000, 1.00000, -0.00000, 0.00000, 0.00000, 0.00000, 0.00000, 1.00000, 0.00000, -4.58333, 5.57000, 0.00000, 1.00000, },
			},
		},
		groups = {
			["era_a_garden_chair.grp"] = {
				{ 0.10106, 0.99488, 0.00000, 0.00000, -0.99488, 0.10106, 0.00000, 0.00000, 0.00000, 0.00000, 1.00000, 0.00000, -1.03536, 7.12261, 31.59999, 1.00000, align = { 0.00000, 0.00000 }, seed = 456, ignore = { 15, 20 }, },
				{ -0.22495, -0.97437, -0.00000, 0.00000, 0.97437, -0.22495, 0.00000, 0.00000, -0.00000, 0.00000, 1.00000, 0.00000, 0.19880, 6.92401, 31.59999, 1.00000, align = { 0.00000, 0.00000 }, seed = 456, ignore = { 16, 20 }, },
				{ 0.58779, 0.80902, 0.00000, 0.00000, -0.80902, 0.58779, 0.00000, 0.00000, 0.00000, 0.00000, 1.00000, 0.00000, 4.07007, 7.29728, 25.59999, 1.00000, align = { 0.00000, 0.00000 }, seed = 456, ignore = { 17, 20 }, },
				{ -0.80902, 0.58779, 0.00000, 0.00000, -0.58779, -0.80902, 0.00000, 0.00000, 0.00000, 0.00000, 1.00000, 0.00000, 4.05224, 6.40102, 25.59999, 1.00000, align = { 0.00000, 0.00000 }, seed = 456, ignore = { 18, 20 }, },
				{ -0.68455, -0.72897, -0.00000, 0.00000, 0.72897, -0.68455, 0.00000, 0.00000, -0.00000, 0.00000, 1.00000, 0.00000, 5.03683, 6.50482, 25.59999, 1.00000, align = { 0.00000, 0.00000 }, seed = 456, ignore = { 19, 20 }, },
				{ 0.97196, 0.23514, 0.00000, 0.00000, -0.23514, 0.97196, 0.00000, 0.00000, 0.00000, 0.00000, 1.00000, 0.00000, -1.31448, 6.83963, 16.59999, 1.00000, align = { 0.00000, 0.00000 }, seed = 456, ignore = { 20, 20 }, },
				{ 0.95424, -0.29904, 0.00000, 0.00000, 0.29904, 0.95424, 0.00000, 0.00000, -0.00000, -0.00000, 1.00000, 0.00000, 0.31872, 6.93302, 16.59999, 1.00000, align = { 0.00000, 0.00000 }, seed = 456, ignore = { 21, 20 }, },
				{ -0.06627, 0.99780, 0.00000, 0.00000, -0.99780, -0.06627, 0.00000, 0.00000, 0.00000, 0.00000, 1.00000, 0.00000, -6.65512, 6.76804, 22.59999, 1.00000, align = { 0.00000, 0.00000 }, seed = 456, ignore = { 22, 20 }, },
				{ -0.05931, -0.99824, -0.00000, 0.00000, 0.99824, -0.05931, 0.00000, 0.00000, -0.00000, 0.00000, 1.00000, 0.00000, -5.40512, 6.77804, 22.59999, 1.00000, align = { 0.00000, 0.00000 }, seed = 456, ignore = { 23, 20 }, },
			},
			["era_b_awning_shops_end.grp"] = {
				{ 0.68351, 0.00000, 0.00000, 0.00000, 0.00000, 0.68351, 0.00000, 0.00000, 0.00000, 0.00000, 0.68351, 0.00000, 7.15649, 2.40497, 3.14251, 1.00000, align = { 0.00000, 0.00000 }, seed = 128, },
				{ -0.00000, 0.68351, 0.00000, 0.00000, -0.68351, -0.00000, 0.00000, 0.00000, 0.00000, 0.00000, 0.68351, 0.00000, 8.23449, 3.69874, 3.14251, 1.00000, align = { 0.00000, 0.00000 }, seed = 128, },
				{ -0.00000, 0.68351, 0.00000, 0.00000, -0.68351, -0.00000, 0.00000, 0.00000, 0.00000, 0.00000, 0.68351, 0.00000, 8.23449, 6.69874, 3.14251, 1.00000, align = { 0.00000, 0.00000 }, seed = 128, },
				{ 0.68351, 0.00000, 0.00000, 0.00000, 0.00000, 0.68351, 0.00000, 0.00000, 0.00000, 0.00000, 0.68351, 0.00000, -1.84351, 2.40497, 3.14251, 1.00000, align = { 0.00000, 0.00000 }, seed = 69, },
			},
			["era_b_awning_shops_repeat.grp"] = {
				{ 0.68351, 0.00000, 0.00000, 0.00000, 0.00000, 0.68351, 0.00000, 0.00000, 0.00000, 0.00000, 0.68351, 0.00000, 7.15649, 2.40497, 3.14251, 1.00000, align = { 0.00000, 0.00000 }, seed = 128, },
				{ -0.00000, 0.68351, 0.00000, 0.00000, -0.68351, -0.00000, 0.00000, 0.00000, 0.00000, 0.00000, 0.68351, 0.00000, 8.23449, 3.69874, 3.14251, 1.00000, align = { 0.00000, 0.00000 }, seed = 128, },
				{ -0.00000, 0.68351, 0.00000, 0.00000, -0.68351, -0.00000, 0.00000, 0.00000, 0.00000, 0.00000, 0.68351, 0.00000, 8.23449, 6.69874, 3.14251, 1.00000, align = { 0.00000, 0.00000 }, seed = 128, },
				{ 0.68351, 0.00000, 0.00000, 0.00000, 0.00000, 0.68351, 0.00000, 0.00000, 0.00000, 0.00000, 0.68351, 0.00000, -1.84351, 2.40497, 3.14251, 1.00000, align = { 0.00000, 0.00000 }, seed = 69, },
			},
			["era_b_awning_shops_start.grp"] = {
				{ 0.68351, 0.00000, 0.00000, 0.00000, 0.00000, 0.68351, 0.00000, 0.00000, 0.00000, 0.00000, 0.68351, 0.00000, 7.15649, 2.40497, 3.14251, 1.00000, align = { 0.00000, 0.00000 }, seed = 128, },
				{ -0.00000, 0.68351, 0.00000, 0.00000, -0.68351, -0.00000, 0.00000, 0.00000, 0.00000, 0.00000, 0.68351, 0.00000, 8.23449, 3.69874, 3.14251, 1.00000, align = { 0.00000, 0.00000 }, seed = 128, },
				{ -0.00000, 0.68351, 0.00000, 0.00000, -0.68351, -0.00000, 0.00000, 0.00000, 0.00000, 0.00000, 0.68351, 0.00000, 8.23449, 6.69874, 3.14251, 1.00000, align = { 0.00000, 0.00000 }, seed = 128, },
				{ 0.68351, 0.00000, 0.00000, 0.00000, 0.00000, 0.68351, 0.00000, 0.00000, 0.00000, 0.00000, 0.68351, 0.00000, -1.84351, 2.40497, 3.14251, 1.00000, align = { 0.00000, 0.00000 }, seed = 69, },
			},
			["era_b_food_booth_01.grp"] = {
				{ 1.00000, 0.00000, 0.00000, 0.00000, 0.00000, 1.00000, 0.00000, 0.00000, 0.00000, 0.00000, 1.00000, 0.00000, -1.84000, 1.84000, 0.00000, 1.00000, seed = 69, ignore = { 3, 50 }, },
			},
			["era_b_food_store_ground_sign.grp"] = {
				{ 0.61015, 0.79229, 0.00000, 0.00000, -0.79229, 0.61015, 0.00000, 0.00000, 0.00000, 0.00000, 1.00000, 0.00000, 1.62000, 1.02000, 0.00000, 1.00000, seed = 69, ignore = { 2, 25 }, },
			},
			["era_b_food_store_sign_mini.grp"] = {
				{ 1.22500, 0.00000, 0.00000, 0.00000, 0.00000, 1.22500, 0.00000, 0.00000, 0.00000, 0.00000, 1.22500, 0.00000, 1.15649, 2.06000, 3.59999, 1.00000, align = { 0.00000, 0.00000 }, seed = 69, },
				{ 1.22500, 0.00000, 0.00000, 0.00000, 0.00000, 1.22500, 0.00000, 0.00000, 0.00000, 0.00000, 1.22500, 0.00000, -1.84351, 2.06000, 3.59999, 1.00000, align = { 0.00000, 0.00000 }, seed = 69, },
			},
			["era_b_food_store_wall_sign.grp"] = {
				{ 1.00000, 0.00000, 0.00000, 0.00000, 0.00000, 1.00000, 0.00000, 0.00000, 0.00000, 0.00000, 1.00000, 0.00000, -2.63829, 1.96497, 5.29451, 1.00000, align = { 0.00000, 0.00000 }, seed = 69, },
			},
			["era_b_general_store_sign_small.grp"] = {
				{ 0.75394, 0.00000, 0.00000, 0.00000, 0.00000, 0.75394, 0.00000, 0.00000, 0.00000, 0.00000, 0.75394, 0.00000, 5.17241, 2.11901, 3.70609, 1.00000, align = { 0.00000, 0.00000 }, seed = 128, },
				{ 0.73558, 0.00000, 0.00000, 0.00000, 0.00000, 0.73558, 0.00000, 0.00000, 0.00000, 0.00000, 0.73558, 0.00000, 7.15649, 1.95508, 3.60840, 1.00000, align = { 0.00000, 0.00000 }, seed = 128, },
				{ 0.73558, 0.00000, 0.00000, 0.00000, 0.00000, 0.73558, 0.00000, 0.00000, 0.00000, 0.00000, 0.73558, 0.00000, 4.15649, 1.95508, 3.60840, 1.00000, align = { 0.00000, 0.00000 }, seed = 128, },
				{ -0.00000, 0.73558, 0.00000, 0.00000, -0.73558, -0.00000, 0.00000, 0.00000, 0.00000, 0.00000, 0.73558, 0.00000, 8.66740, 3.69874, 3.60840, 1.00000, align = { 0.00000, 0.00000 }, seed = 128, },
				{ -0.00000, 0.73558, 0.00000, 0.00000, -0.73558, -0.00000, 0.00000, 0.00000, 0.00000, 0.00000, 0.73558, 0.00000, 8.66740, 6.69874, 3.60840, 1.00000, align = { 0.00000, 0.00000 }, seed = 128, },
				{ 0.69638, 0.00000, 0.00000, 0.00000, 0.00000, 0.69638, 0.00000, 0.00000, 0.00000, 0.00000, 0.69638, 0.00000, 0.70741, 2.52901, 3.64609, 1.00000, align = { 0.00000, 0.00000 }, seed = 128, },
			},
			["era_b_general_store_wall_sign_big.grp"] = {
				{ 1.00000, 0.00000, 0.00000, 0.00000, 0.00000, 1.00000, 0.00000, 0.00000, 0.00000, 0.00000, 1.00000, 0.00000, 7.81469, 1.96497, 7.56226, 1.00000, align = { 0.00000, 0.00000 }, seed = 128, },
			},
			["era_b_sunshade_small.grp"] = {
				{ -0.75011, 0.66131, 0.00000, 0.00000, -0.66131, -0.75011, 0.00000, 0.00000, 0.00000, 0.00000, 1.00000, 0.00000, -0.56091, 6.68504, 25.59999, 1.00000, align = { 0.00000, 0.00000 }, ignore = { 4, 50 }, },
				{ -0.98229, -0.18738, 0.00000, 0.00000, 0.18738, -0.98229, 0.00000, 0.00000, 0.00000, 0.00000, 1.00000, 0.00000, -0.73581, 6.77118, 22.59999, 1.00000, align = { 0.00000, 0.00000 }, ignore = { 24, 50 }, },
				{ -0.98229, -0.18738, 0.00000, 0.00000, 0.18738, -0.98229, 0.00000, 0.00000, 0.00000, 0.00000, 1.00000, 0.00000, -5.53205, 6.65224, 25.59999, 1.00000, align = { 0.00000, 0.00000 }, ignore = { 25, 50 }, },
				{ -0.71691, 0.69717, 0.00000, 0.00000, -0.69717, -0.71691, 0.00000, 0.00000, 0.00000, 0.00000, 1.00000, 0.00000, -5.37520, 6.87683, 31.59999, 1.00000, align = { 0.00000, 0.00000 }, ignore = { 26, 50 }, },
				{ -0.75700, -0.65342, 0.00000, 0.00000, 0.65342, -0.75700, 0.00000, 0.00000, 0.00000, 0.00000, 1.00000, 0.00000, 3.49905, 6.59542, 19.59999, 1.00000, align = { 0.00000, 0.00000 }, ignore = { 27, 50 }, },
				{ -0.79404, -0.28901, 0.00000, 0.00000, 0.28901, -0.79404, 0.00000, 0.00000, 0.00000, 0.00000, 0.84500, 0.00000, 4.18195, 6.99215, 28.59999, 1.00000, align = { 0.00000, 0.00000 }, ignore = { 28, 50 }, },
				{ -0.93106, 0.36488, 0.00000, 0.00000, -0.36488, -0.93106, 0.00000, 0.00000, 0.00000, 0.00000, 1.00000, 0.00000, -5.47356, 6.51555, 16.59999, 1.00000, align = { 0.00000, 0.00000 }, ignore = { 29, 50 }, },
				{ -0.74977, -0.37874, 0.00000, 0.00000, 0.37874, -0.74977, 0.00000, 0.00000, 0.00000, 0.00000, 0.84000, 0.00000, 4.24181, 6.72535, 34.59998, 1.00000, align = { 0.00000, 0.00000 }, ignore = { 30, 50 }, },
			},
			["garden_table_round.grp"] = {
				{ 0.98600, -0.16677, 0.00000, 0.00000, 0.16677, 0.98600, 0.00000, 0.00000, 0.00000, 0.00000, 1.00000, 0.00000, -0.41252, 7.02741, 31.59999, 1.00000, align = { 0.00000, 0.00000 }, seed = 456, },
				{ 0.76828, -0.64011, 0.00000, 0.00000, 0.64011, 0.76828, 0.00000, 0.00000, 0.00000, 0.00000, 1.00000, 0.00000, 4.56049, 6.90169, 25.59999, 1.00000, align = { 0.00000, 0.00000 }, seed = 456, },
				{ 0.97113, -0.23853, 0.00000, 0.00000, 0.23853, 0.97113, 0.00000, 0.00000, 0.00000, 0.00000, 1.00000, 0.00000, -0.45788, 6.77243, 16.59999, 1.00000, align = { 0.00000, 0.00000 }, seed = 456, },
				{ 1.00000, 0.00000, 0.00000, 0.00000, 0.00000, 1.00000, 0.00000, 0.00000, 0.00000, 0.00000, 1.00000, 0.00000, -6.02512, 6.77804, 22.59999, 1.00000, align = { 0.00000, 0.00000 }, seed = 456, },
			},
			["random_medium_tree_town.grp"] = {
				{ 0.41025, 0.91197, 0.00000, 0.00000, -0.91197, 0.41025, 0.00000, 0.00000, -0.00000, -0.00000, 1.00000, 0.00000, -0.04000, 23.10000, 0.00000, 1.00000, },
				{ -0.65522, -0.61700, 0.00000, 0.00000, 0.61700, -0.65522, 0.00000, 0.00000, 0.00000, 0.00000, 0.90000, 0.00000, 3.71000, 22.80000, 0.00000, 1.00000, },
				{ 0.11439, 0.79178, 0.00000, 0.00000, -0.79178, 0.11439, 0.00000, 0.00000, -0.00000, -0.00000, 0.80000, 0.00000, -3.79000, 22.80000, 0.00000, 1.00000, },
			},
			["random_shrub_town.grp"] = {
				{ -0.42516, 0.55609, 0.00000, 0.00000, -0.55609, -0.42516, 0.00000, 0.00000, 0.00000, 0.00000, 0.70000, 0.00000, 0.46135, 21.86117, 0.00000, 1.00000, },
				{ 0.43096, 0.55161, 0.00000, 0.00000, -0.55161, 0.43096, -0.00000, 0.00000, -0.00000, -0.00000, 0.70000, 0.00000, 2.89135, 21.86117, 0.00000, 1.00000, },
				{ -0.69478, 0.08531, 0.00000, 0.00000, -0.08531, -0.69478, -0.00000, 0.00000, 0.00000, -0.00000, 0.70000, 0.00000, 3.85135, 21.86117, 0.00000, 1.00000, },
				{ 0.42176, -0.55868, -0.00000, 0.00000, 0.55868, 0.42176, -0.00000, 0.00000, 0.00000, -0.00000, 0.70000, 0.00000, -0.77865, 21.86117, 0.00000, 1.00000, },
				{ -0.67709, 0.17763, 0.00000, 0.00000, -0.17763, -0.67709, -0.00000, 0.00000, 0.00000, -0.00000, 0.70000, 0.00000, 2.42698, 22.73914, 0.00000, 1.00000, },
				{ -0.67709, 0.17763, 0.00000, 0.00000, -0.17763, -0.67709, -0.00000, 0.00000, 0.00000, -0.00000, 0.70000, 0.00000, 4.79698, 22.73914, 0.00000, 1.00000, },
				{ 0.70000, 0.00122, 0.00000, 0.00000, -0.00122, 0.70000, 0.00000, 0.00000, 0.00000, 0.00000, 0.70000, 0.00000, -2.14833, 22.90468, 0.00000, 1.00000, },
				{ -0.03053, -0.69933, 0.00000, 0.00000, 0.69933, -0.03053, -0.00000, 0.00000, 0.00000, -0.00000, 0.70000, 0.00000, -5.10833, 22.90468, 0.00000, 1.00000, },
				{ -0.03053, -0.69933, 0.00000, 0.00000, 0.69933, -0.03053, -0.00000, 0.00000, 0.00000, -0.00000, 0.70000, 0.00000, -3.60833, 21.95468, 0.00000, 1.00000, },
				{ -0.21399, 0.66649, 0.00000, 0.00000, -0.66649, -0.21399, 0.00000, 0.00000, 0.00000, 0.00000, 0.70000, 0.00000, -11.16992, 1.22562, 0.00000, 1.00000, align = { -10.20000, 1.20000 }, },
				{ 0.60127, -0.35843, 0.00000, 0.00000, 0.35843, 0.60127, 0.00000, 0.00000, 0.00000, 0.00000, 0.70000, 0.00000, -10.16992, 1.22562, 0.00000, 1.00000, align = { -10.20000, 1.20000 }, },
				{ 0.04029, -0.69884, 0.00000, 0.00000, 0.69884, 0.04029, 0.00000, 0.00000, 0.00000, 0.00000, 0.70000, 0.00000, -9.41992, 1.25562, 0.00000, 1.00000, align = { -10.20000, 1.20000 }, },
			},
		},
	},
}
--End Generated

function data()
	return townbuildingutil.make_building2(
		{ { -4.60, -0.10 }, { 4.60, -0.10 }, { 4.60, 9.10 }, { -4.60, 9.10 } },
		"COMMERCIAL", 
		"B", 
		3,
		{ 3, 3 },
		generatedData,
		"construction/building/era_b/com_3_3x3_01.gtex"
	)
end
