local townbuildingutil = require "townbuildingutil"

--Model file: "building/era_b/com_3_3x4_04.mdl"

--Begin Generated
local generatedData = {
	["base"] = {
		models = {
			["building/era_b/com_3_3x4_04.mdl"] = {
				{ 1.00000, 0.00000, 0.00000, 0.00000, 0.00000, 1.00000, 0.00000, 0.00000, 0.00000, 0.00000, 1.00000, 0.00000, 0.00000, 0.00000, 0.00000, 1.00000, },
			},
		},
		curves = {
			["scaffold"] = {
				{ { 5.15393, 1.92932, 0.00000 }, { 5.15393, 1.92932, 0.00000 }, { 5.15405, 4.59509, 0.00000 }, { 5.15405, 4.59509, 0.00000 }, { 5.15405, 4.59509, 0.00000 }, { 8.16199, 4.59509, 0.00000 }, { 8.16199, 4.59509, 0.00000 }, { 8.16199, 4.59509, 0.00000 }, { 8.16211, 12.52570, 0.00000 }, { 8.16211, 12.52570, 0.00000 }, { 8.16211, 12.52570, 0.00000 }, { 3.44385, 12.52563, 0.00000 }, { 3.44385, 12.52563, 0.00000 }, { 3.44385, 12.52563, 0.00000 }, { 3.46402, 18.40662, 0.00000 }, { 3.46402, 18.40662, 0.00000 }, { 3.46402, 18.40662, 0.00000 }, { 6.07800, 18.40662, 0.00000 }, { 6.07800, 18.40662, 0.00000 }, { 6.07800, 18.40662, 0.00000 }, { 6.07788, 27.29041, 0.00000 }, { 6.07788, 27.29041, 0.00000 }, { 6.07788, 27.29041, 0.00000 }, { -5.25952, 27.29041, 0.00000 }, { -5.25952, 27.29041, 0.00000 }, { -5.25952, 27.29041, 0.00000 }, { -5.25952, 23.14148, 0.00000 }, { -5.25952, 23.14148, 0.00000 }, { -5.25952, 23.14148, 0.00000 }, { -7.59277, 23.14148, 0.00000 }, { -7.59277, 23.14148, 0.00000 }, { -7.59277, 23.14148, 0.00000 }, { -7.59277, 11.77243, 0.00000 }, { -7.59277, 11.77243, 0.00000 }, { -7.59277, 11.77243, 0.00000 }, { -8.48282, 11.77243, 0.00000 }, { -8.48282, 11.77243, 0.00000 }, { -8.48282, 11.77243, 0.00000 }, { -8.48282, 2.77243, 0.00000 }, { -8.48282, 2.77243, 0.00000 }, { -8.48282, 2.77243, 0.00000 }, { -7.59277, 2.77243, 0.00000 }, { -7.59277, 2.77243, 0.00000 }, { -7.59277, 2.77243, 0.00000 }, { -7.59277, 1.92932, 0.00000 }, { -7.59277, 1.92932, 0.00000 }, },
			},
			["shared/asphalt_02.gtex.lua;shared/dirt.gtex.lua"] = {
				{ { 12.00000, 12.47284, 0.00000 }, { 12.00000, 12.47284, 0.00000 }, { 12.00000, 31.99999, 0.00000 }, { 12.00000, 32.00000, 0.00000 }, { 12.00000, 32.00000, 0.00000 }, { -12.00000, 32.00000, 0.00000 }, { -12.00000, 32.00000, 0.00000 }, { -12.00000, 31.99999, -0.00000 }, { -12.00000, 3.50000, -0.00000 }, { -12.00000, 3.50000, -0.00000 }, { -12.00000, 3.50000, -0.00000 }, { -7.51282, 3.50000, -0.00004 }, { -7.51282, 3.50000, -0.00004 }, { -7.51282, 3.50000, -0.00004 }, { -7.51282, 23.06152, -0.00004 }, { -7.51282, 23.06152, -0.00004 }, { -7.51282, 23.06152, -0.00004 }, { -5.17949, 23.06152, -0.00005 }, { -5.17949, 23.06152, -0.00005 }, { -5.17949, 23.06152, -0.00005 }, { -5.17949, 27.21045, -0.00005 }, { -5.17949, 27.21045, -0.00005 }, { -5.17949, 27.21045, -0.00005 }, { 5.99804, 27.21045, -0.00007 }, { 5.99805, 27.21045, -0.00007 }, { 5.99805, 27.21044, -0.00007 }, { 5.99805, 12.47284, -0.00005 }, { 5.99805, 12.47284, -0.00005 }, },
				{ { 12.00000, 0.00000, 0.00000 }, { 12.00000, 0.00000, 0.00000 }, { 12.00000, 12.47284, 0.00000 }, { 12.00000, 12.47284, 0.00000 }, { 12.00000, 12.47284, -0.00000 }, { 8.08212, 12.47284, -0.00005 }, { 8.08209, 12.47284, -0.00005 }, { 8.08209, 12.47284, -0.00005 }, { 3.36389, 12.47284, -0.00000 }, { 3.36389, 12.47284, 0.00000 }, { 3.36389, 12.47284, -0.00000 }, { 3.36389, 18.48669, -0.00003 }, { 3.36389, 18.48669, -0.00003 }, { 3.36389, 18.48669, -0.00003 }, { 5.99805, 18.48669, -0.00007 }, { 5.99805, 18.48669, -0.00007 }, { 5.99805, 18.48670, -0.00007 }, { 5.99805, 27.21045, -0.00007 }, { 5.99805, 27.21045, -0.00007 }, { 5.99804, 27.21045, -0.00007 }, { -5.17949, 27.21045, -0.00005 }, { -5.17949, 27.21045, -0.00005 }, { -5.17949, 27.21045, -0.00005 }, { -5.17949, 23.06152, -0.00005 }, { -5.17949, 23.06152, -0.00005 }, { -5.17949, 23.06152, -0.00005 }, { -7.51282, 23.06152, -0.00004 }, { -7.51282, 23.06152, -0.00004 }, { -7.51282, 23.06152, -0.00004 }, { -7.51282, 3.50000, -0.00004 }, { -7.51282, 3.50000, -0.00004 }, { -7.51282, 3.50000, -0.00004 }, { -12.00000, 3.50000, -0.00000 }, { -12.00000, 3.50000, 0.00000 }, },
			},
			["shared/asphalt_03.gtex.lua;shared/dirt.gtex.lua"] = {
				{ { 5.99805, 12.47284, -0.00005 }, { 5.99805, 12.47284, -0.00005 }, { 5.99805, 18.48669, -0.00007 }, { 5.99805, 18.48669, -0.00007 }, { 5.99805, 18.48669, -0.00007 }, { 3.36389, 18.48669, -0.00003 }, { 3.36389, 18.48669, -0.00003 }, { 3.36389, 18.48669, -0.00003 }, { 3.36389, 12.47284, -0.00000 }, { 3.36389, 12.47284, -0.00000 }, },
			},
		},
	},
	["layout_1"] = {
		models = {
			["asset/commercial/all_eras/era_b_com_wall.mdl"] = {
				{ -1.00000, 0.00000, 0.00000, 0.00000, -0.00000, -1.00000, 0.00000, 0.00000, 0.00000, 0.00000, 1.00000, 0.00000, -10.50000, 31.85005, 0.00000, 1.00000, },
				{ -1.00000, 0.00000, 0.00000, 0.00000, -0.00000, -1.00000, 0.00000, 0.00000, 0.00000, 0.00000, 1.00000, 0.00000, -7.50000, 31.85005, 0.00000, 1.00000, },
				{ -1.00000, 0.00000, 0.00000, 0.00000, -0.00000, -1.00000, 0.00000, 0.00000, 0.00000, 0.00000, 1.00000, 0.00000, -4.50000, 31.85005, 0.00000, 1.00000, },
				{ -1.00000, 0.00000, 0.00000, 0.00000, -0.00000, -1.00000, 0.00000, 0.00000, 0.00000, 0.00000, 1.00000, 0.00000, -1.50000, 31.85005, 0.00000, 1.00000, },
				{ -1.00000, 0.00000, 0.00000, 0.00000, -0.00000, -1.00000, -0.00000, 0.00000, 0.00000, -0.00000, 1.00000, 0.00000, 1.50000, 31.85005, 0.00000, 1.00000, },
				{ -1.00000, 0.00000, 0.00000, 0.00000, -0.00000, -1.00000, -0.00000, 0.00000, 0.00000, -0.00000, 1.00000, 0.00000, 4.50000, 31.85005, 0.00000, 1.00000, },
				{ -1.00000, 0.00000, 0.00000, 0.00000, -0.00000, -1.00000, -0.00000, 0.00000, 0.00000, -0.00000, 1.00000, 0.00000, 7.50000, 31.85005, 0.00000, 1.00000, },
				{ -1.00000, 0.00000, 0.00000, 0.00000, -0.00000, -1.00000, -0.00000, 0.00000, 0.00000, -0.00000, 1.00000, 0.00000, 10.50000, 31.85005, 0.00000, 1.00000, },
				{ -1.34085, 0.00000, 0.00000, 0.00000, -0.00000, -1.00000, -0.00000, 0.00000, 0.00000, -0.00000, 1.00000, 0.00000, 9.98851, 10.55000, 0.00000, 1.00000, },
				{ -0.00000, -1.00000, 0.00000, 0.00000, 1.00000, -0.00000, -0.00000, 0.00000, 0.00000, -0.00000, 1.00000, 0.00000, 11.85000, 12.20100, 0.00000, 1.00000, },
				{ -0.00000, -1.00000, 0.00000, 0.00000, 1.00000, -0.00000, -0.00000, 0.00000, 0.00000, -0.00000, 1.00000, 0.00000, 11.85001, 15.20100, 0.00000, 1.00000, },
				{ -0.00000, -1.00000, 0.00000, 0.00000, 1.00000, -0.00000, -0.00000, 0.00000, 0.00000, -0.00000, 1.00000, 0.00000, 11.85001, 18.20100, 0.00000, 1.00000, },
				{ -0.00000, -1.00000, 0.00000, 0.00000, 1.00000, -0.00000, -0.00000, 0.00000, 0.00000, -0.00000, 1.00000, 0.00000, 11.85001, 21.20100, 0.00000, 1.00000, },
				{ -0.00000, -1.00000, 0.00000, 0.00000, 1.00000, -0.00000, -0.00000, 0.00000, 0.00000, -0.00000, 1.00000, 0.00000, 11.85001, 24.20100, 0.00000, 1.00000, },
				{ 0.80000, 0.00000, 0.00000, 0.00000, 0.00000, 1.00000, 0.00000, 0.00000, 0.00000, 0.00000, 1.00000, 0.00000, -10.80000, 3.45000, 0.00000, 1.00000, align = { -10.80000, 1.80000 }, },
				{ -0.00000, 1.00000, 0.00000, 0.00000, -1.00000, -0.00000, 0.00000, 0.00000, 0.00000, 0.00000, 1.00000, 0.00000, -9.75000, 1.80000, 0.00000, 1.00000, align = { -10.80000, 1.80000 }, },
				{ 0.80000, 0.00000, 0.00000, 0.00000, 0.00000, 1.00000, 0.00000, 0.00000, 0.00000, 0.00000, 1.00000, 0.00000, -10.80000, 0.15000, 0.00000, 1.00000, align = { -10.80000, 1.80000 }, },
				{ -0.00000, 1.00000, 0.00000, 0.00000, -1.00000, -0.00000, 0.00000, 0.00000, 0.00000, 0.00000, 1.00000, 0.00000, -11.85000, 1.80000, 0.00000, 1.00000, align = { -10.80000, 1.80000 }, },
				{ 0.80000, 0.00000, 0.00000, 0.00000, 0.00000, 1.00000, 0.00000, 0.00000, -0.00000, 0.00000, 1.00000, 0.00000, -10.80000, 28.50000, 0.00000, 1.00000, align = { -10.80000, 23.85000 }, },
				{ -0.00000, 1.00000, 0.00000, 0.00000, -1.00000, -0.00000, -0.00000, 0.00000, 0.00000, -0.00000, 1.00000, 0.00000, -9.75000, 23.85000, -0.00000, 1.00000, align = { -10.80000, 23.85000 }, },
				{ -0.00000, 1.00000, 0.00000, 0.00000, -1.00000, -0.00000, -0.00000, 0.00000, 0.00000, -0.00000, 1.00000, 0.00000, -9.75000, 26.85000, 0.00000, 1.00000, align = { -10.80000, 23.85000 }, },
				{ 0.80000, 0.00000, 0.00000, 0.00000, 0.00000, 1.00000, 0.00000, 0.00000, -0.00000, 0.00000, 1.00000, 0.00000, -10.80000, 22.20000, -0.00000, 1.00000, align = { -10.80000, 23.85000 }, },
				{ -0.00000, 1.00000, 0.00000, 0.00000, -1.00000, -0.00000, -0.00000, 0.00000, 0.00000, -0.00000, 1.00000, 0.00000, -11.85000, 23.85000, -0.00000, 1.00000, align = { -10.80000, 23.85000 }, },
				{ -0.00000, 1.00000, 0.00000, 0.00000, -1.00000, -0.00000, -0.00000, 0.00000, 0.00000, -0.00000, 1.00000, 0.00000, -11.85000, 26.85000, 0.00000, 1.00000, align = { -10.80000, 23.85000 }, },
			},
			["asset/ground/garden_bench_wood_01.mdl"] = {
				{ 0.00000, 1.00000, 0.00000, 0.00000, -1.00000, 0.00000, 0.00000, 0.00000, -0.00000, -0.00000, 1.00000, 0.00000, -9.11000, 23.44000, -0.00000, 1.00000, },
				{ 0.00000, 1.00000, 0.00000, 0.00000, -1.00000, 0.00000, 0.00000, 0.00000, -0.00000, -0.00000, 1.00000, 0.00000, 8.50000, 7.99000, -0.00000, 1.00000, },
				{ 0.00000, 1.00000, 0.00000, 0.00000, -1.00000, 0.00000, 0.00000, 0.00000, -0.00000, -0.00000, 1.00000, 0.00000, -9.11000, 27.28000, 0.00000, 1.00000, },
				{ 1.00000, -0.00000, 0.00000, 0.00000, 0.00000, 1.00000, 0.00000, 0.00000, -0.00000, -0.00000, 1.00000, 0.00000, 10.38000, 9.93000, 0.00000, 1.00000, },
			},
			["asset/ground/garden_chair_plastic_01.mdl"] = {
				{ 0.94088, 0.33874, 0.00000, 0.00000, -0.33874, 0.94088, 0.00000, 0.00000, 0.00000, 0.00000, 1.00000, 0.00000, -4.98297, 3.13557, 25.59998, 1.00000, align = { 0.00000, 0.00000 }, ignore = { 3, 30 }, },
				{ 0.92978, 0.36812, 0.00000, 0.00000, -0.36812, 0.92978, 0.00000, 0.00000, 0.00000, 0.00000, 1.00000, 0.00000, -5.13910, 3.38984, 43.59998, 1.00000, align = { 0.00000, 0.00000 }, ignore = { 4, 30 }, },
				{ 0.87965, 0.47562, 0.00000, 0.00000, -0.47562, 0.87965, 0.00000, 0.00000, 0.00000, 0.00000, 1.00000, 0.00000, 0.30532, 3.42217, 40.59998, 1.00000, align = { 0.00000, 0.00000 }, ignore = { 5, 30 }, },
				{ 0.87965, 0.47562, 0.00000, 0.00000, -0.47562, 0.87965, 0.00000, 0.00000, 0.00000, 0.00000, 1.00000, 0.00000, -4.08662, 3.16752, 25.59998, 1.00000, align = { 0.00000, 0.00000 }, ignore = { 6, 30 }, },
				{ 0.91914, -0.39394, 0.00000, 0.00000, 0.39394, 0.91914, 0.00000, 0.00000, 0.00000, 0.00000, 1.00000, 0.00000, 2.07412, 3.12006, 28.59998, 1.00000, align = { 0.00000, 0.00000 }, ignore = { 7, 30 }, },
				{ 0.91914, -0.39394, 0.00000, 0.00000, 0.39394, 0.91914, 0.00000, 0.00000, 0.00000, 0.00000, 1.00000, 0.00000, -4.05717, 3.29276, 31.59998, 1.00000, align = { 0.00000, 0.00000 }, ignore = { 8, 30 }, },
				{ 0.95931, -0.28234, 0.00000, 0.00000, 0.28234, 0.95931, 0.00000, 0.00000, 0.00000, 0.00000, 1.00000, 0.00000, 1.83644, 3.29482, 22.59998, 1.00000, align = { 0.00000, 0.00000 }, ignore = { 9, 30 }, },
			},
			["asset/industry/cardboard_box_01.mdl"] = {
				{ -0.99635, 0.08542, -0.00000, 0.00000, -0.08542, -0.99635, 0.00000, 0.00000, -0.00000, 0.00000, 1.00000, 0.00000, 6.10500, 14.94000, 0.00000, 1.00000, ignore = { 26, 50 }, },
				{ -0.99470, -0.10279, -0.00000, 0.00000, 0.10279, -0.99470, 0.00000, 0.00000, -0.00000, 0.00000, 1.00000, 0.00000, 5.40500, 14.59000, 0.00000, 1.00000, ignore = { 26, 50 }, },
				{ -0.37622, -0.92653, -0.00000, 0.00000, 0.92653, -0.37622, 0.00000, 0.00000, -0.00000, 0.00000, 1.00000, 0.00000, 4.32500, 13.29000, 0.00000, 1.00000, ignore = { 26, 50 }, },
				{ -0.99276, 0.12014, -0.00000, 0.00000, -0.12014, -0.99276, 0.00000, 0.00000, -0.00000, 0.00000, 1.00000, 0.00000, 5.40500, 15.55000, 0.00000, 1.00000, ignore = { 26, 50 }, },
				{ -0.13226, -0.99122, 0.00000, 0.00000, 0.99122, -0.13226, 0.00000, 0.00000, 0.00000, 0.00000, 1.00000, 0.00000, 5.76091, 14.81423, 0.50694, 1.00000, ignore = { 26, 50 }, },
				{ 0.08368, -0.99649, 0.00000, 0.00000, 0.99649, 0.08368, 0.00000, 0.00000, 0.00000, 0.00000, 1.00000, 0.00000, 5.89091, 15.51424, 0.50694, 1.00000, ignore = { 26, 50 }, },
			},
			["asset/vegetation/hedge_3m.mdl"] = {
				{ -1.00000, 0.00000, -0.00000, 0.00000, -0.00000, -1.00000, -0.00000, 0.00000, -0.00000, 0.00000, 1.00000, 0.00000, 11.15725, 18.30971, 0.00000, 1.00000, },
				{ -1.00000, 0.00000, -0.00000, 0.00000, -0.00000, -1.00000, -0.00000, 0.00000, -0.00000, 0.00000, 1.00000, 0.00000, 11.15725, 15.60971, 0.00000, 1.00000, },
				{ -1.00000, 0.00000, -0.00000, 0.00000, -0.00000, -1.00000, -0.00000, 0.00000, -0.00000, 0.00000, 1.00000, 0.00000, 11.15725, 23.80971, 0.00000, 1.00000, },
				{ -1.00000, 0.00000, -0.00000, 0.00000, -0.00000, -1.00000, -0.00000, 0.00000, -0.00000, 0.00000, 1.00000, 0.00000, 11.15725, 12.60971, 0.00000, 1.00000, },
				{ -1.00000, 0.00000, -0.00000, 0.00000, -0.00000, -1.00000, -0.00000, 0.00000, -0.00000, 0.00000, 1.00000, 0.00000, 11.15725, 21.20971, 0.00000, 1.00000, },
				{ 0.00000, 1.00000, -0.00000, 0.00000, -1.00000, 0.00000, -0.00000, 0.00000, -0.00000, 0.00000, 1.00000, 0.00000, 9.75929, 11.17383, 0.00000, 1.00000, },
			},
			["station/rail/asset/era_a_street_pillar.mdl"] = {
				{ 1.00000, 0.00000, 0.00000, 0.00000, 0.00000, 1.00000, 0.00000, 0.00000, 0.00000, 0.00000, 1.00000, 0.00000, -8.00000, 1.00000, 0.00000, 1.00000, },
				{ 1.00000, 0.00000, 0.00000, 0.00000, 0.00000, 1.00000, 0.00000, 0.00000, 0.00000, 0.00000, 1.00000, 0.00000, -6.00000, 1.00000, 0.00000, 1.00000, },
				{ 1.00000, 0.00000, 0.00000, 0.00000, 0.00000, 1.00000, 0.00000, 0.00000, 0.00000, 0.00000, 1.00000, 0.00000, -4.00000, 1.00000, 0.00000, 1.00000, },
				{ 1.00000, 0.00000, 0.00000, 0.00000, 0.00000, 1.00000, 0.00000, 0.00000, 0.00000, 0.00000, 1.00000, 0.00000, -2.00000, 1.00000, 0.00000, 1.00000, },
				{ 1.00000, 0.00000, 0.00000, 0.00000, 0.00000, 1.00000, 0.00000, 0.00000, 0.00000, 0.00000, 1.00000, 0.00000, 0.00000, 1.00000, 0.00000, 1.00000, },
				{ 1.00000, 0.00000, 0.00000, 0.00000, 0.00000, 1.00000, 0.00000, 0.00000, 0.00000, 0.00000, 1.00000, 0.00000, 2.00000, 1.00000, 0.00000, 1.00000, },
				{ 1.00000, 0.00000, 0.00000, 0.00000, 0.00000, 1.00000, 0.00000, 0.00000, 0.00000, 0.00000, 1.00000, 0.00000, 4.00000, 1.00000, 0.00000, 1.00000, },
				{ 1.00000, 0.00000, 0.00000, 0.00000, 0.00000, 1.00000, 0.00000, 0.00000, 0.00000, 0.00000, 1.00000, 0.00000, 6.00000, 1.00000, 0.00000, 1.00000, },
				{ 1.00000, 0.00000, 0.00000, 0.00000, 0.00000, 1.00000, 0.00000, 0.00000, 0.00000, 0.00000, 1.00000, 0.00000, 8.00000, 1.00000, 0.00000, 1.00000, },
				{ 1.00000, 0.00000, 0.00000, 0.00000, 0.00000, 1.00000, 0.00000, 0.00000, 0.00000, 0.00000, 1.00000, 0.00000, 10.00000, 1.00000, 0.00000, 1.00000, },
			},
			["street/street_asset_mix/trash_standing_a.mdl"] = {
				{ 1.00000, 0.00000, 0.00000, 0.00000, 0.00000, 1.00000, 0.00000, 0.00000, 0.00000, 0.00000, 1.00000, 0.00000, 1.78000, 5.45000, 0.00000, 1.00000, },
				{ 1.00000, 0.00000, 0.00000, 0.00000, 0.00000, 1.00000, 0.00000, 0.00000, 0.00000, 0.00000, 1.00000, 0.00000, 5.75000, 3.94000, 0.00000, 1.00000, },
				{ 1.00000, 0.00000, 0.00000, 0.00000, 0.00000, 1.00000, 0.00000, 0.00000, 0.00000, 0.00000, 1.00000, 0.00000, -1.78000, 5.45000, 0.00000, 1.00000, },
				{ 1.00000, 0.00000, 0.00000, 0.00000, 0.00000, 1.00000, 0.00000, 0.00000, 0.00000, 0.00000, 1.00000, 0.00000, -9.13000, 25.36000, 0.00000, 1.00000, },
				{ 1.00000, 0.00000, 0.00000, 0.00000, 0.00000, 1.00000, 0.00000, 0.00000, 0.00000, 0.00000, 1.00000, 0.00000, 8.48000, 9.91000, 0.00000, 1.00000, },
			},
			["street/street_light_us_a.mdl"] = {
				{ 0.00000, 1.00000, 0.00000, 0.00000, -1.00000, 0.00000, 0.00000, 0.00000, 0.00000, 0.00000, 1.00000, 0.00000, -7.20001, 30.90000, 0.00000, 1.00000, },
				{ 0.00000, 1.00000, 0.00000, 0.00000, -1.00000, 0.00000, 0.00000, 0.00000, 0.00000, 0.00000, 1.00000, 0.00000, -2.39999, 30.90000, 0.00000, 1.00000, },
				{ 0.00000, 1.00000, 0.00000, 0.00000, -1.00000, 0.00000, 0.00000, 0.00000, 0.00000, 0.00000, 1.00000, 0.00000, 2.39999, 30.90000, 0.00000, 1.00000, },
				{ 0.00000, 1.00000, 0.00000, 0.00000, -1.00000, 0.00000, 0.00000, 0.00000, 0.00000, 0.00000, 1.00000, 0.00000, 7.20001, 30.90000, 0.00000, 1.00000, },
			},
		},
		groups = {
			["era_a_garden_chair.grp"] = {
				{ 0.56497, 0.82511, 0.00000, 0.00000, -0.82511, 0.56497, 0.00000, 0.00000, 0.00000, 0.00000, 1.00000, 0.00000, -5.06008, 3.99154, 37.59998, 1.00000, align = { 0.00000, 0.00000 }, seed = 456, ignore = { 10, 20 }, },
				{ -0.66393, -0.74780, -0.00000, 0.00000, 0.74780, -0.66393, 0.00000, 0.00000, -0.00000, 0.00000, 1.00000, 0.00000, -4.07157, 3.22638, 37.59998, 1.00000, align = { 0.00000, 0.00000 }, seed = 456, ignore = { 11, 20 }, },
				{ 0.58779, 0.80902, 0.00000, 0.00000, -0.80902, 0.58779, 0.00000, 0.00000, 0.00000, 0.00000, 1.00000, 0.00000, 0.48805, 3.99791, 31.59998, 1.00000, align = { 0.00000, 0.00000 }, seed = 45, ignore = { 12, 20 }, },
				{ -0.80902, 0.58779, 0.00000, 0.00000, -0.58779, -0.80902, 0.00000, 0.00000, 0.00000, 0.00000, 1.00000, 0.00000, 0.47022, 3.10165, 31.59998, 1.00000, align = { 0.00000, 0.00000 }, seed = 45, ignore = { 13, 20 }, },
				{ -0.68455, -0.72897, -0.00000, 0.00000, 0.72897, -0.68455, 0.00000, 0.00000, -0.00000, 0.00000, 1.00000, 0.00000, 1.45481, 3.20545, 31.59998, 1.00000, align = { 0.00000, 0.00000 }, seed = 45, ignore = { 14, 20 }, },
				{ 0.97196, 0.23514, 0.00000, 0.00000, -0.23514, 0.97196, 0.00000, 0.00000, 0.00000, 0.00000, 1.00000, 0.00000, 0.20938, 3.05921, 13.59998, 1.00000, align = { 0.00000, 0.00000 }, seed = 456, ignore = { 15, 20 }, },
				{ 0.95424, -0.29904, 0.00000, 0.00000, 0.29904, 0.95424, 0.00000, 0.00000, -0.00000, -0.00000, 1.00000, 0.00000, 1.84259, 3.15259, 13.59999, 1.00000, align = { 0.00000, 0.00000 }, seed = 456, ignore = { 16, 20 }, },
				{ -0.06627, 0.99780, 0.00000, 0.00000, -0.99780, -0.06627, 0.00000, 0.00000, 0.00000, 0.00000, 1.00000, 0.00000, -5.26682, 2.82416, 16.59998, 1.00000, align = { 0.00000, 0.00000 }, seed = 15, ignore = { 17, 20 }, },
				{ -0.05931, -0.99824, -0.00000, 0.00000, 0.99824, -0.05931, 0.00000, 0.00000, -0.00000, 0.00000, 1.00000, 0.00000, -4.01682, 2.83416, 16.59998, 1.00000, align = { 0.00000, 0.00000 }, seed = 15, ignore = { 18, 20 }, },
			},
			["era_b_advertisement.grp"] = {
				{ -1.00000, 0.00000, 0.00000, 0.00000, -0.00000, -1.00000, 0.00000, 0.00000, 0.00000, 0.00000, 1.00000, 0.00000, -0.12456, 26.46315, 7.69999, 1.00000, align = { 0.00000, 0.00000 }, seed = 128, },
			},
			["era_b_awning_shops_end.grp"] = {
				{ 1.00000, 0.00000, 0.00000, 0.00000, 0.00000, 1.00000, 0.00000, 0.00000, 0.00000, 0.00000, 1.00000, 0.00000, 3.28064, 1.84000, 2.84000, 1.00000, align = { 0.00000, 0.00000 }, seed = 128, },
				{ -0.00000, -1.00000, 0.00000, 0.00000, 1.00000, -0.00000, 0.00000, 0.00000, 0.00000, 0.00000, 1.00000, 0.00000, -7.68936, 4.27000, 2.84000, 1.00000, align = { 0.00000, 0.00000 }, seed = 128, },
				{ -0.00000, -1.00000, 0.00000, 0.00000, 1.00000, -0.00000, 0.00000, 0.00000, 0.00000, 0.00000, 1.00000, 0.00000, -7.68936, 10.28000, 2.84000, 1.00000, align = { 0.00000, 0.00000 }, seed = 128, },
				{ 1.00000, 0.00000, 0.00000, 0.00000, 0.00000, 1.00000, 0.00000, 0.00000, 0.00000, 0.00000, 1.00000, 0.00000, -2.71936, 1.84000, 2.84000, 1.00000, align = { 0.00000, 0.00000 }, seed = 128, },
			},
			["era_b_awning_shops_repeat.grp"] = {
				{ 1.00000, 0.00000, 0.00000, 0.00000, 0.00000, 1.00000, 0.00000, 0.00000, 0.00000, 0.00000, 1.00000, 0.00000, 3.28064, 1.84000, 2.84000, 1.00000, align = { 0.00000, 0.00000 }, seed = 128, },
				{ -0.00000, -1.00000, 0.00000, 0.00000, 1.00000, -0.00000, 0.00000, 0.00000, 0.00000, 0.00000, 1.00000, 0.00000, -7.68936, 4.27000, 2.84000, 1.00000, align = { 0.00000, 0.00000 }, seed = 128, },
				{ -0.00000, -1.00000, 0.00000, 0.00000, 1.00000, -0.00000, 0.00000, 0.00000, 0.00000, 0.00000, 1.00000, 0.00000, -7.68936, 10.28000, 2.84000, 1.00000, align = { 0.00000, 0.00000 }, seed = 128, },
				{ 1.00000, 0.00000, 0.00000, 0.00000, 0.00000, 1.00000, 0.00000, 0.00000, 0.00000, 0.00000, 1.00000, 0.00000, -2.71936, 1.84000, 2.84000, 1.00000, align = { 0.00000, 0.00000 }, seed = 128, },
				{ 1.00000, 0.00000, 0.00000, 0.00000, 0.00000, 1.00000, 0.00000, 0.00000, 0.00000, 0.00000, 1.00000, 0.00000, -5.71936, 1.84000, 2.84000, 1.00000, align = { 0.00000, 0.00000 }, seed = 128, },
			},
			["era_b_awning_shops_start.grp"] = {
				{ 1.00000, 0.00000, 0.00000, 0.00000, 0.00000, 1.00000, 0.00000, 0.00000, 0.00000, 0.00000, 1.00000, 0.00000, 3.28064, 1.84000, 2.84000, 1.00000, align = { 0.00000, 0.00000 }, seed = 128, },
				{ -0.00000, -1.00000, 0.00000, 0.00000, 1.00000, -0.00000, 0.00000, 0.00000, 0.00000, 0.00000, 1.00000, 0.00000, -7.68936, 4.27000, 2.84000, 1.00000, align = { 0.00000, 0.00000 }, seed = 128, },
				{ -0.00000, -1.00000, 0.00000, 0.00000, 1.00000, -0.00000, 0.00000, 0.00000, 0.00000, 0.00000, 1.00000, 0.00000, -7.68936, 10.28000, 2.84000, 1.00000, align = { 0.00000, 0.00000 }, seed = 128, },
				{ 1.00000, 0.00000, 0.00000, 0.00000, 0.00000, 1.00000, 0.00000, 0.00000, 0.00000, 0.00000, 1.00000, 0.00000, -5.71936, 1.84000, 2.84000, 1.00000, align = { 0.00000, 0.00000 }, seed = 128, },
			},
			["era_b_garbage_container.grp"] = {
				{ -0.02792, 0.99961, 0.00000, 0.00000, -0.99961, -0.02792, 0.00000, 0.00000, 0.00000, 0.00000, 1.00000, 0.00000, 4.22000, 15.37000, 0.00000, 1.00000, },
				{ -0.99956, -0.02967, 0.00000, 0.00000, 0.02967, -0.99956, 0.00000, 0.00000, 0.00000, 0.00000, 1.00000, 0.00000, 6.33000, 13.32000, 0.00000, 1.00000, },
			},
			["era_b_general_store_sign_big.grp"] = {
				{ 1.02375, 0.00000, 0.00000, 0.00000, 0.00000, 1.02375, 0.00000, 0.00000, 0.00000, 0.00000, 1.02375, 0.00000, -1.21936, 1.97523, 3.73790, 1.00000, align = { 0.00000, 0.00000 }, seed = 128, },
				{ -0.00000, -1.02375, 0.00000, 0.00000, 1.02375, -0.00000, 0.00000, 0.00000, 0.00000, 0.00000, 1.02375, 0.00000, -7.51282, 7.27243, 3.73790, 1.00000, align = { 0.00000, 0.00000 }, seed = 128, },
			},
			["era_b_general_store_sign_small.grp"] = {
				{ 0.69870, 0.00000, 0.00000, 0.00000, 0.00000, 0.69870, 0.00000, 0.00000, 0.00000, 0.00000, 0.69870, 0.00000, -2.80335, 3.86088, 3.54051, 1.00000, align = { 0.00000, 0.00000 }, seed = 128, },
			},
			["era_b_general_store_wall_sign_big.grp"] = {
				{ 1.00000, 0.00000, 0.00000, 0.00000, 0.00000, 1.00000, 0.00000, 0.00000, 0.00000, 0.00000, 1.00000, 0.00000, 4.08057, 2.00938, 7.09206, 1.00000, align = { 0.00000, 0.00000 }, seed = 128, },
			},
			["era_b_sunshade_small.grp"] = {
				{ -0.63384, 0.55881, 0.00000, 0.00000, -0.55881, -0.63384, 0.00000, 0.00000, 0.00000, 0.00000, 0.84500, 0.00000, 1.07002, 2.97181, 13.59998, 1.00000, align = { 0.00000, 0.00000 }, ignore = { 2, 50 }, },
				{ -0.63384, 0.55881, 0.00000, 0.00000, -0.55881, -0.63384, 0.00000, 0.00000, 0.00000, 0.00000, 0.84500, 0.00000, -4.56980, 2.59915, 31.59998, 1.00000, align = { 0.00000, 0.00000 }, ignore = { 19, 50 }, },
				{ -0.77195, -0.34369, 0.00000, 0.00000, 0.34369, -0.77195, 0.00000, 0.00000, 0.00000, 0.00000, 0.84500, 0.00000, 1.38273, 2.55818, 40.59998, 1.00000, align = { 0.00000, 0.00000 }, ignore = { 20, 50 }, },
				{ -0.63384, 0.55881, 0.00000, 0.00000, -0.55881, -0.63384, 0.00000, 0.00000, 0.00000, 0.00000, 0.84500, 0.00000, 0.97443, 2.95272, 22.59998, 1.00000, align = { 0.00000, 0.00000 }, ignore = { 21, 50 }, },
				{ -0.72582, -0.43268, 0.00000, 0.00000, 0.43268, -0.72582, 0.00000, 0.00000, 0.00000, 0.00000, 0.84500, 0.00000, -4.48416, 2.64671, 10.59998, 1.00000, align = { 0.00000, 0.00000 }, ignore = { 22, 50 }, },
				{ -0.79404, -0.28901, 0.00000, 0.00000, 0.28901, -0.79404, 0.00000, 0.00000, 0.00000, 0.00000, 0.84500, 0.00000, 1.42173, 3.10637, 28.59998, 1.00000, align = { 0.00000, 0.00000 }, ignore = { 23, 50 }, },
				{ -0.78674, 0.30832, 0.00000, 0.00000, -0.30832, -0.78674, 0.00000, 0.00000, 0.00000, 0.00000, 0.84500, 0.00000, -3.97433, 2.78011, 43.59998, 1.00000, align = { 0.00000, 0.00000 }, ignore = { 24, 50 }, },
				{ -0.75424, -0.38099, 0.00000, 0.00000, 0.38099, -0.75424, 0.00000, 0.00000, 0.00000, 0.00000, 0.84500, 0.00000, -4.46984, 2.57982, 34.59998, 1.00000, align = { 0.00000, 0.00000 }, ignore = { 25, 50 }, },
			},
			["garden_table_round.grp"] = {
				{ 0.78586, -0.61841, 0.00000, 0.00000, 0.61841, 0.78586, 0.00000, 0.00000, 0.00000, 0.00000, 1.00000, 0.00000, -4.55880, 3.60980, 37.59998, 1.00000, align = { 0.00000, 0.00000 }, seed = 456, },
				{ 0.76828, -0.64011, 0.00000, 0.00000, 0.64011, 0.76828, 0.00000, 0.00000, 0.00000, 0.00000, 1.00000, 0.00000, 0.97847, 3.60232, 31.59998, 1.00000, align = { 0.00000, 0.00000 }, seed = 45, },
				{ 0.97113, -0.23853, 0.00000, 0.00000, 0.23853, 0.97113, 0.00000, 0.00000, 0.00000, 0.00000, 1.00000, 0.00000, 1.06598, 2.99200, 13.59998, 1.00000, align = { 0.00000, 0.00000 }, seed = 456, },
				{ 1.00000, 0.00000, 0.00000, 0.00000, 0.00000, 1.00000, 0.00000, 0.00000, 0.00000, 0.00000, 1.00000, 0.00000, -4.63682, 2.83416, 16.59998, 1.00000, align = { 0.00000, 0.00000 }, seed = 15, },
			},
			["random_shrub_town.grp"] = {
				{ -0.66649, -0.21399, 0.00000, 0.00000, 0.21399, -0.66649, 0.00000, 0.00000, 0.00000, 0.00000, 0.70000, 0.00000, -10.82562, 0.83008, 0.00000, 1.00000, align = { -10.80000, 1.80000 }, },
				{ 0.35843, 0.60127, 0.00000, 0.00000, -0.60127, 0.35843, 0.00000, 0.00000, 0.00000, 0.00000, 0.70000, 0.00000, -10.82562, 1.83008, 0.00000, 1.00000, align = { -10.80000, 1.80000 }, },
				{ 0.69884, 0.04029, 0.00000, 0.00000, -0.04029, 0.69884, 0.00000, 0.00000, 0.00000, 0.00000, 0.70000, 0.00000, -10.85562, 2.58008, 0.00000, 1.00000, align = { -10.80000, 1.80000 }, },
				{ 0.17835, -0.67690, 0.00000, 0.00000, 0.67690, 0.17835, 0.00000, 0.00000, -0.00000, 0.00000, 0.70000, 0.00000, -10.82562, 23.20008, -0.00000, 1.00000, align = { -10.80000, 23.85000 }, },
				{ -0.50466, 0.48510, 0.00000, 0.00000, -0.48510, -0.50466, -0.00000, 0.00000, 0.00000, -0.00000, 0.70000, 0.00000, -10.82562, 25.94008, 0.00000, 1.00000, align = { -10.80000, 23.85000 }, },
				{ 0.68313, -0.15274, 0.00000, 0.00000, 0.15274, 0.68313, 0.00000, 0.00000, -0.00000, 0.00000, 0.70000, 0.00000, -10.82562, 23.88008, 0.00000, 1.00000, align = { -10.80000, 23.85000 }, },
				{ -0.69977, -0.01779, 0.00000, 0.00000, 0.01779, -0.69977, 0.00000, 0.00000, 0.00000, 0.00000, 0.70000, 0.00000, -10.82562, 26.94008, 0.00000, 1.00000, align = { -10.80000, 23.85000 }, },
				{ 0.20997, 0.66777, 0.00000, 0.00000, -0.66777, 0.20997, -0.00000, 0.00000, -0.00000, -0.00000, 0.70000, 0.00000, -10.85562, 25.09008, 0.00000, 1.00000, align = { -10.80000, 23.85000 }, },
				{ 0.41276, 0.56536, 0.00000, 0.00000, -0.56536, 0.41276, -0.00000, 0.00000, -0.00000, -0.00000, 0.70000, 0.00000, -10.85562, 27.69008, 0.00000, 1.00000, align = { -10.80000, 23.85000 }, },
			},
		},
	},
}
--End Generated

function data()
	return townbuildingutil.make_building2(
		{ { -4.60, -0.10 }, { 4.60, -0.10 }, { 4.60, 9.10 }, { -4.60, 9.10 } },
		"COMMERCIAL", 
		"B", 
		3,
		{ 3, 4 },
		generatedData,
		"construction/building/era_b/com_3_3x4_04.gtex"
	)
end
