local townbuildingutil = require "townbuildingutil"

--Model file: "building/era_b/com_1_3x3_02.mdl"

--Begin Generated
local generatedData = {
	["base"] = {
		models = {
			["building/era_b/com_1_3x3_02.mdl"] = {
				{ 1.00000, 0.00000, 0.00000, 0.00000, 0.00000, 1.00000, 0.00000, 0.00000, 0.00000, 0.00000, 1.00000, 0.00000, 0.00000, 2.50000, 0.00000, 1.00000, },
			},
		},
		curves = {
			["scaffold"] = {
				{ { 5.06509, 4.32706, 0.00000 }, { 5.06509, 4.32706, 0.00000 }, { 5.05835, 13.16372, 0.00000 }, { 5.05835, 13.16372, 0.00000 }, { 5.05835, 13.16372, 0.00000 }, { -7.78224, 13.17123, 0.00000 }, { -7.78224, 13.17123, 0.00000 }, { -7.78224, 13.17123, 0.00000 }, { -7.78224, 11.24500, 0.00000 }, { -7.78224, 11.24500, 0.00000 }, { -7.78224, 11.24500, 0.00000 }, { -8.73486, 11.24500, 0.00000 }, { -8.73486, 11.24500, 0.00000 }, { -8.73486, 11.24500, 0.00000 }, { -8.73486, 8.42088, 0.00000 }, { -8.73486, 8.42088, 0.00000 }, { -8.73486, 8.42088, 0.00000 }, { -7.78224, 8.42088, 0.00000 }, { -7.78224, 8.42088, 0.00000 }, { -7.78224, 8.42088, 0.00000 }, { -7.78224, 4.32700, 0.00000 }, { -7.78224, 4.32700, 0.00000 }, },
			},
			["shared/asphalt_02.gtex.lua;shared/dirt.gtex.lua"] = {
				{ { 12.00000, 0.00000, 0.00000 }, { 12.00000, 0.00000, 0.00000 }, { 12.00000, 9.00000, 0.00000 }, { 12.00000, 9.00000, 0.00000 }, { 12.00000, 9.00000, 0.00000 }, { 8.50000, 9.00000, 0.00000 }, { 8.50000, 9.00000, 0.00000 }, { 8.50000, 9.00000, 0.00000 }, { 8.50000, 18.10000, 0.00000 }, { 8.50000, 18.10000, 0.00000 }, { 8.50000, 18.10000, 0.00000 }, { 4.64148, 18.10000, 0.00000 }, { 4.64148, 18.10000, 0.00000 }, { 4.64148, 18.10000, 0.00000 }, { 4.64148, 12.74390, 0.00000 }, { 4.64148, 12.74389, 0.00000 }, { 4.64148, 12.74389, 0.00000 }, { -7.35852, 12.74390, 0.00000 }, { -7.35852, 12.74390, 0.00000 }, { -7.35852, 12.74390, 0.00000 }, { -7.35852, 11.18592, 0.00000 }, { -7.35852, 11.18592, 0.00000 }, { -7.35852, 11.18592, 0.00000 }, { -8.67700, 11.18592, 0.00000 }, { -8.67700, 11.18592, 0.00000 }, { -8.67700, 11.18592, 0.00000 }, { -8.67700, 8.47358, 0.00000 }, { -8.67700, 8.47358, 0.00000 }, { -8.67700, 8.47358, 0.00000 }, { -12.00000, 8.47358, 0.00000 }, { -12.00000, 8.47358, 0.00000 }, { -12.00000, 8.47358, 0.00000 }, { -12.00000, 0.00000, 0.00000 }, { -12.00000, 0.00000, 0.00000 }, },
			},
			["shared/asphalt_03.gtex.lua;shared/dirt.gtex.lua"] = {
				{ { 4.64148, 12.74390, 0.00000 }, { 4.64148, 12.74390, 0.00000 }, { 4.64148, 18.10000, 0.00000 }, { 4.64148, 18.10000, 0.00000 }, { 4.64148, 18.10000, 0.00000 }, { -5.55000, 18.10000, 0.00000 }, { -5.55000, 18.10000, 0.00000 }, { -5.55000, 18.10000, 0.00000 }, { -5.55000, 24.00000, 0.00000 }, { -5.55000, 24.00000, 0.00000 }, { -5.55000, 24.00000, 0.00000 }, { -12.00000, 24.00000, 0.00000 }, { -12.00000, 24.00000, 0.00000 }, { -12.00000, 24.00000, 0.00000 }, { -12.00000, 8.47358, 0.00000 }, { -12.00000, 8.47358, 0.00000 }, { -12.00000, 8.47358, 0.00000 }, { -8.67700, 8.47358, 0.00000 }, { -8.67700, 8.47358, 0.00000 }, { -8.67700, 8.47358, 0.00000 }, { -8.67700, 11.18592, 0.00000 }, { -8.67700, 11.18592, 0.00000 }, { -8.67700, 11.18592, 0.00000 }, { -7.35852, 11.18592, 0.00000 }, { -7.35852, 11.18592, 0.00000 }, { -7.35852, 11.18592, 0.00000 }, { -7.35852, 12.74390, 0.00000 }, { -7.35852, 12.74390, 0.00000 }, },
			},
			["shared/grass_cutted_01.gtex.lua"] = {
				{ { 12.00000, 9.00000, 0.00000 }, { 12.00000, 9.00000, 0.00000 }, { 12.00000, 24.00000, 0.00000 }, { 12.00000, 24.00000, 0.00000 }, { 12.00000, 24.00000, 0.00000 }, { -5.55000, 24.00000, 0.00000 }, { -5.55000, 24.00000, 0.00000 }, { -5.55000, 24.00000, 0.00000 }, { -5.55000, 18.10000, 0.00000 }, { -5.55000, 18.10000, 0.00000 }, { -5.55000, 18.10000, 0.00000 }, { 8.50000, 18.10000, 0.00000 }, { 8.50000, 18.10000, 0.00000 }, { 8.50000, 18.10000, 0.00000 }, { 8.50000, 9.00000, 0.00000 }, { 8.50000, 9.00000, 0.00000 }, },
			},
		},
	},
	["layout_1"] = {
		models = {
			["asset/commercial/all_eras/era_b_com_wall.mdl"] = {
				{ 1.00000, 0.00000, 0.00000, 0.00000, 0.00000, 1.00000, 0.00000, 0.00000, 0.00000, 0.00000, 1.00000, 0.00000, -10.50000, 8.31000, 0.00000, 1.00000, },
				{ 1.00000, 0.00000, 0.00000, 0.00000, 0.00000, 1.00000, 0.00000, 0.00000, 0.00000, 0.00000, 1.00000, 0.00000, -4.20000, 18.15100, 0.00000, 1.00000, },
				{ 1.00000, 0.00000, 0.00000, 0.00000, 0.00000, 1.00000, 0.00000, 0.00000, 0.00000, 0.00000, 1.00000, 0.00000, -7.50000, 8.31000, 0.00000, 1.00000, },
				{ -0.00000, 1.00000, -0.00000, 0.00000, -1.00000, -0.00000, -0.00000, 0.00000, -0.00000, -0.00000, 1.00000, 0.00000, -11.85000, 13.50000, 0.00000, 1.00000, },
				{ -0.00000, 1.00000, -0.00000, 0.00000, -1.00000, -0.00000, -0.00000, 0.00000, -0.00000, -0.00000, 1.00000, 0.00000, 11.85000, 13.50000, 0.00000, 1.00000, },
				{ -0.00000, 1.00000, -0.00000, 0.00000, -1.00000, -0.00000, -0.00000, 0.00000, -0.00000, -0.00000, 1.00000, 0.00000, 11.85000, 10.50000, 0.00000, 1.00000, },
				{ -0.00000, 1.00000, -0.00000, 0.00000, -1.00000, -0.00000, -0.00000, 0.00000, -0.00000, -0.00000, 1.00000, 0.00000, -11.85000, 16.50000, 0.00000, 1.00000, },
				{ -0.00000, 1.00000, -0.00000, 0.00000, -1.00000, -0.00000, -0.00000, 0.00000, -0.00000, -0.00000, 1.00000, 0.00000, 11.85000, 16.50000, 0.00000, 1.00000, },
				{ -0.00000, 1.18087, -0.00000, 0.00000, -1.00000, -0.00000, -0.00000, 0.00000, -0.00000, -0.00000, 1.00000, 0.00000, -11.85000, 10.23000, 0.00000, 1.00000, },
				{ -0.00000, 1.00000, -0.00000, 0.00000, -1.00000, -0.00000, -0.00000, 0.00000, -0.00000, -0.00000, 1.00000, 0.00000, 11.85000, 10.50000, 0.00000, 1.00000, },
				{ -0.00000, 1.00000, -0.00000, 0.00000, -1.00000, -0.00000, -0.00000, 0.00000, -0.00000, -0.00000, 1.00000, 0.00000, -11.85000, 19.50000, 0.00000, 1.00000, },
				{ -0.00000, 1.00000, -0.00000, 0.00000, -1.00000, -0.00000, -0.00000, 0.00000, -0.00000, -0.00000, 1.00000, 0.00000, -5.55000, 19.80100, 0.00000, 1.00000, },
				{ -0.00000, 1.00000, -0.00000, 0.00000, -1.00000, -0.00000, -0.00000, 0.00000, -0.00000, -0.00000, 1.00000, 0.00000, -11.85000, 22.50000, 0.00000, 1.00000, },
				{ -0.00000, 0.90000, -0.00000, 0.00000, -1.00000, -0.00000, -0.00000, 0.00000, -0.00000, -0.00000, 1.00000, 0.00000, -5.55000, 22.65000, 0.00000, 1.00000, },
				{ 1.00000, 0.00000, 0.00000, 0.00000, 0.00000, 1.00000, 0.00000, 0.00000, 0.00000, 0.00000, 1.00000, 0.00000, -1.20001, 18.15100, 0.00000, 1.00000, },
				{ 1.00000, 0.00000, 0.00000, 0.00000, 0.00000, 1.00000, 0.00000, 0.00000, 0.00000, 0.00000, 1.00000, 0.00000, 1.79999, 18.15100, 0.00000, 1.00000, },
				{ 1.00000, 0.00000, 0.00000, 0.00000, 0.00000, 1.00000, 0.00000, 0.00000, 0.00000, 0.00000, 1.00000, 0.00000, 4.79999, 18.15100, 0.00000, 1.00000, },
				{ 1.00000, 0.00000, 0.00000, 0.00000, 0.00000, 1.00000, 0.00000, 0.00000, 0.00000, 0.00000, 1.00000, 0.00000, 7.79999, 18.15100, 0.00000, 1.00000, },
				{ 0.90100, 0.00000, 0.00000, 0.00000, 0.00000, 1.00000, 0.00000, 0.00000, 0.00000, 0.00000, 1.00000, 0.00000, 10.64999, 18.15100, 0.00000, 1.00000, },
				{ 1.00000, 0.00000, 0.00000, 0.00000, 0.00000, 1.00000, 0.00000, 0.00000, 0.00000, 0.00000, 1.00000, 0.00000, 10.20001, 9.15000, 0.00000, 1.00000, },
				{ 0.00000, -0.80000, 0.00000, 0.00000, 1.00000, -0.00000, 0.00000, 0.00000, 0.00000, 0.00000, 1.00000, 0.00000, 11.85000, 1.20000, 0.00000, 1.00000, align = { 7.20000, 1.20000 }, },
				{ 1.00000, 0.00000, 0.00000, 0.00000, -0.00000, 1.00000, 0.00000, 0.00000, 0.00000, 0.00000, 1.00000, 0.00000, 7.20000, 0.15000, 0.00000, 1.00000, align = { 7.20000, 1.20000 }, },
				{ 1.00000, 0.00000, 0.00000, 0.00000, -0.00000, 1.00000, 0.00000, 0.00000, 0.00000, 0.00000, 1.00000, 0.00000, 10.20000, 0.15000, 0.00000, 1.00000, align = { 7.20000, 1.20000 }, },
				{ 0.00000, -0.80000, 0.00000, 0.00000, 1.00000, -0.00000, 0.00000, 0.00000, 0.00000, 0.00000, 1.00000, 0.00000, 5.55000, 1.20000, 0.00000, 1.00000, align = { 7.20000, 1.20000 }, },
				{ 1.00000, 0.00000, 0.00000, 0.00000, -0.00000, 1.00000, 0.00000, 0.00000, 0.00000, 0.00000, 1.00000, 0.00000, 7.20000, 2.25000, 0.00000, 1.00000, align = { 7.20000, 1.20000 }, },
				{ 1.00000, 0.00000, 0.00000, 0.00000, -0.00000, 1.00000, 0.00000, 0.00000, 0.00000, 0.00000, 1.00000, 0.00000, 10.20000, 2.25000, 0.00000, 1.00000, align = { 7.20000, 1.20000 }, },
				{ -0.00000, -0.80000, 0.00000, 0.00000, 1.00000, -0.00000, 0.00000, 0.00000, 0.00000, 0.00000, 1.00000, 0.00000, -8.55000, 1.20000, 0.00000, 1.00000, align = { -10.20000, 1.20000 }, },
				{ 1.00000, 0.00000, 0.00000, 0.00000, 0.00000, 1.00000, 0.00000, 0.00000, 0.00000, 0.00000, 1.00000, 0.00000, -10.20000, 0.15000, 0.00000, 1.00000, align = { -10.20000, 1.20000 }, },
				{ -0.00000, -0.80000, 0.00000, 0.00000, 1.00000, -0.00000, 0.00000, 0.00000, 0.00000, 0.00000, 1.00000, 0.00000, -11.85000, 1.20000, 0.00000, 1.00000, align = { -10.20000, 1.20000 }, },
				{ 1.00000, 0.00000, 0.00000, 0.00000, 0.00000, 1.00000, 0.00000, 0.00000, 0.00000, 0.00000, 1.00000, 0.00000, -10.20000, 2.25000, 0.00000, 1.00000, align = { -10.20000, 1.20000 }, },
			},
			["asset/ground/garden_bench_wood_01.mdl"] = {
				{ -0.00000, 1.00000, 0.00000, 0.00000, -1.00000, -0.00000, 0.00000, 0.00000, 0.00000, 0.00000, 1.00000, 0.00000, -7.80000, 1.19000, 0.00000, 1.00000, },
				{ 0.00000, -1.00000, 0.00000, 0.00000, 1.00000, 0.00000, 0.00000, 0.00000, 0.00000, 0.00000, 1.00000, 0.00000, 4.79000, 1.19000, 0.00000, 1.00000, },
			},
			["asset/ground/garden_chair_plastic_01.mdl"] = {
				{ -0.97030, 0.24192, 0.00000, 0.00000, -0.24192, -0.97030, 0.00000, 0.00000, 0.00000, 0.00000, 1.00000, 0.00000, -2.71255, 14.10584, 0.00000, 1.00000, },
			},
			["asset/ground/garden_table_round_wood_01.mdl"] = {
				{ 0.80902, -0.58779, 0.00000, 0.00000, 0.58779, 0.80902, 0.00000, 0.00000, 0.00000, 0.00000, 1.00000, 0.00000, -1.84255, 14.34584, 0.00000, 1.00000, },
			},
			["asset/industry/cardboard_box_01.mdl"] = {
				{ 0.84805, -0.52992, 0.00000, 0.00000, 0.52992, 0.84805, 0.00000, 0.00000, 0.00000, 0.00000, 1.00000, 0.00000, -10.00000, 12.91000, 0.00000, 1.00000, ignore = { 4, 50 }, },
				{ 0.98769, 0.15643, 0.00000, 0.00000, -0.15643, 0.98769, 0.00000, 0.00000, 0.00000, 0.00000, 1.00000, 0.00000, -9.65000, 14.03000, 0.00000, 1.00000, ignore = { 4, 50 }, },
				{ 0.99990, 0.01396, 0.00000, 0.00000, -0.01396, 0.99990, 0.00000, 0.00000, 0.00000, 0.00000, 1.00000, 0.00000, -10.86000, 12.75000, 0.00000, 1.00000, ignore = { 4, 50 }, },
				{ -0.01396, 0.99990, 0.00000, 0.00000, -0.99990, -0.01396, 0.00000, 0.00000, 0.00000, 0.00000, 1.00000, 0.00000, -10.50000, 12.75000, 0.52000, 1.00000, ignore = { 4, 50 }, },
				{ 0.99990, 0.01396, 0.00000, 0.00000, -0.01396, 0.99990, 0.00000, 0.00000, 0.00000, 0.00000, 1.00000, 0.00000, -10.99000, 14.69000, 0.00000, 1.00000, },
				{ 0.48481, 0.87462, 0.00000, 0.00000, -0.87462, 0.48481, 0.00000, 0.00000, -0.00000, -0.00000, 1.00000, 0.00000, -10.83000, 14.20000, 0.52000, 1.00000, },
				{ 0.84805, -0.52992, 0.00000, 0.00000, 0.52992, 0.84805, 0.00000, 0.00000, 0.00000, 0.00000, 1.00000, 0.00000, -10.47000, 13.95000, 0.00000, 1.00000, },
			},
			["asset/industry/pallet_01.mdl"] = {
				{ 0.06627, -0.99780, 0.00000, 0.00000, 0.99780, 0.06627, 0.00000, 0.00000, 0.00000, 0.00000, 1.00000, 0.00000, 2.49718, 15.35824, 0.00000, 1.00000, ignore = { 3, 25 }, },
			},
			["asset/industry/wooden_box_04.mdl"] = {
				{ 0.99912, -0.04188, 0.00000, 0.00000, 0.04188, 0.99912, 0.00000, 0.00000, 0.00000, 0.00000, 1.00000, 0.00000, -4.45979, 16.88776, 0.00000, 1.00000, ignore = { 2, 50 }, },
				{ 0.99990, 0.01396, 0.00000, 0.00000, -0.01396, 0.99990, 0.00000, 0.00000, 0.00000, 0.00000, 1.00000, 0.00000, -2.54979, 16.86776, 0.00000, 1.00000, ignore = { 2, 50 }, },
			},
			["asset/vegetation/hedge_3m.mdl"] = {
				{ 0.00000, 1.00000, 0.00000, 0.00000, -0.82512, 0.00000, -0.00000, 0.00000, -0.00000, -0.00000, 1.00000, 0.00000, -10.19056, 8.95305, 0.00000, 1.00000, },
				{ -1.00000, 0.00000, 0.00000, 0.00000, -0.00000, -0.86000, -0.00000, 0.00000, 0.00000, -0.00000, 1.00000, 0.00000, 11.18944, 10.94305, 0.00000, 1.00000, },
				{ 0.00000, 1.00000, 0.00000, 0.00000, -0.79550, 0.00000, -0.00000, 0.00000, -0.00000, -0.00000, 1.00000, 0.00000, 10.10944, 9.82305, 0.00000, 1.00000, },
				{ -1.00000, 0.00000, 0.00000, 0.00000, -0.00000, -1.00000, -0.00000, 0.00000, 0.00000, -0.00000, 1.00000, 0.00000, 11.18944, 13.30305, 0.00000, 1.00000, },
				{ -1.00000, 0.00000, 0.00000, 0.00000, -0.00000, -1.00000, -0.00000, 0.00000, 0.00000, -0.00000, 1.00000, 0.00000, 11.18944, 16.10305, 0.00000, 1.00000, },
			},
			["station/rail/asset/cargo_pallet_jack.mdl"] = {
				{ -0.99452, -0.10453, -0.00000, 0.00000, 0.10453, -0.99452, 0.00000, 0.00000, -0.00000, 0.00000, 1.00000, 0.00000, 3.22068, 15.39634, 0.00000, 1.00000, ignore = { 3, 25 }, },
			},
			["street/street_asset_mix/trash_standing_a.mdl"] = {
				{ 1.00000, 0.00000, 0.00000, 0.00000, 0.00000, 1.00000, 0.00000, 0.00000, 0.00000, 0.00000, 1.00000, 0.00000, -8.51000, 7.26000, 0.00000, 1.00000, },
			},
		},
		groups = {
			["era_a_wooden_box.grp"] = {
				{ 0.95732, 0.28903, 0.00000, 0.00000, -0.28903, 0.95732, 0.00000, 0.00000, 0.00000, 0.00000, 1.00000, 0.00000, -10.91000, 17.00000, 0.00000, 1.00000, },
				{ 0.07672, -0.99705, 0.00000, 0.00000, 0.99705, 0.07672, 0.00000, 0.00000, 0.00000, 0.00000, 1.00000, 0.00000, -9.35000, 17.02000, 0.00000, 1.00000, },
				{ -0.12187, -0.99255, 0.00000, 0.00000, 0.99255, -0.12187, 0.00000, 0.00000, 0.00000, 0.00000, 1.00000, 0.00000, -9.82000, 15.79000, 0.00000, 1.00000, },
			},
			["era_a_wooden_box_on.grp"] = {
				{ 0.35184, -0.93606, 0.00000, 0.00000, 0.93606, 0.35184, 0.00000, 0.00000, 0.00000, 0.00000, 1.00000, 0.00000, 2.52213, 15.32542, 0.15000, 1.00000, seed = 256, ignore = { 3, 25 }, },
				{ 0.99897, -0.04536, 0.00000, 0.00000, 0.04536, 0.99897, 0.00000, 0.00000, 0.00000, 0.00000, 1.00000, 0.00000, 2.20000, 13.93000, 0.00000, 1.00000, seed = 256, ignore = { 3, 25 }, },
				{ 0.94322, -0.33216, 0.00000, 0.00000, 0.33216, 0.94322, 0.00000, 0.00000, 0.00000, 0.00000, 1.00000, 0.00000, 2.15673, 13.92991, 0.89113, 1.00000, seed = 256, ignore = { 3, 25 }, },
				{ 1.00000, 0.00000, 0.00000, 0.00000, 0.00000, 1.00000, 0.00000, 0.00000, 0.00000, 0.00000, 1.00000, 0.00000, 3.26000, 13.79000, 0.00000, 1.00000, seed = 256, ignore = { 3, 25 }, },
				{ 0.99897, -0.04536, 0.00000, 0.00000, 0.04536, 0.99897, 0.00000, 0.00000, 0.00000, 0.00000, 1.00000, 0.00000, 1.14000, 15.05000, 0.00000, 1.00000, seed = 278, },
				{ 0.99970, -0.02443, 0.00000, 0.00000, 0.02443, 0.99970, 0.00000, 0.00000, 0.00000, 0.00000, 1.00000, 0.00000, 0.06000, 13.79000, 0.00000, 1.00000, seed = 278, },
				{ 0.99961, 0.02792, 0.00000, 0.00000, -0.02792, 0.99961, 0.00000, 0.00000, 0.00000, 0.00000, 1.00000, 0.00000, 1.14000, 13.79000, 0.00000, 1.00000, seed = 278, },
			},
			["era_b_garbage_container.grp"] = {
				{ -0.03839, 0.99926, 0.00000, 0.00000, -0.99926, -0.03839, 0.00000, 0.00000, 0.00000, 0.00000, 1.00000, 0.00000, -10.60351, 22.25000, -0.00000, 1.00000, },
				{ 0.04536, 0.99897, 0.00000, 0.00000, -0.99897, 0.04536, 0.00000, 0.00000, 0.00000, 0.00000, 1.00000, 0.00000, -10.51351, 19.22000, -0.00000, 1.00000, },
			},
			["era_b_general_store_sign_big.grp"] = {
				{ -0.69247, -0.00000, -0.00000, 0.00000, 0.00000, -0.69247, 0.00000, 0.00000, -0.00000, 0.00000, 0.69247, 0.00000, 0.17555, 12.48867, 3.50174, 1.00000, align = { 0.00000, 2.50000 }, seed = 64, },
			},
			["era_b_general_store_sign_small.grp"] = {
				{ 0.57500, 0.00000, 0.00000, 0.00000, 0.00000, 0.57500, 0.00000, 0.00000, 0.00000, 0.00000, 0.57500, 0.00000, -3.87634, 4.74390, 3.34000, 1.00000, align = { 0.00000, 2.50000 }, seed = 64, },
				{ -0.00000, -0.57500, 0.00000, 0.00000, 0.57500, -0.00000, 0.00000, 0.00000, 0.00000, 0.00000, 0.57500, 0.00000, -7.35634, 6.58890, 3.34000, 1.00000, align = { 0.00000, 2.50000 }, seed = 64, },
				{ 0.57500, 0.00000, 0.00000, 0.00000, 0.00000, 0.57500, 0.00000, 0.00000, 0.00000, 0.00000, 0.57500, 0.00000, -0.36134, 4.74390, 3.34000, 1.00000, align = { 0.00000, 2.50000 }, seed = 64, },
			},
			["era_b_general_store_wall_sign_small.grp"] = {
				{ -0.00000, 1.00000, -0.00000, 0.00000, -1.00000, -0.00000, 0.00000, 0.00000, -0.00000, 0.00000, 1.00000, 0.00000, 4.64148, 12.01375, 3.26050, 1.00000, align = { 0.00000, 2.50000 }, seed = 64, },
				{ 1.00000, 0.00000, 0.00000, 0.00000, 0.00000, 1.00000, 0.00000, 0.00000, 0.00000, 0.00000, 1.00000, 0.00000, 4.01419, 4.74390, 3.26050, 1.00000, align = { 0.00000, 2.50000 }, seed = 64, },
			},
			["random_medium_tree_town.grp"] = {
				{ 0.90983, -0.27332, 0.00000, 0.00000, 0.27332, 0.90983, 0.00000, 0.00000, -0.00000, 0.00000, 0.95000, 0.00000, 8.42788, 21.34700, 0.00000, 1.00000, },
				{ 0.70610, -0.55806, 0.00000, 0.00000, 0.55806, 0.70610, 0.00000, 0.00000, -0.00000, 0.00000, 0.90000, 0.00000, 4.92788, 19.83700, 0.00000, 1.00000, },
				{ 0.76515, 0.64385, 0.00000, 0.00000, -0.64385, 0.76515, 0.00000, 0.00000, -0.00000, -0.00000, 1.00000, 0.00000, 1.69788, 21.81700, 0.00000, 1.00000, },
			},
			["random_shrub_town.grp"] = {
				{ -0.15319, 0.88687, 0.00000, 0.00000, -0.88687, -0.15319, 0.00000, 0.00000, 0.00000, 0.00000, 0.90000, 0.00000, -4.23994, 19.40251, 0.00000, 1.00000, },
				{ -0.08939, -0.89555, 0.00000, 0.00000, 0.89555, -0.08939, 0.00000, 0.00000, 0.00000, 0.00000, 0.90000, 0.00000, -2.81994, 20.24251, 0.00000, 1.00000, },
				{ -0.66461, 0.60687, 0.00000, 0.00000, -0.60687, -0.66461, -0.00000, 0.00000, 0.00000, -0.00000, 0.90000, 0.00000, -4.16001, 22.62674, 0.00000, 1.00000, },
				{ -0.37751, -0.81700, 0.00000, 0.00000, 0.81700, -0.37751, -0.00000, 0.00000, 0.00000, 0.00000, 0.90000, 0.00000, -2.21001, 19.24674, 0.00000, 1.00000, },
				{ -0.17789, 0.88224, 0.00000, 0.00000, -0.88224, -0.17789, -0.00000, 0.00000, -0.00000, -0.00000, 0.90000, 0.00000, -4.39005, 20.74075, 0.00000, 1.00000, },
				{ -0.13458, -0.88988, 0.00000, 0.00000, 0.88988, -0.13458, -0.00000, 0.00000, 0.00000, 0.00000, 0.90000, 0.00000, -0.39005, 19.44076, 0.00000, 1.00000, },
				{ -0.67690, -0.17835, 0.00000, 0.00000, 0.17835, -0.67690, 0.00000, 0.00000, 0.00000, 0.00000, 0.70000, 0.00000, 6.61008, 1.22562, 0.00000, 1.00000, align = { 7.20000, 1.20000 }, },
				{ 0.48510, 0.50466, 0.00000, 0.00000, -0.50466, 0.48510, 0.00000, 0.00000, 0.00000, 0.00000, 0.70000, 0.00000, 9.29008, 1.22562, 0.00000, 1.00000, align = { 7.20000, 1.20000 }, },
				{ -0.15274, -0.68313, 0.00000, 0.00000, 0.68313, -0.15274, 0.00000, 0.00000, 0.00000, 0.00000, 0.70000, 0.00000, 7.61008, 1.22562, 0.00000, 1.00000, align = { 7.20000, 1.20000 }, },
				{ -0.01779, 0.69977, 0.00000, 0.00000, -0.69977, -0.01779, 0.00000, 0.00000, 0.00000, 0.00000, 0.70000, 0.00000, 10.29008, 1.22562, 0.00000, 1.00000, align = { 7.20000, 1.20000 }, },
				{ 0.66777, -0.20997, 0.00000, 0.00000, 0.20997, 0.66777, 0.00000, 0.00000, 0.00000, 0.00000, 0.70000, 0.00000, 8.36008, 1.25562, 0.00000, 1.00000, align = { 7.20000, 1.20000 }, },
				{ 0.56536, -0.41276, 0.00000, 0.00000, 0.41276, 0.56536, 0.00000, 0.00000, 0.00000, 0.00000, 0.70000, 0.00000, 11.04008, 1.25562, 0.00000, 1.00000, align = { 7.20000, 1.20000 }, },
				{ -0.19318, 0.60167, 0.00000, 0.00000, -0.60167, -0.19318, 0.00000, 0.00000, 0.00000, 0.00000, 0.63193, 0.00000, -11.16992, 1.22562, 0.00000, 1.00000, align = { -10.20000, 1.20000 }, },
				{ 0.54280, -0.32357, 0.00000, 0.00000, 0.32357, 0.54280, 0.00000, 0.00000, 0.00000, 0.00000, 0.63193, 0.00000, -10.16992, 1.22562, 0.00000, 1.00000, align = { -10.20000, 1.20000 }, },
				{ 0.03601, -0.62457, 0.00000, 0.00000, 0.62457, 0.03601, 0.00000, 0.00000, 0.00000, 0.00000, 0.62561, 0.00000, -9.41992, 1.25562, 0.00000, 1.00000, align = { -10.20000, 1.20000 }, },
			},
		},
	},
}
--End Generated

function data()
	return townbuildingutil.make_building2(
		{ { -4.60, -0.10 }, { 4.60, -0.10 }, { 4.60, 9.10 }, { -4.60, 9.10 } },
		"COMMERCIAL", 
		"B", 
		1,
		{ 3, 3 },
		generatedData,
		"construction/building/era_b/com_1_3x3_02.gtex"
	)
end
