local townbuildingutil = require "townbuildingutil"

--Model file: "building/era_b/com_2_3x3_02.mdl"

--Begin Generated
local generatedData = {
	["base"] = {
		models = {
			["building/era_b/com_2_3x3_02.mdl"] = {
				{ 1.00000, 0.00000, 0.00000, 0.00000, 0.00000, 1.00000, 0.00000, 0.00000, 0.00000, 0.00000, 1.00000, 0.00000, 0.00000, 1.00000, 0.00000, 1.00000, },
			},
		},
		curves = {
			["scaffold"] = {
				{ { 6.76343, 2.55350, 0.00000 }, { 6.76343, 2.55350, 0.00000 }, { 6.76343, 3.56700, 0.00000 }, { 6.76343, 3.56700, 0.00000 }, { 6.76343, 3.56700, 0.00000 }, { 8.62650, 3.56700, 0.00000 }, { 8.62650, 3.56700, 0.00000 }, { 8.62650, 3.56701, 0.00000 }, { 8.62650, 12.96157, 0.00000 }, { 8.62650, 12.96157, 0.00000 }, { 8.62650, 12.96157, 0.00000 }, { 0.49278, 12.96157, 0.00000 }, { 0.49278, 12.96157, 0.00000 }, { 0.49278, 12.96157, 0.00000 }, { 0.49278, 15.27292, 0.00000 }, { 0.49278, 15.27292, 0.00000 }, { 0.49278, 15.27292, 0.00000 }, { -8.87442, 15.27840, 0.00000 }, { -8.87442, 15.27840, 0.00000 }, { -8.87442, 15.27840, 0.00000 }, { -8.87442, 3.56699, 0.00000 }, { -8.87442, 3.56699, 0.00000 }, { -8.87442, 3.56699, 0.00000 }, { -5.07910, 3.56699, 0.00000 }, { -5.07910, 3.56699, 0.00000 }, { -5.07910, 3.56699, 0.00000 }, { -5.07910, 2.55350, 0.00000 }, { -5.07910, 2.55350, 0.00000 }, { -5.07910, 2.55350, 0.00000 }, { -1.77815, 2.55350, 0.00000 }, { -1.77815, 2.55350, 0.00000 }, { -1.77815, 2.55350, 0.00000 }, { -1.77815, 3.56700, 0.00000 }, { -1.77815, 3.56700, 0.00000 }, { -1.77815, 3.56700, 0.00000 }, { 3.45715, 3.56700, 0.00000 }, { 3.45715, 3.56700, 0.00000 }, { 3.45715, 3.56700, 0.00000 }, { 3.45715, 2.55357, 0.00000 }, { 3.45715, 2.55357, 0.00000 }, },
			},
			["shared/asphalt_02.gtex.lua;shared/dirt.gtex.lua"] = {
				{ { 12.00000, 0.00000, 0.00000 }, { 12.00000, 0.00000, 0.00000 }, { 12.00000, 5.50000, 0.00000 }, { 12.00000, 5.50000, 0.00000 }, { 12.00000, 5.50000, 0.00000 }, { 8.37292, 5.50000, 0.00000 }, { 8.37292, 5.50000, 0.00000 }, { 8.37292, 5.50000, 0.00000 }, { 8.37292, 12.70837, 0.00000 }, { 8.37292, 12.70837, 0.00000 }, { 8.37292, 12.70837, 0.00000 }, { 0.33984, 12.70837, 0.00000 }, { 0.33984, 12.70837, 0.00000 }, { 0.33984, 12.70837, 0.00000 }, { 0.33984, 15.02466, 0.00000 }, { 0.33984, 15.02466, 0.00000 }, { 0.33984, 15.02466, 0.00000 }, { 0.33984, 20.00000, 0.00000 }, { 0.33984, 20.00000, 0.00000 }, { 0.33984, 20.00000, 0.00000 }, { -8.51024, 20.00000, 0.00000 }, { -8.51024, 20.00000, 0.00000 }, { -8.51024, 20.00000, 0.00000 }, { -8.50000, 24.00000, 0.00000 }, { -8.50000, 24.00000, 0.00000 }, { -8.50000, 24.00000, 0.00000 }, { -12.00000, 24.00000, 0.00000 }, { -12.00000, 24.00000, 0.00000 }, { -12.00000, 24.00000, 0.00000 }, { -12.00000, 0.00000, 0.00000 }, { -12.00000, 0.00000, 0.00000 }, },
			},
			["shared/asphalt_03.gtex.lua;shared/dirt.gtex.lua"] = {
				{ { 0.33984, 20.00000, 0.00000 }, { 0.33984, 20.00000, 0.00000 }, { 0.33984, 24.00000, 0.00000 }, { 0.33984, 24.00000, 0.00000 }, { 0.33984, 24.00000, 0.00000 }, { -8.50000, 24.00000, 0.00000 }, { -8.50000, 24.00000, 0.00000 }, { -8.50000, 24.00000, 0.00000 }, { -8.51024, 20.00000, 0.00000 }, { -8.51024, 20.00000, 0.00000 }, },
			},
			["shared/gravel_02.gtex.lua"] = {
				{ { 12.00000, 5.50000, 0.00000 }, { 12.00000, 5.50000, 0.00000 }, { 12.00000, 24.00000, 0.00000 }, { 12.00000, 24.00000, 0.00000 }, { 12.00000, 24.00000, 0.00000 }, { 0.33984, 24.00000, 0.00000 }, { 0.33984, 24.00000, 0.00000 }, { 0.33984, 24.00000, 0.00000 }, { 0.33984, 12.70837, 0.00000 }, { 0.33984, 12.70837, 0.00000 }, { 0.33984, 12.70837, 0.00000 }, { 8.37292, 12.70837, 0.00000 }, { 8.37292, 12.70837, 0.00000 }, { 8.37292, 12.70837, 0.00000 }, { 8.37292, 5.50000, 0.00000 }, { 8.37292, 5.50000, 0.00000 }, },
			},
		},
	},
	["layout_1"] = {
		models = {
			["asset/commercial/all_eras/era_b_com_wall.mdl"] = {
				{ 1.00000, 0.00000, 0.00000, 0.00000, 0.00000, 1.00000, 0.00000, 0.00000, 0.00000, 0.00000, 1.00000, 0.00000, -4.13999, 20.03000, 0.00000, 1.00000, },
				{ 1.00000, 0.00000, 0.00000, 0.00000, 0.00000, 1.00000, 0.00000, 0.00000, 0.00000, 0.00000, 1.00000, 0.00000, -7.13999, 20.03000, 0.00000, 1.00000, },
				{ 1.00000, 0.00000, 0.00000, 0.00000, 0.00000, 1.00000, 0.00000, 0.00000, 0.00000, 0.00000, 1.00000, 0.00000, -1.50001, 23.85000, 0.00000, 1.00000, },
				{ 1.00000, 0.00000, 0.00000, 0.00000, 0.00000, 1.00000, 0.00000, 0.00000, 0.00000, 0.00000, 1.00000, 0.00000, -1.14000, 20.03000, 0.00000, 1.00000, },
				{ 1.00000, 0.00000, 0.00000, 0.00000, 0.00000, 1.00000, 0.00000, 0.00000, 0.00000, 0.00000, 1.00000, 0.00000, 1.49999, 23.85000, 0.00000, 1.00000, },
				{ 1.00000, 0.00000, 0.00000, 0.00000, 0.00000, 1.00000, 0.00000, 0.00000, 0.00000, 0.00000, 1.00000, 0.00000, 4.49999, 23.85000, 0.00000, 1.00000, },
				{ 1.00000, 0.00000, 0.00000, 0.00000, 0.00000, 1.00000, 0.00000, 0.00000, 0.00000, 0.00000, 1.00000, 0.00000, 7.49999, 23.85000, 0.00000, 1.00000, },
				{ 1.00000, 0.00000, 0.00000, 0.00000, 0.00000, 1.00000, 0.00000, 0.00000, 0.00000, 0.00000, 1.00000, 0.00000, 10.49999, 23.85000, 0.00000, 1.00000, },
				{ -0.00000, 1.00000, 0.00000, 0.00000, -1.00000, -0.00000, 0.00000, 0.00000, 0.00000, 0.00000, 1.00000, 0.00000, 11.84999, 7.20001, 0.00000, 1.00000, },
				{ -0.00000, 1.00000, 0.00000, 0.00000, -1.00000, -0.00000, 0.00000, 0.00000, 0.00000, 0.00000, 1.00000, 0.00000, 11.84999, 10.20000, 0.00000, 1.00000, },
				{ -0.00000, 1.00000, 0.00000, 0.00000, -1.00000, -0.00000, 0.00000, 0.00000, 0.00000, 0.00000, 1.00000, 0.00000, 11.84999, 13.20000, 0.00000, 1.00000, },
				{ -0.00000, 1.00000, 0.00000, 0.00000, -1.00000, -0.00000, 0.00000, 0.00000, 0.00000, 0.00000, 1.00000, 0.00000, 11.84999, 16.20000, 0.00000, 1.00000, },
				{ -0.00000, 1.00000, 0.00000, 0.00000, -1.00000, -0.00000, 0.00000, 0.00000, 0.00000, 0.00000, 1.00000, 0.00000, 11.84999, 19.20000, 0.00000, 1.00000, },
				{ -0.00000, 1.00000, 0.00000, 0.00000, -1.00000, -0.00000, 0.00000, 0.00000, 0.00000, 0.00000, 1.00000, 0.00000, 11.84999, 22.20000, 0.00000, 1.00000, },
				{ -0.00000, 1.00000, 0.00000, 0.00000, -1.00000, -0.00000, 0.00000, 0.00000, 0.00000, 0.00000, 1.00000, 0.00000, 0.51000, 7.20001, 0.00000, 1.00000, },
				{ -0.00000, 1.00000, 0.00000, 0.00000, -1.00000, -0.00000, 0.00000, 0.00000, 0.00000, 0.00000, 1.00000, 0.00000, 0.51000, 10.20000, 0.00000, 1.00000, },
				{ -0.00000, 1.00000, 0.00000, 0.00000, -1.00000, -0.00000, 0.00000, 0.00000, 0.00000, 0.00000, 1.00000, 0.00000, 0.51000, 13.20000, 0.00000, 1.00000, },
				{ -0.00000, 1.00000, 0.00000, 0.00000, -1.00000, -0.00000, 0.00000, 0.00000, 0.00000, 0.00000, 1.00000, 0.00000, 0.51000, 16.20000, 0.00000, 1.00000, },
				{ -0.00000, 1.00000, 0.00000, 0.00000, -1.00000, -0.00000, 0.00000, 0.00000, 0.00000, 0.00000, 1.00000, 0.00000, 0.51000, 19.20000, 0.00000, 1.00000, },
				{ -0.00000, 1.00000, 0.00000, 0.00000, -1.00000, -0.00000, 0.00000, 0.00000, 0.00000, 0.00000, 1.00000, 0.00000, 0.51000, 22.20000, 0.00000, 1.00000, },
			},
			["asset/industry/cardboard_box_01.mdl"] = {
				{ -0.02618, -0.99966, -0.00000, 0.00000, 0.99966, -0.02618, 0.00000, 0.00000, -0.00000, 0.00000, 1.00000, 0.00000, -2.14500, 21.36000, 0.00000, 1.00000, },
				{ 0.21985, -0.97553, 0.00000, 0.00000, 0.97553, 0.21985, 0.00000, 0.00000, 0.00000, 0.00000, 1.00000, 0.00000, -2.14500, 20.63000, 0.00000, 1.00000, },
				{ -0.02618, -0.99966, -0.00000, 0.00000, 0.99966, -0.02618, 0.00000, 0.00000, -0.00000, 0.00000, 1.00000, 0.00000, -2.24500, 23.23000, 0.00000, 1.00000, ignore = { 3, 50 }, },
				{ -0.13226, -0.99122, 0.00000, 0.00000, 0.99122, -0.13226, 0.00000, 0.00000, 0.00000, 0.00000, 1.00000, 0.00000, -2.07909, 20.64424, 0.50694, 1.00000, ignore = { 3, 50 }, },
				{ 0.08368, -0.99649, 0.00000, 0.00000, 0.99649, 0.08368, 0.00000, 0.00000, 0.00000, 0.00000, 1.00000, 0.00000, -1.94909, 21.34423, 0.50694, 1.00000, ignore = { 3, 50 }, },
			},
			["asset/vegetation/hedge_3m.mdl"] = {
				{ -0.00000, -1.00000, -0.00000, 0.00000, 1.00000, -0.00000, -0.00000, 0.00000, 0.00000, -0.00000, 1.00000, 0.00000, 5.05725, 23.19971, 0.00000, 1.00000, },
				{ -0.00000, -1.00000, -0.00000, 0.00000, 1.00000, -0.00000, -0.00000, 0.00000, 0.00000, -0.00000, 1.00000, 0.00000, 7.77725, 23.19971, 0.00000, 1.00000, },
				{ -0.00000, -1.00000, -0.00000, 0.00000, 1.00000, -0.00000, -0.00000, 0.00000, 0.00000, -0.00000, 1.00000, 0.00000, 9.81725, 23.19971, 0.00000, 1.00000, },
				{ -0.00000, -1.00000, -0.00000, 0.00000, 1.00000, -0.00000, -0.00000, 0.00000, 0.00000, -0.00000, 1.00000, 0.00000, 2.61725, 23.19971, 0.00000, 1.00000, },
				{ -1.00000, 0.00000, -0.00000, 0.00000, -0.00000, -1.00000, -0.00000, 0.00000, -0.00000, -0.00000, 1.00000, 0.00000, 11.19225, 21.72471, 0.00000, 1.00000, },
				{ -1.00000, 0.00000, -0.00000, 0.00000, -0.00000, -1.11000, -0.00000, 0.00000, -0.00000, -0.00000, 1.00000, 0.00000, 11.19225, 19.16471, 0.00000, 1.00000, },
				{ -1.00000, 0.00000, -0.00000, 0.00000, -0.00000, -1.00000, -0.00000, 0.00000, -0.00000, -0.00000, 1.00000, 0.00000, 11.19225, 16.16471, 0.00000, 1.00000, },
				{ -1.00000, 0.00000, -0.00000, 0.00000, -0.00000, -1.00000, -0.00000, 0.00000, -0.00000, -0.00000, 1.00000, 0.00000, 11.19225, 13.12471, 0.00000, 1.00000, },
				{ -1.00000, 0.00000, -0.00000, 0.00000, -0.00000, -1.11000, -0.00000, 0.00000, -0.00000, -0.00000, 1.00000, 0.00000, 11.19225, 10.56471, 0.00000, 1.00000, },
				{ -1.00000, 0.00000, -0.00000, 0.00000, -0.00000, -1.00000, -0.00000, 0.00000, -0.00000, -0.00000, 1.00000, 0.00000, 11.19225, 7.56471, 0.00000, 1.00000, },
				{ -1.00000, 0.00000, -0.00000, 0.00000, -0.00000, -1.00000, -0.00000, 0.00000, -0.00000, -0.00000, 1.00000, 0.00000, 1.20225, 21.72471, 0.00000, 1.00000, },
				{ -1.00000, 0.00000, -0.00000, 0.00000, -0.00000, -1.11000, -0.00000, 0.00000, -0.00000, -0.00000, 1.00000, 0.00000, 1.20225, 19.16471, 0.00000, 1.00000, },
				{ -1.00000, 0.00000, -0.00000, 0.00000, -0.00000, -1.00000, -0.00000, 0.00000, -0.00000, -0.00000, 1.00000, 0.00000, 1.20225, 16.16471, 0.00000, 1.00000, },
			},
			["asset/vegetation/hedge_m.mdl"] = {
				{ 0.75000, 0.00000, 0.00000, 0.00000, 0.00000, 0.75000, 0.00000, 0.00000, 0.00000, 0.00000, 0.75000, 0.00000, 1.20000, 14.29000, 0.00000, 1.00000, },
				{ 0.75000, 0.00000, 0.00000, 0.00000, 0.00000, 0.75000, 0.00000, 0.00000, 0.00000, 0.00000, 0.75000, 0.00000, 1.20000, 13.75000, 0.00000, 1.00000, },
			},
		},
		groups = {
			["com_sunshades_all.grp"] = {
				{ 0.69950, -0.71464, -0.00000, 0.00000, 0.71464, 0.69950, -0.00000, 0.00000, 0.00000, -0.00000, 1.00000, 0.00000, 3.60119, 20.96119, 0.00000, 1.00000, seed = 456, },
				{ -0.15665, 0.98765, 0.00000, 0.00000, -0.98765, -0.15665, 0.00000, 0.00000, 0.00000, -0.00000, 1.00000, 0.00000, 3.60119, 17.79119, 0.00000, 1.00000, seed = 456, },
				{ -0.75313, 0.65787, 0.00000, 0.00000, -0.65787, -0.75313, 0.00000, 0.00000, 0.00000, -0.00000, 1.00000, 0.00000, 3.60119, 14.81263, 0.00000, 1.00000, seed = 456, },
				{ 0.49265, -0.87023, 0.00000, 0.00000, 0.87023, 0.49265, 0.00000, 0.00000, -0.00000, -0.00000, 1.00000, 0.00000, 7.45119, 20.96119, 0.00000, 1.00000, seed = 456, },
				{ -0.82929, -0.55881, 0.00000, 0.00000, 0.55881, -0.82929, -0.00000, 0.00000, 0.00000, -0.00000, 1.00000, 0.00000, 7.45119, 17.79119, 0.00000, 1.00000, seed = 456, },
				{ 0.19721, -0.98036, -0.00000, 0.00000, 0.98036, 0.19721, -0.00000, 0.00000, 0.00000, -0.00000, 1.00000, 0.00000, 7.45119, 14.81263, 0.00000, 1.00000, seed = 456, },
			},
			["era_a_com_1_asset_food_box_m.grp"] = {
				{ 0.52696, -0.84989, 0.00000, 0.00000, 0.84989, 0.52696, 0.00000, 0.00000, 0.00000, 0.00000, 1.00000, 0.00000, -4.43206, 21.26002, 0.00000, 1.00000, },
				{ -0.96945, 0.24531, -0.00000, 0.00000, -0.24531, -0.96945, 0.00000, 0.00000, -0.00000, 0.00000, 1.00000, 0.00000, -6.34956, 20.69644, 0.00000, 1.00000, },
				{ 0.32557, -0.94552, 0.00000, 0.00000, 0.94552, 0.32557, 0.00000, 0.00000, 0.00000, 0.00000, 1.00000, 0.00000, -5.29182, 20.93874, 0.00000, 1.00000, },
				{ -0.62388, -0.78152, 0.00000, 0.00000, 0.78152, -0.62388, 0.00000, 0.00000, 0.00000, 0.00000, 1.00000, 0.00000, -3.69162, 20.82488, 0.00000, 1.00000, ignore = { 4, 50 }, },
				{ -0.67688, -0.73610, 0.00000, 0.00000, 0.73610, -0.67688, 0.00000, 0.00000, 0.00000, 0.00000, 1.00000, 0.00000, -4.84494, 21.10992, 0.47000, 1.00000, ignore = { 4, 50 }, },
			},
			["era_a_com_restaurant_chairs.grp"] = {
				{ -0.97718, -0.21243, 0.00000, 0.00000, 0.21243, -0.97718, 0.00000, 0.00000, 0.00000, 0.00000, 1.00000, 0.00000, 4.28921, 20.26913, -0.00000, 1.00000, seed = 456, },
				{ 0.99075, -0.13572, -0.00000, 0.00000, 0.13572, 0.99075, -0.00000, 0.00000, 0.00000, -0.00000, 1.00000, 0.00000, 4.11403, 21.69241, -0.00000, 1.00000, seed = 456, },
				{ -0.98357, -0.18052, 0.00000, 0.00000, 0.18052, -0.98357, 0.00000, 0.00000, 0.00000, 0.00000, 1.00000, 0.00000, 2.93942, 20.29270, 0.00000, 1.00000, seed = 456, },
				{ 0.99926, -0.03850, -0.00000, 0.00000, 0.03850, 0.99926, -0.00000, 0.00000, 0.00000, -0.00000, 1.00000, 0.00000, 2.96438, 21.72248, -0.00000, 1.00000, seed = 456, },
				{ -0.99993, 0.01164, 0.00000, 0.00000, -0.01164, -0.99993, 0.00000, 0.00000, 0.00000, 0.00000, 1.00000, 0.00000, 4.33131, 17.14370, -0.00000, 1.00000, seed = 456, },
				{ 0.99731, -0.07324, -0.00000, 0.00000, 0.07324, 0.99731, -0.00000, 0.00000, 0.00000, 0.00000, 1.00000, 0.00000, 4.06710, 18.55317, -0.00000, 1.00000, seed = 456, },
				{ -0.97030, -0.24192, 0.00000, 0.00000, 0.24192, -0.97030, 0.00000, 0.00000, 0.00000, 0.00000, 1.00000, 0.00000, 2.98270, 17.08246, 0.00000, 1.00000, seed = 456, },
				{ 0.99832, -0.05802, -0.00000, 0.00000, 0.05802, 0.99832, -0.00000, 0.00000, 0.00000, 0.00000, 1.00000, 0.00000, 2.91783, 18.51099, -0.00000, 1.00000, seed = 456, },
				{ -0.97418, -0.22577, 0.00000, 0.00000, 0.22577, -0.97418, 0.00000, 0.00000, 0.00000, 0.00000, 1.00000, 0.00000, 4.29642, 14.12782, -0.00000, 1.00000, seed = 456, },
				{ 0.99211, -0.12533, -0.00000, 0.00000, 0.12533, 0.99211, -0.00000, 0.00000, 0.00000, 0.00000, 1.00000, 0.00000, 4.10634, 15.54918, -0.00000, 1.00000, seed = 456, },
				{ -0.98163, -0.19081, 0.00000, 0.00000, 0.19081, -0.98163, 0.00000, 0.00000, 0.00000, 0.00000, 1.00000, 0.00000, 2.94646, 14.13725, 0.00000, 1.00000, seed = 456, },
				{ 0.98926, -0.14614, -0.00000, 0.00000, 0.14614, 0.98926, -0.00000, 0.00000, 0.00000, 0.00000, 1.00000, 0.00000, 2.95644, 15.56721, -0.00000, 1.00000, seed = 456, },
				{ -0.96858, -0.24869, -0.00000, 0.00000, 0.24869, -0.96858, 0.00000, 0.00000, -0.00000, 0.00000, 1.00000, 0.00000, 7.84949, 20.33375, 0.00000, 1.00000, seed = 456, },
				{ 0.99951, 0.03141, 0.00000, 0.00000, -0.03141, 0.99951, -0.00000, 0.00000, -0.00000, 0.00000, 1.00000, 0.00000, 7.83490, 21.76769, -0.00000, 1.00000, seed = 456, },
				{ -0.99854, -0.05401, -0.00000, 0.00000, 0.05401, -0.99854, 0.00000, 0.00000, -0.00000, 0.00000, 1.00000, 0.00000, 6.91017, 20.19170, -0.00000, 1.00000, seed = 456, },
				{ 0.99527, 0.09719, 0.00000, 0.00000, -0.09719, 0.99527, -0.00000, 0.00000, -0.00000, 0.00000, 1.00000, 0.00000, 6.69633, 21.60562, -0.00000, 1.00000, seed = 456, },
				{ -0.99985, -0.01745, 0.00000, 0.00000, 0.01745, -0.99985, 0.00000, 0.00000, 0.00000, 0.00000, 1.00000, 0.00000, 7.88925, 17.10350, 0.00000, 1.00000, seed = 456, },
				{ 0.99167, 0.12880, -0.00000, 0.00000, -0.12880, 0.99167, 0.00000, 0.00000, 0.00000, -0.00000, 1.00000, 0.00000, 7.96403, 18.52241, -0.00000, 1.00000, seed = 456, },
				{ -0.96313, 0.26902, 0.00000, 0.00000, -0.26902, -0.96313, 0.00000, 0.00000, 0.00000, 0.00000, 1.00000, 0.00000, 6.78942, 17.12270, 0.00000, 1.00000, seed = 456, },
				{ 0.99715, -0.07548, -0.00000, 0.00000, 0.07548, 0.99715, -0.00000, 0.00000, 0.00000, -0.00000, 1.00000, 0.00000, 6.81437, 18.55248, -0.00000, 1.00000, seed = 456, },
				{ -0.87121, -0.49090, -0.00000, 0.00000, 0.49090, -0.87121, 0.00000, 0.00000, -0.00000, 0.00000, 1.00000, 0.00000, 8.24499, 14.24501, 0.00000, 1.00000, seed = 456, },
				{ 0.99951, 0.03141, 0.00000, 0.00000, -0.03141, 0.99951, -0.00000, 0.00000, -0.00000, 0.00000, 1.00000, 0.00000, 7.83490, 15.61914, -0.00000, 1.00000, seed = 456, },
				{ -0.99934, -0.03640, -0.00000, 0.00000, 0.03640, -0.99934, 0.00000, 0.00000, -0.00000, 0.00000, 1.00000, 0.00000, 6.91017, 14.04314, -0.00000, 1.00000, seed = 456, },
				{ 0.99983, -0.01837, 0.00000, 0.00000, 0.01837, 0.99983, -0.00000, 0.00000, -0.00000, 0.00000, 1.00000, 0.00000, 6.69633, 15.45706, -0.00000, 1.00000, seed = 456, },
			},
			["era_b_awning_shops_end.grp"] = {
				{ 0.92878, 0.00000, 0.00000, 0.00000, 0.00000, 0.92878, 0.00000, 0.00000, 0.00000, 0.00000, 0.92878, 0.00000, -3.42717, 2.75689, 3.37087, 1.00000, align = { 0.00000, 1.00000 }, seed = 456, },
				{ 0.92878, 0.00000, 0.00000, 0.00000, 0.00000, 0.92878, 0.00000, 0.00000, 0.00000, 0.00000, 0.92878, 0.00000, 5.10783, 2.75689, 3.37087, 1.00000, align = { 0.00000, 1.00000 }, seed = 456, },
				{ -0.00000, -0.86430, 0.00000, 0.00000, 0.86430, -0.00000, 0.00000, 0.00000, 0.00000, 0.00000, 0.86430, 0.00000, -8.67123, 5.78500, 3.41846, 1.00000, align = { 0.00000, 1.00000 }, seed = 456, },
			},
			["era_b_awning_shops_repeat.grp"] = {
				{ 0.92878, 0.00000, 0.00000, 0.00000, 0.00000, 0.92878, 0.00000, 0.00000, 0.00000, 0.00000, 0.92878, 0.00000, -3.42717, 2.75689, 3.37087, 1.00000, align = { 0.00000, 1.00000 }, seed = 456, },
				{ 0.92878, 0.00000, 0.00000, 0.00000, 0.00000, 0.92878, 0.00000, 0.00000, 0.00000, 0.00000, 0.92878, 0.00000, 5.10783, 2.75689, 3.37087, 1.00000, align = { 0.00000, 1.00000 }, seed = 456, },
				{ -0.00000, -0.86430, 0.00000, 0.00000, 0.86430, -0.00000, 0.00000, 0.00000, 0.00000, 0.00000, 0.86430, 0.00000, -8.67123, 5.78500, 3.41846, 1.00000, align = { 0.00000, 1.00000 }, seed = 456, },
			},
			["era_b_awning_shops_start.grp"] = {
				{ 0.92878, 0.00000, 0.00000, 0.00000, 0.00000, 0.92878, 0.00000, 0.00000, 0.00000, 0.00000, 0.92878, 0.00000, -3.42717, 2.75689, 3.37087, 1.00000, align = { 0.00000, 1.00000 }, seed = 456, },
				{ 0.92878, 0.00000, 0.00000, 0.00000, 0.00000, 0.92878, 0.00000, 0.00000, 0.00000, 0.00000, 0.92878, 0.00000, 5.10783, 2.75689, 3.37087, 1.00000, align = { 0.00000, 1.00000 }, seed = 456, },
				{ -0.00000, -0.86430, 0.00000, 0.00000, 0.86430, -0.00000, 0.00000, 0.00000, 0.00000, 0.00000, 0.86430, 0.00000, -8.67123, 5.78500, 3.41846, 1.00000, align = { 0.00000, 1.00000 }, seed = 456, },
			},
			["era_b_com_restaurant_tables.grp"] = {
				{ -0.99985, 0.01745, 0.00000, 0.00000, -0.01745, -0.99985, 0.00000, 0.00000, 0.00000, 0.00000, 1.00000, 0.00000, 3.60119, 20.96119, 0.00000, 1.00000, seed = 456, },
				{ -0.99897, -0.04536, 0.00000, 0.00000, 0.04536, -0.99897, 0.00000, 0.00000, 0.00000, 0.00000, 1.00000, 0.00000, 3.60119, 17.79119, 0.00000, 1.00000, seed = 456, },
				{ -0.99998, 0.00698, 0.00000, 0.00000, -0.00698, -0.99998, 0.00000, 0.00000, 0.00000, 0.00000, 1.00000, 0.00000, 3.60119, 14.81263, 0.00000, 1.00000, seed = 456, },
				{ -0.98876, -0.14954, -0.00000, 0.00000, 0.14954, -0.98876, 0.00000, 0.00000, -0.00000, 0.00000, 1.00000, 0.00000, 7.45119, 20.96119, 0.00000, 1.00000, seed = 456, },
				{ -0.99985, 0.01745, 0.00000, 0.00000, -0.01745, -0.99985, 0.00000, 0.00000, 0.00000, 0.00000, 1.00000, 0.00000, 7.45119, 17.79119, 0.00000, 1.00000, seed = 456, },
				{ -0.98876, -0.14954, -0.00000, 0.00000, 0.14954, -0.98876, 0.00000, 0.00000, -0.00000, 0.00000, 1.00000, 0.00000, 7.45119, 14.81263, 0.00000, 1.00000, seed = 456, },
			},
			["era_b_garbage_container.grp"] = {
				{ 0.01047, -0.99995, 0.00000, 0.00000, 0.99995, 0.01047, 0.00000, 0.00000, 0.00000, 0.00000, 1.00000, 0.00000, -0.56000, 21.91000, 0.00000, 1.00000, },
			},
			["era_b_restaurant_ground_sign.grp"] = {
				{ 0.18738, -0.98229, 0.00000, 0.00000, 0.98229, 0.18738, 0.00000, 0.00000, 0.00000, 0.00000, 1.00000, 0.00000, -1.10000, 2.88000, 0.00000, 1.00000, seed = 456, ignore = { 2, 60 }, },
			},
			["era_b_restaurant_sign_big.grp"] = {
				{ 0.58117, 0.00000, 0.00000, 0.00000, 0.00000, 0.58117, 0.00000, 0.00000, 0.00000, 0.00000, 0.58117, 0.00000, -3.42111, 2.75688, 3.72586, 1.00000, align = { 0.00000, 1.00000 }, seed = 456, },
				{ 0.58117, 0.00000, 0.00000, 0.00000, 0.00000, 0.58117, 0.00000, 0.00000, 0.00000, 0.00000, 0.58117, 0.00000, 5.11389, 2.75688, 3.72586, 1.00000, align = { 0.00000, 1.00000 }, seed = 456, },
				{ -0.00000, -0.58117, 0.00000, 0.00000, 0.58117, -0.00000, 0.00000, 0.00000, 0.00000, 0.00000, 0.58117, 0.00000, -8.67123, 5.79487, 3.82480, 1.00000, align = { 0.00000, 1.00000 }, seed = 456, },
			},
			["era_b_restaurant_sign_small.grp"] = {
				{ 0.70725, 0.00000, 0.00000, 0.00000, 0.00000, 0.70725, 0.00000, 0.00000, 0.00000, 0.00000, 0.70725, 0.00000, 0.79197, 3.76854, 3.64463, 1.00000, align = { 0.00000, 1.00000 }, seed = 456, },
			},
			["era_b_restaurant_wall_sign_big.grp"] = {
				{ 0.59202, 0.00000, 0.00000, 0.00000, 0.00000, 0.59202, 0.00000, 0.00000, 0.00000, 0.00000, 0.59202, 0.00000, 6.44872, 2.80689, 5.61957, 1.00000, align = { 0.00000, 1.00000 }, seed = 456, },
			},
			["era_b_restaurant_wall_sign_small.grp"] = {
				{ 1.00000, 0.00000, 0.00000, 0.00000, 0.00000, 1.00000, 0.00000, 0.00000, 0.00000, 0.00000, 1.00000, 0.00000, -4.76154, 2.84689, 5.07934, 1.00000, align = { 0.00000, 1.00000 }, seed = 456, },
			},
			["random_shrub_town_fence.grp"] = {
				{ -0.00000, -1.00000, 0.00000, 0.00000, 1.00000, -0.00000, 0.00000, 0.00000, 0.00000, 0.00000, 1.00000, 0.00000, -4.99999, 19.18000, 0.00000, 1.00000, },
				{ 1.00000, -0.00000, 0.00000, 0.00000, 0.00000, 1.00000, 0.00000, 0.00000, 0.00000, 0.00000, 1.00000, 0.00000, -3.54999, 19.23000, 0.00000, 1.00000, },
				{ 1.00000, -0.00000, 0.00000, 0.00000, 0.00000, 1.00000, 0.00000, 0.00000, 0.00000, 0.00000, 1.00000, 0.00000, -7.78999, 19.23000, 0.00000, 1.00000, },
				{ -0.00000, 1.00000, 0.00000, 0.00000, -1.00000, -0.00000, -0.00000, 0.00000, -0.00000, -0.00000, 1.00000, 0.00000, -1.94999, 19.19000, 0.00000, 1.00000, },
				{ -0.00000, 1.00000, 0.00000, 0.00000, -1.00000, -0.00000, -0.00000, 0.00000, -0.00000, -0.00000, 1.00000, 0.00000, -6.18999, 19.19000, 0.00000, 1.00000, },
				{ -1.00000, 0.00000, 0.00000, 0.00000, -0.00000, -1.00000, 0.00000, 0.00000, 0.00000, 0.00000, 1.00000, 0.00000, -0.39999, 19.19000, 0.00000, 1.00000, },
			},
		},
	},
}
--End Generated

function data()
	return townbuildingutil.make_building2(
		{ { -4.60, -0.10 }, { 4.60, -0.10 }, { 4.60, 9.10 }, { -4.60, 9.10 } },
		"COMMERCIAL", 
		"B", 
		2,
		{ 3, 3 },
		generatedData,
		"construction/building/era_b/com_2_3x3_02.gtex"
	)
end
