local townbuildingutil = require "townbuildingutil"

--Model file: "building/era_b/com_3_2x3_02.mdl"

--Begin Generated
local generatedData = {
	["base"] = {
		models = {
			["building/era_b/com_3_2x3_02.mdl"] = {
				{ 1.00000, 0.00000, 0.00000, 0.00000, 0.00000, 1.00000, 0.00000, 0.00000, 0.00000, 0.00000, 1.00000, 0.00000, 0.00000, 0.00000, 0.00000, 1.00000, },
			},
		},
		curves = {
			["scaffold"] = {
				{ { 4.45776, 1.78125, 0.00000 }, { 4.45776, 1.78125, 0.00000 }, { 4.45776, 2.23456, 0.00000 }, { 4.45776, 2.23456, 0.00000 }, { 4.45776, 2.23456, 0.00000 }, { 5.61951, 2.23456, 0.00000 }, { 5.61951, 2.23456, 0.00000 }, { 5.61951, 2.23456, 0.00000 }, { 5.61951, 3.55042, 0.00000 }, { 5.61951, 3.55042, 0.00000 }, { 5.61951, 3.55042, 0.00000 }, { 6.17407, 3.55042, 0.00000 }, { 6.17407, 3.55042, 0.00000 }, { 6.17407, 3.55042, 0.00000 }, { 6.17407, 14.89215, 0.00000 }, { 6.17407, 14.89215, 0.00000 }, { 6.17407, 14.89215, 0.00000 }, { 5.61951, 14.89215, 0.00000 }, { 5.61951, 14.89215, 0.00000 }, { 5.61951, 14.89215, 0.00000 }, { 5.61951, 16.42804, 0.00000 }, { 5.61951, 16.42804, 0.00000 }, { 5.61951, 16.42804, 0.00000 }, { -5.46619, 16.42804, 0.00000 }, { -5.46619, 16.42804, 0.00000 }, { -5.46619, 16.42804, 0.00000 }, { -5.46619, 14.89215, 0.00000 }, { -5.46619, 14.89215, 0.00000 }, { -5.46619, 14.89215, 0.00000 }, { -6.02063, 14.89215, 0.00000 }, { -6.02063, 14.89215, 0.00000 }, { -6.02063, 14.89215, 0.00000 }, { -6.02063, 3.55042, 0.00000 }, { -6.02063, 3.55042, 0.00000 }, { -6.02063, 3.55042, 0.00000 }, { -5.46619, 3.55042, 0.00000 }, { -5.46619, 3.55042, 0.00000 }, { -5.46619, 3.55042, 0.00000 }, { -5.46619, 2.23456, 0.00000 }, { -5.46619, 2.23456, 0.00000 }, { -5.46619, 2.23456, 0.00000 }, { -4.24365, 2.23456, 0.00000 }, { -4.24365, 2.23456, 0.00000 }, { -4.24365, 2.23456, 0.00000 }, { -4.24365, 1.78125, 0.00000 }, { -4.24365, 1.78125, 0.00000 }, },
			},
			["shared/asphalt_02.gtex.lua;shared/dirt.gtex.lua"] = {
				{ { 8.00000, 0.00000, -0.00001 }, { 8.00000, 0.00000, -0.00001 }, { 8.00000, 16.34796, -0.00001 }, { 8.00000, 16.34796, -0.00001 }, { 8.00000, 16.34796, -0.00001 }, { -1.75000, 16.34796, -0.00001 }, { -1.75000, 16.34796, -0.00001 }, { -1.75000, 16.34796, -0.00001 }, { -1.75000, 24.00000, -0.00001 }, { -1.75000, 24.00000, -0.00001 }, { -1.75000, 24.00000, -0.00001 }, { -7.99998, 24.00000, -0.00001 }, { -7.99998, 24.00000, -0.00001 }, { -7.99998, 24.00000, -0.00001 }, { -8.00000, 0.00001, -0.00001 }, { -8.00000, 0.00000, -0.00001 }, },
			},
			["shared/asphalt_03.gtex.lua;shared/dirt.gtex.lua"] = {
				{ { 8.00000, 16.34796, -0.00001 }, { 8.00000, 16.34796, -0.00001 }, { 8.00000, 21.00000, -0.00001 }, { 8.00000, 21.00000, -0.00001 }, { 8.00000, 21.00000, -0.00001 }, { -1.75000, 21.00000, -0.00001 }, { -1.75000, 21.00000, -0.00001 }, { -1.75000, 21.00000, -0.00001 }, { -1.75000, 16.34796, -0.00001 }, { -1.75000, 16.34796, -0.00001 }, },
			},
			["shared/grass_cutted_01.gtex.lua"] = {
				{ { 8.00000, 21.00000, -0.00001 }, { 8.00000, 21.00000, -0.00001 }, { 8.00000, 24.00000, -0.00001 }, { 8.00000, 24.00000, -0.00001 }, { 8.00000, 24.00000, -0.00001 }, { -1.75000, 24.00000, -0.00001 }, { -1.75000, 24.00000, -0.00001 }, { -1.75000, 24.00000, -0.00001 }, { -1.75000, 21.00000, -0.00001 }, { -1.75000, 21.00000, -0.00001 }, },
			},
		},
	},
	["layout_1"] = {
		models = {
			["asset/commercial/all_eras/era_b_com_wall.mdl"] = {
				{ -1.06665, 0.00000, 0.00000, 0.00000, -0.00000, -1.00000, -0.00000, 0.00000, 0.00000, -0.00000, 1.00000, 0.00000, -6.40002, 23.85000, -0.00000, 1.00000, },
				{ -1.06665, 0.00000, 0.00000, 0.00000, -0.00000, -1.00000, -0.00000, 0.00000, 0.00000, -0.00000, 1.00000, 0.00000, -3.20007, 23.85000, -0.00000, 1.00000, },
				{ -1.06665, 0.00000, 0.00000, 0.00000, -0.00000, -1.00000, -0.00000, 0.00000, 0.00000, -0.00000, 1.00000, 0.00000, -0.00012, 20.85000, -0.00000, 1.00000, },
				{ -1.06665, 0.00000, 0.00000, 0.00000, -0.00000, -1.00000, -0.00000, 0.00000, 0.00000, -0.00000, 1.00000, 0.00000, 3.19983, 20.85000, -0.00000, 1.00000, },
				{ -1.06665, 0.00000, 0.00000, 0.00000, -0.00000, -1.00000, -0.00000, 0.00000, 0.00000, -0.00000, 1.00000, 0.00000, 6.39978, 20.85000, -0.00000, 1.00000, },
				{ -0.00000, 1.00000, -0.00000, 0.00000, -1.00000, -0.00000, -0.00000, 0.00000, -0.00000, -0.00000, 1.00000, 0.00000, -7.84998, 22.19995, 0.00000, 1.00000, },
				{ -0.00000, 1.00000, -0.00000, 0.00000, -1.00000, -0.00000, -0.00000, 0.00000, -0.00000, -0.00000, 1.00000, 0.00000, -7.84998, 19.19995, 0.00000, 1.00000, },
				{ -0.00000, 1.00000, -0.00000, 0.00000, -1.00000, -0.00000, -0.00000, 0.00000, -0.00000, -0.00000, 1.00000, 0.00000, 7.85002, 19.19995, 0.00000, 1.00000, },
				{ -0.00000, 1.00000, -0.00000, 0.00000, -1.00000, -0.00000, -0.00000, 0.00000, -0.00000, -0.00000, 1.00000, 0.00000, -1.74998, 22.19995, 0.00000, 1.00000, },
			},
			["asset/commercial/era_b/wall_grip.mdl"] = {
				{ -0.00000, 0.50000, 0.00000, 0.00000, -0.50000, -0.00000, 0.00000, 0.00000, 0.00000, 0.00000, 0.50000, 0.00000, -4.51733, 2.75946, 5.78410, 1.00000, align = { 0.00000, 0.00000 }, },
			},
			["asset/ground/garden_chair_plastic_01.mdl"] = {
				{ 0.94088, 0.33874, 0.00000, 0.00000, -0.33874, 0.94088, 0.00000, 0.00000, 0.00000, 0.00000, 1.00000, 0.00000, 2.49842, 2.98862, 28.59999, 1.00000, align = { 0.00000, 0.00000 }, ignore = { 4, 30 }, },
				{ 0.76380, -0.64546, 0.00000, 0.00000, 0.64546, 0.76380, 0.00000, 0.00000, 0.00000, 0.00000, 1.00000, 0.00000, -1.00742, 2.64512, 13.59999, 1.00000, align = { 0.00000, 0.00000 }, ignore = { 5, 30 }, },
				{ 0.75927, -0.65077, 0.00000, 0.00000, 0.65077, 0.75927, 0.00000, 0.00000, 0.00000, 0.00000, 1.00000, 0.00000, 3.57664, 2.99636, 13.59999, 1.00000, align = { 0.00000, 0.00000 }, ignore = { 6, 30 }, },
				{ 0.77934, -0.62660, 0.00000, 0.00000, 0.62660, 0.77934, 0.00000, 0.00000, 0.00000, 0.00000, 1.00000, 0.00000, -1.08197, 2.85677, 31.59999, 1.00000, align = { 0.00000, 0.00000 }, ignore = { 7, 30 }, },
				{ 0.99572, -0.09237, 0.00000, 0.00000, 0.09237, 0.99572, 0.00000, 0.00000, 0.00000, 0.00000, 1.00000, 0.00000, -1.23595, 2.97704, 10.59999, 1.00000, align = { 0.00000, 0.00000 }, ignore = { 8, 30 }, },
				{ 0.81815, 0.57501, 0.00000, 0.00000, -0.57501, 0.81815, 0.00000, 0.00000, 0.00000, 0.00000, 1.00000, 0.00000, -2.63595, 2.97704, 10.59999, 1.00000, align = { 0.00000, 0.00000 }, ignore = { 9, 30 }, },
				{ 0.93232, -0.36162, 0.00000, 0.00000, 0.36162, 0.93232, 0.00000, 0.00000, 0.00000, 0.00000, 1.00000, 0.00000, -0.95166, 2.91764, 25.59999, 1.00000, align = { 0.00000, 0.00000 }, ignore = { 10, 30 }, },
				{ 0.91914, -0.39394, 0.00000, 0.00000, 0.39394, 0.91914, 0.00000, 0.00000, 0.00000, 0.00000, 1.00000, 0.00000, -1.13753, 2.97966, 22.59999, 1.00000, align = { 0.00000, 0.00000 }, ignore = { 11, 30 }, },
				{ 0.75011, 0.66131, 0.00000, 0.00000, -0.66131, 0.75011, 0.00000, 0.00000, 0.00000, 0.00000, 1.00000, 0.00000, -2.19532, 2.85007, 31.59999, 1.00000, align = { 0.00000, 0.00000 }, ignore = { 12, 30 }, },
				{ 0.93849, -0.34530, 0.00000, 0.00000, 0.34530, 0.93849, 0.00000, 0.00000, 0.00000, 0.00000, 1.00000, 0.00000, 3.20780, 3.03515, 16.59999, 1.00000, align = { 0.00000, 0.00000 }, ignore = { 13, 30 }, },
				{ 0.78586, 0.61841, 0.00000, 0.00000, -0.61841, 0.78586, 0.00000, 0.00000, 0.00000, 0.00000, 1.00000, 0.00000, 2.16933, 2.69925, 22.59999, 1.00000, align = { 0.00000, 0.00000 }, ignore = { 14, 30 }, },
				{ 0.92321, -0.38430, 0.00000, 0.00000, 0.38430, 0.92321, 0.00000, 0.00000, 0.00000, 0.00000, 1.00000, 0.00000, 3.51933, 2.69925, 22.59999, 1.00000, align = { 0.00000, 0.00000 }, ignore = { 15, 30 }, },
			},
			["asset/industry/cardboard_box_01.mdl"] = {
				{ 0.10973, 0.99396, -0.00000, 0.00000, -0.99396, 0.10973, 0.00000, 0.00000, 0.00000, 0.00000, 1.00000, 0.00000, 0.52617, 19.39873, 0.00000, 1.00000, ignore = { 2, 50 }, },
				{ -0.07846, 0.99692, -0.00000, 0.00000, -0.99692, -0.07846, 0.00000, 0.00000, 0.00000, 0.00000, 1.00000, 0.00000, 0.19338, 20.10707, 0.00000, 1.00000, ignore = { 2, 50 }, },
				{ 0.39875, 0.91706, -0.00000, 0.00000, -0.91706, 0.39875, 0.00000, 0.00000, 0.00000, -0.00000, 1.00000, 0.00000, 6.96911, 18.60402, 0.00000, 1.00000, ignore = { 2, 50 }, },
				{ 0.14436, 0.98953, -0.00000, 0.00000, -0.98953, 0.14436, 0.00000, 0.00000, 0.00000, 0.00000, 1.00000, 0.00000, 1.15309, 20.08361, -0.00000, 1.00000, ignore = { 2, 50 }, },
				{ -0.98769, 0.15643, -0.00000, 0.00000, -0.15643, -0.98769, -0.00000, 0.00000, -0.00000, -0.00000, 1.00000, 0.00000, 0.40885, 19.74578, 0.50694, 1.00000, ignore = { 2, 50 }, },
				{ -0.99824, -0.05931, -0.00000, 0.00000, 0.05931, -0.99824, 0.00000, 0.00000, -0.00000, 0.00000, 1.00000, 0.00000, 1.10546, 19.59872, 0.50694, 1.00000, ignore = { 2, 50 }, },
			},
		},
		groups = {
			["era_a_garden_chair.grp"] = {
				{ 0.10106, 0.99488, 0.00000, 0.00000, -0.99488, 0.10106, 0.00000, 0.00000, 0.00000, 0.00000, 1.00000, 0.00000, 2.22256, 3.09914, 25.59999, 1.00000, align = { 0.00000, 0.00000 }, seed = 456, ignore = { 16, 20 }, },
				{ -0.22495, -0.97437, -0.00000, 0.00000, 0.97437, -0.22495, 0.00000, 0.00000, -0.00000, 0.00000, 1.00000, 0.00000, 3.45672, 2.90054, 25.59999, 1.00000, align = { 0.00000, 0.00000 }, seed = 456, ignore = { 17, 20 }, },
				{ 0.09411, 0.99556, 0.00000, 0.00000, -0.99556, 0.09411, 0.00000, 0.00000, 0.00000, 0.00000, 1.00000, 0.00000, 2.39501, 3.09397, 31.59999, 1.00000, align = { 0.00000, 0.00000 }, seed = 456, ignore = { 18, 20 }, },
				{ -0.99556, 0.09411, 0.00000, 0.00000, -0.09411, -0.99556, 0.00000, 0.00000, 0.00000, 0.00000, 1.00000, 0.00000, 2.83588, 2.31344, 31.59999, 1.00000, align = { 0.00000, 0.00000 }, seed = 456, ignore = { 19, 20 }, },
				{ -0.21814, -0.97592, -0.00000, 0.00000, 0.97592, -0.21814, 0.00000, 0.00000, -0.00000, 0.00000, 1.00000, 0.00000, 3.63052, 2.90398, 31.59999, 1.00000, align = { 0.00000, 0.00000 }, seed = 456, ignore = { 20, 20 }, },
				{ 0.97196, 0.23514, 0.00000, 0.00000, -0.23514, 0.97196, 0.00000, 0.00000, 0.00000, 0.00000, 1.00000, 0.00000, 1.84658, 3.10712, 7.59999, 1.00000, align = { 0.00000, 0.00000 }, seed = 456, ignore = { 21, 20 }, },
				{ 0.95424, -0.29904, 0.00000, 0.00000, 0.29904, 0.95424, 0.00000, 0.00000, -0.00000, -0.00000, 1.00000, 0.00000, 3.47979, 3.20051, 7.59999, 1.00000, align = { 0.00000, 0.00000 }, seed = 456, ignore = { 22, 20 }, },
				{ -0.06627, 0.99780, 0.00000, 0.00000, -0.99780, -0.06627, 0.00000, 0.00000, 0.00000, 0.00000, 1.00000, 0.00000, -2.16833, 2.96673, 19.59999, 1.00000, align = { 0.00000, 0.00000 }, seed = 456, ignore = { 23, 20 }, },
				{ -0.05931, -0.99824, -0.00000, 0.00000, 0.99824, -0.05931, 0.00000, 0.00000, -0.00000, 0.00000, 1.00000, 0.00000, -0.91833, 2.97673, 19.59999, 1.00000, align = { 0.00000, 0.00000 }, seed = 456, ignore = { 24, 20 }, },
			},
			["era_b_garbage_container.grp"] = {
				{ 0.99999, 0.00349, 0.00000, 0.00000, -0.00349, 0.99999, 0.00000, 0.00000, -0.00000, -0.00000, 1.00000, 0.00000, 3.36653, 19.80820, -0.00000, 1.00000, },
				{ 0.99999, 0.00524, 0.00000, 0.00000, -0.00524, 0.99999, 0.00000, 0.00000, -0.00000, -0.00000, 1.00000, 0.00000, 6.29924, 19.86233, 0.00000, 1.00000, },
			},
			["era_b_neon_wall_sign_food.grp"] = {
				{ -0.00000, 0.50000, 0.00000, 0.00000, -0.50000, -0.00000, 0.00000, 0.00000, 0.00000, 0.00000, 0.50000, 0.00000, -4.51733, 0.95946, 5.78410, 1.00000, align = { 0.00000, 0.00000 }, seed = 456, },
			},
			["era_b_neon_wall_sign_food_flat.grp"] = {
				{ 0.40000, 0.00000, 0.00000, 0.00000, 0.00000, 0.40000, 0.00000, 0.00000, 0.00000, 0.00000, 0.40000, 0.00000, 3.07666, 2.31481, 1.72779, 1.00000, align = { 0.00000, 0.00000 }, seed = 456, },
				{ -0.00000, 0.40000, 0.00000, 0.00000, -0.40000, -0.00000, 0.00000, 0.00000, 0.00000, 0.00000, 0.40000, 0.00000, 6.09412, 5.49399, 1.72779, 1.00000, align = { 0.00000, 0.00000 }, seed = 456, },
				{ -0.00000, 0.40000, 0.00000, 0.00000, -0.40000, -0.00000, 0.00000, 0.00000, 0.00000, 0.00000, 0.40000, 0.00000, 6.09412, 9.22122, 1.72779, 1.00000, align = { 0.00000, 0.00000 }, seed = 456, },
				{ 0.40000, 0.00000, 0.00000, 0.00000, 0.00000, 0.40000, 0.00000, 0.00000, 0.00000, 0.00000, 0.40000, 0.00000, -2.92334, 2.31481, 1.72779, 1.00000, align = { 0.00000, 0.00000 }, seed = 456, },
			},
			["era_b_restaurant_sign_big.grp"] = {
				{ 0.62546, 0.00000, 0.00000, 0.00000, -0.00000, 0.62546, 0.00000, 0.00000, 0.00000, 0.00000, 0.62546, 0.00000, 3.07666, 2.31445, 3.07674, 1.00000, align = { 0.00000, 0.00000 }, seed = 456, },
				{ -0.00000, 0.62546, 0.00000, 0.00000, -0.62546, -0.00000, 0.00000, 0.00000, 0.00000, 0.00000, 0.62546, 0.00000, 6.09166, 5.49399, 3.07674, 1.00000, align = { 0.00000, 0.00000 }, seed = 456, },
				{ -0.00000, 0.62546, 0.00000, 0.00000, -0.62546, -0.00000, 0.00000, 0.00000, 0.00000, 0.00000, 0.62546, 0.00000, 6.09166, 9.22122, 3.07674, 1.00000, align = { 0.00000, 0.00000 }, seed = 456, },
				{ 0.62546, 0.00000, 0.00000, 0.00000, -0.00000, 0.62546, 0.00000, 0.00000, 0.00000, 0.00000, 0.62546, 0.00000, -2.92334, 2.31445, 3.07674, 1.00000, align = { 0.00000, 0.00000 }, seed = 456, },
			},
			["era_b_restaurant_wall_sign_small.grp"] = {
				{ 1.00000, 0.00000, 0.00000, 0.00000, 0.00000, 1.00000, 0.00000, 0.00000, 0.00000, 0.00000, 1.00000, 0.00000, 4.99934, 2.31451, 3.89592, 1.00000, align = { 0.00000, 0.00000 }, seed = 456, },
			},
			["era_b_sunshade_small.grp"] = {
				{ -0.75011, 0.66131, -0.00000, 0.00000, -0.66131, -0.75011, 0.00000, 0.00000, -0.00000, 0.00000, 1.00000, 0.00000, 2.64792, 2.53298, 22.72999, 1.00000, align = { 0.00000, 0.00000 }, ignore = { 3, 50 }, },
				{ -0.98229, -0.18738, -0.00000, 0.00000, 0.18738, -0.98229, 0.00000, 0.00000, -0.00000, 0.00000, 1.00000, 0.00000, 2.65669, 2.66456, 16.72999, 1.00000, align = { 0.00000, 0.00000 }, ignore = { 25, 50 }, },
				{ -0.98229, -0.18738, -0.00000, 0.00000, 0.18738, -0.98229, 0.00000, 0.00000, -0.00000, 0.00000, 1.00000, 0.00000, -1.81358, 2.66829, 13.72999, 1.00000, align = { 0.00000, 0.00000 }, ignore = { 26, 50 }, },
				{ -0.71691, 0.69717, -0.00000, 0.00000, -0.69717, -0.71691, 0.00000, 0.00000, -0.00000, 0.00000, 1.00000, 0.00000, -1.68089, 2.46966, 31.72999, 1.00000, align = { 0.00000, 0.00000 }, ignore = { 27, 50 }, },
				{ -0.75700, -0.65342, -0.00000, 0.00000, 0.65342, -0.75700, 0.00000, 0.00000, -0.00000, 0.00000, 1.00000, 0.00000, 2.55283, 2.52335, 13.72999, 1.00000, align = { 0.00000, 0.00000 }, ignore = { 28, 50 }, },
				{ -0.79404, -0.28901, -0.00000, 0.00000, 0.28901, -0.79404, 0.00000, 0.00000, -0.00000, 0.00000, 0.84500, 0.00000, -1.91600, 2.60073, 25.72999, 1.00000, align = { 0.00000, 0.00000 }, ignore = { 29, 50 }, },
				{ -0.93106, 0.36488, -0.00000, 0.00000, -0.36488, -0.93106, 0.00000, 0.00000, -0.00000, 0.00000, 1.00000, 0.00000, -2.16319, 2.64107, 10.72999, 1.00000, align = { 0.00000, 0.00000 }, ignore = { 30, 50 }, },
				{ -0.74977, -0.37874, -0.00000, 0.00000, 0.37874, -0.74977, 0.00000, 0.00000, -0.00000, 0.00000, 0.84000, 0.00000, 2.83878, 2.78156, 28.72999, 1.00000, align = { 0.00000, 0.00000 }, ignore = { 31, 50 }, },
			},
			["garden_table_round.grp"] = {
				{ 0.98600, -0.16677, 0.00000, 0.00000, 0.16677, 0.98600, 0.00000, 0.00000, 0.00000, 0.00000, 1.00000, 0.00000, 2.84540, 3.00394, 25.59999, 1.00000, align = { 0.00000, 0.00000 }, seed = 456, },
				{ 0.98714, -0.15988, 0.00000, 0.00000, 0.15988, 0.98714, 0.00000, 0.00000, 0.00000, 0.00000, 1.00000, 0.00000, 3.01850, 3.00311, 31.59999, 1.00000, align = { 0.00000, 0.00000 }, seed = 456, },
				{ 0.97113, -0.23853, 0.00000, 0.00000, 0.23853, 0.97113, 0.00000, 0.00000, 0.00000, 0.00000, 1.00000, 0.00000, 2.70318, 3.03992, 7.59999, 1.00000, align = { 0.00000, 0.00000 }, seed = 456, },
				{ 1.00000, 0.00000, 0.00000, 0.00000, 0.00000, 1.00000, 0.00000, 0.00000, 0.00000, 0.00000, 1.00000, 0.00000, -1.53833, 2.97673, 19.59999, 1.00000, align = { 0.00000, 0.00000 }, seed = 456, },
			},
			["random_shrub_town_fence.grp"] = {
				{ -0.00000, -1.00000, 0.00000, 0.00000, 1.00000, -0.00000, 0.00000, 0.00000, 0.00000, 0.00000, 1.00000, 0.00000, -0.49999, 22.51001, 0.00000, 1.00000, },
				{ -0.00000, -1.00000, 0.00000, 0.00000, 1.00000, -0.00000, 0.00000, 0.00000, 0.00000, 0.00000, 1.00000, 0.00000, 3.90001, 22.51001, 0.00000, 1.00000, },
				{ 1.00000, 0.00000, 0.00000, 0.00000, 0.00000, 1.00000, 0.00000, 0.00000, 0.00000, 0.00000, 1.00000, 0.00000, 1.30001, 22.51000, 0.00000, 1.00000, },
				{ 1.00000, 0.00000, 0.00000, 0.00000, 0.00000, 1.00000, 0.00000, 0.00000, 0.00000, 0.00000, 1.00000, 0.00000, 5.70001, 22.51000, 0.00000, 1.00000, },
				{ -0.00000, 1.00000, 0.00000, 0.00000, -1.00000, -0.00000, -0.00000, 0.00000, -0.00000, -0.00000, 1.00000, 0.00000, 2.80001, 22.51000, 0.00000, 1.00000, },
				{ -0.00000, 1.00000, 0.00000, 0.00000, -1.00000, -0.00000, -0.00000, 0.00000, -0.00000, -0.00000, 1.00000, 0.00000, 7.20001, 22.51000, 0.00000, 1.00000, },
			},
		},
	},
}
--End Generated

function data()
	return townbuildingutil.make_building2(
		{ { -4.60, -0.10 }, { 4.60, -0.10 }, { 4.60, 9.10 }, { -4.60, 9.10 } },
		"COMMERCIAL", 
		"B", 
		3,
		{ 2, 3 },
		generatedData,
		"construction/building/era_b/com_3_2x3_02.gtex"
	)
end
