local townbuildingutil = require "townbuildingutil"

--Model file: "building/era_b/com_2_3x3_01.mdl"

--Begin Generated
local generatedData = {
	["base"] = {
		models = {
			["building/era_b/com_2_3x3_01.mdl"] = {
				{ 1.00000, 0.00000, 0.00000, 0.00000, 0.00000, 1.00000, 0.00000, 0.00000, 0.00000, 0.00000, 1.00000, 0.00000, 0.00000, 1.00000, 0.00000, 1.00000, },
			},
		},
		curves = {
			["scaffold"] = {
				{ { 8.29028, 3.03900, 0.00000 }, { 8.29028, 3.03900, 0.00000 }, { 8.29028, 4.14182, 0.00000 }, { 8.29028, 4.14182, 0.00000 }, { 8.29028, 4.14182, 0.00000 }, { 9.78796, 4.14182, 0.00000 }, { 9.78796, 4.14182, 0.00000 }, { 9.78796, 4.14182, 0.00000 }, { 9.78809, 15.64550, 0.00000 }, { 9.78809, 15.64551, 0.00000 }, { 9.78809, 15.64551, 0.00000 }, { 7.36407, 15.64551, 0.00000 }, { 7.36407, 15.64551, 0.00000 }, { 7.36407, 15.64551, 0.00000 }, { 7.36407, 17.15045, 0.00000 }, { 7.36407, 17.15045, 0.00000 }, { 7.36407, 17.15045, 0.00000 }, { 3.36407, 17.15045, 0.00000 }, { 3.36407, 17.15045, 0.00000 }, { 3.36407, 17.15045, 0.00000 }, { 3.36407, 15.64552, 0.00000 }, { 3.36407, 15.64552, 0.00000 }, { 3.36407, 15.64552, 0.00000 }, { -1.74579, 15.64553, 0.00000 }, { -1.74579, 15.64553, 0.00000 }, { -1.74579, 15.64553, 0.00000 }, { -1.74579, 17.15045, 0.00000 }, { -1.74579, 17.15045, 0.00000 }, { -1.74579, 17.15045, 0.00000 }, { -5.74573, 17.15045, 0.00000 }, { -5.74573, 17.15045, 0.00000 }, { -5.74573, 17.15045, 0.00000 }, { -5.74573, 15.64555, 0.00000 }, { -5.74573, 15.64555, 0.00000 }, { -5.74573, 15.64555, 0.00000 }, { -8.23538, 15.64555, 0.00000 }, { -8.23538, 15.64555, 0.00000 }, { -8.23538, 15.64555, 0.00000 }, { -8.23538, 4.14185, 0.00000 }, { -8.23538, 4.14184, 0.00000 }, { -8.23538, 4.14184, 0.00000 }, { -6.86975, 4.14185, 0.00000 }, { -6.86975, 4.14185, 0.00000 }, { -6.86975, 4.14185, 0.00000 }, { -6.86975, 3.03900, 0.00000 }, { -6.86975, 3.03900, 0.00000 }, },
			},
			["shared/asphalt_02.gtex.lua;shared/dirt.gtex.lua"] = {
				{ { 12.00000, 0.00000, 0.00000 }, { 12.00000, 0.00000, 0.00000 }, { 12.00000, 24.00000, 0.00000 }, { 12.00000, 24.00000, 0.00000 }, { 12.00000, 24.00000, 0.00000 }, { 9.00000, 24.00000, 0.00000 }, { 9.00000, 24.00000, 0.00000 }, { 9.00000, 24.00000, 0.00000 }, { 9.00000, 15.44562, 0.00000 }, { 9.00000, 15.44562, 0.00000 }, { 9.00000, 15.44562, 0.00000 }, { -8.03528, 15.44562, 0.00000 }, { -8.03528, 15.44562, 0.00000 }, { -8.03528, 15.44562, 0.00000 }, { -8.03528, 22.00000, 0.00000 }, { -8.03528, 22.00000, 0.00000 }, { -8.03528, 22.00000, 0.00000 }, { -12.00000, 22.00000, 0.00000 }, { -12.00000, 22.00000, 0.00000 }, { -12.00000, 22.00000, 0.00000 }, { -12.00000, 0.00000, 0.00000 }, { -12.00000, 0.00000, 0.00000 }, },
			},
			["shared/asphalt_03.gtex.lua;shared/dirt.gtex.lua"] = {
				{ { -1.70000, 15.40000, 0.00000 }, { -1.70000, 15.40000, 0.00000 }, { -1.70000, 18.40000, 0.00000 }, { -1.70000, 18.40000, 0.00000 }, { -1.70000, 18.40000, 0.00000 }, { -8.03528, 18.40000, 0.00000 }, { -8.03528, 18.40000, 0.00000 }, { -8.03528, 18.40000, 0.00000 }, { -8.03528, 15.44562, 0.00000 }, { -8.03528, 15.44562, 0.00000 }, },
			},
			["shared/grass_cutted_01.gtex.lua"] = {
				{ { 9.00000, 15.44562, 0.00000 }, { 9.00000, 15.44562, 0.00000 }, { 9.00000, 24.00000, 0.00000 }, { 9.00000, 24.00000, 0.00000 }, { 9.00000, 24.00000, 0.00000 }, { -12.00000, 24.00000, 0.00000 }, { -12.00000, 24.00000, 0.00000 }, { -12.00000, 24.00000, 0.00000 }, { -12.00000, 22.00000, 0.00000 }, { -12.00000, 22.00000, 0.00000 }, { -12.00000, 22.00000, 0.00000 }, { -1.70000, 22.00000, 0.00000 }, { -1.70000, 22.00000, 0.00000 }, { -1.70000, 22.00000, 0.00000 }, { -1.70000, 15.40000, 0.00000 }, { -1.70000, 15.40000, 0.00000 }, },
			},
			["shared/gravel_02.gtex.lua"] = {
				{ { -1.70000, 18.40000, 0.00000 }, { -1.70000, 18.40000, 0.00000 }, { -1.70000, 22.00000, 0.00000 }, { -1.70000, 22.00000, 0.00000 }, { -1.70000, 22.00000, 0.00000 }, { -8.03528, 22.00000, 0.00000 }, { -8.03528, 22.00000, 0.00000 }, { -8.03528, 22.00000, 0.00000 }, { -8.03528, 18.40000, 0.00000 }, { -8.03528, 18.40000, 0.00000 }, },
			},
		},
	},
	["layout_1"] = {
		models = {
			["asset/commercial/all_eras/era_b_com_wall.mdl"] = {
				{ 1.00000, 0.00000, 0.00000, 0.00000, 0.00000, 1.00000, 0.00000, 0.00000, 0.00000, 0.00000, 1.00000, 0.00000, -10.50000, 23.85000, 0.00000, 1.00000, },
				{ 1.00000, 0.00000, 0.00000, 0.00000, 0.00000, 1.00000, 0.00000, 0.00000, 0.00000, 0.00000, 1.00000, 0.00000, -4.50000, 23.85000, 0.00000, 1.00000, },
				{ 1.00000, 0.00000, 0.00000, 0.00000, 0.00000, 1.00000, 0.00000, 0.00000, 0.00000, 0.00000, 1.00000, 0.00000, -6.49999, 18.25000, 0.00000, 1.00000, },
				{ 1.00000, 0.00000, 0.00000, 0.00000, 0.00000, 1.00000, 0.00000, 0.00000, 0.00000, 0.00000, 1.00000, 0.00000, -6.49999, 18.25000, 1.66500, 1.00000, },
				{ 1.00000, 0.00000, 0.00000, 0.00000, 0.00000, 1.00000, 0.00000, 0.00000, 0.00000, 0.00000, 1.00000, 0.00000, -7.50000, 23.85000, 0.00000, 1.00000, },
				{ 1.00000, 0.00000, 0.00000, 0.00000, 0.00000, 1.00000, 0.00000, 0.00000, 0.00000, 0.00000, 1.00000, 0.00000, -1.50001, 23.85000, 0.00000, 1.00000, },
				{ 1.00000, 0.00000, 0.00000, 0.00000, 0.00000, 1.00000, 0.00000, 0.00000, 0.00000, 0.00000, 1.00000, 0.00000, -3.50000, 18.25000, 0.00000, 1.00000, },
				{ 1.00000, 0.00000, 0.00000, 0.00000, 0.00000, 1.00000, 0.00000, 0.00000, 0.00000, 0.00000, 1.00000, 0.00000, -3.50000, 18.25000, 1.66500, 1.00000, },
				{ 1.00000, 0.00000, 0.00000, 0.00000, 0.00000, 1.00000, 0.00000, 0.00000, 0.00000, 0.00000, 1.00000, 0.00000, 1.49999, 23.85000, 0.00000, 1.00000, },
				{ 1.00000, 0.00000, 0.00000, 0.00000, 0.00000, 1.00000, 0.00000, 0.00000, 0.00000, 0.00000, 1.00000, 0.00000, 4.49999, 23.85000, 0.00000, 1.00000, },
				{ 1.00000, 0.00000, 0.00000, 0.00000, 0.00000, 1.00000, 0.00000, 0.00000, 0.00000, 0.00000, 1.00000, 0.00000, 7.49999, 23.85000, 0.00000, 1.00000, },
				{ -0.00000, 1.00000, 0.00000, 0.00000, -1.00000, -0.00000, 0.00000, 0.00000, 0.00000, 0.00000, 1.00000, 0.00000, 8.84999, 16.20000, 0.00000, 1.00000, },
				{ -0.00000, 1.00000, 0.00000, 0.00000, -1.00000, -0.00000, 0.00000, 0.00000, 0.00000, 0.00000, 1.00000, 0.00000, 8.84999, 19.20000, 0.00000, 1.00000, },
				{ -0.00000, 1.00000, 0.00000, 0.00000, -1.00000, -0.00000, 0.00000, 0.00000, 0.00000, 0.00000, 1.00000, 0.00000, 8.84999, 22.20000, 0.00000, 1.00000, },
				{ -0.00000, 1.00000, 0.00000, 0.00000, -1.00000, -0.00000, 0.00000, 0.00000, 0.00000, 0.00000, 1.00000, 0.00000, 0.51000, 7.20001, 0.00000, 1.00000, },
				{ -0.00000, 1.00000, 0.00000, 0.00000, -1.00000, -0.00000, 0.00000, 0.00000, 0.00000, 0.00000, 1.00000, 0.00000, 0.51000, 10.20000, 0.00000, 1.00000, },
				{ -0.00000, 1.00000, 0.00000, 0.00000, -1.00000, -0.00000, 0.00000, 0.00000, 0.00000, 0.00000, 1.00000, 0.00000, 0.51000, 13.20000, 0.00000, 1.00000, },
				{ -0.00000, 1.00000, 0.00000, 0.00000, -1.00000, -0.00000, 0.00000, 0.00000, 0.00000, 0.00000, 1.00000, 0.00000, -1.85000, 16.90000, 0.00000, 1.00000, },
				{ -0.00000, 1.00000, 0.00000, 0.00000, -1.00000, -0.00000, 0.00000, 0.00000, 0.00000, 0.00000, 1.00000, 0.00000, -1.85000, 16.90000, 1.66500, 1.00000, },
			},
			["asset/ground/garden_chair_plastic_01.mdl"] = {
				{ -0.85355, -0.52101, 0.00000, 0.00000, 0.52101, -0.85355, 0.00000, 0.00000, 0.00000, 0.00000, 1.00000, 0.00000, -4.25563, 16.06637, 7.59999, 1.00000, align = { 0.00000, 1.00000 }, ignore = { 3, 30 }, },
				{ -0.91636, 0.40035, 0.00000, 0.00000, -0.40035, -0.91636, 0.00000, 0.00000, 0.00000, 0.00000, 1.00000, 0.00000, -5.37249, 16.12852, 7.59999, 1.00000, align = { 0.00000, 1.00000 }, ignore = { 4, 30 }, },
				{ 0.94322, -0.33216, 0.00000, 0.00000, 0.33216, 0.94322, 0.00000, 0.00000, 0.00000, 0.00000, 1.00000, 0.00000, 4.42640, 3.77771, 7.59999, 1.00000, align = { 0.00000, 1.00000 }, ignore = { 8, 30 }, },
				{ 0.74548, 0.66653, 0.00000, 0.00000, -0.66653, 0.74548, 0.00000, 0.00000, 0.00000, 0.00000, 1.00000, 0.00000, 3.28309, 3.71145, 7.59999, 1.00000, align = { 0.00000, 1.00000 }, ignore = { 9, 30 }, },
			},
			["asset/industry/cardboard_box_01.mdl"] = {
				{ -0.02618, -0.99966, -0.00000, 0.00000, 0.99966, -0.02618, 0.00000, 0.00000, -0.00000, 0.00000, 1.00000, 0.00000, -2.75000, 16.68000, 0.00000, 1.00000, },
				{ 0.21985, -0.97553, 0.00000, 0.00000, 0.97553, 0.21985, 0.00000, 0.00000, 0.00000, 0.00000, 1.00000, 0.00000, -2.75000, 15.95000, 0.00000, 1.00000, },
				{ -0.02618, -0.99966, -0.00000, 0.00000, 0.99966, -0.02618, 0.00000, 0.00000, -0.00000, 0.00000, 1.00000, 0.00000, -2.24500, 23.23000, 0.00000, 1.00000, ignore = { 15, 50 }, },
				{ -0.13226, -0.99122, 0.00000, 0.00000, 0.99122, -0.13226, 0.00000, 0.00000, 0.00000, 0.00000, 1.00000, 0.00000, -2.68409, 15.96424, 0.50694, 1.00000, ignore = { 15, 50 }, },
				{ 0.08368, -0.99649, 0.00000, 0.00000, 0.99649, 0.08368, 0.00000, 0.00000, 0.00000, 0.00000, 1.00000, 0.00000, -2.55409, 16.66424, 0.50694, 1.00000, ignore = { 15, 50 }, },
				{ 0.98420, -0.17708, 0.00000, 0.00000, 0.17708, 0.98420, 0.00000, 0.00000, 0.00000, 0.00000, 1.00000, 0.00000, -2.40909, 17.56923, 0.00000, 1.00000, ignore = { 15, 50 }, },
				{ -0.07672, 0.99705, 0.00000, 0.00000, -0.99705, -0.07672, 0.00000, 0.00000, 0.00000, 0.00000, 1.00000, 0.00000, -3.34909, 17.62424, 0.00000, 1.00000, ignore = { 15, 50 }, },
			},
			["asset/vegetation/hedge_3m.mdl"] = {
				{ -0.00000, -1.00000, -0.00000, 0.00000, 1.00000, -0.00000, -0.00000, 0.00000, 0.00000, -0.00000, 1.00000, 0.00000, -7.64275, 23.19971, 0.00000, 1.00000, },
				{ -0.00000, -1.00000, -0.00000, 0.00000, 1.00000, -0.00000, -0.00000, 0.00000, 0.00000, -0.00000, 1.00000, 0.00000, -4.92275, 23.19971, 0.00000, 1.00000, },
				{ -0.00000, -1.00000, -0.00000, 0.00000, 1.00000, -0.00000, -0.00000, 0.00000, 0.00000, -0.00000, 1.00000, 0.00000, -2.88275, 23.19971, 0.00000, 1.00000, },
				{ -0.00000, -1.00000, -0.00000, 0.00000, 1.00000, -0.00000, -0.00000, 0.00000, 0.00000, -0.00000, 1.00000, 0.00000, -10.08275, 23.19971, 0.00000, 1.00000, },
				{ -0.00000, -1.00000, -0.00000, 0.00000, 1.00000, -0.00000, -0.00000, 0.00000, 0.00000, -0.00000, 1.00000, 0.00000, 2.00725, 23.19971, 0.00000, 1.00000, },
				{ -0.00000, -1.00000, -0.00000, 0.00000, 1.00000, -0.00000, -0.00000, 0.00000, 0.00000, -0.00000, 1.00000, 0.00000, 4.72725, 23.19971, 0.00000, 1.00000, },
				{ -0.00000, -1.00000, -0.00000, 0.00000, 1.00000, -0.00000, -0.00000, 0.00000, 0.00000, -0.00000, 1.00000, 0.00000, 6.76725, 23.19971, 0.00000, 1.00000, },
				{ -0.00000, -1.00000, -0.00000, 0.00000, 1.00000, -0.00000, -0.00000, 0.00000, 0.00000, -0.00000, 1.00000, 0.00000, -0.43275, 23.19971, 0.00000, 1.00000, },
				{ -1.00000, 0.00000, -0.00000, 0.00000, -0.00000, -1.00000, -0.00000, 0.00000, -0.00000, -0.00000, 1.00000, 0.00000, 8.14225, 21.72471, 0.00000, 1.00000, },
				{ -1.00000, 0.00000, -0.00000, 0.00000, -0.00000, -1.11000, -0.00000, 0.00000, -0.00000, -0.00000, 1.00000, 0.00000, 8.14225, 19.64471, 0.00000, 1.00000, },
				{ -1.00000, 0.00000, -0.00000, 0.00000, -0.00000, -1.00000, -0.00000, 0.00000, -0.00000, -0.00000, 1.00000, 0.00000, 8.14225, 17.26471, 0.00000, 1.00000, },
			},
		},
		groups = {
			["era_a_garden_chair.grp"] = {
				{ 0.90704, 0.42104, 0.00000, 0.00000, -0.42104, 0.90704, 0.00000, 0.00000, 0.00000, 0.00000, 1.00000, 0.00000, -2.72243, 3.80602, 7.59999, 1.00000, align = { 0.00000, 1.00000 }, ignore = { 11, 20 }, },
				{ -0.86340, 0.50453, 0.00000, 0.00000, -0.50453, -0.86340, 0.00000, 0.00000, 0.00000, 0.00000, 1.00000, 0.00000, 4.14167, 15.97996, 7.59999, 1.00000, align = { 0.00000, 1.00000 }, ignore = { 12, 20 }, },
				{ 0.18052, 0.98357, 0.00000, 0.00000, -0.98357, 0.18052, 0.00000, 0.00000, 0.00000, 0.00000, 1.00000, 0.00000, 5.62277, 16.66071, 4.59999, 1.00000, align = { 0.00000, 1.00000 }, seed = 456, ignore = { 13, 20 }, },
				{ -0.30237, -0.95319, -0.00000, 0.00000, 0.95319, -0.30237, 0.00000, 0.00000, -0.00000, 0.00000, 1.00000, 0.00000, 6.83703, 16.36377, 4.59999, 1.00000, align = { 0.00000, 1.00000 }, seed = 456, ignore = { 14, 20 }, },
			},
			["era_b_awning_shops_end.grp"] = {
				{ 1.00000, 0.00000, 0.00000, 0.00000, 0.00000, 1.00000, 0.00000, 0.00000, 0.00000, 0.00000, 1.00000, 0.00000, 5.17241, 3.11901, 3.30515, 1.00000, align = { 0.00000, 1.00000 }, seed = 128, },
				{ 1.00000, 0.00000, 0.00000, 0.00000, 0.00000, 1.00000, 0.00000, 0.00000, 0.00000, 0.00000, 1.00000, 0.00000, -3.75259, 3.11901, 3.30515, 1.00000, align = { 0.00000, 1.00000 }, seed = 128, },
				{ -0.00000, 1.00000, 0.00000, 0.00000, -1.00000, -0.00000, 0.00000, 0.00000, 0.00000, 0.00000, 1.00000, 0.00000, 9.57241, 13.59901, 3.42515, 1.00000, align = { 0.00000, 1.00000 }, seed = 741, },
			},
			["era_b_awning_shops_repeat.grp"] = {
				{ 1.00000, 0.00000, 0.00000, 0.00000, 0.00000, 1.00000, 0.00000, 0.00000, 0.00000, 0.00000, 1.00000, 0.00000, 5.17241, 3.11901, 3.30515, 1.00000, align = { 0.00000, 1.00000 }, seed = 128, },
				{ 1.00000, 0.00000, 0.00000, 0.00000, 0.00000, 1.00000, 0.00000, 0.00000, 0.00000, 0.00000, 1.00000, 0.00000, -3.75259, 3.11901, 3.30515, 1.00000, align = { 0.00000, 1.00000 }, seed = 128, },
				{ -0.00000, 1.00000, 0.00000, 0.00000, -1.00000, -0.00000, 0.00000, 0.00000, 0.00000, 0.00000, 1.00000, 0.00000, 9.57241, 13.59901, 3.42515, 1.00000, align = { 0.00000, 1.00000 }, seed = 741, },
			},
			["era_b_awning_shops_start.grp"] = {
				{ 1.00000, 0.00000, 0.00000, 0.00000, 0.00000, 1.00000, 0.00000, 0.00000, 0.00000, 0.00000, 1.00000, 0.00000, 5.17241, 3.11901, 3.30515, 1.00000, align = { 0.00000, 1.00000 }, seed = 128, },
				{ 1.00000, 0.00000, 0.00000, 0.00000, 0.00000, 1.00000, 0.00000, 0.00000, 0.00000, 0.00000, 1.00000, 0.00000, -3.75259, 3.11901, 3.30515, 1.00000, align = { 0.00000, 1.00000 }, seed = 128, },
				{ -0.00000, 1.00000, 0.00000, 0.00000, -1.00000, -0.00000, 0.00000, 0.00000, 0.00000, 0.00000, 1.00000, 0.00000, 9.57241, 13.59901, 3.42515, 1.00000, align = { 0.00000, 1.00000 }, seed = 741, },
			},
			["era_b_food_store_ground_sign.grp"] = {
				{ 0.86251, -0.50603, 0.00000, 0.00000, 0.50603, 0.86251, 0.00000, 0.00000, 0.00000, 0.00000, 1.00000, 0.00000, 10.15000, 11.67000, 0.00000, 1.00000, seed = 741, ignore = { 2, 50 }, },
			},
			["era_b_food_store_sign_mini.grp"] = {
				{ -0.00000, 1.34597, 0.00000, 0.00000, -1.34597, -0.00000, 0.00000, 0.00000, 0.00000, 0.00000, 1.34597, 0.00000, 9.45741, 13.59901, 3.78609, 1.00000, align = { 0.00000, 1.00000 }, seed = 741, },
				{ -0.00000, 1.22716, 0.00000, 0.00000, -1.22716, -0.00000, 0.00000, 0.00000, 0.00000, 0.00000, 1.22716, 0.00000, 9.11241, 9.88901, 3.69609, 1.00000, align = { 0.00000, 1.00000 }, seed = 741, },
			},
			["era_b_food_store_wall_sign.grp"] = {
				{ -0.00000, 1.00000, 0.00000, 0.00000, -1.00000, -0.00000, 0.00000, 0.00000, 0.00000, 0.00000, 1.00000, 0.00000, 9.59485, 7.52415, 3.59327, 1.00000, align = { 0.00000, 1.00000 }, seed = 741, },
			},
			["era_b_garbage_container.grp"] = {
				{ -0.99995, -0.01047, 0.00000, 0.00000, 0.01047, -0.99995, 0.00000, 0.00000, 0.00000, 0.00000, 1.00000, 0.00000, -6.68000, 16.17000, 0.00000, 1.00000, },
			},
			["era_b_general_store_sign_small.grp"] = {
				{ 0.75394, 0.00000, 0.00000, 0.00000, 0.00000, 0.75394, 0.00000, 0.00000, 0.00000, 0.00000, 0.75394, 0.00000, 5.17241, 3.11901, 3.70609, 1.00000, align = { 0.00000, 1.00000 }, seed = 128, },
				{ 0.75394, 0.00000, 0.00000, 0.00000, 0.00000, 0.75394, 0.00000, 0.00000, 0.00000, 0.00000, 0.75394, 0.00000, -3.75259, 3.11901, 3.70609, 1.00000, align = { 0.00000, 1.00000 }, seed = 128, },
				{ 0.69638, 0.00000, 0.00000, 0.00000, 0.00000, 0.69638, 0.00000, 0.00000, 0.00000, 0.00000, 0.69638, 0.00000, 0.70741, 3.52901, 3.64609, 1.00000, align = { 0.00000, 1.00000 }, seed = 128, },
			},
			["era_b_general_store_wall_sign_big.grp"] = {
				{ 1.00000, 0.00000, 0.00000, 0.00000, 0.00000, 1.00000, 0.00000, 0.00000, 0.00000, 0.00000, 1.00000, 0.00000, 9.10956, 4.34186, 7.43106, 1.00000, align = { 0.00000, 1.00000 }, seed = 128, },
			},
			["era_b_sunshade_small.grp"] = {
				{ 0.92355, -0.38349, -0.00000, 0.00000, 0.38349, 0.92355, 0.00000, 0.00000, 0.00000, -0.00000, 1.00000, 0.00000, 6.23385, 16.51424, 4.73996, 1.00000, align = { 0.00000, 1.00000 }, ignore = { 5, 80 }, },
				{ 0.98341, 0.18138, -0.00000, 0.00000, -0.18138, 0.98341, 0.00000, 0.00000, 0.00000, -0.00000, 1.00000, 0.00000, -4.35330, 16.67619, 7.59999, 1.00000, align = { 0.00000, 1.00000 }, ignore = { 6, 80 }, },
				{ -0.73373, 0.67944, -0.00000, 0.00000, -0.67944, -0.73373, 0.00000, 0.00000, -0.00000, 0.00000, 1.00000, 0.00000, -2.92473, 2.91096, 7.59999, 1.00000, align = { 0.00000, 1.00000 }, ignore = { 7, 80 }, },
				{ -0.79992, -0.27231, 0.00000, 0.00000, 0.27231, -0.79992, 0.00000, 0.00000, 0.00000, 0.00000, 0.84500, 0.00000, 4.29924, 3.10758, 7.59999, 1.00000, align = { 0.00000, 1.00000 }, ignore = { 10, 80 }, },
			},
			["garden_table_round.grp"] = {
				{ 0.96945, -0.24531, 0.00000, 0.00000, 0.24531, 0.96945, 0.00000, 0.00000, 0.00000, 0.00000, 1.00000, 0.00000, 6.23597, 16.51586, 4.59999, 1.00000, align = { 0.00000, 1.00000 }, seed = 456, },
			},
			["random_shrub_town.grp"] = {
				{ 0.68709, -0.72657, 0.00000, 0.00000, 0.72657, 0.68709, 0.00000, 0.00000, 0.00000, 0.00000, 1.00000, 0.00000, 1.60000, 19.32000, 0.00000, 1.00000, },
				{ 0.68709, -0.72657, 0.00000, 0.00000, 0.72657, 0.68709, 0.00000, 0.00000, 0.00000, 0.00000, 1.00000, 0.00000, 3.20000, 18.27000, 0.00000, 1.00000, },
				{ -0.09932, 0.99506, 0.00000, 0.00000, -0.99506, -0.09932, 0.00000, 0.00000, 0.00000, 0.00000, 1.00000, 0.00000, 3.45000, 19.87000, 0.00000, 1.00000, },
				{ 0.35021, -0.93667, 0.00000, 0.00000, 0.93667, 0.35021, 0.00000, 0.00000, 0.00000, 0.00000, 1.00000, 0.00000, 5.18000, 19.04000, 0.00000, 1.00000, },
			},
		},
	},
}
--End Generated

function data()
	return townbuildingutil.make_building2(
		{ { -4.60, -0.10 }, { 4.60, -0.10 }, { 4.60, 9.10 }, { -4.60, 9.10 } },
		"COMMERCIAL", 
		"B", 
		2,
		{ 3, 3 },
		generatedData,
		"construction/building/era_b/com_2_3x3_01.gtex"
	)
end
