local townbuildingutil = require "townbuildingutil"

--Model file: "building/era_b/com_2_3x4_02.mdl"

--Begin Generated
local generatedData = {
	["base"] = {
		models = {
			["building/era_b/com_2_3x4_02.mdl"] = {
				{ 1.00000, 0.00000, 0.00000, 0.00000, 0.00000, 1.00000, 0.00000, 0.00000, 0.00000, 0.00000, 1.00000, 0.00000, 0.00000, 1.50000, 0.00000, 1.00000, },
			},
		},
		curves = {
			["scaffold"] = {
				{ { 3.70410, 3.03180, 0.00000 }, { 3.70410, 3.03180, 0.00000 }, { 3.70410, 3.78066, 0.00000 }, { 3.70410, 3.78066, 0.00000 }, { 3.70410, 3.78066, 0.00000 }, { 8.94678, 3.78067, 0.00000 }, { 8.94678, 3.78067, 0.00000 }, { 8.94678, 3.78068, 0.00000 }, { 8.94678, 14.07523, 0.00000 }, { 8.94678, 14.07523, 0.00000 }, { 8.94678, 14.07523, 0.00000 }, { 1.04364, 14.06851, 0.00000 }, { 1.04364, 14.06851, 0.00000 }, { 1.04364, 14.06851, 0.00000 }, { 1.04364, 16.47510, 0.00000 }, { 1.04364, 16.47510, 0.00000 }, { 1.04364, 16.47510, 0.00000 }, { -9.15067, 16.47504, 0.00000 }, { -9.15067, 16.47504, 0.00000 }, { -9.15067, 16.47504, 0.00000 }, { -9.15076, 3.88062, 0.00000 }, { -9.15076, 3.88062, 0.00000 }, { -9.15076, 3.88062, 0.00000 }, { -3.82184, 3.88062, 0.00000 }, { -3.82184, 3.88062, 0.00000 }, { -3.82184, 3.88062, 0.00000 }, { -3.82184, 3.03183, 0.00000 }, { -3.82184, 3.03183, 0.00000 }, { -3.82184, 3.03183, 0.00000 }, { -0.82178, 3.03180, 0.00000 }, { -0.82178, 3.03180, 0.00000 }, { -0.82178, 3.03180, 0.00000 }, { -0.82178, 3.88062, 0.00000 }, { -0.82178, 3.88062, 0.00000 }, { -0.82178, 3.88062, 0.00000 }, { 0.70404, 3.88062, 0.00000 }, { 0.70404, 3.88062, 0.00000 }, { 0.70404, 3.88062, 0.00000 }, { 0.70404, 3.03180, 0.00000 }, { 0.70404, 3.03180, 0.00000 }, },
			},
			["shared/asphalt_02.gtex.lua;shared/dirt.gtex.lua"] = {
				{ { 12.00000, 0.00000, 0.00000 }, { 12.00000, 0.00000, 0.00000 }, { 12.00000, 31.99999, 0.00000 }, { 12.00000, 32.00000, 0.00000 }, { 12.00000, 32.00000, 0.00000 }, { -12.00000, 32.00000, 0.00000 }, { -12.00000, 32.00000, 0.00000 }, { -12.00000, 32.00000, 0.00000 }, { -12.00000, 28.00000, 0.00000 }, { -12.00000, 28.00000, 0.00000 }, { -12.00000, 28.00000, 0.00000 }, { 9.25000, 28.00000, 0.00000 }, { 9.25000, 28.00000, 0.00000 }, { 9.25000, 28.00000, 0.00000 }, { 9.25000, 17.50000, 0.00000 }, { 9.25000, 17.50000, 0.00000 }, { 9.25000, 17.50000, 0.00000 }, { 0.74051, 17.50000, 0.00000 }, { 0.74051, 17.50000, 0.00000 }, { 0.74051, 17.50000, 0.00000 }, { 0.74051, 16.17786, 0.00000 }, { 0.74051, 16.17786, 0.00000 }, { 0.74051, 16.17786, 0.00000 }, { -11.99948, 16.17786, 0.00000 }, { -11.99948, 16.17786, 0.00000 }, { -11.99948, 16.17786, 0.00000 }, { -12.00000, 0.00000, 0.00000 }, { -12.00000, 0.00000, 0.00000 }, },
			},
			["shared/grass_cutted_01.gtex.lua"] = {
				{ { 0.74051, 25.00000, 0.00000 }, { 0.74051, 25.00000, 0.00000 }, { 0.74051, 28.00000, 0.00000 }, { 0.74051, 28.00000, 0.00000 }, { 0.74051, 28.00000, 0.00000 }, { -12.00000, 28.00000, 0.00000 }, { -12.00000, 28.00000, 0.00000 }, { -12.00000, 28.00000, 0.00000 }, { -12.00000, 25.00000, 0.00000 }, { -12.00000, 25.00000, 0.00000 }, },
				{ { 9.25000, 17.50000, 0.00000 }, { 9.25000, 17.50000, 0.00000 }, { 9.25000, 28.00000, 0.00000 }, { 9.25000, 28.00000, 0.00000 }, { 9.25000, 28.00000, 0.00000 }, { 0.74051, 28.00000, 0.00000 }, { 0.74051, 28.00000, 0.00000 }, { 0.74051, 28.00000, 0.00000 }, { 0.74051, 17.50000, 0.00000 }, { 0.74051, 17.50000, 0.00000 }, },
			},
			["shared/gravel_02.gtex.lua"] = {
				{ { 0.74051, 16.17786, 0.00000 }, { 0.74051, 16.17786, 0.00000 }, { 0.74051, 25.00000, 0.00000 }, { 0.74051, 25.00000, 0.00000 }, { 0.74051, 25.00000, 0.00000 }, { -12.00000, 25.00000, 0.00000 }, { -12.00000, 25.00000, 0.00000 }, { -12.00000, 25.00000, 0.00000 }, { -11.99948, 16.17786, 0.00000 }, { -11.99948, 16.17786, 0.00000 }, },
			},
		},
	},
	["layout_1"] = {
		models = {
			["asset/commercial/all_eras/era_b_com_wall.mdl"] = {
				{ -1.00000, 0.00000, 0.00000, 0.00000, -0.00000, -1.00000, 0.00000, 0.00000, 0.00000, 0.00000, 1.00000, 0.00000, -10.50000, 31.85005, 0.00000, 1.00000, },
				{ -1.00000, 0.00000, 0.00000, 0.00000, -0.00000, -1.00000, 0.00000, 0.00000, 0.00000, 0.00000, 1.00000, 0.00000, -7.50000, 31.85005, 0.00000, 1.00000, },
				{ -1.00000, 0.00000, 0.00000, 0.00000, -0.00000, -1.00000, 0.00000, 0.00000, 0.00000, 0.00000, 1.00000, 0.00000, -4.50000, 31.85005, 0.00000, 1.00000, },
				{ -1.00000, 0.00000, 0.00000, 0.00000, -0.00000, -1.00000, 0.00000, 0.00000, 0.00000, 0.00000, 1.00000, 0.00000, -1.50000, 31.85005, 0.00000, 1.00000, },
				{ -1.00000, 0.00000, 0.00000, 0.00000, -0.00000, -1.00000, -0.00000, 0.00000, 0.00000, -0.00000, 1.00000, 0.00000, 1.50000, 31.85005, 0.00000, 1.00000, },
				{ -1.00000, 0.00000, 0.00000, 0.00000, -0.00000, -1.00000, -0.00000, 0.00000, 0.00000, -0.00000, 1.00000, 0.00000, 4.50000, 31.85005, 0.00000, 1.00000, },
				{ -1.00000, 0.00000, 0.00000, 0.00000, -0.00000, -1.00000, -0.00000, 0.00000, 0.00000, -0.00000, 1.00000, 0.00000, 7.50000, 31.85005, 0.00000, 1.00000, },
				{ -1.00000, 0.00000, 0.00000, 0.00000, -0.00000, -1.00000, -0.00000, 0.00000, 0.00000, -0.00000, 1.00000, 0.00000, 10.50000, 31.85005, 0.00000, 1.00000, },
				{ -0.00000, -1.00000, 0.00000, 0.00000, 1.00000, -0.00000, -0.00000, 0.00000, 0.00000, -0.00000, 1.00000, 0.00000, 0.59052, 20.67786, 0.00000, 1.00000, },
				{ -0.00000, -1.00000, 0.00000, 0.00000, 1.00000, -0.00000, -0.00000, 0.00000, 0.00000, -0.00000, 1.00000, 0.00000, 0.59052, 20.67786, 1.66000, 1.00000, },
				{ -0.00000, -1.00000, 0.00000, 0.00000, 1.00000, -0.00000, -0.00000, 0.00000, 0.00000, -0.00000, 1.00000, 0.00000, -11.84948, 23.67786, 0.00000, 1.00000, },
				{ -0.00000, -1.00000, 0.00000, 0.00000, 1.00000, -0.00000, -0.00000, 0.00000, 0.00000, -0.00000, 1.00000, 0.00000, 0.59052, 17.67786, 1.66000, 1.00000, },
				{ -0.00000, -1.00000, 0.00000, 0.00000, 1.00000, -0.00000, -0.00000, 0.00000, 0.00000, -0.00000, 1.00000, 0.00000, -11.84948, 20.67786, 0.00000, 1.00000, },
				{ -0.00000, -1.00000, 0.00000, 0.00000, 1.00000, -0.00000, -0.00000, 0.00000, 0.00000, -0.00000, 1.00000, 0.00000, 0.59052, 17.67786, 0.00000, 1.00000, },
				{ -0.00000, -1.00000, 0.00000, 0.00000, 1.00000, -0.00000, -0.00000, 0.00000, 0.00000, -0.00000, 1.00000, 0.00000, 0.59052, 23.67786, 1.66000, 1.00000, },
				{ -0.00000, -1.00000, 0.00000, 0.00000, 1.00000, -0.00000, -0.00000, 0.00000, 0.00000, -0.00000, 1.00000, 0.00000, 0.59052, 26.67786, 1.66000, 1.00000, },
				{ -0.00000, -1.00000, 0.00000, 0.00000, 1.00000, -0.00000, -0.00000, 0.00000, 0.00000, -0.00000, 1.00000, 0.00000, -11.84948, 26.67786, 0.00000, 1.00000, },
				{ -1.00000, 0.00000, 0.00000, 0.00000, -0.00000, -1.00000, -0.00000, 0.00000, 0.00000, -0.00000, 1.00000, 0.00000, -4.05948, 28.02786, 0.00000, 1.00000, },
				{ -0.00000, -1.00000, 0.00000, 0.00000, 1.00000, -0.00000, -0.00000, 0.00000, 0.00000, -0.00000, 1.00000, 0.00000, 0.59052, 23.67786, 0.00000, 1.00000, },
				{ -0.00000, -1.00000, 0.00000, 0.00000, 1.00000, -0.00000, -0.00000, 0.00000, 0.00000, -0.00000, 1.00000, 0.00000, 0.59052, 26.67786, 0.00000, 1.00000, },
				{ -1.00000, 0.00000, 0.00000, 0.00000, -0.00000, -1.00000, -0.00000, 0.00000, 0.00000, -0.00000, 1.00000, 0.00000, -1.05948, 28.02786, 0.00000, 1.00000, },
				{ -1.00000, 0.00000, 0.00000, 0.00000, -0.00000, -1.00000, -0.00000, 0.00000, 0.00000, -0.00000, 1.00000, 0.00000, -7.05948, 28.02786, 0.00000, 1.00000, },
				{ -1.04500, 0.00000, 0.00000, 0.00000, -0.00000, -1.00000, -0.00000, 0.00000, 0.00000, -0.00000, 1.00000, 0.00000, -10.13000, 28.02790, 0.00000, 1.00000, },
				{ -0.00000, -1.00000, 0.00000, 0.00000, 1.00000, -0.00000, -0.00000, 0.00000, 0.00000, -0.00000, 1.00000, 0.00000, -11.84949, 17.67786, 0.00000, 1.00000, },
				{ -0.00000, -1.00000, 0.00000, 0.00000, 1.00000, -0.00000, -0.00000, 0.00000, 0.00000, -0.00000, 1.00000, 0.00000, -11.84949, 14.67786, 0.00000, 1.00000, },
				{ -0.00000, -1.00000, 0.00000, 0.00000, 1.00000, -0.00000, -0.00000, 0.00000, 0.00000, -0.00000, 1.00000, 0.00000, -11.84949, 11.67786, 0.00000, 1.00000, },
				{ -0.00000, -1.00000, 0.00000, 0.00000, 1.00000, -0.00000, -0.00000, 0.00000, 0.00000, -0.00000, 1.00000, 0.00000, -11.84949, 8.67786, 0.00000, 1.00000, },
			},
			["asset/ground/garden_bench_wood_01.mdl"] = {
				{ 0.00000, 1.00000, 0.00000, 0.00000, -1.00000, 0.00000, 0.00000, 0.00000, 0.00000, -0.00000, 1.00000, 0.00000, 8.95667, 6.94000, -0.00000, 1.00000, },
				{ 0.00000, 1.00000, 0.00000, 0.00000, -1.00000, 0.00000, 0.00000, 0.00000, 0.00000, -0.00000, 1.00000, 0.00000, 8.95667, 10.78000, 0.00000, 1.00000, },
			},
			["asset/ground/garden_chair_plastic_01.mdl"] = {
				{ 0.87798, 0.47869, -0.00000, 0.00000, -0.47869, 0.87798, 0.00000, 0.00000, 0.00000, -0.00000, 1.00000, 0.00000, 1.35442, 3.83310, 7.24405, 1.00000, align = { 0.00000, 0.00000 }, ignore = { 4, 30 }, },
				{ 0.77494, -0.63203, -0.00000, 0.00000, 0.63203, 0.77494, -0.00000, 0.00000, 0.00000, -0.00000, 1.00000, 0.00000, 3.16620, 3.83692, 7.24406, 1.00000, align = { 0.00000, 0.00000 }, ignore = { 5, 30 }, },
			},
			["asset/vegetation/hedge_3m.mdl"] = {
				{ -0.00000, -1.00000, -0.00000, 0.00000, 1.00000, -0.00000, -0.00000, 0.00000, 0.00000, -0.00000, 1.00000, 0.00000, -9.82275, 27.34971, 0.00000, 1.00000, },
				{ -1.00000, 0.00000, -0.00000, 0.00000, -0.00000, -1.00000, -0.00000, 0.00000, -0.00000, -0.00000, 1.00000, 0.00000, -11.22775, 25.87471, 0.00000, 1.00000, },
				{ -0.00000, -1.00000, -0.00000, 0.00000, 1.00000, -0.00000, -0.00000, 0.00000, 0.00000, -0.00000, 1.00000, 0.00000, -6.82275, 27.34971, 0.00000, 1.00000, },
				{ -1.00000, 0.00000, -0.00000, 0.00000, -0.00000, -1.00000, -0.00000, 0.00000, -0.00000, -0.00000, 1.00000, 0.00000, -11.22775, 22.87471, 0.00000, 1.00000, },
				{ -1.00000, 0.00000, -0.00000, 0.00000, -0.00000, -1.00000, -0.00000, 0.00000, -0.00000, -0.00000, 1.00000, 0.00000, -11.22775, 14.39471, 0.00000, 1.00000, },
				{ -0.00000, -1.00000, -0.00000, 0.00000, 1.00000, -0.00000, -0.00000, 0.00000, 0.00000, -0.00000, 1.00000, 0.00000, -3.82275, 27.34971, 0.00000, 1.00000, },
				{ -1.00000, 0.00000, -0.00000, 0.00000, -0.00000, -1.00000, -0.00000, 0.00000, -0.00000, -0.00000, 1.00000, 0.00000, -11.22775, 19.87471, 0.00000, 1.00000, },
				{ -1.00000, 0.00000, -0.00000, 0.00000, -0.00000, -1.00000, -0.00000, 0.00000, -0.00000, -0.00000, 1.00000, 0.00000, -11.22775, 11.39471, 0.00000, 1.00000, },
				{ -0.00000, -1.00000, -0.00000, 0.00000, 1.00000, -0.00000, -0.00000, 0.00000, 0.00000, -0.00000, 1.00000, 0.00000, -1.52275, 27.34971, 0.00000, 1.00000, },
				{ -1.00000, 0.00000, -0.00000, 0.00000, -0.00000, -1.00000, -0.00000, 0.00000, -0.00000, -0.00000, 1.00000, 0.00000, -11.22775, 17.57471, 0.00000, 1.00000, },
				{ -1.00000, 0.00000, -0.00000, 0.00000, -0.00000, -1.00000, -0.00000, 0.00000, -0.00000, -0.00000, 1.00000, 0.00000, -11.22775, 9.09471, 0.00000, 1.00000, },
			},
			["street/street_asset_mix/trash_standing_a.mdl"] = {
				{ -1.00000, 0.00000, 0.00000, 0.00000, -0.00000, -1.00000, 0.00000, 0.00000, 0.00000, 0.00000, 1.00000, 0.00000, 8.97667, 8.86000, -0.00000, 1.00000, },
			},
			["street/street_light_us_a.mdl"] = {
				{ 0.00000, 1.00000, 0.00000, 0.00000, -1.00000, 0.00000, 0.00000, 0.00000, 0.00000, 0.00000, 1.00000, 0.00000, -7.20001, 30.90000, 0.00000, 1.00000, },
				{ 0.00000, 1.00000, 0.00000, 0.00000, -1.00000, 0.00000, 0.00000, 0.00000, 0.00000, 0.00000, 1.00000, 0.00000, -2.39999, 30.90000, 0.00000, 1.00000, },
				{ 0.00000, 1.00000, 0.00000, 0.00000, -1.00000, 0.00000, 0.00000, 0.00000, 0.00000, 0.00000, 1.00000, 0.00000, 2.39999, 30.90000, 0.00000, 1.00000, },
				{ 0.00000, 1.00000, 0.00000, 0.00000, -1.00000, 0.00000, 0.00000, 0.00000, 0.00000, 0.00000, 1.00000, 0.00000, 7.20001, 30.90000, 0.00000, 1.00000, },
			},
		},
		groups = {
			["com_sunshades_all.grp"] = {
				{ 0.71464, 0.69950, -0.00000, 0.00000, -0.69950, 0.71464, -0.00000, 0.00000, -0.00000, 0.00000, 1.00000, 0.00000, -7.73000, 18.44000, 0.00000, 1.00000, seed = 456, },
				{ -0.98765, -0.15665, 0.00000, 0.00000, 0.15665, -0.98765, 0.00000, 0.00000, 0.00000, 0.00000, 1.00000, 0.00000, -4.56000, 18.44000, 0.00000, 1.00000, seed = 456, },
				{ -0.65787, -0.75313, 0.00000, 0.00000, 0.75313, -0.65787, 0.00000, 0.00000, 0.00000, 0.00000, 1.00000, 0.00000, -1.58144, 18.44000, 0.00000, 1.00000, seed = 456, },
				{ 0.87023, 0.49265, 0.00000, 0.00000, -0.49265, 0.87023, 0.00000, 0.00000, 0.00000, -0.00000, 1.00000, 0.00000, -7.73000, 22.89000, 0.00000, 1.00000, seed = 456, },
				{ 0.55881, -0.82929, 0.00000, 0.00000, 0.82929, 0.55881, -0.00000, 0.00000, 0.00000, 0.00000, 1.00000, 0.00000, -4.56000, 22.89000, 0.00000, 1.00000, seed = 456, },
				{ 0.98036, 0.19721, -0.00000, 0.00000, -0.19721, 0.98036, -0.00000, 0.00000, -0.00000, 0.00000, 1.00000, 0.00000, -1.58144, 22.89000, 0.00000, 1.00000, seed = 456, },
			},
			["era_a_com_restaurant_chairs.grp"] = {
				{ 0.21243, -0.97718, 0.00000, 0.00000, 0.97718, 0.21243, 0.00000, 0.00000, -0.00000, 0.00000, 1.00000, 0.00000, -7.03795, 19.12803, 0.00000, 1.00000, seed = 456, },
				{ 0.13572, 0.99075, -0.00000, 0.00000, -0.99075, 0.13572, -0.00000, 0.00000, -0.00000, 0.00000, 1.00000, 0.00000, -8.46122, 18.95284, -0.00000, 1.00000, seed = 456, },
				{ 0.18052, -0.98357, 0.00000, 0.00000, 0.98357, 0.18052, 0.00000, 0.00000, -0.00000, 0.00000, 1.00000, 0.00000, -7.06151, 17.77823, 0.00000, 1.00000, seed = 456, },
				{ 0.03850, 0.99926, -0.00000, 0.00000, -0.99926, 0.03850, -0.00000, 0.00000, -0.00000, 0.00000, 1.00000, 0.00000, -8.49129, 17.80319, -0.00000, 1.00000, seed = 456, },
				{ -0.01164, -0.99993, -0.00000, 0.00000, 0.99993, -0.01164, 0.00000, 0.00000, -0.00000, -0.00000, 1.00000, 0.00000, -3.91252, 19.17012, 0.00000, 1.00000, seed = 456, },
				{ 0.07324, 0.99731, -0.00000, 0.00000, -0.99731, 0.07324, -0.00000, 0.00000, -0.00000, 0.00000, 1.00000, 0.00000, -5.32198, 18.90591, -0.00000, 1.00000, seed = 456, },
				{ 0.24192, -0.97030, 0.00000, 0.00000, 0.97030, 0.24192, 0.00000, 0.00000, -0.00000, -0.00000, 1.00000, 0.00000, -3.85128, 17.82151, 0.00000, 1.00000, seed = 456, },
				{ 0.05802, 0.99832, -0.00000, 0.00000, -0.99832, 0.05802, -0.00000, 0.00000, -0.00000, 0.00000, 1.00000, 0.00000, -5.27980, 17.75665, -0.00000, 1.00000, seed = 456, },
				{ 0.22577, -0.97418, 0.00000, 0.00000, 0.97418, 0.22577, 0.00000, 0.00000, -0.00000, 0.00000, 1.00000, 0.00000, -0.89663, 19.13524, 0.00000, 1.00000, seed = 456, },
				{ 0.12533, 0.99211, -0.00000, 0.00000, -0.99211, 0.12533, -0.00000, 0.00000, -0.00000, 0.00000, 1.00000, 0.00000, -2.31800, 18.94515, -0.00000, 1.00000, seed = 456, },
				{ 0.19081, -0.98163, 0.00000, 0.00000, 0.98163, 0.19081, 0.00000, 0.00000, -0.00000, 0.00000, 1.00000, 0.00000, -0.90606, 17.78527, 0.00000, 1.00000, seed = 456, },
				{ 0.14614, 0.98926, -0.00000, 0.00000, -0.98926, 0.14614, -0.00000, 0.00000, -0.00000, 0.00000, 1.00000, 0.00000, -2.33602, 17.79525, -0.00000, 1.00000, seed = 456, },
				{ 0.24869, -0.96858, -0.00000, 0.00000, 0.96858, 0.24869, 0.00000, 0.00000, -0.00000, -0.00000, 1.00000, 0.00000, -7.10257, 23.28830, 0.00000, 1.00000, seed = 456, },
				{ -0.03141, 0.99951, -0.00000, 0.00000, -0.99951, -0.03141, -0.00000, 0.00000, -0.00000, -0.00000, 1.00000, 0.00000, -8.53651, 23.27371, -0.00000, 1.00000, seed = 456, },
				{ 0.05401, -0.99854, -0.00000, 0.00000, 0.99854, 0.05401, 0.00000, 0.00000, -0.00000, -0.00000, 1.00000, 0.00000, -6.96051, 22.34898, 0.00000, 1.00000, seed = 456, },
				{ -0.09719, 0.99527, -0.00000, 0.00000, -0.99527, -0.09719, -0.00000, 0.00000, -0.00000, 0.00000, 1.00000, 0.00000, -8.37443, 22.13515, -0.00000, 1.00000, seed = 456, },
				{ 0.01745, -0.99985, 0.00000, 0.00000, 0.99985, 0.01745, 0.00000, 0.00000, -0.00000, 0.00000, 1.00000, 0.00000, -3.87231, 23.32806, 0.00000, 1.00000, seed = 456, },
				{ -0.12880, 0.99167, -0.00000, 0.00000, -0.99167, -0.12880, -0.00000, 0.00000, -0.00000, 0.00000, 1.00000, 0.00000, -5.29122, 23.40284, -0.00000, 1.00000, seed = 456, },
				{ -0.26902, -0.96313, -0.00000, 0.00000, 0.96313, -0.26902, 0.00000, 0.00000, -0.00000, 0.00000, 1.00000, 0.00000, -3.89151, 22.22823, 0.00000, 1.00000, seed = 456, },
				{ 0.07548, 0.99715, -0.00000, 0.00000, -0.99715, 0.07548, -0.00000, 0.00000, -0.00000, 0.00000, 1.00000, 0.00000, -5.32129, 22.25319, -0.00000, 1.00000, seed = 456, },
				{ 0.49090, -0.87121, -0.00000, 0.00000, 0.87121, 0.49090, 0.00000, 0.00000, -0.00000, -0.00000, 1.00000, 0.00000, -1.01382, 23.68380, 0.00000, 1.00000, seed = 456, },
				{ -0.03141, 0.99951, -0.00000, 0.00000, -0.99951, -0.03141, -0.00000, 0.00000, -0.00000, -0.00000, 1.00000, 0.00000, -2.38795, 23.27371, -0.00000, 1.00000, seed = 456, },
				{ 0.03640, -0.99934, -0.00000, 0.00000, 0.99934, 0.03640, 0.00000, 0.00000, -0.00000, -0.00000, 1.00000, 0.00000, -0.81195, 22.34898, 0.00000, 1.00000, seed = 456, },
				{ 0.01837, 0.99983, 0.00000, 0.00000, -0.99983, 0.01837, -0.00000, 0.00000, -0.00000, -0.00000, 1.00000, 0.00000, -2.22587, 22.13515, -0.00000, 1.00000, seed = 456, },
			},
			["era_a_garden_chair.grp"] = {
				{ -0.03141, 0.99951, 0.00000, 0.00000, -0.99951, -0.03141, 0.00000, 0.00000, 0.00000, -0.00000, 1.00000, 0.00000, -3.39068, 3.57578, 7.24405, 1.00000, align = { 0.00000, 0.00000 }, seed = 456, ignore = { 7, 20 }, },
				{ -0.09411, -0.99556, -0.00000, 0.00000, 0.99556, -0.09411, 0.00000, 0.00000, -0.00000, 0.00000, 1.00000, 0.00000, -2.14109, 3.54215, 7.24405, 1.00000, align = { 0.00000, 0.00000 }, seed = 456, ignore = { 8, 20 }, },
			},
			["era_b_awning_shops_end.grp"] = {
				{ 0.86430, -0.00000, 0.00000, 0.00000, 0.00000, 0.86430, 0.00000, 0.00000, 0.00000, 0.00000, 0.86430, 0.00000, 7.03851, 4.26831, 3.17824, 1.00000, align = { 0.00000, 1.50000 }, seed = 128, },
				{ 0.86430, 0.00000, 0.00000, 0.00000, 0.00000, 0.86430, 0.00000, 0.00000, 0.00000, 0.00000, 0.86430, 0.00000, -6.98149, 4.26831, 3.17824, 1.00000, align = { 0.00000, 1.50000 }, seed = 456, },
				{ 0.86430, 0.00000, 0.00000, 0.00000, 0.00000, 0.86430, 0.00000, 0.00000, 0.00000, 0.00000, 0.86430, 0.00000, 0.11351, 4.26831, 3.17824, 1.00000, align = { 0.00000, 1.50000 }, seed = 456, },
				{ -0.00000, -0.86430, 0.00000, 0.00000, 0.86430, -0.00000, 0.00000, 0.00000, 0.00000, 0.00000, 0.86430, 0.00000, -8.67449, 6.07831, 3.17824, 1.00000, align = { 0.00000, 1.50000 }, seed = 456, },
			},
			["era_b_awning_shops_repeat.grp"] = {
				{ 0.86430, -0.00000, 0.00000, 0.00000, 0.00000, 0.86430, 0.00000, 0.00000, 0.00000, 0.00000, 0.86430, 0.00000, 7.03851, 4.26831, 3.17824, 1.00000, align = { 0.00000, 1.50000 }, seed = 128, },
				{ 0.86430, 0.00000, 0.00000, 0.00000, 0.00000, 0.86430, 0.00000, 0.00000, 0.00000, 0.00000, 0.86430, 0.00000, -6.98149, 4.26831, 3.17824, 1.00000, align = { 0.00000, 1.50000 }, seed = 456, },
				{ 0.86430, 0.00000, 0.00000, 0.00000, 0.00000, 0.86430, 0.00000, 0.00000, 0.00000, 0.00000, 0.86430, 0.00000, 0.11351, 4.26831, 3.17824, 1.00000, align = { 0.00000, 1.50000 }, seed = 456, },
				{ -0.00000, -0.86430, 0.00000, 0.00000, 0.86430, -0.00000, 0.00000, 0.00000, 0.00000, 0.00000, 0.86430, 0.00000, -8.67449, 6.07831, 3.17824, 1.00000, align = { 0.00000, 1.50000 }, seed = 456, },
			},
			["era_b_awning_shops_start.grp"] = {
				{ 0.86430, -0.00000, 0.00000, 0.00000, 0.00000, 0.86430, 0.00000, 0.00000, 0.00000, 0.00000, 0.86430, 0.00000, 7.03851, 4.26831, 3.17824, 1.00000, align = { 0.00000, 1.50000 }, seed = 128, },
				{ 0.86430, 0.00000, 0.00000, 0.00000, 0.00000, 0.86430, 0.00000, 0.00000, 0.00000, 0.00000, 0.86430, 0.00000, -6.98149, 4.26831, 3.17824, 1.00000, align = { 0.00000, 1.50000 }, seed = 456, },
				{ 0.86430, 0.00000, 0.00000, 0.00000, 0.00000, 0.86430, 0.00000, 0.00000, 0.00000, 0.00000, 0.86430, 0.00000, 0.11351, 4.26831, 3.17824, 1.00000, align = { 0.00000, 1.50000 }, seed = 456, },
				{ -0.00000, -0.86430, 0.00000, 0.00000, 0.86430, -0.00000, 0.00000, 0.00000, 0.00000, 0.00000, 0.86430, 0.00000, -8.67449, 6.07831, 3.17824, 1.00000, align = { 0.00000, 1.50000 }, seed = 456, },
			},
			["era_b_com_restaurant_tables.grp"] = {
				{ -0.01745, -0.99985, 0.00000, 0.00000, 0.99985, -0.01745, 0.00000, 0.00000, -0.00000, 0.00000, 1.00000, 0.00000, -7.73000, 18.44000, 0.00000, 1.00000, seed = 456, },
				{ 0.04536, -0.99897, -0.00000, 0.00000, 0.99897, 0.04536, 0.00000, 0.00000, -0.00000, -0.00000, 1.00000, 0.00000, -4.56000, 18.44000, 0.00000, 1.00000, seed = 456, },
				{ -0.00698, -0.99998, 0.00000, 0.00000, 0.99998, -0.00698, 0.00000, 0.00000, -0.00000, 0.00000, 1.00000, 0.00000, -1.58144, 18.44000, 0.00000, 1.00000, seed = 456, },
				{ 0.14954, -0.98876, -0.00000, 0.00000, 0.98876, 0.14954, 0.00000, 0.00000, -0.00000, -0.00000, 1.00000, 0.00000, -7.73000, 22.89000, 0.00000, 1.00000, seed = 456, },
				{ -0.01745, -0.99985, 0.00000, 0.00000, 0.99985, -0.01745, 0.00000, 0.00000, -0.00000, 0.00000, 1.00000, 0.00000, -4.56000, 22.89000, 0.00000, 1.00000, seed = 456, },
				{ 0.14954, -0.98876, -0.00000, 0.00000, 0.98876, 0.14954, 0.00000, 0.00000, -0.00000, -0.00000, 1.00000, 0.00000, -1.58144, 22.89000, 0.00000, 1.00000, seed = 456, },
			},
			["era_b_food_booth_01.grp"] = {
				{ 1.00000, 0.00000, 0.00000, 0.00000, 0.00000, 1.00000, 0.00000, 0.00000, 0.00000, 0.00000, 1.00000, 0.00000, 7.08000, 4.06000, 0.00000, 1.00000, seed = 128, },
			},
			["era_b_food_store_ground_sign.grp"] = {
				{ -0.00000, -1.00000, 0.00000, 0.00000, 1.00000, -0.00000, 0.00000, 0.00000, 0.00000, 0.00000, 1.00000, 0.00000, 5.44000, 2.76000, 0.00000, 1.00000, seed = 128, ignore = { 2, 50 }, },
			},
			["era_b_food_store_sign_mini.grp"] = {
				{ 1.22500, 0.00000, 0.00000, 0.00000, 0.00000, 1.22500, 0.00000, 0.00000, 0.00000, 0.00000, 1.22500, 0.00000, 7.04030, 4.19798, 3.62977, 1.00000, align = { 0.00000, 1.50000 }, seed = 128, },
			},
			["era_b_food_store_wall_sign.grp"] = {
				{ 1.00000, -0.00000, 0.00000, 0.00000, 0.00000, 1.00000, 0.00000, 0.00000, 0.00000, 0.00000, 1.00000, 0.00000, 8.13359, 4.22798, 5.11625, 1.00000, align = { 0.00000, 1.50000 }, seed = 128, },
			},
			["era_b_restaurant_ground_sign.grp"] = {
				{ 0.51803, -0.85536, 0.00000, 0.00000, 0.85536, 0.51803, 0.00000, 0.00000, 0.00000, 0.00000, 1.00000, 0.00000, -4.98000, 2.50000, 0.00000, 1.00000, seed = 456, ignore = { 3, 60 }, },
			},
			["era_b_restaurant_sign_big.grp"] = {
				{ 0.58117, 0.00000, 0.00000, 0.00000, 0.00000, 0.58117, 0.00000, 0.00000, 0.00000, 0.00000, 0.58117, 0.00000, 0.11133, 4.12792, 3.65291, 1.00000, align = { 0.00000, 1.50000 }, seed = 456, },
				{ 0.58117, 0.00000, 0.00000, 0.00000, 0.00000, 0.58117, 0.00000, 0.00000, 0.00000, 0.00000, 0.58117, 0.00000, -6.98367, 4.12792, 3.65291, 1.00000, align = { 0.00000, 1.50000 }, seed = 456, },
				{ -0.00000, -0.58117, 0.00000, 0.00000, 0.58117, -0.00000, 0.00000, 0.00000, 0.00000, 0.00000, 0.58117, 0.00000, -8.82367, 6.07792, 3.65291, 1.00000, align = { 0.00000, 1.50000 }, seed = 456, },
			},
			["era_b_restaurant_sign_small.grp"] = {
				{ 0.70725, 0.00000, 0.00000, 0.00000, 0.00000, 0.70725, 0.00000, 0.00000, 0.00000, 0.00000, 0.70725, 0.00000, -3.74843, 3.61888, 3.64264, 1.00000, align = { 0.00000, 1.50000 }, seed = 456, },
			},
			["era_b_restaurant_wall_sign_big.grp"] = {
				{ 0.67275, 0.00000, 0.00000, 0.00000, 0.00000, 0.67275, 0.00000, 0.00000, 0.00000, 0.00000, 0.67275, 0.00000, -8.54460, 4.17786, 5.75552, 1.00000, align = { 0.00000, 1.50000 }, seed = 456, },
			},
			["era_b_restaurant_wall_sign_small.grp"] = {
				{ 1.00000, 0.00000, 0.00000, 0.00000, 0.00000, 1.00000, 0.00000, 0.00000, 0.00000, 0.00000, 1.00000, 0.00000, -1.64312, 4.17791, 4.85363, 1.00000, align = { 0.00000, 1.50000 }, seed = 456, },
			},
			["era_b_sunshade_small.grp"] = {
				{ -0.49458, -0.44925, 0.00000, 0.00000, 0.44925, -0.49458, 0.00000, 0.00000, 0.00000, 0.00000, 0.66816, 0.00000, -2.76190, 3.55779, 7.74902, 1.00000, align = { 0.00000, 0.00000 }, ignore = { 9, 80 }, },
			},
			["garden_table_round.grp"] = {
				{ 0.99939, -0.03490, -0.00000, 0.00000, 0.03490, 0.99939, 0.00000, 0.00000, 0.00000, -0.00000, 1.00000, 0.00000, -2.76071, 3.56379, 7.24405, 1.00000, align = { 0.00000, 0.00000 }, seed = 456, ignore = { 6, 20 }, },
			},
			["random_large_tree_town.grp"] = {
				{ -0.41469, 0.90996, 0.00000, 0.00000, -0.90996, -0.41469, -0.00000, 0.00000, 0.00000, -0.00000, 1.00000, 0.00000, 6.86000, 23.66710, 0.00000, 1.00000, },
				{ 0.66745, -0.05839, 0.00000, 0.00000, 0.05839, 0.66745, -0.00000, 0.00000, -0.00000, 0.00000, 0.67000, 0.00000, 4.71000, 21.24710, 0.00000, 1.00000, },
			},
			["random_medium_tree_town.grp"] = {
				{ 0.13581, -0.88969, 0.00000, 0.00000, 0.88969, 0.13581, 0.00000, 0.00000, -0.00000, 0.00000, 0.90000, 0.00000, 4.69000, 25.92000, 0.00000, 1.00000, },
			},
			["random_shrub_town.grp"] = {
				{ -0.72657, -0.68709, 0.00000, 0.00000, 0.68709, -0.72657, 0.00000, 0.00000, 0.00000, 0.00000, 1.00000, 0.00000, 6.60001, 26.67000, 0.00000, 1.00000, },
				{ 0.33216, 0.94322, 0.00000, 0.00000, -0.94322, 0.33216, -0.00000, 0.00000, -0.00000, -0.00000, 1.00000, 0.00000, 4.30000, 26.67000, 0.00000, 1.00000, },
				{ -0.66393, 0.74780, 0.00000, 0.00000, -0.74780, -0.66393, -0.00000, 0.00000, -0.00000, -0.00000, 1.00000, 0.00000, 2.15001, 26.67000, 0.00000, 1.00000, },
				{ -0.72657, -0.68709, 0.00000, 0.00000, 0.68709, -0.72657, 0.00000, 0.00000, 0.00000, 0.00000, 1.00000, 0.00000, 6.60001, 18.47000, 0.00000, 1.00000, },
				{ 0.33216, 0.94322, 0.00000, 0.00000, -0.94322, 0.33216, -0.00000, 0.00000, -0.00000, -0.00000, 1.00000, 0.00000, 4.30000, 18.47000, 0.00000, 1.00000, },
				{ -0.66393, 0.74780, 0.00000, 0.00000, -0.74780, -0.66393, -0.00000, 0.00000, -0.00000, -0.00000, 1.00000, 0.00000, 2.15001, 18.47000, 0.00000, 1.00000, },
				{ 0.68709, -0.72657, 0.00000, 0.00000, 0.72657, 0.68709, 0.00000, 0.00000, 0.00000, 0.00000, 1.00000, 0.00000, 8.35001, 22.92000, 0.00000, 1.00000, },
				{ -0.94322, 0.33216, 0.00000, 0.00000, -0.33216, -0.94322, 0.00000, 0.00000, 0.00000, 0.00000, 1.00000, 0.00000, 8.35001, 20.62000, 0.00000, 1.00000, },
				{ -0.74780, -0.66393, 0.00000, 0.00000, 0.66393, -0.74780, 0.00000, 0.00000, 0.00000, 0.00000, 1.00000, 0.00000, 8.35001, 18.47000, 0.00000, 1.00000, },
				{ -0.09932, 0.99506, 0.00000, 0.00000, -0.99506, -0.09932, 0.00000, 0.00000, 0.00000, 0.00000, 1.00000, 0.00000, 8.35001, 24.92000, 0.00000, 1.00000, },
				{ 0.35021, -0.93667, 0.00000, 0.00000, 0.93667, 0.35021, 0.00000, 0.00000, 0.00000, 0.00000, 1.00000, 0.00000, 8.28000, 26.89000, 0.00000, 1.00000, },
			},
		},
	},
}
--End Generated

function data()
	return townbuildingutil.make_building2(
		{ { -4.60, -0.10 }, { 4.60, -0.10 }, { 4.60, 9.10 }, { -4.60, 9.10 } },
		"COMMERCIAL", 
		"B", 
		2,
		{ 3, 4 },
		generatedData,
		"construction/building/era_b/com_2_3x4_02.gtex"
	)
end
