local townbuildingutil = require "townbuildingutil"

--Model file: "building/era_b/com_1_3x4_03.mdl"

--Begin Generated
local generatedData = {
	["base"] = {
		models = {
			["building/era_b/com_1_3x4_03.mdl"] = {
				{ 1.00000, 0.00000, 0.00000, 0.00000, 0.00000, 1.00000, -0.00175, 0.00000, 0.00000, 0.00175, 1.00000, 0.00000, 0.00000, 3.05000, 0.00000, 1.00000, },
			},
		},
		curves = {
			["scaffold"] = {
				{ { 6.21179, 5.05599, 0.00000 }, { 6.21179, 5.05599, 0.00000 }, { 6.21179, 14.56245, 0.00000 }, { 6.21179, 14.56245, 0.00000 }, { 6.21179, 14.56245, 0.00000 }, { -5.88113, 14.55586, 0.00000 }, { -5.88113, 14.55586, 0.00000 }, { -5.88113, 14.55586, 0.00000 }, { -5.88126, 5.06290, 0.00000 }, { -5.88126, 5.06290, 0.00000 }, { -5.88126, 5.06290, 0.00000 }, { -0.45215, 5.06278, 0.00000 }, { -0.45215, 5.06278, 0.00000 }, { -0.45215, 5.06278, 0.00000 }, { -0.45215, 4.50487, 0.00000 }, { -0.45215, 4.50487, 0.00000 }, { -0.45215, 4.50487, 0.00000 }, { 0.74786, 4.50487, 0.00000 }, { 0.74786, 4.50487, 0.00000 }, { 0.74786, 4.50487, 0.00000 }, { 0.74786, 5.06289, 0.00000 }, { 0.74786, 5.06289, 0.00000 }, },
			},
			["shared/asphalt_02.gtex.lua;shared/dirt.gtex.lua"] = {
				{ { 12.00000, 0.00000, -0.00002 }, { 12.00000, 0.00000, -0.00002 }, { 12.00000, 14.00000, -0.00002 }, { 12.00000, 14.00000, -0.00002 }, { 12.00000, 14.00000, -0.00002 }, { -12.00000, 14.00000, -0.00002 }, { -12.00000, 14.00000, -0.00002 }, { -12.00000, 14.00000, -0.00002 }, { -12.00000, 0.00000, -0.00002 }, { -12.00000, 0.00000, -0.00002 }, },
			},
			["shared/asphalt_03.gtex.lua;shared/dirt.gtex.lua"] = {
				{ { 12.00000, 14.00000, -0.00002 }, { 12.00000, 14.00000, -0.00002 }, { 12.00000, 23.00000, -0.00002 }, { 12.00000, 23.00000, -0.00002 }, { 12.00000, 23.00000, -0.00002 }, { 0.00003, 22.99000, -0.00002 }, { 0.00003, 22.99000, -0.00002 }, { 0.00003, 22.99000, -0.00002 }, { 0.00003, 25.99000, -0.00002 }, { 0.00003, 25.99000, -0.00002 }, { 0.00003, 25.99000, -0.00002 }, { 3.59140, 26.70130, -0.00002 }, { 3.59140, 26.70130, -0.00002 }, { 3.59140, 26.70130, -0.00002 }, { 5.45938, 28.84284, -0.00002 }, { 5.45938, 28.84284, -0.00002 }, { 5.45938, 28.84284, -0.00002 }, { 5.92780, 32.02382, -0.00002 }, { 5.92780, 32.02382, -0.00002 }, { 5.92780, 32.02382, -0.00002 }, { -11.99997, 32.00000, -0.00002 }, { -11.99997, 32.00000, -0.00002 }, { -11.99997, 31.99999, -0.00002 }, { -12.00000, 14.00000, -0.00002 }, { -12.00000, 14.00000, -0.00002 }, },
			},
			["shared/grass_cutted_01.gtex.lua"] = {
				{ { 12.00000, 23.00000, -0.00002 }, { 12.00000, 23.00000, -0.00002 }, { 12.00000, 32.00000, -0.00002 }, { 12.00000, 32.00000, -0.00002 }, { 12.00000, 32.00000, -0.00002 }, { 5.92780, 32.02382, -0.00002 }, { 5.92780, 32.02382, -0.00002 }, { 5.92780, 32.02382, -0.00002 }, { 5.45938, 28.84284, -0.00002 }, { 5.45938, 28.84284, -0.00002 }, { 5.45938, 28.84284, -0.00002 }, { 3.59140, 26.70130, -0.00002 }, { 3.59140, 26.70130, -0.00002 }, { 3.59140, 26.70130, -0.00002 }, { 0.00003, 25.99000, -0.00002 }, { 0.00003, 25.99000, -0.00002 }, { 0.00003, 25.99000, -0.00002 }, { 0.00003, 22.99000, -0.00002 }, { 0.00003, 22.99000, -0.00002 }, },
			},
		},
	},
	["layout_1"] = {
		models = {
			["asset/commercial/all_eras/era_b_com_wall.mdl"] = {
				{ 0.80000, 0.00000, 0.00000, 0.00000, 0.00000, 1.00000, 0.00000, 0.00000, -0.00000, 0.00000, 1.00000, 0.00000, 10.80000, 10.85000, 0.00000, 1.00000, align = { 10.80000, 6.20000 }, },
				{ -0.00000, 1.00000, 0.00000, 0.00000, -1.00000, -0.00000, -0.00000, 0.00000, 0.00000, -0.00000, 1.00000, 0.00000, 11.85000, 6.20000, -0.00000, 1.00000, align = { 10.80000, 6.20000 }, },
				{ -0.00000, 1.00000, 0.00000, 0.00000, -1.00000, -0.00000, -0.00000, 0.00000, 0.00000, -0.00000, 1.00000, 0.00000, 11.85000, 9.20000, 0.00000, 1.00000, align = { 10.80000, 6.20000 }, },
				{ 0.80000, 0.00000, 0.00000, 0.00000, 0.00000, 1.00000, 0.00000, 0.00000, -0.00000, 0.00000, 1.00000, 0.00000, 10.80000, 4.55000, -0.00000, 1.00000, align = { 10.80000, 6.20000 }, },
				{ -0.00000, 1.00000, 0.00000, 0.00000, -1.00000, -0.00000, -0.00000, 0.00000, 0.00000, -0.00000, 1.00000, 0.00000, 9.75000, 6.20000, -0.00000, 1.00000, align = { 10.80000, 6.20000 }, },
				{ -0.00000, 1.00000, 0.00000, 0.00000, -1.00000, -0.00000, -0.00000, 0.00000, 0.00000, -0.00000, 1.00000, 0.00000, 9.75000, 9.20000, 0.00000, 1.00000, align = { 10.80000, 6.20000 }, },
				{ 0.80000, 0.00000, 0.00000, 0.00000, 0.00000, 1.00000, 0.00000, 0.00000, -0.00000, 0.00000, 1.00000, 0.00000, -10.80000, 10.85000, 0.00000, 1.00000, align = { -10.80000, 6.20000 }, },
				{ -0.00000, 1.00000, 0.00000, 0.00000, -1.00000, -0.00000, -0.00000, 0.00000, 0.00000, -0.00000, 1.00000, 0.00000, -9.75000, 6.20000, -0.00000, 1.00000, align = { -10.80000, 6.20000 }, },
				{ -0.00000, 1.00000, 0.00000, 0.00000, -1.00000, -0.00000, -0.00000, 0.00000, 0.00000, -0.00000, 1.00000, 0.00000, -9.75000, 9.20000, 0.00000, 1.00000, align = { -10.80000, 6.20000 }, },
				{ 0.80000, 0.00000, 0.00000, 0.00000, 0.00000, 1.00000, 0.00000, 0.00000, -0.00000, 0.00000, 1.00000, 0.00000, -10.80000, 4.55000, -0.00000, 1.00000, align = { -10.80000, 6.20000 }, },
				{ -0.00000, 1.00000, 0.00000, 0.00000, -1.00000, -0.00000, -0.00000, 0.00000, 0.00000, -0.00000, 1.00000, 0.00000, -11.85000, 6.20000, -0.00000, 1.00000, align = { -10.80000, 6.20000 }, },
				{ -0.00000, 1.00000, 0.00000, 0.00000, -1.00000, -0.00000, -0.00000, 0.00000, 0.00000, -0.00000, 1.00000, 0.00000, -11.85000, 9.20000, 0.00000, 1.00000, align = { -10.80000, 6.20000 }, },
				{ -0.00000, 1.00000, -0.00000, 0.00000, -1.00000, -0.00000, -0.00000, 0.00000, -0.00000, -0.00000, 1.00000, 0.00000, -11.84998, 15.50000, 0.00000, 1.00000, },
				{ -0.00000, 1.00000, -0.00000, 0.00000, -1.00000, -0.00000, -0.00000, 0.00000, -0.00000, -0.00000, 1.00000, 0.00000, 11.85002, 15.50000, 0.00000, 1.00000, },
				{ 1.00000, 0.00000, 0.00000, 0.00000, 0.00000, 1.00000, 0.00000, 0.00000, 0.00000, 0.00000, 1.00000, 0.00000, 1.20003, 22.84950, 0.00000, 1.00000, },
				{ 1.00000, 0.00000, 0.00000, 0.00000, 0.00000, 1.00000, 0.00000, 0.00000, 0.00000, 0.00000, 1.00000, 0.00000, -10.19998, 14.10000, 0.00000, 1.00000, },
				{ 1.00000, 0.00000, 0.00000, 0.00000, 0.00000, 1.00000, 0.00000, 0.00000, 0.00000, 0.00000, 1.00000, 0.00000, 7.20003, 22.84950, 0.00000, 1.00000, },
				{ 1.00000, 0.00000, 0.00000, 0.00000, 0.00000, 1.00000, 0.00000, 0.00000, 0.00000, 0.00000, 1.00000, 0.00000, -4.19998, 8.88000, 0.00000, 1.00000, },
				{ 1.00000, 0.00000, 0.00000, 0.00000, 0.00000, 1.00000, 0.00000, 0.00000, 0.00000, 0.00000, 1.00000, 0.00000, 4.20003, 22.84950, 0.00000, 1.00000, },
				{ 1.00000, 0.00000, 0.00000, 0.00000, 0.00000, 1.00000, 0.00000, 0.00000, 0.00000, 0.00000, 1.00000, 0.00000, -7.19998, 14.10000, 0.00000, 1.00000, },
				{ -0.00000, 1.00000, -0.00000, 0.00000, -1.00000, -0.00000, -0.00000, 0.00000, -0.00000, -0.00000, 1.00000, 0.00000, -11.84998, 21.50000, 0.00000, 1.00000, },
				{ -0.00000, 1.00000, -0.00000, 0.00000, -1.00000, -0.00000, -0.00000, 0.00000, -0.00000, -0.00000, 1.00000, 0.00000, 11.85002, 21.50000, 0.00000, 1.00000, },
				{ -0.00000, 1.00000, -0.00000, 0.00000, -1.00000, -0.00000, -0.00000, 0.00000, -0.00000, -0.00000, 1.00000, 0.00000, -11.84998, 24.50000, 0.00000, 1.00000, },
				{ -0.00000, 1.00000, -0.00000, 0.00000, -1.00000, -0.00000, -0.00000, 0.00000, -0.00000, -0.00000, 1.00000, 0.00000, -0.14997, 24.49000, 0.00000, 1.00000, },
				{ -0.00000, 1.00000, -0.00000, 0.00000, -1.00000, -0.00000, -0.00000, 0.00000, -0.00000, -0.00000, 1.00000, 0.00000, -11.84998, 18.50000, 0.00000, 1.00000, },
				{ -0.00000, 1.00000, -0.00000, 0.00000, -1.00000, -0.00000, -0.00000, 0.00000, -0.00000, -0.00000, 1.00000, 0.00000, 11.85002, 18.50000, 0.00000, 1.00000, },
				{ -0.00000, 1.00000, -0.00000, 0.00000, -1.00000, -0.00000, -0.00000, 0.00000, -0.00000, -0.00000, 1.00000, 0.00000, -11.84998, 27.50000, 0.00000, 1.00000, },
				{ -0.00000, 1.00000, -0.00000, 0.00000, -1.00000, -0.00000, -0.00000, 0.00000, -0.00000, -0.00000, 1.00000, 0.00000, -11.84998, 30.50000, 0.00000, 1.00000, },
				{ 1.00000, 0.00000, 0.00000, 0.00000, 0.00000, 1.00000, 0.00000, 0.00000, 0.00000, 0.00000, 1.00000, 0.00000, 10.20002, 22.84950, 0.00000, 1.00000, },
				{ 1.00000, 0.00000, 0.00000, 0.00000, 0.00000, 1.00000, 0.00000, 0.00000, 0.00000, 0.00000, 1.00000, 0.00000, -10.19998, 31.85000, 0.00000, 1.00000, },
				{ 1.00000, 0.00000, 0.00000, 0.00000, 0.00000, 1.00000, 0.00000, 0.00000, 0.00000, 0.00000, 1.00000, 0.00000, -7.19998, 31.85000, 0.00000, 1.00000, },
				{ 1.00000, 0.00000, 0.00000, 0.00000, 0.00000, 1.00000, 0.00000, 0.00000, 0.00000, 0.00000, 1.00000, 0.00000, -4.19998, 31.85000, 0.00000, 1.00000, },
				{ 0.90100, 0.00000, 0.00000, 0.00000, 0.00000, 1.00000, 0.00000, 0.00000, 0.00000, 0.00000, 1.00000, 0.00000, -1.34998, 31.85000, 0.00000, 1.00000, },
				{ 1.00000, 0.00000, 0.00000, 0.00000, 0.00000, 1.00000, 0.00000, 0.00000, 0.00000, 0.00000, 1.00000, 0.00000, 10.20004, 14.10000, 0.00000, 1.00000, },
				{ 1.00000, 0.00000, 0.00000, 0.00000, 0.00000, 1.00000, 0.00000, 0.00000, 0.00000, 0.00000, 1.00000, 0.00000, 7.20004, 14.10000, 0.00000, 1.00000, },
				{ -0.00000, 1.00000, -0.00000, 0.00000, -1.00000, -0.00000, -0.00000, 0.00000, -0.00000, -0.00000, 1.00000, 0.00000, -11.84998, 12.50000, 0.00000, 1.00000, },
				{ -0.00000, 1.00000, -0.00000, 0.00000, -1.00000, -0.00000, -0.00000, 0.00000, -0.00000, -0.00000, 1.00000, 0.00000, 11.85004, 12.50000, 0.00000, 1.00000, },
			},
			["asset/ground/garden_chair_plastic_01.mdl"] = {
				{ 0.91355, 0.40674, 0.00000, 0.00000, -0.40674, 0.91355, 0.00000, 0.00000, -0.00000, -0.00000, 1.00000, 0.00000, 8.03000, 21.76000, 0.00000, 1.00000, },
				{ 0.81513, -0.57928, 0.00000, 0.00000, 0.57928, 0.81513, 0.00000, 0.00000, -0.00000, -0.00000, 1.00000, 0.00000, 9.91000, 21.76000, 0.00000, 1.00000, },
			},
			["asset/ground/garden_table_round_wood_01.mdl"] = {
				{ 0.80902, -0.58779, 0.00000, 0.00000, 0.58779, 0.80902, 0.00000, 0.00000, 0.00000, 0.00000, 1.00000, 0.00000, 9.04000, 21.62000, 0.00000, 1.00000, },
			},
			["asset/industry/cardboard_box_01.mdl"] = {
				{ 0.84805, -0.52992, 0.00000, 0.00000, 0.52992, 0.84805, 0.00000, 0.00000, 0.00000, 0.00000, 1.00000, 0.00000, -5.05000, 29.01000, 0.00000, 1.00000, ignore = { 2, 50 }, },
				{ 0.98769, 0.15643, 0.00000, 0.00000, -0.15643, 0.98769, 0.00000, 0.00000, 0.00000, 0.00000, 1.00000, 0.00000, -4.70000, 30.13000, 0.00000, 1.00000, ignore = { 2, 50 }, },
				{ 0.98163, -0.19081, 0.00000, 0.00000, 0.19081, 0.98163, 0.00000, 0.00000, 0.00000, 0.00000, 1.00000, 0.00000, -3.92000, 29.67000, 0.00000, 1.00000, ignore = { 2, 50 }, },
				{ 0.99990, 0.01396, 0.00000, 0.00000, -0.01396, 0.99990, 0.00000, 0.00000, 0.00000, 0.00000, 1.00000, 0.00000, -5.91000, 28.85000, 0.00000, 1.00000, ignore = { 2, 50 }, },
				{ -0.01396, 0.99990, 0.00000, 0.00000, -0.99990, -0.01396, 0.00000, 0.00000, 0.00000, 0.00000, 1.00000, 0.00000, -5.55000, 28.85000, 0.52000, 1.00000, ignore = { 2, 50 }, },
				{ 0.84805, -0.52992, 0.00000, 0.00000, 0.52992, 0.84805, 0.00000, 0.00000, 0.00000, 0.00000, 1.00000, 0.00000, -8.11000, 28.98000, 0.00000, 1.00000, },
				{ 0.99990, 0.01396, 0.00000, 0.00000, -0.01396, 0.99990, 0.00000, 0.00000, 0.00000, 0.00000, 1.00000, 0.00000, -8.97000, 28.82000, 0.00000, 1.00000, },
				{ 0.48481, 0.87462, 0.00000, 0.00000, -0.87462, 0.48481, 0.00000, 0.00000, 0.00000, 0.00000, 1.00000, 0.00000, -6.96000, 29.14000, 0.00000, 1.00000, },
				{ -0.01396, 0.99990, -0.00000, 0.00000, -0.99990, -0.01396, 0.00000, 0.00000, -0.00000, 0.00000, 1.00000, 0.00000, -8.61000, 28.82000, 0.52000, 1.00000, },
			},
			["asset/industry/pallet_01.mdl"] = {
				{ 1.00000, 0.00000, 0.00000, 0.00000, 0.00000, 0.34202, -0.93969, 0.00000, 0.00000, 0.93969, 0.34202, 0.00000, 1.74500, 14.50500, 0.56000, 1.00000, },
				{ 0.06627, -0.99780, 0.00000, 0.00000, 0.99780, 0.06627, 0.00000, 0.00000, 0.00000, 0.00000, 1.00000, 0.00000, -2.10282, 16.91824, 0.00000, 1.00000, ignore = { 4, 25 }, },
				{ -0.15877, -0.98732, 0.00000, 0.00000, 0.98732, -0.15877, 0.00000, 0.00000, 0.00000, 0.00000, 1.00000, 0.00000, 3.56999, 15.38000, 0.14400, 1.00000, },
				{ -0.24181, -0.97032, 0.00000, 0.00000, 0.97032, -0.24181, 0.00000, 0.00000, 0.00000, 0.00000, 1.00000, 0.00000, 3.56999, 15.38000, 0.28800, 1.00000, },
				{ -0.20791, -0.97815, 0.00000, 0.00000, 0.97815, -0.20791, 0.00000, 0.00000, 0.00000, 0.00000, 1.00000, 0.00000, 3.56999, 15.38000, 0.43200, 1.00000, },
				{ -0.17114, -0.98525, 0.00000, 0.00000, 0.98525, -0.17114, 0.00000, 0.00000, 0.00000, 0.00000, 1.00000, 0.00000, 3.56999, 15.38000, 0.57600, 1.00000, },
				{ -0.20791, -0.97815, 0.00000, 0.00000, 0.97815, -0.20791, 0.00000, 0.00000, 0.00000, 0.00000, 1.00000, 0.00000, 3.56999, 15.38000, 0.72000, 1.00000, },
				{ -0.16318, -0.98660, 0.00000, 0.00000, 0.98660, -0.16318, 0.00000, 0.00000, 0.00000, 0.00000, 1.00000, 0.00000, 3.56999, 15.38000, 0.86400, 1.00000, },
				{ 0.99705, 0.07672, 0.00000, 0.00000, -0.07672, 0.99705, 0.00000, 0.00000, 0.00000, 0.00000, 1.00000, 0.00000, 6.89000, 16.91000, 0.00000, 1.00000, },
			},
			["asset/industry/wooden_box_03.mdl"] = {
				{ 0.04188, -0.99912, 0.00000, 0.00000, 0.99912, 0.04188, 0.00000, 0.00000, 0.00000, 0.00000, 1.00000, 0.00000, -9.18178, 16.80472, 0.99587, 1.00000, ignore = { 3, 50 }, },
				{ 0.18738, -0.98229, 0.00000, 0.00000, 0.98229, 0.18738, 0.00000, 0.00000, 0.00000, 0.00000, 1.00000, 0.00000, -9.28936, 17.96258, 0.99587, 1.00000, ignore = { 3, 50 }, },
				{ 0.04188, -0.99912, 0.00000, 0.00000, 0.99912, 0.04188, 0.00000, 0.00000, 0.00000, 0.00000, 1.00000, 0.00000, -7.35000, 17.32000, 0.00000, 1.00000, ignore = { 3, 50 }, },
				{ -0.06976, -0.99756, -0.00000, 0.00000, 0.99756, -0.06976, 0.00000, 0.00000, -0.00000, 0.00000, 1.00000, 0.00000, -7.10000, 18.47000, 0.00000, 1.00000, ignore = { 3, 50 }, },
				{ 0.04188, -0.99912, 0.00000, 0.00000, 0.99912, 0.04188, 0.00000, 0.00000, 0.00000, 0.00000, 1.00000, 0.00000, -9.22000, 16.57000, 0.00000, 1.00000, },
				{ 0.04188, -0.99912, 0.00000, 0.00000, 0.99912, 0.04188, 0.00000, 0.00000, 0.00000, 0.00000, 1.00000, 0.00000, -9.22000, 17.72000, 0.00000, 1.00000, },
				{ 0.04188, -0.99912, 0.00000, 0.00000, 0.99912, 0.04188, 0.00000, 0.00000, 0.00000, 0.00000, 1.00000, 0.00000, -9.47000, 18.82000, 0.00000, 1.00000, },
				{ -0.06976, -0.99756, -0.00000, 0.00000, 0.99756, -0.06976, 0.00000, 0.00000, -0.00000, 0.00000, 1.00000, 0.00000, -9.22000, 19.97000, 0.00000, 1.00000, },
			},
			["asset/vegetation/hedge_3m.mdl"] = {
				{ -0.00000, -1.00000, 0.00000, 0.00000, 0.90000, -0.00000, 0.00000, 0.00000, 0.00000, 0.00000, 1.00000, 0.00000, -9.97057, 14.80305, 0.00000, 1.00000, },
				{ -0.00000, -1.00000, 0.00000, 0.00000, 0.90000, -0.00000, 0.00000, 0.00000, 0.00000, 0.00000, 1.00000, 0.00000, -7.33057, 14.80305, 0.00000, 1.00000, },
				{ -0.00000, -1.00000, 0.00000, 0.00000, 0.90000, -0.00000, 0.00000, 0.00000, 0.00000, 0.00000, 1.00000, 0.00000, 9.90943, 14.70305, 0.00000, 1.00000, },
				{ -1.00000, 0.00000, 0.00000, 0.00000, -0.00000, -0.90000, -0.00000, 0.00000, -0.00000, -0.00000, 1.00000, 0.00000, 11.11943, 15.87305, 0.00000, 1.00000, },
				{ -1.00000, 0.00000, 0.00000, 0.00000, -0.00000, -0.90000, -0.00000, 0.00000, -0.00000, -0.00000, 1.00000, 0.00000, -11.19057, 15.87305, 0.00000, 1.00000, },
				{ -0.00000, -1.00000, 0.00000, 0.00000, 0.90000, -0.00000, 0.00000, 0.00000, 0.00000, 0.00000, 1.00000, 0.00000, 7.36943, 14.70305, 0.00000, 1.00000, },
				{ -1.00000, 0.00000, 0.00000, 0.00000, -0.00000, -0.90000, -0.00000, 0.00000, -0.00000, -0.00000, 1.00000, 0.00000, 11.11943, 18.41305, 0.00000, 1.00000, },
				{ -1.00000, 0.00000, 0.00000, 0.00000, -0.00000, -0.90000, -0.00000, 0.00000, -0.00000, -0.00000, 1.00000, 0.00000, -11.19057, 18.41305, 0.00000, 1.00000, },
				{ -1.00000, 0.00000, 0.00000, 0.00000, -0.00000, -0.90000, -0.00000, 0.00000, -0.00000, -0.00000, 1.00000, 0.00000, 11.11943, 20.96305, 0.00000, 1.00000, },
				{ -1.00000, 0.00000, 0.00000, 0.00000, -0.00000, -0.90000, -0.00000, 0.00000, -0.00000, -0.00000, 1.00000, 0.00000, -11.19057, 20.96305, 0.00000, 1.00000, },
				{ -1.00000, 0.00000, 0.00000, 0.00000, -0.00000, -0.90000, -0.00000, 0.00000, -0.00000, -0.00000, 1.00000, 0.00000, -11.19057, 23.66305, 0.00000, 1.00000, },
				{ -1.00000, 0.00000, 0.00000, 0.00000, -0.00000, -0.90000, -0.00000, 0.00000, -0.00000, -0.00000, 1.00000, 0.00000, -11.19057, 26.46305, 0.00000, 1.00000, },
				{ -1.00000, 0.00000, 0.00000, 0.00000, -0.00000, -0.98550, -0.00000, 0.00000, -0.00000, -0.00000, 1.00000, 0.00000, -11.19057, 29.81305, 0.00000, 1.00000, },
			},
			["station/rail/asset/cargo_pallet_jack.mdl"] = {
				{ 0.24531, -0.96945, 0.00000, 0.00000, 0.96945, 0.24531, 0.00000, 0.00000, 0.00000, 0.00000, 1.00000, 0.00000, 5.42500, 16.69000, -0.02000, 1.00000, },
				{ -0.99452, -0.10453, -0.00000, 0.00000, 0.10453, -0.99452, 0.00000, 0.00000, -0.00000, 0.00000, 1.00000, 0.00000, -1.37932, 16.95634, 0.00000, 1.00000, ignore = { 4, 25 }, },
			},
		},
		groups = {
			["era_a_barrel_wood.grp"] = {
				{ 1.00000, 0.00000, 0.00000, 0.00000, 0.00000, 1.00000, 0.00000, 0.00000, 0.00000, 0.00000, 1.00000, 0.00000, 0.45000, 21.75000, 0.00000, 1.00000, },
				{ 1.00000, 0.00000, 0.00000, 0.00000, 0.00000, 1.00000, 0.00000, 0.00000, 0.00000, 0.00000, 1.00000, 0.00000, 1.78000, 21.80000, 0.00000, 1.00000, },
				{ 1.00000, 0.00000, 0.00000, 0.00000, 0.00000, 1.00000, 0.00000, 0.00000, 0.00000, 0.00000, 1.00000, 0.00000, 1.18000, 20.65000, 0.00000, 1.00000, },
				{ 1.00000, 0.00000, 0.00000, 0.00000, 0.00000, 1.00000, 0.00000, 0.00000, 0.00000, 0.00000, 1.00000, 0.00000, 2.53000, 20.70000, 0.00000, 1.00000, },
				{ 0.95450, 0.28903, 0.07344, 0.00000, -0.07672, -0.00000, 0.99705, 0.00000, 0.28818, -0.95732, 0.02217, 0.00000, -1.16000, 22.56000, 0.54000, 1.00000, },
				{ 1.00000, 0.00000, 0.00000, 0.00000, 0.00000, 1.00000, 0.00000, 0.00000, 0.00000, 0.00000, 1.00000, 0.00000, 3.04000, 21.80000, 0.00000, 1.00000, },
			},
			["era_a_com_1_asset_food_box_m.grp"] = {
				{ -0.06279, -0.99803, 0.00000, 0.00000, 0.99803, -0.06279, 0.00000, 0.00000, 0.00000, 0.00000, 1.00000, 0.00000, 8.86000, 18.08000, 0.00000, 1.00000, ignore = { 5, 50 }, },
				{ 0.11840, -0.99297, 0.00000, 0.00000, 0.99297, 0.11840, 0.00000, 0.00000, 0.00000, 0.00000, 1.00000, 0.00000, 8.99500, 18.97500, 0.00000, 1.00000, ignore = { 5, 50 }, },
				{ 0.98420, -0.17708, 0.00000, 0.00000, 0.17708, 0.98420, 0.00000, 0.00000, 0.00000, 0.00000, 1.00000, 0.00000, 8.66500, 18.71000, 0.47000, 1.00000, ignore = { 5, 50 }, },
				{ 0.98978, 0.14263, 0.00000, 0.00000, -0.14263, 0.98978, 0.00000, 0.00000, 0.00000, 0.00000, 1.00000, 0.00000, 8.48500, 17.98500, 0.47000, 1.00000, ignore = { 5, 50 }, },
				{ 0.06279, -0.99803, 0.00000, 0.00000, 0.99803, 0.06279, 0.00000, 0.00000, 0.00000, 0.00000, 1.00000, 0.00000, 8.16000, 17.97000, 0.00000, 1.00000, ignore = { 5, 50 }, },
				{ 0.84989, 0.52696, 0.00000, 0.00000, -0.52696, 0.84989, 0.00000, 0.00000, 0.00000, 0.00000, 1.00000, 0.00000, 7.12500, 18.24500, 0.00000, 1.00000, ignore = { 5, 50 }, },
				{ -0.09411, -0.99556, 0.00000, 0.00000, 0.99556, -0.09411, 0.00000, 0.00000, 0.00000, 0.00000, 1.00000, 0.00000, 8.23500, 18.88000, 0.00000, 1.00000, ignore = { 5, 50 }, },
			},
			["era_a_wooden_box.grp"] = {
				{ 1.00000, 0.00000, 0.00000, 0.00000, 0.00000, 1.00000, 0.00000, 0.00000, 0.00000, 0.00000, 1.00000, 0.00000, -9.85000, 26.15000, 0.00000, 1.00000, },
				{ -0.12187, -0.99255, 0.00000, 0.00000, 0.99255, -0.12187, 0.00000, 0.00000, 0.00000, 0.00000, 1.00000, 0.00000, -9.72000, 27.44000, 0.00000, 1.00000, },
			},
			["era_a_wooden_box_on.grp"] = {
				{ 0.35184, -0.93606, 0.00000, 0.00000, 0.93606, 0.35184, 0.00000, 0.00000, 0.00000, 0.00000, 1.00000, 0.00000, -2.07787, 16.88542, 0.15000, 1.00000, seed = 256, ignore = { 4, 25 }, },
				{ 0.99897, -0.04536, 0.00000, 0.00000, 0.04536, 0.99897, 0.00000, 0.00000, 0.00000, 0.00000, 1.00000, 0.00000, -2.40000, 15.49000, 0.00000, 1.00000, seed = 256, ignore = { 4, 25 }, },
				{ 0.94322, -0.33216, 0.00000, 0.00000, 0.33216, 0.94322, 0.00000, 0.00000, 0.00000, 0.00000, 1.00000, 0.00000, -2.44327, 15.48991, 0.89113, 1.00000, seed = 256, ignore = { 4, 25 }, },
				{ 1.00000, 0.00000, 0.00000, 0.00000, 0.00000, 1.00000, 0.00000, 0.00000, 0.00000, 0.00000, 1.00000, 0.00000, -1.34000, 15.35000, 0.00000, 1.00000, seed = 256, ignore = { 4, 25 }, },
				{ 0.99897, -0.04536, 0.00000, 0.00000, 0.04536, 0.99897, 0.00000, 0.00000, 0.00000, 0.00000, 1.00000, 0.00000, -3.46000, 16.61000, 0.00000, 1.00000, seed = 278, },
				{ 0.99970, -0.02443, 0.00000, 0.00000, 0.02443, 0.99970, 0.00000, 0.00000, 0.00000, 0.00000, 1.00000, 0.00000, -4.54000, 15.35000, 0.00000, 1.00000, seed = 278, },
				{ 0.99961, 0.02792, 0.00000, 0.00000, -0.02792, 0.99961, 0.00000, 0.00000, 0.00000, 0.00000, 1.00000, 0.00000, -3.46000, 15.35000, 0.00000, 1.00000, seed = 278, },
			},
			["era_b_awning_shops_end.grp"] = {
				{ 0.95000, 0.00000, 0.00000, 0.00000, 0.00000, 1.00000, -0.00000, 0.00000, 0.00000, 0.00000, 1.00000, 0.00000, 4.58028, 5.30882, 2.81122, 1.00000, align = { 0.00000, 3.05000 }, seed = 456, },
				{ -0.00000, -0.95000, 0.00000, 0.00000, 1.00000, -0.00000, -0.00000, 0.00000, 0.00000, 0.00000, 1.00000, 0.00000, -5.82471, 6.96382, 2.81122, 1.00000, align = { 0.00000, 3.05000 }, seed = 456, },
				{ -0.00000, 0.95000, -0.00000, 0.00000, -1.00000, -0.00000, 0.00000, 0.00000, 0.00000, 0.00000, 1.00000, 0.00000, 6.16029, 12.64382, 2.81122, 1.00000, align = { 0.00000, 3.05000 }, seed = 456, },
			},
			["era_b_awning_shops_repeat.grp"] = {
				{ 0.95000, 0.00000, 0.00000, 0.00000, 0.00000, 1.00000, -0.00000, 0.00000, 0.00000, 0.00000, 1.00000, 0.00000, -1.11971, 5.30882, 2.81122, 1.00000, align = { 0.00000, 3.05000 }, seed = 456, },
				{ 0.95000, 0.00000, 0.00000, 0.00000, 0.00000, 1.00000, -0.00000, 0.00000, 0.00000, 0.00000, 1.00000, 0.00000, -3.96972, 5.30882, 2.81122, 1.00000, align = { 0.00000, 3.05000 }, seed = 456, },
				{ 0.95000, 0.00000, 0.00000, 0.00000, 0.00000, 1.00000, -0.00000, 0.00000, 0.00000, 0.00000, 1.00000, 0.00000, 1.73029, 5.30882, 2.81122, 1.00000, align = { 0.00000, 3.05000 }, seed = 456, },
				{ 0.95000, 0.00000, 0.00000, 0.00000, 0.00000, 1.00000, -0.00000, 0.00000, 0.00000, 0.00000, 1.00000, 0.00000, 4.58029, 5.30882, 2.81122, 1.00000, align = { 0.00000, 3.05000 }, seed = 456, },
				{ -0.00000, -0.95000, 0.00000, 0.00000, 1.00000, -0.00000, -0.00000, 0.00000, 0.00000, 0.00000, 1.00000, 0.00000, -5.82471, 9.81382, 2.81122, 1.00000, align = { 0.00000, 3.05000 }, seed = 456, },
				{ -0.00000, -0.95000, 0.00000, 0.00000, 1.00000, -0.00000, -0.00000, 0.00000, 0.00000, 0.00000, 1.00000, 0.00000, -5.82471, 12.66383, 2.81122, 1.00000, align = { 0.00000, 3.05000 }, seed = 456, },
				{ -0.00000, -0.95000, 0.00000, 0.00000, 1.00000, -0.00000, -0.00000, 0.00000, 0.00000, 0.00000, 1.00000, 0.00000, -5.82471, 6.96382, 2.81122, 1.00000, align = { 0.00000, 3.05000 }, seed = 456, },
				{ -0.00000, 0.95000, -0.00000, 0.00000, -1.00000, -0.00000, 0.00000, 0.00000, 0.00000, 0.00000, 1.00000, 0.00000, 6.16029, 9.79382, 2.81122, 1.00000, align = { 0.00000, 3.05000 }, seed = 456, },
				{ -0.00000, 0.95000, -0.00000, 0.00000, -1.00000, -0.00000, 0.00000, 0.00000, 0.00000, 0.00000, 1.00000, 0.00000, 6.16029, 6.94380, 2.81122, 1.00000, align = { 0.00000, 3.05000 }, seed = 456, },
				{ -0.00000, 0.95000, -0.00000, 0.00000, -1.00000, -0.00000, 0.00000, 0.00000, 0.00000, 0.00000, 1.00000, 0.00000, 6.16029, 12.64382, 2.81122, 1.00000, align = { 0.00000, 3.05000 }, seed = 456, },
			},
			["era_b_awning_shops_start.grp"] = {
				{ 0.95000, 0.00000, 0.00000, 0.00000, 0.00000, 1.00000, -0.00000, 0.00000, 0.00000, 0.00000, 1.00000, 0.00000, -3.96972, 5.30882, 2.81122, 1.00000, align = { 0.00000, 3.05000 }, seed = 456, },
				{ -0.00000, -0.95000, 0.00000, 0.00000, 1.00000, -0.00000, -0.00000, 0.00000, 0.00000, 0.00000, 1.00000, 0.00000, -5.82471, 12.66383, 2.81122, 1.00000, align = { 0.00000, 3.05000 }, seed = 456, },
				{ -0.00000, 0.95000, -0.00000, 0.00000, -1.00000, -0.00000, 0.00000, 0.00000, 0.00000, 0.00000, 1.00000, 0.00000, 6.16029, 6.94380, 2.81122, 1.00000, align = { 0.00000, 3.05000 }, seed = 456, },
			},
			["era_b_food_booth_01.grp"] = {
				{ -0.00000, 1.00000, 0.00000, 0.00000, -1.00000, -0.00000, 0.00000, 0.00000, 0.00000, 0.00000, 1.00000, 0.00000, 6.25000, 6.69543, 0.00000, 1.00000, seed = 456, },
				{ -0.00000, 1.00000, 0.00000, 0.00000, -1.00000, -0.00000, 0.00000, 0.00000, 0.00000, 0.00000, 1.00000, 0.00000, 6.25000, 8.38043, 0.00000, 1.00000, seed = 456, },
			},
			["era_b_food_booth_02.grp"] = {
				{ 1.00000, 0.00000, 0.00000, 0.00000, 0.00000, 1.00000, 0.00000, 0.00000, 0.00000, 0.00000, 1.00000, 0.00000, 4.53250, 5.18793, 0.00000, 1.00000, seed = 456, },
				{ 1.00000, 0.00000, 0.00000, 0.00000, 0.00000, 1.00000, 0.00000, 0.00000, 0.00000, 0.00000, 1.00000, 0.00000, 2.84750, 5.18793, 0.00000, 1.00000, seed = 456, },
			},
			["era_b_food_store_box_01.grp"] = {
				{ 0.99985, -0.01745, 0.00000, 0.00000, 0.01745, 0.99985, 0.00000, 0.00000, 0.00000, 0.00000, 1.00000, 0.00000, 6.84781, 16.94909, 0.14458, 1.00000, },
			},
			["era_b_food_store_box_02.grp"] = {
				{ 1.00000, 0.00000, 0.00000, 0.00000, 0.00000, 1.00000, 0.00000, 0.00000, 0.00000, 0.00000, 1.00000, 0.00000, 8.06472, 16.76460, 0.23686, 1.00000, },
				{ 0.47255, 0.88130, 0.00000, 0.00000, -0.88130, 0.47255, 0.00000, 0.00000, 0.00000, 0.00000, 1.00000, 0.00000, 9.10972, 16.78960, 0.23686, 1.00000, },
			},
			["era_b_food_store_box_03.grp"] = {
				{ 0.98357, -0.18052, 0.00000, 0.00000, 0.18052, 0.98357, 0.00000, 0.00000, 0.00000, 0.00000, 1.00000, 0.00000, 8.05449, 16.81127, 0.47372, 1.00000, },
				{ 0.62388, 0.78152, 0.00000, 0.00000, -0.78152, 0.62388, 0.00000, 0.00000, 0.00000, 0.00000, 1.00000, 0.00000, 9.09949, 16.83627, 0.47372, 1.00000, },
			},
			["era_b_food_store_box_04.grp"] = {
				{ 0.85536, -0.51803, 0.00000, 0.00000, 0.51803, 0.85536, 0.00000, 0.00000, 0.00000, 0.00000, 1.00000, 0.00000, 6.78412, 17.05662, 0.38144, 1.00000, },
			},
			["era_b_food_store_box_05.grp"] = {
				{ 0.99844, 0.05582, 0.00000, 0.00000, -0.05582, 0.99844, 0.00000, 0.00000, 0.00000, 0.00000, 1.00000, 0.00000, 8.06842, 16.84783, 0.71058, 1.00000, },
			},
			["era_b_food_store_box_06.grp"] = {
				{ 1.00000, 0.00000, 0.00000, 0.00000, 0.00000, 1.00000, 0.00000, 0.00000, 0.00000, 0.00000, 1.00000, 0.00000, 8.07000, 16.77500, 0.00000, 1.00000, },
				{ 0.47255, 0.88130, 0.00000, 0.00000, -0.88130, 0.47255, 0.00000, 0.00000, 0.00000, 0.00000, 1.00000, 0.00000, 9.11500, 16.80000, 0.00000, 1.00000, },
			},
			["era_b_food_store_ground_sign.grp"] = {
				{ -0.78369, 0.62115, -0.00000, 0.00000, -0.62115, -0.78369, 0.00000, 0.00000, -0.00000, 0.00000, 1.00000, 0.00000, -1.60000, 4.26160, -0.00000, 1.00000, align = { 0.00000, 3.05000 }, seed = 456, },
			},
			["era_b_food_store_sign_big.grp"] = {
				{ -0.00000, -1.00000, 0.00000, 0.00000, 1.00000, -0.00000, 0.00000, 0.00000, -0.00000, 0.00000, 1.00000, 0.00000, -5.83826, 9.78519, 3.33383, 1.00000, align = { 0.00000, 3.05000 }, seed = 456, },
				{ -0.00000, 1.00000, -0.00000, 0.00000, -1.00000, -0.00000, 0.00000, 0.00000, 0.00000, 0.00000, 1.00000, 0.00000, 6.14174, 9.78519, 3.33383, 1.00000, align = { 0.00000, 3.05000 }, seed = 456, },
			},
			["era_b_garbage_container.grp"] = {
				{ 0.99978, 0.02094, 0.00000, 0.00000, -0.02094, 0.99978, 0.00000, 0.00000, 0.00000, 0.00000, 1.00000, 0.00000, -6.61351, 30.38000, -0.00000, 1.00000, },
				{ 0.99897, -0.04536, 0.00000, 0.00000, 0.04536, 0.99897, 0.00000, 0.00000, 0.00000, 0.00000, 1.00000, 0.00000, -9.38351, 30.39000, -0.00000, 1.00000, },
			},
			["random_large_tree_town.grp"] = {
				{ -0.41469, 0.90996, 0.00000, 0.00000, -0.90996, -0.41469, -0.00000, 0.00000, 0.00000, -0.00000, 1.00000, 0.00000, 9.75000, 29.56710, 0.00000, 1.00000, },
				{ 0.66745, -0.05839, 0.00000, 0.00000, 0.05839, 0.66745, -0.00000, 0.00000, -0.00000, 0.00000, 0.67000, 0.00000, 3.56000, 25.47710, 0.00000, 1.00000, },
			},
			["random_medium_tree_town.grp"] = {
				{ 0.67110, -0.19905, 0.00000, 0.00000, 0.19905, 0.67110, 0.00000, 0.00000, -0.00000, 0.00000, 0.70000, 0.00000, 8.10000, 25.60000, 0.00000, 1.00000, },
			},
			["random_shrub_town.grp"] = {
				{ 0.17835, -0.67690, 0.00000, 0.00000, 0.67690, 0.17835, 0.00000, 0.00000, -0.00000, 0.00000, 0.70000, 0.00000, 10.77438, 5.61008, -0.00000, 1.00000, align = { 10.80000, 6.20000 }, },
				{ -0.50466, 0.48510, 0.00000, 0.00000, -0.48510, -0.50466, -0.00000, 0.00000, 0.00000, -0.00000, 0.70000, 0.00000, 10.77438, 8.29008, 0.00000, 1.00000, align = { 10.80000, 6.20000 }, },
				{ 0.68313, -0.15274, 0.00000, 0.00000, 0.15274, 0.68313, 0.00000, 0.00000, -0.00000, 0.00000, 0.70000, 0.00000, 10.77438, 6.61008, 0.00000, 1.00000, align = { 10.80000, 6.20000 }, },
				{ -0.69977, -0.01779, 0.00000, 0.00000, 0.01779, -0.69977, 0.00000, 0.00000, 0.00000, 0.00000, 0.70000, 0.00000, 10.77438, 9.29008, 0.00000, 1.00000, align = { 10.80000, 6.20000 }, },
				{ 0.20997, 0.66777, 0.00000, 0.00000, -0.66777, 0.20997, -0.00000, 0.00000, -0.00000, -0.00000, 0.70000, 0.00000, 10.74438, 7.36008, 0.00000, 1.00000, align = { 10.80000, 6.20000 }, },
				{ 0.41276, 0.56536, 0.00000, 0.00000, -0.56536, 0.41276, -0.00000, 0.00000, -0.00000, -0.00000, 0.70000, 0.00000, 10.74438, 10.04008, 0.00000, 1.00000, align = { 10.80000, 6.20000 }, },
				{ 0.17835, -0.67690, 0.00000, 0.00000, 0.67690, 0.17835, 0.00000, 0.00000, -0.00000, 0.00000, 0.70000, 0.00000, -10.82562, 5.61008, -0.00000, 1.00000, align = { -10.80000, 6.20000 }, },
				{ -0.50466, 0.48510, 0.00000, 0.00000, -0.48510, -0.50466, -0.00000, 0.00000, 0.00000, -0.00000, 0.70000, 0.00000, -10.82562, 8.29008, 0.00000, 1.00000, align = { -10.80000, 6.20000 }, },
				{ 0.68313, -0.15274, 0.00000, 0.00000, 0.15274, 0.68313, 0.00000, 0.00000, -0.00000, 0.00000, 0.70000, 0.00000, -10.82562, 6.61008, 0.00000, 1.00000, align = { -10.80000, 6.20000 }, },
				{ -0.69977, -0.01779, 0.00000, 0.00000, 0.01779, -0.69977, 0.00000, 0.00000, 0.00000, 0.00000, 0.70000, 0.00000, -10.82562, 9.29008, 0.00000, 1.00000, align = { -10.80000, 6.20000 }, },
				{ 0.20997, 0.66777, 0.00000, 0.00000, -0.66777, 0.20997, -0.00000, 0.00000, -0.00000, -0.00000, 0.70000, 0.00000, -10.85562, 7.36008, 0.00000, 1.00000, align = { -10.80000, 6.20000 }, },
				{ 0.41276, 0.56536, 0.00000, 0.00000, -0.56536, 0.41276, -0.00000, 0.00000, -0.00000, -0.00000, 0.70000, 0.00000, -10.85562, 10.04008, 0.00000, 1.00000, align = { -10.80000, 6.20000 }, },
			},
		},
	},
}
--End Generated

function data()
	return townbuildingutil.make_building2(
		{ { -4.60, -0.10 }, { 4.60, -0.10 }, { 4.60, 9.10 }, { -4.60, 9.10 } },
		"COMMERCIAL", 
		"B", 
		1,
		{ 3, 4 },
		generatedData,
		"construction/building/era_b/com_1_3x4_03.gtex"
	)
end
