local townbuildingutil = require "townbuildingutil"

--Model file: "building/era_b/com_1_4x4_04.mdl"

--Begin Generated
local generatedData = {
	["base"] = {
		models = {
			["building/era_b/com_1_4x4_04.mdl"] = {
				{ 1.00000, 0.00000, 0.00000, 0.00000, 0.00000, 1.00000, 0.00000, 0.00000, 0.00000, 0.00000, 1.00000, 0.00000, 0.00000, 3.00000, 0.00000, 1.00000, },
			},
		},
		curves = {
			["scaffold"] = {
				{ { 7.58472, 4.99076, 0.00000 }, { 7.58472, 4.99076, 0.00000 }, { 7.58002, 14.36000, 0.00000 }, { 7.58002, 14.36000, 0.00000 }, { 7.58002, 14.36000, 0.00000 }, { 1.18970, 14.36000, 0.00000 }, { 1.18970, 14.36000, 0.00000 }, { 1.18970, 14.36000, 0.00000 }, { 1.18958, 16.55116, 0.00000 }, { 1.18958, 16.55116, 0.00000 }, { 1.18958, 16.55116, 0.00000 }, { -8.20740, 16.55115, 0.00000 }, { -8.20740, 16.55115, 0.00000 }, { -8.20740, 16.55115, 0.00000 }, { -8.20740, 13.74335, 0.00000 }, { -8.20740, 13.74335, 0.00000 }, { -8.20740, 13.74335, 0.00000 }, { -9.23035, 13.74335, 0.00000 }, { -9.23035, 13.74335, 0.00000 }, { -9.23035, 13.74335, 0.00000 }, { -9.23047, 7.14026, 0.00000 }, { -9.23047, 7.14026, 0.00000 }, { -9.23047, 7.14026, 0.00000 }, { -8.20068, 7.14026, 0.00000 }, { -8.20068, 7.14026, 0.00000 }, { -8.20068, 7.14026, 0.00000 }, { -8.20068, 4.99076, 0.00000 }, { -8.20068, 4.99076, 0.00000 }, },
			},
			["shared/asphalt_02.gtex.lua;shared/dirt.gtex.lua"] = {
				{ { 16.00000, 0.00000, 0.00000 }, { 16.00000, 0.00000, 0.00000 }, { 16.00000, 9.30107, 0.00000 }, { 16.00000, 9.30107, 0.00000 }, { 16.00000, 9.30107, 0.00000 }, { 7.18482, 9.29347, 0.00000 }, { 7.18481, 9.29347, 0.00000 }, { 7.18481, 9.29347, 0.00000 }, { 7.18481, 13.99347, 0.00000 }, { 7.18481, 13.99347, 0.00000 }, { 7.18481, 13.99347, 0.00000 }, { 0.80664, 13.99347, 0.00000 }, { 0.80664, 13.99347, 0.00000 }, { 0.80664, 13.99347, 0.00000 }, { 0.80664, 16.15112, 0.00000 }, { 0.80664, 16.15112, 0.00000 }, { 0.80664, 16.15112, 0.00000 }, { -7.82446, 16.15112, 0.00000 }, { -7.82446, 16.15112, 0.00000 }, { -7.82446, 16.15112, 0.00000 }, { -7.82446, 13.46051, 0.00000 }, { -7.82446, 13.46051, 0.00000 }, { -7.82446, 13.46051, 0.00000 }, { -8.83057, 13.46051, 0.00000 }, { -8.83057, 13.46051, 0.00000 }, { -8.83057, 13.46051, 0.00000 }, { -8.83057, 7.56291, 0.00000 }, { -8.83057, 7.56291, 0.00000 }, { -8.83057, 7.56291, 0.00000 }, { -16.00000, 7.56305, 0.00000 }, { -16.00000, 7.56305, 0.00000 }, { -16.00000, 7.56304, 0.00000 }, { -16.00000, 0.00000, 0.00000 }, { -16.00000, 0.00000, 0.00000 }, },
			},
			["shared/asphalt_03.gtex.lua;shared/dirt.gtex.lua"] = {
				{ { 16.00000, 27.50000, 0.00000 }, { 16.00000, 27.50000, 0.00000 }, { 16.00000, 32.00000, 0.00000 }, { 16.00000, 32.00000, 0.00000 }, { 16.00000, 32.00000, 0.00000 }, { 7.15002, 32.00000, 0.00000 }, { 7.15002, 32.00000, 0.00000 }, { 7.15002, 32.00000, 0.00000 }, { 7.15002, 27.50000, 0.00000 }, { 7.15002, 27.50000, 0.00000 }, },
			},
			["shared/grass_cutted_01.gtex.lua"] = {
				{ { 16.00000, 9.50000, 0.00000 }, { 16.00000, 9.50000, 0.00000 }, { 16.00000, 27.49999, 0.00000 }, { 16.00000, 27.50000, 0.00000 }, { 16.00000, 27.50000, 0.00000 }, { 7.15002, 27.50000, 0.00000 }, { 7.15002, 27.50000, 0.00000 }, { 7.15002, 27.50000, 0.00000 }, { 7.15002, 31.55000, 0.00000 }, { 7.15002, 31.55000, 0.00000 }, { 7.15002, 31.55000, 0.00000 }, { -16.00000, 31.55000, 0.00000 }, { -16.00000, 31.55000, 0.00000 }, { -16.00000, 31.54999, 0.00000 }, { -16.00000, 7.56305, 0.00000 }, { -16.00000, 7.56305, 0.00000 }, { -16.00000, 7.56305, 0.00000 }, { -8.83057, 7.56305, 0.00000 }, { -8.83057, 7.56305, 0.00000 }, { -8.83057, 7.56305, 0.00000 }, { -8.83057, 11.50000, 0.00000 }, { -8.83057, 11.50000, 0.00000 }, { -8.83057, 11.50000, 0.00000 }, { -13.00000, 11.50000, 0.00000 }, { -13.00000, 11.50000, 0.00000 }, { -13.00000, 11.50000, 0.00000 }, { -13.00000, 27.00000, 0.00000 }, { -13.00000, 27.00000, 0.00000 }, { -13.00000, 27.00000, 0.00000 }, { 0.50000, 27.00000, 0.00000 }, { 0.50000, 27.00000, 0.00000 }, { 0.50000, 27.00000, 0.00000 }, { 0.50000, 25.00000, 0.00000 }, { 0.50000, 25.00000, 0.00000 }, { 0.50000, 25.00000, 0.00000 }, { 7.18481, 25.00000, 0.00000 }, { 7.18481, 25.00000, 0.00000 }, { 7.18481, 24.99999, 0.00000 }, { 7.18481, 9.29347, 0.00000 }, { 7.18481, 9.29347, 0.00000 }, },
			},
			["shared/gravel_02.gtex.lua"] = {
				{ { 7.18481, 14.00000, 0.00000 }, { 7.18481, 14.00000, 0.00000 }, { 7.18481, 24.99999, 0.00000 }, { 7.18481, 25.00000, 0.00000 }, { 7.18481, 25.00000, 0.00000 }, { 0.50000, 25.00000, 0.00000 }, { 0.50000, 25.00000, 0.00000 }, { 0.50000, 25.00000, 0.00000 }, { 0.50000, 27.00000, 0.00000 }, { 0.50000, 27.00000, 0.00000 }, { 0.50000, 27.00000, 0.00000 }, { -13.00000, 27.00000, 0.00000 }, { -13.00000, 27.00000, 0.00000 }, { -13.00000, 27.00000, 0.00000 }, { -13.00000, 11.50000, 0.00000 }, { -13.00000, 11.50000, 0.00000 }, { -13.00000, 11.50000, 0.00000 }, { -8.83057, 11.50000, 0.00000 }, { -8.83057, 11.50000, 0.00000 }, { -8.83057, 11.50000, 0.00000 }, { -8.83057, 13.46051, 0.00000 }, { -8.83057, 13.46051, 0.00000 }, { -8.83057, 13.46051, 0.00000 }, { -7.82446, 13.46051, 0.00000 }, { -7.82446, 13.46051, 0.00000 }, { -7.82446, 13.46051, 0.00000 }, { -7.82446, 16.15112, 0.00000 }, { -7.82446, 16.15112, 0.00000 }, { -7.82446, 16.15112, 0.00000 }, { 0.80664, 16.15112, 0.00000 }, { 0.80664, 16.15112, 0.00000 }, { 0.80664, 16.15112, 0.00000 }, { 0.80664, 13.99347, 0.00000 }, { 0.80664, 13.99347, 0.00000 }, },
			},
		},
	},
	["layout_1"] = {
		models = {
			["asset/commercial/all_eras/era_b_com_wall.mdl"] = {
				{ 1.01500, 0.00000, 0.00000, 0.00000, 0.00000, 1.00000, 0.00000, 0.00000, 0.00000, 0.00000, 1.00000, 0.00000, -10.31487, 7.57305, 0.00000, 1.00000, },
				{ 1.28780, 0.00000, 0.00000, 0.00000, 0.00000, 1.00000, 0.00000, 0.00000, 0.00000, 0.00000, 1.00000, 0.00000, -13.76907, 7.57305, 0.00000, 1.00000, },
				{ 1.00000, 0.00000, 0.00000, 0.00000, 0.00000, 1.00000, 0.00000, 0.00000, 0.00000, 0.00000, 1.00000, 0.00000, 11.20000, 9.45305, 0.00000, 1.00000, },
				{ 1.00000, 0.00000, 0.00000, 0.00000, 0.00000, 1.00000, 0.00000, 0.00000, 0.00000, 0.00000, 1.00000, 0.00000, 14.20000, 9.45305, 0.00000, 1.00000, },
				{ 1.00000, 0.00000, 0.00000, 0.00000, 0.00000, 1.00000, 0.00000, 0.00000, 0.00000, 0.00000, 1.00000, 0.00000, 8.20000, 9.45305, 0.00000, 1.00000, },
				{ -0.00000, -0.97465, 0.00000, 0.00000, 1.00000, -0.00000, 0.00000, 0.00000, 0.00000, 0.00000, 1.00000, 0.00000, 15.85000, 10.76305, 0.00000, 1.00000, },
				{ -0.00000, -1.00000, 0.00000, 0.00000, 1.00000, -0.00000, 0.00000, 0.00000, 0.00000, 0.00000, 1.00000, 0.00000, 15.84998, 13.72305, 0.00000, 1.00000, },
				{ -0.00000, -1.00000, 0.00000, 0.00000, 1.00000, -0.00000, 0.00000, 0.00000, 0.00000, 0.00000, 1.00000, 0.00000, 15.84998, 16.72305, 0.00000, 1.00000, },
				{ -0.00000, -1.00000, 0.00000, 0.00000, 1.00000, -0.00000, 0.00000, 0.00000, 0.00000, 0.00000, 1.00000, 0.00000, 15.84998, 19.72305, 0.00000, 1.00000, },
				{ -0.00000, -1.00000, 0.00000, 0.00000, 1.00000, -0.00000, 0.00000, 0.00000, 0.00000, 0.00000, 1.00000, 0.00000, 15.84998, 22.72305, 0.00000, 1.00000, },
				{ -0.00000, -1.00000, 0.00000, 0.00000, 1.00000, -0.00000, 0.00000, 0.00000, 0.00000, 0.00000, 1.00000, 0.00000, 15.84998, 25.72305, 0.00000, 1.00000, },
				{ -0.00000, -1.30148, 0.00000, 0.00000, 1.00000, -0.00000, 0.00000, 0.00000, 0.00000, 0.00000, 1.00000, 0.00000, 7.15000, 29.47310, 0.00000, 1.00000, },
				{ -0.00000, -1.00000, 0.00000, 0.00000, 1.00000, -0.00000, 0.00000, 0.00000, 0.00000, 0.00000, 1.00000, 0.00000, -15.84998, 8.92305, 0.00000, 1.00000, },
				{ -0.00000, -1.00000, 0.00000, 0.00000, 1.00000, -0.00000, 0.00000, 0.00000, 0.00000, 0.00000, 1.00000, 0.00000, -15.85000, 11.92305, 0.00000, 1.00000, },
				{ -0.00000, -1.00000, 0.00000, 0.00000, 1.00000, -0.00000, 0.00000, 0.00000, 0.00000, 0.00000, 1.00000, 0.00000, -15.85000, 14.92305, 0.00000, 1.00000, },
				{ -0.00000, -1.00000, 0.00000, 0.00000, 1.00000, -0.00000, 0.00000, 0.00000, 0.00000, 0.00000, 1.00000, 0.00000, -15.85000, 17.92305, 0.00000, 1.00000, },
				{ -0.00000, -1.00000, 0.00000, 0.00000, 1.00000, -0.00000, 0.00000, 0.00000, 0.00000, 0.00000, 1.00000, 0.00000, -15.85000, 20.92305, 0.00000, 1.00000, },
				{ -0.00000, -1.00000, 0.00000, 0.00000, 1.00000, -0.00000, 0.00000, 0.00000, 0.00000, 0.00000, 1.00000, 0.00000, -15.85000, 23.92305, 0.00000, 1.00000, },
				{ -0.00000, -1.00000, 0.00000, 0.00000, 1.00000, -0.00000, 0.00000, 0.00000, 0.00000, 0.00000, 1.00000, 0.00000, -15.85000, 26.92305, 0.00000, 1.00000, },
				{ -0.00000, -1.00000, 0.00000, 0.00000, 1.00000, -0.00000, 0.00000, 0.00000, 0.00000, 0.00000, 1.00000, 0.00000, -15.85000, 29.92305, 0.00000, 1.00000, },
				{ 1.00000, 0.00000, 0.00000, 0.00000, 0.00000, 1.00000, 0.00000, 0.00000, 0.00000, 0.00000, 1.00000, 0.00000, 11.49998, 27.37305, 0.00000, 1.00000, },
				{ 1.00000, 0.00000, 0.00000, 0.00000, 0.00000, 1.00000, 0.00000, 0.00000, 0.00000, 0.00000, 1.00000, 0.00000, 14.49998, 27.37305, 0.00000, 1.00000, },
				{ 1.00000, 0.00000, 0.00000, 0.00000, 0.00000, 1.00000, 0.00000, 0.00000, 0.00000, 0.00000, 1.00000, 0.00000, 8.49998, 27.37305, 0.00000, 1.00000, },
				{ -1.00000, 0.00000, 0.00000, 0.00000, -0.00000, -1.00000, 0.00000, 0.00000, 0.00000, 0.00000, 1.00000, 0.00000, -14.49950, 31.57350, 0.00000, 1.00000, },
				{ -1.00000, 0.00000, 0.00000, 0.00000, -0.00000, -1.00000, 0.00000, 0.00000, 0.00000, 0.00000, 1.00000, 0.00000, -11.49950, 31.57350, 0.00000, 1.00000, },
				{ -1.00000, 0.00000, 0.00000, 0.00000, -0.00000, -1.00000, 0.00000, 0.00000, 0.00000, 0.00000, 1.00000, 0.00000, -8.49950, 31.57350, 0.00000, 1.00000, },
				{ -1.00000, 0.00000, 0.00000, 0.00000, -0.00000, -1.00000, 0.00000, 0.00000, 0.00000, 0.00000, 1.00000, 0.00000, -5.49950, 31.57350, 0.00000, 1.00000, },
				{ -1.00000, 0.00000, 0.00000, 0.00000, -0.00000, -1.00000, 0.00000, 0.00000, 0.00000, 0.00000, 1.00000, 0.00000, -2.49950, 31.57350, 0.00000, 1.00000, },
				{ -1.00000, 0.00000, 0.00000, 0.00000, -0.00000, -1.00000, -0.00000, 0.00000, 0.00000, -0.00000, 1.00000, 0.00000, 0.50049, 31.57350, 0.00000, 1.00000, },
				{ -0.88375, 0.00000, 0.00000, 0.00000, -0.00000, -1.00000, -0.00000, 0.00000, 0.00000, -0.00000, 1.00000, 0.00000, 3.32486, 31.57350, 0.00000, 1.00000, },
				{ -0.88375, 0.00000, 0.00000, 0.00000, -0.00000, -1.00000, -0.00000, 0.00000, 0.00000, -0.00000, 1.00000, 0.00000, 5.97611, 31.57350, 0.00000, 1.00000, },
				{ -0.00000, -0.80000, 0.00000, 0.00000, 1.00000, -0.00000, 0.00000, 0.00000, 0.00000, 0.00000, 1.00000, 0.00000, 13.52000, 1.20000, 0.00000, 1.00000, align = { 11.87000, 1.20000 }, },
				{ 1.00000, 0.00000, 0.00000, 0.00000, 0.00000, 1.00000, 0.00000, 0.00000, 0.00000, 0.00000, 1.00000, 0.00000, 11.87000, 0.15000, 0.00000, 1.00000, align = { 11.87000, 1.20000 }, },
				{ -0.00000, -0.80000, 0.00000, 0.00000, 1.00000, -0.00000, 0.00000, 0.00000, 0.00000, 0.00000, 1.00000, 0.00000, 10.22000, 1.20000, 0.00000, 1.00000, align = { 11.87000, 1.20000 }, },
				{ 1.00000, 0.00000, 0.00000, 0.00000, 0.00000, 1.00000, 0.00000, 0.00000, 0.00000, 0.00000, 1.00000, 0.00000, 11.87000, 2.25000, 0.00000, 1.00000, align = { 11.87000, 1.20000 }, },
				{ -0.00000, -0.80000, 0.00000, 0.00000, 1.00000, -0.00000, 0.00000, 0.00000, 0.00000, 0.00000, 1.00000, 0.00000, -10.08000, 1.20000, 0.00000, 1.00000, align = { -11.73000, 1.20000 }, },
				{ 1.00000, 0.00000, 0.00000, 0.00000, 0.00000, 1.00000, 0.00000, 0.00000, 0.00000, 0.00000, 1.00000, 0.00000, -11.73000, 0.15000, 0.00000, 1.00000, align = { -11.73000, 1.20000 }, },
				{ -0.00000, -0.80000, 0.00000, 0.00000, 1.00000, -0.00000, 0.00000, 0.00000, 0.00000, 0.00000, 1.00000, 0.00000, -13.38000, 1.20000, 0.00000, 1.00000, align = { -11.73000, 1.20000 }, },
				{ 1.00000, 0.00000, 0.00000, 0.00000, 0.00000, 1.00000, 0.00000, 0.00000, 0.00000, 0.00000, 1.00000, 0.00000, -11.73000, 2.25000, 0.00000, 1.00000, align = { -11.73000, 1.20000 }, },
			},
			["asset/ground/garden_bench_wood_01.mdl"] = {
				{ 1.00000, 0.00000, 0.00000, 0.00000, 0.00000, 1.00000, 0.00000, 0.00000, 0.00000, 0.00000, 1.00000, 0.00000, 11.44000, 8.24000, 0.00000, 1.00000, },
				{ 1.00000, 0.00000, 0.00000, 0.00000, 0.00000, 1.00000, 0.00000, 0.00000, 0.00000, 0.00000, 1.00000, 0.00000, -13.86000, 6.69000, 0.00000, 1.00000, },
				{ 1.00000, 0.00000, 0.00000, 0.00000, 0.00000, 1.00000, 0.00000, 0.00000, 0.00000, 0.00000, 1.00000, 0.00000, -9.96000, 6.69000, 0.00000, 1.00000, },
			},
			["asset/industry/cardboard_box_01.mdl"] = {
				{ 0.98978, -0.14263, 0.00000, 0.00000, 0.14263, 0.98978, 0.00000, 0.00000, 0.00000, 0.00000, 1.00000, 0.00000, 14.95000, 29.97000, 0.00000, 1.00000, },
				{ 0.96945, 0.24531, 0.00000, 0.00000, -0.24531, 0.96945, 0.00000, 0.00000, 0.00000, 0.00000, 1.00000, 0.00000, 14.08000, 29.75000, 0.00000, 1.00000, },
				{ 0.24531, 0.96945, 0.00000, 0.00000, -0.96945, 0.24531, 0.00000, 0.00000, 0.00000, 0.00000, 1.00000, 0.00000, 14.55500, 29.75000, 0.51500, 1.00000, ignore = { 2, 50 }, },
			},
			["asset/vegetation/hedge_3m.mdl"] = {
				{ -0.00000, -1.00000, 0.00000, 0.00000, 0.91597, -0.00000, 0.00000, 0.00000, 0.00000, 0.00000, 1.00000, 0.00000, -10.53057, 8.21305, 0.00000, 1.00000, },
				{ -0.00000, -1.00000, 0.00000, 0.00000, 0.91597, -0.00000, 0.00000, 0.00000, 0.00000, 0.00000, 1.00000, 0.00000, 13.92943, 10.16305, 0.00000, 1.00000, },
				{ -0.00000, -1.00000, 0.00000, 0.00000, 1.11800, -0.00000, 0.00000, 0.00000, 0.00000, 0.00000, 1.00000, 0.00000, -13.53057, 8.21305, 0.00000, 1.00000, },
				{ -0.00000, -1.00000, 0.00000, 0.00000, 1.30247, -0.00000, 0.00000, 0.00000, 0.00000, 0.00000, 1.00000, 0.00000, 10.38943, 10.16305, 0.00000, 1.00000, },
				{ -1.00000, 0.00000, 0.00000, 0.00000, -0.00000, -1.00000, 0.00000, 0.00000, 0.00000, 0.00000, 1.00000, 0.00000, -15.21057, 9.66305, 0.00000, 1.00000, },
				{ -1.00000, 0.00000, 0.00000, 0.00000, -0.00000, -1.00000, -0.00000, 0.00000, 0.00000, -0.00000, 1.00000, 0.00000, -15.21057, 12.66305, 0.00000, 1.00000, },
				{ -1.00000, 0.00000, 0.00000, 0.00000, -0.00000, -1.00000, -0.00000, 0.00000, 0.00000, -0.00000, 1.00000, 0.00000, -15.21057, 15.66305, 0.00000, 1.00000, },
				{ -1.00000, 0.00000, 0.00000, 0.00000, -0.00000, -1.00000, -0.00000, 0.00000, 0.00000, -0.00000, 1.00000, 0.00000, -15.21057, 18.66305, 0.00000, 1.00000, },
				{ -1.00000, 0.00000, 0.00000, 0.00000, -0.00000, -1.00000, -0.00000, 0.00000, 0.00000, -0.00000, 1.00000, 0.00000, -15.21057, 21.66305, 0.00000, 1.00000, },
				{ -1.00000, 0.00000, 0.00000, 0.00000, -0.00000, -0.89000, -0.00000, 0.00000, 0.00000, -0.00000, 1.00000, 0.00000, -15.21057, 23.96305, 0.00000, 1.00000, },
				{ -1.00000, 0.00000, 0.00000, 0.00000, -0.00000, -0.91000, -0.00000, 0.00000, 0.00000, -0.00000, 1.00000, 0.00000, -15.21057, 26.78305, 0.00000, 1.00000, },
				{ -1.00000, 0.00000, 0.00000, 0.00000, -0.00000, -0.91000, -0.00000, 0.00000, 0.00000, -0.00000, 1.00000, 0.00000, -15.21057, 29.58305, 0.00000, 1.00000, },
			},
			["asset/vegetation/hedge_m.mdl"] = {
				{ -0.00000, 0.75000, 0.00000, 0.00000, -0.75000, -0.00000, 0.00000, 0.00000, 0.00000, 0.00000, 0.75000, 0.00000, 7.87000, 10.16000, 0.00000, 1.00000, },
			},
			["street/street_asset_mix/trash_standing_a.mdl"] = {
				{ 1.00000, 0.00000, 0.00000, 0.00000, 0.00000, 1.00000, 0.00000, 0.00000, 0.00000, 0.00000, 1.00000, 0.00000, 13.44000, 8.20000, 0.00000, 1.00000, },
				{ 1.00000, 0.00000, 0.00000, 0.00000, 0.00000, 1.00000, 0.00000, 0.00000, 0.00000, 0.00000, 1.00000, 0.00000, -11.86000, 6.65000, 0.00000, 1.00000, },
			},
		},
		groups = {
			["com_sunshades_all.grp"] = {
				{ -0.98027, -0.19766, -0.00000, 0.00000, 0.19766, -0.98027, 0.00000, 0.00000, -0.00000, 0.00000, 1.00000, 0.00000, -8.10000, 24.66511, 0.00000, 1.00000, seed = 256, },
				{ -0.80282, 0.59622, -0.00000, 0.00000, -0.59622, -0.80282, 0.00000, 0.00000, -0.00000, 0.00000, 1.00000, 0.00000, -3.55000, 24.66511, 0.00000, 1.00000, seed = 256, },
				{ 0.44464, -0.89571, -0.00000, 0.00000, 0.89571, 0.44464, -0.00000, 0.00000, 0.00000, 0.00000, 1.00000, 0.00000, 3.74000, 22.02511, 0.00000, 1.00000, seed = 256, },
				{ -0.58779, 0.80902, -0.00000, 0.00000, -0.80902, -0.58779, 0.00000, 0.00000, -0.00000, 0.00000, 1.00000, 0.00000, -8.10000, 20.86511, 0.00000, 1.00000, seed = 256, },
				{ 0.19423, -0.98096, -0.00000, 0.00000, 0.98096, 0.19423, -0.00000, 0.00000, 0.00000, 0.00000, 1.00000, 0.00000, -3.55000, 20.86511, 0.00000, 1.00000, seed = 256, },
				{ -0.82115, 0.57071, -0.00000, 0.00000, -0.57071, -0.82115, 0.00000, 0.00000, -0.00000, 0.00000, 1.00000, 0.00000, 3.74000, 18.22511, 0.00000, 1.00000, seed = 256, },
				{ -0.19766, 0.98027, -0.00000, 0.00000, -0.98027, -0.19766, 0.00000, 0.00000, -0.00000, 0.00000, 1.00000, 0.00000, -11.40000, 19.05511, 0.00000, 1.00000, seed = 256, },
				{ -0.98096, -0.19423, 0.00000, 0.00000, 0.19423, -0.98096, -0.00000, 0.00000, 0.00000, -0.00000, 1.00000, 0.00000, -11.35000, 15.20511, 0.00000, 1.00000, seed = 256, },
			},
			["era_a_com_1_asset_food_box_m.grp"] = {
				{ 0.94997, -0.31233, 0.00000, 0.00000, 0.31233, 0.94997, 0.00000, 0.00000, 0.00000, 0.00000, 1.00000, 0.00000, 8.25000, 28.20000, 0.00000, 1.00000, },
				{ 0.99999, 0.00349, 0.00000, 0.00000, -0.00349, 0.99999, 0.00000, 0.00000, 0.00000, 0.00000, 1.00000, 0.00000, 8.60000, 29.06000, 0.00000, 1.00000, },
				{ 0.12187, 0.99255, 0.00000, 0.00000, -0.99255, 0.12187, 0.00000, 0.00000, 0.00000, 0.00000, 1.00000, 0.00000, 7.76000, 29.22000, 0.00000, 1.00000, ignore = { 2, 50 }, },
				{ -0.16333, 0.98657, 0.00000, 0.00000, -0.98657, -0.16333, 0.00000, 0.00000, 0.00000, 0.00000, 1.00000, 0.00000, 8.10000, 28.75000, 0.46500, 1.00000, ignore = { 2, 50 }, },
				{ 0.74548, 0.66653, 0.00000, 0.00000, -0.66653, 0.74548, 0.00000, 0.00000, 0.00000, 0.00000, 1.00000, 0.00000, 8.25000, 30.28000, 0.00000, 1.00000, ignore = { 2, 50 }, },
			},
			["era_a_com_restaurant_chairs.grp"] = {
				{ 0.99588, 0.09063, 0.00000, 0.00000, -0.09063, 0.99588, -0.00000, 0.00000, -0.00000, 0.00000, 1.00000, 0.00000, -8.60000, 25.34505, -0.00000, 1.00000, seed = 256, },
				{ -0.99297, 0.11840, -0.00000, 0.00000, -0.11840, -0.99297, 0.00000, 0.00000, -0.00000, 0.00000, 1.00000, 0.00000, -8.60000, 23.92505, 0.00000, 1.00000, seed = 256, },
				{ 0.98769, -0.15643, 0.00000, 0.00000, 0.15643, 0.98769, -0.00000, 0.00000, -0.00000, 0.00000, 1.00000, 0.00000, -7.55000, 25.34505, -0.00000, 1.00000, seed = 256, },
				{ -0.99297, -0.11840, -0.00000, 0.00000, 0.11840, -0.99297, 0.00000, 0.00000, -0.00000, 0.00000, 1.00000, 0.00000, -7.45000, 23.91505, 0.00000, 1.00000, seed = 256, },
				{ 0.93483, 0.35511, -0.00000, 0.00000, -0.35511, 0.93483, 0.00000, 0.00000, 0.00000, -0.00000, 1.00000, 0.00000, -4.25000, 25.34505, 0.00000, 1.00000, seed = 256, },
				{ -0.99297, 0.11840, -0.00000, 0.00000, -0.11840, -0.99297, 0.00000, 0.00000, -0.00000, 0.00000, 1.00000, 0.00000, -4.05000, 23.92505, -0.00000, 1.00000, seed = 256, },
				{ 0.98027, 0.19766, -0.00000, 0.00000, -0.19766, 0.98027, 0.00000, 0.00000, 0.00000, -0.00000, 1.00000, 0.00000, -2.90000, 25.34505, 0.00000, 1.00000, seed = 256, },
				{ -0.99297, -0.11840, -0.00000, 0.00000, 0.11840, -0.99297, 0.00000, 0.00000, -0.00000, 0.00000, 1.00000, 0.00000, -2.90000, 23.91505, -0.00000, 1.00000, seed = 256, },
				{ 0.99897, 0.04536, 0.00000, 0.00000, -0.04536, 0.99897, 0.00000, 0.00000, -0.00000, -0.00000, 1.00000, 0.00000, 3.04000, 22.70505, 0.00000, 1.00000, seed = 256, },
				{ -1.00000, 0.00000, -0.00000, 0.00000, -0.00000, -1.00000, 0.00000, 0.00000, -0.00000, 0.00000, 1.00000, 0.00000, 3.24000, 21.40505, 0.00000, 1.00000, seed = 256, },
				{ 0.99824, -0.05931, -0.00000, 0.00000, 0.05931, 0.99824, 0.00000, 0.00000, 0.00000, -0.00000, 1.00000, 0.00000, 4.39000, 22.48505, -0.00000, 1.00000, seed = 256, },
				{ -0.99756, 0.06976, -0.00000, 0.00000, -0.06976, -0.99756, 0.00000, 0.00000, -0.00000, 0.00000, 1.00000, 0.00000, 4.39000, 21.18505, -0.00000, 1.00000, seed = 256, },
				{ 0.99588, 0.09063, 0.00000, 0.00000, -0.09063, 0.99588, -0.00000, 0.00000, -0.00000, 0.00000, 1.00000, 0.00000, -8.67000, 21.54505, -0.00000, 1.00000, seed = 256, },
				{ -0.99780, -0.06627, -0.00000, 0.00000, 0.06627, -0.99780, 0.00000, 0.00000, -0.00000, 0.00000, 1.00000, 0.00000, -8.51000, 20.12505, -0.00000, 1.00000, seed = 256, },
				{ 0.98769, -0.15643, 0.00000, 0.00000, 0.15643, 0.98769, -0.00000, 0.00000, -0.00000, 0.00000, 1.00000, 0.00000, -7.45000, 21.54505, 0.00000, 1.00000, seed = 256, },
				{ -0.99705, 0.07672, -0.00000, 0.00000, -0.07672, -0.99705, 0.00000, 0.00000, -0.00000, 0.00000, 1.00000, 0.00000, -7.58000, 20.11505, 0.00000, 1.00000, seed = 256, },
				{ 0.93483, 0.35511, 0.00000, 0.00000, -0.35511, 0.93483, 0.00000, 0.00000, -0.00000, -0.00000, 1.00000, 0.00000, -4.25000, 21.54505, 0.00000, 1.00000, seed = 256, },
				{ -0.97592, -0.21814, -0.00000, 0.00000, 0.21814, -0.97592, 0.00000, 0.00000, -0.00000, 0.00000, 1.00000, 0.00000, -4.07000, 20.12505, 0.00000, 1.00000, seed = 256, },
				{ 0.98769, -0.15643, -0.00000, 0.00000, 0.15643, 0.98769, 0.00000, 0.00000, 0.00000, -0.00000, 1.00000, 0.00000, -2.90000, 21.54505, -0.00000, 1.00000, seed = 256, },
				{ -0.99995, 0.01047, -0.00000, 0.00000, -0.01047, -0.99995, 0.00000, 0.00000, -0.00000, 0.00000, 1.00000, 0.00000, -2.81000, 20.11505, -0.00000, 1.00000, seed = 256, },
				{ 0.99951, 0.03141, -0.00000, 0.00000, -0.03141, 0.99951, 0.00000, 0.00000, 0.00000, -0.00000, 1.00000, 0.00000, 3.20000, 18.94505, 0.00000, 1.00000, seed = 256, },
				{ -0.99881, -0.04885, -0.00000, 0.00000, 0.04885, -0.99881, 0.00000, 0.00000, -0.00000, 0.00000, 1.00000, 0.00000, 3.24000, 17.48505, -0.00000, 1.00000, seed = 256, },
				{ 0.99912, 0.04188, -0.00000, 0.00000, -0.04188, 0.99912, 0.00000, 0.00000, 0.00000, -0.00000, 1.00000, 0.00000, 4.24000, 18.90505, 0.00000, 1.00000, seed = 256, },
				{ -0.99488, 0.10106, -0.00000, 0.00000, -0.10106, -0.99488, 0.00000, 0.00000, -0.00000, 0.00000, 1.00000, 0.00000, 4.24000, 17.47505, -0.00000, 1.00000, seed = 256, },
				{ 0.09063, -0.99588, -0.00000, 0.00000, 0.99588, 0.09063, 0.00000, 0.00000, -0.00000, -0.00000, 1.00000, 0.00000, -10.72006, 19.55511, 0.00000, 1.00000, seed = 256, },
				{ 0.11840, 0.99297, -0.00000, 0.00000, -0.99297, 0.11840, 0.00000, 0.00000, 0.00000, 0.00000, 1.00000, 0.00000, -12.14006, 19.55511, -0.00000, 1.00000, seed = 256, },
				{ -0.15643, -0.98769, -0.00000, 0.00000, 0.98769, -0.15643, 0.00000, 0.00000, -0.00000, -0.00000, 1.00000, 0.00000, -10.72006, 18.50511, 0.00000, 1.00000, seed = 256, },
				{ -0.11840, 0.99297, -0.00000, 0.00000, -0.99297, -0.11840, 0.00000, 0.00000, 0.00000, 0.00000, 1.00000, 0.00000, -12.15006, 18.40511, -0.00000, 1.00000, seed = 256, },
				{ 0.35511, -0.93483, 0.00000, 0.00000, 0.93483, 0.35511, -0.00000, 0.00000, -0.00000, 0.00000, 1.00000, 0.00000, -10.67006, 15.90511, -0.00000, 1.00000, seed = 256, },
				{ -0.21814, 0.97592, -0.00000, 0.00000, -0.97592, -0.21814, 0.00000, 0.00000, 0.00000, 0.00000, 1.00000, 0.00000, -12.09006, 15.72511, -0.00000, 1.00000, seed = 256, },
				{ -0.15643, -0.98769, 0.00000, 0.00000, 0.98769, -0.15643, -0.00000, 0.00000, 0.00000, 0.00000, 1.00000, 0.00000, -10.67006, 14.55511, 0.00000, 1.00000, seed = 256, },
				{ 0.01047, 0.99995, -0.00000, 0.00000, -0.99995, 0.01047, 0.00000, 0.00000, 0.00000, 0.00000, 1.00000, 0.00000, -12.10006, 14.46511, 0.00000, 1.00000, seed = 256, },
			},
			["era_b_awning_shops_end.grp"] = {
				{ -0.00000, 0.98000, 0.00000, 0.00000, -1.00000, -0.00000, 0.00000, 0.00000, 0.00000, 0.00000, 1.00000, 0.00000, 7.18481, 7.32972, 4.28000, 1.00000, align = { 0.00000, 3.00000 }, seed = 256, },
				{ 0.98000, 0.00000, 0.00000, 0.00000, 0.00000, 1.00000, 0.00000, 0.00000, 0.00000, 0.00000, 1.00000, 0.00000, 5.53000, 5.38000, 4.28000, 1.00000, align = { 0.00000, 3.00000 }, seed = 256, },
			},
			["era_b_awning_shops_repeat.grp"] = {
				{ -0.00000, 0.98000, 0.00000, 0.00000, -1.00000, -0.00000, 0.00000, 0.00000, 0.00000, 0.00000, 1.00000, 0.00000, 7.18481, 7.32972, 4.28000, 1.00000, align = { 0.00000, 3.00000 }, seed = 256, },
				{ 0.98000, 0.00000, 0.00000, 0.00000, 0.00000, 1.00000, 0.00000, 0.00000, 0.00000, 0.00000, 1.00000, 0.00000, -0.34999, 5.38000, 4.28000, 1.00000, align = { 0.00000, 3.00000 }, seed = 256, },
				{ 0.98000, 0.00000, 0.00000, 0.00000, 0.00000, 1.00000, 0.00000, 0.00000, 0.00000, 0.00000, 1.00000, 0.00000, -3.29000, 5.38000, 4.28000, 1.00000, align = { 0.00000, 3.00000 }, seed = 256, },
				{ 0.98000, 0.00000, 0.00000, 0.00000, 0.00000, 1.00000, 0.00000, 0.00000, 0.00000, 0.00000, 1.00000, 0.00000, 2.59001, 5.38000, 4.28000, 1.00000, align = { 0.00000, 3.00000 }, seed = 256, },
				{ 0.98000, 0.00000, 0.00000, 0.00000, 0.00000, 1.00000, 0.00000, 0.00000, 0.00000, 0.00000, 1.00000, 0.00000, 5.53001, 5.38000, 4.28000, 1.00000, align = { 0.00000, 3.00000 }, seed = 256, },
			},
			["era_b_awning_shops_start.grp"] = {
				{ -0.00000, 0.98000, 0.00000, 0.00000, -1.00000, -0.00000, 0.00000, 0.00000, 0.00000, 0.00000, 1.00000, 0.00000, 7.18481, 7.32972, 4.28000, 1.00000, align = { 0.00000, 3.00000 }, seed = 256, },
				{ 0.98000, 0.00000, 0.00000, 0.00000, 0.00000, 1.00000, 0.00000, 0.00000, 0.00000, 0.00000, 1.00000, 0.00000, -3.29000, 5.38000, 4.28000, 1.00000, align = { 0.00000, 3.00000 }, seed = 256, },
			},
			["era_b_com_restaurant_tables.grp"] = {
				{ 1.00000, 0.00000, 0.00000, 0.00000, -0.00000, 1.00000, -0.00000, 0.00000, -0.00000, 0.00000, 1.00000, 0.00000, -8.10000, 24.66511, 0.00000, 1.00000, seed = 256, },
				{ 1.00000, 0.00000, -0.00000, 0.00000, 0.00000, 1.00000, 0.00000, 0.00000, 0.00000, -0.00000, 1.00000, 0.00000, -3.55000, 24.66511, 0.00000, 1.00000, seed = 256, },
				{ 1.00000, -0.00000, -0.00000, 0.00000, 0.00000, 1.00000, 0.00000, 0.00000, 0.00000, -0.00000, 1.00000, 0.00000, 3.74000, 22.02511, 0.00000, 1.00000, seed = 256, },
				{ 1.00000, 0.00000, 0.00000, 0.00000, 0.00000, 1.00000, -0.00000, 0.00000, -0.00000, 0.00000, 1.00000, 0.00000, -8.10000, 20.86511, 0.00000, 1.00000, seed = 256, },
				{ 1.00000, 0.00000, -0.00000, 0.00000, 0.00000, 1.00000, 0.00000, 0.00000, 0.00000, -0.00000, 1.00000, 0.00000, -3.55000, 20.86511, 0.00000, 1.00000, seed = 256, },
				{ 1.00000, -0.00000, -0.00000, 0.00000, 0.00000, 1.00000, 0.00000, 0.00000, 0.00000, -0.00000, 1.00000, 0.00000, 3.74000, 18.22511, 0.00000, 1.00000, seed = 256, },
				{ 0.00000, -1.00000, -0.00000, 0.00000, 1.00000, 0.00000, 0.00000, 0.00000, -0.00000, -0.00000, 1.00000, 0.00000, -11.40000, 19.05511, 0.00000, 1.00000, seed = 256, },
				{ 0.00000, -1.00000, 0.00000, 0.00000, 1.00000, 0.00000, -0.00000, 0.00000, 0.00000, 0.00000, 1.00000, 0.00000, -11.35000, 15.20511, 0.00000, 1.00000, seed = 256, },
			},
			["era_b_garbage_container.grp"] = {
				{ 0.98978, 0.14263, 0.00000, 0.00000, -0.14263, 0.98978, 0.00000, 0.00000, 0.00000, 0.00000, 1.00000, 0.00000, 14.34000, 28.45000, 0.00000, 1.00000, },
				{ 0.99863, -0.05234, 0.00000, 0.00000, 0.05234, 0.99863, 0.00000, 0.00000, 0.00000, 0.00000, 1.00000, 0.00000, 11.49000, 28.33000, 0.00000, 1.00000, },
			},
			["era_b_restaurant_ground_sign.grp"] = {
				{ 0.50904, -0.86074, 0.00000, 0.00000, 0.86074, 0.50904, 0.00000, 0.00000, 0.00000, 0.00000, 1.00000, 0.00000, -1.51000, 3.07000, 0.00000, 1.00000, align = { 0.00000, 3.00000 }, seed = 128, },
			},
			["era_b_restaurant_sign_big.grp"] = {
				{ -0.00000, 0.48645, -0.00000, 0.00000, -0.48645, -0.00000, 0.00000, 0.00000, -0.00000, 0.00000, 0.48645, 0.00000, 7.18481, 7.32749, 3.03630, 1.00000, align = { 0.00000, 3.00000 }, seed = 128, },
				{ 0.48645, 0.00000, 0.00000, 0.00000, 0.00000, 0.48645, 0.00000, 0.00000, 0.00000, 0.00000, 0.48645, 0.00000, 5.09366, 5.37360, 3.03630, 1.00000, align = { 0.00000, 3.00000 }, seed = 128, },
				{ 0.48645, 0.00000, 0.00000, 0.00000, 0.00000, 0.48645, 0.00000, 0.00000, 0.00000, 0.00000, 0.48645, 0.00000, -2.79634, 5.37360, 3.03626, 1.00000, align = { 0.00000, 3.00000 }, seed = 128, },
			},
			["era_b_restaurant_sign_small.grp"] = {
				{ 0.72000, 0.00000, 0.00000, 0.00000, 0.00000, 0.72000, 0.00000, 0.00000, 0.00000, 0.00000, 0.72000, 0.00000, 1.18559, 5.37360, 3.30007, 1.00000, align = { 0.00000, 3.00000 }, seed = 128, },
			},
			["era_b_restaurant_wall_sign_small.grp"] = {
				{ 1.00000, 0.00000, 0.00000, 0.00000, 0.00000, 1.00000, 0.00000, 0.00000, 0.00000, 0.00000, 1.00000, 0.00000, 6.75135, 5.37360, 5.43655, 1.00000, align = { 0.00000, 3.00000 }, seed = 128, },
			},
			["random_large_tree_town.grp"] = {
				{ 1.00000, 0.00000, 0.00000, 0.00000, 0.00000, 1.00000, 0.00000, 0.00000, 0.00000, 0.00000, 1.00000, 0.00000, 1.95000, 28.37710, 0.00000, 1.00000, },
			},
			["random_medium_tree_town.grp"] = {
				{ 1.00000, 0.00000, 0.00000, 0.00000, 0.00000, 1.00000, 0.00000, 0.00000, 0.00000, 0.00000, 1.00000, 0.00000, 10.32000, 22.32710, 0.00000, 1.00000, },
				{ 0.23675, -0.97157, 0.00000, 0.00000, 0.97157, 0.23675, 0.00000, 0.00000, 0.00000, 0.00000, 1.00000, 0.00000, -12.64338, 27.68009, 0.00000, 1.00000, },
				{ -0.85337, -0.19333, 0.00000, 0.00000, 0.19333, -0.85337, 0.00000, 0.00000, 0.00000, 0.00000, 0.87500, 0.00000, -10.93743, 30.07529, 0.00000, 1.00000, },
				{ -0.91546, 0.28901, 0.00000, 0.00000, -0.28901, -0.91546, 0.00000, 0.00000, 0.00000, 0.00000, 0.96000, 0.00000, -8.52212, 27.15700, 0.00000, 1.00000, },
				{ 0.10453, 0.99452, 0.00000, 0.00000, -0.99452, 0.10453, 0.00000, 0.00000, 0.00000, 0.00000, 1.00000, 0.00000, 11.75000, 13.77710, 0.00000, 1.00000, },
			},
			["random_shrub_town.grp"] = {
				{ 0.53936, -0.57036, 0.00000, 0.00000, 0.57036, 0.53936, 0.00000, 0.00000, 0.00000, 0.00000, 0.78500, 0.00000, -11.00000, 10.45000, 0.00000, 1.00000, },
				{ 0.68709, -0.72657, 0.00000, 0.00000, 0.72657, 0.68709, 0.00000, 0.00000, 0.00000, 0.00000, 1.00000, 0.00000, 10.66000, 17.01000, 0.00000, 1.00000, },
				{ -0.13744, 0.99051, 0.00000, 0.00000, -0.99051, -0.13744, 0.00000, 0.00000, 0.00000, -0.00000, 1.00000, 0.00000, 11.60000, 18.25000, 0.00000, 1.00000, },
				{ -0.99780, 0.06627, 0.00000, 0.00000, -0.06627, -0.99780, -0.00000, 0.00000, 0.00000, -0.00000, 1.00000, 0.00000, 10.00000, 18.45000, 0.00000, 1.00000, },
				{ -0.99780, 0.06627, 0.00000, 0.00000, -0.06627, -0.99780, -0.00000, 0.00000, 0.00000, -0.00000, 1.00000, 0.00000, 11.02000, 19.87000, 0.00000, 1.00000, },
				{ 0.67428, -0.40195, 0.00000, 0.00000, 0.40195, 0.67428, 0.00000, 0.00000, 0.00000, 0.00000, 0.78500, 0.00000, -12.55000, 10.50000, 0.00000, 1.00000, },
				{ -0.21399, 0.66649, 0.00000, 0.00000, -0.66649, -0.21399, 0.00000, 0.00000, 0.00000, 0.00000, 0.70000, 0.00000, 10.90008, 1.22562, 0.00000, 1.00000, align = { 11.87000, 1.20000 }, },
				{ 0.60127, -0.35843, 0.00000, 0.00000, 0.35843, 0.60127, 0.00000, 0.00000, 0.00000, 0.00000, 0.70000, 0.00000, 11.90008, 1.22562, 0.00000, 1.00000, align = { 11.87000, 1.20000 }, },
				{ 0.04029, -0.69884, 0.00000, 0.00000, 0.69884, 0.04029, 0.00000, 0.00000, 0.00000, 0.00000, 0.70000, 0.00000, 12.65008, 1.25562, 0.00000, 1.00000, align = { 11.87000, 1.20000 }, },
				{ -0.21399, 0.66649, 0.00000, 0.00000, -0.66649, -0.21399, 0.00000, 0.00000, 0.00000, 0.00000, 0.70000, 0.00000, -12.69992, 1.22562, 0.00000, 1.00000, align = { -11.73000, 1.20000 }, },
				{ 0.60127, -0.35843, 0.00000, 0.00000, 0.35843, 0.60127, 0.00000, 0.00000, 0.00000, 0.00000, 0.70000, 0.00000, -11.69992, 1.22562, 0.00000, 1.00000, align = { -11.73000, 1.20000 }, },
				{ 0.04029, -0.69884, 0.00000, 0.00000, 0.69884, 0.04029, 0.00000, 0.00000, 0.00000, 0.00000, 0.70000, 0.00000, -10.94992, 1.25562, 0.00000, 1.00000, align = { -11.73000, 1.20000 }, },
			},
			["random_shrub_town_fence.grp"] = {
				{ 1.00000, 0.00000, 0.00000, 0.00000, 0.00000, 1.00000, 0.00000, 0.00000, 0.00000, 0.00000, 1.00000, 0.00000, 14.70000, 11.80000, 0.00000, 1.00000, },
				{ -0.00000, -1.00000, 0.00000, 0.00000, 1.00000, -0.00000, 0.00000, 0.00000, 0.00000, 0.00000, 1.00000, 0.00000, -12.25000, 30.30001, 0.00000, 1.00000, },
				{ -0.00000, 1.00000, 0.00000, 0.00000, -1.00000, -0.00000, 0.00000, 0.00000, 0.00000, 0.00000, 1.00000, 0.00000, 14.70001, 13.30000, 0.00000, 1.00000, },
				{ 1.00000, 0.00000, 0.00000, 0.00000, 0.00000, 1.00000, 0.00000, 0.00000, 0.00000, 0.00000, 1.00000, 0.00000, -10.75000, 30.30000, 0.00000, 1.00000, },
				{ -1.00000, 0.00000, -0.00000, 0.00000, -0.00000, -1.00000, 0.00000, 0.00000, -0.00000, 0.00000, 1.00000, 0.00000, 14.70001, 14.80000, 0.00000, 1.00000, },
				{ -0.00000, 1.00000, 0.00000, 0.00000, -1.00000, -0.00000, -0.00000, 0.00000, -0.00000, -0.00000, 1.00000, 0.00000, -9.25000, 30.30000, 0.00000, 1.00000, },
				{ -0.00000, -1.00000, 0.00000, 0.00000, 1.00000, -0.00000, 0.00000, 0.00000, 0.00000, 0.00000, 1.00000, 0.00000, 14.70001, 16.30000, 0.00000, 1.00000, },
				{ -1.00000, 0.00000, 0.00000, 0.00000, -0.00000, -1.00000, 0.00000, 0.00000, 0.00000, 0.00000, 1.00000, 0.00000, -7.75000, 30.30000, 0.00000, 1.00000, },
				{ 1.00000, -0.00000, 0.00000, 0.00000, 0.00000, 1.00000, 0.00000, 0.00000, 0.00000, 0.00000, 1.00000, 0.00000, 14.70001, 17.80000, 0.00000, 1.00000, },
				{ -0.00000, -1.00000, 0.00000, 0.00000, 1.00000, -0.00000, 0.00000, 0.00000, 0.00000, 0.00000, 1.00000, 0.00000, -6.25000, 30.30000, 0.00000, 1.00000, },
				{ -0.00000, 1.00000, 0.00000, 0.00000, -1.00000, -0.00000, 0.00000, 0.00000, 0.00000, 0.00000, 1.00000, 0.00000, 14.70001, 19.30000, 0.00000, 1.00000, },
				{ 1.00000, -0.00000, 0.00000, 0.00000, 0.00000, 1.00000, 0.00000, 0.00000, 0.00000, 0.00000, 1.00000, 0.00000, -4.75000, 30.30000, 0.00000, 1.00000, },
				{ 1.00000, -0.00000, 0.00000, 0.00000, 0.00000, 1.00000, 0.00000, 0.00000, 0.00000, 0.00000, 1.00000, 0.00000, -13.80000, 30.30000, 0.00000, 1.00000, },
				{ -1.00000, 0.00000, -0.00000, 0.00000, -0.00000, -1.00000, 0.00000, 0.00000, -0.00000, 0.00000, 1.00000, 0.00000, 14.70001, 20.80000, 0.00000, 1.00000, },
				{ -1.00000, 0.00000, -0.00000, 0.00000, -0.00000, -1.00000, 0.00000, 0.00000, -0.00000, 0.00000, 1.00000, 0.00000, 6.00001, 27.40000, 0.00000, 1.00000, },
				{ -0.00000, 1.00000, 0.00000, 0.00000, -1.00000, -0.00000, -0.00000, 0.00000, -0.00000, -0.00000, 1.00000, 0.00000, -3.25000, 30.30000, 0.00000, 1.00000, },
				{ -0.00000, -1.00000, 0.00000, 0.00000, 1.00000, -0.00000, 0.00000, 0.00000, 0.00000, 0.00000, 1.00000, 0.00000, 14.70001, 22.30000, 0.00000, 1.00000, },
				{ -0.00000, -1.00000, 0.00000, 0.00000, 1.00000, -0.00000, 0.00000, 0.00000, 0.00000, 0.00000, 1.00000, 0.00000, 6.00001, 28.90000, 0.00000, 1.00000, },
				{ -1.00000, 0.00000, 0.00000, 0.00000, -0.00000, -1.00000, 0.00000, 0.00000, 0.00000, 0.00000, 1.00000, 0.00000, -1.75000, 30.30000, 0.00000, 1.00000, },
				{ 1.00000, 0.00000, 0.00000, 0.00000, -0.00000, 1.00000, 0.00000, 0.00000, 0.00000, 0.00000, 1.00000, 0.00000, 14.68001, 26.20000, 0.00000, 1.00000, },
				{ 1.00000, -0.00000, 0.00000, 0.00000, 0.00000, 1.00000, 0.00000, 0.00000, 0.00000, 0.00000, 1.00000, 0.00000, 14.70001, 23.80000, 0.00000, 1.00000, },
				{ 1.00000, -0.00000, 0.00000, 0.00000, 0.00000, 1.00000, 0.00000, 0.00000, 0.00000, 0.00000, 1.00000, 0.00000, 6.00001, 30.40000, 0.00000, 1.00000, },
				{ -0.00000, -1.00000, 0.00000, 0.00000, 1.00000, -0.00000, 0.00000, 0.00000, 0.00000, 0.00000, 1.00000, 0.00000, -0.25000, 30.30000, 0.00000, 1.00000, },
				{ -0.00000, -1.00000, 0.00000, 0.00000, 1.00000, -0.00000, 0.00000, 0.00000, 0.00000, 0.00000, 1.00000, 0.00000, 4.35000, 30.30000, 0.00000, 1.00000, },
				{ -0.00000, 1.00000, 0.00000, 0.00000, -1.00000, -0.00000, 0.00000, 0.00000, 0.00000, 0.00000, 1.00000, 0.00000, 13.18001, 26.20000, 0.00000, 1.00000, },
				{ -0.00000, 1.00000, 0.00000, 0.00000, -1.00000, -0.00000, 0.00000, 0.00000, 0.00000, 0.00000, 1.00000, 0.00000, 14.70001, 25.30000, 0.00000, 1.00000, },
				{ 1.00000, -0.00000, 0.00000, 0.00000, 0.00000, 1.00000, 0.00000, 0.00000, 0.00000, 0.00000, 1.00000, 0.00000, 1.25000, 30.30000, 0.00000, 1.00000, },
				{ -1.00000, -0.00000, 0.00000, 0.00000, 0.00000, -1.00000, 0.00000, 0.00000, 0.00000, 0.00000, 1.00000, 0.00000, 11.68001, 26.20000, 0.00000, 1.00000, },
				{ 0.55194, -0.83389, 0.00000, 0.00000, 0.83389, 0.55194, -0.00000, 0.00000, 0.00000, 0.00000, 1.00000, 0.00000, 8.88001, 26.20000, 0.00000, 1.00000, },
				{ -0.00000, 1.00000, 0.00000, 0.00000, -1.00000, -0.00000, -0.00000, 0.00000, -0.00000, -0.00000, 1.00000, 0.00000, 2.75000, 30.30000, 0.00000, 1.00000, },
				{ -0.00000, -1.00000, 0.00000, 0.00000, 1.00000, -0.00000, -0.00000, 0.00000, 0.00000, -0.00000, 1.00000, 0.00000, 10.18001, 26.20000, 0.00000, 1.00000, },
				{ -0.00000, -1.00000, 0.00000, 0.00000, 1.00000, -0.00000, -0.00000, 0.00000, 0.00000, -0.00000, 1.00000, 0.00000, 7.38001, 26.20000, 0.00000, 1.00000, },
			},
		},
	},
}
--End Generated

function data()
	return townbuildingutil.make_building2(
		{ { -4.60, -0.10 }, { 4.60, -0.10 }, { 4.60, 9.10 }, { -4.60, 9.10 } },
		"COMMERCIAL", 
		"B", 
		1,
		{ 4, 4 },
		generatedData,
		"construction/building/era_b/com_1_4x4_04.gtex"
	)
end
