local townbuildingutil = require "townbuildingutil"

--Model file: "building/era_b/com_2_2x2_01.mdl"

--Begin Generated
local generatedData = {
	["base"] = {
		models = {
			["building/era_b/com_2_2x2_01.mdl"] = {
				{ 1.00000, 0.00000, 0.00000, 0.00000, 0.00000, 1.00000, 0.00000, 0.00000, 0.00000, 0.00000, 1.00000, 0.00000, 0.00000, 0.00000, 0.00000, 1.00000, },
			},
		},
		curves = {
			["scaffold"] = {
				{ { 5.15751, 1.98126, 0.00000 }, { 5.15751, 1.98126, 0.00000 }, { 5.16479, 10.50327, 0.00000 }, { 5.16479, 10.50327, 0.00000 }, { 5.16479, 10.50327, 0.00000 }, { -1.97522, 10.50326, 0.00000 }, { -1.97522, 10.50326, 0.00000 }, { -1.97522, 10.50326, 0.00000 }, { -1.97522, 10.96844, 0.00000 }, { -1.97522, 10.96844, 0.00000 }, { -1.97522, 10.96844, 0.00000 }, { -3.97522, 10.96844, 0.00000 }, { -3.97522, 10.96844, 0.00000 }, { -3.97522, 10.96844, 0.00000 }, { -3.97522, 10.50325, 0.00000 }, { -3.97522, 10.50325, 0.00000 }, { -3.97522, 10.50325, 0.00000 }, { -5.44192, 10.50325, 0.00000 }, { -5.44192, 10.50325, 0.00000 }, { -5.44192, 10.50325, 0.00000 }, { -5.44192, 1.97459, 0.00000 }, { -5.44192, 1.97459, 0.00000 }, },
			},
			["shared/asphalt_02.gtex.lua;shared/dirt.gtex.lua"] = {
				{ { 8.00000, 0.00000, -0.00000 }, { 8.00000, 0.00000, -0.00000 }, { 8.00000, 11.50000, -0.00000 }, { 8.00000, 11.50000, -0.00000 }, { 8.00000, 11.50000, -0.00000 }, { -1.37185, 11.50000, -0.00000 }, { -1.37185, 11.50000, -0.00000 }, { -1.37185, 11.50000, -0.00000 }, { -1.37185, 9.94360, -0.00000 }, { -1.37185, 9.94360, -0.00000 }, { -1.37185, 9.94360, -0.00000 }, { -4.88232, 9.94360, -0.00000 }, { -4.88232, 9.94360, -0.00000 }, { -4.88232, 9.94360, -0.00000 }, { -4.88232, 9.05272, -0.00000 }, { -4.88232, 9.05272, -0.00000 }, { -4.88232, 9.05272, -0.00000 }, { -8.00001, 9.06000, -0.00000 }, { -8.00001, 9.06000, -0.00000 }, { -8.00001, 9.05999, -0.00000 }, { -8.00001, 0.00000, -0.00000 }, { -8.00001, 0.00000, -0.00000 }, },
			},
			["shared/asphalt_03.gtex.lua;shared/dirt.gtex.lua"] = {
				{ { -1.37185, 9.94360, -0.00000 }, { -1.37185, 9.94360, -0.00000 }, { -1.37185, 16.00000, -0.00000 }, { -1.37185, 16.00000, 0.00000 }, { -1.37185, 16.00000, 0.00000 }, { -8.00000, 16.00000, 0.00000 }, { -8.00000, 16.00000, 0.00000 }, { -8.00000, 16.00000, -0.00000 }, { -8.00001, 9.05999, -0.00000 }, { -8.00001, 9.05999, -0.00000 }, { -8.00001, 9.05999, -0.00000 }, { -4.88232, 9.05272, -0.00000 }, { -4.88232, 9.05272, -0.00000 }, { -4.88232, 9.05272, -0.00000 }, { -4.88232, 9.94360, -0.00000 }, { -4.88232, 9.94360, -0.00000 }, },
			},
			["shared/grass_cutted_01.gtex.lua"] = {
				{ { 8.00000, 11.50000, -0.00000 }, { 8.00000, 11.50000, -0.00000 }, { 8.00000, 16.00000, -0.00000 }, { 8.00000, 16.00000, 0.00000 }, { 8.00000, 16.00000, 0.00000 }, { -1.37185, 16.00000, 0.00000 }, { -1.37185, 16.00000, 0.00000 }, { -1.37185, 16.00000, -0.00000 }, { -1.37185, 11.50000, -0.00000 }, { -1.37185, 11.50000, -0.00000 }, },
			},
		},
	},
	["layout_1"] = {
		models = {
			["asset/commercial/all_eras/era_b_com_wall.mdl"] = {
				{ 1.05000, 0.00000, 0.00000, 0.00000, 0.00000, 1.00000, 0.00000, 0.00000, 0.00000, 0.00000, 1.00000, 0.00000, -6.42501, 9.21000, 0.00000, 1.00000, },
				{ 1.06670, 0.00000, 0.00000, 0.00000, 0.00000, 1.00000, 0.00000, 0.00000, 0.00000, 0.00000, 1.00000, 0.00000, 0.00000, 15.85000, 0.00000, 1.00000, },
				{ 1.06670, 0.00000, 0.00000, 0.00000, 0.00000, 1.00000, 0.00000, 0.00000, 0.00000, 0.00000, 1.00000, 0.00000, 3.20010, 15.85000, 0.00000, 1.00000, },
				{ 1.06670, 0.00000, 0.00000, 0.00000, 0.00000, 1.00000, 0.00000, 0.00000, 0.00000, 0.00000, 1.00000, 0.00000, 6.40020, 15.85000, 0.00000, 1.00000, },
				{ -0.00000, 1.08000, 0.00000, 0.00000, -1.00000, -0.00000, -0.00000, 0.00000, 0.00000, -0.00000, 1.00000, 0.00000, 7.84999, 10.84000, 0.00000, 1.00000, },
				{ -0.00000, 1.08000, 0.00000, 0.00000, -1.00000, -0.00000, -0.00000, 0.00000, 0.00000, -0.00000, 1.00000, 0.00000, 7.84999, 7.60000, 0.00000, 1.00000, },
				{ -0.00000, 1.08000, 0.00000, 0.00000, -1.00000, -0.00000, -0.00000, 0.00000, 0.00000, -0.00000, 1.00000, 0.00000, 7.84999, 4.36000, 0.00000, 1.00000, },
				{ -0.00000, 1.08000, 0.00000, 0.00000, -1.00000, -0.00000, -0.00000, 0.00000, 0.00000, -0.00000, 1.00000, 0.00000, 7.84999, 14.08000, 0.00000, 1.00000, },
				{ -0.00000, 1.00000, 0.00000, 0.00000, -1.00000, -0.00000, 0.00000, 0.00000, 0.00000, 0.00000, 1.00000, 0.00000, -0.14000, 8.20000, 0.00000, 1.00000, },
				{ -0.00000, 1.00000, 0.00000, 0.00000, -1.00000, -0.00000, 0.00000, 0.00000, 0.00000, 0.00000, 1.00000, 0.00000, -1.45005, 11.20000, 0.00000, 1.00000, },
				{ -0.00000, 1.00000, 0.00000, 0.00000, -1.00000, -0.00000, 0.00000, 0.00000, 0.00000, 0.00000, 1.00000, 0.00000, -1.45005, 11.20000, 1.66500, 1.00000, },
				{ -0.00000, 1.00000, 0.00000, 0.00000, -1.00000, -0.00000, 0.00000, 0.00000, 0.00000, 0.00000, 1.00000, 0.00000, -1.45005, 14.20000, 0.00000, 1.00000, },
				{ -0.00000, 1.00000, 0.00000, 0.00000, -1.00000, -0.00000, 0.00000, 0.00000, 0.00000, 0.00000, 1.00000, 0.00000, -1.45005, 14.20000, 1.66500, 1.00000, },
			},
			["asset/commercial/era_b/wall_grip.mdl"] = {
				{ -0.00000, 0.27231, 0.00000, 0.00000, -0.27231, -0.00000, 0.00000, 0.00000, 0.00000, 0.00000, 0.27231, 0.00000, 3.73986, 2.54109, 3.63224, 1.00000, align = { 0.00000, 0.00000 }, },
			},
			["asset/ground/garden_chair_plastic_01.mdl"] = {
				{ -0.84245, 0.53877, 0.00000, 0.00000, -0.53877, -0.84245, 0.00000, 0.00000, 0.00000, 0.00000, 1.00000, 0.00000, -3.42580, 10.36038, 7.48539, 1.00000, align = { 0.00000, 0.00000 }, ignore = { 3, 30 }, },
			},
			["asset/industry/cardboard_box_01.mdl"] = {
				{ -0.02618, -0.99966, -0.00000, 0.00000, 0.99966, -0.02618, 0.00000, 0.00000, -0.00000, 0.00000, 1.00000, 0.00000, -3.99500, 11.56000, 0.00000, 1.00000, },
				{ 0.21985, -0.97553, 0.00000, 0.00000, 0.97553, 0.21985, 0.00000, 0.00000, 0.00000, 0.00000, 1.00000, 0.00000, -3.99500, 10.83000, 0.00000, 1.00000, },
				{ -0.02618, -0.99966, -0.00000, 0.00000, 0.99966, -0.02618, 0.00000, 0.00000, -0.00000, 0.00000, 1.00000, 0.00000, -3.94500, 12.49000, 0.00000, 1.00000, ignore = { 5, 50 }, },
				{ -0.13226, -0.99122, 0.00000, 0.00000, 0.99122, -0.13226, 0.00000, 0.00000, 0.00000, 0.00000, 1.00000, 0.00000, -3.92909, 10.84424, 0.50694, 1.00000, ignore = { 5, 50 }, },
				{ 0.08368, -0.99649, 0.00000, 0.00000, 0.99649, 0.08368, 0.00000, 0.00000, 0.00000, 0.00000, 1.00000, 0.00000, -3.79909, 11.54424, 0.50694, 1.00000, ignore = { 5, 50 }, },
			},
			["asset/vegetation/hedge_3m.mdl"] = {
				{ -0.00000, -1.00000, -0.00000, 0.00000, 0.94500, -0.00000, -0.00000, 0.00000, 0.00000, -0.00000, 1.00000, 0.00000, 0.47725, 15.25471, 0.00000, 1.00000, },
				{ -0.00000, -1.00000, -0.00000, 0.00000, 0.94500, -0.00000, -0.00000, 0.00000, 0.00000, -0.00000, 1.00000, 0.00000, 3.31725, 15.25471, 0.00000, 1.00000, },
				{ -0.00000, -1.00000, -0.00000, 0.00000, 0.94500, -0.00000, -0.00000, 0.00000, 0.00000, -0.00000, 1.00000, 0.00000, 5.86725, 15.25471, 0.00000, 1.00000, },
				{ -1.00000, 0.00000, -0.00000, 0.00000, -0.00000, -0.94500, -0.00000, 0.00000, -0.00000, -0.00000, 1.00000, 0.00000, 7.16725, 13.95471, 0.00000, 1.00000, },
				{ -1.00000, 0.00000, -0.00000, 0.00000, -0.00000, -0.94500, -0.00000, 0.00000, -0.00000, -0.00000, 1.00000, 0.00000, 7.16725, 10.85471, 0.00000, 1.00000, },
				{ -1.00000, 0.00000, -0.00000, 0.00000, -0.00000, -0.94500, -0.00000, 0.00000, -0.00000, -0.00000, 1.00000, 0.00000, 7.16725, 7.57471, 0.00000, 1.00000, },
				{ -1.00000, 0.00000, -0.00000, 0.00000, -0.00000, -0.94500, -0.00000, 0.00000, -0.00000, -0.00000, 1.00000, 0.00000, 7.16725, 4.41471, 0.00000, 1.00000, },
			},
		},
		groups = {
			["era_a_com_1_asset_food_box_m.grp"] = {
				{ 0.92849, 0.37137, 0.00000, 0.00000, -0.37137, 0.92849, 0.00000, 0.00000, 0.00000, 0.00000, 1.00000, 0.00000, -2.76648, 14.31955, 0.00000, 1.00000, },
				{ -0.40992, -0.91212, -0.00000, 0.00000, 0.91212, -0.40992, 0.00000, 0.00000, -0.00000, 0.00000, 1.00000, 0.00000, -3.46443, 14.93332, 0.00000, 1.00000, },
				{ 0.98769, 0.15643, 0.00000, 0.00000, -0.15643, 0.98769, 0.00000, 0.00000, 0.00000, 0.00000, 1.00000, 0.00000, -2.59937, 13.41707, 0.00000, 1.00000, },
				{ 0.66131, -0.75011, 0.00000, 0.00000, 0.75011, 0.66131, -0.00000, 0.00000, 0.00000, 0.00000, 1.00000, 0.00000, -2.42938, 15.29318, 0.00000, 1.00000, ignore = { 6, 50 }, },
				{ 0.60738, -0.79441, 0.00000, 0.00000, 0.79441, 0.60738, -0.00000, 0.00000, 0.00000, 0.00000, 1.00000, 0.00000, -2.69035, 13.88688, 0.47000, 1.00000, ignore = { 6, 50 }, },
			},
			["era_a_garden_chair.grp"] = {
				{ -0.05234, -0.99863, -0.00000, 0.00000, 0.99863, -0.05234, 0.00000, 0.00000, -0.00000, 0.00000, 1.00000, 0.00000, -2.33542, 10.42424, 4.50845, 1.00000, align = { 0.00000, 0.00000 }, seed = 456, ignore = { 4, 20 }, },
			},
			["era_b_awning_shops_end.grp"] = {
				{ 0.86600, 0.00000, 0.00000, 0.00000, 0.00000, 0.86600, 0.00000, 0.00000, 0.00000, 0.00000, 0.86600, 0.00000, -0.13708, 2.63441, 3.17970, 1.00000, align = { 0.00000, 0.00000 }, seed = 987, },
				{ -0.00000, -0.86600, 0.00000, 0.00000, 0.86600, -0.00000, 0.00000, 0.00000, 0.00000, 0.00000, 0.86600, 0.00000, -5.17308, 6.34641, 3.17970, 1.00000, align = { 0.00000, 0.00000 }, seed = 987, },
			},
			["era_b_awning_shops_repeat.grp"] = {
				{ 0.86600, 0.00000, 0.00000, 0.00000, 0.00000, 0.86600, 0.00000, 0.00000, 0.00000, 0.00000, 0.86600, 0.00000, -0.13708, 2.63441, 3.17970, 1.00000, align = { 0.00000, 0.00000 }, seed = 987, },
				{ -0.00000, -0.86600, 0.00000, 0.00000, 0.86600, -0.00000, 0.00000, 0.00000, 0.00000, 0.00000, 0.86600, 0.00000, -5.17308, 6.34641, 3.17970, 1.00000, align = { 0.00000, 0.00000 }, seed = 987, },
			},
			["era_b_awning_shops_start.grp"] = {
				{ 0.86600, 0.00000, 0.00000, 0.00000, 0.00000, 0.86600, 0.00000, 0.00000, 0.00000, 0.00000, 0.86600, 0.00000, -0.13708, 2.63441, 3.17970, 1.00000, align = { 0.00000, 0.00000 }, seed = 987, },
				{ -0.00000, -0.86600, 0.00000, 0.00000, 0.86600, -0.00000, 0.00000, 0.00000, 0.00000, 0.00000, 0.86600, 0.00000, -5.17308, 6.34641, 3.17970, 1.00000, align = { 0.00000, 0.00000 }, seed = 987, },
			},
			["era_b_garbage_container.grp"] = {
				{ 0.01047, -0.99995, 0.00000, 0.00000, 0.99995, 0.01047, 0.00000, 0.00000, 0.00000, 0.00000, 1.00000, 0.00000, -2.46000, 11.61000, 0.00000, 1.00000, },
			},
			["era_b_neon_wall_sign_food.grp"] = {
				{ -0.00000, 0.27231, 0.00000, 0.00000, -0.27231, -0.00000, 0.00000, 0.00000, 0.00000, 0.00000, 0.27231, 0.00000, 3.73986, 1.56079, 3.63224, 1.00000, align = { 0.00000, 0.00000 }, seed = 987, },
			},
			["era_b_neon_wall_sign_food_flat.grp"] = {
				{ 0.42533, 0.00000, 0.00000, 0.00000, 0.00000, 0.42533, 0.00000, 0.00000, 0.00000, 0.00000, 0.42533, 0.00000, 3.21845, 3.59483, 1.80000, 1.00000, align = { 0.00000, 0.00000 }, seed = 987, },
				{ -0.00000, -0.42533, 0.00000, 0.00000, 0.42533, -0.00000, 0.00000, 0.00000, 0.00000, 0.00000, 0.42533, 0.00000, -5.09515, 6.35650, 1.63500, 1.00000, align = { 0.00000, 0.00000 }, seed = 987, },
			},
			["era_b_restaurant_ground_sign.grp"] = {
				{ 0.63473, -0.77273, 0.00000, 0.00000, 0.77273, 0.63473, 0.00000, 0.00000, 0.00000, 0.00000, 1.00000, 0.00000, -2.24000, 1.71000, 0.00000, 1.00000, seed = 987, },
			},
			["era_b_restaurant_sign_big.grp"] = {
				{ 0.60938, 0.00000, 0.00000, 0.00000, 0.00000, 0.60938, 0.00000, 0.00000, 0.00000, 0.00000, 0.60938, 0.00000, -0.13500, 2.54606, 3.62626, 1.00000, align = { 0.00000, 0.00000 }, seed = 987, },
				{ -0.00000, -0.60938, 0.00000, 0.00000, 0.60938, -0.00000, 0.00000, 0.00000, 0.00000, 0.00000, 0.60938, 0.00000, -5.28000, 6.34606, 3.62626, 1.00000, align = { 0.00000, 0.00000 }, seed = 987, },
			},
			["era_b_restaurant_wall_sign_small.grp"] = {
				{ 1.00000, 0.00000, 0.00000, 0.00000, 0.00000, 1.00000, 0.00000, 0.00000, 0.00000, 0.00000, 1.00000, 0.00000, -4.42489, 2.53424, 3.66526, 1.00000, align = { 0.00000, 0.00000 }, seed = 987, },
			},
			["era_b_sunshade_small.grp"] = {
				{ 0.76133, -0.47481, -0.00000, 0.00000, 0.47481, 0.76133, 0.00000, 0.00000, 0.00000, -0.00000, 0.89725, 0.00000, -2.98892, 10.72546, 7.48539, 1.00000, align = { 0.00000, 0.00000 }, ignore = { 2, 80 }, },
			},
			["garden_table_round.grp"] = {
				{ 0.99998, 0.00698, 0.00000, 0.00000, -0.00698, 0.99998, 0.00000, 0.00000, 0.00000, 0.00000, 1.00000, 0.00000, -3.04540, 10.41928, 4.50845, 1.00000, align = { 0.00000, 0.00000 }, seed = 456, },
			},
		},
	},
}
--End Generated

function data()
	return townbuildingutil.make_building2(
		{ { -4.60, -0.10 }, { 4.60, -0.10 }, { 4.60, 9.10 }, { -4.60, 9.10 } },
		"COMMERCIAL", 
		"B", 
		2,
		{ 2, 2 },
		generatedData,
		"construction/building/era_b/com_2_2x2_01.gtex"
	)
end
