local townbuildingutil = require "townbuildingutil"

--Model file: "building/era_b/com_3_1x2_02.mdl"

--Begin Generated
local generatedData = {
	["base"] = {
		models = {
			["building/era_b/com_3_1x2_02.mdl"] = {
				{ 1.00000, 0.00000, 0.00000, 0.00000, 0.00000, 1.00000, 0.00000, 0.00000, 0.00000, 0.00000, 1.00000, 0.00000, 0.00000, 0.00000, 0.00000, 1.00000, },
			},
		},
		curves = {
			["scaffold"] = {
				{ { 3.20532, 2.02716, 0.00000 }, { 3.20532, 2.02716, 0.00000 }, { 3.20532, 14.18719, 0.00000 }, { 3.20532, 14.18719, 0.00000 }, { 3.20532, 14.18719, 0.00000 }, { -3.17468, 14.18719, 0.00000 }, { -3.17468, 14.18719, 0.00000 }, { -3.17468, 14.18719, 0.00000 }, { -3.17468, 2.02716, 0.00000 }, { -3.17468, 2.02716, 0.00000 }, },
			},
			["shared/asphalt_02.gtex.lua;shared/dirt.gtex.lua"] = {
				{ { 4.00000, 0.00000, 0.00000 }, { 4.00000, 0.00000, 0.00000 }, { 4.00000, 16.00000, 0.00000 }, { 4.00000, 16.00000, 0.00000 }, { 4.00000, 16.00000, 0.00000 }, { -4.00000, 16.00000, 0.00000 }, { -4.00000, 16.00000, 0.00000 }, { -4.00000, 16.00000, 0.00000 }, { -4.00000, 0.00000, 0.00000 }, { -4.00000, 0.00000, 0.00000 }, },
			},
		},
	},
	["layout_1"] = {
		models = {
			["asset/ground/garden_chair_plastic_01.mdl"] = {
				{ -0.58778, -0.80902, -0.00000, 0.00000, 0.80902, -0.58778, -0.00000, 0.00000, 0.00000, -0.00000, 1.00000, 0.00000, -2.58019, 8.53102, 13.60000, 1.00000, align = { 0.00000, 0.00000 }, ignore = { 6, 30 }, },
				{ 0.39394, -0.91914, -0.00000, 0.00000, 0.91914, 0.39394, -0.00000, 0.00000, 0.00000, -0.00000, 1.00000, 0.00000, -2.57267, 9.51795, 13.60000, 1.00000, align = { 0.00000, 0.00000 }, ignore = { 7, 30 }, },
				{ -0.78586, -0.61841, 0.00000, 0.00000, 0.61841, -0.78586, -0.00000, 0.00000, 0.00000, -0.00000, 1.00000, 0.00000, -2.50578, 8.70148, 4.60000, 1.00000, align = { 0.00000, 0.00000 }, ignore = { 8, 30 }, },
			},
		},
		groups = {
			["era_a_com_1_asset_food_box_m.grp"] = {
				{ -0.06279, -0.99803, -0.00000, 0.00000, 0.99803, -0.06279, 0.00000, 0.00000, -0.00000, 0.00000, 1.00000, 0.00000, -1.24000, 14.63000, 0.00000, 1.00000, },
				{ 0.06279, -0.99803, 0.00000, 0.00000, 0.99803, 0.06279, 0.00000, 0.00000, 0.00000, 0.00000, 1.00000, 0.00000, -1.94000, 14.52000, 0.00000, 1.00000, },
				{ 0.11840, -0.99297, 0.00000, 0.00000, 0.99297, 0.11840, 0.00000, 0.00000, 0.00000, 0.00000, 1.00000, 0.00000, -1.10500, 15.55500, 0.00000, 1.00000, ignore = { 4, 50 }, },
				{ 0.98420, -0.17708, 0.00000, 0.00000, 0.17708, 0.98420, 0.00000, 0.00000, 0.00000, 0.00000, 1.00000, 0.00000, -1.81500, 15.29000, 0.47000, 1.00000, ignore = { 4, 50 }, },
				{ 0.98978, 0.14263, 0.00000, 0.00000, -0.14263, 0.98978, 0.00000, 0.00000, 0.00000, 0.00000, 1.00000, 0.00000, -1.99500, 14.46500, 0.47000, 1.00000, ignore = { 4, 50 }, },
				{ 0.84989, 0.52696, 0.00000, 0.00000, -0.52696, 0.84989, 0.00000, 0.00000, 0.00000, 0.00000, 1.00000, 0.00000, -2.79500, 14.78500, 0.00000, 1.00000, ignore = { 4, 50 }, },
				{ -0.09411, -0.99556, 0.00000, 0.00000, 0.99556, -0.09411, 0.00000, 0.00000, 0.00000, 0.00000, 1.00000, 0.00000, -1.86500, 15.46000, 0.00000, 1.00000, ignore = { 4, 50 }, },
			},
			["era_a_garden_chair.grp"] = {
				{ 0.61841, -0.78586, -0.00000, 0.00000, 0.78586, 0.61841, 0.00000, 0.00000, -0.00000, -0.00000, 1.00000, 0.00000, -2.51186, 9.97836, 10.59999, 1.00000, align = { 0.00000, 0.00000 }, ignore = { 9, 20 }, },
			},
			["era_b_awning_shops_end.grp"] = {
				{ 0.64592, 0.00000, 0.00000, 0.00000, 0.00000, 0.64592, 0.00000, 0.00000, 0.00000, 0.00000, 0.64592, 0.00000, 2.06775, 2.10497, 3.30251, 1.00000, align = { 0.00000, 0.00000 }, seed = 69, },
			},
			["era_b_awning_shops_repeat.grp"] = {
				{ 0.64592, 0.00000, 0.00000, 0.00000, 0.00000, 0.64592, 0.00000, 0.00000, 0.00000, 0.00000, 0.64592, 0.00000, -1.80775, 2.10497, 3.30251, 1.00000, align = { 0.00000, 0.00000 }, seed = 69, },
				{ 0.64592, 0.00000, 0.00000, 0.00000, 0.00000, 0.64592, 0.00000, 0.00000, 0.00000, 0.00000, 0.64592, 0.00000, 0.13000, 2.10497, 3.30251, 1.00000, align = { 0.00000, 0.00000 }, seed = 69, },
				{ 0.64592, 0.00000, 0.00000, 0.00000, 0.00000, 0.64592, 0.00000, 0.00000, 0.00000, 0.00000, 0.64592, 0.00000, 2.06775, 2.10497, 3.30251, 1.00000, align = { 0.00000, 0.00000 }, seed = 69, },
			},
			["era_b_awning_shops_start.grp"] = {
				{ 0.64592, 0.00000, 0.00000, 0.00000, 0.00000, 0.64592, 0.00000, 0.00000, 0.00000, 0.00000, 0.64592, 0.00000, -1.80775, 2.10497, 3.30251, 1.00000, align = { 0.00000, 0.00000 }, seed = 69, },
			},
			["era_b_food_booth_01.grp"] = {
				{ 1.00000, 0.00000, 0.00000, 0.00000, 0.00000, 1.00000, 0.00000, 0.00000, 0.00000, 0.00000, 1.00000, 0.00000, -1.29000, 1.97000, 0.00000, 1.00000, seed = 69, ignore = { 3, 50 }, },
			},
			["era_b_food_store_ground_sign.grp"] = {
				{ 0.61015, 0.79229, 0.00000, 0.00000, -0.79229, 0.61015, 0.00000, 0.00000, 0.00000, 0.00000, 1.00000, 0.00000, 1.62000, 1.02000, 0.00000, 1.00000, seed = 69, ignore = { 2, 25 }, },
			},
			["era_b_food_store_sign_mini.grp"] = {
				{ 1.22500, 0.00000, 0.00000, 0.00000, 0.00000, 1.22500, 0.00000, 0.00000, 0.00000, 0.00000, 1.22500, 0.00000, 1.62538, 2.18000, 3.64999, 1.00000, align = { 0.00000, 0.00000 }, seed = 69, },
				{ -0.00000, 1.22500, 0.00000, 0.00000, -1.22500, -0.00000, 0.00000, 0.00000, 0.00000, 0.00000, 1.22500, 0.00000, 3.03537, 4.68012, 3.64999, 1.00000, align = { 0.00000, 0.00000 }, seed = 69, },
				{ -0.00000, 1.22500, 0.00000, 0.00000, -1.22500, -0.00000, 0.00000, 0.00000, 0.00000, 0.00000, 1.22500, 0.00000, 3.03537, 7.68012, 3.64999, 1.00000, align = { 0.00000, 0.00000 }, seed = 69, },
				{ 1.22500, 0.00000, 0.00000, 0.00000, 0.00000, 1.22500, 0.00000, 0.00000, 0.00000, 0.00000, 1.22500, 0.00000, -1.37459, 2.18000, 3.64999, 1.00000, align = { 0.00000, 0.00000 }, seed = 69, },
			},
			["era_b_food_store_wall_sign.grp"] = {
				{ 1.00000, 0.00000, 0.00000, 0.00000, 0.00000, 1.00000, 0.00000, 0.00000, 0.00000, 0.00000, 1.00000, 0.00000, -2.63829, 1.96497, 5.29451, 1.00000, align = { 0.00000, 0.00000 }, seed = 69, },
			},
			["era_b_garbage_container.grp"] = {
				{ -0.89493, -0.01093, -0.00000, 0.00000, 0.01093, -0.89493, 0.00000, 0.00000, -0.00000, 0.00000, 0.89500, 0.00000, 1.98453, 14.99965, 0.00000, 1.00000, },
			},
		},
	},
}
--End Generated

function data()
	return townbuildingutil.make_building2(
		{ { -4.60, -0.10 }, { 4.60, -0.10 }, { 4.60, 9.10 }, { -4.60, 9.10 } },
		"COMMERCIAL", 
		"B", 
		3,
		{ 1, 2 },
		generatedData,
		"construction/building/era_b/com_3_1x2_02.gtex"
	)
end
