local townbuildingutil = require "townbuildingutil"

--Model file: "building/era_b/com_1_2x3_02.mdl"

--Begin Generated
local generatedData = {
	["base"] = {
		models = {
			["building/era_b/com_1_2x3_02.mdl"] = {
				{ 1.00000, 0.00000, 0.00000, 0.00000, 0.00000, 1.00000, 0.00000, 0.00000, 0.00000, 0.00000, 1.00000, 0.00000, 0.00000, 1.00000, 0.00000, 1.00000, },
			},
		},
		curves = {
			["scaffold"] = {
				{ { 3.72527, 1.02948, 0.00000 }, { 3.72527, 1.02948, 0.00000 }, { 3.72527, 3.10825, 0.00000 }, { 3.72527, 3.10826, 0.00000 }, { 3.72527, 3.10826, 0.00000 }, { 5.58020, 3.10825, 0.00000 }, { 5.58020, 3.10825, 0.00000 }, { 5.58020, 3.10825, 0.00000 }, { 5.58020, 9.86569, 0.00000 }, { 5.58020, 9.86569, 0.00000 }, { 5.58020, 9.86569, 0.00000 }, { 1.48943, 9.86569, 0.00000 }, { 1.48943, 9.86569, 0.00000 }, { 1.48943, 9.86569, 0.00000 }, { 1.48943, 11.96552, 0.00000 }, { 1.48943, 11.96552, 0.00000 }, { 1.48943, 11.96552, 0.00000 }, { 0.08943, 11.96552, 0.00000 }, { 0.08943, 11.96552, 0.00000 }, { 0.08943, 11.96552, 0.00000 }, { 0.08943, 9.86569, 0.00000 }, { 0.08943, 9.86569, 0.00000 }, { 0.08943, 9.86569, 0.00000 }, { -3.97717, 9.86569, 0.00000 }, { -3.97717, 9.86569, 0.00000 }, { -3.97717, 9.86569, 0.00000 }, { -3.97717, 8.75391, 0.00000 }, { -3.97717, 8.75391, 0.00000 }, { -3.97717, 8.75391, 0.00000 }, { -5.34924, 8.75391, 0.00000 }, { -5.34924, 8.75391, 0.00000 }, { -5.34924, 8.75391, 0.00000 }, { -5.34924, 4.09747, 0.00000 }, { -5.34924, 4.09747, 0.00000 }, { -5.34924, 4.09747, 0.00000 }, { -3.97717, 4.09747, 0.00000 }, { -3.97717, 4.09747, 0.00000 }, { -3.97717, 4.09747, 0.00000 }, { -3.97717, 3.10826, 0.00000 }, { -3.97717, 3.10826, 0.00000 }, { -3.97717, 3.10826, 0.00000 }, { 2.32527, 3.10826, 0.00000 }, { 2.32527, 3.10826, 0.00000 }, { 2.32527, 3.10826, 0.00000 }, { 2.32527, 1.02948, 0.00000 }, { 2.32527, 1.02948, 0.00000 }, },
			},
			["shared/asphalt_02.gtex.lua;shared/dirt.gtex.lua"] = {
				{ { 8.00000, 0.00000, 0.00000 }, { 8.00000, 0.00000, 0.00000 }, { 7.99901, 9.48000, 0.00000 }, { 7.99901, 9.48000, 0.00000 }, { 7.99901, 9.48000, 0.00000 }, { 5.30499, 9.48000, 0.00000 }, { 5.30499, 9.48000, 0.00000 }, { 5.30499, 9.48000, 0.00000 }, { -3.69849, 9.48000, 0.00000 }, { -3.69849, 9.48000, 0.00000 }, { -3.69849, 9.48000, 0.00000 }, { -3.69849, 17.82609, 0.00000 }, { -3.69849, 17.82610, 0.00000 }, { -3.69849, 17.82610, 0.00000 }, { -8.00000, 17.82610, 0.00000 }, { -8.00000, 17.82610, 0.00000 }, { -8.00000, 17.82609, 0.00000 }, { -8.00000, 0.00000, 0.00000 }, { -8.00000, 0.00000, 0.00000 }, },
			},
			["shared/asphalt_03.gtex.lua;shared/dirt.gtex.lua"] = {
				{ { 7.99901, 9.48000, 0.00000 }, { 7.99901, 9.48000, 0.00000 }, { 7.99899, 24.00000, 0.00000 }, { 7.99899, 24.00000, 0.00000 }, { 7.99899, 24.00000, 0.00000 }, { 1.30000, 24.00000, 0.00000 }, { 1.30000, 24.00000, 0.00000 }, { 1.30000, 24.00000, 0.00000 }, { 1.30000, 20.70000, 0.00000 }, { 1.30000, 20.70000, 0.00000 }, { 1.30000, 20.70000, 0.00000 }, { -3.69849, 20.70000, 0.00000 }, { -3.69849, 20.70000, 0.00000 }, { -3.69849, 20.70000, 0.00000 }, { -3.69849, 9.48000, 0.00000 }, { -3.69849, 9.48000, 0.00000 }, },
			},
			["shared/grass_cutted_01.gtex.lua"] = {
				{ { -3.69849, 17.82609, 0.00000 }, { -3.69849, 17.82609, 0.00000 }, { -3.69849, 20.70000, 0.00000 }, { -3.69849, 20.70000, 0.00000 }, { -3.69849, 20.70000, 0.00000 }, { 1.30000, 20.70000, 0.00000 }, { 1.30000, 20.70000, 0.00000 }, { 1.30000, 20.70000, 0.00000 }, { 1.30000, 24.00000, 0.00000 }, { 1.30000, 24.00000, 0.00000 }, { 1.30000, 24.00000, 0.00000 }, { -8.00000, 24.00000, 0.00000 }, { -8.00000, 24.00000, 0.00000 }, { -8.00000, 24.00000, 0.00000 }, { -8.00000, 17.82610, 0.00000 }, { -8.00000, 17.82609, 0.00000 }, },
			},
		},
	},
	["layout_1"] = {
		models = {
			["asset/commercial/all_eras/era_b_com_wall.mdl"] = {
				{ 1.00000, 0.00000, 0.00000, 0.00000, 0.00000, 1.00000, 0.00000, 0.00000, 0.00000, 0.00000, 1.00000, 0.00000, -6.20000, 23.85000, 0.00000, 1.00000, },
				{ 1.00000, 0.00000, 0.00000, 0.00000, 0.00000, 1.00000, 0.00000, 0.00000, 0.00000, 0.00000, 1.00000, 0.00000, -0.20000, 23.85000, 0.00000, 1.00000, },
				{ 1.00000, 0.00000, 0.00000, 0.00000, 0.00000, 1.00000, 0.00000, 0.00000, 0.00000, 0.00000, 1.00000, 0.00000, -3.20000, 23.85000, 0.00000, 1.00000, },
				{ -0.00000, 1.00000, -0.00000, 0.00000, -1.00000, -0.00000, -0.00000, 0.00000, -0.00000, -0.00000, 1.00000, 0.00000, -7.85000, 13.50000, 0.00000, 1.00000, },
				{ -0.00000, 1.00000, -0.00000, 0.00000, -1.00000, -0.00000, -0.00000, 0.00000, -0.00000, -0.00000, 1.00000, 0.00000, -7.85000, 16.50000, 0.00000, 1.00000, },
				{ -0.00000, 1.00000, -0.00000, 0.00000, -1.00000, -0.00000, -0.00000, 0.00000, -0.00000, -0.00000, 1.00000, 0.00000, -7.85000, 10.50000, 0.00000, 1.00000, },
				{ -0.00000, 1.00000, -0.00000, 0.00000, -1.00000, -0.00000, -0.00000, 0.00000, -0.00000, -0.00000, 1.00000, 0.00000, -7.85000, 19.50000, 0.00000, 1.00000, },
				{ -0.00000, 1.00000, -0.00000, 0.00000, -1.00000, -0.00000, -0.00000, 0.00000, -0.00000, -0.00000, 1.00000, 0.00000, -7.85000, 22.50000, 0.00000, 1.00000, },
				{ 1.00000, 0.00000, 0.00000, 0.00000, 0.00000, 1.00000, 0.00000, 0.00000, 0.00000, 0.00000, 1.00000, 0.00000, 3.19900, 18.19097, 0.00000, 1.00000, },
				{ 1.00000, 0.00000, 0.00000, 0.00000, 0.00000, 1.00000, 0.00000, 0.00000, 0.00000, 0.00000, 1.00000, 0.00000, 6.19900, 18.19097, 0.00000, 1.00000, },
				{ 1.00000, 0.00000, 0.00000, 0.00000, 0.00000, 1.00000, 0.00000, 0.00000, 0.00000, 0.00000, 1.00000, 0.00000, 6.49901, 8.89000, 0.00000, 1.00000, },
				{ -0.00000, 1.00000, -0.00000, 0.00000, -1.00000, -0.00000, -0.00000, 0.00000, -0.00000, -0.00000, 1.00000, 0.00000, 7.84900, 13.54097, 0.00000, 1.00000, },
				{ -0.00000, 1.00000, -0.00000, 0.00000, -1.00000, -0.00000, -0.00000, 0.00000, -0.00000, -0.00000, 1.00000, 0.00000, 7.84900, 10.54097, 0.00000, 1.00000, },
				{ -0.00000, 1.00000, -0.00000, 0.00000, -1.00000, -0.00000, -0.00000, 0.00000, -0.00000, -0.00000, 1.00000, 0.00000, 7.84900, 16.54097, 0.00000, 1.00000, },
				{ -0.00000, 1.00000, -0.00000, 0.00000, -1.00000, -0.00000, -0.00000, 0.00000, -0.00000, -0.00000, 1.00000, 0.00000, 7.84900, 19.54097, 0.00000, 1.00000, },
				{ -0.00000, 0.90000, -0.00000, 0.00000, -1.00000, -0.00000, -0.00000, 0.00000, -0.00000, -0.00000, 1.00000, 0.00000, 7.84900, 22.38997, 0.00000, 1.00000, },
				{ -0.00000, 1.00000, -0.00000, 0.00000, -1.00000, -0.00000, -0.00000, 0.00000, -0.00000, -0.00000, 1.00000, 0.00000, -7.85001, 7.50000, 0.00000, 1.00000, },
				{ -0.00000, 1.00000, -0.00000, 0.00000, -1.00000, -0.00000, -0.00000, 0.00000, -0.00000, -0.00000, 1.00000, 0.00000, -7.85001, 4.50000, 0.00000, 1.00000, },
			},
			["asset/ground/garden_chair_plastic_01.mdl"] = {
				{ 0.91355, 0.40674, 0.00000, 0.00000, -0.40674, 0.91355, 0.00000, 0.00000, -0.00000, -0.00000, 1.00000, 0.00000, -2.89000, 22.51000, 0.00000, 1.00000, },
				{ 0.81513, -0.57928, 0.00000, 0.00000, 0.57928, 0.81513, 0.00000, 0.00000, -0.00000, -0.00000, 1.00000, 0.00000, -1.01000, 22.51000, 0.00000, 1.00000, },
			},
			["asset/ground/garden_table_round_wood_01.mdl"] = {
				{ 0.80902, -0.58779, 0.00000, 0.00000, 0.58779, 0.80902, 0.00000, 0.00000, 0.00000, 0.00000, 1.00000, 0.00000, -1.88000, 22.37000, 0.00000, 1.00000, },
			},
			["asset/industry/cardboard_box_01.mdl"] = {
				{ 0.84805, -0.52992, 0.00000, 0.00000, 0.52992, 0.84805, 0.00000, 0.00000, 0.00000, 0.00000, 1.00000, 0.00000, 7.11000, 19.08000, 0.00000, 1.00000, ignore = { 2, 50 }, },
				{ 0.98769, 0.15643, 0.00000, 0.00000, -0.15643, 0.98769, 0.00000, 0.00000, 0.00000, 0.00000, 1.00000, 0.00000, 6.65000, 19.96000, 0.00000, 1.00000, ignore = { 2, 50 }, },
				{ 0.98163, -0.19081, 0.00000, 0.00000, 0.19081, 0.98163, 0.00000, 0.00000, 0.00000, 0.00000, 1.00000, 0.00000, 5.89000, 19.88000, 0.00000, 1.00000, ignore = { 2, 50 }, },
				{ 0.99990, 0.01396, 0.00000, 0.00000, -0.01396, 0.99990, 0.00000, 0.00000, 0.00000, 0.00000, 1.00000, 0.00000, 6.25000, 18.92000, 0.00000, 1.00000, ignore = { 2, 50 }, },
				{ -0.01396, 0.99990, 0.00000, 0.00000, -0.99990, -0.01396, 0.00000, 0.00000, 0.00000, 0.00000, 1.00000, 0.00000, 6.61000, 18.92000, 0.52000, 1.00000, ignore = { 2, 50 }, },
			},
			["asset/industry/pallet_01.mdl"] = {
				{ 0.06627, -0.99780, 0.00000, 0.00000, 0.99780, 0.06627, 0.00000, 0.00000, 0.00000, 0.00000, 1.00000, 0.00000, 4.74718, 12.26824, 0.00000, 1.00000, ignore = { 3, 25 }, },
				{ -0.15877, -0.98732, 0.00000, 0.00000, 0.98732, -0.15877, 0.00000, 0.00000, 0.00000, 0.00000, 1.00000, 0.00000, 5.56999, 14.08000, 0.14400, 1.00000, },
				{ -0.24181, -0.97032, 0.00000, 0.00000, 0.97032, -0.24181, 0.00000, 0.00000, 0.00000, 0.00000, 1.00000, 0.00000, 5.56999, 14.08000, 0.28800, 1.00000, },
				{ 0.31233, -0.94997, 0.00000, 0.00000, 0.94997, 0.31233, 0.00000, 0.00000, 0.00000, 0.00000, 1.00000, 0.00000, 5.56999, 14.08000, 0.43200, 1.00000, },
				{ 0.99705, 0.07672, 0.00000, 0.00000, -0.07672, 0.99705, 0.00000, 0.00000, 0.00000, 0.00000, 1.00000, 0.00000, -3.21000, 11.21000, 0.00000, 1.00000, },
			},
			["asset/vegetation/hedge_3m.mdl"] = {
				{ -1.00000, 0.00000, 0.00000, 0.00000, -0.00000, -1.00000, -0.00000, 0.00000, -0.00000, -0.00000, 1.00000, 0.00000, 7.13943, 13.53305, 0.00000, 1.00000, },
				{ -1.00000, 0.00000, 0.00000, 0.00000, -0.00000, -1.00000, -0.00000, 0.00000, -0.00000, -0.00000, 1.00000, 0.00000, 7.13943, 10.89305, 0.00000, 1.00000, },
				{ -1.00000, 0.00000, 0.00000, 0.00000, -0.00000, -1.00000, -0.00000, 0.00000, 0.00000, -0.00000, 1.00000, 0.00000, 7.13944, 16.13305, 0.00000, 1.00000, },
			},
			["asset/vegetation/hedge_m.mdl"] = {
				{ -0.00000, 0.70000, 0.00000, 0.00000, -0.70000, -0.00000, 0.00000, 0.00000, 0.00000, 0.00000, 0.70000, 0.00000, 6.41000, 9.49000, 0.00000, 1.00000, },
			},
			["station/rail/asset/cargo_pallet_jack.mdl"] = {
				{ -0.99452, -0.10453, -0.00000, 0.00000, 0.10453, -0.99452, 0.00000, 0.00000, -0.00000, 0.00000, 1.00000, 0.00000, 5.47068, 12.30634, 0.00000, 1.00000, ignore = { 3, 25 }, },
			},
		},
		groups = {
			["era_a_barrel_wood.grp"] = {
				{ 1.00000, 0.00000, 0.00000, 0.00000, 0.00000, 1.00000, 0.00000, 0.00000, 0.00000, 0.00000, 1.00000, 0.00000, 3.66000, 16.92000, 0.00000, 1.00000, },
				{ 1.00000, 0.00000, 0.00000, 0.00000, 0.00000, 1.00000, 0.00000, 0.00000, 0.00000, 0.00000, 1.00000, 0.00000, 4.99000, 16.97000, 0.00000, 1.00000, },
				{ 1.00000, 0.00000, 0.00000, 0.00000, 0.00000, 1.00000, 0.00000, 0.00000, 0.00000, 0.00000, 1.00000, 0.00000, 4.39000, 15.82000, 0.00000, 1.00000, },
				{ 1.00000, 0.00000, 0.00000, 0.00000, 0.00000, 1.00000, 0.00000, 0.00000, 0.00000, 0.00000, 1.00000, 0.00000, 5.74000, 15.87000, 0.00000, 1.00000, },
				{ 0.95450, 0.28903, 0.07344, 0.00000, -0.07672, -0.00000, 0.99705, 0.00000, 0.28818, -0.95732, 0.02217, 0.00000, 2.05000, 17.73000, 0.54000, 1.00000, },
				{ 1.00000, 0.00000, 0.00000, 0.00000, 0.00000, 1.00000, 0.00000, 0.00000, 0.00000, 0.00000, 1.00000, 0.00000, 6.25000, 16.97000, 0.00000, 1.00000, },
			},
			["era_a_com_1_asset_food_box_m.grp"] = {
				{ -0.06279, -0.99803, 0.00000, 0.00000, 0.99803, -0.06279, 0.00000, 0.00000, 0.00000, 0.00000, 1.00000, 0.00000, -1.24000, 12.38000, 0.00000, 1.00000, ignore = { 4, 50 }, },
				{ 0.11840, -0.99297, 0.00000, 0.00000, 0.99297, 0.11840, 0.00000, 0.00000, 0.00000, 0.00000, 1.00000, 0.00000, -1.10500, 13.27500, 0.00000, 1.00000, ignore = { 4, 50 }, },
				{ 0.98420, -0.17708, 0.00000, 0.00000, 0.17708, 0.98420, 0.00000, 0.00000, 0.00000, 0.00000, 1.00000, 0.00000, -1.81500, 13.01000, 0.47000, 1.00000, ignore = { 4, 50 }, },
				{ 0.98978, 0.14263, 0.00000, 0.00000, -0.14263, 0.98978, 0.00000, 0.00000, 0.00000, 0.00000, 1.00000, 0.00000, -1.99500, 12.28500, 0.47000, 1.00000, ignore = { 4, 50 }, },
				{ 0.06279, -0.99803, 0.00000, 0.00000, 0.99803, 0.06279, 0.00000, 0.00000, 0.00000, 0.00000, 1.00000, 0.00000, -1.94000, 12.27000, 0.00000, 1.00000, ignore = { 4, 50 }, },
				{ 0.84989, 0.52696, 0.00000, 0.00000, -0.52696, 0.84989, 0.00000, 0.00000, 0.00000, 0.00000, 1.00000, 0.00000, -2.97500, 12.54500, 0.00000, 1.00000, ignore = { 4, 50 }, },
				{ -0.09411, -0.99556, 0.00000, 0.00000, 0.99556, -0.09411, 0.00000, 0.00000, 0.00000, 0.00000, 1.00000, 0.00000, -1.86500, 13.18000, 0.00000, 1.00000, ignore = { 4, 50 }, },
			},
			["era_a_wooden_box_on.grp"] = {
				{ 0.35184, -0.93606, 0.00000, 0.00000, 0.93606, 0.35184, 0.00000, 0.00000, 0.00000, 0.00000, 1.00000, 0.00000, 4.77213, 12.23542, 0.15000, 1.00000, seed = 256, ignore = { 3, 25 }, },
				{ 0.99897, -0.04536, 0.00000, 0.00000, 0.04536, 0.99897, 0.00000, 0.00000, 0.00000, 0.00000, 1.00000, 0.00000, 4.45000, 10.84000, 0.00000, 1.00000, seed = 256, ignore = { 3, 25 }, },
				{ 0.94322, -0.33216, 0.00000, 0.00000, 0.33216, 0.94322, 0.00000, 0.00000, 0.00000, 0.00000, 1.00000, 0.00000, 4.40673, 10.83991, 0.89113, 1.00000, seed = 256, ignore = { 3, 25 }, },
				{ 1.00000, 0.00000, 0.00000, 0.00000, 0.00000, 1.00000, 0.00000, 0.00000, 0.00000, 0.00000, 1.00000, 0.00000, 5.51000, 10.70000, 0.00000, 1.00000, seed = 256, ignore = { 3, 25 }, },
				{ 0.99897, -0.04536, 0.00000, 0.00000, 0.04536, 0.99897, 0.00000, 0.00000, 0.00000, 0.00000, 1.00000, 0.00000, 3.39000, 11.96000, 0.00000, 1.00000, seed = 278, },
				{ 0.99970, -0.02443, 0.00000, 0.00000, 0.02443, 0.99970, 0.00000, 0.00000, 0.00000, 0.00000, 1.00000, 0.00000, 2.31000, 10.70000, 0.00000, 1.00000, seed = 278, },
				{ 0.99961, 0.02792, 0.00000, 0.00000, -0.02792, 0.99961, 0.00000, 0.00000, 0.00000, 0.00000, 1.00000, 0.00000, 3.39000, 10.70000, 0.00000, 1.00000, seed = 278, },
			},
			["era_b_awning_shops_end.grp"] = {
				{ 0.92000, 0.00000, 0.00000, 0.00000, 0.00000, 1.00000, 0.00175, 0.00000, 0.00000, -0.00175, 1.00000, 0.00000, 3.61945, 3.49695, 4.83977, 1.00000, align = { 0.00000, 1.00000 }, seed = 456, },
				{ -0.00000, 0.90000, 0.00157, 0.00000, -1.00000, -0.00000, 0.00000, 0.00000, 0.00000, -0.00175, 1.00000, 0.00000, 5.30151, 7.69832, 4.83744, 1.00000, align = { 0.00000, 1.00000 }, seed = 456, },
			},
			["era_b_awning_shops_repeat.grp"] = {
				{ 0.92000, 0.00000, 0.00000, 0.00000, 0.00000, 1.00000, 0.00175, 0.00000, 0.00000, -0.00175, 1.00000, 0.00000, 0.85945, 3.49695, 4.83977, 1.00000, align = { 0.00000, 1.00000 }, seed = 456, },
				{ 0.92000, 0.00000, 0.00000, 0.00000, 0.00000, 1.00000, 0.00175, 0.00000, 0.00000, -0.00175, 1.00000, 0.00000, -1.90056, 3.49695, 4.83977, 1.00000, align = { 0.00000, 1.00000 }, seed = 456, },
				{ 0.92000, 0.00000, 0.00000, 0.00000, 0.00000, 1.00000, 0.00175, 0.00000, 0.00000, -0.00175, 1.00000, 0.00000, 3.61945, 3.49695, 4.83977, 1.00000, align = { 0.00000, 1.00000 }, seed = 456, },
				{ -0.00000, 0.90000, 0.00157, 0.00000, -1.00000, -0.00000, 0.00000, 0.00000, 0.00000, -0.00175, 1.00000, 0.00000, 5.30151, 7.69832, 4.83744, 1.00000, align = { 0.00000, 1.00000 }, seed = 456, },
				{ -0.00000, 0.90000, 0.00157, 0.00000, -1.00000, -0.00000, 0.00000, 0.00000, 0.00000, -0.00175, 1.00000, 0.00000, 5.30151, 4.99831, 4.83273, 1.00000, align = { 0.00000, 1.00000 }, seed = 456, },
			},
			["era_b_awning_shops_start.grp"] = {
				{ 0.92000, 0.00000, 0.00000, 0.00000, 0.00000, 1.00000, 0.00175, 0.00000, 0.00000, -0.00175, 1.00000, 0.00000, -1.90056, 3.49695, 4.83977, 1.00000, align = { 0.00000, 1.00000 }, seed = 456, },
				{ -0.00000, 0.90000, 0.00157, 0.00000, -1.00000, -0.00000, 0.00000, 0.00000, 0.00000, -0.00175, 1.00000, 0.00000, 5.30151, 4.99831, 4.83273, 1.00000, align = { 0.00000, 1.00000 }, seed = 456, },
			},
			["era_b_food_booth_01.grp"] = {
				{ -0.00000, 1.00000, 0.00000, 0.00000, -1.00000, -0.00000, 0.00000, 0.00000, 0.00000, 0.00000, 1.00000, 0.00000, 5.43000, 4.57543, 0.00000, 1.00000, seed = 456, },
				{ -0.00000, 1.00000, 0.00000, 0.00000, -1.00000, -0.00000, 0.00000, 0.00000, 0.00000, 0.00000, 1.00000, 0.00000, 5.43000, 6.26043, 0.00000, 1.00000, seed = 456, },
			},
			["era_b_food_booth_02.grp"] = {
				{ 1.00000, 0.00000, 0.00000, 0.00000, 0.00000, 1.00000, 0.00000, 0.00000, 0.00000, 0.00000, 1.00000, 0.00000, 0.93250, 3.47793, 0.00000, 1.00000, seed = 456, },
				{ 1.00000, 0.00000, 0.00000, 0.00000, 0.00000, 1.00000, 0.00000, 0.00000, 0.00000, 0.00000, 1.00000, 0.00000, -0.75250, 3.47793, 0.00000, 1.00000, seed = 456, },
			},
			["era_b_food_store_box_01.grp"] = {
				{ 0.99985, -0.01745, 0.00000, 0.00000, 0.01745, 0.99985, 0.00000, 0.00000, 0.00000, 0.00000, 1.00000, 0.00000, -3.25219, 11.24909, 0.14458, 1.00000, },
			},
			["era_b_food_store_box_02.grp"] = {
				{ 1.00000, 0.00000, 0.00000, 0.00000, 0.00000, 1.00000, 0.00000, 0.00000, 0.00000, 0.00000, 1.00000, 0.00000, -2.03528, 11.06460, 0.23686, 1.00000, },
				{ 0.47255, 0.88130, 0.00000, 0.00000, -0.88130, 0.47255, 0.00000, 0.00000, 0.00000, 0.00000, 1.00000, 0.00000, -0.99028, 11.08961, 0.23686, 1.00000, },
			},
			["era_b_food_store_box_03.grp"] = {
				{ 0.98357, -0.18052, 0.00000, 0.00000, 0.18052, 0.98357, 0.00000, 0.00000, 0.00000, 0.00000, 1.00000, 0.00000, -2.04551, 11.11127, 0.47372, 1.00000, },
				{ 0.62388, 0.78152, 0.00000, 0.00000, -0.78152, 0.62388, 0.00000, 0.00000, 0.00000, 0.00000, 1.00000, 0.00000, -1.00051, 11.13627, 0.47372, 1.00000, },
			},
			["era_b_food_store_box_04.grp"] = {
				{ 0.85536, -0.51803, 0.00000, 0.00000, 0.51803, 0.85536, 0.00000, 0.00000, 0.00000, 0.00000, 1.00000, 0.00000, -3.31588, 11.35662, 0.38144, 1.00000, },
			},
			["era_b_food_store_box_05.grp"] = {
				{ 0.99844, 0.05582, 0.00000, 0.00000, -0.05582, 0.99844, 0.00000, 0.00000, 0.00000, 0.00000, 1.00000, 0.00000, -2.03158, 11.14783, 0.71058, 1.00000, },
			},
			["era_b_food_store_box_06.grp"] = {
				{ 1.00000, 0.00000, 0.00000, 0.00000, 0.00000, 1.00000, 0.00000, 0.00000, 0.00000, 0.00000, 1.00000, 0.00000, -2.03000, 11.07500, 0.00000, 1.00000, },
				{ 0.47255, 0.88130, 0.00000, 0.00000, -0.88130, 0.47255, 0.00000, 0.00000, 0.00000, 0.00000, 1.00000, 0.00000, -0.98500, 11.10000, 0.00000, 1.00000, },
			},
			["era_b_food_store_ground_sign.grp"] = {
				{ -0.78369, 0.62115, 0.00108, 0.00000, -0.62115, -0.78369, -0.00137, 0.00000, -0.00000, -0.00175, 1.00000, 0.00000, -2.42000, 2.00159, 0.00211, 1.00000, align = { 0.00000, 1.00000 }, seed = 456, },
			},
			["era_b_food_store_sign_mini.grp"] = {
				{ 1.18900, 0.00000, 0.00000, 0.00000, 0.00000, 1.18900, 0.00000, 0.00000, 0.00000, 0.00000, 1.18900, 0.00000, 0.80378, 3.46695, 4.32350, 1.00000, align = { 0.00000, 1.00000 }, seed = 456, },
				{ -0.00000, -1.18900, 0.00000, 0.00000, 1.18900, -0.00000, 0.00000, 0.00000, 0.00000, 0.00000, 1.18900, 0.00000, -5.25146, 6.42690, 3.68367, 1.00000, align = { 0.00000, 1.00000 }, seed = 456, },
				{ -0.00000, 1.18900, 0.00000, 0.00000, -1.18900, -0.00000, 0.00000, 0.00000, 0.00000, 0.00000, 1.18900, 0.00000, 5.32151, 5.37831, 4.32350, 1.00000, align = { 0.00000, 1.00000 }, seed = 456, },
			},
			["era_b_food_store_wall_sign.grp"] = {
				{ 1.00000, 0.00000, 0.00000, 0.00000, 0.00000, 1.00000, 0.00000, 0.00000, 0.00000, 0.00000, 1.00000, 0.00000, 4.50414, 3.48693, 3.59072, 1.00000, align = { 0.00000, 1.00000 }, seed = 456, },
			},
			["era_b_garbage_container.grp"] = {
				{ 0.01047, -0.99995, 0.00000, 0.00000, 0.99995, 0.01047, 0.00000, 0.00000, 0.00000, 0.00000, 1.00000, 0.00000, 6.83649, 21.87000, -0.00000, 1.00000, },
				{ -0.99985, 0.01745, 0.00000, 0.00000, -0.01745, -0.99985, 0.00000, 0.00000, 0.00000, 0.00000, 1.00000, 0.00000, 3.92649, 19.15000, -0.00000, 1.00000, },
			},
			["random_medium_tree_town.grp"] = {
				{ -0.20736, -0.87579, 0.00000, 0.00000, 0.87579, -0.20736, 0.00000, 0.00000, 0.00000, 0.00000, 0.90000, 0.00000, -6.35000, 22.90000, 0.00000, 1.00000, },
				{ 0.18432, 0.77848, 0.00000, 0.00000, -0.77848, 0.18432, 0.00000, 0.00000, -0.00000, -0.00000, 0.80000, 0.00000, -4.90000, 20.80000, 0.00000, 1.00000, },
			},
		},
	},
}
--End Generated

function data()
	return townbuildingutil.make_building2(
		{ { -4.60, -0.10 }, { 4.60, -0.10 }, { 4.60, 9.10 }, { -4.60, 9.10 } },
		"COMMERCIAL", 
		"B", 
		1,
		{ 2, 3 },
		generatedData,
		"construction/building/era_b/com_1_2x3_02.gtex"
	)
end
