local townbuildingutil = require "townbuildingutil"

--Model file: "building/era_b/com_3_2x2_02.mdl"

--Begin Generated
local generatedData = {
	["base"] = {
		models = {
			["building/era_b/com_3_2x2_02.mdl"] = {
				{ 1.00000, 0.00000, 0.00000, 0.00000, 0.00000, 1.00000, 0.00000, 0.00000, 0.00000, 0.00000, 1.00000, 0.00000, 0.00000, 0.00000, 0.00000, 1.00000, },
			},
		},
		curves = {
			["scaffold"] = {
				{ { 3.94409, 1.69867, 0.00000 }, { 3.94409, 1.69867, 0.00000 }, { 3.94409, 5.12897, 0.00000 }, { 3.94409, 5.12897, 0.00000 }, { 3.94409, 5.12897, 0.00000 }, { 5.88501, 5.12891, 0.00000 }, { 5.88501, 5.12891, 0.00000 }, { 5.88501, 5.12891, 0.00000 }, { 5.88501, 14.30920, 0.00000 }, { 5.88501, 14.30920, 0.00000 }, { 5.88501, 14.30920, 0.00000 }, { 0.78455, 14.30927, 0.00000 }, { 0.78455, 14.30927, 0.00000 }, { 0.78455, 14.30927, 0.00000 }, { 0.78455, 12.90985, 0.00000 }, { 0.78455, 12.90985, 0.00000 }, { 0.78455, 12.90985, 0.00000 }, { -5.48413, 12.90985, 0.00000 }, { -5.48413, 12.90985, 0.00000 }, { -5.48413, 12.90985, 0.00000 }, { -5.48425, 2.97412, 0.00000 }, { -5.48425, 2.97412, 0.00000 }, { -5.48425, 2.97412, 0.00000 }, { -2.21631, 2.97412, 0.00000 }, { -2.21631, 2.97412, 0.00000 }, { -2.21631, 2.97412, 0.00000 }, { -2.21631, 1.69861, 0.00000 }, { -2.21631, 1.69861, 0.00000 }, },
			},
			["shared/asphalt_02.gtex.lua;shared/dirt.gtex.lua"] = {
				{ { 8.00000, 0.00000, 0.00000 }, { 8.00000, 0.00000, 0.00000 }, { 8.00025, 16.00000, 0.00000 }, { 8.00025, 16.00000, 0.00000 }, { 8.00025, 16.00000, 0.00000 }, { 0.86458, 16.00000, 0.00000 }, { 0.86458, 16.00000, 0.00000 }, { 0.86458, 16.00000, 0.00000 }, { 0.86462, 12.82977, 0.00000 }, { 0.86462, 12.82977, 0.00000 }, { 0.86462, 12.82977, 0.00000 }, { -5.40417, 12.82977, 0.00000 }, { -5.40417, 12.82977, 0.00000 }, { -5.40417, 12.82977, 0.00000 }, { -5.40417, 3.05414, 0.00000 }, { -5.40417, 3.05414, 0.00000 }, { -5.40417, 3.05414, 0.00000 }, { -8.00025, 3.05414, 0.00000 }, { -8.00025, 3.05414, 0.00000 }, { -8.00025, 3.05414, 0.00000 }, { -8.00000, 0.00000, 0.00000 }, { -8.00000, 0.00000, 0.00000 }, },
			},
			["shared/asphalt_03.gtex.lua;shared/dirt.gtex.lua"] = {
				{ { 0.86462, 12.82977, 0.00000 }, { 0.86462, 12.82977, 0.00000 }, { 0.86458, 16.00000, 0.00000 }, { 0.86458, 16.00000, 0.00000 }, { 0.86458, 16.00000, 0.00000 }, { -8.00000, 16.00000, 0.00000 }, { -8.00000, 16.00000, 0.00000 }, { -8.00000, 16.00000, 0.00000 }, { -8.00000, 12.82977, 0.00000 }, { -8.00000, 12.82977, 0.00000 }, },
			},
			["shared/grass_cutted_01.gtex.lua"] = {
				{ { -5.40417, 3.05414, 0.00000 }, { -5.40417, 3.05414, 0.00000 }, { -5.40417, 12.82977, 0.00000 }, { -5.40417, 12.82977, 0.00000 }, { -5.40417, 12.82977, 0.00000 }, { -8.00000, 12.82977, 0.00000 }, { -8.00000, 12.82977, 0.00000 }, { -8.00000, 12.82977, 0.00000 }, { -8.00025, 3.05414, 0.00000 }, { -8.00025, 3.05414, 0.00000 }, },
			},
		},
	},
	["layout_1"] = {
		models = {
			["asset/commercial/all_eras/era_b_com_wall.mdl"] = {
				{ 1.06670, 0.00000, 0.00000, 0.00000, 0.00000, 1.00000, 0.00000, 0.00000, 0.00000, 0.00000, 1.00000, 0.00000, 0.00000, 15.85000, 0.00000, 1.00000, },
				{ 1.06670, 0.00000, 0.00000, 0.00000, 0.00000, 1.00000, 0.00000, 0.00000, 0.00000, 0.00000, 1.00000, 0.00000, -3.20010, 15.85000, 0.00000, 1.00000, },
				{ 1.06670, 0.00000, 0.00000, 0.00000, 0.00000, 1.00000, 0.00000, 0.00000, 0.00000, 0.00000, 1.00000, 0.00000, -6.40020, 15.85000, 0.00000, 1.00000, },
				{ 1.06670, 0.00000, 0.00000, 0.00000, 0.00000, 1.00000, 0.00000, 0.00000, 0.00000, 0.00000, 1.00000, 0.00000, -6.40020, 3.25000, 0.00000, 1.00000, },
				{ -0.00000, -1.06670, 0.00000, 0.00000, 1.00000, -0.00000, 0.00000, 0.00000, 0.00000, 0.00000, 1.00000, 0.00000, -7.84024, 14.20000, 0.00000, 1.00000, },
				{ 1.06670, 0.00000, 0.00000, 0.00000, 0.00000, 1.00000, 0.00000, 0.00000, 0.00000, 0.00000, 1.00000, 0.00000, 3.20010, 15.85000, 0.00000, 1.00000, },
				{ 1.06670, 0.00000, 0.00000, 0.00000, 0.00000, 1.00000, 0.00000, 0.00000, 0.00000, 0.00000, 1.00000, 0.00000, 6.40020, 15.85000, 0.00000, 1.00000, },
			},
			["asset/ground/garden_bench_wood_01.mdl"] = {
				{ 1.00000, -0.00000, 0.00000, 0.00000, 0.00000, 1.00000, 0.00000, 0.00000, -0.00000, -0.00000, 1.00000, 0.00000, -6.71333, 2.62000, 0.00000, 1.00000, },
			},
			["asset/ground/garden_chair_plastic_01.mdl"] = {
				{ -0.76380, 0.64546, 0.00000, 0.00000, -0.64546, -0.76380, 0.00000, 0.00000, 0.00000, 0.00000, 1.00000, 0.00000, -2.70619, 11.70083, 16.79999, 1.00000, align = { 0.00000, 0.00000 }, ignore = { 3, 30 }, },
				{ -0.77934, 0.62660, 0.00000, 0.00000, -0.62660, -0.77934, 0.00000, 0.00000, 0.00000, 0.00000, 1.00000, 0.00000, -2.87854, 11.54265, 19.79999, 1.00000, align = { 0.00000, 0.00000 }, ignore = { 4, 30 }, },
				{ -0.91914, 0.39394, 0.00000, 0.00000, -0.39394, -0.91914, 0.00000, 0.00000, 0.00000, 0.00000, 1.00000, 0.00000, -2.73561, 11.68870, 13.79999, 1.00000, align = { 0.00000, 0.00000 }, ignore = { 5, 30 }, },
				{ -0.75011, -0.66131, -0.00000, 0.00000, 0.66131, -0.75011, -0.00000, 0.00000, -0.00000, -0.00000, 1.00000, 0.00000, -1.61804, 11.50352, 19.79999, 1.00000, align = { 0.00000, 0.00000 }, ignore = { 6, 30 }, },
				{ -0.78586, -0.61841, -0.00000, 0.00000, 0.61841, -0.78586, -0.00000, 0.00000, -0.00000, -0.00000, 1.00000, 0.00000, -1.89868, 11.63536, 10.79999, 1.00000, align = { 0.00000, 0.00000 }, ignore = { 7, 30 }, },
			},
			["asset/industry/cardboard_box_01.mdl"] = {
				{ -0.10279, -0.99470, -0.00000, 0.00000, 0.99470, -0.10279, 0.00000, 0.00000, -0.00000, -0.00000, 1.00000, 0.00000, -3.17611, 14.12434, 0.00000, 1.00000, ignore = { 14, 50 }, },
				{ 0.08542, -0.99635, -0.00000, 0.00000, 0.99635, 0.08542, 0.00000, 0.00000, -0.00000, -0.00000, 1.00000, 0.00000, -2.83838, 13.41834, 0.00000, 1.00000, ignore = { 14, 50 }, },
				{ -0.99872, 0.05059, -0.00000, 0.00000, -0.05059, -0.99872, 0.00000, 0.00000, -0.00000, 0.00000, 1.00000, 0.00000, -4.78615, 13.50444, 0.00000, 1.00000, ignore = { 14, 50 }, },
				{ -0.13744, -0.99051, -0.00000, 0.00000, 0.99051, -0.13744, 0.00000, 0.00000, -0.00000, -0.00000, 1.00000, 0.00000, -3.79823, 13.43509, -0.00000, 1.00000, ignore = { 14, 50 }, },
				{ 0.98876, -0.14954, -0.00000, 0.00000, 0.14954, 0.98876, -0.00000, 0.00000, 0.00000, 0.00000, 1.00000, 0.00000, -3.05637, 13.77810, 0.50694, 1.00000, ignore = { 14, 50 }, },
				{ 0.99780, 0.06627, -0.00000, 0.00000, -0.06627, 0.99780, 0.00000, 0.00000, 0.00000, -0.00000, 1.00000, 0.00000, -3.75399, 13.92030, 0.50694, 1.00000, ignore = { 14, 50 }, },
			},
			["street/street_asset_mix/trash_standing_a.mdl"] = {
				{ -0.00000, -1.00000, 0.00000, 0.00000, 1.00000, -0.00000, 0.00000, 0.00000, 0.00000, 0.00000, 1.00000, 0.00000, -2.65333, 2.63000, 0.00000, 1.00000, },
			},
		},
		groups = {
			["era_a_garden_chair.grp"] = {
				{ -0.09411, -0.99556, 0.00000, 0.00000, 0.99556, -0.09411, -0.00000, 0.00000, 0.00000, 0.00000, 1.00000, 0.00000, -1.37568, 11.53857, 28.79999, 1.00000, align = { 0.00000, 0.00000 }, seed = 456, ignore = { 8, 20 }, },
				{ 0.21814, 0.97592, -0.00000, 0.00000, -0.97592, 0.21814, 0.00000, 0.00000, 0.00000, -0.00000, 1.00000, 0.00000, -2.61120, 11.72855, 28.79999, 1.00000, align = { 0.00000, 0.00000 }, seed = 456, ignore = { 9, 20 }, },
				{ -0.97196, -0.23514, 0.00000, 0.00000, 0.23514, -0.97196, -0.00000, 0.00000, 0.00000, -0.00000, 1.00000, 0.00000, -0.35533, 11.53377, 7.80000, 1.00000, align = { 0.00000, 0.00000 }, seed = 456, ignore = { 10, 20 }, },
				{ -0.95424, 0.29904, 0.00000, 0.00000, -0.29904, -0.95424, 0.00000, 0.00000, 0.00000, 0.00000, 1.00000, 0.00000, -1.98854, 11.44039, 7.80000, 1.00000, align = { 0.00000, 0.00000 }, seed = 456, ignore = { 11, 20 }, },
			},
			["era_b_advertisement.grp"] = {
				{ 1.00000, 0.00000, 0.00000, 0.00000, 0.00000, 1.00000, 0.00000, 0.00000, 0.00000, 0.00000, 1.00000, 0.00000, 0.85815, 2.63780, 4.56000, 1.00000, align = { 0.00000, 0.00000 }, seed = 768, },
			},
			["era_b_awning_shops_end.grp"] = {
				{ 0.92639, 0.00000, 0.00000, 0.00000, 0.00000, 0.92639, 0.00000, 0.00000, 0.00000, 0.00000, 0.92639, 0.00000, -3.90430, 3.03414, 2.67550, 1.00000, align = { 0.00000, 0.00000 }, seed = 768, },
				{ -0.00000, 0.92639, 0.00000, 0.00000, -0.92639, -0.00000, 0.00000, 0.00000, 0.00000, 0.00000, 0.92639, 0.00000, 3.87570, 3.59377, 2.67550, 1.00000, align = { 0.00000, 0.00000 }, seed = 768, },
			},
			["era_b_awning_shops_repeat.grp"] = {
				{ 0.92639, 0.00000, 0.00000, 0.00000, 0.00000, 0.92639, 0.00000, 0.00000, 0.00000, 0.00000, 0.92639, 0.00000, -3.90430, 3.03414, 2.67550, 1.00000, align = { 0.00000, 0.00000 }, seed = 768, },
				{ -0.00000, 0.92639, 0.00000, 0.00000, -0.92639, -0.00000, 0.00000, 0.00000, 0.00000, 0.00000, 0.92639, 0.00000, 3.87570, 3.59377, 2.67550, 1.00000, align = { 0.00000, 0.00000 }, seed = 768, },
			},
			["era_b_awning_shops_start.grp"] = {
				{ 0.92639, 0.00000, 0.00000, 0.00000, 0.00000, 0.92639, 0.00000, 0.00000, 0.00000, 0.00000, 0.92639, 0.00000, -3.90430, 3.03414, 2.67550, 1.00000, align = { 0.00000, 0.00000 }, seed = 768, },
				{ -0.00000, 0.92639, 0.00000, 0.00000, -0.92639, -0.00000, 0.00000, 0.00000, 0.00000, 0.00000, 0.92639, 0.00000, 3.87570, 3.59377, 2.67550, 1.00000, align = { 0.00000, 0.00000 }, seed = 768, },
			},
			["era_b_garbage_container.grp"] = {
				{ -0.99993, -0.01222, -0.00000, 0.00000, 0.01222, -0.99993, 0.00000, 0.00000, -0.00000, 0.00000, 1.00000, 0.00000, -0.74547, 13.83965, 0.00000, 1.00000, },
			},
			["era_b_general_store_sign_big.grp"] = {
				{ -0.00000, -0.93575, 0.00000, 0.00000, 0.93575, -0.00000, 0.00000, 0.00000, 0.00000, 0.00000, 0.82889, 0.00000, -5.34424, 7.55414, 3.06500, 1.00000, align = { 0.00000, 0.00000 }, seed = 768, },
			},
			["era_b_general_store_sign_small.grp"] = {
				{ 0.75785, 0.00000, 0.00000, 0.00000, 0.00000, 0.74665, 0.00000, 0.00000, 0.00000, 0.00000, 0.83668, 0.00000, 0.86398, 1.79363, 3.06470, 1.00000, align = { 0.00000, 0.00000 }, seed = 768, },
				{ 0.74665, 0.00000, 0.00000, 0.00000, 0.00000, 0.74665, 0.00000, 0.00000, 0.00000, 0.00000, 0.83668, 0.00000, -3.89636, 3.05414, 3.06470, 1.00000, align = { 0.00000, 0.00000 }, seed = 768, },
				{ -0.00000, 0.74665, 0.00000, 0.00000, -0.74665, -0.00000, 0.00000, 0.00000, 0.00000, 0.00000, 0.83668, 0.00000, 3.85364, 3.59377, 3.06470, 1.00000, align = { 0.00000, 0.00000 }, seed = 768, },
			},
			["era_b_general_store_wall_sign_big.grp"] = {
				{ 1.00000, 0.00000, 0.00000, 0.00000, 0.00000, 1.00000, 0.00000, 0.00000, 0.00000, 0.00000, 1.00000, 0.00000, 2.26232, 5.05036, 12.50943, 1.00000, align = { 0.00000, 0.00000 }, seed = 768, },
			},
			["era_b_general_store_wall_sign_small.grp"] = {
				{ 1.00000, 0.00000, 0.00000, 0.00000, 0.00000, 1.00000, 0.00000, 0.00000, 0.00000, 0.00000, 1.00000, 0.00000, -1.23238, 1.77863, 3.62194, 1.00000, align = { 0.00000, 0.00000 }, seed = 768, },
			},
			["era_b_sunshade_small.grp"] = {
				{ 0.63384, -0.55881, -0.00000, 0.00000, 0.55881, 0.63384, 0.00000, 0.00000, 0.00000, -0.00000, 0.84500, 0.00000, -2.22156, 11.76259, 19.79999, 1.00000, align = { 0.00000, 0.00000 }, ignore = { 2, 50 }, },
				{ 0.64522, -0.62745, -0.00000, 0.00000, 0.62745, 0.64522, 0.00000, 0.00000, 0.00000, -0.00000, 0.90000, 0.00000, -2.01761, 11.87793, 25.79999, 1.00000, align = { 0.00000, 0.00000 }, ignore = { 12, 50 }, },
				{ 0.61317, 0.52927, -0.00000, 0.00000, -0.52927, 0.61317, 0.00000, 0.00000, 0.00000, -0.00000, 0.81000, 0.00000, -1.58401, 11.80711, 16.79999, 1.00000, align = { 0.00000, 0.00000 }, ignore = { 13, 50 }, },
			},
			["garden_table_round.grp"] = {
				{ -0.98600, 0.16677, 0.00000, 0.00000, -0.16677, -0.98600, 0.00000, 0.00000, 0.00000, 0.00000, 1.00000, 0.00000, -1.87570, 11.67633, 13.79999, 1.00000, align = { 0.00000, 0.00000 }, seed = 456, },
				{ -0.98714, 0.15988, 0.00000, 0.00000, -0.15988, -0.98714, 0.00000, 0.00000, 0.00000, 0.00000, 1.00000, 0.00000, -1.99917, 11.62942, 28.79999, 1.00000, align = { 0.00000, 0.00000 }, seed = 456, },
				{ -0.97113, 0.23853, 0.00000, 0.00000, -0.23853, -0.97113, 0.00000, 0.00000, 0.00000, 0.00000, 1.00000, 0.00000, -1.21193, 11.60098, 7.79999, 1.00000, align = { 0.00000, 0.00000 }, seed = 456, },
			},
			["random_shrub_town.grp"] = {
				{ 0.15270, 0.68314, 0.00000, 0.00000, -0.68314, 0.15270, 0.00000, 0.00000, 0.00000, 0.00000, 0.70000, 0.00000, -6.91000, 7.78000, 0.00000, 1.00000, },
				{ 0.15270, 0.68314, 0.00000, 0.00000, -0.68314, 0.15270, 0.00000, 0.00000, 0.00000, 0.00000, 0.70000, 0.00000, -6.91000, 6.06000, 0.00000, 1.00000, },
				{ 0.48096, -0.50860, 0.00000, 0.00000, 0.50860, 0.48096, 0.00000, 0.00000, 0.00000, 0.00000, 0.70000, 0.00000, -6.75000, 10.58000, 0.00000, 1.00000, },
				{ 0.48096, -0.50860, 0.00000, 0.00000, 0.50860, 0.48096, 0.00000, 0.00000, 0.00000, 0.00000, 0.70000, 0.00000, -6.75000, 4.40000, 0.00000, 1.00000, },
				{ -0.58910, 0.27470, 0.00000, 0.00000, -0.27470, -0.58910, 0.00000, 0.00000, 0.00000, 0.00000, 0.65000, 0.00000, -6.85000, 9.00000, 0.00000, 1.00000, },
			},
		},
	},
}
--End Generated

function data()
	return townbuildingutil.make_building2(
		{ { -4.60, -0.10 }, { 4.60, -0.10 }, { 4.60, 9.10 }, { -4.60, 9.10 } },
		"COMMERCIAL", 
		"B", 
		3,
		{ 2, 2 },
		generatedData,
		"construction/building/era_b/com_3_2x2_02.gtex"
	)
end
