local townbuildingutil = require "townbuildingutil"

--Model file: "building/era_b/com_1_4x4_03.mdl"

--Begin Generated
local generatedData = {
	["base"] = {
		models = {
			["building/era_b/com_1_4x4_03.mdl"] = {
				{ 1.00000, 0.00000, 0.00000, 0.00000, 0.00000, 1.00000, 0.00000, 0.00000, 0.00000, 0.00000, 1.00000, 0.00000, 0.00000, 3.00000, 0.00000, 1.00000, },
			},
		},
		curves = {
			["scaffold"] = {
				{ { 2.60785, 2.73553, 0.00000 }, { 2.60785, 2.73553, 0.00000 }, { 2.60785, 4.82761, 0.00000 }, { 2.60785, 4.82761, 0.00000 }, { 2.60785, 4.82761, 0.00000 }, { 7.43555, 4.82761, 0.00000 }, { 7.43555, 4.82761, 0.00000 }, { 7.43555, 4.82761, 0.00000 }, { 7.43555, 14.59328, 0.00000 }, { 7.43555, 14.59328, 0.00000 }, { 7.43555, 14.59328, 0.00000 }, { 5.67999, 14.59328, 0.00000 }, { 5.67999, 14.59328, 0.00000 }, { 5.67999, 14.59328, 0.00000 }, { 5.67999, 15.96420, 0.00000 }, { 5.67999, 15.96420, 0.00000 }, { 5.67999, 15.96420, 0.00000 }, { 2.48071, 15.96420, 0.00000 }, { 2.48071, 15.96420, 0.00000 }, { 2.48071, 15.96420, 0.00000 }, { 2.48071, 15.57543, 0.00000 }, { 2.48071, 15.57543, 0.00000 }, { 2.48071, 15.57543, 0.00000 }, { 0.10986, 15.57543, 0.00000 }, { 0.10986, 15.57543, 0.00000 }, { 0.10986, 15.57543, 0.00000 }, { 0.10986, 14.59328, 0.00000 }, { 0.10986, 14.59328, 0.00000 }, { 0.10986, 14.59328, 0.00000 }, { -8.32666, 14.58656, 0.00000 }, { -8.32666, 14.58656, 0.00000 }, { -8.32666, 14.58656, 0.00000 }, { -8.33350, 4.82761, 0.00000 }, { -8.33350, 4.82761, 0.00000 }, { -8.33350, 4.82761, 0.00000 }, { 1.20782, 4.82761, 0.00000 }, { 1.20782, 4.82761, 0.00000 }, { 1.20782, 4.82761, 0.00000 }, { 1.20782, 2.73553, 0.00000 }, { 1.20782, 2.73553, 0.00000 }, },
			},
			["shared/asphalt_02.gtex.lua;shared/dirt.gtex.lua"] = {
				{ { 16.00000, 0.00000, 0.00000 }, { 16.00000, 0.00000, 0.00000 }, { 16.00000, 5.21045, 0.00000 }, { 16.00000, 5.21045, 0.00000 }, { 16.00000, 5.21045, 0.00000 }, { 7.05280, 5.21045, 0.00000 }, { 7.05280, 5.21045, 0.00000 }, { 7.05280, 5.21045, 0.00000 }, { 7.05280, 14.21045, 0.00000 }, { 7.05280, 14.21045, 0.00000 }, { 7.05279, 14.21045, 0.00000 }, { 5.58081, 14.21045, 0.00000 }, { 5.58081, 14.21045, 0.00000 }, { 5.58081, 14.21045, 0.00000 }, { 5.58081, 15.76758, 0.00000 }, { 5.58081, 15.76758, 0.00000 }, { 5.58081, 15.76758, 0.00000 }, { -7.94714, 15.76758, 0.00000 }, { -7.94714, 15.76758, 0.00000 }, { -7.94714, 15.76758, 0.00000 }, { -7.94714, 5.21045, 0.00000 }, { -7.94714, 5.21045, 0.00000 }, { -7.94714, 5.21045, 0.00000 }, { -16.00000, 5.21045, 0.00000 }, { -16.00000, 5.21045, 0.00000 }, { -16.00000, 5.21045, 0.00000 }, { -16.00000, 0.00000, 0.00000 }, { -16.00000, 0.00000, 0.00000 }, },
			},
			["shared/asphalt_03.gtex.lua;shared/dirt.gtex.lua"] = {
				{ { -7.14001, 27.50000, 0.00000 }, { -7.14001, 27.50000, 0.00000 }, { -7.14001, 32.00000, 0.00000 }, { -7.14001, 32.00000, 0.00000 }, { -7.14001, 32.00000, 0.00000 }, { -16.00000, 32.00000, 0.00000 }, { -16.00000, 32.00000, 0.00000 }, { -16.00000, 32.00000, 0.00000 }, { -16.00000, 27.50000, 0.00000 }, { -16.00000, 27.50000, 0.00000 }, },
			},
			["shared/grass_cutted_01.gtex.lua"] = {
				{ { 16.00000, 27.50000, 0.00000 }, { 16.00000, 27.50000, 0.00000 }, { 16.00000, 32.00000, 0.00000 }, { 16.00000, 32.00000, 0.00000 }, { 16.00000, 32.00000, 0.00000 }, { 7.50000, 32.00000, 0.00000 }, { 7.50000, 32.00000, 0.00000 }, { 7.50000, 32.00000, 0.00000 }, { 7.50000, 27.50000, 0.00000 }, { 7.50000, 27.50000, 0.00000 }, },
			},
			["shared/gravel_03.gtex.lua;shared/dirt.gtex.lua"] = {
				{ { 16.00000, 5.21045, 0.00000 }, { 16.00000, 5.21045, 0.00000 }, { 16.00000, 27.49999, 0.00000 }, { 16.00000, 27.50000, 0.00000 }, { 16.00000, 27.50000, 0.00000 }, { 7.50000, 27.50000, 0.00000 }, { 7.50000, 27.50000, 0.00000 }, { 7.50000, 27.50000, 0.00000 }, { 7.50000, 32.00000, 0.00000 }, { 7.50000, 32.00000, 0.00000 }, { 7.50000, 32.00000, 0.00000 }, { -7.14001, 32.00000, 0.00000 }, { -7.14001, 32.00000, 0.00000 }, { -7.14001, 32.00000, 0.00000 }, { -7.14001, 27.50000, 0.00000 }, { -7.14001, 27.50000, 0.00000 }, { -7.14001, 27.50000, 0.00000 }, { -16.00000, 27.50000, 0.00000 }, { -16.00000, 27.50000, 0.00000 }, { -16.00000, 27.49999, 0.00000 }, { -16.00000, 5.21046, 0.00000 }, { -16.00000, 5.21045, 0.00000 }, { -16.00000, 5.21045, 0.00000 }, { -7.94714, 5.21045, 0.00000 }, { -7.94714, 5.21045, 0.00000 }, { -7.94714, 5.21045, 0.00000 }, { -7.94714, 15.76758, 0.00000 }, { -7.94714, 15.76758, 0.00000 }, { -7.94714, 15.76758, 0.00000 }, { 5.58081, 15.76758, 0.00000 }, { 5.58081, 15.76758, 0.00000 }, { 5.58081, 15.76758, 0.00000 }, { 5.58081, 14.21045, 0.00000 }, { 5.58081, 14.21045, 0.00000 }, { 5.58081, 14.21045, 0.00000 }, { 7.05280, 14.21045, 0.00000 }, { 7.05280, 14.21045, 0.00000 }, { 7.05280, 14.21045, 0.00000 }, { 7.05280, 5.21045, 0.00000 }, { 7.05280, 5.21045, 0.00000 }, },
			},
		},
	},
	["layout_1"] = {
		models = {
			["asset/commercial/all_eras/era_b_com_wall.mdl"] = {
				{ 1.00000, 0.00000, 0.00000, 0.00000, 0.00000, 1.00000, 0.00000, 0.00000, 0.00000, 0.00000, 1.00000, 0.00000, 11.49998, 6.15005, 0.00000, 1.00000, },
				{ 1.00000, 0.00000, 0.00000, 0.00000, 0.00000, 1.00000, 0.00000, 0.00000, 0.00000, 0.00000, 1.00000, 0.00000, 14.49998, 6.15005, 0.00000, 1.00000, },
				{ 1.00000, 0.00000, 0.00000, 0.00000, 0.00000, 1.00000, 0.00000, 0.00000, 0.00000, 0.00000, 1.00000, 0.00000, 8.49998, 6.15005, 0.00000, 1.00000, },
				{ -0.00000, -1.00000, 0.00000, 0.00000, 1.00000, -0.00000, 0.00000, 0.00000, 0.00000, 0.00000, 1.00000, 0.00000, 15.84998, 13.80005, 0.00000, 1.00000, },
				{ -0.00000, -1.00000, 0.00000, 0.00000, 1.00000, -0.00000, 0.00000, 0.00000, 0.00000, 0.00000, 1.00000, 0.00000, 15.84998, 16.80005, 0.00000, 1.00000, },
				{ -0.00000, -1.00000, 0.00000, 0.00000, 1.00000, -0.00000, 0.00000, 0.00000, 0.00000, 0.00000, 1.00000, 0.00000, 15.84998, 19.80005, 0.00000, 1.00000, },
				{ -0.00000, -1.00000, 0.00000, 0.00000, 1.00000, -0.00000, 0.00000, 0.00000, 0.00000, 0.00000, 1.00000, 0.00000, 15.84998, 22.80005, 0.00000, 1.00000, },
				{ -0.00000, -1.00000, 0.00000, 0.00000, 1.00000, -0.00000, 0.00000, 0.00000, 0.00000, 0.00000, 1.00000, 0.00000, 15.84998, 25.80005, 0.00000, 1.00000, },
				{ -0.00000, -1.30148, 0.00000, 0.00000, 1.00000, -0.00000, 0.00000, 0.00000, 0.00000, 0.00000, 1.00000, 0.00000, 7.15000, 29.55010, 0.00000, 1.00000, },
				{ 1.00000, 0.00000, 0.00000, 0.00000, 0.00000, 1.00000, 0.00000, 0.00000, 0.00000, 0.00000, 1.00000, 0.00000, 11.49998, 27.45005, 0.00000, 1.00000, },
				{ 1.00000, 0.00000, 0.00000, 0.00000, 0.00000, 1.00000, 0.00000, 0.00000, 0.00000, 0.00000, 1.00000, 0.00000, 14.49998, 27.45005, 0.00000, 1.00000, },
				{ 1.00000, 0.00000, 0.00000, 0.00000, 0.00000, 1.00000, 0.00000, 0.00000, 0.00000, 0.00000, 1.00000, 0.00000, 8.49998, 27.45005, 0.00000, 1.00000, },
				{ -0.00000, -1.00000, 0.00000, 0.00000, 1.00000, -0.00000, -0.00000, 0.00000, 0.00000, -0.00000, 1.00000, 0.00000, 15.84998, 10.80005, 0.00000, 1.00000, },
				{ -0.00000, -1.00000, 0.00000, 0.00000, 1.00000, -0.00000, -0.00000, 0.00000, 0.00000, -0.00000, 1.00000, 0.00000, 15.84998, 7.80005, 0.00000, 1.00000, },
				{ -0.00000, 1.00000, -0.00000, 0.00000, -1.00000, -0.00000, -0.00000, 0.00000, -0.00000, -0.00000, 1.00000, 0.00000, -15.84998, 7.80005, 0.00000, 1.00000, },
				{ -0.00000, 1.00000, -0.00000, 0.00000, -1.00000, -0.00000, -0.00000, 0.00000, -0.00000, -0.00000, 1.00000, 0.00000, -15.84998, 10.80005, 0.00000, 1.00000, },
				{ -0.00000, 1.00000, -0.00000, 0.00000, -1.00000, -0.00000, -0.00000, 0.00000, -0.00000, -0.00000, 1.00000, 0.00000, -15.84998, 16.80005, 0.00000, 1.00000, },
				{ -0.00000, 1.00000, -0.00000, 0.00000, -1.00000, -0.00000, -0.00000, 0.00000, -0.00000, -0.00000, 1.00000, 0.00000, -15.84998, 13.80005, 0.00000, 1.00000, },
				{ 1.00000, 0.00000, 0.00000, 0.00000, 0.00000, 1.00000, 0.00000, 0.00000, 0.00000, 0.00000, 1.00000, 0.00000, -14.50000, 6.15005, 0.00000, 1.00000, },
				{ 1.00000, 0.00000, 0.00000, 0.00000, 0.00000, 1.00000, 0.00000, 0.00000, 0.00000, 0.00000, 1.00000, 0.00000, -14.50000, 27.45005, 0.00000, 1.00000, },
				{ 1.00000, 0.00000, 0.00000, 0.00000, 0.00000, 1.00000, 0.00000, 0.00000, 0.00000, 0.00000, 1.00000, 0.00000, -8.50000, 27.45005, 0.00000, 1.00000, },
				{ 1.00000, 0.00000, 0.00000, 0.00000, 0.00000, 1.00000, 0.00000, 0.00000, 0.00000, 0.00000, 1.00000, 0.00000, -11.50000, 27.45005, 0.00000, 1.00000, },
				{ -0.00000, 1.30148, -0.00000, 0.00000, -1.00000, -0.00000, -0.00000, 0.00000, -0.00000, -0.00000, 1.00000, 0.00000, -7.15002, 29.55010, 0.00000, 1.00000, },
				{ -0.00000, 1.00000, -0.00000, 0.00000, -1.00000, -0.00000, -0.00000, 0.00000, -0.00000, -0.00000, 1.00000, 0.00000, -15.84998, 22.80005, 0.00000, 1.00000, },
				{ -0.00000, 1.00000, -0.00000, 0.00000, -1.00000, -0.00000, -0.00000, 0.00000, -0.00000, -0.00000, 1.00000, 0.00000, -15.84998, 25.80005, 0.00000, 1.00000, },
				{ -0.00000, 1.00000, -0.00000, 0.00000, -1.00000, -0.00000, -0.00000, 0.00000, -0.00000, -0.00000, 1.00000, 0.00000, -15.84998, 19.80005, 0.00000, 1.00000, },
				{ -0.00000, -0.80000, 0.00000, 0.00000, 1.00000, -0.00000, 0.00000, 0.00000, 0.00000, 0.00000, 1.00000, 0.00000, 15.86000, 1.20000, 0.00000, 1.00000, align = { 11.21000, 1.20000 }, },
				{ 1.00000, 0.00000, 0.00000, 0.00000, 0.00000, 1.00000, 0.00000, 0.00000, 0.00000, 0.00000, 1.00000, 0.00000, 11.21000, 0.15000, 0.00000, 1.00000, align = { 11.21000, 1.20000 }, },
				{ 1.00000, 0.00000, 0.00000, 0.00000, 0.00000, 1.00000, 0.00000, 0.00000, 0.00000, 0.00000, 1.00000, 0.00000, 14.21000, 0.15000, 0.00000, 1.00000, align = { 11.21000, 1.20000 }, },
				{ -0.00000, -0.80000, 0.00000, 0.00000, 1.00000, -0.00000, 0.00000, 0.00000, 0.00000, 0.00000, 1.00000, 0.00000, 9.56000, 1.20000, 0.00000, 1.00000, align = { 11.21000, 1.20000 }, },
				{ 1.00000, 0.00000, 0.00000, 0.00000, 0.00000, 1.00000, 0.00000, 0.00000, 0.00000, 0.00000, 1.00000, 0.00000, 11.21000, 2.25000, 0.00000, 1.00000, align = { 11.21000, 1.20000 }, },
				{ 1.00000, 0.00000, 0.00000, 0.00000, 0.00000, 1.00000, 0.00000, 0.00000, 0.00000, 0.00000, 1.00000, 0.00000, 14.21000, 2.25000, 0.00000, 1.00000, align = { 11.21000, 1.20000 }, },
				{ -0.00000, -0.80000, 0.00000, 0.00000, 1.00000, -0.00000, 0.00000, 0.00000, 0.00000, 0.00000, 1.00000, 0.00000, 0.95000, 29.20000, 0.00000, 1.00000, align = { -0.70000, 29.20000 }, },
				{ 1.00000, 0.00000, 0.00000, 0.00000, 0.00000, 1.00000, 0.00000, 0.00000, 0.00000, 0.00000, 1.00000, 0.00000, -0.70000, 28.15000, 0.00000, 1.00000, align = { -0.70000, 29.20000 }, },
				{ -0.00000, -0.80000, 0.00000, 0.00000, 1.00000, -0.00000, 0.00000, 0.00000, 0.00000, 0.00000, 1.00000, 0.00000, -2.35000, 29.20000, 0.00000, 1.00000, align = { -0.70000, 29.20000 }, },
				{ 1.00000, 0.00000, 0.00000, 0.00000, 0.00000, 1.00000, 0.00000, 0.00000, 0.00000, 0.00000, 1.00000, 0.00000, -0.70000, 30.25000, 0.00000, 1.00000, align = { -0.70000, 29.20000 }, },
			},
			["asset/ground/garden_bench_wood_01.mdl"] = {
				{ 1.00000, 0.00000, 0.00000, 0.00000, 0.00000, 1.00000, 0.00000, 0.00000, 0.00000, 0.00000, 1.00000, 0.00000, 10.38000, 5.19000, 0.00000, 1.00000, },
				{ 1.00000, 0.00000, 0.00000, 0.00000, 0.00000, 1.00000, 0.00000, 0.00000, 0.00000, 0.00000, 1.00000, 0.00000, 14.38000, 5.19000, 0.00000, 1.00000, },
				{ 1.00000, 0.00000, 0.00000, 0.00000, 0.00000, 1.00000, 0.00000, 0.00000, 0.00000, 0.00000, 1.00000, 0.00000, -0.82000, 27.35000, 0.00000, 1.00000, },
				{ -0.00000, -1.00000, 0.00000, 0.00000, 1.00000, -0.00000, 0.00000, 0.00000, 0.00000, 0.00000, 1.00000, 0.00000, -3.12000, 29.19000, 0.00000, 1.00000, },
				{ 0.00000, 1.00000, 0.00000, 0.00000, -1.00000, 0.00000, 0.00000, 0.00000, 0.00000, -0.00000, 1.00000, 0.00000, 1.68000, 29.19000, 0.00000, 1.00000, },
			},
			["asset/industry/cardboard_box_01.mdl"] = {
				{ 0.22495, 0.97437, 0.00000, 0.00000, -0.97437, 0.22495, 0.00000, 0.00000, 0.00000, 0.00000, 1.00000, 0.00000, 6.65000, 15.00000, 0.50800, 1.00000, ignore = { 3, 40 }, },
				{ 0.83867, 0.54464, 0.00000, 0.00000, -0.54464, 0.83867, 0.00000, 0.00000, 0.00000, 0.00000, 1.00000, 0.00000, 6.29000, 15.00000, 0.00000, 1.00000, },
				{ 0.99803, -0.06279, 0.00000, 0.00000, 0.06279, 0.99803, 0.00000, 0.00000, 0.00000, 0.00000, 1.00000, 0.00000, 7.15000, 15.00000, 0.00000, 1.00000, },
			},
			["asset/vegetation/hedge_3m.mdl"] = {
				{ -1.00000, 0.00000, 0.00000, 0.00000, -0.00000, -1.00000, 0.00000, 0.00000, 0.00000, 0.00000, 1.00000, 0.00000, 15.18943, 8.11305, 0.00000, 1.00000, },
				{ -1.00000, 0.00000, 0.00000, 0.00000, -0.00000, -1.00000, -0.00000, 0.00000, 0.00000, -0.00000, 1.00000, 0.00000, 15.18943, 11.11305, 0.00000, 1.00000, },
				{ -1.00000, 0.00000, 0.00000, 0.00000, -0.00000, -1.00000, -0.00000, 0.00000, 0.00000, -0.00000, 1.00000, 0.00000, 15.18943, 14.11305, 0.00000, 1.00000, },
				{ -1.00000, 0.00000, 0.00000, 0.00000, -0.00000, -1.00000, -0.00000, 0.00000, 0.00000, -0.00000, 1.00000, 0.00000, 15.18943, 17.11305, 0.00000, 1.00000, },
				{ -1.00000, 0.00000, 0.00000, 0.00000, -0.00000, -1.00000, -0.00000, 0.00000, 0.00000, -0.00000, 1.00000, 0.00000, 15.18943, 20.11305, 0.00000, 1.00000, },
				{ -1.00000, 0.00000, 0.00000, 0.00000, -0.00000, -0.89000, -0.00000, 0.00000, 0.00000, -0.00000, 1.00000, 0.00000, 15.18943, 22.41305, 0.00000, 1.00000, },
				{ -1.00000, 0.00000, 0.00000, 0.00000, -0.00000, -0.91000, -0.00000, 0.00000, 0.00000, -0.00000, 1.00000, 0.00000, 15.18943, 25.23305, 0.00000, 1.00000, },
			},
			["street/street_asset_mix/trash_standing_a.mdl"] = {
				{ 1.00000, 0.00000, 0.00000, 0.00000, 0.00000, 1.00000, 0.00000, 0.00000, 0.00000, 0.00000, 1.00000, 0.00000, 12.38000, 5.15000, 0.00000, 1.00000, },
				{ 1.00000, 0.00000, 0.00000, 0.00000, 0.00000, 1.00000, 0.00000, 0.00000, 0.00000, 0.00000, 1.00000, 0.00000, -3.01000, 27.35000, 0.00000, 1.00000, },
				{ 1.00000, 0.00000, 0.00000, 0.00000, 0.00000, 1.00000, 0.00000, 0.00000, 0.00000, 0.00000, 1.00000, 0.00000, 1.44000, 27.35000, 0.00000, 1.00000, },
			},
		},
		groups = {
			["era_a_barrel_wood.grp"] = {
				{ 1.00000, 0.00000, 0.00000, 0.00000, 0.00000, 1.00000, 0.00000, 0.00000, 0.00000, 0.00000, 1.00000, 0.00000, -14.70351, 26.40596, -0.00000, 1.00000, },
				{ 1.00000, 0.00000, 0.00000, 0.00000, 0.00000, 1.00000, 0.00000, 0.00000, 0.00000, 0.00000, 1.00000, 0.00000, -13.34351, 26.50596, -0.00000, 1.00000, },
			},
			["era_a_com_1_asset_food_box_m.grp"] = {
				{ 1.00000, 0.00000, 0.00000, 0.00000, 0.00000, 1.00000, 0.00000, 0.00000, 0.00000, 0.00000, 1.00000, 0.00000, -14.66000, 25.15000, 0.00000, 1.00000, },
				{ 1.00000, 0.00000, 0.00000, 0.00000, 0.00000, 1.00000, 0.00000, 0.00000, 0.00000, 0.00000, 1.00000, 0.00000, 4.89000, 21.78000, 0.00000, 1.00000, },
				{ 0.97515, -0.22155, 0.00000, 0.00000, 0.22155, 0.97515, 0.00000, 0.00000, 0.00000, 0.00000, 1.00000, 0.00000, -14.84000, 24.25000, 0.00000, 1.00000, },
				{ 0.97515, -0.22155, 0.00000, 0.00000, 0.22155, 0.97515, 0.00000, 0.00000, 0.00000, 0.00000, 1.00000, 0.00000, 4.71000, 20.88000, 0.00000, 1.00000, },
				{ 0.33545, -0.94206, 0.00000, 0.00000, 0.94206, 0.33545, 0.00000, 0.00000, 0.00000, 0.00000, 1.00000, 0.00000, -13.90000, 25.55000, 0.00000, 1.00000, ignore = { 2, 50 }, },
				{ 0.26892, -0.96316, 0.00000, 0.00000, 0.96316, 0.26892, 0.00000, 0.00000, 0.00000, 0.00000, 1.00000, 0.00000, -14.75000, 24.72000, 0.47000, 1.00000, ignore = { 2, 50 }, },
			},
			["era_a_wooden_box.grp"] = {
				{ 0.95732, 0.28903, 0.00000, 0.00000, -0.28903, 0.95732, 0.00000, 0.00000, 0.00000, 0.00000, 1.00000, 0.00000, -8.21000, 28.30000, 0.00000, 1.00000, },
			},
			["era_a_wooden_box_on.grp"] = {
				{ 0.92186, 0.38752, 0.00000, 0.00000, -0.38752, 0.92186, -0.00000, 0.00000, -0.00000, -0.00000, 1.00000, 0.00000, 5.21000, 30.46000, 0.89000, 1.00000, ignore = { 3, 40 }, },
				{ 0.09758, 0.99523, 0.00000, 0.00000, -0.99523, 0.09758, -0.00000, 0.00000, -0.00000, -0.00000, 1.00000, 0.00000, 4.70000, 31.06000, 0.00000, 1.00000, ignore = { 3, 40 }, },
				{ -0.18395, 0.98294, 0.00000, 0.00000, -0.98294, -0.18395, 0.00000, 0.00000, 0.00000, 0.00000, 1.00000, 0.00000, 5.40000, 29.84000, 0.00000, 1.00000, ignore = { 3, 40 }, },
				{ 0.16677, 0.98600, 0.00000, 0.00000, -0.98600, 0.16677, 0.00000, 0.00000, 0.00000, 0.00000, 1.00000, 0.00000, 4.92000, 28.56000, 0.00000, 1.00000, ignore = { 3, 40 }, },
				{ 0.46947, 0.88295, 0.00000, 0.00000, -0.88295, 0.46947, 0.00000, 0.00000, 0.00000, 0.00000, 1.00000, 0.00000, 13.58000, 25.86000, 0.00000, 1.00000, },
			},
			["era_b_awning_shops_end.grp"] = {
				{ 0.95000, 0.00000, 0.00000, 0.00000, 0.00000, 1.00000, 0.00000, 0.00000, 0.00000, 0.00000, 1.00000, 0.00000, -0.41499, 5.38000, 3.75000, 1.00000, align = { 0.00000, 3.00000 }, seed = 126, },
				{ -0.00000, -0.95000, 0.00000, 0.00000, 1.00000, -0.00000, 0.00000, 0.00000, 0.00000, 0.00000, 1.00000, 0.00000, -7.93999, 6.81500, 3.75000, 1.00000, align = { 0.00000, 3.00000 }, seed = 126, },
				{ 0.00000, 0.95000, 0.00000, 0.00000, -1.00000, 0.00000, 0.00000, 0.00000, 0.00000, 0.00000, 1.00000, 0.00000, 7.04001, 12.60500, 3.75000, 1.00000, align = { 0.00000, 3.00000 }, seed = 126, },
				{ 1.00000, 0.00000, 0.00000, 0.00000, 0.00000, 1.00000, 0.00000, 0.00000, 0.00000, 0.00000, 1.00000, 0.00000, 4.93149, 5.21094, 3.75000, 1.00000, align = { 0.00000, 3.00000 }, seed = 126, },
			},
			["era_b_awning_shops_repeat.grp"] = {
				{ 0.95000, 0.00000, 0.00000, 0.00000, 0.00000, 1.00000, 0.00000, 0.00000, 0.00000, 0.00000, 1.00000, 0.00000, -3.26499, 5.38000, 3.75000, 1.00000, align = { 0.00000, 3.00000 }, seed = 126, },
				{ 0.95000, 0.00000, 0.00000, 0.00000, 0.00000, 1.00000, 0.00000, 0.00000, 0.00000, 0.00000, 1.00000, 0.00000, -6.11500, 5.38000, 3.75000, 1.00000, align = { 0.00000, 3.00000 }, seed = 126, },
				{ 0.95000, 0.00000, 0.00000, 0.00000, 0.00000, 1.00000, 0.00000, 0.00000, 0.00000, 0.00000, 1.00000, 0.00000, -0.41499, 5.38000, 3.75000, 1.00000, align = { 0.00000, 3.00000 }, seed = 126, },
				{ -0.00000, -0.95000, 0.00000, 0.00000, 1.00000, -0.00000, 0.00000, 0.00000, 0.00000, 0.00000, 1.00000, 0.00000, -7.93999, 9.66500, 3.75000, 1.00000, align = { 0.00000, 3.00000 }, seed = 126, },
				{ -0.00000, -0.95000, 0.00000, 0.00000, 1.00000, -0.00000, 0.00000, 0.00000, 0.00000, 0.00000, 1.00000, 0.00000, -7.93999, 12.51501, 3.75000, 1.00000, align = { 0.00000, 3.00000 }, seed = 126, },
				{ -0.00000, -0.95000, 0.00000, 0.00000, 1.00000, -0.00000, 0.00000, 0.00000, 0.00000, 0.00000, 1.00000, 0.00000, -7.93999, 6.81500, 3.75000, 1.00000, align = { 0.00000, 3.00000 }, seed = 126, },
				{ 0.00000, 0.95000, 0.00000, 0.00000, -1.00000, 0.00000, 0.00000, 0.00000, 0.00000, 0.00000, 1.00000, 0.00000, 7.04001, 9.75500, 3.75000, 1.00000, align = { 0.00000, 3.00000 }, seed = 126, },
				{ 0.00000, 0.95000, 0.00000, 0.00000, -1.00000, 0.00000, 0.00000, 0.00000, 0.00000, 0.00000, 1.00000, 0.00000, 7.04001, 6.90499, 3.75000, 1.00000, align = { 0.00000, 3.00000 }, seed = 126, },
				{ 0.00000, 0.95000, 0.00000, 0.00000, -1.00000, 0.00000, 0.00000, 0.00000, 0.00000, 0.00000, 1.00000, 0.00000, 7.04001, 12.60500, 3.75000, 1.00000, align = { 0.00000, 3.00000 }, seed = 126, },
				{ 1.00000, 0.00000, 0.00000, 0.00000, 0.00000, 1.00000, 0.00000, 0.00000, 0.00000, 0.00000, 1.00000, 0.00000, 4.93149, 5.21094, 3.75000, 1.00000, align = { 0.00000, 3.00000 }, seed = 126, },
			},
			["era_b_awning_shops_start.grp"] = {
				{ 0.95000, 0.00000, 0.00000, 0.00000, 0.00000, 1.00000, 0.00000, 0.00000, 0.00000, 0.00000, 1.00000, 0.00000, -6.11500, 5.38000, 3.75000, 1.00000, align = { 0.00000, 3.00000 }, seed = 126, },
				{ -0.00000, -0.95000, 0.00000, 0.00000, 1.00000, -0.00000, 0.00000, 0.00000, 0.00000, 0.00000, 1.00000, 0.00000, -7.93999, 12.51501, 3.75000, 1.00000, align = { 0.00000, 3.00000 }, seed = 126, },
				{ 0.00000, 0.95000, 0.00000, 0.00000, -1.00000, 0.00000, 0.00000, 0.00000, 0.00000, 0.00000, 1.00000, 0.00000, 7.04001, 6.90499, 3.75000, 1.00000, align = { 0.00000, 3.00000 }, seed = 126, },
				{ 1.00000, 0.00000, 0.00000, 0.00000, 0.00000, 1.00000, 0.00000, 0.00000, 0.00000, 0.00000, 1.00000, 0.00000, 4.93149, 5.21094, 3.75000, 1.00000, align = { 0.00000, 3.00000 }, seed = 126, },
			},
			["era_b_food_booth_01.grp"] = {
				{ 0.99863, -0.05234, 0.00000, 0.00000, 0.05234, 0.99863, 0.00000, 0.00000, 0.00000, 0.00000, 1.00000, 0.00000, -2.63000, 4.89000, 0.00000, 1.00000, seed = 256, },
			},
			["era_b_food_booth_02.grp"] = {
				{ 0.99649, 0.08368, 0.00000, 0.00000, -0.08368, 0.99649, 0.00000, 0.00000, 0.00000, 0.00000, 1.00000, 0.00000, -5.25000, 4.85000, 0.00000, 1.00000, seed = 256, },
			},
			["era_b_food_store_box_01.grp"] = {
				{ 0.99995, -0.01047, 0.00000, 0.00000, 0.01047, 0.99995, 0.00000, 0.00000, 0.00000, 0.00000, 1.00000, 0.00000, -13.29112, 13.67086, 0.76000, 1.00000, align = { -14.10000, 12.35000 }, seed = 123, },
				{ -0.52696, -0.84989, 0.00000, 0.00000, 0.84989, -0.52696, 0.00000, 0.00000, -0.00000, 0.00000, 1.00000, 0.00000, 11.92079, 23.21387, 0.76000, 1.00000, align = { 11.21000, 24.59000 }, seed = 123, },
				{ -0.99995, 0.01047, 0.00000, 0.00000, -0.01047, -0.99995, 0.00000, 0.00000, -0.00000, 0.00000, 1.00000, 0.00000, 12.61612, 15.55414, 0.76000, 1.00000, align = { 13.42500, 16.87500 }, seed = 123, },
				{ 0.01047, 0.99995, 0.00000, 0.00000, -0.99995, 0.01047, 0.00000, 0.00000, 0.00000, 0.00000, 1.00000, 0.00000, -7.39586, 16.88388, 0.76000, 1.00000, align = { -6.07500, 16.07500 }, seed = 123, },
				{ -0.01047, -0.99995, 0.00000, 0.00000, 0.99995, -0.01047, 0.00000, 0.00000, 0.00000, 0.00000, 1.00000, 0.00000, -0.60414, 20.01612, 0.76000, 1.00000, align = { -1.92500, 20.82500 }, seed = 123, },
				{ -0.01047, -0.99995, 0.00000, 0.00000, 0.99995, -0.01047, -0.00000, 0.00000, 0.00000, 0.00000, 1.00000, 0.00000, -6.47914, 24.89112, 0.76000, 1.00000, align = { -7.80000, 25.70000 }, seed = 123, },
				{ 0.99951, 0.03141, 0.00000, 0.00000, -0.03141, 0.99951, 0.00000, 0.00000, 0.00000, 0.00000, 1.00000, 0.00000, -13.37986, 9.10384, 0.76000, 1.00000, align = { -14.15000, 8.30000 }, seed = 123, ignore = { 17, 50 }, },
				{ -0.99951, -0.03141, 0.00000, 0.00000, 0.03141, -0.99951, 0.00000, 0.00000, 0.00000, 0.00000, 1.00000, 0.00000, 12.70486, 20.12116, 0.76000, 1.00000, align = { 13.47500, 20.92500 }, seed = 123, ignore = { 19, 50 }, },
				{ -0.03141, 0.99951, 0.00000, 0.00000, -0.99951, -0.03141, 0.00000, 0.00000, 0.00000, -0.00000, 1.00000, 0.00000, -2.82884, 16.79514, 0.76000, 1.00000, align = { -2.02500, 16.02500 }, seed = 123, ignore = { 21, 50 }, },
				{ 0.99998, 0.00698, 0.00000, 0.00000, -0.00698, 0.99998, 0.00000, 0.00000, 0.00000, 0.00000, 1.00000, 0.00000, -13.11045, 21.38479, 0.76000, 1.00000, align = { -13.90000, 20.60000 }, seed = 123, ignore = { 23, 50 }, },
				{ -0.99998, -0.00698, 0.00000, 0.00000, 0.00698, -0.99998, 0.00000, 0.00000, -0.00000, 0.00000, 1.00000, 0.00000, 12.43545, 7.84021, 0.76000, 1.00000, align = { 13.22500, 8.62500 }, seed = 123, ignore = { 25, 50 }, },
				{ 0.99926, -0.03839, 0.00000, 0.00000, 0.03839, 0.99926, 0.00000, 0.00000, 0.00000, 0.00000, 1.00000, 0.00000, -13.19448, 16.65852, 0.76000, 1.00000, align = { -14.00000, 16.40000 }, seed = 123, ignore = { 26, 50 }, },
				{ -0.99926, 0.03839, 0.00000, 0.00000, -0.03839, -0.99926, 0.00000, 0.00000, 0.00000, 0.00000, 1.00000, 0.00000, 12.51948, 12.56648, 0.76000, 1.00000, align = { 13.32500, 12.82500 }, seed = 123, ignore = { 28, 50 }, },
				{ -0.00698, -0.99998, -0.00000, 0.00000, 0.99998, -0.00698, -0.00000, 0.00000, -0.00000, -0.00000, 1.00000, 0.00000, 7.37870, 24.92799, 0.76000, 1.00000, align = { 7.09500, 25.72500 }, seed = 123, ignore = { 30, 50 }, },
				{ 0.59622, -0.80282, 0.00000, 0.00000, 0.80282, 0.59622, 0.00000, 0.00000, 0.00000, 0.00000, 1.00000, 0.00000, -11.19378, 24.03422, 0.76000, 1.00000, align = { -11.90000, 24.50000 }, seed = 123, ignore = { 32, 50 }, },
				{ 0.02443, -0.99970, 0.00000, 0.00000, 0.99970, 0.02443, -0.00000, 0.00000, 0.00000, 0.00000, 1.00000, 0.00000, 2.55859, 20.06230, 0.76000, 1.00000, align = { 2.25000, 20.85000 }, seed = 123, ignore = { 34, 50 }, },
			},
			["era_b_food_store_box_02.grp"] = {
				{ 0.99995, -0.01047, 0.00000, 0.00000, 0.01047, 0.99995, 0.00000, 0.00000, 0.00000, 0.00000, 1.00000, 0.00000, -13.27164, 13.14371, 0.76000, 1.00000, align = { -14.10000, 12.35000 }, seed = 123, },
				{ -0.52696, -0.84989, 0.00000, 0.00000, 0.84989, -0.52696, 0.00000, 0.00000, -0.00000, 0.00000, 1.00000, 0.00000, 11.45980, 23.47029, 0.76000, 1.00000, align = { 11.21000, 24.59000 }, seed = 123, },
				{ -0.99995, 0.01047, 0.00000, 0.00000, -0.01047, -0.99995, 0.00000, 0.00000, -0.00000, 0.00000, 1.00000, 0.00000, 12.59664, 16.08129, 0.76000, 1.00000, align = { 13.42500, 16.87500 }, seed = 123, },
				{ 0.01047, 0.99995, 0.00000, 0.00000, -0.99995, 0.01047, 0.00000, 0.00000, 0.00000, 0.00000, 1.00000, 0.00000, -6.86871, 16.90336, 0.76000, 1.00000, align = { -6.07500, 16.07500 }, seed = 123, },
				{ -0.01047, -0.99995, 0.00000, 0.00000, 0.99995, -0.01047, 0.00000, 0.00000, 0.00000, 0.00000, 1.00000, 0.00000, -1.13129, 19.99664, 0.76000, 1.00000, align = { -1.92500, 20.82500 }, seed = 123, },
				{ -0.01047, -0.99995, 0.00000, 0.00000, 0.99995, -0.01047, -0.00000, 0.00000, 0.00000, 0.00000, 1.00000, 0.00000, -7.00629, 24.87164, 0.76000, 1.00000, align = { -7.80000, 25.70000 }, seed = 123, },
				{ 0.99951, 0.03141, 0.00000, 0.00000, -0.03141, 0.99951, 0.00000, 0.00000, 0.00000, 0.00000, 1.00000, 0.00000, -13.32199, 8.05823, 0.76000, 1.00000, align = { -14.15000, 8.30000 }, seed = 123, },
				{ -0.99951, -0.03141, 0.00000, 0.00000, 0.03141, -0.99951, 0.00000, 0.00000, 0.00000, 0.00000, 1.00000, 0.00000, 12.64699, 21.16677, 0.76000, 1.00000, align = { 13.47500, 20.92500 }, seed = 123, },
				{ -0.03141, 0.99951, 0.00000, 0.00000, -0.99951, -0.03141, 0.00000, 0.00000, 0.00000, -0.00000, 1.00000, 0.00000, -1.78323, 16.85301, 0.76000, 1.00000, align = { -2.02500, 16.02500 }, seed = 123, },
				{ 0.99998, 0.00698, 0.00000, 0.00000, -0.00698, 0.99998, 0.00000, 0.00000, 0.00000, 0.00000, 1.00000, 0.00000, -13.07815, 20.33807, 0.76000, 1.00000, align = { -13.90000, 20.60000 }, seed = 123, },
				{ -0.99998, -0.00698, 0.00000, 0.00000, 0.00698, -0.99998, 0.00000, 0.00000, -0.00000, 0.00000, 1.00000, 0.00000, 12.40314, 8.88693, 0.76000, 1.00000, align = { 13.22500, 8.62500 }, seed = 123, },
				{ 0.99926, -0.03839, 0.00000, 0.00000, 0.03839, 0.99926, 0.00000, 0.00000, 0.00000, 0.00000, 1.00000, 0.00000, -13.18972, 16.13104, 0.76000, 1.00000, align = { -14.00000, 16.40000 }, seed = 123, ignore = { 27, 50 }, },
				{ -0.99926, 0.03839, 0.00000, 0.00000, -0.03839, -0.99926, 0.00000, 0.00000, 0.00000, 0.00000, 1.00000, 0.00000, 12.51472, 13.09396, 0.76000, 1.00000, align = { 13.32500, 12.82500 }, seed = 123, ignore = { 29, 50 }, },
				{ -0.00698, -0.99998, -0.00000, 0.00000, 0.99998, -0.00698, -0.00000, 0.00000, -0.00000, -0.00000, 1.00000, 0.00000, 6.85162, 24.90667, 0.76000, 1.00000, align = { 7.09500, 25.72500 }, seed = 123, ignore = { 31, 50 }, },
				{ 0.59622, -0.80282, 0.00000, 0.00000, 0.80282, 0.59622, 0.00000, 0.00000, 0.00000, 0.00000, 1.00000, 0.00000, -11.60189, 23.69999, 0.76000, 1.00000, align = { -11.90000, 24.50000 }, seed = 123, ignore = { 33, 50 }, },
				{ 0.02443, -0.99970, 0.00000, 0.00000, 0.99970, 0.02443, -0.00000, 0.00000, 0.00000, 0.00000, 1.00000, 0.00000, 2.03245, 20.02443, 0.76000, 1.00000, align = { 2.25000, 20.85000 }, seed = 123, ignore = { 35, 50 }, },
			},
			["era_b_food_store_box_03.grp"] = {
				{ 0.99995, -0.01047, 0.00000, 0.00000, 0.01047, 0.99995, 0.00000, 0.00000, 0.00000, 0.00000, 1.00000, 0.00000, -13.28276, 12.08143, 0.76000, 1.00000, align = { -14.10000, 12.35000 }, seed = 123, },
				{ -0.52696, -0.84989, 0.00000, 0.00000, 0.84989, -0.52696, 0.00000, 0.00000, -0.00000, 0.00000, 1.00000, 0.00000, 10.55692, 24.03009, 0.76000, 1.00000, align = { 11.21000, 24.59000 }, seed = 123, },
				{ -0.99995, 0.01047, 0.00000, 0.00000, -0.01047, -0.99995, 0.00000, 0.00000, -0.00000, 0.00000, 1.00000, 0.00000, 12.60776, 17.14357, 0.76000, 1.00000, align = { 13.42500, 16.87500 }, seed = 123, },
				{ 0.01047, 0.99995, 0.00000, 0.00000, -0.99995, 0.01047, 0.00000, 0.00000, 0.00000, 0.00000, 1.00000, 0.00000, -5.80643, 16.89224, 0.76000, 1.00000, align = { -6.07500, 16.07500 }, seed = 123, },
				{ -0.01047, -0.99995, 0.00000, 0.00000, 0.99995, -0.01047, 0.00000, 0.00000, 0.00000, 0.00000, 1.00000, 0.00000, -2.19357, 20.00776, 0.76000, 1.00000, align = { -1.92500, 20.82500 }, seed = 123, },
				{ -0.01047, -0.99995, 0.00000, 0.00000, 0.99995, -0.01047, -0.00000, 0.00000, 0.00000, 0.00000, 1.00000, 0.00000, -8.06857, 24.88276, 0.76000, 1.00000, align = { -7.80000, 25.70000 }, seed = 123, },
				{ 0.99951, 0.03141, 0.00000, 0.00000, -0.03141, 0.99951, 0.00000, 0.00000, 0.00000, 0.00000, 1.00000, 0.00000, -13.30558, 7.53615, 0.76000, 1.00000, align = { -14.15000, 8.30000 }, seed = 123, },
				{ -0.99951, -0.03141, 0.00000, 0.00000, 0.03141, -0.99951, 0.00000, 0.00000, 0.00000, 0.00000, 1.00000, 0.00000, 12.63058, 21.68885, 0.76000, 1.00000, align = { 13.47500, 20.92500 }, seed = 123, },
				{ -0.03141, 0.99951, 0.00000, 0.00000, -0.99951, -0.03141, 0.00000, 0.00000, 0.00000, -0.00000, 1.00000, 0.00000, -1.26115, 16.86942, 0.76000, 1.00000, align = { -2.02500, 16.02500 }, seed = 123, },
				{ 0.99998, 0.00698, 0.00000, 0.00000, -0.00698, 0.99998, 0.00000, 0.00000, 0.00000, 0.00000, 1.00000, 0.00000, -13.07450, 19.81574, 0.76000, 1.00000, align = { -13.90000, 20.60000 }, seed = 123, },
				{ -0.99998, -0.00698, 0.00000, 0.00000, 0.00698, -0.99998, 0.00000, 0.00000, -0.00000, 0.00000, 1.00000, 0.00000, 12.39950, 9.40926, 0.76000, 1.00000, align = { 13.22500, 8.62500 }, seed = 123, },
				{ 0.99926, -0.03839, 0.00000, 0.00000, 0.03839, 0.99926, 0.00000, 0.00000, 0.00000, 0.00000, 1.00000, 0.00000, -13.23127, 15.04950, 0.76000, 1.00000, align = { -14.00000, 16.40000 }, seed = 123, },
				{ -0.99926, 0.03839, 0.00000, 0.00000, -0.03839, -0.99926, 0.00000, 0.00000, 0.00000, 0.00000, 1.00000, 0.00000, 12.55627, 14.17550, 0.76000, 1.00000, align = { 13.32500, 12.82500 }, seed = 123, },
				{ -0.00698, -0.99998, -0.00000, 0.00000, 0.99998, -0.00698, -0.00000, 0.00000, -0.00000, -0.00000, 1.00000, 0.00000, 5.76931, 24.91423, 0.76000, 1.00000, align = { 7.09500, 25.72500 }, seed = 123, },
				{ 0.59622, -0.80282, 0.00000, 0.00000, 0.80282, 0.59622, 0.00000, 0.00000, 0.00000, 0.00000, 1.00000, 0.00000, -12.47081, 23.05467, 0.76000, 1.00000, align = { -11.90000, 24.50000 }, seed = 123, },
				{ 0.02443, -0.99970, 0.00000, 0.00000, 0.99970, 0.02443, -0.00000, 0.00000, 0.00000, 0.00000, 1.00000, 0.00000, 0.95043, 19.99799, 0.76000, 1.00000, align = { 2.25000, 20.85000 }, seed = 123, },
			},
			["era_b_food_store_box_04.grp"] = {
				{ 0.99995, -0.01047, 0.00000, 0.00000, 0.01047, 0.99995, 0.00000, 0.00000, 0.00000, 0.00000, 1.00000, 0.00000, -13.28717, 12.61495, 0.76000, 1.00000, align = { -14.10000, 12.35000 }, seed = 123, },
				{ -0.52696, -0.84989, 0.00000, 0.00000, 0.84989, -0.52696, 0.00000, 0.00000, -0.00000, 0.00000, 1.00000, 0.00000, 11.01556, 23.75749, 0.76000, 1.00000, align = { 11.21000, 24.59000 }, seed = 123, },
				{ -0.99995, 0.01047, 0.00000, 0.00000, -0.01047, -0.99995, 0.00000, 0.00000, -0.00000, 0.00000, 1.00000, 0.00000, 12.61217, 16.61005, 0.76000, 1.00000, align = { 13.42500, 16.87500 }, seed = 123, },
				{ 0.01047, 0.99995, 0.00000, 0.00000, -0.99995, 0.01047, 0.00000, 0.00000, 0.00000, 0.00000, 1.00000, 0.00000, -6.33995, 16.88783, 0.76000, 1.00000, align = { -6.07500, 16.07500 }, seed = 123, },
				{ -0.01047, -0.99995, 0.00000, 0.00000, 0.99995, -0.01047, 0.00000, 0.00000, 0.00000, 0.00000, 1.00000, 0.00000, -1.66005, 20.01217, 0.76000, 1.00000, align = { -1.92500, 20.82500 }, seed = 123, },
				{ -0.01047, -0.99995, 0.00000, 0.00000, 0.99995, -0.01047, -0.00000, 0.00000, 0.00000, 0.00000, 1.00000, 0.00000, -7.53505, 24.88717, 0.76000, 1.00000, align = { -7.80000, 25.70000 }, seed = 123, },
				{ 0.99951, 0.03141, 0.00000, 0.00000, -0.03141, 0.99951, 0.00000, 0.00000, 0.00000, 0.00000, 1.00000, 0.00000, -13.38134, 9.62825, 0.76000, 1.00000, align = { -14.15000, 8.30000 }, seed = 123, ignore = { 16, 50 }, },
				{ -0.99951, -0.03141, 0.00000, 0.00000, 0.03141, -0.99951, 0.00000, 0.00000, 0.00000, 0.00000, 1.00000, 0.00000, 12.70634, 19.59675, 0.76000, 1.00000, align = { 13.47500, 20.92500 }, seed = 123, ignore = { 18, 50 }, },
				{ -0.03141, 0.99951, 0.00000, 0.00000, -0.99951, -0.03141, 0.00000, 0.00000, 0.00000, -0.00000, 1.00000, 0.00000, -3.35325, 16.79366, 0.76000, 1.00000, align = { -2.02500, 16.02500 }, seed = 123, ignore = { 20, 50 }, },
				{ 0.99998, 0.00698, 0.00000, 0.00000, -0.00698, 0.99998, 0.00000, 0.00000, 0.00000, 0.00000, 1.00000, 0.00000, -13.09911, 21.90907, 0.76000, 1.00000, align = { -13.90000, 20.60000 }, seed = 123, ignore = { 22, 50 }, },
				{ -0.99998, -0.00698, 0.00000, 0.00000, 0.00698, -0.99998, 0.00000, 0.00000, -0.00000, 0.00000, 1.00000, 0.00000, 12.42411, 7.31593, 0.76000, 1.00000, align = { 13.22500, 8.62500 }, seed = 123, ignore = { 24, 50 }, },
				{ 0.99926, -0.03839, 0.00000, 0.00000, 0.03839, 0.99926, 0.00000, 0.00000, 0.00000, 0.00000, 1.00000, 0.00000, -13.22040, 15.59292, 0.76000, 1.00000, align = { -14.00000, 16.40000 }, seed = 123, },
				{ -0.99926, 0.03839, 0.00000, 0.00000, -0.03839, -0.99926, 0.00000, 0.00000, 0.00000, 0.00000, 1.00000, 0.00000, 12.54540, 13.63208, 0.76000, 1.00000, align = { 13.32500, 12.82500 }, seed = 123, },
				{ -0.00698, -0.99998, -0.00000, 0.00000, 0.99998, -0.00698, -0.00000, 0.00000, -0.00000, -0.00000, 1.00000, 0.00000, 6.31281, 24.92043, 0.76000, 1.00000, align = { 7.09500, 25.72500 }, seed = 123, },
				{ 0.59622, -0.80282, 0.00000, 0.00000, 0.80282, 0.59622, 0.00000, 0.00000, 0.00000, 0.00000, 1.00000, 0.00000, -12.04048, 23.38671, 0.76000, 1.00000, align = { -11.90000, 24.50000 }, seed = 123, },
				{ 0.02443, -0.99970, 0.00000, 0.00000, 0.99970, 0.02443, -0.00000, 0.00000, 0.00000, 0.00000, 1.00000, 0.00000, 1.49347, 20.02126, 0.76000, 1.00000, align = { 2.25000, 20.85000 }, seed = 123, },
			},
			["era_b_food_store_box_05.grp"] = {
				{ 0.99995, -0.01047, 0.00000, 0.00000, 0.01047, 0.99995, 0.00000, 0.00000, 0.00000, 0.00000, 1.00000, 0.00000, -13.28834, 11.54835, 0.76000, 1.00000, align = { -14.10000, 12.35000 }, seed = 123, ignore = { 5, 50 }, },
				{ -0.52696, -0.84989, 0.00000, 0.00000, 0.84989, -0.52696, 0.00000, 0.00000, -0.00000, 0.00000, 1.00000, 0.00000, 10.10384, 24.31102, 0.76000, 1.00000, align = { 11.21000, 24.59000 }, seed = 123, ignore = { 7, 50 }, },
				{ -0.99995, 0.01047, 0.00000, 0.00000, -0.01047, -0.99995, 0.00000, 0.00000, -0.00000, 0.00000, 1.00000, 0.00000, 12.61334, 17.67665, 0.76000, 1.00000, align = { 13.42500, 16.87500 }, seed = 123, ignore = { 9, 50 }, },
				{ 0.01047, 0.99995, 0.00000, 0.00000, -0.99995, 0.01047, 0.00000, 0.00000, 0.00000, 0.00000, 1.00000, 0.00000, -5.27335, 16.88666, 0.76000, 1.00000, align = { -6.07500, 16.07500 }, seed = 123, ignore = { 11, 50 }, },
				{ -0.01047, -0.99995, 0.00000, 0.00000, 0.99995, -0.01047, 0.00000, 0.00000, 0.00000, 0.00000, 1.00000, 0.00000, -2.72665, 20.01334, 0.76000, 1.00000, align = { -1.92500, 20.82500 }, seed = 123, ignore = { 13, 50 }, },
				{ -0.01047, -0.99995, 0.00000, 0.00000, 0.99995, -0.01047, -0.00000, 0.00000, 0.00000, 0.00000, 1.00000, 0.00000, -8.60165, 24.88834, 0.76000, 1.00000, align = { -7.80000, 25.70000 }, seed = 123, ignore = { 15, 50 }, },
				{ 0.99951, 0.03141, 0.00000, 0.00000, -0.03141, 0.99951, 0.00000, 0.00000, 0.00000, 0.00000, 1.00000, 0.00000, -13.33847, 8.58252, 0.76000, 1.00000, align = { -14.15000, 8.30000 }, seed = 123, },
				{ -0.99951, -0.03141, 0.00000, 0.00000, 0.03141, -0.99951, 0.00000, 0.00000, 0.00000, 0.00000, 1.00000, 0.00000, 12.66347, 20.64248, 0.76000, 1.00000, align = { 13.47500, 20.92500 }, seed = 123, },
				{ -0.03141, 0.99951, 0.00000, 0.00000, -0.99951, -0.03141, 0.00000, 0.00000, 0.00000, -0.00000, 1.00000, 0.00000, -2.30752, 16.83653, 0.76000, 1.00000, align = { -2.02500, 16.02500 }, seed = 123, },
				{ 0.99998, 0.00698, 0.00000, 0.00000, -0.00698, 0.99998, 0.00000, 0.00000, 0.00000, 0.00000, 1.00000, 0.00000, -13.08181, 20.86261, 0.76000, 1.00000, align = { -13.90000, 20.60000 }, seed = 123, },
				{ -0.99998, -0.00698, 0.00000, 0.00000, 0.00698, -0.99998, 0.00000, 0.00000, -0.00000, 0.00000, 1.00000, 0.00000, 12.40681, 8.36239, 0.76000, 1.00000, align = { 13.22500, 8.62500 }, seed = 123, },
				{ 0.99926, -0.03839, 0.00000, 0.00000, 0.03839, 0.99926, 0.00000, 0.00000, 0.00000, 0.00000, 1.00000, 0.00000, -13.12928, 17.70443, 0.76000, 1.00000, align = { -14.00000, 16.40000 }, seed = 123, },
				{ -0.99926, 0.03839, 0.00000, 0.00000, -0.03839, -0.99926, 0.00000, 0.00000, 0.00000, 0.00000, 1.00000, 0.00000, 12.45428, 11.52057, 0.76000, 1.00000, align = { 13.32500, 12.82500 }, seed = 123, },
				{ -0.00698, -0.99998, -0.00000, 0.00000, 0.99998, -0.00698, -0.00000, 0.00000, -0.00000, -0.00000, 1.00000, 0.00000, 8.42613, 24.89568, 0.76000, 1.00000, align = { 7.09500, 25.72500 }, seed = 123, },
				{ 0.59622, -0.80282, 0.00000, 0.00000, 0.80282, 0.59622, 0.00000, 0.00000, 0.00000, 0.00000, 1.00000, 0.00000, -10.33781, 24.63877, 0.76000, 1.00000, align = { -11.90000, 24.50000 }, seed = 123, },
				{ 0.02443, -0.99970, 0.00000, 0.00000, 0.99970, 0.02443, -0.00000, 0.00000, 0.00000, 0.00000, 1.00000, 0.00000, 3.60653, 20.06290, 0.76000, 1.00000, align = { 2.25000, 20.85000 }, seed = 123, },
			},
			["era_b_food_store_box_06.grp"] = {
				{ 0.99995, -0.01047, 0.00000, 0.00000, 0.01047, 0.99995, 0.00000, 0.00000, 0.00000, 0.00000, 1.00000, 0.00000, -13.29396, 11.01182, 0.76000, 1.00000, align = { -14.10000, 12.35000 }, seed = 123, ignore = { 4, 50 }, },
				{ -0.52696, -0.84989, 0.00000, 0.00000, 0.84989, -0.52696, 0.00000, 0.00000, -0.00000, 0.00000, 1.00000, 0.00000, 9.64782, 24.59376, 0.76000, 1.00000, align = { 11.21000, 24.59000 }, seed = 123, ignore = { 6, 50 }, },
				{ -0.99995, 0.01047, 0.00000, 0.00000, -0.01047, -0.99995, 0.00000, 0.00000, -0.00000, 0.00000, 1.00000, 0.00000, 12.61896, 18.21317, 0.76000, 1.00000, align = { 13.42500, 16.87500 }, seed = 123, ignore = { 8, 50 }, },
				{ 0.01047, 0.99995, 0.00000, 0.00000, -0.99995, 0.01047, 0.00000, 0.00000, 0.00000, 0.00000, 1.00000, 0.00000, -4.73682, 16.88104, 0.76000, 1.00000, align = { -6.07500, 16.07500 }, seed = 123, ignore = { 10, 50 }, },
				{ -0.01047, -0.99995, 0.00000, 0.00000, 0.99995, -0.01047, 0.00000, 0.00000, 0.00000, 0.00000, 1.00000, 0.00000, -3.26318, 20.01896, 0.76000, 1.00000, align = { -1.92500, 20.82500 }, seed = 123, ignore = { 12, 50 }, },
				{ -0.01047, -0.99995, 0.00000, 0.00000, 0.99995, -0.01047, -0.00000, 0.00000, 0.00000, 0.00000, 1.00000, 0.00000, -9.13817, 24.89396, 0.76000, 1.00000, align = { -7.80000, 25.70000 }, seed = 123, ignore = { 14, 50 }, },
				{ 0.99951, 0.03141, 0.00000, 0.00000, -0.03141, 0.99951, 0.00000, 0.00000, 0.00000, 0.00000, 1.00000, 0.00000, -13.28863, 6.99675, 0.76000, 1.00000, align = { -14.15000, 8.30000 }, seed = 123, },
				{ -0.99951, -0.03141, 0.00000, 0.00000, 0.03141, -0.99951, 0.00000, 0.00000, 0.00000, 0.00000, 1.00000, 0.00000, 12.61363, 22.22825, 0.76000, 1.00000, align = { 13.47500, 20.92500 }, seed = 123, },
				{ -0.03141, 0.99951, 0.00000, 0.00000, -0.99951, -0.03141, 0.00000, 0.00000, 0.00000, -0.00000, 1.00000, 0.00000, -0.72175, 16.88637, 0.76000, 1.00000, align = { -2.02500, 16.02500 }, seed = 123, },
				{ 0.99998, 0.00698, 0.00000, 0.00000, -0.00698, 0.99998, 0.00000, 0.00000, 0.00000, 0.00000, 1.00000, 0.00000, -13.07073, 19.27610, 0.76000, 1.00000, align = { -13.90000, 20.60000 }, seed = 123, },
				{ -0.99998, -0.00698, 0.00000, 0.00000, 0.00698, -0.99998, 0.00000, 0.00000, -0.00000, 0.00000, 1.00000, 0.00000, 12.39573, 9.94890, 0.76000, 1.00000, align = { 13.22500, 8.62500 }, seed = 123, },
