local townbuildingutil = require "townbuildingutil"

--Model file: "building/era_b/com_3_2x3_01.mdl"

--Begin Generated
local generatedData = {
	["base"] = {
		models = {
			["building/era_b/com_3_2x3_01.mdl"] = {
				{ 1.00000, 0.00000, 0.00000, 0.00000, 0.00000, 1.00000, 0.00000, 0.00000, 0.00000, 0.00000, 1.00000, 0.00000, 0.00000, 0.00000, 0.00000, 1.00000, },
			},
		},
		curves = {
			["scaffold"] = {
				{ { 5.90417, 1.78192, 0.00000 }, { 5.90417, 1.78192, 0.00000 }, { 6.95117, 2.82880, 0.00000 }, { 6.95117, 2.82880, 0.00000 }, { 6.95117, 2.82880, 0.00000 }, { 6.95105, 14.89508, 0.00000 }, { 6.95105, 14.89508, 0.00000 }, { 6.95105, 14.89508, 0.00000 }, { 5.90430, 15.94196, 0.00000 }, { 5.90430, 15.94196, 0.00000 }, { 5.90430, 15.94196, 0.00000 }, { -6.16199, 15.94196, 0.00000 }, { -6.16199, 15.94196, 0.00000 }, { -6.16199, 15.94196, 0.00000 }, { -7.20886, 14.89508, 0.00000 }, { -7.20886, 14.89508, 0.00000 }, { -7.20886, 14.89508, 0.00000 }, { -7.20874, 2.82880, 0.00000 }, { -7.20874, 2.82880, 0.00000 }, { -7.20874, 2.82880, 0.00000 }, { -6.16199, 1.78192, 0.00000 }, { -6.16199, 1.78192, 0.00000 }, },
			},
			["shared/asphalt_02.gtex.lua;shared/dirt.gtex.lua"] = {
				{ { 8.00000, 0.00000, 0.00000 }, { 8.00000, 0.00001, 0.00000 }, { 8.00000, 24.00000, 0.00000 }, { 8.00000, 24.00000, 0.00000 }, { 8.00000, 24.00000, 0.00000 }, { 5.00000, 24.00000, 0.00000 }, { 5.00000, 24.00000, 0.00000 }, { 5.00000, 24.00000, 0.00000 }, { 5.00000, 21.00000, 0.00000 }, { 5.00000, 21.00000, 0.00000 }, { 5.00000, 21.00000, 0.00000 }, { -2.00000, 21.00000, 0.00000 }, { -2.00000, 21.00000, 0.00000 }, { -2.00000, 21.00000, 0.00000 }, { -2.00000, 24.00000, 0.00000 }, { -2.00000, 24.00000, 0.00000 }, { -2.00000, 24.00000, 0.00000 }, { -7.99998, 24.00000, 0.00000 }, { -7.99998, 24.00000, 0.00000 }, { -7.99998, 24.00000, 0.00000 }, { -8.00000, 0.00001, 0.00000 }, { -8.00000, 0.00000, 0.00000 }, },
			},
			["shared/grass_cutted_01.gtex.lua"] = {
				{ { 5.00000, 21.00000, 0.00000 }, { 5.00000, 21.00000, 0.00000 }, { 5.00000, 24.00000, 0.00000 }, { 5.00000, 24.00000, 0.00000 }, { 5.00000, 24.00000, 0.00000 }, { -2.00000, 24.00000, 0.00000 }, { -2.00000, 24.00000, 0.00000 }, { -2.00000, 24.00000, 0.00000 }, { -2.00000, 21.00000, 0.00000 }, { -2.00000, 21.00000, 0.00000 }, },
			},
		},
	},
	["layout_1"] = {
		models = {
			["asset/commercial/all_eras/era_b_com_wall.mdl"] = {
				{ -1.06665, 0.00000, 0.00000, 0.00000, -0.00000, -1.00000, -0.00000, 0.00000, 0.00000, -0.00000, 1.00000, 0.00000, -6.40002, 23.85000, -0.00000, 1.00000, },
				{ -1.06665, 0.00000, 0.00000, 0.00000, -0.00000, -1.00000, -0.00000, 0.00000, 0.00000, -0.00000, 1.00000, 0.00000, -3.20007, 23.85000, -0.00000, 1.00000, },
				{ -1.06665, 0.00000, 0.00000, 0.00000, -0.00000, -1.00000, -0.00000, 0.00000, 0.00000, -0.00000, 1.00000, 0.00000, -0.00012, 20.85000, -0.00000, 1.00000, },
				{ -1.06665, 0.00000, 0.00000, 0.00000, -0.00000, -1.00000, -0.00000, 0.00000, 0.00000, -0.00000, 1.00000, 0.00000, 3.19983, 20.85000, -0.00000, 1.00000, },
				{ -1.06665, 0.00000, 0.00000, 0.00000, -0.00000, -1.00000, -0.00000, 0.00000, 0.00000, -0.00000, 1.00000, 0.00000, 6.39978, 23.85000, -0.00000, 1.00000, },
				{ -0.00000, 1.00000, -0.00000, 0.00000, -1.00000, -0.00000, -0.00000, 0.00000, -0.00000, -0.00000, 1.00000, 0.00000, -7.84998, 22.19995, 0.00000, 1.00000, },
				{ -0.00000, 1.00000, -0.00000, 0.00000, -1.00000, -0.00000, -0.00000, 0.00000, -0.00000, -0.00000, 1.00000, 0.00000, -7.84998, 19.19995, 0.00000, 1.00000, },
				{ -0.00000, 1.00000, -0.00000, 0.00000, -1.00000, -0.00000, -0.00000, 0.00000, -0.00000, -0.00000, 1.00000, 0.00000, 7.85002, 19.19995, 0.00000, 1.00000, },
				{ -0.00000, 1.00000, -0.00000, 0.00000, -1.00000, -0.00000, -0.00000, 0.00000, -0.00000, -0.00000, 1.00000, 0.00000, 7.85002, 22.19995, 0.00000, 1.00000, },
				{ -0.00000, 1.00000, -0.00000, 0.00000, -1.00000, -0.00000, -0.00000, 0.00000, -0.00000, -0.00000, 1.00000, 0.00000, -1.74998, 22.19995, 0.00000, 1.00000, },
				{ -0.00000, 1.00000, -0.00000, 0.00000, -1.00000, -0.00000, -0.00000, 0.00000, -0.00000, -0.00000, 1.00000, 0.00000, 4.95502, 22.19995, 0.00000, 1.00000, },
			},
			["asset/commercial/era_b/wall_grip.mdl"] = {
				{ 0.33305, 0.33305, 0.00000, 0.00000, -0.33305, 0.33305, 0.00000, 0.00000, 0.00000, 0.00000, 0.47100, 0.00000, -6.65077, 2.38369, 7.68036, 1.00000, align = { 0.00000, 0.00000 }, },
			},
			["asset/ground/garden_bench_wood_01.mdl"] = {
				{ 0.00000, 1.00000, 0.00000, 0.00000, -1.00000, 0.00000, 0.00000, 0.00000, -0.00000, -0.00000, 1.00000, 0.00000, -7.31333, 22.19000, 0.00000, 1.00000, },
				{ 1.00000, -0.00000, 0.00000, 0.00000, 0.00000, 1.00000, 0.00000, 0.00000, -0.00000, -0.00000, 1.00000, 0.00000, -6.57333, 5.56000, 0.00000, 1.00000, },
				{ 0.00000, -1.00000, 0.00000, 0.00000, 1.00000, 0.00000, 0.00000, 0.00000, -0.00000, -0.00000, 1.00000, 0.00000, -2.44333, 22.19000, 0.00000, 1.00000, },
			},
			["asset/ground/garden_chair_plastic_01.mdl"] = {
				{ 0.76380, -0.64546, 0.00000, 0.00000, 0.64546, 0.76380, 0.00000, 0.00000, 0.00000, 0.00000, 1.00000, 0.00000, 1.09249, 3.73368, 13.60087, 1.00000, align = { 0.00000, 0.00000 }, ignore = { 3, 30 }, },
				{ 0.77934, -0.62660, 0.00000, 0.00000, 0.62660, 0.77934, 0.00000, 0.00000, 0.00000, 0.00000, 1.00000, 0.00000, 1.14293, 3.88379, 22.60088, 1.00000, align = { 0.00000, 0.00000 }, ignore = { 4, 30 }, },
				{ 0.91914, -0.39394, 0.00000, 0.00000, 0.39394, 0.91914, 0.00000, 0.00000, 0.00000, 0.00000, 1.00000, 0.00000, 1.12808, 3.65366, 19.60088, 1.00000, align = { 0.00000, 0.00000 }, ignore = { 5, 30 }, },
				{ 0.75011, 0.66131, 0.00000, 0.00000, -0.66131, 0.75011, 0.00000, 0.00000, 0.00000, 0.00000, 1.00000, 0.00000, 0.07350, 3.54489, 22.60088, 1.00000, align = { 0.00000, 0.00000 }, ignore = { 6, 30 }, },
				{ 0.78586, 0.61841, 0.00000, 0.00000, -0.61841, 0.78586, 0.00000, 0.00000, 0.00000, 0.00000, 1.00000, 0.00000, -0.15464, 3.76363, 13.60087, 1.00000, align = { 0.00000, 0.00000 }, ignore = { 7, 30 }, },
			},
			["asset/industry/cardboard_box_01.mdl"] = {
				{ 0.10973, 0.99396, -0.00000, 0.00000, -0.99396, 0.10973, 0.00000, 0.00000, 0.00000, 0.00000, 1.00000, 0.00000, 6.31617, 20.67872, 0.00000, 1.00000, ignore = { 14, 50 }, },
				{ -0.07846, 0.99692, -0.00000, 0.00000, -0.99692, -0.07846, 0.00000, 0.00000, 0.00000, 0.00000, 1.00000, 0.00000, 5.98338, 21.38707, 0.00000, 1.00000, ignore = { 14, 50 }, },
				{ 0.39875, 0.91706, -0.00000, 0.00000, -0.91706, 0.39875, 0.00000, 0.00000, 0.00000, -0.00000, 1.00000, 0.00000, 5.53911, 19.66402, 0.00000, 1.00000, ignore = { 14, 50 }, },
				{ 0.14436, 0.98953, -0.00000, 0.00000, -0.98953, 0.14436, 0.00000, 0.00000, 0.00000, 0.00000, 1.00000, 0.00000, 6.94309, 21.36362, -0.00000, 1.00000, ignore = { 14, 50 }, },
				{ -0.98769, 0.15643, -0.00000, 0.00000, -0.15643, -0.98769, -0.00000, 0.00000, -0.00000, -0.00000, 1.00000, 0.00000, 6.19885, 21.02579, 0.50694, 1.00000, ignore = { 14, 50 }, },
				{ -0.99824, -0.05931, -0.00000, 0.00000, 0.05931, -0.99824, 0.00000, 0.00000, -0.00000, 0.00000, 1.00000, 0.00000, 6.89546, 20.87872, 0.50694, 1.00000, ignore = { 14, 50 }, },
			},
			["street/street_asset_mix/trash_standing_a.mdl"] = {
				{ 1.00000, 0.00000, 0.00000, 0.00000, 0.00000, 1.00000, 0.00000, 0.00000, 0.00000, 0.00000, 1.00000, 0.00000, -4.84333, 23.07000, 0.00000, 1.00000, },
				{ -0.00000, -1.00000, 0.00000, 0.00000, 1.00000, -0.00000, 0.00000, 0.00000, 0.00000, 0.00000, 1.00000, 0.00000, -4.58333, 5.57000, 0.00000, 1.00000, },
			},
		},
		groups = {
			["era_a_garden_chair.grp"] = {
				{ 0.09411, 0.99556, 0.00000, 0.00000, -0.99556, 0.09411, 0.00000, 0.00000, 0.00000, 0.00000, 1.00000, 0.00000, -0.14654, 3.73056, 28.60087, 1.00000, align = { 0.00000, 0.00000 }, seed = 456, ignore = { 8, 20 }, },
				{ -0.21814, -0.97592, -0.00000, 0.00000, 0.97592, -0.21814, 0.00000, 0.00000, -0.00000, 0.00000, 1.00000, 0.00000, 1.08897, 3.54058, 28.60087, 1.00000, align = { 0.00000, 0.00000 }, seed = 456, ignore = { 9, 20 }, },
				{ 0.97196, 0.23514, 0.00000, 0.00000, -0.23514, 0.97196, 0.00000, 0.00000, 0.00000, 0.00000, 1.00000, 0.00000, 1.84658, 3.10712, 7.59999, 1.00000, align = { 0.00000, 0.00000 }, seed = 456, ignore = { 10, 20 }, },
				{ 0.95424, -0.29904, 0.00000, 0.00000, 0.29904, 0.95424, 0.00000, 0.00000, -0.00000, -0.00000, 1.00000, 0.00000, 3.47979, 3.20051, 7.59999, 1.00000, align = { 0.00000, 0.00000 }, seed = 456, ignore = { 11, 20 }, },
			},
			["era_b_advertisement.grp"] = {
				{ -0.00000, 0.95680, 0.00000, 0.00000, -0.95680, -0.00000, 0.00000, 0.00000, 0.00000, 0.00000, 0.95680, 0.00000, 6.87109, 12.09504, 1.35388, 1.00000, align = { 0.00000, 0.00000 }, seed = 615, },
			},
			["era_b_awning_shops_end.grp"] = {
				{ 0.95977, 0.00000, 0.00000, 0.00000, 0.00000, 0.95977, 0.00000, 0.00000, 0.00000, 0.00000, 0.95977, 0.00000, 1.31045, 3.86500, 3.38500, 1.00000, align = { 0.00000, 0.00000 }, seed = 768, },
			},
			["era_b_awning_shops_repeat.grp"] = {
				{ 0.95977, 0.00000, 0.00000, 0.00000, 0.00000, 0.95977, 0.00000, 0.00000, 0.00000, 0.00000, 0.95977, 0.00000, 1.31045, 3.86500, 3.38500, 1.00000, align = { 0.00000, 0.00000 }, seed = 768, },
				{ 0.95977, 0.00000, 0.00000, 0.00000, 0.00000, 0.95977, 0.00000, 0.00000, 0.00000, 0.00000, 0.95977, 0.00000, -1.56887, 3.86500, 3.38500, 1.00000, align = { 0.00000, 0.00000 }, seed = 768, },
			},
			["era_b_awning_shops_start.grp"] = {
				{ 0.95977, 0.00000, 0.00000, 0.00000, 0.00000, 0.95977, 0.00000, 0.00000, 0.00000, 0.00000, 0.95977, 0.00000, -1.56887, 3.86500, 3.38500, 1.00000, align = { 0.00000, 0.00000 }, seed = 768, },
			},
			["era_b_food_store_sign_big.grp"] = {
				{ 0.99238, 0.00000, 0.00000, 0.00000, 0.00000, 0.99238, 0.00000, 0.00000, 0.00000, 0.00000, 0.99238, 0.00000, -0.12891, 3.86230, 3.87800, 1.00000, align = { 0.00000, 0.00000 }, seed = 768, },
				{ -0.00000, 0.99238, 0.00000, 0.00000, -0.99238, -0.00000, 0.00000, 0.00000, 0.00000, 0.00000, 0.99238, 0.00000, 6.87109, 6.36194, 3.87800, 1.00000, align = { 0.00000, 0.00000 }, seed = 768, },
				{ 0.00000, -0.89500, 0.00000, 0.00000, 0.89500, 0.00000, 0.00000, 0.00000, 0.00000, 0.00000, 0.89500, 0.00000, -6.47784, 7.97199, 3.60134, 1.00000, align = { 0.00000, 0.00000 }, seed = 768, },
			},
			["era_b_food_store_wall_sign.grp"] = {
				{ 1.16500, 0.00000, 0.00000, 0.00000, 0.00000, 1.16500, 0.00000, 0.00000, 0.00000, 0.00000, 1.16500, 0.00000, 4.64856, 1.86231, 3.79764, 1.00000, align = { 0.00000, 0.00000 }, seed = 768, },
				{ -0.00000, 1.15000, 0.00000, 0.00000, -1.15000, -0.00000, 0.00000, 0.00000, 0.00000, 0.00000, 1.15000, 0.00000, 6.87109, 13.74551, 5.87171, 1.00000, align = { 0.00000, 0.00000 }, seed = 768, },
			},
			["era_b_garbage_container.grp"] = {
				{ 0.99999, 0.00524, 0.00000, 0.00000, -0.00524, 0.99999, 0.00000, 0.00000, -0.00000, -0.00000, 1.00000, 0.00000, 6.47924, 22.64233, 0.00000, 1.00000, },
			},
			["era_b_neon_wall_sign_fun.grp"] = {
				{ 0.33305, 0.33305, 0.00000, 0.00000, -0.33305, 0.33305, 0.00000, 0.00000, 0.00000, 0.00000, 0.47100, 0.00000, -7.74983, 1.28463, 7.68036, 1.00000, align = { 0.00000, 0.00000 }, seed = 615, },
				{ -0.00000, 0.50050, 0.00000, 0.00000, -0.50050, -0.00000, -0.00000, 0.00000, 0.00000, -0.00000, 0.50050, 0.00000, 3.93738, 11.97763, 29.69875, 1.00000, align = { 0.00000, 0.00000 }, seed = 615, },
				{ -0.00000, 0.50050, 0.00000, 0.00000, -0.50050, -0.00000, -0.00000, 0.00000, 0.00000, -0.00000, 0.50050, 0.00000, -6.12988, 11.97763, 29.69875, 1.00000, align = { 0.00000, 0.00000 }, seed = 615, },
			},
			["era_b_neon_wall_sign_fun_flat.grp"] = {
				{ -0.00000, -0.40000, 0.00000, 0.00000, 0.40000, -0.00000, 0.00000, 0.00000, 0.00000, 0.00000, 0.40000, 0.00000, -7.12891, 4.36194, 1.79976, 1.00000, align = { 0.00000, 0.00000 }, seed = 615, },
				{ -0.00000, -0.40000, 0.00000, 0.00000, 0.40000, -0.00000, 0.00000, 0.00000, 0.00000, 0.00000, 0.40000, 0.00000, -7.12891, 10.36194, 1.78982, 1.00000, align = { 0.00000, 0.00000 }, seed = 615, },
				{ -0.00000, -0.40000, 0.00000, 0.00000, 0.40000, -0.00000, 0.00000, 0.00000, 0.00000, 0.00000, 0.40000, 0.00000, -7.12891, 13.36194, 1.78982, 1.00000, align = { 0.00000, 0.00000 }, seed = 615, },
			},
			["era_b_sunshade_small.grp"] = {
				{ -0.63384, 0.55881, -0.00000, 0.00000, -0.55881, -0.63384, 0.00000, 0.00000, -0.00000, 0.00000, 0.84500, 0.00000, 0.52631, 3.55837, 22.60088, 1.00000, align = { 0.00000, 0.00000 }, ignore = { 2, 50 }, },
				{ -0.64522, 0.62745, -0.00000, 0.00000, -0.62745, -0.64522, 0.00000, 0.00000, -0.00000, 0.00000, 0.90000, 0.00000, 0.50906, 3.35892, 31.60087, 1.00000, align = { 0.00000, 0.00000 }, ignore = { 12, 50 }, },
				{ -0.61317, -0.52927, -0.00000, 0.00000, 0.52927, -0.61317, 0.00000, 0.00000, -0.00000, 0.00000, 0.81000, 0.00000, 0.37871, 3.52275, 13.60087, 1.00000, align = { 0.00000, 0.00000 }, ignore = { 13, 50 }, },
			},
			["garden_table_round.grp"] = {
				{ 0.98600, -0.16677, 0.00000, 0.00000, 0.16677, 0.98600, 0.00000, 0.00000, 0.00000, 0.00000, 1.00000, 0.00000, 0.19710, 3.66013, 19.60088, 1.00000, align = { 0.00000, 0.00000 }, seed = 456, },
				{ 0.98714, -0.15988, 0.00000, 0.00000, 0.15988, 0.98714, 0.00000, 0.00000, 0.00000, 0.00000, 1.00000, 0.00000, 0.47695, 3.63970, 28.60087, 1.00000, align = { 0.00000, 0.00000 }, seed = 456, },
				{ 0.97113, -0.23853, 0.00000, 0.00000, 0.23853, 0.97113, 0.00000, 0.00000, 0.00000, 0.00000, 1.00000, 0.00000, 2.70318, 3.03992, 7.59999, 1.00000, align = { 0.00000, 0.00000 }, seed = 456, },
			},
			["random_medium_tree_town.grp"] = {
				{ 0.41025, 0.91197, 0.00000, 0.00000, -0.91197, 0.41025, 0.00000, 0.00000, -0.00000, -0.00000, 1.00000, 0.00000, -0.04000, 23.10000, 0.00000, 1.00000, },
				{ -0.65522, -0.61700, 0.00000, 0.00000, 0.61700, -0.65522, 0.00000, 0.00000, 0.00000, 0.00000, 0.90000, 0.00000, 3.71000, 22.80000, 0.00000, 1.00000, },
			},
		},
	},
}
--End Generated

function data()
	return townbuildingutil.make_building2(
		{ { -4.60, -0.10 }, { 4.60, -0.10 }, { 4.60, 9.10 }, { -4.60, 9.10 } },
		"COMMERCIAL", 
		"B", 
		3,
		{ 2, 3 },
		generatedData,
		"construction/building/era_b/com_3_2x3_01.gtex"
	)
end
