local townbuildingutil = require "townbuildingutil"

--Model file: "building/era_b/com_3_3x4_02.mdl"

--Begin Generated
local generatedData = {
	["base"] = {
		models = {
			["building/era_b/com_3_3x4_02.mdl"] = {
				{ 1.00000, 0.00000, 0.00000, 0.00000, 0.00000, 1.00000, 0.00000, 0.00000, 0.00000, 0.00000, 1.00000, 0.00000, 0.00000, 0.00000, 0.00000, 1.00000, },
			},
		},
		curves = {
			["scaffold"] = {
				{ { 0.18433, 1.96362, 0.00000 }, { 0.18433, 1.96363, 0.00000 }, { 0.18433, 3.60242, 0.00000 }, { 0.18433, 3.60242, 0.00000 }, { 0.18433, 3.60242, 0.00000 }, { 7.51196, 3.60242, 0.00000 }, { 7.51196, 3.60242, 0.00000 }, { 7.51196, 3.60242, 0.00000 }, { 8.37830, 4.46869, 0.00000 }, { 8.37830, 4.46869, 0.00000 }, { 8.37830, 4.46870, 0.00000 }, { 8.37830, 11.95642, 0.00000 }, { 8.37830, 11.95642, 0.00000 }, { 8.37830, 11.95642, 0.00000 }, { 7.55884, 11.95642, 0.00000 }, { 7.55884, 11.95642, 0.00000 }, { 7.55884, 11.95642, 0.00000 }, { 7.55884, 24.20050, 0.00000 }, { 7.55884, 24.20050, 0.00000 }, { 7.55884, 24.20050, 0.00000 }, { 6.69250, 25.06677, 0.00000 }, { 6.69250, 25.06677, 0.00000 }, { 6.69250, 25.06677, 0.00000 }, { -0.79504, 25.06677, 0.00000 }, { -0.79504, 25.06677, 0.00000 }, { -0.79504, 25.06677, 0.00000 }, { -0.79504, 23.42798, 0.00000 }, { -0.79504, 23.42798, 0.00000 }, { -0.79504, 23.42798, 0.00000 }, { -6.48389, 23.42798, 0.00000 }, { -6.48389, 23.42798, 0.00000 }, { -6.48389, 23.42798, 0.00000 }, { -7.35022, 22.56171, 0.00000 }, { -7.35022, 22.56171, 0.00000 }, { -7.35022, 22.56171, 0.00000 }, { -7.35022, 10.31763, 0.00000 }, { -7.35022, 10.31763, 0.00000 }, { -7.35022, 10.31763, 0.00000 }, { -8.16956, 10.31763, 0.00000 }, { -8.16956, 10.31763, 0.00000 }, { -8.16956, 10.31763, 0.00000 }, { -8.16956, 2.82990, 0.00000 }, { -8.16956, 2.82990, 0.00000 }, { -8.16956, 2.82990, 0.00000 }, { -7.30334, 1.96362, 0.00000 }, { -7.30334, 1.96362, 0.00000 }, },
			},
			["shared/asphalt_02.gtex.lua;shared/dirt.gtex.lua"] = {
				{ { 12.00000, 0.00000, 0.00000 }, { 12.00000, 0.00001, 0.00000 }, { 12.00000, 31.99999, 0.00000 }, { 12.00000, 32.00000, 0.00000 }, { 12.00000, 32.00000, 0.00000 }, { -12.00000, 32.00000, 0.00000 }, { -12.00000, 32.00000, 0.00000 }, { -12.00000, 32.00000, 0.00000 }, { -12.00000, 22.52853, 0.65000 }, { -12.00000, 22.52853, 0.65000 }, { -12.00000, 22.52853, 0.65000 }, { -7.29331, 22.52853, 0.65000 }, { -7.29330, 22.52853, 0.65000 }, { -7.29330, 22.52853, 0.65000 }, { -7.29330, 10.40000, 0.63500 }, { -7.29330, 10.40000, 0.63500 }, { -7.29331, 10.40000, 0.63500 }, { -11.99979, 10.40000, 0.63500 }, { -11.99979, 10.40000, 0.63500 }, { -11.99979, 10.40000, 0.63500 }, { -12.00000, 0.00000, 0.00000 }, { -12.00000, 0.00000, 0.00000 }, },
			},
			["shared/asphalt_03.gtex.lua;shared/dirt.gtex.lua"] = {
				{ { -7.29330, 10.40000, 0.63500 }, { -7.29330, 10.40000, 0.63500 }, { -7.29330, 22.52853, 0.65000 }, { -7.29330, 22.52853, 0.65000 }, { -7.29330, 22.52853, 0.65000 }, { -12.00000, 22.52853, 0.65000 }, { -12.00000, 22.52853, 0.65000 }, { -12.00000, 22.52853, 0.65000 }, { -11.99979, 10.40000, 0.63500 }, { -11.99979, 10.40000, 0.63500 }, },
			},
		},
	},
	["layout_1"] = {
		models = {
			["asset/commercial/all_eras/era_b_com_wall.mdl"] = {
				{ -1.00000, 0.00000, 0.00000, 0.00000, -0.00000, -1.00000, 0.00000, 0.00000, 0.00000, 0.00000, 1.00000, 0.00000, -10.50000, 31.85005, 0.00000, 1.00000, },
				{ -1.00000, 0.00000, 0.00000, 0.00000, -0.00000, -1.00000, 0.00000, 0.00000, 0.00000, 0.00000, 1.00000, 0.00000, -7.50000, 31.85005, 0.00000, 1.00000, },
				{ -1.00000, 0.00000, 0.00000, 0.00000, -0.00000, -1.00000, 0.00000, 0.00000, 0.00000, 0.00000, 1.00000, 0.00000, -4.50000, 31.85005, 0.00000, 1.00000, },
				{ -1.00000, 0.00000, 0.00000, 0.00000, -0.00000, -1.00000, 0.00000, 0.00000, 0.00000, 0.00000, 1.00000, 0.00000, -1.50000, 31.85005, 0.00000, 1.00000, },
				{ -1.00000, 0.00000, 0.00000, 0.00000, -0.00000, -1.00000, -0.00000, 0.00000, 0.00000, -0.00000, 1.00000, 0.00000, 1.50000, 31.85005, 0.00000, 1.00000, },
				{ -1.00000, 0.00000, 0.00000, 0.00000, -0.00000, -1.00000, -0.00000, 0.00000, 0.00000, -0.00000, 1.00000, 0.00000, 4.50000, 31.85005, 0.00000, 1.00000, },
				{ -1.00000, 0.00000, 0.00000, 0.00000, -0.00000, -1.00000, -0.00000, 0.00000, 0.00000, -0.00000, 1.00000, 0.00000, 7.50000, 31.85005, 0.00000, 1.00000, },
				{ -1.00000, 0.00000, 0.00000, 0.00000, -0.00000, -1.00000, -0.00000, 0.00000, 0.00000, -0.00000, 1.00000, 0.00000, 10.50000, 31.85005, 0.00000, 1.00000, },
				{ -1.00000, -0.00000, -0.00000, 0.00000, 0.00000, -1.00000, -0.00000, 0.00000, -0.00000, -0.00000, 1.00000, 0.00000, -10.49997, 10.55100, 0.00000, 1.00000, },
				{ -1.00000, -0.00000, -0.00000, 0.00000, 0.00000, -1.00000, -0.00000, 0.00000, -0.00000, -0.00000, 1.00000, 0.00000, -7.49997, 10.55100, 0.00000, 1.00000, },
				{ -0.00000, 1.00000, -0.00000, 0.00000, -1.00000, -0.00000, -0.00000, 0.00000, -0.00000, -0.00000, 1.00000, 0.00000, -11.85000, 15.20100, 0.00000, 1.00000, },
				{ -0.00000, 1.00000, -0.00000, 0.00000, -1.00000, -0.00000, -0.00000, 0.00000, -0.00000, -0.00000, 1.00000, 0.00000, -11.85000, 18.20100, 0.00000, 1.00000, },
				{ -0.00000, 1.00000, -0.00000, 0.00000, -1.00000, -0.00000, -0.00000, 0.00000, -0.00000, -0.00000, 1.00000, 0.00000, -11.85000, 21.20100, 0.00000, 1.00000, },
				{ -0.00000, 1.00000, -0.00000, 0.00000, -1.00000, -0.00000, -0.00000, 0.00000, -0.00000, -0.00000, 1.00000, 0.00000, -11.85000, 24.20100, 0.00000, 1.00000, },
				{ -0.00000, 1.00000, -0.00000, 0.00000, -1.00000, -0.00000, -0.00000, 0.00000, -0.00000, -0.00000, 1.00000, 0.00000, -11.85000, 12.20100, 0.00000, 1.00000, },
			},
			["asset/commercial/era_b/wall_grip.mdl"] = {
				{ -0.35355, 0.35355, 0.00000, 0.00000, -0.35355, -0.35355, 0.00000, 0.00000, 0.00000, 0.00000, 0.50000, 0.00000, 7.88621, 4.08984, 6.19125, 1.00000, align = { 0.00000, 0.00000 }, },
				{ -0.00000, 0.37922, 0.00000, 0.00000, -0.37922, -0.00000, 0.00000, 0.00000, 0.00000, 0.00000, 0.37922, 0.00000, -5.29535, 2.04365, 6.81083, 1.00000, align = { 0.00000, 0.00000 }, },
			},
			["asset/ground/garden_bench_wood_01.mdl"] = {
				{ 0.00000, 1.00000, 0.00000, 0.00000, -1.00000, 0.00000, 0.00000, 0.00000, -0.00000, -0.00000, 1.00000, 0.00000, 7.96667, 16.25000, -0.00000, 1.00000, },
				{ 1.00000, -0.00000, 0.00000, 0.00000, 0.00000, 1.00000, -0.00000, 0.00000, -0.00000, 0.00000, 1.00000, 0.00000, -10.62333, 9.80000, -0.00000, 1.00000, },
				{ 0.00000, 1.00000, 0.00000, 0.00000, -1.00000, 0.00000, 0.00000, 0.00000, -0.00000, -0.00000, 1.00000, 0.00000, 7.96667, 20.09000, 0.00000, 1.00000, },
			},
			["asset/ground/garden_chair_plastic_01.mdl"] = {
				{ -0.39394, -0.91914, 0.00000, 0.00000, 0.91914, -0.39394, 0.00000, 0.00000, 0.00000, 0.00000, 1.00000, 0.00000, -6.26560, 16.06263, 34.59998, 1.00000, align = { 0.00000, 0.00000 }, ignore = { 5, 30 }, },
				{ 0.61566, -0.78801, 0.00000, 0.00000, 0.78801, 0.61566, 0.00000, 0.00000, 0.00000, 0.00000, 1.00000, 0.00000, -6.26560, 17.38264, 34.59998, 1.00000, align = { 0.00000, 0.00000 }, ignore = { 6, 30 }, },
				{ -0.28234, -0.95931, 0.00000, 0.00000, 0.95931, -0.28234, 0.00000, 0.00000, 0.00000, 0.00000, 1.00000, 0.00000, -6.35521, 15.89717, 16.59999, 1.00000, align = { 0.00000, 0.00000 }, ignore = { 7, 30 }, },
				{ -0.33874, 0.94088, 0.00000, 0.00000, -0.94088, -0.33874, 0.00000, 0.00000, 0.00000, 0.00000, 1.00000, 0.00000, 6.50036, 13.26336, 22.59999, 1.00000, align = { 0.00000, 0.00000 }, ignore = { 17, 30 }, },
				{ -0.36812, 0.92978, 0.00000, 0.00000, -0.92978, -0.36812, 0.00000, 0.00000, 0.00000, 0.00000, 1.00000, 0.00000, 6.47341, 14.11262, 16.59999, 1.00000, align = { 0.00000, 0.00000 }, ignore = { 18, 30 }, },
				{ 0.65077, 0.75927, 0.00000, 0.00000, -0.75927, 0.65077, 0.00000, 0.00000, 0.00000, 0.00000, 1.00000, 0.00000, 6.45357, 15.62538, 16.59999, 1.00000, align = { 0.00000, 0.00000 }, ignore = { 19, 30 }, },
				{ -0.47562, 0.87965, 0.00000, 0.00000, -0.87965, -0.47562, 0.00000, 0.00000, 0.00000, 0.00000, 1.00000, 0.00000, 6.73957, 13.23249, 40.59999, 1.00000, align = { 0.00000, 0.00000 }, ignore = { 20, 30 }, },
				{ 0.21132, 0.97742, 0.00000, 0.00000, -0.97742, 0.21132, 0.00000, 0.00000, 0.00000, 0.00000, 1.00000, 0.00000, 6.73957, 14.39249, 40.59999, 1.00000, align = { 0.00000, 0.00000 }, ignore = { 21, 30 }, },
				{ 0.36162, 0.93232, 0.00000, 0.00000, -0.93232, 0.36162, 0.00000, 0.00000, 0.00000, 0.00000, 1.00000, 0.00000, 6.53625, 14.39645, 22.59999, 1.00000, align = { 0.00000, 0.00000 }, ignore = { 22, 30 }, },
				{ 0.39394, 0.91914, 0.00000, 0.00000, -0.91914, 0.39394, 0.00000, 0.00000, 0.00000, 0.00000, 1.00000, 0.00000, 6.64463, 21.31712, 31.59999, 1.00000, align = { 0.00000, 0.00000 }, ignore = { 23, 30 }, },
				{ -0.66131, 0.75011, 0.00000, 0.00000, -0.75011, -0.66131, 0.00000, 0.00000, 0.00000, 0.00000, 1.00000, 0.00000, 6.66250, 14.41388, 28.59999, 1.00000, align = { 0.00000, 0.00000 }, ignore = { 24, 30 }, },
				{ 0.39394, 0.91914, 0.00000, 0.00000, -0.91914, 0.39394, 0.00000, 0.00000, 0.00000, 0.00000, 1.00000, 0.00000, 6.66642, 15.88585, 25.59999, 1.00000, align = { 0.00000, 0.00000 }, ignore = { 25, 30 }, },
				{ -0.61841, 0.78586, 0.00000, 0.00000, -0.78586, -0.61841, 0.00000, 0.00000, 0.00000, 0.00000, 1.00000, 0.00000, 6.51720, 19.10649, 22.59999, 1.00000, align = { 0.00000, 0.00000 }, ignore = { 26, 30 }, },
			},
			["asset/industry/cardboard_box_01.mdl"] = {
				{ -0.99635, 0.08542, -0.00000, 0.00000, -0.08542, -0.99635, 0.00000, 0.00000, -0.00000, 0.00000, 1.00000, 0.00000, -7.79500, 15.54000, 0.00000, 1.00000, },
				{ -0.99470, -0.10279, -0.00000, 0.00000, 0.10279, -0.99470, 0.00000, 0.00000, -0.00000, 0.00000, 1.00000, 0.00000, -8.49500, 15.19000, 0.00000, 1.00000, },
				{ -0.99276, 0.12014, -0.00000, 0.00000, -0.12014, -0.99276, 0.00000, 0.00000, -0.00000, 0.00000, 1.00000, 0.00000, -8.49500, 16.15000, 0.00000, 1.00000, },
				{ -0.37622, -0.92653, -0.00000, 0.00000, 0.92653, -0.37622, 0.00000, 0.00000, -0.00000, 0.00000, 1.00000, 0.00000, -9.57500, 13.89000, 0.00000, 1.00000, ignore = { 3, 50 }, },
				{ -0.13226, -0.99122, 0.00000, 0.00000, 0.99122, -0.13226, 0.00000, 0.00000, 0.00000, 0.00000, 1.00000, 0.00000, -8.13909, 15.41423, 0.50694, 1.00000, ignore = { 3, 50 }, },
				{ 0.08368, -0.99649, 0.00000, 0.00000, 0.99649, 0.08368, 0.00000, 0.00000, 0.00000, 0.00000, 1.00000, 0.00000, -8.00909, 16.11423, 0.50694, 1.00000, ignore = { 3, 50 }, },
			},
			["asset/vegetation/hedge_3m.mdl"] = {
				{ -1.00000, 0.00000, -0.00000, 0.00000, -0.00000, -1.00000, -0.00000, 0.00000, -0.00000, 0.00000, 1.00000, 0.00000, -11.23275, 18.30971, 0.00000, 1.00000, },
				{ -1.00000, 0.00000, -0.00000, 0.00000, -0.00000, -1.00000, -0.00000, 0.00000, -0.00000, 0.00000, 1.00000, 0.00000, -11.23275, 15.60971, 0.00000, 1.00000, },
				{ -1.00000, 0.00000, -0.00000, 0.00000, -0.00000, -1.00000, -0.00000, 0.00000, -0.00000, 0.00000, 1.00000, 0.00000, -11.23275, 23.80971, 0.00000, 1.00000, },
				{ -1.00000, 0.00000, -0.00000, 0.00000, -0.00000, -1.00000, -0.00000, 0.00000, -0.00000, 0.00000, 1.00000, 0.00000, -11.23275, 12.60971, 0.00000, 1.00000, },
				{ -1.00000, 0.00000, -0.00000, 0.00000, -0.00000, -1.00000, -0.00000, 0.00000, -0.00000, 0.00000, 1.00000, 0.00000, -11.23275, 21.20971, 0.00000, 1.00000, },
				{ 0.00000, 1.00000, -0.00000, 0.00000, -1.00000, 0.00000, -0.00000, 0.00000, -0.00000, 0.00000, 1.00000, 0.00000, -9.85071, 11.17383, 0.00000, 1.00000, },
			},
			["asset/vegetation/hedge_m.mdl"] = {
				{ -0.00000, -0.75000, 0.00000, 0.00000, 0.75000, -0.00000, -0.00000, 0.00000, 0.00000, -0.00000, 0.75000, 0.00000, -8.05108, 11.17641, 0.00000, 1.00000, },
			},
			["street/street_asset_mix/trash_standing_a.mdl"] = {
				{ 1.00000, 0.00000, 0.00000, 0.00000, 0.00000, 1.00000, 0.00000, 0.00000, 0.00000, 0.00000, 1.00000, 0.00000, 1.78000, 5.45000, 0.00000, 1.00000, },
				{ 1.00000, 0.00000, 0.00000, 0.00000, 0.00000, 1.00000, 0.00000, 0.00000, 0.00000, 0.00000, 1.00000, 0.00000, 5.75000, 3.94000, 0.00000, 1.00000, },
				{ 1.00000, 0.00000, 0.00000, 0.00000, 0.00000, 1.00000, 0.00000, 0.00000, 0.00000, 0.00000, 1.00000, 0.00000, -1.78000, 5.45000, 0.00000, 1.00000, },
				{ 1.00000, 0.00000, 0.00000, 0.00000, 0.00000, 1.00000, 0.00000, 0.00000, 0.00000, 0.00000, 1.00000, 0.00000, 7.94667, 18.17000, 0.00000, 1.00000, },
				{ -0.00000, -1.00000, 0.00000, 0.00000, 1.00000, -0.00000, 0.00000, 0.00000, 0.00000, 0.00000, 1.00000, 0.00000, -8.70333, 9.82000, 0.00000, 1.00000, },
				{ 1.00000, 0.00000, 0.00000, 0.00000, 0.00000, 1.00000, 0.00000, 0.00000, 0.00000, 0.00000, 1.00000, 0.00000, -6.13000, 2.80000, 0.00000, 1.00000, },
			},
			["street/street_light_us_a.mdl"] = {
				{ 0.00000, 1.00000, 0.00000, 0.00000, -1.00000, 0.00000, 0.00000, 0.00000, 0.00000, 0.00000, 1.00000, 0.00000, -7.20001, 30.90000, 0.00000, 1.00000, },
				{ 0.00000, 1.00000, 0.00000, 0.00000, -1.00000, 0.00000, 0.00000, 0.00000, 0.00000, 0.00000, 1.00000, 0.00000, -2.39999, 30.90000, 0.00000, 1.00000, },
				{ 0.00000, 1.00000, 0.00000, 0.00000, -1.00000, 0.00000, 0.00000, 0.00000, 0.00000, 0.00000, 1.00000, 0.00000, 2.39999, 30.90000, 0.00000, 1.00000, },
				{ 0.00000, 1.00000, 0.00000, 0.00000, -1.00000, 0.00000, 0.00000, 0.00000, 0.00000, 0.00000, 1.00000, 0.00000, 7.20001, 30.90000, 0.00000, 1.00000, },
			},
		},
		groups = {
			["era_a_garden_chair.grp"] = {
				{ 0.80902, -0.58779, -0.00000, 0.00000, 0.58779, 0.80902, 0.00000, 0.00000, 0.00000, -0.00000, 1.00000, 0.00000, -5.97424, 17.21041, 22.59999, 1.00000, align = { 0.00000, 0.00000 }, seed = 456, ignore = { 8, 20 }, },
				{ 0.58779, 0.80902, -0.00000, 0.00000, -0.80902, 0.58779, 0.00000, 0.00000, 0.00000, -0.00000, 1.00000, 0.00000, -6.87050, 17.22824, 22.59999, 1.00000, align = { 0.00000, 0.00000 }, seed = 456, ignore = { 9, 20 }, },
				{ -0.72897, 0.68455, -0.00000, 0.00000, -0.68455, -0.72897, 0.00000, 0.00000, 0.00000, 0.00000, 1.00000, 0.00000, -6.76670, 16.24365, 22.59999, 1.00000, align = { 0.00000, 0.00000 }, seed = 456, ignore = { 10, 20 }, },
				{ 0.23514, -0.97196, -0.00000, 0.00000, 0.97196, 0.23514, 0.00000, 0.00000, 0.00000, -0.00000, 1.00000, 0.00000, -6.37630, 17.66112, 7.59999, 1.00000, align = { 0.00000, 0.00000 }, seed = 456, ignore = { 11, 20 }, },
				{ -0.29904, -0.95424, 0.00000, 0.00000, 0.95424, -0.29904, 0.00000, 0.00000, -0.00000, 0.00000, 1.00000, 0.00000, -6.28291, 16.02791, 7.59999, 1.00000, align = { 0.00000, 0.00000 }, seed = 456, ignore = { 12, 20 }, },
				{ -0.99588, 0.09063, 0.00000, 0.00000, -0.09063, -0.99588, 0.00000, 0.00000, 0.00000, 0.00000, 1.00000, 0.00000, 6.68200, 14.92950, 34.59999, 1.00000, align = { 0.00000, 0.00000 }, seed = 456, ignore = { 27, 20 }, },
				{ 0.97667, -0.21474, -0.00000, 0.00000, 0.21474, 0.97667, 0.00000, 0.00000, -0.00000, -0.00000, 1.00000, 0.00000, 6.86767, 16.16568, 34.59999, 1.00000, align = { 0.00000, 0.00000 }, seed = 456, ignore = { 28, 20 }, },
				{ -0.80902, 0.58779, 0.00000, 0.00000, -0.58779, -0.80902, 0.00000, 0.00000, 0.00000, 0.00000, 1.00000, 0.00000, 6.26990, 19.29931, 25.59999, 1.00000, align = { 0.00000, 0.00000 }, seed = 456, ignore = { 29, 20 }, },
				{ -0.58779, -0.80902, 0.00000, 0.00000, 0.80902, -0.58779, 0.00000, 0.00000, 0.00000, 0.00000, 1.00000, 0.00000, 7.16616, 19.28148, 25.59999, 1.00000, align = { 0.00000, 0.00000 }, seed = 456, ignore = { 30, 20 }, },
				{ 0.72897, -0.68455, -0.00000, 0.00000, 0.68455, 0.72897, 0.00000, 0.00000, -0.00000, -0.00000, 1.00000, 0.00000, 7.06236, 20.26607, 25.59999, 1.00000, align = { 0.00000, 0.00000 }, seed = 456, ignore = { 31, 20 }, },
				{ -0.23514, 0.97196, 0.00000, 0.00000, -0.97196, -0.23514, 0.00000, 0.00000, 0.00000, 0.00000, 1.00000, 0.00000, 6.59595, 20.20708, 10.59999, 1.00000, align = { 0.00000, 0.00000 }, seed = 456, ignore = { 32, 20 }, },
				{ 0.29904, 0.95424, 0.00000, 0.00000, -0.95424, 0.29904, 0.00000, 0.00000, 0.00000, -0.00000, 1.00000, 0.00000, 6.50256, 21.84029, 10.59999, 1.00000, align = { 0.00000, 0.00000 }, seed = 456, ignore = { 33, 20 }, },
				{ -0.99780, -0.06627, 0.00000, 0.00000, 0.06627, -0.99780, 0.00000, 0.00000, 0.00000, 0.00000, 1.00000, 0.00000, 6.69983, 13.38911, 10.59999, 1.00000, align = { 0.00000, 0.00000 }, seed = 456, ignore = { 34, 20 }, },
				{ 0.99824, -0.05931, -0.00000, 0.00000, 0.05931, 0.99824, 0.00000, 0.00000, -0.00000, -0.00000, 1.00000, 0.00000, 6.68983, 14.63911, 10.59999, 1.00000, align = { 0.00000, 0.00000 }, seed = 456, ignore = { 35, 20 }, },
			},
			["era_b_advertisement.grp"] = {
				{ 1.00000, 0.00000, 0.00000, 0.00000, 0.00000, 1.00000, 0.00000, 0.00000, 0.00000, 0.00000, 1.00000, 0.00000, -4.70530, 2.63012, 16.47992, 1.00000, align = { 0.00000, 0.00000 }, seed = 256, },
			},
			["era_b_garbage_container.grp"] = {
				{ 0.02792, -0.99961, 0.00000, 0.00000, 0.99961, 0.02792, 0.00000, 0.00000, 0.00000, 0.00000, 1.00000, 0.00000, -8.23000, 18.31000, 0.00000, 1.00000, },
				{ 0.02967, -0.99956, 0.00000, 0.00000, 0.99956, 0.02967, 0.00000, 0.00000, 0.00000, 0.00000, 1.00000, 0.00000, -8.00000, 13.29000, 0.00000, 1.00000, },
			},
			["era_b_neon_wall_sign_food.grp"] = {
				{ -0.00000, 0.37922, 0.00000, 0.00000, -0.37922, -0.00000, 0.00000, 0.00000, 0.00000, 0.00000, 0.37922, 0.00000, -5.29535, 0.67846, 6.81083, 1.00000, align = { 0.00000, 0.00000 }, seed = 456, },
			},
			["era_b_neon_wall_sign_fun.grp"] = {
				{ -0.35355, 0.35355, 0.00000, 0.00000, -0.35355, -0.35355, 0.00000, 0.00000, -0.00000, 0.00000, 0.50000, 0.00000, 9.05294, 2.92312, 6.19125, 1.00000, align = { 0.00000, 0.00000 }, seed = 256, },
				{ 0.52059, -0.00000, 0.00000, 0.00000, 0.00000, 0.52059, 0.00000, 0.00000, 0.00000, 0.00000, 0.52059, 0.00000, -5.30868, 2.04364, 13.68604, 1.00000, align = { 0.00000, 0.00000 }, },
			},
			["era_b_neon_wall_sign_fun_flat.grp"] = {
				{ 0.35000, -0.00000, 0.00000, 0.00000, 0.00000, 0.35000, -0.00000, 0.00000, -0.00000, 0.00000, 0.35000, 0.00000, 2.29138, 3.68206, 1.90000, 1.00000, align = { 0.00000, 0.00000 }, seed = 256, },
				{ 0.00000, 0.35000, 0.00000, 0.00000, -0.35000, 0.00000, -0.00000, 0.00000, -0.00000, -0.00000, 0.35000, 0.00000, 8.29785, 6.68894, 1.90000, 1.00000, align = { 0.00000, 0.00000 }, seed = 256, },
				{ 0.00000, 0.35000, 0.00000, 0.00000, -0.35000, 0.00000, -0.00000, 0.00000, -0.00000, -0.00000, 0.35000, 0.00000, 8.29785, 9.68894, 1.90000, 1.00000, align = { 0.00000, 0.00000 }, seed = 256, },
			},
			["era_b_restaurant_ground_sign.grp"] = {
				{ 0.51653, -0.85627, 0.00000, 0.00000, 0.85627, 0.51653, 0.00000, 0.00000, 0.00000, 0.00000, 1.00000, 0.00000, -3.85976, 1.10000, 0.00000, 1.00000, seed = 456, ignore = { 2, 60 }, },
			},
			["era_b_restaurant_sign_big.grp"] = {
				{ -0.00000, -0.58162, 0.00000, 0.00000, 0.58162, -0.00000, 0.00000, 0.00000, 0.00000, 0.00000, 0.58162, 0.00000, -8.08970, 5.05020, 3.06449, 1.00000, align = { 0.00000, 0.00000 }, seed = 456, },
				{ -0.00000, -0.58162, 0.00000, 0.00000, 0.58162, -0.00000, 0.00000, 0.00000, 0.00000, 0.00000, 0.58162, 0.00000, -8.08970, 8.05019, 3.06449, 1.00000, align = { 0.00000, 0.00000 }, seed = 456, },
				{ -0.00000, 0.54630, 0.00000, 0.00000, -0.54630, -0.00000, 0.00000, 0.00000, 0.00000, 0.00000, 0.54630, 0.00000, 6.62751, 5.58023, 3.61213, 1.00000, align = { 0.00000, 0.00000 }, seed = 456, },
				{ -0.00000, 0.54630, 0.00000, 0.00000, -0.54630, -0.00000, 0.00000, 0.00000, 0.00000, 0.00000, 0.54630, 0.00000, 6.62751, 8.58023, 3.61213, 1.00000, align = { 0.00000, 0.00000 }, seed = 456, },
			},
			["era_b_restaurant_sign_small.grp"] = {
				{ 0.70725, 0.00000, 0.00000, 0.00000, 0.00000, 0.70725, 0.00000, 0.00000, 0.00000, 0.00000, 0.70725, 0.00000, -5.06739, 2.04346, 3.05908, 1.00000, align = { 0.00000, 0.00000 }, seed = 456, },
			},
			["era_b_restaurant_wall_sign_big.grp"] = {
				{ 0.47571, -0.47571, 0.00000, 0.00000, 0.47571, 0.47571, 0.00000, 0.00000, 0.00000, 0.00000, 0.67275, 0.00000, -7.65370, 2.42699, 4.80309, 1.00000, align = { 0.00000, 0.00000 }, seed = 456, },
			},
			["era_b_restaurant_wall_sign_small.grp"] = {
				{ 1.00000, 0.00000, 0.00000, 0.00000, 0.00000, 1.00000, 0.00000, 0.00000, 0.00000, 0.00000, 1.00000, 0.00000, 7.12578, 3.70230, 3.93016, 1.00000, align = { 0.00000, 0.00000 }, seed = 256, },
				{ -0.00000, -1.00000, 0.00000, 0.00000, 1.00000, -0.00000, 0.00000, 0.00000, 0.00000, 0.00000, 1.00000, 0.00000, -8.08984, 9.84186, 3.82968, 1.00000, align = { 0.00000, 0.00000 }, seed = 456, },
				{ 1.00000, 0.00000, 0.00000, 0.00000, 0.00000, 1.00000, 0.00000, 0.00000, 0.00000, 0.00000, 1.00000, 0.00000, -0.21119, 2.04348, 3.87047, 1.00000, align = { 0.00000, 0.00000 }, seed = 456, },
			},
			["era_b_sunshade_small.grp"] = {
				{ 0.66131, 0.75011, 0.00000, 0.00000, -0.75011, 0.66131, 0.00000, 0.00000, 0.00000, 0.00000, 1.00000, 0.00000, -6.73360, 15.24399, 10.59999, 1.00000, align = { 0.00000, 0.00000 }, ignore = { 4, 50 }, },
				{ -0.40674, 0.91355, 0.00000, 0.00000, -0.91355, -0.40674, 0.00000, 0.00000, 0.00000, 0.00000, 1.00000, 0.00000, -6.94921, 16.70963, 34.59998, 1.00000, align = { 0.00000, 0.00000 }, ignore = { 13, 50 }, },
				{ 0.50603, 0.86251, 0.00000, 0.00000, -0.86251, 0.50603, 0.00000, 0.00000, 0.00000, 0.00000, 1.00000, 0.00000, -6.65063, 16.35330, 16.59999, 1.00000, align = { 0.00000, 0.00000 }, ignore = { 14, 50 }, },
				{ 0.68188, 0.49906, 0.00000, 0.00000, -0.49906, 0.68188, 0.00000, 0.00000, 0.00000, 0.00000, 0.84500, 0.00000, -6.61378, 15.10792, 28.59999, 1.00000, align = { 0.00000, 0.00000 }, ignore = { 15, 50 }, },
				{ 0.25545, -0.96682, 0.00000, 0.00000, 0.96682, 0.25545, 0.00000, 0.00000, 0.00000, 0.00000, 1.00000, 0.00000, 6.85205, 19.63845, 13.59999, 1.00000, align = { 0.00000, 0.00000 }, ignore = { 16, 50 }, },
				{ 0.18738, -0.98229, 0.00000, 0.00000, 0.98229, 0.18738, 0.00000, 0.00000, 0.00000, 0.00000, 1.00000, 0.00000, 6.77012, 13.85483, 22.59999, 1.00000, align = { 0.00000, 0.00000 }, ignore = { 36, 50 }, },
				{ 0.13960, -0.73180, 0.00000, 0.00000, 0.73180, 0.13960, 0.00000, 0.00000, 0.00000, 0.00000, 0.74500, 0.00000, 6.72031, 15.54401, 34.86496, 1.00000, align = { 0.00000, 0.00000 }, ignore = { 37, 50 }, },
				{ 0.40674, -0.91355, 0.00000, 0.00000, 0.91355, 0.40674, 0.00000, 0.00000, 0.00000, 0.00000, 1.00000, 0.00000, 6.74806, 20.85043, 37.59999, 1.00000, align = { 0.00000, 0.00000 }, ignore = { 38, 50 }, },
				{ 0.65342, -0.75699, 0.00000, 0.00000, 0.75699, 0.65342, 0.00000, 0.00000, 0.00000, 0.00000, 1.00000, 0.00000, 6.89582, 20.81058, 19.59999, 1.00000, align = { 0.00000, 0.00000 }, ignore = { 39, 50 }, },
				{ 0.51204, -0.85896, 0.00000, 0.00000, 0.85896, 0.51204, 0.00000, 0.00000, 0.00000, 0.00000, 1.00000, 0.00000, 6.94274, 15.38318, 4.59999, 1.00000, align = { 0.00000, 0.00000 }, ignore = { 40, 50 }, },
				{ 0.28901, -0.79404, 0.00000, 0.00000, 0.79404, 0.28901, 0.00000, 0.00000, 0.00000, 0.00000, 0.84500, 0.00000, 6.61096, 20.54059, 31.59999, 1.00000, align = { 0.00000, 0.00000 }, ignore = { 41, 50 }, },
				{ -0.36488, -0.93106, 0.00000, 0.00000, 0.93106, -0.36488, 0.00000, 0.00000, 0.00000, 0.00000, 1.00000, 0.00000, 6.84270, 14.84405, 16.59999, 1.00000, align = { 0.00000, 0.00000 }, ignore = { 42, 50 }, },
				{ 0.37874, -0.74977, 0.00000, 0.00000, 0.74977, 0.37874, 0.00000, 0.00000, 0.00000, 0.00000, 0.84000, 0.00000, 6.86489, 15.69049, 28.59999, 1.00000, align = { 0.00000, 0.00000 }, ignore = { 43, 50 }, },
			},
			["garden_table_round.grp"] = {
				{ -0.64011, -0.76828, 0.00000, 0.00000, 0.76828, -0.64011, 0.00000, 0.00000, 0.00000, 0.00000, 1.00000, 0.00000, -6.36983, 16.71999, 22.59999, 1.00000, align = { 0.00000, 0.00000 }, seed = 456, },
				{ -0.23853, -0.97113, 0.00000, 0.00000, 0.97113, -0.23853, 0.00000, 0.00000, 0.00000, 0.00000, 1.00000, 0.00000, -6.44350, 16.80452, 7.59999, 1.00000, align = { 0.00000, 0.00000 }, seed = 456, },
				{ 0.15643, 0.98769, 0.00000, 0.00000, -0.98769, 0.15643, 0.00000, 0.00000, 0.00000, 0.00000, 1.00000, 0.00000, 6.77068, 15.55331, 34.59999, 1.00000, align = { 0.00000, 0.00000 }, seed = 456, },
				{ 0.64011, 0.76828, 0.00000, 0.00000, -0.76828, 0.64011, 0.00000, 0.00000, 0.00000, 0.00000, 1.00000, 0.00000, 6.66549, 19.78973, 25.59999, 1.00000, align = { 0.00000, 0.00000 }, seed = 456, },
				{ 0.23853, 0.97113, 0.00000, 0.00000, -0.97113, 0.23853, 0.00000, 0.00000, 0.00000, 0.00000, 1.00000, 0.00000, 6.66315, 21.06368, 10.59999, 1.00000, align = { 0.00000, 0.00000 }, seed = 456, },
				{ -0.00000, 1.00000, 0.00000, 0.00000, -1.00000, -0.00000, 0.00000, 0.00000, 0.00000, 0.00000, 1.00000, 0.00000, 6.68983, 14.01911, 10.59999, 1.00000, align = { 0.00000, 0.00000 }, seed = 456, },
			},
		},
	},
}
--End Generated

function data()
	return townbuildingutil.make_building2(
		{ { -4.60, -0.10 }, { 4.60, -0.10 }, { 4.60, 9.10 }, { -4.60, 9.10 } },
		"COMMERCIAL", 
		"B", 
		3,
		{ 3, 4 },
		generatedData,
		"construction/building/era_b/com_3_3x4_02.gtex"
	)
end
