local townbuildingutil = require "townbuildingutil"

--Model file: "building/era_b/com_1_2x2_02.mdl"

--Begin Generated
local generatedData = {
	["base"] = {
		models = {
			["building/era_b/com_1_2x2_02.mdl"] = {
				{ 1.00000, 0.00000, 0.00000, 0.00000, 0.00000, 1.00000, 0.00000, 0.00000, 0.00000, 0.00000, 1.00000, 0.00000, 1.09000, 0.00000, 0.00000, 1.00000, },
			},
		},
		curves = {
			["scaffold"] = {
				{ { 6.25641, 1.95279, 0.00000 }, { 6.25641, 1.95280, 0.00000 }, { 6.25640, 7.32214, 0.00000 }, { 6.25640, 7.32214, 0.00000 }, { 6.25640, 7.32214, 0.00000 }, { 3.84000, 7.42214, 0.00000 }, { 3.84000, 7.42214, 0.00000 }, { 3.84000, 7.42214, 0.00000 }, { 3.84000, 8.29000, 0.00000 }, { 3.84000, 8.29000, 0.00000 }, { 3.84000, 8.29000, 0.00000 }, { 1.89594, 8.29000, 0.00000 }, { 1.89594, 8.29000, 0.00000 }, { 1.89594, 8.29000, 0.00000 }, { 1.89594, 9.67623, 0.00000 }, { 1.89594, 9.67623, 0.00000 }, { 1.89594, 9.67623, 0.00000 }, { -3.56724, 9.66965, 0.00000 }, { -3.56724, 9.66965, 0.00000 }, { -3.56724, 9.66965, 0.00000 }, { -3.57396, 1.95280, 0.00000 }, { -3.57396, 1.95279, 0.00000 }, },
			},
			["shared/asphalt_02.gtex.lua;shared/dirt.gtex.lua"] = {
				{ { 8.00000, 0.00000, 0.00451 }, { 8.00000, 0.00000, 0.00451 }, { 8.00002, 7.00690, 0.00451 }, { 8.00002, 7.00690, 0.00451 }, { 8.00002, 7.00690, 0.00451 }, { 5.84122, 7.00690, 0.00451 }, { 5.84122, 7.00690, 0.00451 }, { 5.84122, 7.00690, 0.00451 }, { 3.76321, 7.00690, 0.00451 }, { 3.76321, 7.00690, 0.00451 }, { 3.76321, 7.00690, 0.00451 }, { 3.76321, 8.19562, 0.00451 }, { 3.76321, 8.19562, 0.00451 }, { 3.76321, 8.19562, 0.00451 }, { 1.48075, 8.19562, 0.00451 }, { 1.48074, 8.19562, 0.00451 }, { 1.48074, 8.19562, 0.00451 }, { 1.48075, 9.25775, 0.00451 }, { 1.48075, 9.25775, 0.00451 }, { 1.48074, 9.25775, 0.00451 }, { -3.15878, 9.25775, 0.00451 }, { -3.15878, 9.25775, 0.00451 }, { -3.15878, 9.25775, 0.00451 }, { -3.15878, 4.00363, 0.00451 }, { -3.15878, 4.00363, 0.00451 }, { -3.15878, 4.00363, 0.00451 }, { -8.00000, 4.00363, 0.00451 }, { -8.00000, 4.00363, 0.00451 }, { -8.00000, 4.00363, 0.00451 }, { -8.00000, 0.00000, 0.00451 }, { -8.00000, 0.00000, 0.00451 }, },
			},
			["shared/asphalt_03.gtex.lua;shared/dirt.gtex.lua"] = {
				{ { 8.00002, 7.00690, 0.00451 }, { 8.00002, 7.00690, 0.00451 }, { 8.00000, 16.00000, 0.00451 }, { 8.00000, 16.00000, 0.00451 }, { 8.00000, 16.00000, 0.00451 }, { 3.76321, 16.00000, 0.00451 }, { 3.76321, 16.00000, 0.00451 }, { 3.76321, 16.00000, 0.00451 }, { 3.76321, 8.19562, 0.00451 }, { 3.76321, 8.19562, 0.00451 }, },
			},
			["shared/grass_cutted_01.gtex.lua"] = {
				{ { 3.76321, 8.19562, 0.00451 }, { 3.76321, 8.19562, 0.00451 }, { 3.76321, 16.00000, 0.00451 }, { 3.76321, 16.00000, 0.00451 }, { 3.76321, 16.00000, 0.00451 }, { -8.00000, 16.00000, 0.00451 }, { -8.00000, 16.00000, 0.00451 }, { -8.00000, 16.00000, 0.00451 }, { -8.00000, 4.00363, 0.00451 }, { -8.00000, 4.00363, 0.00451 }, { -8.00000, 4.00363, 0.00451 }, { -6.50000, 4.00363, 0.00451 }, { -6.50000, 4.00363, 0.00451 }, { -6.50000, 4.00363, 0.00451 }, { -6.50000, 14.00000, 0.00451 }, { -6.50000, 14.00000, 0.00451 }, { -6.50000, 14.00000, 0.00451 }, { 1.48074, 14.00000, 0.00451 }, { 1.48074, 14.00000, 0.00451 }, { 1.48074, 14.00000, 0.00451 }, { 1.48075, 9.25775, 0.00451 }, { 1.48075, 9.25775, 0.00451 }, },
			},
			["shared/gravel_02.gtex.lua"] = {
				{ { 1.48074, 9.25775, 0.00451 }, { 1.48074, 9.25775, 0.00451 }, { 1.48074, 14.00000, 0.00451 }, { 1.48074, 14.00000, 0.00451 }, { 1.48074, 14.00000, 0.00451 }, { -6.50000, 14.00000, 0.00451 }, { -6.50000, 14.00000, 0.00451 }, { -6.50000, 14.00000, 0.00451 }, { -6.50000, 4.00363, 0.00451 }, { -6.50000, 4.00363, 0.00451 }, { -6.50000, 4.00363, 0.00451 }, { -3.15878, 4.00363, 0.00451 }, { -3.15878, 4.00363, 0.00451 }, { -3.15878, 4.00363, 0.00451 }, { -3.15878, 9.25775, 0.00451 }, { -3.15878, 9.25775, 0.00451 }, },
			},
		},
	},
	["layout_1"] = {
		models = {
			["asset/commercial/all_eras/era_b_com_wall.mdl"] = {
				{ -0.00000, 1.00000, -0.00000, 0.00000, -1.00000, -0.00000, -0.00000, 0.00000, -0.00000, -0.00000, 1.00000, 0.00000, 3.57000, 8.40100, 0.00000, 1.00000, },
				{ -0.00000, 1.00000, -0.00000, 0.00000, -1.00000, -0.00000, -0.00000, 0.00000, -0.00000, -0.00000, 1.00000, 0.00000, 3.57000, 11.40100, 0.00000, 1.00000, },
				{ -0.00000, 0.90000, -0.00000, 0.00000, -1.00000, -0.00000, -0.00000, 0.00000, -0.00000, -0.00000, 1.00000, 0.00000, 3.57000, 14.25000, 0.00000, 1.00000, },
				{ 1.00000, 0.00000, 0.00000, 0.00000, 0.00000, 1.00000, 0.00000, 0.00000, 0.00000, 0.00000, 1.00000, 0.00000, 3.50001, 4.15007, 0.00000, 1.00000, },
				{ 1.00000, 0.00000, 0.00000, 0.00000, 0.00000, 1.00000, 0.00000, 0.00000, 0.00000, 0.00000, 1.00000, 0.00000, 0.50001, 4.15007, 0.00000, 1.00000, },
				{ 1.00000, 0.00000, 0.00000, 0.00000, 0.00000, 1.00000, 0.00000, 0.00000, 0.00000, 0.00000, 1.00000, 0.00000, 6.50001, 6.75000, 0.00000, 1.00000, },
				{ -0.00000, 1.00000, -0.00000, 0.00000, -1.00000, -0.00000, -0.00000, 0.00000, -0.00000, -0.00000, 1.00000, 0.00000, 7.85000, 8.40100, 0.00000, 1.00000, },
				{ -0.00000, 1.00000, -0.00000, 0.00000, -1.00000, -0.00000, -0.00000, 0.00000, -0.00000, -0.00000, 1.00000, 0.00000, 7.85000, 11.40100, 0.00000, 1.00000, },
				{ -0.00000, 0.90000, -0.00000, 0.00000, -1.00000, -0.00000, -0.00000, 0.00000, -0.00000, -0.00000, 1.00000, 0.00000, 7.85000, 14.25000, 0.00000, 1.00000, },
				{ -0.00000, 1.00000, -0.00000, 0.00000, -1.00000, -0.00000, -0.00000, 0.00000, -0.00000, -0.00000, 1.00000, 0.00000, -7.85000, 5.50000, 0.00000, 1.00000, },
				{ -0.00000, 1.00000, -0.00000, 0.00000, -1.00000, -0.00000, -0.00000, 0.00000, -0.00000, -0.00000, 1.00000, 0.00000, -7.85000, 8.50000, 0.00000, 1.00000, },
				{ -0.00000, 1.00000, -0.00000, 0.00000, -1.00000, -0.00000, -0.00000, 0.00000, -0.00000, -0.00000, 1.00000, 0.00000, -7.85000, 11.50000, 0.00000, 1.00000, },
				{ -0.00000, 1.00000, -0.00000, 0.00000, -1.00000, -0.00000, -0.00000, 0.00000, -0.00000, -0.00000, 1.00000, 0.00000, -7.85000, 14.50000, 0.00000, 1.00000, },
			},
			["asset/ground/garden_chair_plastic_01.mdl"] = {
				{ -0.97030, 0.24192, 0.00000, 0.00000, -0.24192, -0.97030, 0.00000, 0.00000, 0.00000, 0.00000, 1.00000, 0.00000, 5.69745, 7.85584, 0.00000, 1.00000, ignore = { 3, 50 }, },
				{ -0.87631, -0.48175, 0.00000, 0.00000, 0.48175, -0.87631, 0.00000, 0.00000, 0.00000, 0.00000, 1.00000, 0.00000, 7.31745, 7.85584, 0.00000, 1.00000, ignore = { 3, 50 }, },
			},
			["asset/ground/garden_table_round_wood_01.mdl"] = {
				{ 0.80902, -0.58779, 0.00000, 0.00000, 0.58779, 0.80902, 0.00000, 0.00000, 0.00000, 0.00000, 1.00000, 0.00000, 6.56745, 8.09584, 0.00000, 1.00000, ignore = { 3, 50 }, },
			},
			["asset/vegetation/hedge_3m.mdl"] = {
				{ -1.00000, 0.00000, 0.00000, 0.00000, -0.00000, -1.00000, -0.00000, 0.00000, 0.00000, -0.00000, 1.00000, 0.00000, -7.11056, 5.77305, 0.00000, 1.00000, },
				{ -1.00000, 0.00000, 0.00000, 0.00000, -0.00000, -1.00000, -0.00000, 0.00000, 0.00000, -0.00000, 1.00000, 0.00000, -7.11056, 8.42305, 0.00000, 1.00000, },
				{ -1.00000, 0.00000, 0.00000, 0.00000, -0.00000, -1.00000, -0.00000, 0.00000, 0.00000, -0.00000, 1.00000, 0.00000, 2.83944, 10.10305, 0.00000, 1.00000, },
				{ -1.00000, 0.00000, 0.00000, 0.00000, -0.00000, -1.00000, -0.00000, 0.00000, 0.00000, -0.00000, 1.00000, 0.00000, -7.11056, 11.32305, 0.00000, 1.00000, },
				{ -1.00000, 0.00000, 0.00000, 0.00000, -0.00000, -1.00000, -0.00000, 0.00000, 0.00000, -0.00000, 1.00000, 0.00000, 2.83944, 13.00305, 0.00000, 1.00000, },
				{ -1.00000, 0.00000, 0.00000, 0.00000, -0.00000, -1.00000, -0.00000, 0.00000, 0.00000, -0.00000, 1.00000, 0.00000, -7.11056, 14.10305, 0.00000, 1.00000, },
			},
		},
		groups = {
			["com_sunshades_modern.grp"] = {
				{ 0.54276, 0.83989, 0.00000, 0.00000, -0.83989, 0.54276, 0.00000, 0.00000, 0.00000, 0.00000, 1.00000, 0.00000, -1.30000, 12.55000, 0.00000, 1.00000, seed = 256, },
				{ -0.03713, 0.99931, 0.00000, 0.00000, -0.99931, -0.03713, 0.00000, 0.00000, 0.00000, 0.00000, 1.00000, 0.00000, -4.94000, 12.57000, 0.00000, 1.00000, seed = 256, },
				{ -0.74696, 0.66487, 0.00000, 0.00000, -0.66487, -0.74696, 0.00000, 0.00000, 0.00000, 0.00000, 1.00000, 0.00000, -4.94000, 8.23000, 0.00000, 1.00000, seed = 256, },
			},
			["era_a_com_1_asset_food_box_m.grp"] = {
				{ -0.92978, 0.36812, -0.00000, 0.00000, -0.36812, -0.92978, 0.00000, 0.00000, -0.00000, 0.00000, 1.00000, 0.00000, 4.40385, 12.78919, 0.00000, 1.00000, },
				{ -0.96858, 0.24869, -0.00000, 0.00000, -0.24869, -0.96858, 0.00000, 0.00000, -0.00000, 0.00000, 1.00000, 0.00000, 4.51555, 13.48893, 0.00000, 1.00000, },
				{ -0.91775, 0.39715, -0.00000, 0.00000, -0.39715, -0.91775, 0.00000, 0.00000, -0.00000, 0.00000, 1.00000, 0.00000, 5.35783, 13.13639, -0.00000, 1.00000, },
				{ -0.98096, 0.19423, 0.00000, 0.00000, -0.19423, -0.98096, 0.00000, 0.00000, 0.00000, 0.00000, 1.00000, 0.00000, 5.21333, 12.38423, -0.00000, 1.00000, ignore = { 4, 50 }, },
				{ -0.47255, -0.88130, 0.00000, 0.00000, 0.88130, -0.47255, 0.00000, 0.00000, 0.00000, 0.00000, 1.00000, 0.00000, 5.18070, 13.14137, 0.47000, 1.00000, ignore = { 4, 50 }, },
				{ -0.17021, -0.98541, 0.00000, 0.00000, 0.98541, -0.17021, 0.00000, 0.00000, 0.00000, 0.00000, 1.00000, 0.00000, 4.54681, 13.53660, 0.47000, 1.00000, ignore = { 4, 50 }, },
				{ 0.23853, -0.97113, -0.00000, 0.00000, 0.97113, 0.23853, -0.00000, 0.00000, 0.00000, -0.00000, 1.00000, 0.00000, 5.09692, 14.38829, -0.00000, 1.00000, ignore = { 4, 50 }, },
			},
			["era_a_com_1_asset_ground_double_bench.grp"] = {
				{ -0.00056, -1.00000, -0.00000, 0.00000, 1.00000, -0.00056, 0.00000, 0.00000, -0.00000, -0.00000, 1.00000, 0.00000, -0.31491, 12.55561, 0.00000, 1.00000, seed = 256, },
				{ 0.00056, 1.00000, 0.00000, 0.00000, -1.00000, 0.00056, 0.00000, 0.00000, 0.00000, 0.00000, 1.00000, 0.00000, -2.28507, 12.53936, 0.00000, 1.00000, seed = 256, },
				{ -0.00056, -1.00000, -0.00000, 0.00000, 1.00000, -0.00056, 0.00000, 0.00000, -0.00000, -0.00000, 1.00000, 0.00000, -3.95491, 12.57561, 0.00000, 1.00000, seed = 256, },
				{ 0.02499, 0.99969, 0.00000, 0.00000, -0.99969, 0.02499, 0.00000, 0.00000, 0.00000, 0.00000, 1.00000, 0.00000, -5.92507, 12.55936, 0.00000, 1.00000, seed = 256, },
				{ -0.00056, -1.00000, -0.00000, 0.00000, 1.00000, -0.00056, 0.00000, 0.00000, -0.00000, -0.00000, 1.00000, 0.00000, -3.95491, 8.23561, 0.00000, 1.00000, seed = 256, },
				{ 0.02499, 0.99969, 0.00000, 0.00000, -0.99969, 0.02499, 0.00000, 0.00000, 0.00000, 0.00000, 1.00000, 0.00000, -5.92507, 8.21936, 0.00000, 1.00000, seed = 256, },
			},
			["era_b_awning_shops_end.grp"] = {
				{ -1.00000, 0.00000, 0.00000, 0.00000, -0.00000, -1.00000, -0.00000, 0.00000, 0.00000, -0.00000, 1.00000, 0.00000, -0.80902, 9.23678, 2.75918, 1.00000, align = { 1.09000, 0.00000 }, seed = 256, },
			},
			["era_b_awning_shops_repeat.grp"] = {
				{ -1.00000, 0.00000, 0.00000, 0.00000, -0.00000, -1.00000, -0.00000, 0.00000, 0.00000, -0.00000, 1.00000, 0.00000, -0.80902, 9.23678, 2.75918, 1.00000, align = { 1.09000, 0.00000 }, seed = 256, },
			},
			["era_b_awning_shops_start.grp"] = {
				{ -1.00000, 0.00000, 0.00000, 0.00000, -0.00000, -1.00000, -0.00000, 0.00000, 0.00000, -0.00000, 1.00000, 0.00000, -0.80902, 9.23678, 2.75918, 1.00000, align = { 1.09000, 0.00000 }, seed = 256, },
			},
			["era_b_com_restaurant_bench_tables.grp"] = {
				{ 0.00698, 0.99998, 0.00000, 0.00000, -0.99998, 0.00698, 0.00000, 0.00000, 0.00000, 0.00000, 1.00000, 0.00000, -1.30000, 12.55000, 0.00000, 1.00000, seed = 256, },
				{ 0.00698, 0.99998, 0.00000, 0.00000, -0.99998, 0.00698, 0.00000, 0.00000, 0.00000, 0.00000, 1.00000, 0.00000, -4.94000, 12.57000, 0.00000, 1.00000, seed = 256, },
				{ 0.00698, 0.99998, 0.00000, 0.00000, -0.99998, 0.00698, 0.00000, 0.00000, 0.00000, 0.00000, 1.00000, 0.00000, -4.94000, 8.23000, 0.00000, 1.00000, seed = 256, },
			},
			["era_b_garbage_container.grp"] = {
				{ -0.02792, 0.99961, 0.00000, 0.00000, -0.99961, -0.02792, 0.00000, 0.00000, 0.00000, 0.00000, 1.00000, 0.00000, 4.69649, 10.20000, -0.00000, 1.00000, },
			},
			["era_b_neon_wall_sign_food.grp"] = {
				{ -0.00000, -0.36000, 0.00000, 0.00000, 0.36000, -0.00000, 0.00000, 0.00000, 0.00000, 0.00000, 0.36000, 0.00000, -3.24845, 4.95146, 2.17290, 1.00000, align = { 1.09000, 0.00000 }, seed = 256, },
				{ -0.00000, -0.36000, 0.00000, 0.00000, 0.36000, -0.00000, 0.00000, 0.00000, 0.00000, 0.00000, 0.36000, 0.00000, 5.91155, 4.95146, 2.17290, 1.00000, align = { 1.09000, 0.00000 }, seed = 256, },
			},
			["era_b_neon_wall_sign_food_flat.grp"] = {
				{ 0.42533, 0.00000, 0.00000, 0.00000, 0.00000, 0.42533, 0.00000, 0.00000, 0.00000, 0.00000, 0.42533, 0.00000, 0.33526, 2.36798, 1.98549, 1.00000, align = { 1.09000, 0.00000 }, seed = 256, },
				{ -0.28284, 0.00000, 0.00000, 0.00000, -0.00000, -0.28284, 0.00000, 0.00000, 0.00000, 0.00000, 0.28284, 0.00000, 0.81831, 8.66363, 1.59044, 1.00000, align = { 1.09000, 0.00000 }, seed = 256, },
			},
			["era_b_restaurant_sign_big.grp"] = {
				{ 0.49902, 0.00000, 0.00000, 0.00000, 0.00000, 0.49902, 0.00000, 0.00000, 0.00000, 0.00000, 0.49902, 0.00000, 0.34138, 2.26798, 3.04763, 1.00000, align = { 1.09000, 0.00000 }, seed = 256, },
			},
			["era_b_restaurant_wall_sign_small.grp"] = {
				{ 1.00000, 0.00000, 0.00000, 0.00000, 0.00000, 1.00000, 0.00000, 0.00000, 0.00000, 0.00000, 1.00000, 0.00000, 5.38153, 2.36798, 3.04710, 1.00000, align = { 1.09000, 0.00000 }, seed = 256, },
			},
			["random_shrub_town_fence.grp"] = {
				{ -0.00000, -1.00000, 0.00000, 0.00000, 1.00000, -0.00000, 0.00000, 0.00000, 0.00000, 0.00000, 1.00000, 0.00000, -4.18999, 15.06001, 0.00000, 1.00000, },
				{ -0.00000, -1.00000, 0.00000, 0.00000, 1.00000, -0.00000, 0.00000, 0.00000, 0.00000, 0.00000, 1.00000, 0.00000, 0.69001, 15.06001, 0.00000, 1.00000, },
				{ 1.00000, 0.00000, 0.00000, 0.00000, 0.00000, 1.00000, 0.00000, 0.00000, 0.00000, 0.00000, 1.00000, 0.00000, -2.50999, 15.06000, 0.00000, 1.00000, },
				{ 1.00000, 0.00000, 0.00000, 0.00000, 0.00000, 1.00000, 0.00000, 0.00000, 0.00000, 0.00000, 1.00000, 0.00000, 2.49001, 15.06000, 0.00000, 1.00000, },
				{ -0.00000, 1.00000, 0.00000, 0.00000, -1.00000, -0.00000, -0.00000, 0.00000, -0.00000, -0.00000, 1.00000, 0.00000, -0.44999, 15.06000, 0.00000, 1.00000, },
				{ -0.00000, 1.00000, 0.00000, 0.00000, -1.00000, -0.00000, -0.00000, 0.00000, -0.00000, -0.00000, 1.00000, 0.00000, -5.82999, 15.06000, 0.00000, 1.00000, },
			},
		},
	},
}
--End Generated

function data()
	return townbuildingutil.make_building2(
		{ { -4.60, -0.10 }, { 4.60, -0.10 }, { 4.60, 9.10 }, { -4.60, 9.10 } },
		"COMMERCIAL", 
		"B", 
		1,
		{ 2, 2 },
		generatedData,
		"construction/building/era_b/com_1_2x2_02.gtex"
	)
end
