local townbuildingutil = require "townbuildingutil"

--Model file: "building/era_b/com_3_3x3_02.mdl"

--Begin Generated
local generatedData = {
	["base"] = {
		models = {
			["building/era_b/com_3_3x3_02.mdl"] = {
				{ 1.00000, 0.00000, 0.00000, 0.00000, 0.00000, 1.00000, 0.00000, 0.00000, 0.00000, 0.00000, 1.00000, 0.00000, 0.00000, 0.73000, 0.00000, 1.00000, },
			},
		},
		curves = {
			["scaffold"] = {
				{ { 10.82983, 2.61727, 0.00000 }, { 10.82983, 2.61727, 0.00000 }, { 10.82983, 11.77730, 0.00000 }, { 10.82983, 11.77731, 0.00000 }, { 10.82983, 11.77731, 0.00000 }, { 7.68103, 11.77731, 0.00000 }, { 7.68103, 11.77731, 0.00000 }, { 7.68103, 11.77731, 0.00000 }, { 7.68103, 20.61207, 0.00000 }, { 7.68103, 20.61207, 0.00000 }, { 7.68103, 20.61207, 0.00000 }, { 3.82983, 20.61207, 0.00000 }, { 3.82983, 20.61207, 0.00000 }, { 3.82983, 20.61207, 0.00000 }, { 3.82983, 23.77730, 0.00000 }, { 3.82983, 23.77730, 0.00000 }, { 3.82983, 23.77730, 0.00000 }, { -6.81216, 23.77730, 0.00000 }, { -6.81216, 23.77730, 0.00000 }, { -6.81216, 23.77730, 0.00000 }, { -6.81216, 6.62000, 0.00000 }, { -6.81216, 6.62000, 0.00000 }, { -6.81216, 6.62000, 0.00000 }, { -1.33008, 6.62000, 0.00000 }, { -1.33008, 6.62000, 0.00000 }, { -1.33008, 6.62000, 0.00000 }, { -1.33008, 2.61727, 0.00000 }, { -1.33008, 2.61727, 0.00000 }, },
			},
			["shared/asphalt_02.gtex.lua;shared/dirt.gtex.lua"] = {
				{ { 12.00000, 0.00000, -0.04507 }, { 12.00000, 0.00000, -0.04507 }, { 12.00000, 11.68886, -0.04507 }, { 12.00000, 11.68886, -0.04507 }, { 12.00000, 11.68886, -0.04507 }, { 7.60107, 11.69838, -0.04507 }, { 7.60107, 11.69838, -0.04507 }, { 7.60107, 11.69839, -0.04507 }, { 7.60107, 20.53206, -0.04507 }, { 7.60107, 20.53206, -0.04507 }, { 7.60107, 20.53206, -0.04507 }, { 3.74988, 20.53206, -0.04507 }, { 3.74988, 20.53206, -0.04507 }, { 3.74988, 20.53206, -0.04507 }, { 3.74988, 24.00000, -0.04507 }, { 3.74988, 24.00000, -0.04507 }, { 3.74988, 24.00000, -0.04507 }, { -6.72432, 24.00000, -0.04507 }, { -6.72432, 24.00000, -0.04507 }, { -6.72432, 24.00000, -0.04507 }, { -6.72435, 6.69729, -0.04507 }, { -6.72435, 6.69729, -0.04507 }, { -6.72435, 6.69729, -0.04507 }, { -1.25009, 6.69729, -0.04507 }, { -1.25009, 6.69729, -0.04507 }, { -1.25009, 6.69728, -0.04507 }, { -1.25011, 2.69729, -0.04507 }, { -1.25011, 2.69729, -0.04507 }, { -1.25011, 2.69729, -0.04507 }, { -12.00000, 2.70000, -0.04507 }, { -12.00000, 2.70000, -0.04507 }, { -12.00000, 2.70000, -0.04507 }, { -12.00000, 0.00000, -0.04507 }, { -12.00000, 0.00000, -0.04507 }, },
			},
			["shared/asphalt_03.gtex.lua;shared/dirt.gtex.lua"] = {
				{ { 12.00000, 11.68886, -0.04507 }, { 12.00000, 11.68886, -0.04507 }, { 12.00000, 24.00000, -0.04507 }, { 12.00000, 24.00000, -0.04507 }, { 12.00000, 24.00000, -0.04507 }, { 3.74988, 24.00000, -0.04507 }, { 3.74988, 24.00000, -0.04507 }, { 3.74988, 24.00000, -0.04507 }, { 3.74988, 20.53206, -0.04507 }, { 3.74988, 20.53206, -0.04507 }, { 3.74988, 20.53206, -0.04507 }, { 7.60107, 20.53206, -0.04507 }, { 7.60107, 20.53206, -0.04507 }, { 7.60107, 20.53206, -0.04507 }, { 7.60107, 11.69839, -0.04507 }, { 7.60107, 11.69839, -0.04507 }, },
			},
			["shared/grass_cutted_01.gtex.lua"] = {
				{ { -1.25011, 2.69729, -0.04507 }, { -1.25011, 2.69729, -0.04507 }, { -1.25009, 6.69728, -0.04507 }, { -1.25009, 6.69729, -0.04507 }, { -1.25009, 6.69729, -0.04507 }, { -6.72435, 6.69729, -0.04507 }, { -6.72435, 6.69729, -0.04507 }, { -6.72435, 6.69729, -0.04507 }, { -6.72432, 24.00000, -0.04507 }, { -6.72432, 24.00000, -0.04507 }, { -6.72432, 24.00000, -0.04507 }, { -12.00000, 24.00000, -0.04507 }, { -12.00000, 24.00000, -0.04507 }, { -12.00000, 24.00000, -0.04507 }, { -12.00000, 2.70000, -0.04507 }, { -12.00000, 2.70000, -0.04507 }, },
			},
		},
	},
	["layout_1"] = {
		models = {
			["asset/commercial/all_eras/era_b_com_wall.mdl"] = {
				{ -1.00000, 0.00000, 0.00000, 0.00000, -0.00000, -1.00000, -0.00000, 0.00000, 0.00000, -0.00000, 1.00000, 0.00000, 7.50000, 11.12000, 0.00000, 1.00000, },
				{ -1.00000, 0.00000, 0.00000, 0.00000, -0.00000, -1.00000, -0.00000, 0.00000, 0.00000, -0.00000, 1.00000, 0.00000, 10.50000, 11.12000, 0.00000, 1.00000, },
				{ -1.00000, 0.00000, 0.00000, 0.00000, -0.00000, -1.00000, 0.00000, 0.00000, 0.00000, 0.00000, 1.00000, 0.00000, -10.50000, 23.85000, 0.00000, 1.00000, },
				{ -1.00000, 0.00000, 0.00000, 0.00000, -0.00000, -1.00000, 0.00000, 0.00000, 0.00000, 0.00000, 1.00000, 0.00000, -7.50000, 23.85000, 0.00000, 1.00000, },
				{ -1.00000, 0.00000, 0.00000, 0.00000, -0.00000, -1.00000, 0.00000, 0.00000, 0.00000, 0.00000, 1.00000, 0.00000, -4.50000, 23.85000, 0.00000, 1.00000, },
				{ -1.00000, 0.00000, 0.00000, 0.00000, -0.00000, -1.00000, 0.00000, 0.00000, 0.00000, 0.00000, 1.00000, 0.00000, -1.50000, 23.85000, 0.00000, 1.00000, },
				{ -1.00000, 0.00000, 0.00000, 0.00000, -0.00000, -1.00000, -0.00000, 0.00000, 0.00000, -0.00000, 1.00000, 0.00000, 1.50000, 23.85000, 0.00000, 1.00000, },
				{ -1.00000, 0.00000, 0.00000, 0.00000, -0.00000, -1.00000, -0.00000, 0.00000, 0.00000, -0.00000, 1.00000, 0.00000, 4.50000, 23.85000, 0.00000, 1.00000, },
				{ -1.00000, 0.00000, 0.00000, 0.00000, -0.00000, -1.00000, -0.00000, 0.00000, 0.00000, -0.00000, 1.00000, 0.00000, 7.50000, 23.85000, 0.00000, 1.00000, },
				{ -1.00000, 0.00000, 0.00000, 0.00000, -0.00000, -1.00000, -0.00000, 0.00000, 0.00000, -0.00000, 1.00000, 0.00000, 10.50000, 23.85000, 0.00000, 1.00000, },
				{ -0.00000, 1.00000, -0.00000, 0.00000, -1.00000, -0.00000, -0.00000, 0.00000, -0.00000, -0.00000, 1.00000, 0.00000, -11.85000, 7.19995, 0.00000, 1.00000, },
				{ -0.00000, 1.00000, -0.00000, 0.00000, -1.00000, -0.00000, -0.00000, 0.00000, -0.00000, -0.00000, 1.00000, 0.00000, -11.85000, 10.19995, 0.00000, 1.00000, },
				{ -0.00000, 1.00000, -0.00000, 0.00000, -1.00000, -0.00000, -0.00000, 0.00000, -0.00000, -0.00000, 1.00000, 0.00000, -11.85000, 13.19995, 0.00000, 1.00000, },
				{ -0.00000, 1.00000, -0.00000, 0.00000, -1.00000, -0.00000, -0.00000, 0.00000, -0.00000, -0.00000, 1.00000, 0.00000, -11.85000, 16.19995, 0.00000, 1.00000, },
				{ -0.00000, 1.00000, -0.00000, 0.00000, -1.00000, -0.00000, -0.00000, 0.00000, -0.00000, -0.00000, 1.00000, 0.00000, -11.85000, 4.19995, 0.00000, 1.00000, },
				{ -0.00000, 1.00000, -0.00000, 0.00000, -1.00000, -0.00000, -0.00000, 0.00000, -0.00000, -0.00000, 1.00000, 0.00000, -11.84999, 19.19995, 0.00000, 1.00000, },
				{ -0.00000, 1.00000, -0.00000, 0.00000, -1.00000, -0.00000, -0.00000, 0.00000, -0.00000, -0.00000, 1.00000, 0.00000, -11.84999, 22.19995, 0.00000, 1.00000, },
			},
			["asset/ground/garden_chair_plastic_01.mdl"] = {
				{ -0.91914, 0.39394, 0.00000, 0.00000, -0.39394, -0.91914, 0.00000, 0.00000, 0.00000, 0.00000, 1.00000, 0.00000, -1.81175, 22.86771, 25.59901, 1.00000, align = { 0.00000, 0.73000 }, ignore = { 4, 30 }, },
				{ -0.78801, -0.61566, -0.00000, 0.00000, 0.61566, -0.78801, -0.00000, 0.00000, -0.00000, -0.00000, 1.00000, 0.00000, -0.34302, 22.70064, 22.59901, 1.00000, align = { 0.00000, 0.73000 }, ignore = { 5, 30 }, },
				{ -0.95931, 0.28234, 0.00000, 0.00000, -0.28234, -0.95931, 0.00000, 0.00000, 0.00000, 0.00000, 1.00000, 0.00000, -1.65664, 22.81825, 10.59901, 1.00000, align = { 0.00000, 0.73000 }, ignore = { 6, 30 }, },
				{ -0.87462, -0.48481, -0.00000, 0.00000, 0.48481, -0.87462, -0.00000, 0.00000, -0.00000, -0.00000, 1.00000, 0.00000, -0.48664, 22.81825, 10.59901, 1.00000, align = { 0.00000, 0.73000 }, ignore = { 7, 30 }, },
				{ -0.33874, 0.94088, 0.00000, 0.00000, -0.94088, -0.33874, 0.00000, 0.00000, 0.00000, 0.00000, 1.00000, 0.00000, 6.50036, 13.99336, 22.59999, 1.00000, align = { 0.00000, 0.73000 }, ignore = { 15, 30 }, },
				{ -0.36812, 0.92978, 0.00000, 0.00000, -0.92978, -0.36812, 0.00000, 0.00000, 0.00000, 0.00000, 1.00000, 0.00000, 6.66341, 13.80262, 16.59999, 1.00000, align = { 0.00000, 0.73000 }, ignore = { 16, 30 }, },
				{ 0.65077, 0.75927, 0.00000, 0.00000, -0.75927, 0.65077, 0.00000, 0.00000, 0.00000, 0.00000, 1.00000, 0.00000, 6.64357, 15.31538, 16.59999, 1.00000, align = { 0.00000, 0.73000 }, ignore = { 17, 30 }, },
				{ -0.47562, 0.87965, 0.00000, 0.00000, -0.87965, -0.47562, 0.00000, 0.00000, 0.00000, 0.00000, 1.00000, 0.00000, 6.62218, 13.64845, 34.59901, 1.00000, align = { 0.00000, 0.73000 }, ignore = { 18, 30 }, },
				{ 0.21132, 0.97742, 0.00000, 0.00000, -0.97742, 0.21132, 0.00000, 0.00000, 0.00000, 0.00000, 1.00000, 0.00000, 6.61157, 14.55450, 34.59901, 1.00000, align = { 0.00000, 0.73000 }, ignore = { 19, 30 }, },
				{ 0.36162, 0.93232, 0.00000, 0.00000, -0.93232, 0.36162, 0.00000, 0.00000, 0.00000, 0.00000, 1.00000, 0.00000, 6.62889, 15.37269, 22.59901, 1.00000, align = { 0.00000, 0.73000 }, ignore = { 20, 30 }, },
				{ -0.66131, 0.75011, 0.00000, 0.00000, -0.75011, -0.66131, 0.00000, 0.00000, 0.00000, 0.00000, 1.00000, 0.00000, 6.64979, 14.63283, 37.59901, 1.00000, align = { 0.00000, 0.73000 }, ignore = { 21, 30 }, },
				{ 0.39394, 0.91914, 0.00000, 0.00000, -0.91914, 0.39394, 0.00000, 0.00000, 0.00000, 0.00000, 1.00000, 0.00000, 6.68842, 15.78812, 28.59901, 1.00000, align = { 0.00000, 0.73000 }, ignore = { 22, 30 }, },
			},
			["asset/industry/cardboard_box_01.mdl"] = {
				{ 0.99396, -0.10973, -0.00000, 0.00000, 0.10973, 0.99396, 0.00000, 0.00000, 0.00000, -0.00000, 1.00000, 0.00000, 7.96933, 15.77800, 0.00000, 1.00000, ignore = { 2, 50 }, },
				{ 0.99692, 0.07846, -0.00000, 0.00000, -0.07846, 0.99692, 0.00000, 0.00000, 0.00000, -0.00000, 1.00000, 0.00000, 8.67767, 16.11080, 0.00000, 1.00000, ignore = { 2, 50 }, },
				{ 0.39875, 0.91706, -0.00000, 0.00000, -0.91706, 0.39875, 0.00000, 0.00000, 0.00000, -0.00000, 1.00000, 0.00000, 9.78911, 17.38402, 0.00000, 1.00000, ignore = { 2, 50 }, },
				{ 0.98953, -0.14436, -0.00000, 0.00000, 0.14436, 0.98953, 0.00000, 0.00000, 0.00000, -0.00000, 1.00000, 0.00000, 8.65422, 15.15108, -0.00000, 1.00000, ignore = { 2, 50 }, },
				{ 0.15643, 0.98769, 0.00000, 0.00000, -0.98769, 0.15643, -0.00000, 0.00000, -0.00000, -0.00000, 1.00000, 0.00000, 8.31639, 15.89533, 0.50694, 1.00000, ignore = { 2, 50 }, },
				{ -0.05931, 0.99824, -0.00000, 0.00000, -0.99824, -0.05931, 0.00000, 0.00000, -0.00000, 0.00000, 1.00000, 0.00000, 8.16933, 15.19871, 0.50694, 1.00000, ignore = { 2, 50 }, },
			},
		},
		groups = {
			["era_a_garden_chair.grp"] = {
				{ -0.92388, 0.38268, 0.00000, 0.00000, -0.38268, -0.92388, -0.00000, 0.00000, 0.00000, -0.00000, 1.00000, 0.00000, -1.27436, 22.53706, 19.59901, 1.00000, align = { 0.00000, 0.73000 }, seed = 456, ignore = { 8, 20 }, },
				{ -0.49546, -0.86863, -0.00000, 0.00000, 0.86863, -0.49546, 0.00000, 0.00000, -0.00000, 0.00000, 1.00000, 0.00000, -0.34120, 22.86784, 19.59901, 1.00000, align = { 0.00000, 0.73000 }, seed = 456, ignore = { 9, 20 }, },
				{ -0.97196, -0.23514, 0.00000, 0.00000, 0.23514, -0.97196, -0.00000, 0.00000, 0.00000, -0.00000, 1.00000, 0.00000, -0.22545, 22.73833, 7.59901, 1.00000, align = { 0.00000, 0.73000 }, seed = 456, ignore = { 10, 20 }, },
				{ -0.95424, 0.29904, 0.00000, 0.00000, -0.29904, -0.95424, 0.00000, 0.00000, 0.00000, 0.00000, 1.00000, 0.00000, -1.85865, 22.64494, 7.59901, 1.00000, align = { 0.00000, 0.73000 }, seed = 456, ignore = { 11, 20 }, },
				{ -0.99588, 0.09063, 0.00000, 0.00000, -0.09063, -0.99588, 0.00000, 0.00000, 0.00000, 0.00000, 1.00000, 0.00000, 6.66463, 13.44410, 31.59901, 1.00000, align = { 0.00000, 0.73000 }, seed = 456, ignore = { 23, 20 }, },
				{ 0.97667, -0.21474, -0.00000, 0.00000, 0.21474, 0.97667, 0.00000, 0.00000, -0.00000, -0.00000, 1.00000, 0.00000, 6.85030, 14.68027, 31.59901, 1.00000, align = { 0.00000, 0.73000 }, seed = 456, ignore = { 24, 20 }, },
				{ -0.80902, 0.58779, 0.00000, 0.00000, -0.58779, -0.80902, 0.00000, 0.00000, 0.00000, 0.00000, 1.00000, 0.00000, 6.33714, 13.58945, 25.59901, 1.00000, align = { 0.00000, 0.73000 }, seed = 456, ignore = { 25, 20 }, },
				{ -0.58779, -0.80902, 0.00000, 0.00000, 0.80902, -0.58779, 0.00000, 0.00000, 0.00000, 0.00000, 1.00000, 0.00000, 7.23340, 13.57161, 25.59901, 1.00000, align = { 0.00000, 0.73000 }, seed = 456, ignore = { 26, 20 }, },
				{ 0.72897, -0.68455, -0.00000, 0.00000, 0.68455, 0.72897, 0.00000, 0.00000, -0.00000, -0.00000, 1.00000, 0.00000, 7.12960, 14.55620, 25.59901, 1.00000, align = { 0.00000, 0.73000 }, seed = 456, ignore = { 27, 20 }, },
				{ -0.92849, 0.37137, 0.00000, 0.00000, -0.37137, -0.92849, 0.00000, 0.00000, 0.00000, 0.00000, 1.00000, 0.00000, 6.42663, 14.88664, 10.59999, 1.00000, align = { 0.00000, 0.73000 }, seed = 456, ignore = { 28, 20 }, },
				{ 0.87462, -0.48481, -0.00000, 0.00000, 0.48481, 0.87462, 0.00000, 0.00000, -0.00000, -0.00000, 1.00000, 0.00000, 6.95773, 16.01825, 10.59999, 1.00000, align = { 0.00000, 0.73000 }, seed = 456, ignore = { 29, 20 }, },
			},
			["era_b_advertisement.grp"] = {
				{ 1.00000, 0.00000, 0.00000, 0.00000, 0.00000, 1.00000, 0.00000, 0.00000, 0.00000, 0.00000, 1.00000, 0.00000, 7.78637, 3.16054, 10.57901, 1.00000, align = { 0.00000, 0.73000 }, seed = 128, },
			},
			["era_b_awning_hotel_end.grp"] = {
				{ 0.98000, 0.00000, 0.00000, 0.00000, 0.00000, 1.00000, 0.00000, 0.00000, 0.00000, 0.00000, 1.00000, 0.00000, 9.15990, 2.68656, 3.82810, 1.00000, align = { 0.00000, 0.73000 }, seed = 128, },
			},
			["era_b_awning_hotel_repeat.grp"] = {
				{ 0.98000, 0.00000, 0.00000, 0.00000, 0.00000, 1.00000, 0.00000, 0.00000, 0.00000, 0.00000, 1.00000, 0.00000, 6.21990, 2.68656, 3.82810, 1.00000, align = { 0.00000, 0.73000 }, seed = 128, },
				{ 0.98000, 0.00000, 0.00000, 0.00000, 0.00000, 1.00000, 0.00000, 0.00000, 0.00000, 0.00000, 1.00000, 0.00000, 9.15989, 2.68656, 3.82810, 1.00000, align = { 0.00000, 0.73000 }, seed = 128, },
				{ 0.98000, 0.00000, 0.00000, 0.00000, 0.00000, 1.00000, 0.00000, 0.00000, 0.00000, 0.00000, 1.00000, 0.00000, 3.27989, 2.68656, 3.82810, 1.00000, align = { 0.00000, 0.73000 }, seed = 128, },
				{ 0.98000, 0.00000, 0.00000, 0.00000, 0.00000, 1.00000, 0.00000, 0.00000, 0.00000, 0.00000, 1.00000, 0.00000, 0.33989, 2.68656, 3.82810, 1.00000, align = { 0.00000, 0.73000 }, seed = 128, },
			},
			["era_b_awning_hotel_start.grp"] = {
				{ 0.98000, 0.00000, 0.00000, 0.00000, 0.00000, 1.00000, 0.00000, 0.00000, 0.00000, 0.00000, 1.00000, 0.00000, 0.33990, 2.68656, 3.82810, 1.00000, align = { 0.00000, 0.73000 }, seed = 128, },
			},
			["era_b_garbage_container.grp"] = {
				{ -0.00349, 0.99999, -0.00000, 0.00000, -0.99999, -0.00349, 0.00000, 0.00000, -0.00000, 0.00000, 1.00000, 0.00000, 8.33653, 12.99821, -0.00000, 1.00000, },
				{ -0.00524, 0.99999, -0.00000, 0.00000, -0.99999, -0.00524, 0.00000, 0.00000, -0.00000, 0.00000, 1.00000, 0.00000, 4.64924, 22.01232, 0.00000, 1.00000, },
			},
			["era_b_hotel_sign_big.grp"] = {
				{ 1.19180, 0.00000, 0.00000, 0.00000, 0.00000, 1.19180, 0.00000, 0.00000, 0.00000, 0.00000, 1.19180, 0.00000, 4.76105, 2.69729, 4.57554, 1.00000, align = { 0.00000, 0.73000 }, seed = 128, },
			},
			["era_b_hotel_sign_small.grp"] = {
				{ -0.00000, 1.00500, 0.00000, 0.00000, -1.00500, -0.00000, 0.00000, 0.00000, 0.00000, 0.00000, 1.00500, 0.00000, 8.60072, 5.58358, 4.57145, 1.00000, align = { 0.00000, 0.73000 }, seed = 128, },
				{ 0.70686, 0.00000, 0.00000, 0.00000, 0.00000, 0.70686, 0.00000, 0.00000, 0.00000, 0.00000, 0.70686, 0.00000, -3.98718, 6.68728, 3.60000, 1.00000, align = { 0.00000, 0.73000 }, seed = 128, },
				{ -0.00000, -0.70686, 0.00000, 0.00000, 0.70686, -0.00000, 0.00000, 0.00000, 0.00000, 0.00000, 0.70686, 0.00000, -6.73430, 9.50355, 3.60000, 1.00000, align = { 0.00000, 0.73000 }, seed = 128, },
				{ -0.00000, -0.70686, 0.00000, 0.00000, 0.70686, -0.00000, 0.00000, 0.00000, 0.00000, 0.00000, 0.70686, 0.00000, -1.26006, 4.70331, 3.60000, 1.00000, align = { 0.00000, 0.73000 }, seed = 128, },
				{ 0.00000, 0.70686, 0.00000, 0.00000, -0.70686, 0.00000, 0.00000, 0.00000, 0.00000, 0.00000, 0.70686, 0.00000, 10.75992, 4.66541, 3.60000, 1.00000, align = { 0.00000, 0.73000 }, seed = 128, },
				{ 0.00000, 0.70686, 0.00000, 0.00000, -0.70686, 0.00000, 0.00000, 0.00000, 0.00000, 0.00000, 0.70686, 0.00000, 10.75992, 7.66541, 3.60000, 1.00000, align = { 0.00000, 0.73000 }, seed = 128, },
				{ 0.90000, 0.00000, 0.00000, 0.00000, 0.00000, 0.90000, 0.00000, 0.00000, 0.00000, 0.00000, 0.90000, 0.00000, 4.16632, 4.07863, 4.00000, 1.00000, align = { 0.00000, 0.73000 }, seed = 128, },
				{ -0.00000, 0.90000, 0.00000, 0.00000, -0.90000, -0.00000, 0.00000, 0.00000, 0.00000, 0.00000, 0.90000, 0.00000, 6.41602, 6.41878, 4.00000, 1.00000, align = { 0.00000, 0.73000 }, seed = 128, },
			},
			["era_b_hotel_wall_sign_01.grp"] = {
				{ -0.00000, 1.00000, 0.00000, 0.00000, -1.00000, -0.00000, 0.00000, 0.00000, 0.00000, 0.00000, 1.00000, 0.00000, 10.74988, 11.05160, 7.80000, 1.00000, align = { 0.00000, 0.73000 }, seed = 128, },
				{ 1.00000, 0.00000, 0.00000, 0.00000, 0.00000, 1.00000, 0.00000, 0.00000, 0.00000, 0.00000, 1.00000, 0.00000, 10.18830, 2.69729, 7.80000, 1.00000, align = { 0.00000, 0.73000 }, seed = 128, },
			},
			["era_b_hotel_wall_sign_02.grp"] = {
				{ 1.35000, 0.00000, 0.00000, 0.00000, 0.00000, 1.35000, 0.00000, 0.00000, 0.00000, 0.00000, 1.35000, 0.00000, 3.08920, 6.69729, 20.39894, 1.00000, align = { 0.00000, 0.73000 }, seed = 128, },
				{ -0.00000, -1.35000, 0.00000, 0.00000, 1.35000, -0.00000, 0.00000, 0.00000, 0.00000, 0.00000, 1.35000, 0.00000, -6.72437, 14.99279, 16.04831, 1.00000, align = { 0.00000, 0.73000 }, seed = 128, },
			},
			["era_b_sunshade_small.grp"] = {
				{ 0.75011, -0.66131, -0.00000, 0.00000, 0.66131, 0.75011, 0.00000, 0.00000, 0.00000, -0.00000, 1.00000, 0.00000, -2.58306, 22.97412, 4.59901, 1.00000, align = { 0.00000, 0.73000 }, ignore = { 3, 50 }, },
				{ 0.91355, 0.40674, -0.00000, 0.00000, -0.40674, 0.91355, 0.00000, 0.00000, 0.00000, -0.00000, 1.00000, 0.00000, -1.08782, 23.00375, 25.59901, 1.00000, align = { 0.00000, 0.73000 }, ignore = { 12, 50 }, },
				{ 0.85355, 0.52101, -0.00000, 0.00000, -0.52101, 0.85355, 0.00000, 0.00000, 0.00000, -0.00000, 1.00000, 0.00000, -0.99643, 23.07207, 10.59901, 1.00000, align = { 0.00000, 0.73000 }, ignore = { 13, 50 }, },
				{ 0.49906, -0.68188, -0.00000, 0.00000, 0.68188, 0.49906, 0.00000, 0.00000, 0.00000, -0.00000, 0.84500, 0.00000, -2.54104, 23.12956, 16.59901, 1.00000, align = { 0.00000, 0.73000 }, ignore = { 14, 50 }, },
				{ 0.18738, -0.98229, 0.00000, 0.00000, 0.98229, 0.18738, 0.00000, 0.00000, 0.00000, 0.00000, 1.00000, 0.00000, 6.95012, 14.58483, 22.59999, 1.00000, align = { 0.00000, 0.73000 }, ignore = { 30, 50 }, },
				{ 0.13960, -0.73180, 0.00000, 0.00000, 0.73180, 0.13960, 0.00000, 0.00000, 0.00000, 0.00000, 0.74500, 0.00000, 6.72443, 13.98546, 31.87398, 1.00000, align = { 0.00000, 0.73000 }, ignore = { 31, 50 }, },
				{ 0.40963, -0.68717, 0.00000, 0.00000, 0.68717, 0.40963, 0.00000, 0.00000, 0.00000, 0.00000, 0.80000, 0.00000, 7.08673, 15.06292, 4.59901, 1.00000, align = { 0.00000, 0.73000 }, ignore = { 32, 50 }, },
				{ -0.36488, -0.93106, 0.00000, 0.00000, 0.93106, -0.36488, 0.00000, 0.00000, 0.00000, 0.00000, 1.00000, 0.00000, 7.03270, 14.53405, 16.59999, 1.00000, align = { 0.00000, 0.73000 }, ignore = { 33, 50 }, },
				{ 0.37874, -0.74977, 0.00000, 0.00000, 0.74977, 0.37874, 0.00000, 0.00000, 0.00000, 0.00000, 0.84000, 0.00000, 6.73758, 15.26349, 37.59901, 1.00000, align = { 0.00000, 0.73000 }, ignore = { 34, 50 }, },
			},
			["garden_table_round.grp"] = {
				{ 0.89649, -0.44307, -0.00000, 0.00000, 0.44307, 0.89649, 0.00000, 0.00000, 0.00000, -0.00000, 1.00000, 0.00000, -0.89702, 23.14255, 19.59901, 1.00000, align = { 0.00000, 0.73000 }, seed = 456, },
				{ -0.97113, 0.23853, 0.00000, 0.00000, -0.23853, -0.97113, 0.00000, 0.00000, 0.00000, 0.00000, 1.00000, 0.00000, -1.08205, 22.80553, 7.59901, 1.00000, align = { 0.00000, 0.73000 }, seed = 456, },
				{ 0.15643, 0.98769, 0.00000, 0.00000, -0.98769, 0.15643, 0.00000, 0.00000, 0.00000, 0.00000, 1.00000, 0.00000, 6.75331, 14.06791, 31.59901, 1.00000, align = { 0.00000, 0.73000 }, seed = 456, },
				{ 0.64011, 0.76828, 0.00000, 0.00000, -0.76828, 0.64011, 0.00000, 0.00000, 0.00000, 0.00000, 1.00000, 0.00000, 6.73273, 14.07987, 25.59901, 1.00000, align = { 0.00000, 0.73000 }, seed = 456, },
				{ 0.43209, 0.90183, 0.00000, 0.00000, -0.90183, 0.43209, 0.00000, 0.00000, 0.00000, 0.00000, 1.00000, 0.00000, 6.68983, 15.45911, 10.59999, 1.00000, align = { 0.00000, 0.73000 }, seed = 456, },
			},
			["random_shrub_town.grp"] = {
				{ -0.42516, 0.55609, 0.00000, 0.00000, -0.55609, -0.42516, 0.00000, 0.00000, 0.00000, 0.00000, 0.70000, 0.00000, -5.85865, 4.51117, 0.00000, 1.00000, },
				{ -0.67709, 0.17763, 0.00000, 0.00000, -0.17763, -0.67709, -0.00000, 0.00000, 0.00000, -0.00000, 0.70000, 0.00000, -4.39302, 4.38414, 0.00000, 1.00000, },
				{ 0.70000, 0.00122, 0.00000, 0.00000, -0.00122, 0.70000, 0.00000, 0.00000, 0.00000, 0.00000, 0.70000, 0.00000, -7.36833, 4.65468, 0.00000, 1.00000, },
				{ -0.34043, -0.61164, 0.00000, 0.00000, 0.61164, -0.34043, 0.00000, 0.00000, 0.00000, 0.00000, 0.70000, 0.00000, -2.86833, 4.65468, 0.00000, 1.00000, },
			},
			["random_shrub_town_fence.grp"] = {
				{ -0.00000, -1.00000, 0.00000, 0.00000, 1.00000, -0.00000, 0.00000, 0.00000, 0.00000, 0.00000, 1.00000, 0.00000, -10.79999, 22.81001, 0.00000, 1.00000, },
				{ 1.00000, 0.00000, 0.00000, 0.00000, 0.00000, 1.00000, 0.00000, 0.00000, 0.00000, 0.00000, 1.00000, 0.00000, -8.99999, 22.81000, 0.00000, 1.00000, },
				{ -0.00000, 1.00000, 0.00000, 0.00000, -1.00000, -0.00000, -0.00000, 0.00000, -0.00000, -0.00000, 1.00000, 0.00000, -7.49999, 22.81000, 0.00000, 1.00000, },
				{ -0.00000, -1.00000, 0.00000, 0.00000, 1.00000, -0.00000, 0.00000, 0.00000, 0.00000, 0.00000, 1.00000, 0.00000, -10.64999, 6.68000, 0.00000, 1.00000, },
				{ 1.00000, -0.00000, 0.00000, 0.00000, 0.00000, 1.00000, 0.00000, 0.00000, 0.00000, 0.00000, 1.00000, 0.00000, -10.64999, 7.95000, 0.00000, 1.00000, },
				{ -0.00000, 1.00000, 0.00000, 0.00000, -1.00000, -0.00000, 0.00000, 0.00000, 0.00000, 0.00000, 1.00000, 0.00000, -10.64999, 9.45000, 0.00000, 1.00000, },
				{ -1.00000, 0.00000, -0.00000, 0.00000, -0.00000, -1.00000, 0.00000, 0.00000, -0.00000, 0.00000, 1.00000, 0.00000, -10.64999, 10.95000, 0.00000, 1.00000, },
				{ -0.00000, -1.00000, 0.00000, 0.00000, 1.00000, -0.00000, 0.00000, 0.00000, 0.00000, 0.00000, 1.00000, 0.00000, -10.64999, 12.45000, 0.00000, 1.00000, },
				{ 1.00000, -0.00000, 0.00000, 0.00000, 0.00000, 1.00000, 0.00000, 0.00000, 0.00000, 0.00000, 1.00000, 0.00000, -10.64999, 13.95000, 0.00000, 1.00000, },
				{ -0.00000, 1.00000, 0.00000, 0.00000, -1.00000, -0.00000, 0.00000, 0.00000, 0.00000, 0.00000, 1.00000, 0.00000, -10.64999, 15.45000, 0.00000, 1.00000, },
				{ -1.00000, 0.00000, -0.00000, 0.00000, -0.00000, -1.00000, 0.00000, 0.00000, -0.00000, 0.00000, 1.00000, 0.00000, -10.64999, 16.95000, 0.00000, 1.00000, },
				{ -0.00000, -1.00000, 0.00000, 0.00000, 1.00000, -0.00000, 0.00000, 0.00000, 0.00000, 0.00000, 1.00000, 0.00000, -10.64999, 18.45000, 0.00000, 1.00000, },
				{ 1.00000, -0.00000, 0.00000, 0.00000, 0.00000, 1.00000, 0.00000, 0.00000, 0.00000, 0.00000, 1.00000, 0.00000, -10.64999, 19.95000, 0.00000, 1.00000, },
				{ -0.00000, 1.00000, 0.00000, 0.00000, -1.00000, -0.00000, 0.00000, 0.00000, 0.00000, 0.00000, 1.00000, 0.00000, -10.64999, 21.45000, 0.00000, 1.00000, },
				{ 1.00000, -0.00000, 0.00000, 0.00000, 0.00000, 1.00000, 0.00000, 0.00000, 0.00000, 0.00000, 1.00000, 0.00000, -10.64999, 3.65000, 0.00000, 1.00000, },
				{ -0.00000, 1.00000, 0.00000, 0.00000, -1.00000, -0.00000, 0.00000, 0.00000, 0.00000, 0.00000, 1.00000, 0.00000, -10.64999, 5.15000, 0.00000, 1.00000, },
			},
		},
	},
}
--End Generated

function data()
	return townbuildingutil.make_building2(
		{ { -4.60, -0.10 }, { 4.60, -0.10 }, { 4.60, 9.10 }, { -4.60, 9.10 } },
		"COMMERCIAL", 
		"B", 
		3,
		{ 3, 3 },
		generatedData,
		"construction/building/era_b/com_3_3x3_02.gtex"
	)
end
