local townbuildingutil = require "townbuildingutil"

--Model file: "building/era_b/com_2_4x4_03.mdl"

--Begin Generated
local generatedData = {
	["base"] = {
		models = {
			["building/era_b/com_2_4x4_03.mdl"] = {
				{ 1.00000, 0.00000, 0.00000, 0.00000, 0.00000, 1.00000, 0.00000, 0.00000, 0.00000, 0.00000, 1.00000, 0.00000, 1.70000, 3.50000, 0.00000, 1.00000, },
			},
		},
		curves = {
			["scaffold"] = {
				{ { 11.44012, 6.44657, 0.00000 }, { 11.44012, 6.44657, 0.00000 }, { 11.44031, 10.13837, 0.00000 }, { 11.44031, 10.13837, 0.00000 }, { 11.44031, 10.13837, 0.00000 }, { 12.59949, 10.13837, 0.00000 }, { 12.59949, 10.13837, 0.00000 }, { 12.59949, 10.13837, 0.00000 }, { 12.59949, 14.32745, 0.00000 }, { 12.59949, 14.32745, 0.00000 }, { 12.59949, 14.32745, 0.00000 }, { 11.44061, 14.32745, 0.00000 }, { 11.44061, 14.32745, 0.00000 }, { 11.44061, 14.32745, 0.00000 }, { 11.44049, 19.93130, 0.00000 }, { 11.44049, 19.93130, 0.00000 }, { 11.44049, 19.93130, 0.00000 }, { 0.21783, 19.93130, 0.00000 }, { 0.21783, 19.93130, 0.00000 }, { 0.21783, 19.93130, 0.00000 }, { 0.21783, 22.93802, 0.00000 }, { 0.21783, 22.93802, 0.00000 }, { 0.21783, 22.93802, 0.00000 }, { -11.84332, 22.93808, 0.00000 }, { -11.84332, 22.93808, 0.00000 }, { -11.84332, 22.93808, 0.00000 }, { -11.84332, 14.27000, 0.00000 }, { -11.84332, 14.27000, 0.00000 }, { -11.84332, 14.27000, 0.00000 }, { -12.88092, 14.27000, 0.00000 }, { -12.88092, 14.27000, 0.00000 }, { -12.88092, 14.27000, 0.00000 }, { -12.88092, 10.09000, 0.00000 }, { -12.88092, 10.09000, 0.00000 }, { -12.88092, 10.09000, 0.00000 }, { -11.83716, 10.09000, 0.00000 }, { -11.83716, 10.09000, 0.00000 }, { -11.83716, 10.09000, 0.00000 }, { -11.84387, 6.44651, 0.00000 }, { -11.84387, 6.44651, 0.00000 }, },
			},
			["shared/asphalt_02.gtex.lua;shared/dirt.gtex.lua"] = {
				{ { 5.50000, 28.50000, 0.00000 }, { 5.50000, 28.50000, 0.00000 }, { 5.50000, 32.00000, 0.00000 }, { 5.50000, 32.00000, 0.00000 }, { 5.50000, 32.00000, 0.00000 }, { -16.00000, 32.00000, 0.00000 }, { -16.00000, 32.00000, 0.00000 }, { -16.00000, 32.00000, 0.00000 }, { -16.00000, 28.50000, 0.00000 }, { -16.00000, 28.50000, 0.00000 }, },
				{ { 16.00000, 0.00000, 0.00000 }, { 16.00000, 0.00000, 0.00000 }, { 16.00000, 32.00000, 0.00000 }, { 16.00000, 32.00000, 0.00000 }, { 16.00000, 32.00000, 0.00000 }, { 5.50000, 32.00000, 0.00000 }, { 5.50000, 32.00000, 0.00000 }, { 5.50000, 32.00000, 0.00000 }, { 5.50000, 20.00000, 0.00000 }, { 5.50000, 20.00000, 0.00000 }, { 5.50000, 20.00000, 0.00000 }, { -0.18207, 20.00000, 0.00000 }, { -0.18207, 20.00000, 0.00000 }, { -0.18207, 20.00000, 0.00000 }, { -0.18207, 22.53809, 0.00000 }, { -0.18207, 22.53809, 0.00000 }, { -0.18207, 22.53809, 0.00000 }, { -11.44379, 22.53809, 0.00000 }, { -11.44379, 22.53809, 0.00000 }, { -11.44379, 22.53809, 0.00000 }, { -11.44366, 14.18457, 0.00000 }, { -11.44366, 14.18457, 0.00000 }, { -11.44366, 14.18457, 0.00000 }, { -12.08063, 14.18457, 0.00000 }, { -12.08063, 14.18457, 0.00000 }, { -12.08063, 14.18457, 0.00000 }, { -12.08063, 10.18457, 0.00000 }, { -12.08063, 10.18457, 0.00000 }, { -12.08063, 10.18457, 0.00000 }, { -16.00000, 10.18457, 0.00000 }, { -16.00000, 10.18457, 0.00000 }, { -16.00000, 10.18457, 0.00000 }, { -16.00000, 0.00000, 0.00000 }, { -16.00000, 0.00000, 0.00000 }, },
			},
			["shared/asphalt_03.gtex.lua;shared/dirt.gtex.lua"] = {
				{ { 5.50000, 20.00000, 0.00000 }, { 5.50000, 20.00000, 0.00000 }, { 5.50000, 28.50000, 0.00000 }, { 5.50000, 28.50000, 0.00000 }, { 5.50000, 28.50000, 0.00000 }, { -0.18207, 28.50000, 0.00000 }, { -0.18207, 28.50000, 0.00000 }, { -0.18207, 28.50000, 0.00000 }, { -0.18207, 20.00000, 0.00000 }, { -0.18207, 20.00000, 0.00000 }, },
			},
			["shared/grass_cutted_01.gtex.lua"] = {
				{ { -0.18207, 22.53809, 0.00000 }, { -0.18207, 22.53809, 0.00000 }, { -0.18207, 28.50000, 0.00000 }, { -0.18207, 28.50000, 0.00000 }, { -0.18207, 28.50000, 0.00000 }, { -16.00000, 28.50000, 0.00000 }, { -16.00000, 28.50000, 0.00000 }, { -16.00000, 28.49999, 0.00000 }, { -16.00000, 10.18457, 0.00000 }, { -16.00000, 10.18457, 0.00000 }, { -16.00000, 10.18457, 0.00000 }, { -12.08063, 10.18457, 0.00000 }, { -12.08063, 10.18457, 0.00000 }, { -12.08063, 10.18457, 0.00000 }, { -12.08063, 14.18457, 0.00000 }, { -12.08063, 14.18457, 0.00000 }, { -12.08063, 14.18457, 0.00000 }, { -11.44366, 14.18457, 0.00000 }, { -11.44366, 14.18457, 0.00000 }, { -11.44366, 14.18457, 0.00000 }, { -11.44379, 22.53808, 0.00000 }, { -11.44379, 22.53809, 0.00000 }, { -11.44379, 22.53809, 0.00000 }, { -14.50000, 22.50000, 0.00000 }, { -14.50000, 22.50000, 0.00000 }, { -14.50000, 22.50000, 0.00000 }, { -14.50000, 27.00000, 0.00000 }, { -14.50000, 27.00000, 0.00000 }, { -14.50000, 27.00000, 0.00000 }, { -1.50000, 27.00000, 0.00000 }, { -1.50000, 27.00000, 0.00000 }, { -1.50000, 27.00000, 0.00000 }, { -1.50000, 22.50000, 0.00000 }, { -1.50000, 22.50000, 0.00000 }, },
			},
			["shared/gravel_02.gtex.lua"] = {
				{ { -1.50000, 22.50000, 0.00000 }, { -1.50000, 22.50000, 0.00000 }, { -1.50000, 27.00000, 0.00000 }, { -1.50000, 27.00000, 0.00000 }, { -1.50000, 27.00000, 0.00000 }, { -14.50000, 27.00000, 0.00000 }, { -14.50000, 27.00000, 0.00000 }, { -14.50000, 27.00000, 0.00000 }, { -14.50000, 22.53809, 0.00000 }, { -14.50000, 22.53809, 0.00000 }, },
			},
		},
	},
	["layout_1"] = {
		models = {
			["asset/commercial/all_eras/era_b_com_wall.mdl"] = {
				{ -0.00000, -1.00000, 0.00000, 0.00000, 1.00000, -0.00000, 0.00000, 0.00000, 0.00000, 0.00000, 1.00000, 0.00000, -15.85000, 18.19500, 0.00000, 1.00000, },
				{ -0.00000, -1.00000, 0.00000, 0.00000, 1.00000, -0.00000, 0.00000, 0.00000, 0.00000, 0.00000, 1.00000, 0.00000, 5.35000, 18.19500, 0.00000, 1.00000, },
				{ -0.00000, -1.00000, 0.00000, 0.00000, 1.00000, -0.00000, 0.00000, 0.00000, 0.00000, 0.00000, 1.00000, 0.00000, 5.35000, 18.19500, 1.66000, 1.00000, },
				{ -0.00000, -1.00000, 0.00000, 0.00000, 1.00000, -0.00000, 0.00000, 0.00000, 0.00000, 0.00000, 1.00000, 0.00000, -15.85000, 21.19500, 0.00000, 1.00000, },
				{ -0.00000, -1.00000, 0.00000, 0.00000, 1.00000, -0.00000, 0.00000, 0.00000, 0.00000, 0.00000, 1.00000, 0.00000, 5.35000, 21.19500, 0.00000, 1.00000, },
				{ -0.00000, -1.00000, 0.00000, 0.00000, 1.00000, -0.00000, 0.00000, 0.00000, 0.00000, 0.00000, 1.00000, 0.00000, 5.35000, 21.19500, 1.66000, 1.00000, },
				{ -0.00000, -1.00000, 0.00000, 0.00000, 1.00000, -0.00000, 0.00000, 0.00000, 0.00000, 0.00000, 1.00000, 0.00000, -15.85000, 24.19500, 0.00000, 1.00000, },
				{ -0.00000, -1.00000, 0.00000, 0.00000, 1.00000, -0.00000, 0.00000, 0.00000, 0.00000, 0.00000, 1.00000, 0.00000, 5.35000, 24.19500, 0.00000, 1.00000, },
				{ -0.00000, -1.00000, 0.00000, 0.00000, 1.00000, -0.00000, 0.00000, 0.00000, 0.00000, 0.00000, 1.00000, 0.00000, 5.35000, 24.19500, 1.66000, 1.00000, },
				{ -0.00000, -1.00000, 0.00000, 0.00000, 1.00000, -0.00000, 0.00000, 0.00000, 0.00000, 0.00000, 1.00000, 0.00000, 5.35000, 27.19500, 1.66000, 1.00000, },
				{ -0.00000, -1.00000, 0.00000, 0.00000, 1.00000, -0.00000, 0.00000, 0.00000, 0.00000, 0.00000, 1.00000, 0.00000, -0.26955, 24.20000, 0.00000, 1.00000, },
				{ -0.00000, -1.00000, 0.00000, 0.00000, 1.00000, -0.00000, 0.00000, 0.00000, 0.00000, 0.00000, 1.00000, 0.00000, -15.85000, 27.19500, 0.00000, 1.00000, },
				{ -0.00000, -1.00000, 0.00000, 0.00000, 1.00000, -0.00000, 0.00000, 0.00000, 0.00000, 0.00000, 1.00000, 0.00000, 5.35000, 27.19500, 0.00000, 1.00000, },
				{ -0.00000, -1.00000, 0.00000, 0.00000, 1.00000, -0.00000, 0.00000, 0.00000, 0.00000, 0.00000, 1.00000, 0.00000, -0.26955, 27.20000, 0.00000, 1.00000, },
				{ -1.00000, 0.00000, 0.00000, 0.00000, -0.00000, -1.00000, 0.00000, 0.00000, 0.00000, 0.00000, 1.00000, 0.00000, -14.49950, 31.85005, 0.00000, 1.00000, },
				{ -1.00000, 0.00000, 0.00000, 0.00000, -0.00000, -1.00000, 0.00000, 0.00000, 0.00000, 0.00000, 1.00000, 0.00000, -14.19950, 28.55000, 0.00000, 1.00000, },
				{ -1.00000, 0.00000, 0.00000, 0.00000, -0.00000, -1.00000, 0.00000, 0.00000, 0.00000, 0.00000, 1.00000, 0.00000, -11.49950, 31.85005, 0.00000, 1.00000, },
				{ -1.00000, 0.00000, 0.00000, 0.00000, -0.00000, -1.00000, 0.00000, 0.00000, 0.00000, 0.00000, 1.00000, 0.00000, -11.19950, 28.55000, 0.00000, 1.00000, },
				{ -1.00000, 0.00000, 0.00000, 0.00000, -0.00000, -1.00000, 0.00000, 0.00000, 0.00000, 0.00000, 1.00000, 0.00000, -8.49950, 31.85005, 0.00000, 1.00000, },
				{ -1.00000, 0.00000, 0.00000, 0.00000, -0.00000, -1.00000, 0.00000, 0.00000, 0.00000, 0.00000, 1.00000, 0.00000, -8.19950, 28.55000, 0.00000, 1.00000, },
				{ -1.00000, 0.00000, 0.00000, 0.00000, -0.00000, -1.00000, 0.00000, 0.00000, 0.00000, 0.00000, 1.00000, 0.00000, -5.49950, 31.85005, 0.00000, 1.00000, },
				{ -1.00000, 0.00000, 0.00000, 0.00000, -0.00000, -1.00000, 0.00000, 0.00000, 0.00000, 0.00000, 1.00000, 0.00000, -5.19950, 28.55000, 0.00000, 1.00000, },
				{ -0.90000, 0.00000, 0.00000, 0.00000, -0.00000, -1.00000, 0.00000, 0.00000, 0.00000, 0.00000, 1.00000, 0.00000, -2.64955, 31.85005, 0.00000, 1.00000, },
				{ -1.08992, 0.00000, 0.00000, 0.00000, -0.00000, -1.00000, 0.00000, 0.00000, 0.00000, 0.00000, 1.00000, 0.00000, -2.05955, 28.55000, 0.00000, 1.00000, },
				{ -0.86850, 0.00000, 0.00000, 0.00000, -0.00000, -1.00000, 0.00000, 0.00000, 0.00000, 0.00000, 1.00000, 0.00000, 0.00681, 31.85005, 0.00000, 1.00000, },
				{ -0.90000, -0.00000, -0.00000, 0.00000, 0.00000, -1.00000, -0.00000, 0.00000, -0.00000, -0.00000, 1.00000, 0.00000, 2.65956, 31.85005, 0.00000, 1.00000, },
				{ -1.00000, -0.00000, -0.00000, 0.00000, 0.00000, -1.00000, -0.00000, 0.00000, -0.00000, -0.00000, 1.00000, 0.00000, 5.49951, 31.85005, 0.00000, 1.00000, },
				{ -1.00000, -0.00000, -0.00000, 0.00000, 0.00000, -1.00000, -0.00000, 0.00000, -0.00000, -0.00000, 1.00000, 0.00000, 8.49951, 31.85005, 0.00000, 1.00000, },
				{ -1.00000, -0.00000, -0.00000, 0.00000, 0.00000, -1.00000, -0.00000, 0.00000, -0.00000, -0.00000, 1.00000, 0.00000, 11.49951, 31.85005, 0.00000, 1.00000, },
				{ -1.00000, -0.00000, -0.00000, 0.00000, 0.00000, -1.00000, -0.00000, 0.00000, -0.00000, -0.00000, 1.00000, 0.00000, 14.49951, 31.85005, 0.00000, 1.00000, },
				{ -0.00000, -1.00000, 0.00000, 0.00000, 1.00000, -0.00000, -0.00000, 0.00000, 0.00000, -0.00000, 1.00000, 0.00000, -15.84998, 15.19500, 0.00000, 1.00000, },
				{ 1.00000, -0.00000, 0.00000, 0.00000, 0.00000, 1.00000, -0.00000, 0.00000, 0.00000, 0.00000, 1.00000, 0.00000, -14.49998, 10.54500, 0.00000, 1.00000, },
				{ -0.00000, -1.00000, 0.00000, 0.00000, 1.00000, -0.00000, -0.00000, 0.00000, 0.00000, -0.00000, 1.00000, 0.00000, -15.84998, 12.19500, 0.00000, 1.00000, },
				{ 1.00000, -0.00000, 0.00000, 0.00000, 0.00000, 1.00000, -0.00000, 0.00000, 0.00000, 0.00000, 1.00000, 0.00000, -11.49998, 10.54500, 0.00000, 1.00000, },
				{ -0.00000, -0.80000, 0.00000, 0.00000, 1.00000, -0.00000, 0.00000, 0.00000, 0.00000, 0.00000, 1.00000, 0.00000, 15.85000, 1.20000, 0.00000, 1.00000, align = { 14.20000, 1.20000 }, },
				{ 1.00000, 0.00000, 0.00000, 0.00000, 0.00000, 1.00000, 0.00000, 0.00000, 0.00000, 0.00000, 1.00000, 0.00000, 14.20000, 0.15000, 0.00000, 1.00000, align = { 14.20000, 1.20000 }, },
				{ -0.00000, -0.80000, 0.00000, 0.00000, 1.00000, -0.00000, 0.00000, 0.00000, 0.00000, 0.00000, 1.00000, 0.00000, 12.55000, 1.20000, 0.00000, 1.00000, align = { 14.20000, 1.20000 }, },
				{ 1.00000, 0.00000, 0.00000, 0.00000, 0.00000, 1.00000, 0.00000, 0.00000, 0.00000, 0.00000, 1.00000, 0.00000, 14.20000, 2.25000, 0.00000, 1.00000, align = { 14.20000, 1.20000 }, },
				{ -0.00000, -0.80000, 0.00000, 0.00000, 1.00000, -0.00000, 0.00000, 0.00000, 0.00000, 0.00000, 1.00000, 0.00000, -12.55000, 1.20000, 0.00000, 1.00000, align = { -14.20000, 1.20000 }, },
				{ 1.00000, 0.00000, 0.00000, 0.00000, 0.00000, 1.00000, 0.00000, 0.00000, 0.00000, 0.00000, 1.00000, 0.00000, -14.20000, 0.15000, 0.00000, 1.00000, align = { -14.20000, 1.20000 }, },
				{ -0.00000, -0.80000, 0.00000, 0.00000, 1.00000, -0.00000, 0.00000, 0.00000, 0.00000, 0.00000, 1.00000, 0.00000, -15.85000, 1.20000, 0.00000, 1.00000, align = { -14.20000, 1.20000 }, },
				{ 1.00000, 0.00000, 0.00000, 0.00000, 0.00000, 1.00000, 0.00000, 0.00000, 0.00000, 0.00000, 1.00000, 0.00000, -14.20000, 2.25000, 0.00000, 1.00000, align = { -14.20000, 1.20000 }, },
				{ 0.80000, 0.00000, 0.00000, 0.00000, 0.00000, 1.00000, 0.00000, 0.00000, 0.00000, 0.00000, 1.00000, 0.00000, 0.01000, 6.45000, 0.00000, 1.00000, align = { 0.01000, 1.80000 }, },
				{ -0.00000, 1.00000, 0.00000, 0.00000, -1.00000, -0.00000, 0.00000, 0.00000, 0.00000, 0.00000, 1.00000, 0.00000, 1.06000, 1.80000, 0.00000, 1.00000, align = { 0.01000, 1.80000 }, },
				{ -0.00000, 1.00000, 0.00000, 0.00000, -1.00000, -0.00000, 0.00000, 0.00000, 0.00000, 0.00000, 1.00000, 0.00000, 1.06000, 4.80000, 0.00000, 1.00000, align = { 0.01000, 1.80000 }, },
				{ 0.80000, 0.00000, 0.00000, 0.00000, 0.00000, 1.00000, 0.00000, 0.00000, 0.00000, 0.00000, 1.00000, 0.00000, 0.01000, 0.15000, 0.00000, 1.00000, align = { 0.01000, 1.80000 }, },
				{ -0.00000, 1.00000, 0.00000, 0.00000, -1.00000, -0.00000, 0.00000, 0.00000, 0.00000, 0.00000, 1.00000, 0.00000, -1.04000, 1.80000, 0.00000, 1.00000, align = { 0.01000, 1.80000 }, },
				{ -0.00000, 1.00000, 0.00000, 0.00000, -1.00000, -0.00000, 0.00000, 0.00000, 0.00000, 0.00000, 1.00000, 0.00000, -1.04000, 4.80000, 0.00000, 1.00000, align = { 0.01000, 1.80000 }, },
			},
			["asset/commercial/era_b/wall_grip.mdl"] = {
				{ -0.00000, 0.32000, 0.00000, 0.00000, -0.32000, -0.00000, 0.00000, 0.00000, 0.00000, 0.00000, 0.32000, 0.00000, 7.35871, 6.74656, 4.75661, 1.00000, align = { 0.00000, 0.00000 }, },
			},
			["asset/ground/garden_bench_wood_01.mdl"] = {
				{ -0.00000, 1.00000, 0.00000, 0.00000, -1.00000, -0.00000, 0.00000, 0.00000, 0.00000, 0.00000, 1.00000, 0.00000, 1.71000, 3.34000, 0.00000, 1.00000, },
				{ -0.00000, -1.00000, 0.00000, 0.00000, 1.00000, -0.00000, -0.00000, 0.00000, 0.00000, -0.00000, 1.00000, 0.00000, -1.69000, 3.34000, 0.00000, 1.00000, },
				{ 1.00000, 0.00000, 0.00000, 0.00000, 0.00000, 1.00000, 0.00000, 0.00000, 0.00000, 0.00000, 1.00000, 0.00000, -14.40000, 9.69000, 0.00000, 1.00000, },
				{ -1.00000, 0.00000, 0.00000, 0.00000, -0.00000, -1.00000, 0.00000, 0.00000, 0.00000, 0.00000, 1.00000, 0.00000, -14.15000, 2.97000, 0.00000, 1.00000, },
				{ -1.00000, 0.00000, 0.00000, 0.00000, -0.00000, -1.00000, 0.00000, 0.00000, 0.00000, 0.00000, 1.00000, 0.00000, 14.15000, 2.97000, 0.00000, 1.00000, },
				{ 1.00000, 0.00000, 0.00000, 0.00000, 0.00000, 1.00000, 0.00000, 0.00000, 0.00000, 0.00000, 1.00000, 0.00000, -9.96000, 6.69000, 0.00000, 1.00000, },
			},
			["asset/ground/garden_chair_plastic_01.mdl"] = {
				{ 0.04885, -0.99881, -0.00000, 0.00000, 0.99881, 0.04885, -0.00000, 0.00000, 0.00000, -0.00000, 1.00000, 0.00000, -11.72175, 12.48765, 12.09998, 1.00000, align = { 1.70000, 3.50000 }, ignore = { 2, 30 }, },
				{ 0.77494, -0.63203, -0.00000, 0.00000, 0.63203, 0.77494, -0.00000, 0.00000, 0.00000, -0.00000, 1.00000, 0.00000, -12.01681, 13.58880, 12.09998, 1.00000, align = { 1.70000, 3.50000 }, ignore = { 3, 30 }, },
				{ 0.21132, 0.97742, 0.00000, 0.00000, -0.97742, 0.21132, 0.00000, 0.00000, 0.00000, 0.00000, 1.00000, 0.00000, 11.57313, 12.05821, 12.09998, 1.00000, align = { 1.70000, 3.50000 }, ignore = { 9, 30 }, },
				{ -0.58496, 0.81106, 0.00000, 0.00000, -0.81106, -0.58496, 0.00000, 0.00000, 0.00000, 0.00000, 1.00000, 0.00000, 11.57313, 10.91821, 12.09998, 1.00000, align = { 1.70000, 3.50000 }, ignore = { 10, 30 }, },
			},
			["asset/industry/cardboard_box_01.mdl"] = {
				{ 0.98978, -0.14263, 0.00000, 0.00000, 0.14263, 0.98978, 0.00000, 0.00000, 0.00000, 0.00000, 1.00000, 0.00000, 1.60000, 20.97000, 0.00000, 1.00000, },
				{ 0.96945, 0.24531, 0.00000, 0.00000, -0.24531, 0.96945, 0.00000, 0.00000, 0.00000, 0.00000, 1.00000, 0.00000, 0.73000, 20.75000, 0.00000, 1.00000, },
				{ 0.24531, 0.96945, 0.00000, 0.00000, -0.96945, 0.24531, 0.00000, 0.00000, 0.00000, 0.00000, 1.00000, 0.00000, 1.20500, 20.75000, 0.51500, 1.00000, ignore = { 18, 50 }, },
				{ -0.02618, -0.99966, 0.00000, 0.00000, 0.99966, -0.02618, 0.00000, 0.00000, 0.00000, 0.00000, 1.00000, 0.00000, 4.59500, 22.35000, 0.00000, 1.00000, ignore = { 18, 50 }, },
				{ -0.02618, -0.99966, 0.00000, 0.00000, 0.99966, -0.02618, 0.00000, 0.00000, 0.00000, 0.00000, 1.00000, 0.00000, 4.65500, 23.95000, 0.00000, 1.00000, ignore = { 18, 50 }, },
				{ 0.21985, -0.97553, 0.00000, 0.00000, 0.97553, 0.21985, 0.00000, 0.00000, 0.00000, 0.00000, 1.00000, 0.00000, 4.43500, 23.13000, 0.00000, 1.00000, ignore = { 18, 50 }, },
			},
			["asset/vegetation/hedge_3m.mdl"] = {
				{ -1.00000, 0.00000, 0.00000, 0.00000, -0.00000, -1.00000, -0.00000, 0.00000, -0.00000, -0.00000, 1.00000, 0.00000, 6.05943, 21.47305, 0.00000, 1.00000, },
				{ -0.00000, -1.00000, 0.00000, 0.00000, 0.90000, -0.00000, 0.00000, 0.00000, 0.00000, 0.00000, 1.00000, 0.00000, -13.80057, 11.21305, 0.00000, 1.00000, },
				{ -1.00000, 0.00000, 0.00000, 0.00000, -0.00000, -1.00000, -0.00000, 0.00000, -0.00000, -0.00000, 1.00000, 0.00000, 6.05943, 24.67305, 0.00000, 1.00000, },
				{ -1.00000, 0.00000, 0.00000, 0.00000, -0.00000, -1.00000, -0.00000, 0.00000, -0.00000, -0.00000, 1.00000, 0.00000, 6.05943, 26.69305, 0.00000, 1.00000, },
				{ -1.00000, 0.00000, 0.00000, 0.00000, -0.00000, -1.00000, -0.00000, 0.00000, 0.00000, -0.00000, 1.00000, 0.00000, -15.21057, 12.66305, 0.00000, 1.00000, },
				{ 0.00000, 1.00000, 0.00000, 0.00000, -1.00000, 0.00000, -0.00000, 0.00000, -0.00000, -0.00000, 1.00000, 0.00000, -13.84724, 27.90971, 0.00000, 1.00000, },
				{ -1.00000, 0.00000, 0.00000, 0.00000, -0.00000, -1.00000, -0.00000, 0.00000, 0.00000, -0.00000, 1.00000, 0.00000, -15.21057, 15.66305, 0.00000, 1.00000, },
				{ 0.00000, 1.00000, 0.00000, 0.00000, -1.00000, 0.00000, -0.00000, 0.00000, -0.00000, -0.00000, 1.00000, 0.00000, -10.84724, 27.90971, 0.00000, 1.00000, },
				{ -1.00000, 0.00000, 0.00000, 0.00000, -0.00000, -1.00000, -0.00000, 0.00000, 0.00000, -0.00000, 1.00000, 0.00000, -15.21057, 18.66305, 0.00000, 1.00000, },
				{ 0.00000, 1.00000, 0.00000, 0.00000, -1.00000, 0.00000, -0.00000, 0.00000, -0.00000, -0.00000, 1.00000, 0.00000, -7.84724, 27.90971, 0.00000, 1.00000, },
				{ -1.00000, 0.00000, 0.00000, 0.00000, -0.00000, -1.00000, -0.00000, 0.00000, 0.00000, -0.00000, 1.00000, 0.00000, -15.21057, 21.66305, 0.00000, 1.00000, },
				{ 0.00000, 1.00000, 0.00000, 0.00000, -1.00000, 0.00000, -0.00000, 0.00000, -0.00000, -0.00000, 1.00000, 0.00000, -4.84724, 27.90971, 0.00000, 1.00000, },
				{ -1.00000, 0.00000, 0.00000, 0.00000, -0.00000, -0.89000, -0.00000, 0.00000, 0.00000, -0.00000, 1.00000, 0.00000, -15.21057, 23.96305, 0.00000, 1.00000, },
				{ -1.00000, 0.00000, 0.00000, 0.00000, -0.00000, -0.89000, -0.00000, 0.00000, 0.00000, -0.00000, 1.00000, 0.00000, -0.91057, 24.15305, 0.00000, 1.00000, },
				{ 0.00000, 1.00000, 0.00000, 0.00000, -0.89000, 0.00000, -0.00000, 0.00000, -0.00000, -0.00000, 1.00000, 0.00000, -2.60724, 27.90971, 0.00000, 1.00000, },
				{ -1.00000, 0.00000, 0.00000, 0.00000, -0.00000, -0.91000, -0.00000, 0.00000, 0.00000, -0.00000, 1.00000, 0.00000, -15.21057, 26.60305, 0.00000, 1.00000, },
				{ -1.00000, 0.00000, 0.00000, 0.00000, -0.00000, -0.91000, -0.00000, 0.00000, 0.00000, -0.00000, 1.00000, 0.00000, -0.91057, 26.60305, 0.00000, 1.00000, },
			},
			["station/rail/asset/era_a_street_pillar.mdl"] = {
				{ 1.00000, 0.00000, 0.00000, 0.00000, 0.00000, 1.00000, 0.00000, 0.00000, 0.00000, 0.00000, 1.00000, 0.00000, -12.00000, 1.00000, 0.00000, 1.00000, },
				{ 1.00000, 0.00000, 0.00000, 0.00000, 0.00000, 1.00000, 0.00000, 0.00000, 0.00000, 0.00000, 1.00000, 0.00000, -10.00000, 1.00000, 0.00000, 1.00000, },
				{ 1.00000, 0.00000, 0.00000, 0.00000, 0.00000, 1.00000, 0.00000, 0.00000, 0.00000, 0.00000, 1.00000, 0.00000, -8.00000, 1.00000, 0.00000, 1.00000, },
				{ 1.00000, 0.00000, 0.00000, 0.00000, 0.00000, 1.00000, 0.00000, 0.00000, 0.00000, 0.00000, 1.00000, 0.00000, -6.00000, 1.00000, 0.00000, 1.00000, },
				{ 1.00000, 0.00000, 0.00000, 0.00000, 0.00000, 1.00000, 0.00000, 0.00000, 0.00000, 0.00000, 1.00000, 0.00000, -4.00000, 1.00000, 0.00000, 1.00000, },
				{ 1.00000, 0.00000, 0.00000, 0.00000, 0.00000, 1.00000, 0.00000, 0.00000, 0.00000, 0.00000, 1.00000, 0.00000, -2.00000, 1.00000, 0.00000, 1.00000, },
				{ 1.00000, 0.00000, 0.00000, 0.00000, 0.00000, 1.00000, 0.00000, 0.00000, 0.00000, 0.00000, 1.00000, 0.00000, 0.00000, 1.00000, 0.00000, 1.00000, },
				{ 1.00000, 0.00000, 0.00000, 0.00000, 0.00000, 1.00000, 0.00000, 0.00000, 0.00000, 0.00000, 1.00000, 0.00000, 2.00000, 1.00000, 0.00000, 1.00000, },
				{ 1.00000, 0.00000, 0.00000, 0.00000, 0.00000, 1.00000, 0.00000, 0.00000, 0.00000, 0.00000, 1.00000, 0.00000, 4.00000, 1.00000, 0.00000, 1.00000, },
				{ 1.00000, 0.00000, 0.00000, 0.00000, 0.00000, 1.00000, 0.00000, 0.00000, 0.00000, 0.00000, 1.00000, 0.00000, 6.00000, 1.00000, 0.00000, 1.00000, },
				{ 1.00000, 0.00000, 0.00000, 0.00000, 0.00000, 1.00000, 0.00000, 0.00000, 0.00000, 0.00000, 1.00000, 0.00000, 8.00000, 1.00000, 0.00000, 1.00000, },
				{ 1.00000, 0.00000, 0.00000, 0.00000, 0.00000, 1.00000, 0.00000, 0.00000, 0.00000, 0.00000, 1.00000, 0.00000, 10.00000, 1.00000, 0.00000, 1.00000, },
				{ 1.00000, 0.00000, 0.00000, 0.00000, 0.00000, 1.00000, 0.00000, 0.00000, 0.00000, 0.00000, 1.00000, 0.00000, 12.00000, 1.00000, 0.00000, 1.00000, },
			},
			["street/street_asset_mix/trash_standing_a.mdl"] = {
				{ 1.00000, 0.00000, 0.00000, 0.00000, 0.00000, 1.00000, 0.00000, 0.00000, 0.00000, 0.00000, 1.00000, 0.00000, 1.78000, 5.45000, 0.00000, 1.00000, },
				{ 1.00000, 0.00000, 0.00000, 0.00000, 0.00000, 1.00000, 0.00000, 0.00000, 0.00000, 0.00000, 1.00000, 0.00000, 11.60000, 19.09000, 0.00000, 1.00000, },
				{ 1.00000, 0.00000, 0.00000, 0.00000, 0.00000, 1.00000, 0.00000, 0.00000, 0.00000, 0.00000, 1.00000, 0.00000, -1.78000, 5.45000, 0.00000, 1.00000, },
				{ 1.00000, 0.00000, 0.00000, 0.00000, 0.00000, 1.00000, 0.00000, 0.00000, 0.00000, 0.00000, 1.00000, 0.00000, -12.48000, 9.73000, 0.00000, 1.00000, },
			},
			["street/street_light_us_a.mdl"] = {
				{ 1.00000, 0.00000, 0.00000, 0.00000, 0.00000, 1.00000, 0.00000, 0.00000, 0.00000, 0.00000, 1.00000, 0.00000, -11.50000, 30.90000, 0.00000, 1.00000, },
				{ 1.00000, 0.00000, 0.00000, 0.00000, 0.00000, 1.00000, 0.00000, 0.00000, 0.00000, 0.00000, 1.00000, 0.00000, 11.50000, 30.90000, 0.00000, 1.00000, },
				{ 0.00000, 1.00000, 0.00000, 0.00000, -1.00000, 0.00000, 0.00000, 0.00000, 0.00000, 0.00000, 1.00000, 0.00000, -7.20000, 30.90000, 0.00000, 1.00000, },
				{ -1.00000, 0.00000, -0.00000, 0.00000, -0.00000, -1.00000, 0.00000, 0.00000, -0.00000, 0.00000, 1.00000, 0.00000, -2.50000, 30.90000, 0.00000, 1.00000, },
				{ -0.00000, -1.00000, -0.00000, 0.00000, 1.00000, -0.00000, 0.00000, 0.00000, -0.00000, 0.00000, 1.00000, 0.00000, 2.00000, 30.90000, 0.00000, 1.00000, },
				{ 1.00000, -0.00000, 0.00000, 0.00000, 0.00000, 1.00000, 0.00000, 0.00000, 0.00000, 0.00000, 1.00000, 0.00000, 6.50000, 30.90000, 0.00000, 1.00000, },
			},
		},
		groups = {
			["com_sunshades_modern.grp"] = {
				{ -0.49103, 0.87115, -0.00000, 0.00000, -0.87115, -0.49103, 0.00000, 0.00000, -0.00000, 0.00000, 1.00000, 0.00000, 8.40000, 21.77511, 0.00000, 1.00000, seed = 256, },
				{ -0.59914, 0.80065, -0.00000, 0.00000, -0.80065, -0.59914, 0.00000, 0.00000, -0.00000, 0.00000, 1.00000, 0.00000, 10.88000, 21.77511, 0.00000, 1.00000, seed = 256, },
				{ -0.63753, 0.77042, -0.00000, 0.00000, -0.77042, -0.63753, 0.00000, 0.00000, -0.00000, 0.00000, 1.00000, 0.00000, 8.40000, 24.45511, 0.00000, 1.00000, seed = 256, },
				{ -0.46959, 0.88288, -0.00000, 0.00000, -0.88288, -0.46959, 0.00000, 0.00000, -0.00000, 0.00000, 1.00000, 0.00000, 8.40000, 27.31511, 0.00000, 1.00000, seed = 256, },
			},
			["com_sunshades_vintage.grp"] = {
				{ -0.79771, -0.60305, 0.00000, 0.00000, 0.60305, -0.79771, 0.00000, 0.00000, 0.00000, 0.00000, 1.00000, 0.00000, -2.88000, 25.90000, 0.00000, 1.00000, seed = 64, },
				{ 0.36348, 0.93160, 0.00000, 0.00000, -0.93160, 0.36348, 0.00000, 0.00000, 0.00000, 0.00000, 1.00000, 0.00000, -6.38000, 25.93000, 0.00000, 1.00000, seed = 64, },
				{ -0.73821, -0.67457, 0.00000, 0.00000, 0.67457, -0.73821, 0.00000, 0.00000, 0.00000, 0.00000, 1.00000, 0.00000, -9.77000, 25.93000, 0.00000, 1.00000, seed = 64, },
				{ 0.95916, 0.28285, 0.00000, 0.00000, -0.28285, 0.95916, 0.00000, 0.00000, 0.00000, 0.00000, 1.00000, 0.00000, -13.11000, 25.81000, 0.00000, 1.00000, seed = 64, ignore = { 17, 50 }, },
			},
			["era_a_com_1_asset_food_box_m.grp"] = {
				{ 0.94997, -0.31233, 0.00000, 0.00000, 0.31233, 0.94997, 0.00000, 0.00000, 0.00000, 0.00000, 1.00000, 0.00000, 1.00000, 25.10000, 0.00000, 1.00000, },
				{ 0.99999, 0.00349, 0.00000, 0.00000, -0.00349, 0.99999, 0.00000, 0.00000, 0.00000, 0.00000, 1.00000, 0.00000, 1.35000, 25.96000, 0.00000, 1.00000, },
				{ 0.12187, 0.99255, 0.00000, 0.00000, -0.99255, 0.12187, 0.00000, 0.00000, 0.00000, 0.00000, 1.00000, 0.00000, 0.51000, 26.12000, 0.00000, 1.00000, ignore = { 18, 50 }, },
				{ -0.16333, 0.98657, 0.00000, 0.00000, -0.98657, -0.16333, 0.00000, 0.00000, 0.00000, 0.00000, 1.00000, 0.00000, 0.85000, 25.65000, 0.46500, 1.00000, ignore = { 18, 50 }, },
				{ 0.99377, -0.11147, 0.00000, 0.00000, 0.11147, 0.99377, 0.00000, 0.00000, 0.00000, 0.00000, 1.00000, 0.00000, 1.10000, 26.95000, 0.00000, 1.00000, ignore = { 18, 50 }, },
			},
			["era_a_com_restaurant_chairs.grp"] = {
				{ 0.99995, -0.01047, 0.00000, 0.00000, 0.01047, 0.99995, 0.00000, 0.00000, -0.00000, -0.00000, 1.00000, 0.00000, 7.97127, 22.50209, -0.00000, 1.00000, seed = 256, },
				{ -0.97592, 0.21814, -0.00000, 0.00000, -0.21814, -0.97592, 0.00000, 0.00000, -0.00000, 0.00000, 1.00000, 0.00000, 7.82777, 21.08937, 0.00000, 1.00000, seed = 256, },
				{ 0.96682, -0.25545, -0.00000, 0.00000, 0.25545, 0.96682, -0.00000, 0.00000, 0.00000, -0.00000, 1.00000, 0.00000, 9.01590, 22.39598, 0.00000, 1.00000, seed = 256, },
				{ -0.99985, -0.01745, -0.00000, 0.00000, 0.01745, -0.99985, 0.00000, 0.00000, -0.00000, 0.00000, 1.00000, 0.00000, 8.97087, 20.96320, 0.00000, 1.00000, seed = 256, },
				{ 0.99297, 0.11840, 0.00000, 0.00000, -0.11840, 0.99297, 0.00000, 0.00000, -0.00000, -0.00000, 1.00000, 0.00000, 10.36121, 22.44082, -0.00000, 1.00000, seed = 256, },
				{ -0.99588, 0.09063, -0.00000, 0.00000, -0.09063, -0.99588, 0.00000, 0.00000, -0.00000, 0.00000, 1.00000, 0.00000, 10.40086, 21.02138, 0.00000, 1.00000, seed = 256, },
				{ 0.99167, -0.12880, -0.00000, 0.00000, 0.12880, 0.99167, -0.00000, 0.00000, 0.00000, -0.00000, 1.00000, 0.00000, 11.41080, 22.47014, 0.00000, 1.00000, seed = 256, },
				{ -0.98927, -0.14608, -0.00000, 0.00000, 0.14608, -0.98927, 0.00000, 0.00000, -0.00000, 0.00000, 1.00000, 0.00000, 11.55069, 21.04349, 0.00000, 1.00000, seed = 256, },
				{ 0.98600, 0.16677, 0.00000, 0.00000, -0.16677, 0.98600, 0.00000, 0.00000, -0.00000, -0.00000, 1.00000, 0.00000, 7.84931, 25.09468, -0.00000, 1.00000, seed = 256, },
				{ -0.99912, 0.04188, -0.00000, 0.00000, -0.04188, -0.99912, 0.00000, 0.00000, -0.00000, 0.00000, 1.00000, 0.00000, 7.95825, 23.67887, 0.00000, 1.00000, seed = 256, },
				{ 0.99678, -0.08020, -0.00000, 0.00000, 0.08020, 0.99678, -0.00000, 0.00000, 0.00000, -0.00000, 1.00000, 0.00000, 8.89622, 25.17524, 0.00000, 1.00000, seed = 256, },
				{ -0.98096, -0.19423, -0.00000, 0.00000, 0.19423, -0.98096, 0.00000, 0.00000, -0.00000, 0.00000, 1.00000, 0.00000, 9.10563, 23.75712, 0.00000, 1.00000, seed = 256, },
				{ 0.99939, -0.03490, 0.00000, 0.00000, 0.03490, 0.99939, 0.00000, 0.00000, -0.00000, -0.00000, 1.00000, 0.00000, 7.98916, 28.05235, -0.00000, 1.00000, seed = 256, },
				{ -0.97030, 0.24192, -0.00000, 0.00000, -0.24192, -0.97030, 0.00000, 0.00000, -0.00000, 0.00000, 1.00000, 0.00000, 7.81119, 26.64355, 0.00000, 1.00000, seed = 256, },
				{ 0.96029, -0.27899, -0.00000, 0.00000, 0.27899, 0.96029, -0.00000, 0.00000, 0.00000, -0.00000, 1.00000, 0.00000, 9.03088, 27.92075, 0.00000, 1.00000, seed = 256, },
				{ -0.99998, 0.00698, -0.00000, 0.00000, -0.00698, -0.99998, 0.00000, 0.00000, -0.00000, 0.00000, 1.00000, 0.00000, 8.95087, 26.48950, 0.00000, 1.00000, seed = 256, },
			},
			["era_a_garden_chair.grp"] = {
				{ 0.95528, 0.29571, -0.00000, 0.00000, -0.29571, 0.95528, 0.00000, 0.00000, 0.00000, -0.00000, 1.00000, 0.00000, -12.15830, 13.39794, 6.09998, 1.00000, align = { 1.70000, 3.50000 }, seed = 456, ignore = { 5, 20 }, },
				{ -0.98481, -0.17365, -0.00000, 0.00000, 0.17365, -0.98481, 0.00000, 0.00000, -0.00000, 0.00000, 1.00000, 0.00000, -11.85889, 12.18429, 6.09998, 1.00000, align = { 1.70000, 3.50000 }, seed = 456, ignore = { 6, 20 }, },
				{ -0.99926, -0.03839, 0.00000, 0.00000, 0.03839, -0.99926, 0.00000, 0.00000, 0.00000, 0.00000, 1.00000, 0.00000, 11.75920, 11.06594, 6.09998, 1.00000, align = { 1.70000, 3.50000 }, seed = 456, ignore = { 12, 20 }, },
				{ 0.99619, -0.08716, -0.00000, 0.00000, 0.08716, 0.99619, 0.00000, 0.00000, -0.00000, -0.00000, 1.00000, 0.00000, 11.78411, 12.31573, 6.09998, 1.00000, align = { 1.70000, 3.50000 }, seed = 456, ignore = { 13, 20 }, },
				{ 0.65606, -0.75471, 0.00000, 0.00000, 0.75471, 0.65606, 0.00000, 0.00000, 0.00000, 0.00000, 1.00000, 0.00000, -11.96633, 13.13570, 9.09998, 1.00000, align = { 1.70000, 3.50000 }, ignore = { 16, 20 }, },
				{ 0.99377, -0.11147, 0.00000, 0.00000, 0.11147, 0.99377, 0.00000, 0.00000, 0.00000, 0.00000, 1.00000, 0.00000, -2.84000, 26.52000, 0.00000, 1.00000, seed = 64, },
				{ -0.06627, 0.99780, 0.00000, 0.00000, -0.99780, -0.06627, 0.00000, 0.00000, 0.00000, 0.00000, 1.00000, 0.00000, -3.51000, 25.89000, 0.00000, 1.00000, seed = 64, },
				{ -0.99897, -0.04536, -0.00000, 0.00000, 0.04536, -0.99897, 0.00000, 0.00000, -0.00000, 0.00000, 1.00000, 0.00000, -2.88000, 25.27000, 0.00000, 1.00000, seed = 64, },
				{ -0.05931, -0.99824, -0.00000, 0.00000, 0.99824, -0.05931, 0.00000, 0.00000, -0.00000, 0.00000, 1.00000, 0.00000, -2.26000, 25.90000, 0.00000, 1.00000, seed = 64, },
				{ 0.99377, -0.11147, 0.00000, 0.00000, 0.11147, 0.99377, 0.00000, 0.00000, 0.00000, 0.00000, 1.00000, 0.00000, -6.34000, 26.55000, 0.00000, 1.00000, seed = 64, },
				{ -0.06627, 0.99780, 0.00000, 0.00000, -0.99780, -0.06627, 0.00000, 0.00000, 0.00000, 0.00000, 1.00000, 0.00000, -7.01000, 25.92000, 0.00000, 1.00000, seed = 64, },
				{ -0.99897, -0.04536, -0.00000, 0.00000, 0.04536, -0.99897, 0.00000, 0.00000, -0.00000, 0.00000, 1.00000, 0.00000, -6.38000, 25.30000, 0.00000, 1.00000, seed = 64, },
				{ -0.05931, -0.99824, -0.00000, 0.00000, 0.99824, -0.05931, 0.00000, 0.00000, -0.00000, 0.00000, 1.00000, 0.00000, -5.76000, 25.93000, 0.00000, 1.00000, seed = 64, },
				{ 0.99377, -0.11147, 0.00000, 0.00000, 0.11147, 0.99377, 0.00000, 0.00000, 0.00000, 0.00000, 1.00000, 0.00000, -9.73000, 26.55000, 0.00000, 1.00000, seed = 64, },
				{ -0.06627, 0.99780, 0.00000, 0.00000, -0.99780, -0.06627, 0.00000, 0.00000, 0.00000, 0.00000, 1.00000, 0.00000, -10.40000, 25.92000, 0.00000, 1.00000, seed = 64, },
				{ -0.99897, -0.04536, -0.00000, 0.00000, 0.04536, -0.99897, 0.00000, 0.00000, -0.00000, 0.00000, 1.00000, 0.00000, -9.77000, 25.30000, 0.00000, 1.00000, seed = 64, },
				{ -0.05931, -0.99824, -0.00000, 0.00000, 0.99824, -0.05931, 0.00000, 0.00000, -0.00000, 0.00000, 1.00000, 0.00000, -9.15000, 25.93000, 0.00000, 1.00000, seed = 64, },
				{ 0.99377, -0.11147, 0.00000, 0.00000, 0.11147, 0.99377, 0.00000, 0.00000, 0.00000, 0.00000, 1.00000, 0.00000, -13.07000, 26.43000, 0.00000, 1.00000, seed = 64, ignore = { 17, 50 }, },
				{ -0.06627, 0.99780, 0.00000, 0.00000, -0.99780, -0.06627, 0.00000, 0.00000, 0.00000, 0.00000, 1.00000, 0.00000, -13.74000, 25.80000, 0.00000, 1.00000, seed = 64, ignore = { 17, 50 }, },
				{ -0.99897, -0.04536, -0.00000, 0.00000, 0.04536, -0.99897, 0.00000, 0.00000, -0.00000, 0.00000, 1.00000, 0.00000, -13.11000, 25.18000, 0.00000, 1.00000, seed = 64, ignore = { 17, 50 }, },
				{ -0.05931, -0.99824, -0.00000, 0.00000, 0.99824, -0.05931, 0.00000, 0.00000, -0.00000, 0.00000, 1.00000, 0.00000, -12.49000, 25.81000, 0.00000, 1.00000, seed = 64, ignore = { 17, 50 }, },
			},
			["era_b_awning_hotel_end.grp"] = {
				{ -0.00000, -0.68850, 0.00000, 0.00000, 0.68850, -0.00000, 0.00000, 0.00000, 0.00000, 0.00000, 0.68850, 0.00000, -11.43755, 8.70156, 3.09813, 1.00000, align = { 1.70000, 3.50000 }, seed = 128, },
				{ 0.68850, 0.00000, 0.00000, 0.00000, 0.00000, 0.68850, 0.00000, 0.00000, 0.00000, 0.00000, 0.68850, 0.00000, -9.59255, 6.84656, 3.09813, 1.00000, align = { 1.70000, 3.50000 }, seed = 128, },
				{ 0.68850, 0.00000, 0.00000, 0.00000, 0.00000, 0.68850, 0.00000, 0.00000, 0.00000, 0.00000, 0.68850, 0.00000, -3.59255, 6.84656, 3.09813, 1.00000, align = { 1.70000, 3.50000 }, seed = 128, },
			},
			["era_b_awning_hotel_repeat.grp"] = {
				{ -0.00000, -0.68850, 0.00000, 0.00000, 0.68850, -0.00000, 0.00000, 0.00000, 0.00000, 0.00000, 0.68850, 0.00000, -11.43755, 8.70156, 3.09813, 1.00000, align = { 1.70000, 3.50000 }, seed = 128, },
				{ 0.68850, 0.00000, 0.00000, 0.00000, 0.00000, 0.68850, 0.00000, 0.00000, 0.00000, 0.00000, 0.68850, 0.00000, -9.59255, 6.84656, 3.09813, 1.00000, align = { 1.70000, 3.50000 }, seed = 128, },
				{ 0.68850, 0.00000, 0.00000, 0.00000, 0.00000, 0.68850, 0.00000, 0.00000, 0.00000, 0.00000, 0.68850, 0.00000, -3.59255, 6.84656, 3.09813, 1.00000, align = { 1.70000, 3.50000 }, seed = 128, },
			},
			["era_b_awning_hotel_start.grp"] = {
				{ -0.00000, -0.68850, 0.00000, 0.00000, 0.68850, -0.00000, 0.00000, 0.00000, 0.00000, 0.00000, 0.68850, 0.00000, -11.43755, 8.70156, 3.09813, 1.00000, align = { 1.70000, 3.50000 }, seed = 128, },
				{ 0.68850, 0.00000, 0.00000, 0.00000, 0.00000, 0.68850, 0.00000, 0.00000, 0.00000, 0.00000, 0.68850, 0.00000, -9.59255, 6.84656, 3.09813, 1.00000, align = { 1.70000, 3.50000 }, seed = 128, },
				{ 0.68850, 0.00000, 0.00000, 0.00000, 0.00000, 0.68850, 0.00000, 0.00000, 0.00000, 0.00000, 0.68850, 0.00000, -3.59255, 6.84656, 3.09813, 1.00000, align = { 1.70000, 3.50000 }, seed = 128, },
			},
			["era_b_com_restaurant_tables.grp"] = {
				{ 0.99488, -0.10106, 0.00000, 0.00000, 0.10106, 0.99488, 0.00000, 0.00000, 0.00000, 0.00000, 1.00000, 0.00000, 8.40000, 21.77511, 0.00000, 1.00000, seed = 256, },
				{ 0.99961, 0.02792, 0.00000, 0.00000, -0.02792, 0.99961, 0.00000, 0.00000, 0.00000, 0.00000, 1.00000, 0.00000, 10.88000, 21.77511, 0.00000, 1.00000, seed = 256, },
				{ 0.99705, 0.07672, 0.00000, 0.00000, -0.07672, 0.99705, 0.00000, 0.00000, 0.00000, 0.00000, 1.00000, 0.00000, 8.40000, 24.45511, 0.00000, 1.00000, seed = 256, },
				{ 0.99211, -0.12533, 0.00000, 0.00000, 0.12533, 0.99211, 0.00000, 0.00000, 0.00000, 0.00000, 1.00000, 0.00000, 8.40000, 27.31511, 0.00000, 1.00000, seed = 256, },
			},
			["era_b_garbage_container.grp"] = {
				{ 0.04885, -0.99881, 0.00000, 0.00000, 0.99881, 0.04885, 0.00000, 0.00000, 0.00000, 0.00000, 1.00000, 0.00000, 0.94000, 23.10000, 0.00000, 1.00000, },
				{ -0.99998, 0.00698, 0.00000, 0.00000, -0.00698, -0.99998, 0.00000, 0.00000, 0.00000, 0.00000, 1.00000, 0.00000, 3.59000, 20.78000, 0.00000, 1.00000, },
			},
			["era_b_hotel_sign_small.grp"] = {
				{ 0.53459, 0.00000, 0.00000, 0.00000, 0.00000, 0.53459, 0.00000, 0.00000, 0.00000, 0.00000, 0.53459, 0.00000, -9.59649, 6.84656, 3.42162, 1.00000, align = { 1.70000, 3.50000 }, seed = 128, },
				{ -0.00000, -0.53459, 0.00000, 0.00000, 0.53459, -0.00000, 0.00000, 0.00000, 0.00000, 0.00000, 0.53459, 0.00000, -11.43918, 8.68973, 3.42162, 1.00000, align = { 1.70000, 3.50000 }, seed = 128, },
				{ 0.53459, 0.00000, 0.00000, 0.00000, 0.00000, 0.53459, 0.00000, 0.00000, 0.00000, 0.00000, 0.53459, 0.00000, -3.59368, 6.84656, 3.42162, 1.00000, align = { 1.70000, 3.50000 }, seed = 128, },
			},
			["era_b_hotel_wall_sign_01.grp"] = {
				{ 0.66500, 0.00000, 0.00000, 0.00000, 0.00000, 0.66500, 0.00000, 0.00000, 0.00000, 0.00000, 0.66500, 0.00000, -2.27638, 6.75656, 4.52695, 1.00000, align = { 1.70000, 3.50000 }, seed = 128, },
				{ 0.66500, 0.00000, 0.00000, 0.00000, 0.00000, 0.66500, 0.00000, 0.00000, 0.00000, 0.00000, 0.66500, 0.00000, -10.90138, 6.75656, 4.52695, 1.00000, align = { 1.70000, 3.50000 }, seed = 128, },
				{ -0.00000, -0.66500, 0.00000, 0.00000, 0.66500, -0.00000, 0.00000, 0.00000, 0.00000, 0.00000, 0.66500, 0.00000, -11.52638, 7.37656, 4.52695, 1.00000, align = { 1.70000, 3.50000 }, seed = 128, },
			},
			["era_b_neon_wall_sign_fun.grp"] = {
				{ -0.00000, 0.32000, 0.00000, 0.00000, -0.32000, -0.00000, 0.00000, 0.00000, 0.00000, 0.00000, 0.32000, 0.00000, 7.35871, 5.69056, 4.75661, 1.00000, align = { 0.00000, 0.00000 }, seed = 256, },
				{ -0.00000, 0.60000, 0.00000, 0.00000, -0.60000, -0.00000, 0.00000, 0.00000, 0.00000, 0.00000, 0.60000, 0.00000, 11.04067, 16.91095, 3.17987, 1.00000, align = { 0.00000, 0.00000 }, seed = 256, },
			},
			["era_b_neon_wall_sign_fun_flat.grp"] = {
				{ 0.40000, 0.00000, 0.00000, 0.00000, 0.00000, 0.40000, 0.00000, 0.00000, 0.00000, 0.00000, 0.40000, 0.00000, 3.13948, 6.87656, 1.96286, 1.00000, align = { 0.00000, 0.00000 }, seed = 256, },
				{ 0.40000, 0.00000, 0.00000, 0.00000, 0.00000, 0.40000, 0.00000, 0.00000, 0.00000, 0.00000, 0.40000, 0.00000, 9.15948, 6.87656, 1.96286, 1.00000, align = { 0.00000, 0.00000 }, seed = 256, },
				{ -0.00000, 0.40000, 0.00000, 0.00000, -0.40000, -0.00000, 0.00000, 0.00000, 0.00000, 0.00000, 0.40000, 0.00000, 11.00948, 8.71156, 1.96286, 1.00000, align = { 0.00000, 0.00000 }, seed = 256, },
			},
			["era_b_sunshade_small.grp"] = {
				{ 0.46022, 0.70868, 0.00000, 0.00000, -0.70868, 0.46022, -0.00000, 0.00000, -0.00000, -0.00000, 0.84500, 0.00000, -12.30255, 12.91357, 12.09998, 1.00000, align = { 1.70000, 3.50000 }, ignore = { 7, 80 }, },
				{ -0.50000, 0.86603, -0.00000, 0.00000, -0.86603, -0.50000, 0.00000, 0.00000, -0.00000, 0.00000, 1.00000, 0.00000, -12.20786, 12.39088, 9.09998, 1.00000, align = { 1.70000, 3.50000 }, ignore = { 8, 80 }, },
				{ -0.62796, -0.56542, 0.00000, 0.00000, 0.56542, -0.62796, 0.00000, 0.00000, 0.00000, 0.00000, 0.84500, 0.00000, 12.02390, 11.49647, 12.09998, 1.00000, align = { 1.70000, 3.50000 }, ignore = { 14, 80 }, },
				{ 0.25882, -0.96593, 0.00000, 0.00000, 0.96593, 0.25882, 0.00000, 0.00000, 0.00000, 0.00000, 1.00000, 0.00000, 11.76680, 11.69598, 6.09998, 1.00000, align = { 1.70000, 3.50000 }, ignore = { 15, 80 }, },
			},
			["garden_table_round.grp"] = {
				{ 0.23175, -0.97278, -0.00000, 0.00000, 0.97278, 0.23175, -0.00000, 0.00000, 0.00000, -0.00000, 1.00000, 0.00000, -12.00257, 12.78741, 6.09998, 1.00000, align = { 1.70000, 3.50000 }, seed = 456, ignore = { 4, 20 }, },
				{ 0.02792, 0.99961, 0.00000, 0.00000, -0.99961, 0.02792, 0.00000, 0.00000, 0.00000, 0.00000, 1.00000, 0.00000, 11.76680, 11.69598, 6.09998, 1.00000, align = { 1.70000, 3.50000 }, seed = 456, ignore = { 11, 20 }, },
				{ 1.00000, 0.00000, 0.00000, 0.00000, 0.00000, 1.00000, 0.00000, 0.00000, 0.00000, 0.00000, 1.00000, 0.00000, -2.88000, 25.90000, 0.00000, 1.00000, seed = 64, },
				{ 1.00000, 0.00000, 0.00000, 0.00000, 0.00000, 1.00000, 0.00000, 0.00000, 0.00000, 0.00000, 1.00000, 0.00000, -6.38000, 25.93000, 0.00000, 1.00000, seed = 64, },
				{ 1.00000, 0.00000, 0.00000, 0.00000, 0.00000, 1.00000, 0.00000, 0.00000, 0.00000, 0.00000, 1.00000, 0.00000, -9.77000, 25.93000, 0.00000, 1.00000, seed = 64, },
				{ 1.00000, 0.00000, 0.00000, 0.00000, 0.00000, 1.00000, 0.00000, 0.00000, 0.00000, 0.00000, 1.00000, 0.00000, -13.11000, 25.81000, 0.00000, 1.00000, seed = 64, ignore = { 17, 50 }, },
			},
			["random_shrub_town.grp"] = {
				{ 0.53936, -0.57036, 0.00000, 0.00000, 0.57036, 0.53936, 0.00000, 0.00000, 0.00000, 0.00000, 0.78500, 0.00000, -13.15000, 16.42000, 0.00000, 1.00000, },
				{ -0.07797, 0.78112, 0.00000, 0.00000, -0.78112, -0.07797, 0.00000, 0.00000, 0.00000, 0.00000, 0.78500, 0.00000, -13.45000, 18.32000, 0.00000, 1.00000, },
