local townbuildingutil = require "townbuildingutil"

--Model file: "building/era_b/com_3_3x4_03.mdl"

--Begin Generated
local generatedData = {
	["base"] = {
		models = {
			["building/era_b/com_3_3x4_03.mdl"] = {
				{ 1.00000, 0.00000, 0.00000, 0.00000, 0.00000, 1.00000, 0.00000, 0.00000, 0.00000, 0.00000, 1.00000, 0.00000, 0.00000, 0.00000, 0.00000, 1.00000, },
			},
		},
		curves = {
			["scaffold"] = {
				{ { 7.90710, 1.87518, 0.00000 }, { 7.90710, 1.87518, 0.00000 }, { 7.90710, 12.28516, 0.00000 }, { 7.90710, 12.28516, 0.00000 }, { 7.90710, 12.28516, 0.00000 }, { 6.88538, 12.28516, 0.00000 }, { 6.88538, 12.28516, 0.00000 }, { 6.88538, 12.28516, 0.00000 }, { 6.88538, 15.98157, 0.00000 }, { 6.88538, 15.98157, 0.00000 }, { 6.88538, 15.98157, 0.00000 }, { 7.90710, 15.98163, 0.00000 }, { 7.90710, 15.98163, 0.00000 }, { 7.90710, 15.98163, 0.00000 }, { 7.90710, 24.70837, 0.00000 }, { 7.90710, 24.70837, 0.00000 }, { 7.90710, 24.70837, 0.00000 }, { -7.75208, 24.70837, 0.00000 }, { -7.75208, 24.70837, 0.00000 }, { -7.75208, 24.70837, 0.00000 }, { -7.75220, 16.70605, 0.00000 }, { -7.75220, 16.70605, 0.00000 }, { -7.75220, 16.70605, 0.00000 }, { -6.42004, 16.70605, 0.00000 }, { -6.42004, 16.70605, 0.00000 }, { -6.42004, 16.70605, 0.00000 }, { -6.42004, 14.06866, 0.00000 }, { -6.42004, 14.06866, 0.00000 }, { -6.42004, 14.06866, 0.00000 }, { -7.75208, 14.06866, 0.00000 }, { -7.75208, 14.06866, 0.00000 }, { -7.75208, 14.06866, 0.00000 }, { -7.75208, 1.87524, 0.00000 }, { -7.75208, 1.87524, 0.00000 }, },
			},
			["shared/asphalt_02.gtex.lua;shared/dirt.gtex.lua"] = {
				{ { 12.00000, 0.00000, 0.00000 }, { 12.00000, 0.00001, 0.00000 }, { 12.00000, 32.00000, 0.00000 }, { 12.00000, 32.00000, 0.00000 }, { 12.00000, 32.00000, 0.00000 }, { -12.00000, 32.00000, 0.00000 }, { -12.00000, 32.00000, 0.00000 }, { -12.00000, 32.00000, 0.00000 }, { -12.00000, 0.00001, 0.00000 }, { -12.00000, 0.00000, 0.00000 }, },
			},
		},
	},
	["layout_1"] = {
		models = {
			["asset/commercial/all_eras/era_b_com_wall.mdl"] = {
				{ 0.80000, 0.00000, 0.00000, 0.00000, 0.00000, 1.00000, 0.00000, 0.00000, 0.00000, 0.00000, 1.00000, 0.00000, -10.80000, 3.45000, 0.00000, 1.00000, align = { -10.80000, 1.80000 }, },
				{ -0.00000, 1.00000, 0.00000, 0.00000, -1.00000, -0.00000, 0.00000, 0.00000, 0.00000, 0.00000, 1.00000, 0.00000, -9.75000, 1.80000, 0.00000, 1.00000, align = { -10.80000, 1.80000 }, },
				{ 0.80000, 0.00000, 0.00000, 0.00000, 0.00000, 1.00000, 0.00000, 0.00000, 0.00000, 0.00000, 1.00000, 0.00000, -10.80000, 0.15000, 0.00000, 1.00000, align = { -10.80000, 1.80000 }, },
				{ -0.00000, 1.00000, 0.00000, 0.00000, -1.00000, -0.00000, 0.00000, 0.00000, 0.00000, 0.00000, 1.00000, 0.00000, -11.85000, 1.80000, 0.00000, 1.00000, align = { -10.80000, 1.80000 }, },
				{ 0.80000, 0.00000, 0.00000, 0.00000, 0.00000, 1.00000, 0.00000, 0.00000, 0.00000, 0.00000, 1.00000, 0.00000, 10.80000, 3.45000, 0.00000, 1.00000, align = { 10.80000, 1.80000 }, },
				{ -0.00000, 1.00000, 0.00000, 0.00000, -1.00000, -0.00000, 0.00000, 0.00000, 0.00000, 0.00000, 1.00000, 0.00000, 11.85000, 1.80000, 0.00000, 1.00000, align = { 10.80000, 1.80000 }, },
				{ 0.80000, 0.00000, 0.00000, 0.00000, 0.00000, 1.00000, 0.00000, 0.00000, 0.00000, 0.00000, 1.00000, 0.00000, 10.80000, 0.15000, 0.00000, 1.00000, align = { 10.80000, 1.80000 }, },
				{ -0.00000, 1.00000, 0.00000, 0.00000, -1.00000, -0.00000, 0.00000, 0.00000, 0.00000, 0.00000, 1.00000, 0.00000, 9.75000, 1.80000, 0.00000, 1.00000, align = { 10.80000, 1.80000 }, },
				{ -1.00000, 0.00000, 0.00000, 0.00000, -0.00000, -1.00000, 0.00000, 0.00000, 0.00000, 0.00000, 1.00000, 0.00000, -10.50000, 31.85005, 0.00000, 1.00000, },
				{ -1.00000, 0.00000, 0.00000, 0.00000, -0.00000, -1.00000, 0.00000, 0.00000, 0.00000, 0.00000, 1.00000, 0.00000, -7.50000, 31.85005, 0.00000, 1.00000, },
				{ -1.00000, 0.00000, 0.00000, 0.00000, -0.00000, -1.00000, 0.00000, 0.00000, 0.00000, 0.00000, 1.00000, 0.00000, -4.50000, 31.85005, 0.00000, 1.00000, },
				{ -1.00000, 0.00000, 0.00000, 0.00000, -0.00000, -1.00000, 0.00000, 0.00000, 0.00000, 0.00000, 1.00000, 0.00000, -1.50000, 31.85005, 0.00000, 1.00000, },
				{ -1.00000, 0.00000, 0.00000, 0.00000, -0.00000, -1.00000, -0.00000, 0.00000, 0.00000, -0.00000, 1.00000, 0.00000, 1.50000, 31.85005, 0.00000, 1.00000, },
				{ -1.00000, 0.00000, 0.00000, 0.00000, -0.00000, -1.00000, -0.00000, 0.00000, 0.00000, -0.00000, 1.00000, 0.00000, 4.50000, 31.85005, 0.00000, 1.00000, },
				{ -1.00000, 0.00000, 0.00000, 0.00000, -0.00000, -1.00000, -0.00000, 0.00000, 0.00000, -0.00000, 1.00000, 0.00000, 7.50000, 31.85005, 0.00000, 1.00000, },
				{ -1.00000, 0.00000, 0.00000, 0.00000, -0.00000, -1.00000, -0.00000, 0.00000, 0.00000, -0.00000, 1.00000, 0.00000, 10.50000, 31.85005, 0.00000, 1.00000, },
				{ -1.34085, 0.00000, 0.00000, 0.00000, -0.00000, -1.00000, -0.00000, 0.00000, 0.00000, -0.00000, 1.00000, 0.00000, 9.98851, 10.55000, 0.00000, 1.00000, },
				{ -0.00000, -1.00000, 0.00000, 0.00000, 1.00000, -0.00000, -0.00000, 0.00000, 0.00000, -0.00000, 1.00000, 0.00000, 11.85000, 12.20100, 0.00000, 1.00000, },
				{ -0.00000, -1.00000, 0.00000, 0.00000, 1.00000, -0.00000, -0.00000, 0.00000, 0.00000, -0.00000, 1.00000, 0.00000, 11.85001, 15.20100, 0.00000, 1.00000, },
				{ -0.00000, -1.00000, 0.00000, 0.00000, 1.00000, -0.00000, -0.00000, 0.00000, 0.00000, -0.00000, 1.00000, 0.00000, 11.85001, 18.20100, 0.00000, 1.00000, },
				{ -0.00000, -1.00000, 0.00000, 0.00000, 1.00000, -0.00000, -0.00000, 0.00000, 0.00000, -0.00000, 1.00000, 0.00000, 11.85001, 21.20100, 0.00000, 1.00000, },
				{ -0.00000, -1.00000, 0.00000, 0.00000, 1.00000, -0.00000, -0.00000, 0.00000, 0.00000, -0.00000, 1.00000, 0.00000, 11.85001, 24.20100, 0.00000, 1.00000, },
			},
			["asset/ground/garden_bench_wood_01.mdl"] = {
				{ -1.00000, -0.00000, -0.00000, 0.00000, 0.00000, -1.00000, 0.00000, 0.00000, -0.00000, 0.00000, 1.00000, 0.00000, 1.92000, 23.91667, -0.00000, 1.00000, },
				{ -1.00000, -0.00000, -0.00000, 0.00000, 0.00000, -1.00000, 0.00000, 0.00000, -0.00000, 0.00000, 1.00000, 0.00000, -1.92000, 23.91667, 0.00000, 1.00000, },
			},
			["asset/ground/garden_chair_plastic_01.mdl"] = {
				{ 0.94088, 0.33874, 0.00000, 0.00000, -0.33874, 0.94088, 0.00000, 0.00000, 0.00000, 0.00000, 1.00000, 0.00000, -2.64952, 3.62342, 24.93183, 1.00000, align = { 0.00000, 0.00000 }, ignore = { 6, 30 }, },
				{ 0.92978, 0.36812, 0.00000, 0.00000, -0.36812, 0.92978, 0.00000, 0.00000, 0.00000, 0.00000, 1.00000, 0.00000, -3.14849, 3.00683, 18.93183, 1.00000, align = { 0.00000, 0.00000 }, ignore = { 7, 30 }, },
				{ 0.75927, -0.65077, 0.00000, 0.00000, 0.65077, 0.75927, 0.00000, 0.00000, 0.00000, 0.00000, 1.00000, 0.00000, -1.59849, 3.26683, 18.93183, 1.00000, align = { 0.00000, 0.00000 }, ignore = { 8, 30 }, },
				{ 0.87965, 0.47562, 0.00000, 0.00000, -0.47562, 0.87965, 0.00000, 0.00000, 0.00000, 0.00000, 1.00000, 0.00000, 0.30532, 3.42217, 40.59998, 1.00000, align = { 0.00000, 0.00000 }, ignore = { 9, 30 }, },
				{ 0.93232, -0.36162, 0.00000, 0.00000, 0.36162, 0.93232, 0.00000, 0.00000, 0.00000, 0.00000, 1.00000, 0.00000, -1.49582, 3.50447, 24.93183, 1.00000, align = { 0.00000, 0.00000 }, ignore = { 10, 30 }, },
				{ 0.91914, -0.39394, 0.00000, 0.00000, 0.39394, 0.91914, 0.00000, 0.00000, 0.00000, 0.00000, 1.00000, 0.00000, 4.55860, 3.54291, 33.93182, 1.00000, align = { 0.00000, 0.00000 }, ignore = { 11, 30 }, },
				{ 0.75011, 0.66131, 0.00000, 0.00000, -0.66131, 0.75011, 0.00000, 0.00000, 0.00000, 0.00000, 1.00000, 0.00000, -2.79140, 3.54291, 33.93182, 1.00000, align = { 0.00000, 0.00000 }, ignore = { 12, 30 }, },
				{ 0.91914, -0.39394, 0.00000, 0.00000, 0.39394, 0.91914, 0.00000, 0.00000, 0.00000, 0.00000, 1.00000, 0.00000, -3.57529, 3.21061, 30.93183, 1.00000, align = { 0.00000, 0.00000 }, ignore = { 13, 30 }, },
				{ 0.95931, -0.28234, 0.00000, 0.00000, 0.28234, 0.95931, 0.00000, 0.00000, 0.00000, 0.00000, 1.00000, 0.00000, 5.16131, 3.68308, 21.93183, 1.00000, align = { 0.00000, 0.00000 }, ignore = { 14, 30 }, },
				{ -0.94088, -0.33874, -0.00000, 0.00000, 0.33874, -0.94088, -0.00000, 0.00000, -0.00000, -0.00000, 1.00000, 0.00000, 2.89951, 23.17658, 24.93183, 1.00000, align = { 0.00000, 0.00000 }, ignore = { 33, 30 }, },
				{ -0.92978, -0.36812, -0.00000, 0.00000, 0.36812, -0.92978, -0.00000, 0.00000, -0.00000, -0.00000, 1.00000, 0.00000, 3.39849, 23.79316, 18.93183, 1.00000, align = { 0.00000, 0.00000 }, ignore = { 34, 30 }, },
				{ -0.75927, 0.65077, 0.00000, 0.00000, -0.65077, -0.75927, 0.00000, 0.00000, 0.00000, 0.00000, 1.00000, 0.00000, 1.84849, 23.53316, 18.93183, 1.00000, align = { 0.00000, 0.00000 }, ignore = { 35, 30 }, },
				{ -0.87965, -0.47562, -0.00000, 0.00000, 0.47562, -0.87965, -0.00000, 0.00000, -0.00000, -0.00000, 1.00000, 0.00000, 2.28467, 23.61783, 40.59998, 1.00000, align = { 0.00000, 0.00000 }, ignore = { 36, 30 }, },
				{ -0.93232, 0.36162, 0.00000, 0.00000, -0.36162, -0.93232, 0.00000, 0.00000, 0.00000, 0.00000, 1.00000, 0.00000, 1.74582, 23.29553, 24.93183, 1.00000, align = { 0.00000, 0.00000 }, ignore = { 37, 30 }, },
				{ -0.91914, 0.39394, 0.00000, 0.00000, -0.39394, -0.91914, 0.00000, 0.00000, 0.00000, 0.00000, 1.00000, 0.00000, -4.30861, 23.25708, 33.93182, 1.00000, align = { 0.00000, 0.00000 }, ignore = { 38, 30 }, },
				{ -0.75011, -0.66131, -0.00000, 0.00000, 0.66131, -0.75011, -0.00000, 0.00000, -0.00000, -0.00000, 1.00000, 0.00000, 3.04139, 23.25708, 33.93182, 1.00000, align = { 0.00000, 0.00000 }, ignore = { 39, 30 }, },
				{ -0.91914, 0.39394, 0.00000, 0.00000, -0.39394, -0.91914, 0.00000, 0.00000, 0.00000, 0.00000, 1.00000, 0.00000, 3.82529, 23.58939, 30.93183, 1.00000, align = { 0.00000, 0.00000 }, ignore = { 40, 30 }, },
				{ -0.95931, 0.28234, 0.00000, 0.00000, -0.28234, -0.95931, 0.00000, 0.00000, 0.00000, 0.00000, 1.00000, 0.00000, -4.91131, 23.11692, 21.93183, 1.00000, align = { 0.00000, 0.00000 }, ignore = { 41, 30 }, },
			},
			["asset/vegetation/hedge_3m.mdl"] = {
				{ -1.00000, 0.00000, -0.00000, 0.00000, -0.00000, -1.00000, -0.00000, 0.00000, -0.00000, 0.00000, 1.00000, 0.00000, 11.15725, 18.30971, 0.00000, 1.00000, },
				{ -1.00000, 0.00000, -0.00000, 0.00000, -0.00000, -1.00000, -0.00000, 0.00000, -0.00000, 0.00000, 1.00000, 0.00000, 11.15725, 15.60971, 0.00000, 1.00000, },
				{ -1.00000, 0.00000, -0.00000, 0.00000, -0.00000, -1.00000, -0.00000, 0.00000, -0.00000, 0.00000, 1.00000, 0.00000, 11.15725, 23.80971, 0.00000, 1.00000, },
				{ -1.00000, 0.00000, -0.00000, 0.00000, -0.00000, -1.00000, -0.00000, 0.00000, -0.00000, 0.00000, 1.00000, 0.00000, 11.15725, 12.60971, 0.00000, 1.00000, },
				{ -1.00000, 0.00000, -0.00000, 0.00000, -0.00000, -1.00000, -0.00000, 0.00000, -0.00000, 0.00000, 1.00000, 0.00000, 11.15725, 21.20971, 0.00000, 1.00000, },
				{ 0.00000, 1.00000, -0.00000, 0.00000, -1.00000, 0.00000, -0.00000, 0.00000, -0.00000, 0.00000, 1.00000, 0.00000, 9.75929, 11.17383, 0.00000, 1.00000, },
			},
			["station/rail/asset/era_a_street_pillar.mdl"] = {
				{ 1.00000, 0.00000, 0.00000, 0.00000, 0.00000, 1.00000, 0.00000, 0.00000, 0.00000, 0.00000, 1.00000, 0.00000, -8.00000, 1.00000, 0.00000, 1.00000, },
				{ 1.00000, 0.00000, 0.00000, 0.00000, 0.00000, 1.00000, 0.00000, 0.00000, 0.00000, 0.00000, 1.00000, 0.00000, -6.00000, 1.00000, 0.00000, 1.00000, },
				{ 1.00000, 0.00000, 0.00000, 0.00000, 0.00000, 1.00000, 0.00000, 0.00000, 0.00000, 0.00000, 1.00000, 0.00000, -4.00000, 1.00000, 0.00000, 1.00000, },
				{ 1.00000, 0.00000, 0.00000, 0.00000, 0.00000, 1.00000, 0.00000, 0.00000, 0.00000, 0.00000, 1.00000, 0.00000, -2.00000, 1.00000, 0.00000, 1.00000, },
				{ 1.00000, 0.00000, 0.00000, 0.00000, 0.00000, 1.00000, 0.00000, 0.00000, 0.00000, 0.00000, 1.00000, 0.00000, 0.00000, 1.00000, 0.00000, 1.00000, },
				{ 1.00000, 0.00000, 0.00000, 0.00000, 0.00000, 1.00000, 0.00000, 0.00000, 0.00000, 0.00000, 1.00000, 0.00000, 2.00000, 1.00000, 0.00000, 1.00000, },
				{ 1.00000, 0.00000, 0.00000, 0.00000, 0.00000, 1.00000, 0.00000, 0.00000, 0.00000, 0.00000, 1.00000, 0.00000, 4.00000, 1.00000, 0.00000, 1.00000, },
				{ 1.00000, 0.00000, 0.00000, 0.00000, 0.00000, 1.00000, 0.00000, 0.00000, 0.00000, 0.00000, 1.00000, 0.00000, 6.00000, 1.00000, 0.00000, 1.00000, },
				{ 1.00000, 0.00000, 0.00000, 0.00000, 0.00000, 1.00000, 0.00000, 0.00000, 0.00000, 0.00000, 1.00000, 0.00000, 8.00000, 1.00000, 0.00000, 1.00000, },
				{ 1.00000, 0.00000, 0.00000, 0.00000, 0.00000, 1.00000, 0.00000, 0.00000, 0.00000, 0.00000, 1.00000, 0.00000, 10.00000, 1.00000, 0.00000, 1.00000, },
			},
			["street/street_asset_mix/trash_standing_a.mdl"] = {
				{ 1.00000, 0.00000, 0.00000, 0.00000, 0.00000, 1.00000, 0.00000, 0.00000, 0.00000, 0.00000, 1.00000, 0.00000, 1.78000, 5.45000, 0.00000, 1.00000, },
				{ 1.00000, 0.00000, 0.00000, 0.00000, 0.00000, 1.00000, 0.00000, 0.00000, 0.00000, 0.00000, 1.00000, 0.00000, 5.75000, 3.94000, 0.00000, 1.00000, },
				{ 1.00000, 0.00000, 0.00000, 0.00000, 0.00000, 1.00000, 0.00000, 0.00000, 0.00000, 0.00000, 1.00000, 0.00000, -1.78000, 5.45000, 0.00000, 1.00000, },
				{ -0.00000, 1.00000, 0.00000, 0.00000, -1.00000, -0.00000, 0.00000, 0.00000, 0.00000, 0.00000, 1.00000, 0.00000, -0.00000, 23.89667, 0.00000, 1.00000, },
				{ 1.00000, 0.00000, 0.00000, 0.00000, 0.00000, 1.00000, 0.00000, 0.00000, 0.00000, 0.00000, 1.00000, 0.00000, -6.13000, 2.80000, 0.00000, 1.00000, },
			},
			["street/street_light_us_a.mdl"] = {
				{ 0.00000, 1.00000, 0.00000, 0.00000, -1.00000, 0.00000, 0.00000, 0.00000, 0.00000, 0.00000, 1.00000, 0.00000, -7.20001, 30.90000, 0.00000, 1.00000, },
				{ 0.00000, 1.00000, 0.00000, 0.00000, -1.00000, 0.00000, 0.00000, 0.00000, 0.00000, 0.00000, 1.00000, 0.00000, -2.39999, 30.90000, 0.00000, 1.00000, },
				{ 0.00000, 1.00000, 0.00000, 0.00000, -1.00000, 0.00000, 0.00000, 0.00000, 0.00000, 0.00000, 1.00000, 0.00000, 2.39999, 30.90000, 0.00000, 1.00000, },
				{ 0.00000, 1.00000, 0.00000, 0.00000, -1.00000, 0.00000, 0.00000, 0.00000, 0.00000, 0.00000, 1.00000, 0.00000, 7.20001, 30.90000, 0.00000, 1.00000, },
			},
		},
		groups = {
			["com_sunshades_all.grp"] = {
				{ 0.71464, 0.69950, -0.00000, 0.00000, -0.69950, 0.71464, -0.00000, 0.00000, -0.00000, 0.00000, 1.00000, 0.00000, 8.04000, 5.29000, 0.00000, 1.00000, seed = 456, },
				{ 0.87023, 0.49265, 0.00000, 0.00000, -0.49265, 0.87023, 0.00000, 0.00000, 0.00000, -0.00000, 1.00000, 0.00000, 7.96000, 8.44000, 0.00000, 1.00000, seed = 456, },
				{ 0.55881, -0.82929, 0.00000, 0.00000, 0.82929, 0.55881, -0.00000, 0.00000, 0.00000, 0.00000, 1.00000, 0.00000, 10.69000, 8.44000, 0.00000, 1.00000, seed = 456, },
			},
			["era_a_com_restaurant_chairs.grp"] = {
				{ 0.21243, -0.97718, 0.00000, 0.00000, 0.97718, 0.21243, 0.00000, 0.00000, -0.00000, 0.00000, 1.00000, 0.00000, 8.73205, 5.97803, 0.00000, 1.00000, seed = 456, },
				{ 0.13572, 0.99075, -0.00000, 0.00000, -0.99075, 0.13572, -0.00000, 0.00000, -0.00000, 0.00000, 1.00000, 0.00000, 7.30878, 5.80284, -0.00000, 1.00000, seed = 456, },
				{ 0.18052, -0.98357, 0.00000, 0.00000, 0.98357, 0.18052, 0.00000, 0.00000, -0.00000, 0.00000, 1.00000, 0.00000, 8.70849, 4.62823, 0.00000, 1.00000, seed = 456, },
				{ 0.03850, 0.99926, -0.00000, 0.00000, -0.99926, 0.03850, -0.00000, 0.00000, -0.00000, 0.00000, 1.00000, 0.00000, 7.27871, 4.65319, -0.00000, 1.00000, seed = 456, },
				{ 0.24869, -0.96858, -0.00000, 0.00000, 0.96858, 0.24869, 0.00000, 0.00000, -0.00000, -0.00000, 1.00000, 0.00000, 8.58743, 8.83830, 0.00000, 1.00000, seed = 456, },
				{ -0.03141, 0.99951, -0.00000, 0.00000, -0.99951, -0.03141, -0.00000, 0.00000, -0.00000, -0.00000, 1.00000, 0.00000, 7.15349, 8.82371, -0.00000, 1.00000, seed = 456, },
				{ 0.05401, -0.99854, -0.00000, 0.00000, 0.99854, 0.05401, 0.00000, 0.00000, -0.00000, -0.00000, 1.00000, 0.00000, 8.72949, 7.89898, 0.00000, 1.00000, seed = 456, },
				{ -0.09719, 0.99527, -0.00000, 0.00000, -0.99527, -0.09719, -0.00000, 0.00000, -0.00000, 0.00000, 1.00000, 0.00000, 7.31557, 7.68515, -0.00000, 1.00000, seed = 456, },
				{ 0.01745, -0.99985, 0.00000, 0.00000, 0.99985, 0.01745, 0.00000, 0.00000, -0.00000, 0.00000, 1.00000, 0.00000, 11.37769, 8.87806, 0.00000, 1.00000, seed = 456, },
				{ -0.12880, 0.99167, -0.00000, 0.00000, -0.99167, -0.12880, -0.00000, 0.00000, -0.00000, 0.00000, 1.00000, 0.00000, 9.95878, 8.95284, -0.00000, 1.00000, seed = 456, },
				{ -0.26902, -0.96313, -0.00000, 0.00000, 0.96313, -0.26902, 0.00000, 0.00000, -0.00000, 0.00000, 1.00000, 0.00000, 11.35849, 7.77823, 0.00000, 1.00000, seed = 456, },
				{ 0.07548, 0.99715, -0.00000, 0.00000, -0.99715, 0.07548, -0.00000, 0.00000, -0.00000, 0.00000, 1.00000, 0.00000, 9.92871, 7.80319, -0.00000, 1.00000, seed = 456, },
			},
			["era_a_garden_chair.grp"] = {
				{ -0.37784, 0.92587, 0.00000, 0.00000, -0.92587, -0.37784, 0.00000, 0.00000, 0.00000, 0.00000, 1.00000, 0.00000, -2.72432, 3.41061, 36.93182, 1.00000, align = { 0.00000, 0.00000 }, seed = 456, ignore = { 15, 20 }, },
				{ 0.25882, -0.96593, -0.00000, 0.00000, 0.96593, 0.25882, 0.00000, 0.00000, -0.00000, -0.00000, 1.00000, 0.00000, -1.54138, 3.81466, 36.93182, 1.00000, align = { 0.00000, 0.00000 }, seed = 456, ignore = { 16, 20 }, },
				{ 0.58779, 0.80902, 0.00000, 0.00000, -0.80902, 0.58779, 0.00000, 0.00000, 0.00000, 0.00000, 1.00000, 0.00000, 3.93511, 3.53767, 27.93183, 1.00000, align = { 0.00000, 0.00000 }, seed = 456, ignore = { 17, 20 }, },
				{ -0.80902, 0.58779, 0.00000, 0.00000, -0.58779, -0.80902, 0.00000, 0.00000, 0.00000, 0.00000, 1.00000, 0.00000, 3.91728, 2.64141, 27.93183, 1.00000, align = { 0.00000, 0.00000 }, seed = 456, ignore = { 18, 20 }, },
				{ -0.68455, -0.72897, -0.00000, 0.00000, 0.72897, -0.68455, 0.00000, 0.00000, -0.00000, 0.00000, 1.00000, 0.00000, 4.90187, 2.74521, 27.93183, 1.00000, align = { 0.00000, 0.00000 }, seed = 456, ignore = { 19, 20 }, },
				{ 0.97196, 0.23514, 0.00000, 0.00000, -0.23514, 0.97196, 0.00000, 0.00000, 0.00000, 0.00000, 1.00000, 0.00000, 3.84962, 3.43868, 12.93183, 1.00000, align = { 0.00000, 0.00000 }, seed = 456, ignore = { 20, 20 }, },
				{ 0.95424, -0.29904, 0.00000, 0.00000, 0.29904, 0.95424, 0.00000, 0.00000, -0.00000, -0.00000, 1.00000, 0.00000, 5.48283, 3.53207, 12.93183, 1.00000, align = { 0.00000, 0.00000 }, seed = 456, ignore = { 21, 20 }, },
				{ -0.06627, 0.99780, 0.00000, 0.00000, -0.99780, -0.06627, 0.00000, 0.00000, 0.00000, 0.00000, 1.00000, 0.00000, -3.11065, 3.25434, 15.93183, 1.00000, align = { 0.00000, 0.00000 }, seed = 456, ignore = { 22, 20 }, },
				{ -0.05931, -0.99824, -0.00000, 0.00000, 0.99824, -0.05931, 0.00000, 0.00000, -0.00000, 0.00000, 1.00000, 0.00000, -1.86065, 3.26434, 15.93183, 1.00000, align = { 0.00000, 0.00000 }, seed = 456, ignore = { 23, 20 }, },
				{ 0.37784, -0.92587, -0.00000, 0.00000, 0.92587, 0.37784, 0.00000, 0.00000, -0.00000, -0.00000, 1.00000, 0.00000, 2.97432, 23.62939, 36.93182, 1.00000, align = { 0.00000, 0.00000 }, seed = 456, ignore = { 42, 20 }, },
				{ -0.25882, 0.96593, -0.00000, 0.00000, -0.96593, -0.25882, 0.00000, 0.00000, 0.00000, 0.00000, 1.00000, 0.00000, 1.79138, 23.22534, 36.93182, 1.00000, align = { 0.00000, 0.00000 }, seed = 456, ignore = { 43, 20 }, },
				{ -0.58779, -0.80902, 0.00000, 0.00000, 0.80902, -0.58779, -0.00000, 0.00000, 0.00000, 0.00000, 1.00000, 0.00000, -3.68512, 23.26233, 27.93183, 1.00000, align = { 0.00000, 0.00000 }, seed = 456, ignore = { 44, 20 }, },
				{ 0.80902, -0.58779, -0.00000, 0.00000, 0.58779, 0.80902, -0.00000, 0.00000, 0.00000, 0.00000, 1.00000, 0.00000, -3.66728, 24.15859, 27.93183, 1.00000, align = { 0.00000, 0.00000 }, seed = 456, ignore = { 45, 20 }, },
				{ 0.68455, 0.72897, -0.00000, 0.00000, -0.72897, 0.68455, 0.00000, 0.00000, 0.00000, -0.00000, 1.00000, 0.00000, -4.65187, 24.05479, 27.93183, 1.00000, align = { 0.00000, 0.00000 }, seed = 456, ignore = { 46, 20 }, },
				{ -0.97196, -0.23514, 0.00000, 0.00000, 0.23514, -0.97196, -0.00000, 0.00000, 0.00000, -0.00000, 1.00000, 0.00000, -3.59962, 23.36132, 12.93183, 1.00000, align = { 0.00000, 0.00000 }, seed = 456, ignore = { 47, 20 }, },
				{ -0.95424, 0.29904, 0.00000, 0.00000, -0.29904, -0.95424, 0.00000, 0.00000, 0.00000, 0.00000, 1.00000, 0.00000, -5.23283, 23.26793, 12.93183, 1.00000, align = { 0.00000, 0.00000 }, seed = 456, ignore = { 48, 20 }, },
				{ 0.06627, -0.99780, -0.00000, 0.00000, 0.99780, 0.06627, 0.00000, 0.00000, 0.00000, -0.00000, 1.00000, 0.00000, 3.36065, 23.54565, 15.93183, 1.00000, align = { 0.00000, 0.00000 }, seed = 456, ignore = { 49, 20 }, },
				{ 0.05931, 0.99824, -0.00000, 0.00000, -0.99824, 0.05931, 0.00000, 0.00000, 0.00000, -0.00000, 1.00000, 0.00000, 2.11065, 23.53566, 15.93183, 1.00000, align = { 0.00000, 0.00000 }, seed = 456, ignore = { 50, 20 }, },
			},
			["era_b_awning_shops_end.grp"] = {
				{ 0.95500, 0.00000, 0.00000, 0.00000, 0.00000, 0.95500, 0.00000, 0.00000, 0.00000, 0.00000, 0.95500, 0.00000, -1.48750, 3.16500, 3.12500, 1.00000, align = { 0.00000, 0.00000 }, seed = 768, },
				{ -0.00000, -0.95500, 0.00000, 0.00000, 0.95500, -0.00000, 0.00000, 0.00000, 0.00000, 0.00000, 0.95500, 0.00000, -6.46326, 5.10699, 3.12500, 1.00000, align = { 0.00000, 0.00000 }, seed = 768, },
			},
			["era_b_awning_shops_repeat.grp"] = {
				{ 0.95500, 0.00000, 0.00000, 0.00000, 0.00000, 0.95500, 0.00000, 0.00000, 0.00000, 0.00000, 0.95500, 0.00000, -1.48750, 3.16500, 3.12500, 1.00000, align = { 0.00000, 0.00000 }, seed = 768, },
				{ 0.95500, 0.00000, 0.00000, 0.00000, 0.00000, 0.95500, 0.00000, 0.00000, 0.00000, 0.00000, 0.95500, 0.00000, -4.35250, 3.16500, 3.12500, 1.00000, align = { 0.00000, 0.00000 }, seed = 768, },
				{ -0.00000, -0.95500, 0.00000, 0.00000, 0.95500, -0.00000, 0.00000, 0.00000, 0.00000, 0.00000, 0.95500, 0.00000, -6.46326, 5.10699, 3.12500, 1.00000, align = { 0.00000, 0.00000 }, seed = 768, },
				{ -0.00000, -0.95500, 0.00000, 0.00000, 0.95500, -0.00000, 0.00000, 0.00000, 0.00000, 0.00000, 0.95500, 0.00000, -6.46326, 10.83699, 3.12500, 1.00000, align = { 0.00000, 0.00000 }, seed = 768, },
				{ -0.00000, -0.95500, 0.00000, 0.00000, 0.95500, -0.00000, 0.00000, 0.00000, 0.00000, 0.00000, 0.95500, 0.00000, -6.46326, 7.97199, 3.12500, 1.00000, align = { 0.00000, 0.00000 }, seed = 768, },
			},
			["era_b_awning_shops_start.grp"] = {
				{ 0.95500, 0.00000, 0.00000, 0.00000, 0.00000, 0.95500, 0.00000, 0.00000, 0.00000, 0.00000, 0.95500, 0.00000, -4.35250, 3.16500, 3.12500, 1.00000, align = { 0.00000, 0.00000 }, seed = 768, },
				{ -0.00000, -0.95500, 0.00000, 0.00000, 0.95500, -0.00000, 0.00000, 0.00000, 0.00000, 0.00000, 0.95500, 0.00000, -6.46326, 10.83699, 3.12500, 1.00000, align = { 0.00000, 0.00000 }, seed = 768, },
			},
			["era_b_com_restaurant_tables.grp"] = {
				{ -0.01745, -0.99985, 0.00000, 0.00000, 0.99985, -0.01745, 0.00000, 0.00000, -0.00000, 0.00000, 1.00000, 0.00000, 8.04000, 5.29000, 0.00000, 1.00000, seed = 456, },
				{ 0.14954, -0.98876, -0.00000, 0.00000, 0.98876, 0.14954, 0.00000, 0.00000, -0.00000, -0.00000, 1.00000, 0.00000, 7.96000, 8.44000, 0.00000, 1.00000, seed = 456, },
				{ -0.01745, -0.99985, 0.00000, 0.00000, 0.99985, -0.01745, 0.00000, 0.00000, -0.00000, 0.00000, 1.00000, 0.00000, 10.69000, 8.44000, 0.00000, 1.00000, seed = 456, },
			},
			["era_b_food_booth_01.grp"] = {
				{ -0.00000, -1.00000, 0.00000, 0.00000, 1.00000, -0.00000, -0.00000, 0.00000, 0.00000, -0.00000, 1.00000, 0.00000, -6.68000, 10.91167, 0.00000, 1.00000, seed = 768, ignore = { 2, 25 }, },
			},
			["era_b_food_booth_02.grp"] = {
				{ -0.00000, -1.00000, 0.00000, 0.00000, 1.00000, -0.00000, -0.00000, 0.00000, 0.00000, -0.00000, 1.00000, 0.00000, -6.68000, 5.09167, -0.00000, 1.00000, seed = 768, ignore = { 2, 25 }, },
			},
			["era_b_food_store_ground_sign.grp"] = {
				{ 0.86777, -0.49697, 0.00000, 0.00000, 0.49697, 0.86777, 0.00000, 0.00000, 0.00000, 0.00000, 1.00000, 0.00000, -7.47000, 6.69000, 0.00000, 1.00000, seed = 768, ignore = { 3, 50 }, },
			},
			["era_b_food_store_sign_big.grp"] = {
				{ 0.89500, 0.00000, 0.00000, 0.00000, 0.00000, 0.89500, 0.00000, 0.00000, 0.00000, 0.00000, 0.89500, 0.00000, -2.92871, 3.14941, 3.59973, 1.00000, align = { 0.00000, 0.00000 }, seed = 768, },
				{ 0.00000, -0.89500, 0.00000, 0.00000, 0.89500, 0.00000, 0.00000, 0.00000, 0.00000, 0.00000, 0.89500, 0.00000, -6.47784, 7.97199, 3.60134, 1.00000, align = { 0.00000, 0.00000 }, seed = 768, },
			},
			["era_b_food_store_wall_sign.grp"] = {
				{ 1.00000, 0.00000, 0.00000, 0.00000, 0.00000, 1.00000, 0.00000, 0.00000, 0.00000, 0.00000, 1.00000, 0.00000, -6.49870, 1.95526, 6.43000, 1.00000, align = { 0.00000, 0.00000 }, seed = 768, },
				{ -0.00000, -1.00000, 0.00000, 0.00000, 1.00000, -0.00000, 0.00000, 0.00000, 0.00000, 0.00000, 1.00000, 0.00000, -7.67212, 12.83656, 6.43000, 1.00000, align = { 0.00000, 0.00000 }, seed = 768, },
			},
			["era_b_neon_wall_sign_food.grp"] = {
				{ -0.00000, 0.70000, 0.00000, 0.00000, -0.70000, -0.00000, -0.00000, 0.00000, 0.00000, -0.00000, 0.70000, 0.00000, -7.67218, 7.91097, 19.66732, 1.00000, align = { 0.00000, 0.00000 }, seed = 768, },
			},
			["era_b_neon_wall_sign_fun.grp"] = {
				{ -0.00000, 0.70000, 0.00000, 0.00000, -0.70000, -0.00000, -0.00000, 0.00000, 0.00000, -0.00000, 0.70000, 0.00000, -7.67218, 7.91097, 32.01731, 1.00000, align = { 0.00000, 0.00000 }, seed = 768, },
			},
			["era_b_restaurant_ground_sign.grp"] = {
				{ -0.69340, -0.72055, 0.00000, 0.00000, 0.72055, -0.69340, 0.00000, 0.00000, 0.00000, 0.00000, 1.00000, 0.00000, 3.62000, 2.50000, 0.00000, 1.00000, seed = 456, ignore = { 4, 60 }, },
			},
			["era_b_restaurant_sign_big.grp"] = {
				{ 0.54630, 0.00000, 0.00000, 0.00000, 0.00000, 0.54630, 0.00000, 0.00000, 0.00000, 0.00000, 0.54630, 0.00000, 4.57751, 3.14941, 3.61213, 1.00000, align = { 0.00000, 0.00000 }, seed = 456, },
				{ -0.00000, 0.54630, 0.00000, 0.00000, -0.54630, -0.00000, 0.00000, 0.00000, 0.00000, 0.00000, 0.54630, 0.00000, 6.62751, 5.58023, 3.61213, 1.00000, align = { 0.00000, 0.00000 }, seed = 456, },
				{ -0.00000, 0.54630, 0.00000, 0.00000, -0.54630, -0.00000, 0.00000, 0.00000, 0.00000, 0.00000, 0.54630, 0.00000, 6.62751, 8.58023, 3.61213, 1.00000, align = { 0.00000, 0.00000 }, seed = 456, },
			},
			["era_b_restaurant_sign_small.grp"] = {
				{ 0.70725, 0.00000, 0.00000, 0.00000, 0.00000, 0.70725, 0.00000, 0.00000, 0.00000, 0.00000, 0.70725, 0.00000, 1.57751, 3.14941, 3.60875, 1.00000, align = { 0.00000, 0.00000 }, seed = 456, },
			},
			["era_b_restaurant_wall_sign_big.grp"] = {
				{ 0.67275, 0.00000, 0.00000, 0.00000, 0.00000, 0.67275, 0.00000, 0.00000, 0.00000, 0.00000, 0.67275, 0.00000, 7.10187, 1.95526, 7.11934, 1.00000, align = { 0.00000, 0.00000 }, seed = 456, },
			},
			["era_b_restaurant_wall_sign_small.grp"] = {
				{ 1.00000, 0.00000, 0.00000, 0.00000, 0.00000, 1.00000, 0.00000, 0.00000, 0.00000, 0.00000, 1.00000, 0.00000, 6.32849, 3.15930, 4.41574, 1.00000, align = { 0.00000, 0.00000 }, seed = 456, },
			},
			["era_b_sunshade_small.grp"] = {
				{ -0.75011, 0.66131, 0.00000, 0.00000, -0.66131, -0.75011, 0.00000, 0.00000, 0.00000, 0.00000, 1.00000, 0.00000, 4.70054, 3.35001, 13.05182, 1.00000, align = { 0.00000, 0.00000 }, ignore = { 5, 50 }, },
				{ -0.98229, -0.18738, 0.00000, 0.00000, 0.18738, -0.98229, 0.00000, 0.00000, 0.00000, 0.00000, 1.00000, 0.00000, -2.27845, 2.86171, 25.05182, 1.00000, align = { 0.00000, 0.00000 }, ignore = { 24, 50 }, },
				{ -0.98229, -0.18738, 0.00000, 0.00000, 0.18738, -0.98229, 0.00000, 0.00000, 0.00000, 0.00000, 1.00000, 0.00000, -4.20427, 2.63131, 31.05183, 1.00000, align = { 0.00000, 0.00000 }, ignore = { 25, 50 }, },
				{ -0.91355, -0.40674, 0.00000, 0.00000, 0.40674, -0.91355, 0.00000, 0.00000, 0.00000, 0.00000, 1.00000, 0.00000, 4.62005, 3.15946, 37.05182, 1.00000, align = { 0.00000, 0.00000 }, ignore = { 26, 50 }, },
				{ -0.75700, -0.65342, 0.00000, 0.00000, 0.65342, -0.75700, 0.00000, 0.00000, 0.00000, 0.00000, 1.00000, 0.00000, 4.26632, 2.81140, 22.05182, 1.00000, align = { 0.00000, 0.00000 }, ignore = { 27, 50 }, },
				{ -0.85896, -0.51204, 0.00000, 0.00000, 0.51204, -0.85896, 0.00000, 0.00000, 0.00000, 0.00000, 1.00000, 0.00000, -2.51175, 2.88430, 9.93182, 1.00000, align = { 0.00000, 0.00000 }, ignore = { 28, 50 }, },
				{ -0.79404, -0.28901, 0.00000, 0.00000, 0.28901, -0.79404, 0.00000, 0.00000, 0.00000, 0.00000, 0.84500, 0.00000, 4.41173, 3.10637, 28.05998, 1.00000, align = { 0.00000, 0.00000 }, ignore = { 29, 50 }, },
				{ -0.93106, 0.36488, 0.00000, 0.00000, -0.36488, -0.93106, 0.00000, 0.00000, 0.00000, 0.00000, 1.00000, 0.00000, -2.24199, 2.91072, 19.05182, 1.00000, align = { 0.00000, 0.00000 }, ignore = { 30, 50 }, },
				{ -0.74977, -0.37874, 0.00000, 0.00000, 0.37874, -0.74977, 0.00000, 0.00000, 0.00000, 0.00000, 0.84000, 0.00000, -2.02062, 2.67025, 34.05182, 1.00000, align = { 0.00000, 0.00000 }, ignore = { 31, 50 }, },
				{ 0.75011, -0.66131, -0.00000, 0.00000, 0.66131, 0.75011, 0.00000, 0.00000, 0.00000, -0.00000, 1.00000, 0.00000, -4.45054, 23.44999, 13.05182, 1.00000, align = { 0.00000, 0.00000 }, ignore = { 32, 50 }, },
				{ 0.98229, 0.18738, -0.00000, 0.00000, -0.18738, 0.98229, 0.00000, 0.00000, 0.00000, -0.00000, 1.00000, 0.00000, 2.52845, 23.93829, 25.05182, 1.00000, align = { 0.00000, 0.00000 }, ignore = { 51, 50 }, },
				{ 0.98229, 0.18738, -0.00000, 0.00000, -0.18738, 0.98229, 0.00000, 0.00000, 0.00000, -0.00000, 1.00000, 0.00000, 4.45427, 24.16869, 31.05183, 1.00000, align = { 0.00000, 0.00000 }, ignore = { 52, 50 }, },
				{ 0.91355, 0.40674, -0.00000, 0.00000, -0.40674, 0.91355, 0.00000, 0.00000, 0.00000, -0.00000, 1.00000, 0.00000, -4.37005, 23.64053, 37.05182, 1.00000, align = { 0.00000, 0.00000 }, ignore = { 53, 50 }, },
				{ 0.75699, 0.65342, -0.00000, 0.00000, -0.65342, 0.75699, 0.00000, 0.00000, 0.00000, -0.00000, 1.00000, 0.00000, -4.01633, 23.98860, 22.05182, 1.00000, align = { 0.00000, 0.00000 }, ignore = { 54, 50 }, },
				{ 0.85896, 0.51204, -0.00000, 0.00000, -0.51204, 0.85896, 0.00000, 0.00000, 0.00000, -0.00000, 1.00000, 0.00000, 2.76175, 23.91570, 9.93182, 1.00000, align = { 0.00000, 0.00000 }, ignore = { 55, 50 }, },
				{ 0.79404, 0.28901, -0.00000, 0.00000, -0.28901, 0.79404, 0.00000, 0.00000, 0.00000, -0.00000, 0.84500, 0.00000, -4.16173, 23.69363, 28.05998, 1.00000, align = { 0.00000, 0.00000 }, ignore = { 56, 50 }, },
				{ 0.93106, -0.36488, -0.00000, 0.00000, 0.36488, 0.93106, 0.00000, 0.00000, 0.00000, -0.00000, 1.00000, 0.00000, 2.49199, 23.88928, 19.05182, 1.00000, align = { 0.00000, 0.00000 }, ignore = { 57, 50 }, },
				{ 0.74977, 0.37874, -0.00000, 0.00000, -0.37874, 0.74977, 0.00000, 0.00000, 0.00000, -0.00000, 0.84000, 0.00000, 2.27061, 24.12975, 34.05182, 1.00000, align = { 0.00000, 0.00000 }, ignore = { 58, 50 }, },
			},
			["garden_table_round.grp"] = {
				{ 0.94888, 0.31565, 0.00000, 0.00000, -0.31565, 0.94888, 0.00000, 0.00000, 0.00000, 0.00000, 1.00000, 0.00000, -2.12969, 3.61896, 36.93182, 1.00000, align = { 0.00000, 0.00000 }, seed = 456, },
				{ 0.76828, -0.64011, 0.00000, 0.00000, 0.64011, 0.76828, 0.00000, 0.00000, 0.00000, 0.00000, 1.00000, 0.00000, 4.42553, 3.14208, 27.93183, 1.00000, align = { 0.00000, 0.00000 }, seed = 456, },
				{ 0.97113, -0.23853, 0.00000, 0.00000, 0.23853, 0.97113, 0.00000, 0.00000, 0.00000, 0.00000, 1.00000, 0.00000, 4.70622, 3.37148, 12.93183, 1.00000, align = { 0.00000, 0.00000 }, seed = 456, },
				{ 1.00000, 0.00000, 0.00000, 0.00000, 0.00000, 1.00000, 0.00000, 0.00000, 0.00000, 0.00000, 1.00000, 0.00000, -2.48065, 3.26434, 15.93183, 1.00000, align = { 0.00000, 0.00000 }, seed = 456, },
				{ -0.94888, -0.31565, -0.00000, 0.00000, 0.31565, -0.94888, -0.00000, 0.00000, -0.00000, -0.00000, 1.00000, 0.00000, 2.37968, 23.42104, 36.93182, 1.00000, align = { 0.00000, 0.00000 }, seed = 456, },
				{ -0.76828, 0.64011, 0.00000, 0.00000, -0.64011, -0.76828, 0.00000, 0.00000, 0.00000, 0.00000, 1.00000, 0.00000, -4.17554, 23.65792, 27.93183, 1.00000, align = { 0.00000, 0.00000 }, seed = 456, },
				{ -0.97113, 0.23853, 0.00000, 0.00000, -0.23853, -0.97113, 0.00000, 0.00000, 0.00000, 0.00000, 1.00000, 0.00000, -4.45622, 23.42852, 12.93183, 1.00000, align = { 0.00000, 0.00000 }, seed = 456, },
				{ -1.00000, -0.00000, 0.00000, 0.00000, 0.00000, -1.00000, 0.00000, 0.00000, -0.00000, 0.00000, 1.00000, 0.00000, 2.73065, 23.53566, 15.93183, 1.00000, align = { 0.00000, 0.00000 }, seed = 456, },
			},
			["random_shrub_town.grp"] = {
				{ -0.66649, -0.21399, 0.00000, 0.00000, 0.21399, -0.66649, 0.00000, 0.00000, 0.00000, 0.00000, 0.70000, 0.00000, -10.82562, 0.83008, 0.00000, 1.00000, align = { -10.80000, 1.80000 }, },
				{ 0.35843, 0.60127, 0.00000, 0.00000, -0.60127, 0.35843, 0.00000, 0.00000, 0.00000, 0.00000, 0.70000, 0.00000, -10.82562, 1.83008, 0.00000, 1.00000, align = { -10.80000, 1.80000 }, },
				{ 0.69884, 0.04029, 0.00000, 0.00000, -0.04029, 0.69884, 0.00000, 0.00000, 0.00000, 0.00000, 0.70000, 0.00000, -10.85562, 2.58008, 0.00000, 1.00000, align = { -10.80000, 1.80000 }, },
				{ -0.66649, -0.21399, 0.00000, 0.00000, 0.21399, -0.66649, 0.00000, 0.00000, 0.00000, 0.00000, 0.70000, 0.00000, 10.77438, 0.83008, 0.00000, 1.00000, align = { 10.80000, 1.80000 }, },
				{ 0.35843, 0.60127, 0.00000, 0.00000, -0.60127, 0.35843, 0.00000, 0.00000, 0.00000, 0.00000, 0.70000, 0.00000, 10.77438, 1.83008, 0.00000, 1.00000, align = { 10.80000, 1.80000 }, },
				{ 0.69884, 0.04029, 0.00000, 0.00000, -0.04029, 0.69884, 0.00000, 0.00000, 0.00000, 0.00000, 0.70000, 0.00000, 10.74438, 2.58008, 0.00000, 1.00000, align = { 10.80000, 1.80000 }, },
			},
		},
	},
}
--End Generated

function data()
	return townbuildingutil.make_building2(
		{ { -4.60, -0.10 }, { 4.60, -0.10 }, { 4.60, 9.10 }, { -4.60, 9.10 } },
		"COMMERCIAL", 
		"B", 
		3,
		{ 3, 4 },
		generatedData,
		"construction/building/era_b/com_3_3x4_03.gtex"
	)
end
