local townbuildingutil = require "townbuildingutil"

--Model file: "building/era_b/com_2_1x2_01.mdl"

--Begin Generated
local generatedData = {
	["base"] = {
		models = {
			["building/era_b/com_2_1x2_01.mdl"] = {
				{ 1.00000, 0.00000, 0.00000, 0.00000, 0.00000, 1.00000, 0.00000, 0.00000, 0.00000, 0.00000, 1.00000, 0.00000, 0.00000, 0.00000, 0.00000, 1.00000, },
			},
		},
		curves = {
			["scaffold"] = {
				{ { 3.36208, 1.99731, 0.00000 }, { 3.36208, 1.99731, 0.00000 }, { 3.36208, 10.79736, 0.00000 }, { 3.36208, 10.79736, 0.00000 }, { 3.36208, 10.79736, 0.00000 }, { -3.44167, 10.79736, 0.00000 }, { -3.44167, 10.79736, 0.00000 }, { -3.44167, 10.79736, 0.00000 }, { -3.44167, 1.99731, 0.00000 }, { -3.44167, 1.99731, 0.00000 }, },
			},
			["shared/asphalt_02.gtex.lua;shared/dirt.gtex.lua"] = {
				{ { 4.00000, 0.00000, 0.00000 }, { 4.00000, 0.00000, 0.00000 }, { 4.00000, 11.00000, 0.00000 }, { 4.00000, 11.00000, 0.00000 }, { 4.00000, 11.00000, 0.00000 }, { -4.00000, 11.00000, 0.00000 }, { -4.00000, 11.00000, 0.00000 }, { -4.00000, 11.00000, 0.00000 }, { -4.00000, 0.00000, 0.00000 }, { -4.00000, 0.00000, 0.00000 }, },
			},
			["shared/grass_cutted_01.gtex.lua"] = {
				{ { 4.00000, 14.00000, 0.00000 }, { 4.00000, 14.00000, 0.00000 }, { 4.00000, 16.00000, 0.00000 }, { 4.00000, 16.00000, 0.00000 }, { 4.00000, 16.00000, 0.00000 }, { -4.00000, 16.00000, 0.00000 }, { -4.00000, 16.00000, 0.00000 }, { -4.00000, 16.00000, 0.00000 }, { -4.00000, 14.00000, 0.00000 }, { -4.00000, 14.00000, 0.00000 }, },
			},
			["shared/gravel_02.gtex.lua"] = {
				{ { 4.00000, 11.00000, 0.00000 }, { 4.00000, 11.00000, 0.00000 }, { 4.00000, 14.00000, 0.00000 }, { 4.00000, 14.00000, 0.00000 }, { 4.00000, 14.00000, 0.00000 }, { -4.00000, 14.00000, 0.00000 }, { -4.00000, 14.00000, 0.00000 }, { -4.00000, 14.00000, 0.00000 }, { -4.00000, 11.00000, 0.00000 }, { -4.00000, 11.00000, 0.00000 }, },
			},
		},
	},
	["layout_1"] = {
		models = {
			["asset/commercial/all_eras/era_b_com_wall.mdl"] = {
				{ 1.33350, 0.00000, 0.00000, 0.00000, -0.00000, 1.00000, -0.00000, 0.00000, -0.00000, -0.00000, 1.00000, 0.00000, 2.00075, 15.85000, 0.00000, 1.00000, },
				{ 1.33350, 0.00000, 0.00000, 0.00000, -0.00000, 1.00000, -0.00000, 0.00000, -0.00000, -0.00000, 1.00000, 0.00000, -1.99975, 15.85000, 0.00000, 1.00000, },
			},
			["asset/vegetation/hedge_3m.mdl"] = {
				{ -0.00000, -1.00000, -0.00000, 0.00000, 1.13400, -0.00000, -0.00000, 0.00000, 0.00000, -0.00000, 1.00000, 0.00000, -1.86275, 15.25471, 0.00000, 1.00000, },
				{ -0.00000, -1.00000, -0.00000, 0.00000, 1.13400, -0.00000, -0.00000, 0.00000, 0.00000, -0.00000, 1.00000, 0.00000, 1.79725, 15.25471, 0.00000, 1.00000, },
			},
		},
		groups = {
			["com_sunshades_vintage.grp"] = {
				{ 0.97042, -0.24141, 0.00000, 0.00000, 0.24141, 0.97042, 0.00000, 0.00000, 0.00000, 0.00000, 1.00000, 0.00000, -2.08000, 12.56130, 0.00000, 1.00000, seed = 64, ignore = { 2, 50 }, },
				{ 0.36348, 0.93160, 0.00000, 0.00000, -0.93160, 0.36348, 0.00000, 0.00000, 0.00000, 0.00000, 1.00000, 0.00000, 1.92000, 12.47130, 0.00000, 1.00000, seed = 64, ignore = { 2, 50 }, },
			},
			["era_a_com_2_asset_hotel_door_awning_round.grp"] = {
				{ 0.71400, 0.00000, 0.00000, 0.00000, 0.00000, 0.71400, 0.00000, 0.00000, 0.00000, 0.00000, 0.62495, 0.00000, 1.46313, 2.54785, 6.69757, 1.00000, align = { 0.00000, 0.00000 }, seed = 895, },
				{ 0.71400, 0.00000, 0.00000, 0.00000, 0.00000, 0.71400, 0.00000, 0.00000, 0.00000, 0.00000, 0.62495, 0.00000, -1.06687, 2.54785, 6.69757, 1.00000, align = { 0.00000, 0.00000 }, seed = 895, },
				{ 1.00000, 0.00000, 0.00000, 0.00000, 0.00000, 1.00000, 0.00000, 0.00000, 0.00000, 0.00000, 1.00000, 0.00000, -1.06687, 2.40785, 3.04757, 1.00000, align = { 0.00000, 0.00000 }, seed = 895, },
				{ 0.71400, 0.00000, 0.00000, 0.00000, 0.00000, 0.71400, 0.00000, 0.00000, 0.00000, 0.00000, 0.62495, 0.00000, 1.46313, 2.54785, 9.71757, 1.00000, align = { 0.00000, 0.00000 }, seed = 895, },
				{ 0.71400, 0.00000, 0.00000, 0.00000, 0.00000, 0.71400, 0.00000, 0.00000, 0.00000, 0.00000, 0.62495, 0.00000, -1.06687, 2.54785, 9.71757, 1.00000, align = { 0.00000, 0.00000 }, seed = 895, },
				{ -0.00000, 0.71400, 0.00000, 0.00000, -0.71400, -0.00000, 0.00000, 0.00000, 0.00000, 0.00000, 0.62495, 0.00000, 2.90813, 7.79285, 6.69757, 1.00000, align = { 0.00000, 0.00000 }, seed = 895, },
				{ -0.71400, -0.00000, 0.00000, 0.00000, 0.00000, -0.71400, 0.00000, 0.00000, 0.00000, 0.00000, 0.62495, 0.00000, -0.05187, 10.25285, 6.69757, 1.00000, align = { 0.00000, 0.00000 }, seed = 895, },
				{ 0.00000, -0.71400, 0.00000, 0.00000, 0.71400, 0.00000, 0.00000, 0.00000, 0.00000, 0.00000, 0.62495, 0.00000, -2.89187, 6.66285, 6.69757, 1.00000, align = { 0.00000, 0.00000 }, seed = 895, },
				{ -0.00000, 0.71400, 0.00000, 0.00000, -0.71400, -0.00000, 0.00000, 0.00000, 0.00000, 0.00000, 0.62495, 0.00000, 2.90813, 7.79285, 2.48757, 1.00000, align = { 0.00000, 0.00000 }, seed = 895, },
				{ 0.00000, -0.71400, 0.00000, 0.00000, 0.71400, 0.00000, 0.00000, 0.00000, 0.00000, 0.00000, 0.62495, 0.00000, -2.89187, 6.66285, 2.48757, 1.00000, align = { 0.00000, 0.00000 }, seed = 895, },
				{ -0.00000, 0.71400, 0.00000, 0.00000, -0.71400, -0.00000, 0.00000, 0.00000, 0.00000, 0.00000, 0.62495, 0.00000, 2.90813, 5.02285, 6.69757, 1.00000, align = { 0.00000, 0.00000 }, seed = 895, },
				{ 0.00000, -0.71400, 0.00000, 0.00000, 0.71400, 0.00000, 0.00000, 0.00000, 0.00000, 0.00000, 0.62495, 0.00000, -2.89187, 4.12285, 6.69757, 1.00000, align = { 0.00000, 0.00000 }, seed = 895, },
				{ -0.00000, 0.71400, 0.00000, 0.00000, -0.71400, -0.00000, 0.00000, 0.00000, 0.00000, 0.00000, 0.62495, 0.00000, 2.90813, 5.02285, 2.48757, 1.00000, align = { 0.00000, 0.00000 }, seed = 895, },
				{ 0.00000, -0.71400, 0.00000, 0.00000, 0.71400, 0.00000, 0.00000, 0.00000, 0.00000, 0.00000, 0.62495, 0.00000, -2.89187, 4.12285, 2.48757, 1.00000, align = { 0.00000, 0.00000 }, seed = 895, },
				{ -0.00000, 0.71400, 0.00000, 0.00000, -0.71400, -0.00000, 0.00000, 0.00000, 0.00000, 0.00000, 0.62495, 0.00000, 2.90813, 7.79285, 9.71757, 1.00000, align = { 0.00000, 0.00000 }, seed = 895, },
				{ -0.71400, -0.00000, 0.00000, 0.00000, 0.00000, -0.71400, 0.00000, 0.00000, 0.00000, 0.00000, 0.62495, 0.00000, -0.05187, 10.25285, 9.71757, 1.00000, align = { 0.00000, 0.00000 }, seed = 895, },
				{ 0.00000, -0.71400, 0.00000, 0.00000, 0.71400, 0.00000, 0.00000, 0.00000, 0.00000, 0.00000, 0.62495, 0.00000, -2.89187, 6.66285, 9.71757, 1.00000, align = { 0.00000, 0.00000 }, seed = 895, },
				{ -0.00000, 0.71400, 0.00000, 0.00000, -0.71400, -0.00000, 0.00000, 0.00000, 0.00000, 0.00000, 0.62495, 0.00000, 2.90813, 5.02285, 9.71757, 1.00000, align = { 0.00000, 0.00000 }, seed = 895, },
				{ 0.00000, -0.71400, 0.00000, 0.00000, 0.71400, 0.00000, 0.00000, 0.00000, 0.00000, 0.00000, 0.62495, 0.00000, -2.89187, 4.12285, 9.71757, 1.00000, align = { 0.00000, 0.00000 }, seed = 895, },
			},
			["era_a_garden_chair.grp"] = {
				{ 0.80073, -0.59902, 0.00000, 0.00000, 0.59902, 0.80073, 0.00000, 0.00000, 0.00000, 0.00000, 1.00000, 0.00000, -1.73176, 13.07582, 0.00000, 1.00000, seed = 64, ignore = { 2, 50 }, },
				{ 0.44776, 0.89415, 0.00000, 0.00000, -0.89415, 0.44776, 0.00000, 0.00000, 0.00000, 0.00000, 1.00000, 0.00000, -2.62844, 12.87148, 0.00000, 1.00000, seed = 64, ignore = { 2, 50 }, },
				{ -0.95630, 0.29237, -0.00000, 0.00000, -0.29237, -0.95630, 0.00000, 0.00000, -0.00000, 0.00000, 1.00000, 0.00000, -2.44527, 11.85967, 0.00000, 1.00000, seed = 64, ignore = { 2, 50 }, },
				{ -0.55630, -0.83098, -0.00000, 0.00000, 0.83098, -0.55630, 0.00000, 0.00000, -0.00000, 0.00000, 1.00000, 0.00000, -1.54524, 12.24756, 0.00000, 1.00000, seed = 64, ignore = { 2, 50 }, },
				{ 0.99377, -0.11147, 0.00000, 0.00000, 0.11147, 0.99377, 0.00000, 0.00000, 0.00000, 0.00000, 1.00000, 0.00000, 1.96000, 13.09130, 0.00000, 1.00000, seed = 64, ignore = { 2, 50 }, },
				{ -0.06627, 0.99780, 0.00000, 0.00000, -0.99780, -0.06627, 0.00000, 0.00000, 0.00000, 0.00000, 1.00000, 0.00000, 1.29000, 12.46130, 0.00000, 1.00000, seed = 64, ignore = { 2, 50 }, },
				{ -0.99897, -0.04536, -0.00000, 0.00000, 0.04536, -0.99897, 0.00000, 0.00000, -0.00000, 0.00000, 1.00000, 0.00000, 1.92000, 11.84130, 0.00000, 1.00000, seed = 64, ignore = { 2, 50 }, },
				{ -0.05931, -0.99824, -0.00000, 0.00000, 0.99824, -0.05931, 0.00000, 0.00000, -0.00000, 0.00000, 1.00000, 0.00000, 2.54000, 12.47130, 0.00000, 1.00000, seed = 64, ignore = { 2, 50 }, },
			},
			["era_b_hotel_sign_mini.grp"] = {
				{ 0.78000, 0.00000, 0.00000, 0.00000, 0.00000, 0.78000, 0.00000, 0.00000, 0.00000, 0.00000, 0.78000, 0.00000, -0.98759, 2.39740, 3.53308, 1.00000, align = { 0.00000, 0.00000 }, seed = 895, },
			},
			["era_b_hotel_wall_sign_02.grp"] = {
				{ 0.62000, 0.00000, 0.00000, 0.00000, 0.00000, 0.62000, 0.00000, 0.00000, 0.00000, 0.00000, 0.62000, 0.00000, 2.71479, 2.39740, 7.31200, 1.00000, align = { 0.00000, 0.00000 }, seed = 895, },
			},
			["garden_table_round.grp"] = {
				{ 0.86251, -0.50603, 0.00000, 0.00000, 0.50603, 0.86251, 0.00000, 0.00000, 0.00000, 0.00000, 1.00000, 0.00000, -2.08000, 12.56130, 0.00000, 1.00000, seed = 64, ignore = { 2, 50 }, },
				{ 1.00000, 0.00000, 0.00000, 0.00000, 0.00000, 1.00000, 0.00000, 0.00000, 0.00000, 0.00000, 1.00000, 0.00000, 1.92000, 12.47130, 0.00000, 1.00000, seed = 64, ignore = { 2, 50 }, },
			},
		},
	},
}
--End Generated

function data()
	return townbuildingutil.make_building2(
		{ { -4.60, -0.10 }, { 4.60, -0.10 }, { 4.60, 9.10 }, { -4.60, 9.10 } },
		"COMMERCIAL", 
		"B", 
		2,
		{ 1, 2 },
		generatedData,
		"construction/building/era_b/com_2_1x2_01.gtex"
	)
end
