local townbuildingutil = require "townbuildingutil"

--Model file: "building/era_b/com_1_1x2_02.mdl"

--Begin Generated
local generatedData = {
	["base"] = {
		models = {
			["building/era_b/com_1_1x2_02.mdl"] = {
				{ 1.00000, 0.00000, 0.00000, 0.00000, 0.00000, 1.00000, 0.00000, 0.00000, 0.00000, 0.00000, 1.00000, 0.00000, 0.00000, 0.00000, 0.00000, 1.00000, },
			},
		},
		curves = {
			["scaffold"] = {
				{ { 3.53592, 1.99864, 0.00000 }, { 3.53592, 1.99865, 0.00000 }, { 3.53600, 9.78510, 0.00000 }, { 3.53600, 9.78510, 0.00000 }, { 3.53600, 9.78510, 0.00000 }, { 0.68274, 9.79187, 0.00000 }, { 0.68274, 9.79187, 0.00000 }, { 0.68274, 9.79187, 0.00000 }, { 0.68274, 11.32721, 0.00000 }, { 0.68274, 11.32721, 0.00000 }, { 0.68274, 11.32721, 0.00000 }, { -2.47717, 11.32721, 0.00000 }, { -2.47717, 11.32721, 0.00000 }, { -2.47717, 11.32721, 0.00000 }, { -2.47717, 9.79187, 0.00000 }, { -2.47717, 9.79187, 0.00000 }, { -2.47717, 9.79187, 0.00000 }, { -3.27016, 9.79187, 0.00000 }, { -3.27016, 9.79187, 0.00000 }, { -3.27016, 9.79187, 0.00000 }, { -3.27017, 1.99188, 0.00000 }, { -3.27017, 1.99188, 0.00000 }, },
			},
			["shared/asphalt_02.gtex.lua;shared/dirt.gtex.lua"] = {
				{ { 4.00000, 0.00000, -0.00006 }, { 4.00000, 0.00000, -0.00006 }, { 4.00000, 9.39190, -0.00006 }, { 4.00000, 9.39191, -0.00006 }, { 4.00000, 9.39191, -0.00006 }, { 0.60278, 9.39191, -0.00006 }, { 0.60278, 9.39191, -0.00006 }, { 0.60278, 9.39191, -0.00006 }, { 0.60278, 11.24719, -0.00006 }, { 0.60278, 11.24719, -0.00006 }, { 0.60278, 11.24719, -0.00006 }, { -2.39722, 11.24719, -0.00006 }, { -2.39722, 11.24719, -0.00006 }, { -2.39722, 11.24719, -0.00006 }, { -2.39722, 9.39191, -0.00006 }, { -2.39722, 9.39191, -0.00006 }, { -2.39722, 9.39191, -0.00006 }, { -4.00000, 9.39191, -0.00006 }, { -4.00000, 9.39191, -0.00006 }, { -4.00000, 9.39190, -0.00006 }, { -4.00000, 0.00000, -0.00006 }, { -4.00000, 0.00000, -0.00006 }, },
			},
			["shared/asphalt_03.gtex.lua;shared/dirt.gtex.lua"] = {
				{ { 4.00000, 9.39191, -0.00006 }, { 4.00000, 9.39191, -0.00006 }, { 4.00000, 16.00000, -0.00006 }, { 4.00000, 16.00000, -0.00006 }, { 4.00000, 16.00000, -0.00006 }, { -4.00000, 16.00000, -0.00006 }, { -4.00000, 16.00000, -0.00006 }, { -4.00000, 16.00000, -0.00006 }, { -4.00000, 9.39191, -0.00006 }, { -4.00000, 9.39191, -0.00006 }, { -4.00000, 9.39191, -0.00006 }, { -2.39722, 9.39191, -0.00006 }, { -2.39722, 9.39191, -0.00006 }, { -2.39722, 9.39191, -0.00006 }, { -2.39722, 11.24719, -0.00006 }, { -2.39722, 11.24719, -0.00006 }, { -2.39722, 11.24719, -0.00006 }, { 0.60278, 11.24719, -0.00006 }, { 0.60278, 11.24719, -0.00006 }, { 0.60278, 11.24719, -0.00006 }, { 0.60278, 9.39191, -0.00006 }, { 0.60278, 9.39191, -0.00006 }, },
			},
		},
	},
	["layout_1"] = {
		models = {
			["asset/commercial/all_eras/era_b_com_wall.mdl"] = {
				{ 1.00000, 0.00000, 0.00000, 0.00000, 0.00000, 1.00000, 0.00000, 0.00000, 0.00000, 0.00000, 1.00000, 0.00000, 2.50000, 15.85000, 0.00000, 1.00000, },
				{ -0.00000, 1.00000, -0.00000, 0.00000, -1.00000, -0.00000, -0.00000, 0.00000, -0.00000, -0.00000, 1.00000, 0.00000, 3.85000, 14.19800, 0.00000, 1.00000, },
				{ -0.00000, 1.00000, -0.00000, 0.00000, -1.00000, -0.00000, -0.00000, 0.00000, -0.00000, -0.00000, 1.00000, 0.00000, 3.85000, 11.19800, 0.00000, 1.00000, },
				{ -1.00000, -0.00000, -0.00000, 0.00000, 0.00000, -1.00000, -0.00000, 0.00000, 0.00000, -0.00000, 1.00000, 0.00000, -0.50000, 9.54000, 0.00000, 1.00000, },
				{ -1.00000, -0.00000, -0.00000, 0.00000, 0.00000, -1.00000, -0.00000, 0.00000, 0.00000, -0.00000, 1.00000, 0.00000, -2.50000, 9.54000, 0.00000, 1.00000, },
				{ -1.00000, -0.00000, -0.00000, 0.00000, 0.00000, -1.00000, -0.00000, 0.00000, 0.00000, -0.00000, 1.00000, 0.00000, 2.50000, 9.54000, 0.00000, 1.00000, },
				{ -0.00000, -1.00000, 0.00000, 0.00000, 1.00000, -0.00000, -0.00000, 0.00000, 0.00000, -0.00000, 1.00000, 0.00000, -3.85000, 14.19800, 0.00000, 1.00000, },
				{ -0.00000, -1.00000, 0.00000, 0.00000, 1.00000, -0.00000, -0.00000, 0.00000, 0.00000, -0.00000, 1.00000, 0.00000, -3.85000, 11.19800, 0.00000, 1.00000, },
			},
			["asset/ground/garden_chair_plastic_01.mdl"] = {
				{ -0.97030, 0.24192, 0.00000, 0.00000, -0.24192, -0.97030, 0.00000, 0.00000, 0.00000, 0.00000, 1.00000, 0.00000, 1.49745, 10.45584, 0.00000, 1.00000, align = { 0.00000, 0.00000 }, ignore = { 3, 50 }, },
				{ -0.87631, -0.48175, 0.00000, 0.00000, 0.48175, -0.87631, 0.00000, 0.00000, 0.00000, 0.00000, 1.00000, 0.00000, 3.11745, 10.45584, 0.00000, 1.00000, align = { 0.00000, 0.00000 }, ignore = { 3, 50 }, },
			},
			["asset/ground/garden_table_round_wood_01.mdl"] = {
				{ 0.80902, -0.58779, 0.00000, 0.00000, 0.58779, 0.80902, 0.00000, 0.00000, 0.00000, 0.00000, 1.00000, 0.00000, 2.36745, 10.69584, 0.00000, 1.00000, align = { 0.00000, 0.00000 }, ignore = { 3, 50 }, },
			},
		},
		groups = {
			["era_a_com_1_asset_food_box_m.grp"] = {
				{ -0.99999, -0.00349, -0.00000, 0.00000, 0.00349, -0.99999, 0.00000, 0.00000, -0.00000, 0.00000, 1.00000, 0.00000, 2.20496, 14.33696, 0.00000, 1.00000, align = { 0.00000, 0.00000 }, seed = 256, },
				{ -0.99167, -0.12880, -0.00000, 0.00000, 0.12880, -0.99167, 0.00000, 0.00000, -0.00000, 0.00000, 1.00000, 0.00000, 2.04881, 15.02813, 0.00000, 1.00000, align = { 0.00000, 0.00000 }, seed = 256, },
				{ -0.99961, 0.02792, -0.00000, 0.00000, -0.02792, -0.99961, 0.00000, 0.00000, -0.00000, 0.00000, 1.00000, 0.00000, 2.96178, 15.01360, -0.00000, 1.00000, align = { 0.00000, 0.00000 }, seed = 256, },
				{ -0.98294, -0.18395, 0.00000, 0.00000, 0.18395, -0.98294, 0.00000, 0.00000, 0.00000, 0.00000, 1.00000, 0.00000, 3.10694, 14.26157, -0.00000, 1.00000, align = { 0.00000, 0.00000 }, seed = 256, ignore = { 4, 50 }, },
				{ -0.11147, -0.99377, -0.00000, 0.00000, 0.99377, -0.11147, -0.00000, 0.00000, -0.00000, -0.00000, 1.00000, 0.00000, 2.79547, 14.95245, 0.47000, 1.00000, align = { 0.00000, 0.00000 }, seed = 256, ignore = { 4, 50 }, },
				{ 0.20791, -0.97815, -0.00000, 0.00000, 0.97815, 0.20791, -0.00000, 0.00000, 0.00000, -0.00000, 1.00000, 0.00000, 2.06013, 15.08400, 0.47000, 1.00000, align = { 0.00000, 0.00000 }, seed = 256, ignore = { 4, 50 }, },
			},
			["era_b_garbage_container.grp"] = {
				{ -0.02792, 0.99961, 0.00000, 0.00000, -0.99961, -0.02792, 0.00000, 0.00000, 0.00000, 0.00000, 1.00000, 0.00000, -2.70351, 13.10000, -0.00000, 1.00000, align = { 0.00000, 0.00000 }, seed = 256, },
			},
			["era_b_neon_wall_sign_food.grp"] = {
				{ -0.00000, -0.36000, 0.00000, 0.00000, 0.36000, -0.00000, 0.00000, 0.00000, 0.00000, 0.00000, 0.36000, 0.00000, 3.13635, 5.90000, 2.06509, 1.00000, align = { 0.00000, 0.00000 }, seed = 256, },
			},
			["era_b_neon_wall_sign_food_flat.grp"] = {
				{ 0.42533, 0.00000, 0.00000, 0.00000, 0.00000, 0.42533, 0.00000, 0.00000, 0.00000, 0.00000, 0.42533, 0.00000, -1.34467, 2.43164, 2.03277, 1.00000, align = { 0.00000, 0.00000 }, seed = 256, },
				{ -0.28284, 0.00000, 0.00000, 0.00000, -0.00000, -0.28284, 0.00000, 0.00000, 0.00000, 0.00000, 0.28284, 0.00000, -0.27169, 8.66363, 1.59044, 1.00000, align = { 0.00000, 0.00000 }, seed = 256, },
			},
			["era_b_restaurant_sign_big.grp"] = {
				{ 0.47906, 0.00000, 0.00000, 0.00000, 0.00000, 0.47906, 0.00000, 0.00000, 0.00000, 0.00000, 0.47906, 0.00000, -1.36283, 2.39191, 3.31310, 1.00000, align = { 0.00000, 0.00000 }, seed = 256, },
				{ 0.47906, 0.00000, 0.00000, 0.00000, 0.00000, 0.47906, 0.00000, 0.00000, 0.00000, 0.00000, 0.47906, 0.00000, 1.63717, 2.39191, 3.31310, 1.00000, align = { 0.00000, 0.00000 }, seed = 256, },
			},
		},
	},
}
--End Generated

function data()
	return townbuildingutil.make_building2(
		{ { -4.60, -0.10 }, { 4.60, -0.10 }, { 4.60, 9.10 }, { -4.60, 9.10 } },
		"COMMERCIAL", 
		"B", 
		1,
		{ 1, 2 },
		generatedData,
		"construction/building/era_b/com_1_1x2_02.gtex"
	)
end
