local townbuildingutil = require "townbuildingutil"

--Model file: "building/era_b/com_1_1x2_01.mdl"

--Begin Generated
local generatedData = {
	["base"] = {
		models = {
			["building/era_b/com_1_1x2_01.mdl"] = {
				{ 1.00000, 0.00000, 0.00000, 0.00000, 0.00000, 1.00000, 0.00000, 0.00000, 0.00000, 0.00000, 1.00000, 0.00000, 0.00000, 0.00000, 0.00000, 1.00000, },
			},
		},
		curves = {
			["scaffold"] = {
				{ { 1.71997, 1.77286, 0.00000 }, { 1.71997, 1.77286, 0.00000 }, { 1.71997, 2.77289, 0.00000 }, { 1.71997, 2.77289, 0.00000 }, { 1.71997, 2.77289, 0.00000 }, { 3.37050, 2.77289, 0.00000 }, { 3.37050, 2.77289, 0.00000 }, { 3.37050, 2.77289, 0.00000 }, { 3.37063, 10.57667, 0.00000 }, { 3.37063, 10.57667, 0.00000 }, { 3.37063, 10.57667, 0.00000 }, { -3.43325, 10.57661, 0.00000 }, { -3.43325, 10.57661, 0.00000 }, { -3.43325, 10.57661, 0.00000 }, { -3.43313, 2.77295, 0.00000 }, { -3.43313, 2.77295, 0.00000 }, { -3.43313, 2.77295, 0.00000 }, { -1.87109, 2.77295, 0.00000 }, { -1.87109, 2.77295, 0.00000 }, { -1.87109, 2.77295, 0.00000 }, { -1.87109, 1.77287, 0.00000 }, { -1.87109, 1.77287, 0.00000 }, },
			},
			["shared/asphalt_02.gtex.lua;shared/dirt.gtex.lua"] = {
				{ { 4.00000, 10.19474, 0.00000 }, { 4.00000, 10.19474, 0.00000 }, { 4.00000, 16.00000, 0.00000 }, { 4.00000, 16.00000, 0.00000 }, { 4.00000, 16.00000, 0.00000 }, { -4.00000, 16.00000, 0.00000 }, { -4.00000, 16.00000, 0.00000 }, { -4.00000, 16.00000, 0.00000 }, { -4.00000, 10.19474, 0.00000 }, { -4.00000, 10.19474, 0.00000 }, },
				{ { 4.00000, 0.00000, 0.00000 }, { 4.00000, 0.00000, 0.00000 }, { 4.00000, 10.19474, 0.00000 }, { 4.00000, 10.19474, 0.00000 }, { 4.00000, 10.19474, 0.00000 }, { -4.00000, 10.19474, 0.00000 }, { -4.00000, 10.19474, 0.00000 }, { -4.00000, 10.19474, 0.00000 }, { -4.00000, 0.00000, 0.00000 }, { -4.00000, 0.00000, 0.00000 }, },
			},
		},
	},
	["layout_1"] = {
		models = {
			["asset/commercial/all_eras/era_b_com_wall.mdl"] = {
				{ 0.88890, 0.00000, 0.00000, 0.00000, 0.00000, 1.00000, 0.00000, 0.00000, 0.00000, 0.00000, 1.00000, 0.00000, 0.00000, 15.85000, 0.00000, 1.00000, },
				{ 0.88890, 0.00000, 0.00000, 0.00000, 0.00000, 1.00000, 0.00000, 0.00000, 0.00000, 0.00000, 1.00000, 0.00000, -2.66670, 15.85000, 0.00000, 1.00000, },
				{ 0.88890, 0.00000, 0.00000, 0.00000, 0.00000, 1.00000, 0.00000, 0.00000, 0.00000, 0.00000, 1.00000, 0.00000, 2.66670, 15.85000, 0.00000, 1.00000, },
				{ -0.00000, 1.00000, -0.00000, 0.00000, -1.00000, -0.00000, -0.00000, 0.00000, -0.00000, -0.00000, 1.00000, 0.00000, 3.85000, 14.20000, 0.00000, 1.00000, },
				{ -1.00000, -0.00000, -0.00000, 0.00000, 0.00000, -1.00000, -0.00000, 0.00000, 0.00000, -0.00000, 1.00000, 0.00000, -0.50000, 9.54000, 0.00000, 1.00000, },
				{ -0.00000, -1.00000, 0.00000, 0.00000, 1.00000, -0.00000, -0.00000, 0.00000, 0.00000, -0.00000, 1.00000, 0.00000, -3.85000, 14.20000, 0.00000, 1.00000, },
			},
			["asset/industry/pallet_01.mdl"] = {
				{ 0.99705, 0.07672, 0.00000, 0.00000, -0.07672, 0.99705, 0.00000, 0.00000, 0.00000, 0.00000, 1.00000, 0.00000, -2.83000, 14.71000, 0.00000, 1.00000, },
			},
		},
		groups = {
			["era_a_com_1_asset_food_box_m.grp"] = {
				{ -0.06279, -0.99803, 0.00000, 0.00000, 0.99803, -0.06279, 0.00000, 0.00000, 0.00000, 0.00000, 1.00000, 0.00000, 3.16000, 14.28000, 0.00000, 1.00000, ignore = { 2, 50 }, },
				{ 0.11840, -0.99297, 0.00000, 0.00000, 0.99297, 0.11840, 0.00000, 0.00000, 0.00000, 0.00000, 1.00000, 0.00000, 3.29500, 15.17500, 0.00000, 1.00000, ignore = { 2, 50 }, },
				{ 0.98420, -0.17708, 0.00000, 0.00000, 0.17708, 0.98420, 0.00000, 0.00000, 0.00000, 0.00000, 1.00000, 0.00000, 2.58500, 14.91000, 0.47000, 1.00000, ignore = { 2, 50 }, },
				{ 0.98978, 0.14263, 0.00000, 0.00000, -0.14263, 0.98978, 0.00000, 0.00000, 0.00000, 0.00000, 1.00000, 0.00000, 2.40500, 14.18500, 0.47000, 1.00000, ignore = { 2, 50 }, },
				{ 0.06279, -0.99803, 0.00000, 0.00000, 0.99803, 0.06279, 0.00000, 0.00000, 0.00000, 0.00000, 1.00000, 0.00000, 2.46000, 14.17000, 0.00000, 1.00000, ignore = { 2, 50 }, },
				{ 0.99678, -0.08020, 0.00000, 0.00000, 0.08020, 0.99678, 0.00000, 0.00000, 0.00000, 0.00000, 1.00000, 0.00000, 1.56500, 15.06500, 0.00000, 1.00000, ignore = { 2, 50 }, },
				{ -0.09411, -0.99556, 0.00000, 0.00000, 0.99556, -0.09411, 0.00000, 0.00000, 0.00000, 0.00000, 1.00000, 0.00000, 2.53500, 15.08000, 0.00000, 1.00000, ignore = { 2, 50 }, },
			},
			["era_b_awning_shops_end.grp"] = {
				{ 0.92000, 0.00000, 0.00000, 0.00000, 0.00000, 1.00000, 0.00175, 0.00000, 0.00000, -0.00175, 1.00000, 0.00000, -0.06055, 2.17695, 3.28977, 1.00000, align = { 0.00000, 0.00000 }, seed = 456, },
			},
			["era_b_awning_shops_repeat.grp"] = {
				{ 0.92000, 0.00000, 0.00000, 0.00000, 0.00000, 1.00000, 0.00175, 0.00000, 0.00000, -0.00175, 1.00000, 0.00000, -0.06055, 2.17695, 3.28977, 1.00000, align = { 0.00000, 0.00000 }, seed = 456, },
			},
			["era_b_awning_shops_start.grp"] = {
				{ 0.92000, 0.00000, 0.00000, 0.00000, 0.00000, 1.00000, 0.00175, 0.00000, 0.00000, -0.00175, 1.00000, 0.00000, -0.06055, 2.17695, 3.28977, 1.00000, align = { 0.00000, 0.00000 }, seed = 456, },
			},
			["era_b_food_booth_02.grp"] = {
				{ 1.00000, 0.00000, 0.00000, 0.00000, 0.00000, 1.00000, 0.00000, 0.00000, 0.00000, 0.00000, 1.00000, 0.00000, -2.53000, 2.88000, 0.00000, 1.00000, seed = 256, },
			},
			["era_b_food_store_box_01.grp"] = {
				{ 0.99985, -0.01745, 0.00000, 0.00000, 0.01745, 0.99985, 0.00000, 0.00000, 0.00000, 0.00000, 1.00000, 0.00000, -2.87219, 14.74909, 0.14458, 1.00000, },
			},
			["era_b_food_store_box_02.grp"] = {
				{ 1.00000, 0.00000, 0.00000, 0.00000, 0.00000, 1.00000, 0.00000, 0.00000, 0.00000, 0.00000, 1.00000, 0.00000, -1.63528, 14.93460, 0.23686, 1.00000, },
				{ 0.47255, 0.88130, 0.00000, 0.00000, -0.88130, 0.47255, 0.00000, 0.00000, 0.00000, 0.00000, 1.00000, 0.00000, -0.59028, 14.95961, 0.23686, 1.00000, ignore = { 3, 50 }, },
			},
			["era_b_food_store_box_03.grp"] = {
				{ 0.98357, -0.18052, 0.00000, 0.00000, 0.18052, 0.98357, 0.00000, 0.00000, 0.00000, 0.00000, 1.00000, 0.00000, -1.64551, 14.98127, 0.47372, 1.00000, },
				{ 0.62388, 0.78152, 0.00000, 0.00000, -0.78152, 0.62388, 0.00000, 0.00000, 0.00000, 0.00000, 1.00000, 0.00000, -0.60051, 15.00627, 0.47372, 1.00000, ignore = { 3, 50 }, },
			},
			["era_b_food_store_box_04.grp"] = {
				{ 0.85536, -0.51803, 0.00000, 0.00000, 0.51803, 0.85536, 0.00000, 0.00000, 0.00000, 0.00000, 1.00000, 0.00000, -2.93588, 14.85662, 0.38144, 1.00000, ignore = { 3, 50 }, },
			},
			["era_b_food_store_box_05.grp"] = {
				{ 0.99844, 0.05582, 0.00000, 0.00000, -0.05582, 0.99844, 0.00000, 0.00000, 0.00000, 0.00000, 1.00000, 0.00000, -1.63158, 15.01783, 0.71058, 1.00000, ignore = { 3, 50 }, },
			},
			["era_b_food_store_box_06.grp"] = {
				{ 1.00000, 0.00000, 0.00000, 0.00000, 0.00000, 1.00000, 0.00000, 0.00000, 0.00000, 0.00000, 1.00000, 0.00000, -1.63000, 14.94500, 0.00000, 1.00000, },
				{ 0.47255, 0.88130, 0.00000, 0.00000, -0.88130, 0.47255, 0.00000, 0.00000, 0.00000, 0.00000, 1.00000, 0.00000, -0.58500, 14.97000, 0.00000, 1.00000, ignore = { 3, 50 }, },
			},
			["era_b_food_store_ground_sign.grp"] = {
				{ 0.59902, 0.80073, -0.00083, 0.00000, -0.80073, 0.59902, -0.00112, 0.00000, -0.00040, 0.00133, 1.00000, 0.00000, -0.52000, 1.72159, 0.00211, 1.00000, seed = 456, },
			},
			["era_b_food_store_sign_mini.grp"] = {
				{ 1.19494, 0.00000, 0.00000, 0.00000, 0.00000, 1.19494, 0.00000, 0.00000, 0.00000, 0.00000, 1.19494, 0.00000, -0.07056, 2.17493, 3.69272, 1.00000, align = { 0.00000, 0.00000 }, seed = 456, },
			},
			["era_b_food_store_wall_sign.grp"] = {
				{ 1.00000, 0.00000, 0.00000, 0.00000, 0.00000, 1.00000, 0.00000, 0.00000, 0.00000, 0.00000, 1.00000, 0.00000, 1.47635, 3.30474, 3.33728, 1.00000, align = { 0.00000, 0.00000 }, seed = 456, },
				{ 1.00000, 0.00000, 0.00000, 0.00000, 0.00000, 1.00000, 0.00000, 0.00000, 0.00000, 0.00000, 1.00000, 0.00000, -1.62365, 3.30474, 3.33728, 1.00000, align = { 0.00000, 0.00000 }, seed = 456, },
			},
		},
	},
}
--End Generated

function data()
	return townbuildingutil.make_building2(
		{ { -4.60, -0.10 }, { 4.60, -0.10 }, { 4.60, 9.10 }, { -4.60, 9.10 } },
		"COMMERCIAL", 
		"B", 
		1,
		{ 1, 2 },
		generatedData,
		"construction/building/era_b/com_1_1x2_01.gtex"
	)
end
