local townbuildingutil = require "townbuildingutil"

--Model file: "building/era_b/ind_1_1x2_02.mdl"

--Begin Generated
local generatedData = {
	["base"] = {
		models = {
			["building/era_b/ind_1_1x2_02.mdl"] = {
				{ 1.00000, 0.00000, 0.00000, 0.00000, 0.00000, 1.00000, 0.00000, 0.00000, 0.00000, 0.00000, 1.00000, 0.00000, 0.00000, 0.00000, 0.00000, 1.00000, },
			},
		},
		curves = {
			["scaffold"] = {
				{ { 3.04651, 3.88043, 0.00000 }, { 3.04651, 3.88043, 0.00000 }, { 3.04651, 12.01551, 0.00000 }, { 3.04651, 12.01551, 0.00000 }, { 3.04651, 12.01551, 0.00000 }, { -3.11353, 12.01553, 0.00000 }, { -3.11353, 12.01553, 0.00000 }, { -3.11353, 12.01553, 0.00000 }, { -3.11353, 3.88043, 0.00000 }, { -3.11353, 3.88043, 0.00000 }, },
			},
			["shared/asphalt_02.gtex.lua;shared/dirt.gtex.lua;shared/asphalt_03.gtex.lua"] = {
				{ { 4.00000, 0.00000, 0.00000 }, { 4.00000, 0.00000, 0.00000 }, { 4.00000, 14.50000, 0.00000 }, { 4.00000, 14.50000, 0.00000 }, { 4.00000, 14.50000, 0.00000 }, { 1.00000, 14.50000, 0.00000 }, { 1.00000, 14.50000, 0.00000 }, { 1.00000, 14.50000, 0.00000 }, { 1.00000, 16.00000, 0.00000 }, { 1.00000, 16.00000, 0.00000 }, { 1.00000, 16.00000, 0.00000 }, { -4.00000, 16.00000, 0.00000 }, { -4.00000, 16.00000, 0.00000 }, { -4.00000, 16.00000, 0.00000 }, { -4.00000, 0.00000, 0.00000 }, { -4.00000, 0.00000, 0.00000 }, },
			},
		},
	},
	["layout_1"] = {
		models = {
			["asset/ground/barrel_steel.mdl"] = {
				{ 0.80500, 0.00000, 0.00000, 0.00000, 0.00000, 0.80500, 0.00000, 0.00000, 0.00000, 0.00000, 0.80500, 0.00000, 2.64000, 3.50000, 0.14000, 1.00000, ignore = { 4, 20 }, },
				{ 0.80500, 0.00000, 0.00000, 0.00000, 0.00000, 0.80500, 0.00000, 0.00000, 0.00000, 0.00000, 0.80500, 0.00000, 0.74000, 3.46000, 0.00000, 1.00000, ignore = { 5, 20 }, },
				{ 0.31195, 0.74210, 0.00000, 0.00000, -0.74210, 0.31195, 0.00000, 0.00000, 0.00000, 0.00000, 0.80500, 0.00000, 2.96000, 2.84000, 0.14000, 1.00000, ignore = { 6, 20 }, },
				{ 0.31195, 0.74210, 0.00000, 0.00000, -0.74210, 0.31195, 0.00000, 0.00000, 0.00000, 0.00000, 0.80500, 0.00000, 1.54000, 3.06000, 0.00000, 1.00000, ignore = { 7, 20 }, },
				{ 0.31195, 0.74210, 0.00000, 0.00000, -0.74210, 0.31195, 0.00000, 0.00000, 0.00000, 0.00000, 0.80500, 0.00000, 1.04000, 2.24000, 0.00000, 1.00000, ignore = { 8, 20 }, },
			},
			["asset/ground/container_fluid.mdl"] = {
				{ 1.00000, 0.00000, 0.00000, 0.00000, 0.00000, 1.00000, 0.00000, 0.00000, 0.00000, 0.00000, 1.00000, 0.00000, -2.35000, 13.25000, 0.00000, 1.00000, ignore = { 2, 20 }, },
				{ 1.00000, 0.00000, 0.00000, 0.00000, 0.00000, 1.00000, 0.00000, 0.00000, 0.00000, 0.00000, 1.00000, 0.00000, -0.50000, 13.25000, 0.00000, 1.00000, ignore = { 3, 20 }, },
			},
			["asset/industry/pallet_01.mdl"] = {
				{ -0.99337, 0.11494, -0.00000, 0.00000, -0.11494, -0.99337, 0.00000, 0.00000, -0.00000, 0.00000, 1.00000, 0.00000, 2.80000, 3.10000, 0.00000, 1.00000, },
				{ 0.39313, -0.00698, -0.91946, 0.00000, -0.04285, -0.99902, -0.01074, 0.00000, -0.91848, 0.04362, -0.39305, 0.00000, 3.30000, 4.96000, 0.51000, 1.00000, },
			},
			["station/air/asset/pylon_b.mdl"] = {
				{ 1.00000, 0.00000, 0.00000, 0.00000, 0.00000, 1.00000, 0.00000, 0.00000, 0.00000, 0.00000, 1.00000, 0.00000, -0.10000, 3.60000, 0.00000, 1.00000, },
				{ 0.97815, 0.20791, 0.00000, 0.00000, -0.20791, 0.97815, 0.00000, 0.00000, 0.00000, 0.00000, 1.00000, 0.00000, 0.00000, 2.60000, 0.00000, 1.00000, },
				{ 0.97815, 0.20791, 0.00000, 0.00000, -0.20791, 0.97815, 0.00000, 0.00000, 0.00000, 0.00000, 1.00000, 0.00000, 2.30000, 0.85000, 0.00000, 1.00000, },
				{ 0.86163, 0.50754, 0.00000, 0.00000, -0.50754, 0.86163, 0.00000, 0.00000, 0.00000, 0.00000, 1.00000, 0.00000, 0.60000, 1.20000, 0.00000, 1.00000, },
			},
		},
	},
}
--End Generated

function data()
	return townbuildingutil.make_building2(
		{ { -4.60, -0.10 }, { 4.60, -0.10 }, { 4.60, 9.10 }, { -4.60, 9.10 } },
		"INDUSTRIAL", 
		"B", 
		1,
		{ 1, 2 },
		generatedData,
		"construction/building/era_b/ind_1_1x2_02.gtex"
	)
end
