local townbuildingutil = require "townbuildingutil"

--Model file: "building/era_b/ind_3_2x3_02.mdl"

--Begin Generated
local generatedData = {
	["base"] = {
		models = {
			["building/era_b/ind_3_2x3_02.mdl"] = {
				{ 1.00000, 0.00000, 0.00000, 0.00000, 0.00000, 1.00000, 0.00000, 0.00000, 0.00000, 0.00000, 1.00000, 0.00000, -2.00000, 0.00000, 0.00000, 1.00000, },
			},
		},
		curves = {
			["scaffold"] = {
				{ { 2.92981, 4.16092, 0.00000 }, { 2.92981, 4.16092, 0.00000 }, { 2.92981, 5.68129, 0.00000 }, { 2.92981, 5.68129, 0.00000 }, { 2.92981, 5.68129, 0.00000 }, { 4.61763, 5.68123, 0.00000 }, { 4.61763, 5.68123, 0.00000 }, { 4.61763, 5.68124, 0.00000 }, { 4.61775, 15.88651, 0.00000 }, { 4.61775, 15.88652, 0.00000 }, { 4.61775, 15.88652, 0.00000 }, { 2.92993, 15.88652, 0.00000 }, { 2.92993, 15.88652, 0.00000 }, { 2.92993, 15.88652, 0.00000 }, { 2.92993, 19.29386, 0.00000 }, { 2.92993, 19.29386, 0.00000 }, { 2.92993, 19.29386, 0.00000 }, { -7.55457, 19.29386, 0.00000 }, { -7.55457, 19.29386, 0.00000 }, { -7.55457, 19.29386, 0.00000 }, { -7.55444, 4.16092, 0.00000 }, { -7.55444, 4.16092, 0.00000 }, },
			},
			["shared/asphalt_02.gtex.lua;shared/dirt.gtex.lua;shared/asphalt_03.gtex.lua"] = {
				{ { 8.00000, 0.00000, 0.00000 }, { 8.00000, 0.00000, 0.00000 }, { 8.00000, 24.00000, 0.00000 }, { 8.00000, 24.00000, 0.00000 }, { 8.00000, 24.00000, 0.00000 }, { -8.00000, 24.00000, 0.00000 }, { -8.00000, 24.00000, 0.00000 }, { -8.00000, 24.00000, 0.00000 }, { -8.00000, 0.00000, 0.00000 }, { -8.00000, 0.00000, 0.00000 }, },
			},
		},
	},
	["layout_1"] = {
		models = {
			["asset/construction/scaffolding/era_b_normal.mdl"] = {
				{ 1.00000, 0.00000, 0.00000, 0.00000, 0.00000, 1.00000, 0.00000, 0.00000, 0.00000, 0.00000, 1.00000, 0.00000, 6.84000, 19.89000, 0.00000, 1.00000, align = { 6.84000, 19.89000 }, },
				{ -0.00000, 1.00000, 0.00000, 0.00000, -1.00000, -0.00000, 0.00000, 0.00000, 0.00000, 0.00000, 1.00000, 0.00000, 4.44000, 22.49000, 0.00000, 1.00000, align = { 4.44000, 22.49000 }, },
				{ -0.00000, 1.00000, 0.00000, 0.00000, -1.00000, -0.00000, 0.00000, 0.00000, 0.00000, 0.00000, 1.00000, 0.00000, 1.00000, 22.50000, 0.00000, 1.00000, align = { 1.00000, 22.50000 }, },
			},
			["asset/industry/wooden_box_02.mdl"] = {
				{ 0.00000, 1.00000, -0.00000, 0.00000, -1.00000, 0.00000, -0.00000, 0.00000, 0.00000, 0.00000, 1.00000, 0.00000, 6.81000, 20.86000, 2.04000, 1.00000, align = { 6.84000, 19.89000 }, ignore = { 2, 20 }, },
				{ 0.00000, -1.00000, -0.00000, 0.00000, 1.00000, 0.00000, -0.00000, 0.00000, 0.00000, 0.00000, 1.00000, 0.00000, 6.81000, 19.83000, 2.04000, 1.00000, align = { 6.84000, 19.89000 }, },
				{ 0.00000, 1.00000, -0.00000, 0.00000, -1.00000, 0.00000, -0.00000, 0.00000, 0.00000, 0.00000, 1.00000, 0.00000, 6.81000, 18.81000, 2.04000, 1.00000, align = { 6.84000, 19.89000 }, ignore = { 3, 20 }, },
				{ -1.00000, 0.00000, -0.00000, 0.00000, -0.00000, -1.00000, 0.00000, 0.00000, -0.00000, 0.00000, 1.00000, 0.00000, 3.47000, 22.46000, 2.04000, 1.00000, align = { 4.44000, 22.49000 }, ignore = { 4, 20 }, },
				{ -1.00000, -0.00000, 0.00000, 0.00000, 0.00000, -1.00000, -0.00000, 0.00000, 0.00000, 0.00000, 1.00000, 0.00000, 4.50000, 22.46000, 2.04000, 1.00000, align = { 4.44000, 22.49000 }, },
				{ -1.00000, 0.00000, -0.00000, 0.00000, -0.00000, -1.00000, 0.00000, 0.00000, -0.00000, 0.00000, 1.00000, 0.00000, 5.52000, 22.46000, 2.04000, 1.00000, align = { 4.44000, 22.49000 }, ignore = { 5, 20 }, },
				{ -1.00000, 0.00000, -0.00000, 0.00000, -0.00000, -1.00000, 0.00000, 0.00000, -0.00000, 0.00000, 1.00000, 0.00000, 0.03000, 22.47000, 2.04000, 1.00000, align = { 1.00000, 22.50000 }, ignore = { 6, 20 }, },
				{ -0.00000, 1.00000, -0.00000, 0.00000, -1.00000, -0.00000, -0.00000, 0.00000, -0.00000, 0.00000, 1.00000, 0.00000, 1.21000, 22.47000, 2.04000, 1.00000, align = { 1.00000, 22.50000 }, ignore = { 7, 20 }, },
				{ 0.00000, 1.00000, -0.00000, 0.00000, -1.00000, 0.00000, -0.00000, 0.00000, 0.00000, 0.00000, 1.00000, 0.00000, 6.80000, 20.45000, 0.00000, 1.00000, },
				{ 0.09063, 0.99588, 0.00000, 0.00000, -0.99588, 0.09063, 0.00000, 0.00000, 0.00000, -0.00000, 1.00000, 0.00000, 5.19007, 22.18476, -0.00000, 1.00000, },
				{ -0.03490, 0.99939, -0.00000, 0.00000, -0.99939, -0.03490, 0.00000, 0.00000, -0.00000, 0.00000, 1.00000, 0.00000, 6.80000, 19.27000, 0.00000, 1.00000, },
				{ 0.06976, 0.99756, 0.00000, 0.00000, -0.99756, 0.06976, 0.00000, 0.00000, -0.00000, -0.00000, 1.00000, 0.00000, -4.95000, 3.80000, 0.00000, 1.00000, },
				{ -0.05582, -0.99844, 0.00000, 0.00000, 0.99844, -0.05582, -0.00000, 0.00000, 0.00000, -0.00000, 1.00000, 0.00000, 4.01492, 22.29171, 0.00000, 1.00000, },
				{ -0.05582, -0.99844, 0.00000, 0.00000, 0.99844, -0.05582, -0.00000, 0.00000, 0.00000, -0.00000, 1.00000, 0.00000, 1.81992, 22.49819, 0.00000, 1.00000, },
				{ -0.14263, -0.98978, 0.00000, 0.00000, 0.98978, -0.14263, -0.00000, 0.00000, 0.00000, -0.00000, 1.00000, 0.00000, 0.26992, 22.54819, 0.00000, 1.00000, },
				{ 0.00000, 1.00000, -0.00000, 0.00000, -1.00000, 0.00000, -0.00000, 0.00000, 0.00000, 0.00000, 1.00000, 0.00000, 6.80000, 19.25000, 0.88000, 1.00000, },
				{ -0.10453, 0.99452, 0.00000, 0.00000, -0.99452, -0.10453, -0.00000, 0.00000, 0.00000, -0.00000, 1.00000, 0.00000, -4.95000, 3.78000, 0.88000, 1.00000, ignore = { 8, 20 }, },
				{ 0.09063, 0.99588, 0.00000, 0.00000, -0.99588, 0.09063, 0.00000, 0.00000, 0.00000, -0.00000, 1.00000, 0.00000, 3.99501, 22.29352, 0.88000, 1.00000, },
				{ 0.09063, 0.99588, 0.00000, 0.00000, -0.99588, 0.09063, 0.00000, 0.00000, 0.00000, -0.00000, 1.00000, 0.00000, 1.80000, 22.50000, 0.88000, 1.00000, },
				{ 0.00349, 0.99999, 0.00000, 0.00000, -0.99999, 0.00349, 0.00000, 0.00000, 0.00000, -0.00000, 1.00000, 0.00000, 0.25000, 22.55000, 0.88000, 1.00000, },
			},
		},
		groups = {
			["era_b_ind_random_decoration.grp"] = {
				{ 1.00000, 0.00000, 0.00000, 0.00000, 0.00000, 1.00000, 0.00000, 0.00000, 0.00000, 0.00000, 1.00000, 0.00000, -6.70000, 3.25000, 0.00000, 1.00000, },
				{ 0.99966, 0.02618, 0.00000, 0.00000, -0.02618, 0.99966, 0.00000, 0.00000, 0.00000, 0.00000, 1.00000, 0.00000, -7.00000, 22.30000, 0.00000, 1.00000, },
				{ 0.99985, -0.01745, 0.00000, 0.00000, 0.01745, 0.99985, 0.00000, 0.00000, 0.00000, 0.00000, 1.00000, 0.00000, -5.15000, 22.35000, 0.00000, 1.00000, },
			},
		},
	},
}
--End Generated

function data()
	return townbuildingutil.make_building2(
		{ { -4.60, -0.10 }, { 4.60, -0.10 }, { 4.60, 9.10 }, { -4.60, 9.10 } },
		"INDUSTRIAL", 
		"B", 
		3,
		{ 2, 3 },
		generatedData,
		"construction/building/era_b/ind_3_2x3_02.gtex"
	)
end
