local townbuildingutil = require "townbuildingutil"

--Model file: "building/era_b/ind_2_2x3_01.mdl"

--Begin Generated
local generatedData = {
	["base"] = {
		models = {
			["building/era_b/ind_2_2x3_01.mdl"] = {
				{ 1.00000, 0.00000, 0.00000, 0.00000, 0.00000, 1.00000, 0.00000, 0.00000, 0.00000, 0.00000, 1.00000, 0.00000, 0.00000, 0.00000, 0.00000, 1.00000, },
			},
		},
		curves = {
			["scaffold"] = {
				{ { 2.93648, 2.43398, 0.00000 }, { 2.93648, 2.43398, 0.00000 }, { 2.93584, 4.87624, 0.00000 }, { 2.93584, 4.87624, 0.00000 }, { 2.93584, 4.87624, 0.00000 }, { 3.31834, 4.90123, 0.00000 }, { 3.31834, 4.90123, 0.00000 }, { 3.31834, 4.90123, 0.00000 }, { 3.31833, 8.19672, 0.00000 }, { 3.31833, 8.19672, 0.00000 }, { 3.31833, 8.19672, 0.00000 }, { 5.36426, 8.19672, 0.00000 }, { 5.36426, 8.19672, 0.00000 }, { 5.36426, 8.19672, 0.00000 }, { 5.36426, 16.79767, 0.00000 }, { 5.36426, 16.79767, 0.00000 }, { 5.36426, 16.79767, 0.00000 }, { 3.31833, 16.79767, 0.00000 }, { 3.31833, 16.79767, 0.00000 }, { 3.31833, 16.79767, 0.00000 }, { 3.31836, 20.06084, 0.00000 }, { 3.31836, 20.06084, 0.00000 }, { 3.31836, 20.06084, 0.00000 }, { -3.54333, 20.06079, 0.00000 }, { -3.54333, 20.06079, 0.00000 }, { -3.54333, 20.06079, 0.00000 }, { -3.54330, 18.44725, 0.00000 }, { -3.54330, 18.44725, 0.00000 }, { -3.54330, 18.44725, 0.00000 }, { -6.22888, 18.44720, 0.00000 }, { -6.22888, 18.44720, 0.00000 }, { -6.22888, 18.44720, 0.00000 }, { -6.22888, 11.95537, 0.00000 }, { -6.22888, 11.95537, 0.00000 }, { -6.22888, 11.95537, 0.00000 }, { -3.54337, 11.95540, 0.00000 }, { -3.54337, 11.95540, 0.00000 }, { -3.54337, 11.95540, 0.00000 }, { -3.54333, 4.90124, 0.00000 }, { -3.54333, 4.90124, 0.00000 }, { -3.54333, 4.90124, 0.00000 }, { -3.16353, 4.92624, 0.00000 }, { -3.16353, 4.92624, 0.00000 }, { -3.16353, 4.92624, 0.00000 }, { -3.16353, 2.43398, 0.00000 }, { -3.16353, 2.43398, 0.00000 }, },
			},
			["shared/asphalt_02.gtex.lua;shared/dirt.gtex.lua;shared/asphalt_03.gtex.lua"] = {
				{ { 8.00000, 0.00000, 0.00000 }, { 8.00000, 0.00000, 0.00000 }, { 8.00000, 20.00000, 0.00000 }, { 8.00000, 20.00000, 0.00000 }, { 8.00000, 20.00000, 0.00000 }, { 4.00000, 20.00000, 0.00000 }, { 4.00000, 20.00000, 0.00000 }, { 4.00000, 20.00000, 0.00000 }, { 4.00000, 24.00000, 0.00000 }, { 4.00000, 24.00000, 0.00000 }, { 4.00000, 24.00000, 0.00000 }, { -8.00000, 24.00000, 0.00000 }, { -8.00000, 24.00000, 0.00000 }, { -8.00000, 24.00000, 0.00000 }, { -8.00000, 0.00000, 0.00000 }, { -8.00000, 0.00000, 0.00000 }, },
			},
		},
	},
	["layout_1"] = {
		models = {
			["asset/ground/container_waste3.mdl"] = {
				{ 0.99905, -0.04362, 0.00000, 0.00000, 0.04362, 0.99905, 0.00000, 0.00000, 0.00000, 0.00000, 1.00000, 0.00000, -3.30000, 23.00000, 0.00000, 1.00000, },
			},
			["asset/ground/container_waste3_open.mdl"] = {
				{ 0.99756, 0.06976, 0.00000, 0.00000, -0.06976, 0.99756, 0.00000, 0.00000, 0.00000, 0.00000, 1.00000, 0.00000, -6.00000, 23.00000, 0.00000, 1.00000, ignore = { 6, 20 }, },
			},
			["asset/industry/cardboard_box_01.mdl"] = {
				{ 0.98769, 0.15643, 0.00000, 0.00000, -0.15643, 0.98769, 0.00000, 0.00000, 0.00000, 0.00000, 1.00000, 0.00000, 3.56000, 6.38000, 1.03000, 1.00000, ignore = { 3, 20 }, },
				{ 0.84339, 0.53730, 0.00000, 0.00000, -0.44865, 0.70423, 0.00000, 0.00000, 0.00000, 0.00000, 1.00000, 0.00000, 4.76000, 6.18000, 0.00000, 1.00000, ignore = { 4, 20 }, },
				{ 0.84018, 0.53730, 0.07351, 0.00000, -0.45282, 0.69556, 0.09151, 0.00000, -0.00235, -0.13194, 0.99126, 0.00000, -2.89995, 22.90264, 1.39017, 1.00000, },
			},
			["asset/industry/pallet_01.mdl"] = {
				{ 0.99863, 0.05234, 0.00000, 0.00000, -0.05234, 0.99863, 0.00000, 0.00000, 0.00000, 0.00000, 1.00000, 0.00000, 3.56000, 6.38000, 0.00000, 1.00000, },
				{ 0.25849, 0.00000, -0.96601, 0.00000, 0.00000, 1.00000, 0.00000, 0.00000, 0.96601, 0.00000, 0.25849, 0.00000, 5.41000, 12.75309, 0.47500, 1.00000, },
				{ 0.25849, 0.00000, -0.96601, 0.00000, 0.00000, 1.00000, 0.00000, 0.00000, 0.96601, 0.00000, 0.25849, 0.00000, 5.41000, 10.57309, 0.47500, 1.00000, },
				{ 0.33348, 0.00000, -0.94276, 0.00000, 0.00000, 1.00000, 0.00000, 0.00000, 0.94276, 0.00000, 0.33348, 0.00000, 5.60000, 12.69309, 0.47000, 1.00000, },
				{ 0.33348, 0.00000, -0.94276, 0.00000, 0.00000, 1.00000, 0.00000, 0.00000, 0.94276, 0.00000, 0.33348, 0.00000, 5.60000, 10.63309, 0.47000, 1.00000, },
				{ 0.38237, 0.00000, -0.92401, 0.00000, 0.00000, 1.00000, 0.00000, 0.00000, 0.92401, 0.00000, 0.38237, 0.00000, 5.78500, 12.72309, 0.46000, 1.00000, },
				{ 0.49970, 0.00000, -0.86620, 0.00000, 0.00000, 1.00000, 0.00000, 0.00000, 0.86620, 0.00000, 0.49970, 0.00000, 6.02500, 12.72309, 0.43000, 1.00000, },
				{ 0.99863, 0.05234, 0.00000, 0.00000, -0.05234, 0.99863, 0.00000, 0.00000, 0.00000, 0.00000, 1.00000, 0.00000, -2.55000, 4.25000, 0.00000, 1.00000, },
			},
			["asset/industry/wooden_box_02.mdl"] = {
				{ 0.99996, -0.00873, 0.00000, 0.00000, 0.00873, 0.99996, 0.00000, 0.00000, 0.00000, 0.00000, 1.00000, 0.00000, 3.62000, 7.68000, 0.89000, 1.00000, ignore = { 2, 20 }, },
				{ 0.99863, 0.05234, 0.00000, 0.00000, -0.05234, 0.99863, 0.00000, 0.00000, 0.00000, 0.00000, 1.00000, 0.00000, 3.56000, 6.38000, 0.14000, 1.00000, },
				{ 0.99985, 0.01745, 0.00000, 0.00000, -0.01745, 0.99985, 0.00000, 0.00000, 0.00000, 0.00000, 1.00000, 0.00000, 3.62000, 7.68000, 0.00000, 1.00000, },
				{ 0.99863, 0.05234, 0.00000, 0.00000, -0.05234, 0.99863, 0.00000, 0.00000, 0.00000, 0.00000, 1.00000, 0.00000, 4.72000, 7.58000, 0.00000, 1.00000, },
				{ 0.99863, 0.05234, 0.00000, 0.00000, -0.05234, 0.99863, 0.00000, 0.00000, 0.00000, 0.00000, 1.00000, 0.00000, -2.55000, 4.25000, 0.14000, 1.00000, ignore = { 5, 20 }, },
			},
		},
		groups = {
			["silo_vertical.grp"] = {
				{ 1.00000, 0.00000, 0.00000, 0.00000, 0.00000, 1.00000, 0.00000, 0.00000, 0.00000, 0.00000, 1.00000, 0.00000, -5.60000, 9.50000, 0.00000, 1.00000, },
			},
		},
	},
}
--End Generated

function data()
	return townbuildingutil.make_building2(
		{ { -4.60, -0.10 }, { 4.60, -0.10 }, { 4.60, 9.10 }, { -4.60, 9.10 } },
		"INDUSTRIAL", 
		"B", 
		2,
		{ 2, 3 },
		generatedData,
		"construction/building/era_b/ind_2_2x3_01.gtex"
	)
end
