local townbuildingutil = require "townbuildingutil"

--Model file: "building/era_b/ind_1_1x2_01.mdl"

--Begin Generated
local generatedData = {
	["base"] = {
		models = {
			["building/era_b/ind_1_1x2_01.mdl"] = {
				{ 1.00000, 0.00000, 0.00000, 0.00000, 0.00000, 1.00000, 0.00000, 0.00000, 0.00000, 0.00000, 1.00000, 0.00000, -0.50000, 3.50000, 0.00000, 1.00000, },
			},
		},
		curves = {
			["scaffold"] = {
				{ { 2.73146, 7.96983, 0.00000 }, { 2.73146, 7.96983, 0.00000 }, { 2.73146, 15.46981, 0.00000 }, { 2.73146, 15.46981, 0.00000 }, { 2.73146, 15.46981, 0.00000 }, { -3.75775, 15.46983, 0.00000 }, { -3.75775, 15.46983, 0.00000 }, { -3.75775, 15.46982, 0.00000 }, { -3.75775, 7.96984, 0.00000 }, { -3.75775, 7.96984, 0.00000 }, },
			},
			["shared/asphalt_02.gtex.lua;shared/dirt.gtex.lua;shared/asphalt_03.gtex.lua"] = {
				{ { 4.00000, 0.00000, 0.00000 }, { 4.00000, 0.00000, 0.00000 }, { 4.00000, 16.00000, 0.00000 }, { 4.00000, 16.00000, 0.00000 }, { 4.00000, 16.00000, 0.00000 }, { -4.00000, 16.00000, 0.00000 }, { -4.00000, 16.00000, 0.00000 }, { -4.00000, 16.00000, 0.00000 }, { -4.00000, 0.00000, 0.00000 }, { -4.00000, 0.00000, 0.00000 }, },
			},
		},
	},
	["layout_1"] = {
		models = {
			["asset/industry/pallet_01.mdl"] = {
				{ -0.99337, 0.11494, 0.00000, 0.00000, -0.11494, -0.99337, 0.00000, 0.00000, 0.00000, 0.00000, 1.00000, 0.00000, 3.36000, 12.40000, 0.00000, 1.00000, },
				{ -0.99337, 0.11494, 0.00000, 0.00000, -0.02975, -0.25710, -0.96593, 0.00000, -0.11102, -0.95952, 0.25882, 0.00000, -3.15000, 8.06500, 0.55000, 1.00000, },
			},
			["asset/industry/wooden_box_04.mdl"] = {
				{ 1.00000, 0.00000, 0.00000, 0.00000, 0.00000, 1.00000, 0.00000, 0.00000, 0.00000, 0.00000, 1.00000, 0.00000, 2.90000, 2.60000, 0.00000, 1.00000, ignore = { 2, 20 }, },
				{ -0.11494, 0.99337, 0.00000, 0.00000, -0.99337, -0.11494, 0.00000, 0.00000, 0.00000, 0.00000, 1.00000, 0.00000, 2.90000, 4.55000, 0.00000, 1.00000, ignore = { 3, 20 }, },
			},
			["station/rail/asset/cargo_pallet_jack.mdl"] = {
				{ 0.11494, 0.99337, 0.00000, 0.00000, -0.99337, 0.11494, 0.00000, 0.00000, 0.00000, 0.00000, 1.00000, 0.00000, 3.32000, 11.98000, 0.00000, 1.00000, },
			},
		},
		groups = {
			["era_b_ind_random_decoration.grp"] = {
				{ 1.00000, 0.00000, 0.00000, 0.00000, 0.00000, 1.00000, 0.00000, 0.00000, 0.00000, 0.00000, 1.00000, 0.00000, -3.00000, 6.05000, 0.00000, 1.00000, },
				{ 1.00000, 0.00000, 0.00000, 0.00000, 0.00000, 1.00000, 0.00000, 0.00000, 0.00000, 0.00000, 1.00000, 0.00000, -3.00000, 3.05000, 0.00000, 1.00000, },
			},
		},
	},
}
--End Generated

function data()
	return townbuildingutil.make_building2(
		{ { -4.60, -0.10 }, { 4.60, -0.10 }, { 4.60, 9.10 }, { -4.60, 9.10 } },
		"INDUSTRIAL", 
		"B", 
		1,
		{ 1, 2 },
		generatedData,
		"construction/building/era_b/ind_1_1x2_01.gtex"
	)
end
