local townbuildingutil = require "townbuildingutil"

--Model file: "building/era_b/ind_1_2x3_01.mdl"

--Begin Generated
local generatedData = {
	["base"] = {
		models = {
			["building/era_b/ind_1_2x3_01.mdl"] = {
				{ 1.00000, 0.00000, 0.00000, 0.00000, 0.00000, 1.00000, 0.00000, 0.00000, 0.00000, 0.00000, 1.00000, 0.00000, 0.00000, 0.00000, 0.00000, 1.00000, },
			},
		},
		curves = {
			["scaffold"] = {
				{ { 3.64722, 5.93609, 0.00000 }, { 3.64722, 5.93610, 0.00000 }, { 3.64722, 16.60165, 0.00000 }, { 3.64722, 16.60165, 0.00000 }, { 3.64722, 16.60165, 0.00000 }, { -2.54260, 16.60165, 0.00000 }, { -2.54260, 16.60165, 0.00000 }, { -2.54260, 16.60165, 0.00000 }, { -2.54260, 5.93610, 0.00000 }, { -2.54260, 5.93610, 0.00000 }, },
			},
			["shared/asphalt_02.gtex.lua;shared/dirt.gtex.lua;shared/asphalt_03.gtex.lua"] = {
				{ { 8.00000, 0.00000, 0.00000 }, { 8.00000, 0.00000, 0.00000 }, { 8.00000, 24.00000, 0.00000 }, { 8.00000, 24.00000, 0.00000 }, { 8.00000, 24.00000, 0.00000 }, { -2.00000, 24.00000, 0.00000 }, { -2.00000, 24.00000, 0.00000 }, { -2.00000, 24.00000, 0.00000 }, { -2.00000, 19.00000, 0.00000 }, { -2.00000, 19.00000, 0.00000 }, { -2.00000, 19.00000, 0.00000 }, { -8.00000, 19.00000, 0.00000 }, { -8.00000, 19.00000, 0.00000 }, { -8.00000, 19.00000, 0.00000 }, { -8.00000, 0.00000, 0.00000 }, { -8.00000, 0.00000, 0.00000 }, },
			},
		},
	},
	["layout_1"] = {
		models = {
			["asset/ground/barrel_steel.mdl"] = {
				{ -0.08106, 0.99671, 0.00000, 0.00000, -0.99671, -0.08106, 0.00000, 0.00000, 0.00000, 0.00000, 1.00000, 0.00000, -0.20460, 21.77024, 0.00000, 1.00000, ignore = { 4, 20 }, },
				{ 0.82710, 0.56206, 0.00000, 0.00000, -0.56206, 0.82710, 0.00000, 0.00000, 0.00000, 0.00000, 1.00000, 0.00000, 0.66110, 21.81804, 0.00000, 1.00000, },
				{ 0.57335, 0.81931, 0.00000, 0.00000, -0.81931, 0.57335, 0.00000, 0.00000, 0.00000, 0.00000, 1.00000, 0.00000, 1.48517, 21.76274, 0.00000, 1.00000, },
				{ 0.25891, 0.96590, 0.00000, 0.00000, -0.96590, 0.25891, 0.00000, 0.00000, 0.00000, 0.00000, 1.00000, 0.00000, 2.29567, 21.80539, 0.00000, 1.00000, },
				{ 0.51677, 0.85613, 0.00000, 0.00000, -0.85613, 0.51677, 0.00000, 0.00000, 0.00000, 0.00000, 1.00000, 0.00000, 3.15405, 21.76509, 0.00000, 1.00000, },
				{ -0.99950, -0.03169, 0.00000, 0.00000, 0.03169, -0.99950, 0.00000, 0.00000, 0.00000, 0.00000, 1.00000, 0.00000, -0.21259, 20.94190, 0.00000, 1.00000, },
				{ -0.84897, 0.52845, 0.00000, 0.00000, -0.52845, -0.84897, 0.00000, 0.00000, 0.00000, 0.00000, 1.00000, 0.00000, 0.63040, 20.93083, 0.00000, 1.00000, },
				{ -0.92960, -0.36856, 0.00000, 0.00000, 0.36856, -0.92960, 0.00000, 0.00000, 0.00000, 0.00000, 1.00000, 0.00000, 1.48199, 20.93891, 0.00000, 1.00000, },
				{ -0.90877, -0.41729, 0.00000, 0.00000, 0.41729, -0.90877, 0.00000, 0.00000, 0.00000, 0.00000, 1.00000, 0.00000, 2.31130, 20.96321, 0.00000, 1.00000, },
				{ -0.99528, -0.09704, 0.00000, 0.00000, 0.09704, -0.99528, 0.00000, 0.00000, 0.00000, 0.00000, 1.00000, 0.00000, 3.13139, 20.93051, 0.00000, 1.00000, },
				{ -0.52912, 0.84854, 0.00000, 0.00000, -0.84854, -0.52912, 0.00000, 0.00000, 0.00000, 0.00000, 1.00000, 0.00000, -0.23394, 20.02622, 0.00000, 1.00000, },
				{ -0.80417, 0.59440, 0.00000, 0.00000, -0.59440, -0.80417, 0.00000, 0.00000, 0.00000, 0.00000, 1.00000, 0.00000, 0.59396, 20.04721, 0.00000, 1.00000, },
				{ -0.99969, 0.02477, 0.00000, 0.00000, -0.02477, -0.99969, 0.00000, 0.00000, 0.00000, 0.00000, 1.00000, 0.00000, 1.44157, 20.07968, 0.00000, 1.00000, },
				{ 0.04081, -0.99917, 0.00000, 0.00000, 0.99917, 0.04081, 0.00000, 0.00000, 0.00000, 0.00000, 1.00000, 0.00000, 2.26156, 20.06695, 0.00000, 1.00000, },
				{ 0.16737, -0.98589, 0.00000, 0.00000, 0.98589, 0.16737, 0.00000, 0.00000, 0.00000, 0.00000, 1.00000, 0.00000, 3.09768, 19.99714, 0.00000, 1.00000, },
				{ -0.95540, 0.29532, 0.00000, 0.00000, -0.29532, -0.95540, 0.00000, 0.00000, 0.00000, 0.00000, 1.00000, 0.00000, -0.26637, 19.13953, 0.00000, 1.00000, ignore = { 5, 20 }, },
				{ -0.58947, 0.80779, 0.00000, 0.00000, -0.80779, -0.58947, 0.00000, 0.00000, 0.00000, 0.00000, 1.00000, 0.00000, 0.60346, 19.17519, 0.00000, 1.00000, },
				{ 0.48989, 0.87179, 0.00000, 0.00000, -0.87179, 0.48989, 0.00000, 0.00000, 0.00000, 0.00000, 1.00000, 0.00000, 1.49758, 19.12543, 0.00000, 1.00000, },
				{ -0.69502, 0.71899, 0.00000, 0.00000, -0.71899, -0.69502, 0.00000, 0.00000, 0.00000, 0.00000, 1.00000, 0.00000, 2.32369, 18.89330, 0.00000, 1.00000, },
				{ -0.88171, -0.47180, 0.00000, 0.00000, 0.47180, -0.88171, 0.00000, 0.00000, 0.00000, 0.00000, 1.00000, 0.00000, 3.15251, 19.13489, 0.00000, 1.00000, },
				{ -0.15096, 0.98854, 0.00000, 0.00000, -0.98854, -0.15096, 0.00000, 0.00000, 0.00000, 0.00000, 1.00000, 0.00000, 4.05137, 21.77301, 0.00000, 1.00000, },
				{ -0.99996, 0.00928, 0.00000, 0.00000, -0.00928, -0.99996, 0.00000, 0.00000, 0.00000, 0.00000, 1.00000, 0.00000, 4.89749, 21.79510, 0.00000, 1.00000, },
				{ -0.99877, -0.04949, 0.00000, 0.00000, 0.04949, -0.99877, 0.00000, 0.00000, 0.00000, 0.00000, 1.00000, 0.00000, 5.88327, 21.83344, 0.00000, 1.00000, ignore = { 6, 20 }, },
				{ -0.95560, -0.29466, 0.00000, 0.00000, 0.29466, -0.95560, 0.00000, 0.00000, 0.00000, 0.00000, 1.00000, 0.00000, 3.93050, 20.02951, 0.00000, 1.00000, },
				{ 0.55688, -0.83059, 0.00000, 0.00000, 0.83059, 0.55688, 0.00000, 0.00000, 0.00000, 0.00000, 1.00000, 0.00000, 4.83608, 20.05658, 0.00000, 1.00000, },
				{ -0.99758, -0.06955, 0.00000, 0.00000, 0.06955, -0.99758, 0.00000, 0.00000, 0.00000, 0.00000, 1.00000, 0.00000, 4.02075, 20.92472, 0.00000, 1.00000, },
				{ -0.92804, -0.37249, 0.00000, 0.00000, 0.37249, -0.92804, 0.00000, 0.00000, 0.00000, 0.00000, 1.00000, 0.00000, 4.89836, 20.93708, 0.00000, 1.00000, },
				{ -0.98583, 0.16776, 0.00000, 0.00000, -0.16776, -0.98583, 0.00000, 0.00000, 0.00000, 0.00000, 1.00000, 0.00000, 5.74851, 20.78353, 0.00000, 1.00000, },
				{ -0.36416, 0.93134, 0.00000, 0.00000, -0.93134, -0.36416, 0.00000, 0.00000, 0.00000, 0.00000, 1.00000, 0.00000, 4.01367, 19.21540, 0.00000, 1.00000, },
				{ -0.94422, 0.32931, 0.00000, 0.00000, -0.32931, -0.94422, 0.00000, 0.00000, 0.00000, 0.00000, 1.00000, 0.00000, 4.90000, 19.20000, 0.00000, 1.00000, },
			},
			["asset/ground/container_waste3.mdl"] = {
				{ 0.08878, -0.99605, 0.00000, 0.00000, 0.99605, 0.08878, 0.00000, 0.00000, 0.00000, 0.00000, 1.00000, 0.00000, -3.44161, 6.64418, 0.00000, 1.00000, ignore = { 2, 20 }, },
				{ -0.05245, -0.99862, 0.00000, 0.00000, 0.99862, -0.05245, 0.00000, 0.00000, 0.00000, 0.00000, 1.00000, 0.00000, -3.50085, 8.83597, 0.00000, 1.00000, ignore = { 3, 20 }, },
			},
			["asset/industry/pipes_small_curved_horizontal_l.mdl"] = {
				{ -1.00000, 0.00000, -0.00000, 0.00000, -0.00000, -1.00000, 0.00000, 0.00000, -0.00000, 0.00000, 1.00000, 0.00000, -5.38010, 12.66000, 1.40000, 1.00000, align = { 0.00000, 0.00000 }, },
				{ 1.00000, 0.00000, -0.00000, 0.00000, -0.00000, 1.00000, 0.00000, 0.00000, 0.00000, -0.00000, 1.00000, 0.00000, -5.38010, 12.66000, 1.40000, 1.00000, align = { 0.00000, 0.00000 }, },
				{ -1.00000, 0.00000, -0.00000, 0.00000, -0.00000, -1.00000, 0.00000, 0.00000, -0.00000, 0.00000, 1.00000, 0.00000, -4.38050, 13.66000, 1.40000, 1.00000, align = { 0.00000, 0.00000 }, },
			},
			["asset/industry/pipes_small_curved_vertical.mdl"] = {
				{ -1.00000, -0.00000, -0.00000, 0.00000, 0.00000, -1.00000, 0.00000, 0.00000, -0.00000, 0.00000, 1.00000, 0.00000, -5.39000, 14.29000, 1.40000, 1.00000, align = { 0.00000, 0.00000 }, },
				{ 0.00000, -1.00000, 0.00000, 0.00000, 1.00000, 0.00000, -0.00000, 0.00000, 0.00000, 0.00000, 1.00000, 0.00000, -5.87990, 12.16000, 1.40000, 1.00000, align = { 0.00000, 0.00000 }, },
			},
			["asset/industry/pipes_small_straight.mdl"] = {
				{ 1.00000, 0.00000, 0.00000, 0.00000, 0.00000, 1.00000, 0.00000, 0.00000, 0.00000, 0.00000, 1.00000, 0.00000, -2.39000, 14.29000, 1.40000, 1.00000, align = { 0.00000, 0.00000 }, },
				{ -0.58000, 0.00000, -0.00000, 0.00000, -0.00000, -1.00000, 0.00000, 0.00000, -0.00000, 0.00000, 1.00000, 0.00000, -4.38050, 13.66000, 1.40000, 1.00000, align = { 0.00000, 0.00000 }, },
			},
		},
		groups = {
			["era_b_ind_random_decoration.grp"] = {
				{ 1.00000, 0.00000, 0.00000, 0.00000, 0.00000, 1.00000, 0.00000, 0.00000, 0.00000, 0.00000, 1.00000, 0.00000, 4.50000, 7.50000, 0.00000, 1.00000, },
				{ 1.00000, 0.00000, 0.00000, 0.00000, 0.00000, 1.00000, 0.00000, 0.00000, 0.00000, 0.00000, 1.00000, 0.00000, 4.50000, 10.49840, 0.00000, 1.00000, },
				{ 1.00000, 0.00000, 0.00000, 0.00000, 0.00000, 1.00000, 0.00000, 0.00000, 0.00000, 0.00000, 1.00000, 0.00000, 4.50000, 13.51225, 0.00000, 1.00000, },
			},
			["silo_horizontal.grp"] = {
				{ -0.00000, 1.00000, -0.00000, 0.00000, -1.00000, -0.00000, 0.00000, 0.00000, -0.00000, 0.00000, 1.00000, 0.00000, -5.90000, 15.78000, 0.00000, 1.00000, align = { 0.00000, 0.00000 }, seed = 1, },
				{ -0.00000, 1.00000, -0.00000, 0.00000, -1.00000, -0.00000, 0.00000, 0.00000, -0.00000, 0.00000, 1.00000, 0.00000, -5.90000, 10.16000, 0.00000, 1.00000, align = { 0.00000, 0.00000 }, seed = 1, },
			},
		},
	},
}
--End Generated

function data()
	return townbuildingutil.make_building2(
		{ { -4.60, -0.10 }, { 4.60, -0.10 }, { 4.60, 9.10 }, { -4.60, 9.10 } },
		"INDUSTRIAL", 
		"B", 
		1,
		{ 2, 3 },
		generatedData,
		"construction/building/era_b/ind_1_2x3_01.gtex"
	)
end
