local townbuildingutil = require "townbuildingutil"

--Model file: "building/era_b/ind_2_3x3_01.mdl"

--Begin Generated
local generatedData = {
	["base"] = {
		models = {
			["building/era_b/ind_2_3x3_01.mdl"] = {
				{ 1.00000, 0.00000, 0.00000, 0.00000, 0.00000, 1.00000, 0.00000, 0.00000, 0.00000, 0.00000, 1.00000, 0.00000, 2.60000, 0.00000, 0.00000, 1.00000, },
			},
		},
		curves = {
			["scaffold"] = {
				{ { 8.82065, 6.93230, 0.00000 }, { 8.82065, 6.93230, 0.00000 }, { 8.82065, 9.37166, 0.00000 }, { 8.82065, 9.37166, 0.00000 }, { 8.82065, 9.37166, 0.00000 }, { 11.11942, 9.37166, 0.00000 }, { 11.11942, 9.37166, 0.00000 }, { 11.11942, 9.37166, 0.00000 }, { 11.11942, 18.11232, 0.00000 }, { 11.11942, 18.11232, 0.00000 }, { 11.11942, 18.11232, 0.00000 }, { 9.25357, 18.11237, 0.00000 }, { 9.25357, 18.11237, 0.00000 }, { 9.25357, 18.11237, 0.00000 }, { 9.25357, 19.84299, 0.00000 }, { 9.25357, 19.84299, 0.00000 }, { 9.25357, 19.84299, 0.00000 }, { -0.77914, 19.84301, 0.00000 }, { -0.77914, 19.84301, 0.00000 }, { -0.77914, 19.84301, 0.00000 }, { -0.77914, 18.33020, 0.00000 }, { -0.77914, 18.33020, 0.00000 }, { -0.77914, 18.33020, 0.00000 }, { -6.25754, 18.33020, 0.00000 }, { -6.25754, 18.33020, 0.00000 }, { -6.25754, 18.33020, 0.00000 }, { -6.25754, 9.17023, 0.00000 }, { -6.25754, 9.17023, 0.00000 }, { -6.25754, 9.17023, 0.00000 }, { -1.42262, 9.17023, 0.00000 }, { -1.42262, 9.17023, 0.00000 }, { -1.42262, 9.17023, 0.00000 }, { -1.42262, 6.93230, 0.00000 }, { -1.42262, 6.93230, 0.00000 }, },
			},
			["shared/asphalt_02.gtex.lua;shared/dirt.gtex.lua;shared/asphalt_03.gtex.lua"] = {
				{ { 12.00000, 0.00000, 0.00000 }, { 12.00000, 0.00000, 0.00000 }, { 12.00000, 21.00000, 0.00000 }, { 12.00000, 21.00000, 0.00000 }, { 12.00000, 21.00000, 0.00000 }, { -1.00000, 21.00000, 0.00000 }, { -1.00000, 21.00000, 0.00000 }, { -1.00000, 21.00000, 0.00000 }, { -1.00000, 24.00000, 0.00000 }, { -1.00000, 24.00000, 0.00000 }, { -1.00000, 24.00000, 0.00000 }, { -12.00000, 24.00000, 0.00000 }, { -12.00000, 24.00000, 0.00000 }, { -12.00000, 24.00000, 0.00000 }, { -12.00000, 0.00000, 0.00000 }, { -12.00000, 0.00000, 0.00000 }, },
			},
		},
	},
	["layout_1"] = {
		models = {
			["asset/construction/scaffolding/era_b_normal.mdl"] = {
				{ 1.00000, 0.00000, 0.00000, 0.00000, 0.00000, 1.00000, 0.00000, 0.00000, 0.00000, 0.00000, 1.00000, 0.00000, -10.10000, 16.60000, 0.00000, 1.00000, },
				{ 1.00000, 0.00000, 0.00000, 0.00000, 0.00000, 1.00000, 0.00000, 0.00000, 0.00000, 0.00000, 1.00000, 0.00000, -10.10000, 13.50000, 0.00000, 1.00000, },
				{ 1.00000, 0.00000, 0.00000, 0.00000, 0.00000, 1.00000, 0.00000, 0.00000, 0.00000, 0.00000, 1.00000, 0.00000, -10.10000, 10.40000, 0.00000, 1.00000, },
				{ -1.00000, -0.00000, 0.00000, 0.00000, 0.00000, -1.00000, 0.00000, 0.00000, 0.00000, 0.00000, 1.00000, 0.00000, -8.70000, 10.40000, 0.00000, 1.00000, },
				{ -1.00000, -0.00000, 0.00000, 0.00000, 0.00000, -1.00000, 0.00000, 0.00000, 0.00000, 0.00000, 1.00000, 0.00000, -8.70000, 13.50000, 0.00000, 1.00000, },
				{ -1.00000, -0.00000, 0.00000, 0.00000, 0.00000, -1.00000, 0.00000, 0.00000, 0.00000, 0.00000, 1.00000, 0.00000, -8.70000, 16.60000, 0.00000, 1.00000, },
			},
			["asset/ground/barrel_steel.mdl"] = {
				{ 1.00000, 0.00000, 0.00000, 0.00000, 0.00000, 1.00000, 0.00000, 0.00000, 0.00000, 0.00000, 1.00000, 0.00000, 2.05000, 20.00000, 0.00000, 1.00000, },
			},
			["asset/ground/container_waste1.mdl"] = {
				{ 0.79951, -0.02792, 0.00000, 0.00000, 0.02792, 0.79951, 0.00000, 0.00000, 0.00000, 0.00000, 0.80000, 0.00000, -5.10000, 22.70000, 0.00000, 1.00000, ignore = { 2, 20 }, },
				{ 0.80000, 0.00000, 0.00000, 0.00000, 0.00000, 0.80000, 0.00000, 0.00000, 0.00000, 0.00000, 0.80000, 0.00000, -7.20000, 22.70000, 0.00000, 1.00000, },
				{ 0.79562, 0.08362, 0.00000, 0.00000, -0.08362, 0.79562, 0.00000, 0.00000, 0.00000, 0.00000, 0.80000, 0.00000, -9.55000, 22.65000, 0.00000, 1.00000, ignore = { 3, 20 }, },
			},
			["asset/industry/pallet_01.mdl"] = {
				{ 0.52547, -0.85081, -0.00000, 0.00000, 0.85081, 0.52547, -0.00000, 0.00000, 0.00000, -0.00000, 1.00000, 0.00000, 2.22258, 8.39395, 1.21000, 1.00000, align = { 2.60000, 0.00000 }, },
				{ -0.01396, -0.99990, 0.00000, 0.00000, 0.99990, -0.01396, 0.00000, 0.00000, 0.00000, 0.00000, 1.00000, 0.00000, -0.48000, 8.82000, 1.21000, 1.00000, align = { 2.60000, 0.00000 }, },
				{ 0.28234, -0.95931, 0.00000, 0.00000, 0.95931, 0.28234, 0.00000, 0.00000, 0.00000, 0.00000, 1.00000, 0.00000, -6.49002, 7.79116, 0.00000, 1.00000, },
			},
			["asset/industry/wood_plates_01.mdl"] = {
				{ -0.00000, 0.00000, 1.00000, 0.00000, -0.00000, 1.00000, 0.00000, 0.00000, -1.00000, 0.00000, -0.00000, 0.00000, -9.51000, 10.51000, 0.57000, 1.00000, },
				{ -0.00000, 0.00000, 1.00000, 0.00000, -0.00000, 1.00000, 0.00000, 0.00000, -1.00000, 0.00000, -0.00000, 0.00000, -9.87000, 10.51000, 0.57000, 1.00000, },
				{ 0.02618, 0.00000, 0.99966, 0.00000, 0.00000, 1.00000, 0.00000, 0.00000, -0.99966, 0.00000, 0.02618, 0.00000, -10.24000, 10.51000, 0.56000, 1.00000, },
			},
			["asset/industry/wooden_box_02.mdl"] = {
				{ 0.52547, -0.85081, -0.00000, 0.00000, 0.85081, 0.52547, -0.00000, 0.00000, 0.00000, -0.00000, 1.00000, 0.00000, 2.22258, 8.39395, 1.35000, 1.00000, align = { 2.60000, 0.00000 }, },
				{ -0.01396, -0.99990, 0.00000, 0.00000, 0.99990, -0.01396, 0.00000, 0.00000, 0.00000, 0.00000, 1.00000, 0.00000, -0.48000, 8.82000, 1.35000, 1.00000, align = { 2.60000, 0.00000 }, ignore = { 4, 20 }, },
				{ 0.28234, -0.95931, 0.00000, 0.00000, 0.95931, 0.28234, 0.00000, 0.00000, 0.00000, 0.00000, 1.00000, 0.00000, -6.49002, 7.79116, 0.14000, 1.00000, ignore = { 5, 20 }, },
				{ 1.00000, 0.00000, 0.00000, 0.00000, 0.00000, 1.00000, 0.00000, 0.00000, 0.00000, 0.00000, 1.00000, 0.00000, -10.14000, 12.82000, 0.00000, 1.00000, },
				{ 0.99985, -0.01745, 0.00000, 0.00000, 0.01745, 0.99979, 0.01047, 0.00000, -0.00018, -0.01047, 0.99995, 0.00000, -10.14000, 12.82000, 2.05000, 1.00000, ignore = { 6, 20 }, },
				{ 0.99905, 0.04362, 0.00000, 0.00000, -0.04362, 0.99905, 0.00000, 0.00000, 0.00000, 0.00000, 1.00000, 0.00000, -10.14000, 15.92000, 0.00000, 1.00000, },
				{ 0.99966, 0.02618, 0.00000, 0.00000, -0.02618, 0.99960, 0.01047, 0.00000, 0.00027, -0.01047, 0.99995, 0.00000, -10.14000, 15.92000, 2.05000, 1.00000, ignore = { 7, 20 }, },
				{ 0.99966, -0.02618, 0.00000, 0.00000, 0.02618, 0.99966, 0.00000, 0.00000, 0.00000, 0.00000, 1.00000, 0.00000, -8.76000, 15.92000, 0.00000, 1.00000, },
				{ 0.99905, -0.04362, 0.00000, 0.00000, 0.04362, 0.99899, 0.01047, 0.00000, -0.00046, -0.01046, 0.99995, 0.00000, -8.76000, 15.92000, 2.05000, 1.00000, },
				{ 0.99966, -0.02618, 0.00000, 0.00000, 0.02618, 0.99966, 0.00000, 0.00000, 0.00000, 0.00000, 1.00000, 0.00000, -8.76000, 12.82000, 0.00000, 1.00000, },
				{ 0.99966, -0.02618, 0.00000, 0.00000, 0.02618, 0.99966, 0.00000, 0.00000, 0.00000, 0.00000, 1.00000, 0.00000, -8.76000, 9.64000, 0.00000, 1.00000, },
				{ 0.99966, 0.02618, 0.00000, 0.00000, -0.02618, 0.99966, 0.00000, 0.00000, 0.00000, 0.00000, 1.00000, 0.00000, -8.76000, 9.64000, 0.89000, 1.00000, },
				{ 0.99966, 0.02618, 0.00000, 0.00000, -0.02618, 0.99966, 0.00000, 0.00000, 0.00000, 0.00000, 1.00000, 0.00000, -10.14000, 12.82000, 0.89000, 1.00000, },
				{ 0.99756, 0.06976, 0.00000, 0.00000, -0.06976, 0.99756, 0.00000, 0.00000, 0.00000, 0.00000, 1.00000, 0.00000, -10.14000, 15.92000, 0.89000, 1.00000, },
				{ 1.00000, 0.00000, 0.00000, 0.00000, 0.00000, 1.00000, 0.00000, 0.00000, 0.00000, 0.00000, 1.00000, 0.00000, -8.76000, 15.92000, 0.89000, 1.00000, },
				{ 0.99966, -0.02618, 0.00000, 0.00000, 0.02618, 0.99966, 0.00000, 0.00000, 0.00000, 0.00000, 1.00000, 0.00000, -10.14000, 14.16000, 0.00000, 1.00000, },
				{ 0.99905, -0.04362, 0.00000, 0.00000, 0.04362, 0.99899, 0.01047, 0.00000, -0.00046, -0.01046, 0.99995, 0.00000, -10.14000, 14.16000, 2.05000, 1.00000, ignore = { 8, 20 }, },
				{ 0.99619, 0.08716, 0.00000, 0.00000, -0.08716, 0.99619, 0.00000, 0.00000, 0.00000, 0.00000, 1.00000, 0.00000, -10.14000, 17.26000, 0.00000, 1.00000, },
				{ 0.99756, 0.06976, 0.00000, 0.00000, -0.06975, 0.99751, 0.01047, 0.00000, 0.00073, -0.01045, 0.99995, 0.00000, -10.14000, 17.26000, 2.05000, 1.00000, ignore = { 9, 20 }, },
				{ 0.99985, 0.01745, 0.00000, 0.00000, -0.01745, 0.99985, 0.00000, 0.00000, 0.00000, 0.00000, 1.00000, 0.00000, -8.76000, 17.26000, 0.00000, 1.00000, },
				{ 0.99985, 0.01745, 0.00000, 0.00000, -0.01745, 0.99985, 0.00000, 0.00000, 0.00000, 0.00000, 1.00000, 0.00000, -1.75000, 19.30000, 0.00000, 1.00000, },
				{ 0.98902, 0.14781, 0.00000, 0.00000, -0.14781, 0.98902, 0.00000, 0.00000, 0.00000, 0.00000, 1.00000, 0.00000, -1.75000, 19.30000, 0.89000, 1.00000, },
				{ 0.99985, 0.01745, 0.00000, 0.00000, -0.01745, 0.99985, 0.00000, 0.00000, 0.00000, 0.00000, 1.00000, 0.00000, -8.76000, 14.16000, 0.00000, 1.00000, },
				{ 1.00000, 0.00000, 0.00000, 0.00000, -0.00000, 0.99995, 0.01047, 0.00000, 0.00000, -0.01047, 0.99995, 0.00000, -8.76000, 14.16000, 2.05000, 1.00000, },
				{ 0.99985, 0.01745, 0.00000, 0.00000, -0.01745, 0.99985, 0.00000, 0.00000, 0.00000, 0.00000, 1.00000, 0.00000, -8.76000, 10.98000, 0.00000, 1.00000, },
				{ 0.99756, 0.06976, 0.00000, 0.00000, -0.06976, 0.99756, 0.00000, 0.00000, 0.00000, 0.00000, 1.00000, 0.00000, -8.76000, 10.98000, 0.89000, 1.00000, },
				{ 0.99966, 0.02618, 0.00000, 0.00000, -0.02618, 0.99966, 0.00000, 0.00000, 0.00000, 0.00000, 1.00000, 0.00000, -10.14000, 14.16000, 0.89000, 1.00000, },
				{ 0.99966, 0.02618, 0.00000, 0.00000, -0.02618, 0.99966, 0.00000, 0.00000, 0.00000, 0.00000, 1.00000, 0.00000, -10.14000, 17.26000, 0.89000, 1.00000, },
			},
			["asset/roof/era_b_lamp_a_01.mdl"] = {
				{ -0.60000, -0.00000, 0.00000, 0.00000, 0.00000, -0.60000, -0.00000, 0.00000, 0.00000, -0.00000, 0.60000, 0.00000, -0.40000, 7.36000, 4.98000, 1.00000, align = { 2.60000, 0.00000 }, },
				{ -0.60000, -0.00000, 0.00000, 0.00000, 0.00000, -0.60000, -0.00000, 0.00000, 0.00000, -0.00000, 0.60000, 0.00000, 3.70000, 7.36000, 4.98000, 1.00000, align = { 2.60000, 0.00000 }, },
				{ -0.60000, -0.00000, 0.00000, 0.00000, 0.00000, -0.60000, -0.00000, 0.00000, 0.00000, -0.00000, 0.60000, 0.00000, 8.20000, 7.36000, 4.98000, 1.00000, align = { 2.60000, 0.00000 }, },
			},
			["station/air/asset/handrail_3m.mdl"] = {
				{ -0.00000, -0.91500, -0.00000, 0.00000, 0.91500, -0.00000, 0.00000, 0.00000, -0.00000, 0.00000, 0.91500, 0.00000, 8.75000, 8.35000, 1.30000, 1.00000, align = { 2.60000, 0.00000 }, },
			},
			["station/rail/asset/cargo_pallet_jack.mdl"] = {
				{ -0.85081, -0.52547, 0.00000, 0.00000, 0.52547, -0.85081, 0.00000, 0.00000, 0.00000, 0.00000, 1.00000, 0.00000, 2.49484, 8.56210, 1.20000, 1.00000, align = { 2.60000, 0.00000 }, },
				{ 0.97030, 0.24192, 0.00000, 0.00000, -0.24192, 0.97030, 0.00000, 0.00000, 0.00000, 0.00000, 1.00000, 0.00000, -6.81995, 7.66768, 0.00000, 1.00000, },
			},
		},
	},
}
--End Generated

function data()
	return townbuildingutil.make_building2(
		{ { -4.60, -0.10 }, { 4.60, -0.10 }, { 4.60, 9.10 }, { -4.60, 9.10 } },
		"INDUSTRIAL", 
		"B", 
		2,
		{ 3, 3 },
		generatedData,
		"construction/building/era_b/ind_2_3x3_01.gtex"
	)
end
