local townbuildingutil = require "townbuildingutil"

--Model file: "building/era_b/ind_1_3x4_03.mdl"

--Begin Generated
local generatedData = {
	["base"] = {
		models = {
			["building/era_b/ind_1_3x4_03.mdl"] = {
				{ 1.00000, 0.00000, 0.00000, 0.00000, 0.00000, 1.00000, 0.00000, 0.00000, 0.00000, 0.00000, 1.00000, 0.00000, 0.00000, 0.00000, 0.00000, 1.00000, },
			},
		},
		curves = {
			["scaffold"] = {
				{ { 0.30698, 9.36263, 0.00000 }, { 0.30698, 9.36263, 0.00000 }, { 0.30707, 18.38614, 0.00000 }, { 0.30707, 18.38614, 0.00000 }, { 0.30707, 18.38614, 0.00000 }, { 6.01331, 18.38617, 0.00000 }, { 6.01331, 18.38617, 0.00000 }, { 6.01331, 18.38617, 0.00000 }, { 6.01318, 24.37680, 0.00000 }, { 6.01318, 24.37680, 0.00000 }, { 6.01318, 24.37680, 0.00000 }, { 0.30710, 24.37686, 0.00000 }, { 0.30710, 24.37686, 0.00000 }, { 0.30710, 24.37686, 0.00000 }, { 0.30695, 25.90230, 0.00000 }, { 0.30695, 25.90230, 0.00000 }, { 0.30695, 25.90230, 0.00000 }, { -7.13293, 25.90232, 0.00000 }, { -7.13293, 25.90232, 0.00000 }, { -7.13293, 25.90232, 0.00000 }, { -7.13287, 9.36261, 0.00000 }, { -7.13287, 9.36260, 0.00000 }, },
			},
			["shared/asphalt_02.gtex.lua;shared/dirt.gtex.lua;shared/asphalt_03.gtex.lua"] = {
				{ { 12.00000, 0.00000, 0.00000 }, { 12.00000, 0.00000, 0.00000 }, { 12.00000, 32.00000, 0.00000 }, { 12.00000, 32.00000, 0.00000 }, { 12.00000, 32.00000, 0.00000 }, { 0.00000, 32.00000, 0.00000 }, { 0.00000, 32.00000, 0.00000 }, { 0.00000, 32.00000, 0.00000 }, { 0.00000, 27.00000, 0.00000 }, { 0.00000, 27.00000, 0.00000 }, { 0.00000, 27.00000, 0.00000 }, { -12.00000, 27.00000, 0.00000 }, { -12.00000, 27.00000, 0.00000 }, { -12.00000, 27.00000, 0.00000 }, { -12.00000, 0.00000, 0.00000 }, { -12.00000, 0.00000, 0.00000 }, },
			},
		},
	},
	["layout_1"] = {
		models = {
			["asset/ground/barrel_steel.mdl"] = {
				{ 1.00000, 0.00000, 0.00000, 0.00000, 0.00000, 1.00000, 0.00000, 0.00000, 0.00000, 0.00000, 1.00000, 0.00000, -7.80000, 24.80000, 0.00000, 1.00000, },
				{ 1.00000, 0.00000, 0.00000, 0.00000, 0.00000, -0.00000, 1.00000, 0.00000, 0.00000, -1.00000, -0.00000, 0.00000, 4.46000, 31.20000, 0.38000, 1.00000, },
				{ 1.00000, 0.00000, 0.00000, 0.00000, 0.00000, -0.00000, 1.00000, 0.00000, 0.00000, -1.00000, -0.00000, 0.00000, 4.87000, 31.20000, 1.04000, 1.00000, },
				{ -0.31565, -0.00000, 0.94888, 0.00000, -0.94888, 0.00000, -0.31565, 0.00000, -0.00000, -1.00000, -0.00000, 0.00000, 3.62000, 31.20000, 0.38000, 1.00000, },
				{ -0.31565, -0.00000, 0.94888, 0.00000, -0.94888, 0.00000, -0.31565, 0.00000, -0.00000, -1.00000, -0.00000, 0.00000, 4.03000, 31.20000, 1.04000, 1.00000, },
				{ 1.00000, 0.00000, 0.00000, 0.00000, 0.00000, -0.00000, 1.00000, 0.00000, 0.00000, -1.00000, -0.00000, 0.00000, 2.79000, 31.20000, 0.38000, 1.00000, },
				{ 1.00000, 0.00000, 0.00000, 0.00000, 0.00000, -0.00000, 1.00000, 0.00000, 0.00000, -1.00000, -0.00000, 0.00000, 3.20000, 31.20000, 1.06000, 1.00000, },
				{ -0.31565, -0.00000, 0.94888, 0.00000, -0.94888, 0.00000, -0.31565, 0.00000, -0.00000, -1.00000, -0.00000, 0.00000, 5.30000, 31.20000, 0.34000, 1.00000, },
				{ -0.31392, -0.03299, 0.94888, 0.00000, -0.94368, -0.09918, -0.31565, 0.00000, 0.10453, -0.99452, -0.00000, 0.00000, 7.51618, 30.45683, 0.34000, 1.00000, },
				{ -0.31218, -0.04666, 0.94888, 0.00000, -0.93845, -0.14025, -0.31565, 0.00000, 0.14781, -0.98902, -0.00000, 0.00000, 6.12399, 31.16000, 0.39408, 1.00000, },
				{ -0.26013, -0.17879, 0.94888, 0.00000, -0.78199, -0.53745, -0.31565, 0.00000, 0.56641, -0.82413, -0.00000, 0.00000, 8.66000, 30.58000, 0.39408, 1.00000, },
				{ -0.39597, -0.11615, 0.91089, 0.00000, -0.91626, -0.01547, -0.40028, 0.00000, 0.06058, -0.99311, -0.10030, 0.00000, 5.72463, 30.85681, 1.07823, 1.00000, },
				{ 1.00000, 0.00000, 0.00000, 0.00000, 0.00000, 1.00000, 0.00000, 0.00000, 0.00000, 0.00000, 1.00000, 0.00000, -7.50000, 23.80000, 0.00000, 1.00000, },
				{ 1.00000, 0.00000, 0.00000, 0.00000, 0.00000, 1.00000, 0.00000, 0.00000, 0.00000, 0.00000, 1.00000, 0.00000, -7.60000, 22.90000, 0.00000, 1.00000, },
				{ 1.00000, 0.00000, 0.00000, 0.00000, 0.00000, 1.00000, 0.00000, 0.00000, 0.00000, 0.00000, 1.00000, 0.00000, -7.40000, 21.80000, 0.00000, 1.00000, },
				{ 1.00000, 0.00000, 0.00000, 0.00000, 0.00000, 1.00000, 0.00000, 0.00000, 0.00000, 0.00000, 1.00000, 0.00000, -7.50000, 20.70000, 0.00000, 1.00000, },
				{ 1.00000, 0.00000, 0.00000, 0.00000, 0.00000, 1.00000, 0.00000, 0.00000, 0.00000, 0.00000, 1.00000, 0.00000, 0.75000, 9.75000, 0.00000, 1.00000, },
			},
			["asset/ground/container_fluid.mdl"] = {
				{ 1.00000, 0.00000, 0.00000, 0.00000, 0.00000, 1.00000, 0.00000, 0.00000, 0.00000, 0.00000, 1.00000, 0.00000, 10.40000, 5.90000, 0.00000, 1.00000, },
				{ 1.00000, 0.00000, 0.00000, 0.00000, 0.00000, 1.00000, 0.00000, 0.00000, 0.00000, 0.00000, 1.00000, 0.00000, 10.36906, 10.39212, 0.00000, 1.00000, ignore = { 4, 20 }, },
				{ 0.99939, -0.03490, 0.00000, 0.00000, 0.03490, 0.99939, 0.00000, 0.00000, 0.00000, 0.00000, 1.00000, 0.00000, 8.33813, 5.93424, 0.00000, 1.00000, },
				{ 0.99939, -0.03490, 0.00000, 0.00000, 0.03490, 0.99939, 0.00000, 0.00000, 0.00000, 0.00000, 1.00000, 0.00000, -9.40000, 6.00000, 0.00000, 1.00000, },
				{ 0.99939, -0.03490, 0.00000, 0.00000, 0.03490, 0.99939, 0.00000, 0.00000, 0.00000, 0.00000, 1.00000, 0.00000, -7.40000, 5.80000, 0.00000, 1.00000, },
				{ 1.00000, 0.00000, 0.00000, 0.00000, 0.00000, 1.00000, 0.00000, 0.00000, 0.00000, 0.00000, 1.00000, 0.00000, 8.15000, 3.55000, 0.00000, 1.00000, ignore = { 5, 20 }, },
				{ 1.00000, 0.00000, 0.00000, 0.00000, 0.00000, 1.00000, 0.00000, 0.00000, 0.00000, 0.00000, 1.00000, 0.00000, -9.58813, 3.61576, 0.00000, 1.00000, ignore = { 6, 20 }, },
				{ 1.00000, 0.00000, 0.00000, 0.00000, 0.00000, 1.00000, 0.00000, 0.00000, 0.00000, 0.00000, 1.00000, 0.00000, -7.58813, 3.41576, 0.00000, 1.00000, ignore = { 7, 20 }, },
				{ 0.99939, -0.03490, 0.00000, 0.00000, 0.03490, 0.99939, 0.00000, 0.00000, 0.00000, 0.00000, 1.00000, 0.00000, 10.26187, 3.71576, 0.00000, 1.00000, ignore = { 8, 20 }, },
				{ 0.99939, -0.03490, 0.00000, 0.00000, 0.03490, 0.99939, 0.00000, 0.00000, 0.00000, 0.00000, 1.00000, 0.00000, 10.23094, 8.20788, 0.00000, 1.00000, },
			},
			["asset/ground/container_waste3.mdl"] = {
				{ -0.99966, 0.02618, 0.00000, 0.00000, -0.02618, -0.99966, 0.00000, 0.00000, 0.00000, 0.00000, 1.00000, 0.00000, 4.30000, 25.20000, -0.00000, 1.00000, ignore = { 2, 20 }, },
				{ 0.02618, 0.99966, 0.00000, 0.00000, -0.99966, 0.02618, 0.00000, 0.00000, 0.00000, -0.00000, 1.00000, 0.00000, 6.80000, 23.18000, -0.00000, 1.00000, },
				{ 0.07846, 0.99692, 0.00000, 0.00000, -0.99692, 0.07846, 0.00000, 0.00000, 0.00000, -0.00000, 1.00000, 0.00000, 6.72000, 20.92000, -0.00000, 1.00000, ignore = { 3, 20 }, },
			},
			["asset/ground/container_waste3_open.mdl"] = {
				{ -1.00000, -0.00000, 0.00000, 0.00000, 0.00000, -1.00000, 0.00000, 0.00000, 0.00000, 0.00000, 1.00000, 0.00000, 1.80000, 25.30000, 0.00000, 1.00000, },
			},
			["asset/industry/cardboard_box_01.mdl"] = {
				{ 1.00000, 0.00000, 0.00000, 0.00000, 0.00000, 1.00000, 0.00000, 0.00000, 0.00000, 0.00000, 1.00000, 0.00000, 0.50000, 17.80000, 0.00000, 1.00000, },
				{ 0.99452, 0.10453, 0.00000, 0.00000, -0.10453, 0.99452, 0.00000, 0.00000, 0.00000, 0.00000, 1.00000, 0.00000, 0.45000, 25.25000, 0.00000, 1.00000, },
				{ 1.00000, 0.00000, 0.00000, 0.00000, 0.00000, 0.65606, 0.75471, 0.00000, 0.00000, -0.75471, 0.65606, 0.00000, 0.50000, 17.20000, 0.32000, 1.00000, },
			},
			["asset/industry/pipes_small_curved_horizontal_l.mdl"] = {
				{ 0.00000, 1.00000, -0.00000, 0.00000, -1.00000, 0.00000, -0.00000, 0.00000, 0.00000, 0.00000, 1.00000, 0.00000, 0.83333, 13.14660, 3.30000, 1.00000, align = { 0.00000, 0.00000 }, },
				{ -0.00000, -1.00000, 0.00000, 0.00000, 1.00000, -0.00000, 0.00000, 0.00000, 0.00000, 0.00000, 1.00000, 0.00000, 0.83333, 13.14660, 3.30000, 1.00000, align = { 0.00000, 0.00000 }, },
			},
			["asset/industry/pipes_small_curved_vertical.mdl"] = {
				{ -0.00000, 0.00000, -1.00000, 0.00000, 0.00000, 1.00000, 0.00000, 0.00000, 1.00000, 0.00000, -0.00000, 0.00000, 0.55917, 12.33000, 1.46000, 1.00000, align = { 0.00000, 0.00000 }, },
				{ -0.00000, 0.00000, 1.00000, 0.00000, 0.00000, 1.00000, 0.00000, 0.00000, -1.00000, 0.00000, -0.00000, 0.00000, 1.44083, 12.33000, 4.46000, 1.00000, align = { 0.00000, 0.00000 }, },
			},
			["asset/industry/pipes_small_straight.mdl"] = {
				{ -0.00000, 0.00000, -1.00000, 0.00000, 0.00000, 1.00000, 0.00000, 0.00000, 1.00000, 0.00000, -0.00000, 0.00000, 0.55917, 12.33000, 1.46000, 1.00000, align = { 0.00000, 0.00000 }, },
				{ -0.85000, 0.00000, 0.00000, 0.00000, -0.00000, -1.00000, 0.00000, 0.00000, 0.00000, 0.00000, 1.00000, 0.00000, 1.33333, 12.64680, 3.30000, 1.00000, align = { 0.00000, 0.00000 }, },
				{ -0.85000, 0.00000, 0.00000, 0.00000, 0.00000, 1.00000, 0.00000, 0.00000, -0.00000, 0.00000, -1.00000, 0.00000, 1.44083, 12.33000, 5.40063, 1.00000, align = { 0.00000, 0.00000 }, },
			},
		},
		groups = {
			["silo_vertical.grp"] = {
				{ 1.00000, 0.00000, 0.00000, 0.00000, 0.00000, 1.00000, 0.00000, 0.00000, 0.00000, 0.00000, 1.00000, 0.00000, 3.25000, 12.03000, 0.00000, 1.00000, align = { 0.00000, 0.00000 }, },
			},
		},
	},
}
--End Generated

function data()
	return townbuildingutil.make_building2(
		{ { -4.60, -0.10 }, { 4.60, -0.10 }, { 4.60, 9.10 }, { -4.60, 9.10 } },
		"INDUSTRIAL", 
		"B", 
		1,
		{ 3, 4 },
		generatedData,
		"construction/building/era_b/ind_1_3x4_03.gtex"
	)
end
