local townbuildingutil = require "townbuildingutil"

--Model file: "building/era_b/ind_3_2x2_02.mdl"

--Begin Generated
local generatedData = {
	["base"] = {
		models = {
			["building/era_b/ind_3_2x2_02.mdl"] = {
				{ 1.00000, 0.00000, 0.00000, 0.00000, 0.00000, 1.00000, 0.00000, 0.00000, 0.00000, 0.00000, 1.00000, 0.00000, 0.00000, 0.00000, 0.00000, 1.00000, },
			},
		},
		curves = {
			["scaffold"] = {
				{ { 0.02655, 2.87349, 0.00000 }, { 0.02655, 2.87349, 0.00000 }, { 0.02649, 5.86155, 0.00000 }, { 0.02649, 5.86155, 0.00000 }, { 0.02649, 5.86155, 0.00000 }, { 6.07214, 5.86160, 0.00000 }, { 6.07214, 5.86160, 0.00000 }, { 6.07214, 5.86160, 0.00000 }, { 6.07214, 12.46128, 0.00000 }, { 6.07214, 12.46128, 0.00000 }, { 6.07214, 12.46128, 0.00000 }, { 3.09668, 12.46128, 0.00000 }, { 3.09668, 12.46128, 0.00000 }, { 3.09668, 12.46128, 0.00000 }, { 3.09668, 14.16965, 0.00000 }, { 3.09668, 14.16965, 0.00000 }, { 3.09668, 14.16965, 0.00000 }, { -4.81567, 14.16965, 0.00000 }, { -4.81567, 14.16965, 0.00000 }, { -4.81567, 14.16965, 0.00000 }, { -4.81567, 12.11813, 0.00000 }, { -4.81567, 12.11813, 0.00000 }, { -4.81567, 12.11813, 0.00000 }, { -6.61963, 12.11813, 0.00000 }, { -6.61963, 12.11813, 0.00000 }, { -6.61963, 12.11813, 0.00000 }, { -6.61963, 5.86157, 0.00000 }, { -6.61963, 5.86157, 0.00000 }, { -6.61963, 5.86157, 0.00000 }, { -5.32605, 5.86159, 0.00000 }, { -5.32605, 5.86159, 0.00000 }, { -5.32605, 5.86159, 0.00000 }, { -5.32599, 2.87352, 0.00000 }, { -5.32599, 2.87352, 0.00000 }, },
			},
			["shared/asphalt_02.gtex.lua;shared/dirt.gtex.lua;shared/asphalt_03.gtex.lua"] = {
				{ { 8.00000, 0.00000, 0.00000 }, { 8.00000, 0.00000, 0.00000 }, { 8.00000, 14.00000, 0.00000 }, { 8.00000, 14.00000, 0.00000 }, { 8.00000, 14.00000, 0.00000 }, { 4.00000, 14.00000, 0.00000 }, { 4.00000, 14.00000, 0.00000 }, { 4.00000, 14.00000, 0.00000 }, { 4.00000, 16.00000, 0.00000 }, { 4.00000, 16.00000, 0.00000 }, { 4.00000, 16.00000, 0.00000 }, { -5.50000, 16.00000, 0.00000 }, { -5.50000, 16.00000, 0.00000 }, { -5.50000, 16.00000, 0.00000 }, { -5.50000, 13.00000, 0.00000 }, { -5.50000, 13.00000, 0.00000 }, { -5.50000, 13.00000, 0.00000 }, { -8.00000, 13.00000, 0.00000 }, { -8.00000, 13.00000, 0.00000 }, { -8.00000, 13.00000, 0.00000 }, { -8.00000, 0.00000, 0.00000 }, { -8.00000, 0.00000, 0.00000 }, },
			},
		},
	},
	["layout_1"] = {
		models = {
			["asset/construction/scaffolding/era_b_normal.mdl"] = {
				{ -1.00000, -0.00000, 0.00000, 0.00000, 0.00000, -1.00000, 0.00000, 0.00000, -0.00000, 0.00000, 1.00000, 0.00000, 6.80000, 10.50000, 0.00000, 1.00000, align = { 6.80000, 10.50000 }, },
				{ -1.00000, -0.00000, 0.00000, 0.00000, 0.00000, -1.00000, 0.00000, 0.00000, -0.00000, 0.00000, 1.00000, 0.00000, 6.80000, 7.35000, 0.00000, 1.00000, align = { 6.80000, 7.35000 }, },
			},
			["asset/ground/barrel_steel.mdl"] = {
				{ 0.19081, -0.98163, 0.00000, 0.00000, -0.00000, -0.00000, -1.00000, 0.00000, 0.98163, 0.19081, -0.00000, 0.00000, -1.20000, 14.70000, 0.38000, 1.00000, },
				{ 0.27564, -0.96126, 0.00000, 0.00000, 0.96126, 0.27564, 0.00000, 0.00000, 0.00000, 0.00000, 1.00000, 0.00000, -1.80000, 14.70000, 0.00000, 1.00000, },
				{ 0.27564, -0.96126, 0.00000, 0.00000, 0.96126, 0.27564, 0.00000, 0.00000, 0.00000, 0.00000, 1.00000, 0.00000, -2.70000, 15.10000, 0.00000, 1.00000, },
				{ 0.99255, -0.12187, 0.00000, 0.00000, 0.12187, 0.99255, 0.00000, 0.00000, 0.00000, 0.00000, 1.00000, 0.00000, -3.50000, 14.70000, 0.00000, 1.00000, ignore = { 2, 20 }, },
			},
			["asset/industry/wooden_box_02.mdl"] = {
				{ 0.00000, -1.00000, -0.00000, 0.00000, 1.00000, 0.00000, 0.00000, 0.00000, 0.00000, -0.00000, 1.00000, 0.00000, 6.83000, 10.00000, 2.04000, 1.00000, align = { 6.80000, 10.50000 }, ignore = { 3, 20 }, },
				{ 0.00000, -1.00000, -0.00000, 0.00000, 1.00000, 0.00000, 0.00000, 0.00000, 0.00000, -0.00000, 1.00000, 0.00000, 6.83000, 11.18000, 2.04000, 1.00000, align = { 6.80000, 10.50000 }, ignore = { 4, 20 }, },
				{ 0.00000, -1.00000, -0.00000, 0.00000, 1.00000, 0.00000, 0.00000, 0.00000, 0.00000, -0.00000, 1.00000, 0.00000, 6.83000, 6.85000, 2.04000, 1.00000, align = { 6.80000, 7.35000 }, ignore = { 5, 20 }, },
				{ 0.99998, 0.00698, -0.00000, 0.00000, -0.00698, 0.99998, 0.00000, 0.00000, 0.00000, -0.00000, 1.00000, 0.00000, 6.83000, 8.03000, 2.04000, 1.00000, align = { 6.80000, 7.35000 }, },
				{ 0.00000, 1.00000, -0.00000, 0.00000, -1.00000, 0.00000, -0.00000, 0.00000, 0.00000, 0.00000, 1.00000, 0.00000, 6.90000, 11.20000, -0.01000, 1.00000, },
				{ -0.99144, 0.13053, 0.00000, 0.00000, -0.13053, -0.99144, -0.00000, 0.00000, 0.00000, -0.00000, 1.00000, 0.00000, 6.90000, 10.02000, -0.01000, 1.00000, },
				{ -0.99144, 0.13053, 0.00000, 0.00000, -0.13053, -0.99144, -0.00000, 0.00000, 0.00000, -0.00000, 1.00000, 0.00000, 6.84000, 8.02000, -0.01000, 1.00000, },
				{ -0.98163, -0.19081, 0.00000, 0.00000, 0.19081, -0.98163, -0.00000, 0.00000, 0.00000, -0.00000, 1.00000, 0.00000, 6.84000, 6.62000, 0.03000, 1.00000, },
				{ -0.98163, -0.19081, 0.00000, 0.00000, 0.19081, -0.98163, -0.00000, 0.00000, 0.00000, -0.00000, 1.00000, 0.00000, 0.50000, 5.25000, 0.03000, 1.00000, },
				{ -0.99939, 0.03490, 0.00000, 0.00000, -0.03490, -0.99939, -0.00000, 0.00000, 0.00000, -0.00000, 1.00000, 0.00000, 0.50000, 5.25000, 0.92000, 1.00000, ignore = { 6, 20 }, },
				{ 0.00000, 1.00000, -0.00000, 0.00000, -1.00000, 0.00000, -0.00000, 0.00000, 0.00000, 0.00000, 1.00000, 0.00000, 6.90000, 11.20000, 0.87900, 1.00000, },
				{ -0.99144, 0.13053, 0.00000, 0.00000, -0.13053, -0.99144, -0.00000, 0.00000, 0.00000, -0.00000, 1.00000, 0.00000, 6.90000, 10.02000, 0.87900, 1.00000, },
				{ -0.99144, 0.13053, 0.00000, 0.00000, -0.13053, -0.99144, -0.00000, 0.00000, 0.00000, -0.00000, 1.00000, 0.00000, 6.84000, 8.02000, 0.87900, 1.00000, },
				{ -0.98163, -0.19081, 0.00000, 0.00000, 0.19081, -0.98163, -0.00000, 0.00000, 0.00000, -0.00000, 1.00000, 0.00000, 6.84000, 6.62000, 0.91900, 1.00000, },
			},
			["station/air/asset/handrail_3m.mdl"] = {
				{ -0.00000, 1.00000, -0.00000, 0.00000, -1.00000, -0.00000, 0.00000, 0.00000, -0.00000, 0.00000, 1.00000, 0.00000, 5.80000, 4.20000, 0.00000, 1.00000, },
			},
		},
		groups = {
			["era_b_ind_random_decoration.grp"] = {
				{ 1.00000, 0.00000, 0.00000, 0.00000, 0.00000, 1.00000, 0.00000, 0.00000, 0.00000, 0.00000, 1.00000, 0.00000, -6.20000, 4.30000, 0.00000, 1.00000, },
			},
		},
	},
}
--End Generated

function data()
	return townbuildingutil.make_building2(
		{ { -4.60, -0.10 }, { 4.60, -0.10 }, { 4.60, 9.10 }, { -4.60, 9.10 } },
		"INDUSTRIAL", 
		"B", 
		3,
		{ 2, 2 },
		generatedData,
		"construction/building/era_b/ind_3_2x2_02.gtex"
	)
end
