local townbuildingutil = require "townbuildingutil"

--Model file: "building/era_b/ind_3_1x2_02.mdl"

--Begin Generated
local generatedData = {
	["base"] = {
		models = {
			["building/era_b/ind_3_1x2_02.mdl"] = {
				{ 1.00000, 0.00000, 0.00000, 0.00000, 0.00000, 1.00000, 0.00000, 0.00000, 0.00000, 0.00000, 1.00000, 0.00000, 0.00000, 0.00000, 0.00000, 1.00000, },
			},
		},
		curves = {
			["scaffold"] = {
				{ { 3.09033, 1.58518, 0.00000 }, { 3.09033, 1.58520, 0.00000 }, { 3.09033, 14.02911, 0.00000 }, { 3.09033, 14.02911, 0.00000 }, { 3.09033, 14.02911, 0.00000 }, { -3.06970, 14.02912, 0.00000 }, { -3.06970, 14.02912, 0.00000 }, { -3.06970, 14.02912, 0.00000 }, { -3.06970, 1.58520, 0.00000 }, { -3.06970, 1.58520, 0.00000 }, },
			},
			["shared/asphalt_02.gtex.lua;shared/dirt.gtex.lua;shared/asphalt_03.gtex.lua"] = {
				{ { 4.00000, 0.00000, 0.00000 }, { 4.00000, 0.00000, 0.00000 }, { 4.00000, 16.00000, 0.00000 }, { 4.00000, 16.00000, 0.00000 }, { 4.00000, 16.00000, 0.00000 }, { -1.00000, 16.00000, 0.00000 }, { -1.00000, 16.00000, 0.00000 }, { -1.00000, 16.00000, 0.00000 }, { -1.00000, 14.60000, 0.00000 }, { -1.00000, 14.60000, 0.00000 }, { -1.00000, 14.60000, 0.00000 }, { -4.00000, 14.60000, 0.00000 }, { -4.00000, 14.60000, 0.00000 }, { -4.00000, 14.60000, 0.00000 }, { -4.00000, 0.00000, 0.00000 }, { -4.00000, 0.00000, 0.00000 }, },
			},
		},
	},
	["layout_1"] = {
		models = {
			["asset/ground/container_small_steel.mdl"] = {
				{ 1.00000, 0.00000, 0.00000, 0.00000, 0.00000, 1.00000, 0.00000, 0.00000, 0.00000, 0.00000, 1.00000, 0.00000, 3.30000, 14.95000, 0.00000, 1.00000, },
				{ -0.98229, -0.18738, 0.00000, 0.00000, 0.18738, -0.98229, 0.00000, 0.00000, 0.00000, 0.00000, 1.00000, 0.00000, 2.00000, 15.05000, 0.00000, 1.00000, },
			},
			["asset/industry/pallet_01.mdl"] = {
				{ 0.05234, 0.99863, 0.00000, 0.00000, -0.99863, 0.05234, 0.00000, 0.00000, 0.00000, 0.00000, 1.00000, 0.00000, 2.94000, 0.80000, 0.00000, 1.00000, },
				{ 0.19408, 0.98098, 0.00000, 0.00000, -0.98098, 0.19408, 0.00000, 0.00000, 0.00000, 0.00000, 1.00000, 0.00000, -2.35000, 2.66000, 0.00000, 1.00000, },
				{ 0.00873, 0.99996, 0.00000, 0.00000, -0.99996, 0.00873, 0.00000, 0.00000, 0.00000, 0.00000, 1.00000, 0.00000, 3.00000, 2.40000, 0.00000, 1.00000, },
				{ 0.19077, 0.98163, 0.00000, 0.00000, -0.98163, 0.19077, 0.00000, 0.00000, 0.00000, 0.00000, 1.00000, 0.00000, -2.36504, 2.64452, 0.14458, 1.00000, },
				{ 0.18211, 0.98328, 0.00000, 0.00000, -0.98328, 0.18211, 0.00000, 0.00000, 0.00000, 0.00000, 1.00000, 0.00000, -2.35209, 2.70151, 0.28916, 1.00000, },
				{ 0.14338, 0.98967, 0.00000, 0.00000, -0.98967, 0.14338, 0.00000, 0.00000, 0.00000, 0.00000, 1.00000, 0.00000, -2.39270, 2.68558, 0.43373, 1.00000, },
				{ 0.09087, 0.99586, 0.00000, 0.00000, -0.99586, 0.09087, 0.00000, 0.00000, 0.00000, 0.00000, 1.00000, 0.00000, -2.31515, 2.70940, 0.57831, 1.00000, },
				{ 0.00751, 0.99997, 0.00000, 0.00000, -0.99997, 0.00751, 0.00000, 0.00000, 0.00000, 0.00000, 1.00000, 0.00000, -2.31306, 2.66802, 0.72289, 1.00000, },
				{ -0.04815, 0.99884, 0.00000, 0.00000, -0.99884, -0.04815, 0.00000, 0.00000, 0.00000, 0.00000, 1.00000, 0.00000, -2.32450, 2.67099, 0.86747, 1.00000, },
				{ -0.00463, 0.99999, 0.00000, 0.00000, -0.99999, -0.00463, 0.00000, 0.00000, 0.00000, 0.00000, 1.00000, 0.00000, -2.35841, 2.62663, 1.01205, 1.00000, },
			},
			["asset/industry/wooden_box_02.mdl"] = {
				{ 0.05234, 0.99863, 0.00000, 0.00000, -0.99863, 0.05234, 0.00000, 0.00000, 0.00000, 0.00000, 1.00000, 0.00000, 2.94000, 0.80000, 0.14000, 1.00000, ignore = { 2, 20 }, },
				{ 0.00873, 0.99996, 0.00000, 0.00000, -0.99996, 0.00873, 0.00000, 0.00000, 0.00000, 0.00000, 1.00000, 0.00000, 3.00000, 2.40000, 0.14000, 1.00000, ignore = { 3, 20 }, },
			},
			["station/rail/asset/cargo_pallet_jack.mdl"] = {
				{ 1.00000, 0.00000, 0.00000, 0.00000, 0.00000, 1.00000, 0.00000, 0.00000, 0.00000, 0.00000, 1.00000, 0.00000, 2.60000, 0.80000, 0.00000, 1.00000, },
			},
		},
	},
}
--End Generated

function data()
	return townbuildingutil.make_building2(
		{ { -4.60, -0.10 }, { 4.60, -0.10 }, { 4.60, 9.10 }, { -4.60, 9.10 } },
		"INDUSTRIAL", 
		"B", 
		3,
		{ 1, 2 },
		generatedData,
		"construction/building/era_b/ind_3_1x2_02.gtex"
	)
end
