local townbuildingutil = require "townbuildingutil"

--Model file: "building/era_b/ind_3_1x1_02.mdl"

--Begin Generated
local generatedData = {
	["base"] = {
		models = {
			["building/era_b/ind_3_1x1_02.mdl"] = {
				{ 1.00000, 0.00000, 0.00000, 0.00000, 0.00000, 1.00000, 0.00000, 0.00000, 0.00000, 0.00000, 1.00000, 0.00000, 0.00000, 0.00000, 0.00000, 1.00000, },
			},
		},
		curves = {
			["scaffold"] = {
				{ { 3.17029, 0.87868, 0.00000 }, { 3.17029, 0.87869, 0.00000 }, { 3.17029, 6.98189, 0.00000 }, { 3.17029, 6.98189, 0.00000 }, { 3.17029, 6.98189, 0.00000 }, { -3.12317, 6.98191, 0.00000 }, { -3.12317, 6.98191, 0.00000 }, { -3.12317, 6.98191, 0.00000 }, { -3.12317, 0.87869, 0.00000 }, { -3.12317, 0.87869, 0.00000 }, },
			},
			["shared/asphalt_02.gtex.lua;shared/dirt.gtex.lua;shared/asphalt_03.gtex.lua"] = {
				{ { 4.00000, 0.00000, 0.00000 }, { 4.00000, 0.00000, 0.00000 }, { 4.00000, 8.00000, 0.00000 }, { 4.00000, 8.00000, 0.00000 }, { 4.00000, 8.00000, 0.00000 }, { -4.00000, 8.00000, 0.00000 }, { -4.00000, 8.00000, 0.00000 }, { -4.00000, 8.00000, 0.00000 }, { -4.00000, 0.00000, 0.00000 }, { -4.00000, 0.00000, 0.00000 }, },
			},
		},
	},
	["layout_1"] = {
		models = {
			["asset/industry/cardboard_box_01.mdl"] = {
				{ 0.99939, -0.03490, 0.00000, 0.00000, 0.03490, 0.99939, 0.00000, 0.00000, 0.00000, 0.00000, 1.00000, 0.00000, 3.48000, 2.40000, 0.00000, 1.00000, },
				{ 0.99939, -0.03490, 0.00000, 0.00000, 0.03490, 0.99939, 0.00000, 0.00000, 0.00000, 0.00000, 1.00000, 0.00000, 3.50000, 2.95000, 0.51000, 1.00000, ignore = { 2, 20 }, },
				{ 0.93969, 0.34202, 0.00000, 0.00000, 0.00000, -0.00000, -1.00000, 0.00000, -0.34202, 0.93969, -0.00000, 0.00000, 3.64000, 4.11000, 0.44000, 1.00000, ignore = { 3, 20 }, },
				{ 0.99255, 0.12187, 0.00000, 0.00000, -0.12187, 0.99255, 0.00000, 0.00000, 0.00000, 0.00000, 1.00000, 0.00000, 3.50000, 3.40000, 0.00000, 1.00000, },
			},
			["asset/industry/pallet_01.mdl"] = {
				{ 1.00000, 0.00000, 0.00000, 0.00000, 0.00000, -0.14781, -0.98902, 0.00000, 0.00000, 0.98902, -0.14781, 0.00000, 1.58000, 0.73000, 0.60000, 1.00000, ignore = { 4, 20 }, },
				{ 1.00000, 0.00000, 0.00000, 0.00000, 0.00000, -0.31730, -0.94832, 0.00000, 0.00000, 0.94832, -0.31730, 0.00000, 0.35000, 0.65000, 0.60000, 1.00000, ignore = { 5, 20 }, },
			},
		},
	},
}
--End Generated

function data()
	return townbuildingutil.make_building2(
		{ { -4.60, -0.10 }, { 4.60, -0.10 }, { 4.60, 9.10 }, { -4.60, 9.10 } },
		"INDUSTRIAL", 
		"B", 
		3,
		{ 1, 1 },
		generatedData,
		"construction/building/era_b/ind_3_1x1_02.gtex"
	)
end
