local townbuildingutil = require "townbuildingutil"

--Model file: "building/era_b/ind_3_3x4_01.mdl"

--Begin Generated
local generatedData = {
	["base"] = {
		models = {
			["building/era_b/ind_3_3x4_01.mdl"] = {
				{ 1.00000, 0.00000, 0.00000, 0.00000, 0.00000, 1.00000, 0.00000, 0.00000, 0.00000, 0.00000, 1.00000, 0.00000, 2.00000, 3.00000, 0.00000, 1.00000, },
			},
		},
		curves = {
			["scaffold"] = {
				{ { 9.36450, 6.37196, 0.00000 }, { 9.36450, 6.37196, 0.00000 }, { 9.36450, 16.54931, 0.00000 }, { 9.36450, 16.54931, 0.00000 }, { 9.36450, 16.54931, 0.00000 }, { 10.43555, 16.54520, 0.00000 }, { 10.43555, 16.54520, 0.00000 }, { 10.43555, 16.54520, 0.00000 }, { 10.43555, 28.41595, 0.00000 }, { 10.43555, 28.41595, 0.00000 }, { 10.43555, 28.41595, 0.00000 }, { -4.99072, 28.41595, 0.00000 }, { -4.99072, 28.41595, 0.00000 }, { -4.99072, 28.41595, 0.00000 }, { -4.99072, 25.95486, 0.00000 }, { -4.99072, 25.95486, 0.00000 }, { -4.99072, 25.95486, 0.00000 }, { -7.40637, 25.95486, 0.00000 }, { -7.40637, 25.95486, 0.00000 }, { -7.40637, 25.95486, 0.00000 }, { -7.40637, 11.35443, 0.00000 }, { -7.40637, 11.35443, 0.00000 }, { -7.40637, 11.35443, 0.00000 }, { -4.99072, 11.35443, 0.00000 }, { -4.99072, 11.35443, 0.00000 }, { -4.99072, 11.35443, 0.00000 }, { -4.99072, 6.37196, 0.00000 }, { -4.99072, 6.37196, 0.00000 }, },
			},
			["shared/asphalt_02.gtex.lua;shared/dirt.gtex.lua;shared/asphalt_03.gtex.lua"] = {
				{ { 12.00000, 0.00000, 0.00000 }, { 12.00000, 0.00000, 0.00000 }, { 12.00000, 32.00000, 0.00000 }, { 12.00000, 32.00000, 0.00000 }, { 12.00000, 32.00000, 0.00000 }, { -12.00000, 32.00000, 0.00000 }, { -12.00000, 32.00000, 0.00000 }, { -12.00000, 32.00000, 0.00000 }, { -12.00000, 0.00000, 0.00000 }, { -12.00000, 0.00000, 0.00000 }, },
			},
		},
	},
	["layout_1"] = {
		models = {
			["asset/construction/scaffolding/era_b_normal.mdl"] = {
				{ 1.00000, 0.00000, 0.00000, 0.00000, 0.00000, 1.00000, 0.00000, 0.00000, 0.00000, 0.00000, 1.00000, 0.00000, -5.77600, 9.78000, 0.00000, 1.00000, align = { -5.77600, 9.78000 }, },
				{ -0.00000, -1.00000, 0.00000, 0.00000, 1.00000, -0.00000, 0.00000, 0.00000, 0.00000, 0.00000, 1.00000, 0.00000, -8.62600, 1.78000, 0.00000, 1.00000, align = { -8.62600, 1.78000 }, },
				{ -1.00000, 0.00000, 0.00000, 0.00000, -0.00000, -1.00000, 0.00000, 0.00000, 0.00000, 0.00000, 1.00000, 0.00000, -10.87000, 3.97000, 0.00000, 1.00000, align = { -10.87000, 3.97000 }, },
			},
			["asset/industry/wooden_box_02.mdl"] = {
				{ 0.00000, 1.00000, -0.00000, 0.00000, -1.00000, 0.00000, -0.00000, 0.00000, 0.00000, 0.00000, 1.00000, 0.00000, -5.80600, 10.28000, 2.04000, 1.00000, align = { -5.77600, 9.78000 }, },
				{ 0.00000, -1.00000, -0.00000, 0.00000, 1.00000, 0.00000, -0.00000, 0.00000, 0.00000, 0.00000, 1.00000, 0.00000, -5.80600, 9.10000, 2.04000, 1.00000, align = { -5.77600, 9.78000 }, ignore = { 2, 20 }, },
				{ 1.00000, -0.00000, -0.00000, 0.00000, 0.00000, 1.00000, -0.00000, 0.00000, 0.00000, 0.00000, 1.00000, 0.00000, -8.12600, 1.81000, 2.04000, 1.00000, align = { -8.62600, 1.78000 }, ignore = { 3, 20 }, },
				{ -1.00000, 0.00000, 0.00000, 0.00000, -0.00000, -1.00000, -0.00000, 0.00000, 0.00000, -0.00000, 1.00000, 0.00000, -9.30600, 1.81000, 2.04000, 1.00000, align = { -8.62600, 1.78000 }, ignore = { 4, 20 }, },
				{ -0.00000, -1.00000, -0.00000, 0.00000, 1.00000, -0.00000, -0.00000, 0.00000, -0.00000, -0.00000, 1.00000, 0.00000, -10.84000, 3.47000, 2.04000, 1.00000, align = { -10.87000, 3.97000 }, ignore = { 5, 20 }, },
				{ 0.00000, 1.00000, -0.00000, 0.00000, -1.00000, 0.00000, -0.00000, 0.00000, -0.00000, 0.00000, 1.00000, 0.00000, -10.84000, 4.65000, 2.04000, 1.00000, align = { -10.87000, 3.97000 }, ignore = { 6, 20 }, },
				{ 0.00000, 1.00000, -0.00000, 0.00000, -1.00000, 0.00000, -0.00000, 0.00000, 0.00000, 0.00000, 1.00000, 0.00000, -3.27000, 8.85000, 1.00000, 1.00000, align = { 2.00000, 3.00000 }, },
				{ -1.00000, 0.00000, 0.00000, 0.00000, -0.00000, -1.00000, -0.00000, 0.00000, 0.00000, -0.00000, 1.00000, 0.00000, -2.92000, 7.70000, 1.00000, 1.00000, align = { 2.00000, 3.00000 }, ignore = { 7, 20 }, },
				{ 0.00000, 1.00000, -0.00000, 0.00000, -1.00000, 0.00000, -0.00000, 0.00000, 0.00000, 0.00000, 1.00000, 0.00000, -2.03000, 8.85000, 1.00000, 1.00000, align = { 2.00000, 3.00000 }, },
				{ -0.02792, 0.99961, 0.00000, 0.00000, -0.99961, -0.02792, -0.00000, 0.00000, 0.00000, -0.00000, 1.00000, 0.00000, -3.27000, 8.85000, 1.88500, 1.00000, align = { 2.00000, 3.00000 }, ignore = { 8, 20 }, },
				{ -0.02792, 0.99961, 0.00000, 0.00000, -0.99961, -0.02792, -0.00000, 0.00000, 0.00000, -0.00000, 1.00000, 0.00000, -2.03000, 8.85000, 1.88500, 1.00000, align = { 2.00000, 3.00000 }, ignore = { 9, 20 }, },
				{ 0.00000, 1.00000, -0.00000, 0.00000, -1.00000, 0.00000, -0.00000, 0.00000, 0.00000, 0.00000, 1.00000, 0.00000, -5.80600, 9.08000, 0.88000, 1.00000, },
				{ 0.00000, 1.00000, -0.00000, 0.00000, -1.00000, 0.00000, -0.00000, 0.00000, -0.00000, 0.00000, 1.00000, 0.00000, -8.05600, 1.68000, 0.88000, 1.00000, },
				{ -0.00000, -1.00000, 0.00000, 0.00000, 1.00000, -0.00000, -0.00000, 0.00000, 0.00000, -0.00000, 1.00000, 0.00000, -10.90000, 3.27000, 0.88000, 1.00000, },
				{ -0.03490, 0.99939, -0.00000, 0.00000, -0.99939, -0.03490, 0.00000, 0.00000, -0.00000, 0.00000, 1.00000, 0.00000, -5.80600, 9.10000, 0.00000, 1.00000, },
				{ 0.03490, -0.99939, 0.00000, 0.00000, 0.99939, 0.03490, 0.00000, 0.00000, -0.00000, -0.00000, 1.00000, 0.00000, -8.07600, 1.68000, 0.00000, 1.00000, },
				{ 0.03490, -0.99939, 0.00000, 0.00000, 0.99939, 0.03490, 0.00000, 0.00000, -0.00000, -0.00000, 1.00000, 0.00000, -10.90000, 3.29000, 0.00000, 1.00000, },
				{ 0.00000, 1.00000, -0.00000, 0.00000, -1.00000, 0.00000, -0.00000, 0.00000, 0.00000, 0.00000, 1.00000, 0.00000, -5.80600, 10.28000, 0.00000, 1.00000, },
				{ 0.00000, 1.00000, -0.00000, 0.00000, -1.00000, 0.00000, -0.00000, 0.00000, -0.00000, 0.00000, 1.00000, 0.00000, -9.25600, 1.68000, 0.00000, 1.00000, },
				{ -0.00000, -1.00000, 0.00000, 0.00000, 1.00000, -0.00000, -0.00000, 0.00000, 0.00000, -0.00000, 1.00000, 0.00000, -10.90000, 4.47000, 0.00000, 1.00000, },
				{ 0.03490, 0.99939, -0.00000, 0.00000, -0.99939, 0.03490, -0.00000, 0.00000, 0.00000, 0.00000, 1.00000, 0.00000, -5.80600, 10.26000, 0.88000, 1.00000, },
				{ 0.03490, 0.99939, -0.00000, 0.00000, -0.99939, 0.03490, -0.00000, 0.00000, -0.00000, 0.00000, 1.00000, 0.00000, -9.23600, 1.68000, 0.88000, 1.00000, },
				{ -0.03490, -0.99939, 0.00000, 0.00000, 0.99939, -0.03490, -0.00000, 0.00000, 0.00000, -0.00000, 1.00000, 0.00000, -10.90000, 4.45000, 0.88000, 1.00000, },
			},
		},
		groups = {
			["era_b_ind_random_decoration.grp"] = {
				{ 0.99905, -0.04362, 0.00000, 0.00000, 0.04362, 0.99905, 0.00000, 0.00000, -0.00000, -0.00000, 1.00000, 0.00000, 9.96000, 22.50000, 0.00000, 1.00000, },
				{ -0.99905, 0.04362, 0.00000, 0.00000, -0.04362, -0.99905, 0.00000, 0.00000, 0.00000, 0.00000, 1.00000, 0.00000, -6.10000, 27.60000, 0.00000, 1.00000, },
			},
		},
	},
}
--End Generated

function data()
	return townbuildingutil.make_building2(
		{ { -4.60, -0.10 }, { 4.60, -0.10 }, { 4.60, 9.10 }, { -4.60, 9.10 } },
		"INDUSTRIAL", 
		"B", 
		3,
		{ 3, 4 },
		generatedData,
		"construction/building/era_b/ind_3_3x4_01.gtex"
	)
end
