local townbuildingutil = require "townbuildingutil"

--Model file: "building/era_b/res_1_3x4_02.mdl"

--Begin Generated
local generatedData = {
	["base"] = {
		models = {
			["building/era_b/res_1_3x4_02.mdl"] = {
				{ 1.00000, 0.00000, 0.00000, 0.00000, 0.00000, 1.00000, 0.00000, 0.00000, 0.00000, 0.00000, 1.00000, 0.00000, 0.00000, -3.40000, 0.00000, 1.00000, },
			},
		},
		curves = {
			["scaffold"] = {
				{ { 4.98343, 4.99276, 0.00000 }, { 4.98343, 4.99276, 0.00000 }, { 4.98343, 7.61054, 0.00000 }, { 4.98343, 7.61054, 0.00000 }, { 4.98343, 7.61054, 0.00000 }, { 6.11133, 7.61054, 0.00000 }, { 6.11133, 7.61054, 0.00000 }, { 6.11133, 7.61054, 0.00000 }, { 6.11133, 9.81655, 0.00000 }, { 6.11133, 9.81655, 0.00000 }, { 6.11133, 9.81655, 0.00000 }, { 4.98343, 9.81655, 0.00000 }, { 4.98343, 9.81655, 0.00000 }, { 4.98343, 9.81655, 0.00000 }, { 4.98343, 12.86659, 0.00000 }, { 4.98343, 12.86659, 0.00000 }, { 4.98343, 12.86659, 0.00000 }, { -6.19070, 12.86659, 0.00000 }, { -6.19070, 12.86660, 0.00000 }, { -6.19070, 12.86659, 0.00000 }, { -6.19070, 4.99276, 0.00000 }, { -6.19070, 4.99276, 0.00000 }, },
			},
			["shared/asphalt_01.gtex.lua;shared/dirt.gtex.lua"] = {
				{ { 9.00000, 0.00000, 0.00000 }, { 9.00000, 0.00000, 0.00000 }, { 9.00000, 10.63529, 0.00000 }, { 9.00000, 10.63529, 0.00000 }, { 9.00000, 10.63529, -0.00000 }, { 5.64081, 10.63529, -0.00001 }, { 5.64081, 10.63529, -0.00001 }, { 5.64081, 10.63529, -0.00001 }, { 5.64081, 13.52399, -0.00001 }, { 5.64081, 13.52399, -0.00001 }, { 5.64081, 13.52400, -0.00001 }, { -6.84820, 13.52400, -0.00005 }, { -6.84821, 13.52400, -0.00005 }, { -6.84821, 13.52400, -0.00005 }, { -6.84821, 4.96138, -0.00005 }, { -6.84821, 4.96138, -0.00005 }, { -6.84820, 4.96138, -0.00005 }, { -3.27130, 4.96138, -0.00005 }, { -3.27130, 4.96138, -0.00005 }, { -3.27130, 4.96138, -0.00005 }, { -3.27130, 4.33535, -0.00005 }, { -3.27130, 4.33535, -0.00005 }, { -3.27130, 4.33535, -0.00005 }, { 2.19403, 4.33535, -0.00001 }, { 2.19403, 4.33535, -0.00001 }, { 2.19403, 4.33535, -0.00001 }, { 2.19403, 4.96138, -0.00001 }, { 2.19403, 4.96138, -0.00001 }, { 2.19403, 4.96138, -0.00001 }, { 4.69073, 4.96138, -0.00001 }, { 4.69073, 4.96138, -0.00001 }, { 4.69073, 4.96138, -0.00001 }, { 4.69073, 0.00000, -0.00000 }, { 4.69073, 0.00000, 0.00000 }, },
			},
			["shared/grass_cutted_01.gtex.lua"] = {
				{ { 4.69073, 2.00000, 0.00000 }, { 4.69073, 2.00000, -0.00000 }, { 4.69073, 4.96138, -0.00001 }, { 4.69073, 4.96138, -0.00001 }, { 4.69073, 4.96138, -0.00001 }, { 2.19403, 4.96138, -0.00001 }, { 2.19403, 4.96138, -0.00001 }, { 2.19403, 4.96138, -0.00001 }, { 2.19403, 4.33535, -0.00001 }, { 2.19403, 4.33535, -0.00001 }, { 2.19403, 4.33535, -0.00001 }, { -3.27130, 4.33535, -0.00005 }, { -3.27130, 4.33535, -0.00005 }, { -3.27130, 4.33535, -0.00005 }, { -3.27130, 4.96138, -0.00005 }, { -3.27130, 4.96138, -0.00005 }, { -3.27130, 4.96138, -0.00005 }, { -6.84820, 4.96138, -0.00005 }, { -6.84821, 4.96138, -0.00005 }, { -6.84821, 4.96139, -0.00005 }, { -6.84821, 31.99999, -0.00000 }, { -6.84821, 32.00000, 0.00000 }, { -6.84821, 32.00000, 0.00000 }, { -12.00000, 32.00000, 0.00000 }, { -12.00000, 32.00000, 0.00000 }, { -12.00000, 31.99999, 0.00000 }, { -12.00000, 2.00001, 0.00000 }, { -12.00000, 2.00000, 0.00000 }, },
				{ { 6.00000, 21.00000, 0.00000 }, { 6.00000, 21.00000, 0.00000 }, { 6.00000, 26.00000, 0.00000 }, { 6.00000, 26.00000, 0.00000 }, { 6.00000, 26.00000, 0.00000 }, { 4.00000, 26.00000, 0.00000 }, { 4.00000, 26.00000, 0.00000 }, { 4.00000, 26.00000, 0.00000 }, { 4.00000, 32.00000, 0.00000 }, { 4.00000, 32.00000, 0.00000 }, { 4.00000, 32.00000, 0.00000 }, { -6.84821, 32.00000, 0.00000 }, { -6.84821, 32.00000, 0.00000 }, { -6.84821, 32.00000, 0.00000 }, { -6.84821, 23.00000, 0.00000 }, { -6.84821, 23.00000, 0.00000 }, { -6.84820, 23.00000, 0.00000 }, { 3.00000, 23.00000, 0.00000 }, { 3.00000, 23.00000, 0.00000 }, { 3.00000, 23.00000, 0.00000 }, { 3.00000, 21.00000, 0.00000 }, { 3.00000, 21.00000, 0.00000 }, },
				{ { 12.00000, 2.00000, 0.00000 }, { 12.00000, 2.00000, 0.00000 }, { 12.00000, 31.99999, 0.00000 }, { 12.00000, 32.00000, 0.00000 }, { 12.00000, 32.00000, 0.00000 }, { 4.00000, 32.00000, 0.00000 }, { 4.00000, 32.00000, 0.00000 }, { 4.00000, 32.00000, 0.00000 }, { 4.00000, 30.00000, 0.00000 }, { 4.00000, 30.00000, 0.00000 }, { 4.00000, 30.00000, 0.00000 }, { 8.00000, 30.00000, 0.00000 }, { 8.00000, 30.00000, 0.00000 }, { 8.00000, 30.00000, 0.00000 }, { 8.00000, 19.00000, 0.00000 }, { 8.00000, 19.00000, 0.00000 }, { 8.00000, 19.00000, 0.00000 }, { 3.00000, 19.00000, 0.00000 }, { 3.00000, 19.00000, 0.00000 }, { 3.00000, 19.00000, 0.00000 }, { 3.00000, 16.00000, 0.00000 }, { 3.00000, 16.00000, 0.00000 }, { 3.00000, 16.00000, 0.00000 }, { 8.00000, 16.00000, 0.00000 }, { 8.00000, 16.00000, 0.00000 }, { 8.00000, 16.00000, 0.00000 }, { 8.00000, 13.00000, 0.00000 }, { 8.00000, 13.00000, 0.00000 }, { 8.00000, 13.00000, 0.00000 }, { 9.00000, 13.00000, 0.00000 }, { 9.00000, 13.00000, 0.00000 }, { 9.00000, 13.00000, 0.00000 }, { 9.00000, 2.00000, 0.00000 }, { 9.00000, 2.00000, 0.00000 }, },
			},
			["shared/gravel_02.gtex.lua"] = {
				{ { 4.69073, 0.00000, -0.00000 }, { 4.69073, 0.00000, -0.00000 }, { 4.69073, 2.00000, -0.00000 }, { 4.69073, 2.00000, 0.00000 }, { 4.69073, 2.00000, 0.00000 }, { -12.00000, 2.00000, 0.00000 }, { -12.00000, 2.00000, 0.00000 }, { -12.00000, 2.00000, 0.00000 }, { -12.00000, 0.00000, 0.00000 }, { -12.00000, 0.00000, 0.00000 }, },
				{ { 12.00000, 0.00000, 0.00000 }, { 12.00000, 0.00000, 0.00000 }, { 12.00000, 2.00000, 0.00000 }, { 12.00000, 2.00000, 0.00000 }, { 12.00000, 2.00000, 0.00000 }, { 9.00000, 2.00000, 0.00000 }, { 9.00000, 2.00000, 0.00000 }, { 9.00000, 2.00000, 0.00000 }, { 9.00000, 0.00000, 0.00000 }, { 9.00000, 0.00000, 0.00000 }, },
				{ { 3.00000, 19.00000, 0.00000 }, { 3.00000, 19.00000, 0.00000 }, { 8.00000, 19.00000, 0.00000 }, { 8.00000, 19.00000, 0.00000 }, { 8.00000, 19.00000, 0.00000 }, { 8.00000, 30.00000, 0.00000 }, { 8.00000, 30.00000, 0.00000 }, { 8.00000, 30.00000, 0.00000 }, { 4.00000, 30.00000, 0.00000 }, { 4.00000, 30.00000, 0.00000 }, { 4.00000, 30.00000, 0.00000 }, { 4.00000, 26.00000, 0.00000 }, { 4.00000, 26.00000, 0.00000 }, { 4.00000, 26.00000, 0.00000 }, { 6.00000, 26.00000, 0.00000 }, { 6.00000, 26.00000, 0.00000 }, { 6.00000, 26.00000, 0.00000 }, { 6.00000, 21.00000, 0.00000 }, { 6.00000, 21.00000, 0.00000 }, { 6.00000, 21.00000, 0.00000 }, { 3.00000, 21.00000, 0.00000 }, { 3.00000, 21.00000, 0.00000 }, },
				{ { 9.00000, 10.63529, 0.00000 }, { 9.00000, 10.63529, 0.00000 }, { 9.00000, 13.00000, 0.00000 }, { 9.00000, 13.00000, 0.00000 }, { 9.00000, 13.00000, 0.00000 }, { 8.00000, 13.00000, 0.00000 }, { 8.00000, 13.00000, 0.00000 }, { 8.00000, 13.00000, 0.00000 }, { 8.00000, 16.00000, 0.00000 }, { 8.00000, 16.00000, 0.00000 }, { 8.00000, 16.00000, 0.00000 }, { 3.00000, 16.00000, 0.00000 }, { 3.00000, 16.00000, 0.00000 }, { 3.00000, 16.00000, 0.00000 }, { 3.00000, 23.00000, 0.00000 }, { 3.00000, 23.00000, 0.00000 }, { 3.00000, 23.00000, 0.00000 }, { -6.84821, 23.00000, 0.00000 }, { -6.84821, 23.00000, 0.00000 }, { -6.84821, 23.00000, -0.00000 }, { -6.84821, 13.52400, -0.00005 }, { -6.84821, 13.52400, -0.00005 }, { -6.84820, 13.52400, -0.00005 }, { 5.64081, 13.52399, -0.00001 }, { 5.64081, 13.52399, -0.00001 }, { 5.64081, 13.52399, -0.00001 }, { 5.64081, 10.63529, -0.00001 }, { 5.64081, 10.63529, -0.00001 }, },
			},
		},
	},
	["layout_1"] = {
		models = {
			["asset/ground/container_wood.mdl"] = {
				{ -0.92000, 0.00000, 0.00000, 0.00000, -0.00000, -0.92000, 0.00000, 0.00000, 0.00000, 0.00000, 0.92000, 0.00000, 1.84000, 13.16000, 0.00000, 1.00000, ignore = { 7, 50 }, },
			},
			["asset/vegetation/hedge_m.mdl"] = {
				{ -1.00000, -0.00000, -0.00000, 0.00000, 0.00000, -1.00000, -0.00000, 0.00000, -0.00000, -0.00000, 1.00000, 0.00000, 4.91643, 1.64143, -0.20000, 1.00000, },
				{ 0.00000, -1.00000, 0.00000, 0.00000, 1.00000, 0.00000, -0.00000, 0.00000, -0.00000, 0.00000, 1.00000, 0.00000, -0.37107, 0.69393, -0.20000, 1.00000, },
				{ -1.00000, -0.00000, -0.00000, 0.00000, 0.00000, -1.00000, -0.00000, 0.00000, -0.00000, -0.00000, 1.00000, 0.00000, 11.42679, 6.04179, -0.20000, 1.00000, },
				{ 0.00000, -1.00000, 0.00000, 0.00000, 1.00000, 0.00000, -0.00000, 0.00000, -0.00000, 0.00000, 1.00000, 0.00000, -6.57107, 0.69393, -0.20000, 1.00000, },
				{ -1.00000, -0.00000, -0.00000, 0.00000, 0.00000, -1.00000, -0.00000, 0.00000, -0.00000, -0.00000, 1.00000, 0.00000, 11.42679, 12.24179, -0.20000, 1.00000, },
				{ 0.00000, -1.00000, 0.00000, 0.00000, 1.00000, 0.00000, -0.00000, 0.00000, -0.00000, 0.00000, 1.00000, 0.00000, -10.97107, 0.69393, -0.20000, 1.00000, },
				{ -1.00000, -0.00000, -0.00000, 0.00000, 0.00000, -1.00000, -0.00000, 0.00000, -0.00000, -0.00000, 1.00000, 0.00000, 11.42679, 16.64179, -0.20000, 1.00000, },
				{ 0.00000, -1.00000, 0.00000, 0.00000, 1.00000, 0.00000, -0.00000, 0.00000, -0.00000, 0.00000, 1.00000, 0.00000, 3.24893, 0.69393, -0.20000, 1.00000, },
				{ -1.00000, -0.00000, -0.00000, 0.00000, 0.00000, -1.00000, -0.00000, 0.00000, -0.00000, -0.00000, 1.00000, 0.00000, 11.42679, 2.42179, -0.20000, 1.00000, },
				{ 0.00000, -1.00000, 0.00000, 0.00000, 1.00000, 0.00000, -0.00000, 0.00000, -0.00000, 0.00000, 1.00000, 0.00000, -2.95107, 0.69393, -0.20000, 1.00000, },
				{ -1.00000, -0.00000, -0.00000, 0.00000, 0.00000, -1.00000, -0.00000, 0.00000, -0.00000, -0.00000, 1.00000, 0.00000, 11.42679, 8.62179, -0.20000, 1.00000, },
				{ 0.00000, -1.00000, 0.00000, 0.00000, 1.00000, 0.00000, -0.00000, 0.00000, -0.00000, 0.00000, 1.00000, 0.00000, -7.83107, 0.69393, -0.20000, 1.00000, },
				{ -1.00000, -0.00000, -0.00000, 0.00000, 0.00000, -1.00000, -0.00000, 0.00000, -0.00000, -0.00000, 1.00000, 0.00000, 11.42679, 13.50178, -0.20000, 1.00000, },
				{ 0.00000, -1.00000, 0.00000, 0.00000, 1.00000, 0.00000, -0.00000, 0.00000, -0.00000, 0.00000, 1.00000, 0.00000, 1.97893, 0.69393, -0.20000, 1.00000, },
				{ -1.00000, -0.00000, -0.00000, 0.00000, 0.00000, -1.00000, -0.00000, 0.00000, -0.00000, -0.00000, 1.00000, 0.00000, 11.42679, 3.69179, -0.20000, 1.00000, },
				{ 0.00000, -1.00000, 0.00000, 0.00000, 1.00000, 0.00000, -0.00000, 0.00000, -0.00000, 0.00000, 1.00000, 0.00000, -4.22107, 0.69393, -0.20000, 1.00000, },
				{ -1.00000, -0.00000, -0.00000, 0.00000, 0.00000, -1.00000, -0.00000, 0.00000, -0.00000, -0.00000, 1.00000, 0.00000, 11.42679, 9.89179, -0.20000, 1.00000, },
				{ 0.00000, -1.00000, 0.00000, 0.00000, 1.00000, 0.00000, -0.00000, 0.00000, -0.00000, 0.00000, 1.00000, 0.00000, -9.10107, 0.69393, -0.20000, 1.00000, },
				{ -1.00000, -0.00000, -0.00000, 0.00000, 0.00000, -1.00000, -0.00000, 0.00000, -0.00000, -0.00000, 1.00000, 0.00000, 11.42679, 14.77179, -0.20000, 1.00000, },
				{ -1.00000, -0.00000, -0.00000, 0.00000, 0.00000, -1.00000, -0.00000, 0.00000, -0.00000, -0.00000, 1.00000, 0.00000, 4.91643, 3.81143, -0.20000, 1.00000, },
				{ 0.00000, -1.00000, 0.00000, 0.00000, 1.00000, 0.00000, -0.00000, 0.00000, -0.00000, 0.00000, 1.00000, 0.00000, 4.55893, 0.69393, -0.20000, 1.00000, },
				{ -1.00000, -0.00000, -0.00000, 0.00000, 0.00000, -1.00000, -0.00000, 0.00000, -0.00000, -0.00000, 1.00000, 0.00000, 11.42679, 1.11179, -0.20000, 1.00000, },
				{ 0.00000, -1.00000, 0.00000, 0.00000, 1.00000, 0.00000, -0.00000, 0.00000, -0.00000, 0.00000, 1.00000, 0.00000, 10.05893, 0.69393, -0.20000, 1.00000, },
				{ 1.00000, -0.00000, 0.00000, 0.00000, 0.00000, 1.00000, -0.00000, 0.00000, -0.00000, 0.00000, 1.00000, 0.00000, 4.91643, 2.81143, -0.20000, 1.00000, },
				{ 0.00000, 1.00000, 0.00000, 0.00000, -1.00000, 0.00000, 0.00000, 0.00000, -0.00000, -0.00000, 1.00000, 0.00000, -1.69107, 0.69393, -0.20000, 1.00000, },
				{ 1.00000, -0.00000, 0.00000, 0.00000, 0.00000, 1.00000, -0.00000, 0.00000, -0.00000, 0.00000, 1.00000, 0.00000, 11.42679, 7.36179, -0.20000, 1.00000, },
				{ 0.00000, 1.00000, 0.00000, 0.00000, -1.00000, 0.00000, 0.00000, 0.00000, -0.00000, -0.00000, 1.00000, 0.00000, 0.85893, 0.69393, -0.20000, 1.00000, },
				{ 1.00000, -0.00000, 0.00000, 0.00000, 0.00000, 1.00000, -0.00000, 0.00000, -0.00000, 0.00000, 1.00000, 0.00000, 11.42679, 4.81179, -0.20000, 1.00000, },
				{ 0.00000, 1.00000, 0.00000, 0.00000, -1.00000, 0.00000, 0.00000, 0.00000, -0.00000, -0.00000, 1.00000, 0.00000, -5.34107, 0.69393, -0.20000, 1.00000, },
				{ 1.00000, -0.00000, 0.00000, 0.00000, 0.00000, 1.00000, -0.00000, 0.00000, -0.00000, 0.00000, 1.00000, 0.00000, 11.42679, 11.01179, -0.20000, 1.00000, },
				{ 0.00000, 1.00000, 0.00000, 0.00000, -1.00000, 0.00000, 0.00000, 0.00000, -0.00000, -0.00000, 1.00000, 0.00000, -10.22107, 0.69393, -0.20000, 1.00000, },
				{ 1.00000, -0.00000, 0.00000, 0.00000, 0.00000, 1.00000, -0.00000, 0.00000, -0.00000, 0.00000, 1.00000, 0.00000, 11.42679, 15.89179, -0.20000, 1.00000, },
				{ 0.00000, 1.00000, 0.00000, 0.00000, -1.00000, 0.00000, 0.00000, 0.00000, -0.00000, -0.00000, 1.00000, 0.00000, 10.99893, 0.69393, -0.20000, 1.00000, },
			},
		},
		groups = {
			["era_a_garden_bench.grp"] = {
				{ 0.77934, -0.62660, 0.00000, 0.00000, 0.62660, 0.77934, 0.00000, 0.00000, -0.00000, -0.00000, 1.00000, 0.00000, 1.91000, 22.02000, 0.00000, 1.00000, ignore = { 9, 25 }, },
			},
			["era_a_garden_chair.grp"] = {
				{ -0.06976, -0.99756, -0.00000, 0.00000, 0.99756, -0.06976, 0.00000, 0.00000, -0.00000, -0.00000, 1.00000, 0.00000, 7.06639, 28.02290, 0.00000, 1.00000, seed = 768, ignore = { 3, 10 }, },
				{ -0.97358, 0.22835, -0.00000, 0.00000, -0.22835, -0.97358, 0.00000, 0.00000, -0.00000, 0.00000, 1.00000, 0.00000, 5.95303, 27.21753, 0.00000, 1.00000, seed = 768, ignore = { 4, 25 }, },
				{ 0.17537, 0.98450, -0.00000, 0.00000, -0.98450, 0.17537, -0.00000, 0.00000, -0.00000, 0.00000, 1.00000, 0.00000, 5.42727, 28.15593, -0.00000, 1.00000, seed = 768, ignore = { 5, 5 }, },
				{ 0.97778, -0.20962, 0.00000, 0.00000, 0.20962, 0.97778, -0.00000, 0.00000, -0.00000, 0.00000, 1.00000, 0.00000, 6.23822, 28.80721, -0.00000, 1.00000, seed = 768, ignore = { 6, 25 }, },
			},
			["era_a_garden_ladder.grp"] = {
				{ 0.18052, 0.98357, 0.00000, 0.00000, -0.98357, 0.18052, 0.00000, 0.00000, 0.00000, 0.00000, 1.00000, 0.00000, -9.90000, 12.79000, 0.00000, 1.00000, ignore = { 10, 25 }, },
			},
			["era_b_garden_chair.grp"] = {
				{ 0.99978, 0.02094, 0.00000, 0.00000, -0.02094, 0.99978, 0.00000, 0.00000, 0.00000, 0.00000, 1.00000, 0.00000, -2.89000, 18.42000, 0.00000, 1.00000, seed = 256, ignore = { 13, 25 }, },
				{ 0.99961, -0.02792, 0.00000, 0.00000, 0.02792, 0.99961, 0.00000, 0.00000, 0.00000, 0.00000, 1.00000, 0.00000, -1.76000, 18.36000, 0.00000, 1.00000, seed = 256, ignore = { 14, 25 }, },
				{ -0.99970, -0.02443, -0.00000, 0.00000, 0.02443, -0.99970, 0.00000, 0.00000, -0.00000, 0.00000, 1.00000, 0.00000, -2.86000, 17.07000, 0.00000, 1.00000, seed = 256, ignore = { 15, 25 }, },
				{ -0.99970, -0.02443, -0.00000, 0.00000, 0.02443, -0.99970, 0.00000, 0.00000, -0.00000, 0.00000, 1.00000, 0.00000, -1.82000, 16.98000, 0.00000, 1.00000, seed = 256, ignore = { 16, 25 }, },
				{ 0.99897, -0.04536, 0.00000, 0.00000, 0.04536, 0.99897, 0.00000, 0.00000, 0.00000, 0.00000, 1.00000, 0.00000, -0.16570, 18.19379, 0.00000, 1.00000, seed = 256, ignore = { 17, 25 }, },
				{ 0.99649, -0.08368, 0.00000, 0.00000, 0.08368, 0.99649, 0.00000, 0.00000, 0.00000, 0.00000, 1.00000, 0.00000, 0.89704, 18.23827, 0.00000, 1.00000, seed = 256, ignore = { 18, 25 }, },
				{ -0.99556, 0.09411, -0.00000, 0.00000, -0.09411, -0.99556, 0.00000, 0.00000, -0.00000, 0.00000, 1.00000, 0.00000, -0.38677, 16.93109, 0.00000, 1.00000, seed = 256, ignore = { 19, 25 }, },
				{ -0.98163, 0.19081, -0.00000, 0.00000, -0.19081, -0.98163, 0.00000, 0.00000, -0.00000, 0.00000, 1.00000, 0.00000, 0.71634, 16.63841, 0.00000, 1.00000, seed = 256, ignore = { 20, 25 }, },
			},
			["era_b_garden_swing.grp"] = {
				{ 0.02094, 0.99978, 0.00000, 0.00000, -0.99978, 0.02094, 0.00000, 0.00000, 0.00000, 0.00000, 1.00000, 0.00000, -5.53000, 21.43000, 0.00000, 1.00000, ignore = { 8, 25 }, },
			},
			["era_b_garden_table.grp"] = {
				{ 1.00000, 0.00000, 0.00000, 0.00000, 0.00000, 1.00000, 0.00000, 0.00000, 0.00000, 0.00000, 1.00000, 0.00000, -2.29000, 17.66497, 0.00000, 1.00000, seed = 256, },
				{ 0.99297, -0.11840, 0.00000, 0.00000, 0.11840, 0.99297, 0.00000, 0.00000, 0.00000, 0.00000, 1.00000, 0.00000, 0.27900, 17.53145, 0.00000, 1.00000, seed = 256, },
			},
			["era_b_sunshade_large.grp"] = {
				{ -0.72176, -0.69214, 0.00000, 0.00000, 0.69214, -0.72176, 0.00000, 0.00000, 0.00000, 0.00000, 1.00000, 0.00000, -2.29000, 17.66497, 0.00000, 1.00000, seed = 256, ignore = { 11, 25 }, },
				{ 0.98823, 0.15299, 0.00000, 0.00000, -0.15299, 0.98823, 0.00000, 0.00000, 0.00000, 0.00000, 1.00000, 0.00000, 0.27900, 17.53145, 0.00000, 1.00000, seed = 256, ignore = { 12, 25 }, },
			},
			["era_b_sunshade_small.grp"] = {
				{ -0.56784, 0.82314, -0.00000, 0.00000, -0.82314, -0.56784, 0.00000, 0.00000, -0.00000, 0.00000, 1.00000, 0.00000, 6.20000, 28.01000, 0.00000, 1.00000, ignore = { 2, 25 }, },
			},
			["garden_table_round.grp"] = {
				{ -0.30902, -0.95106, -0.00000, 0.00000, 0.95106, -0.30902, 0.00000, 0.00000, -0.00000, 0.00000, 1.00000, 0.00000, 6.20000, 28.01000, 0.00000, 1.00000, seed = 768, ignore = { 2, 25 }, },
			},
			["random_large_tree_town.grp"] = {
				{ 0.49242, -0.87036, 0.00000, 0.00000, 0.87036, 0.49242, 0.00000, 0.00000, 0.00000, 0.00000, 1.00000, 0.00000, 10.15000, 30.15000, 0.00000, 1.00000, },
				{ -0.72280, 0.23485, 0.00000, 0.00000, -0.23485, -0.72280, 0.00000, 0.00000, 0.00000, 0.00000, 0.76000, 0.00000, 11.00000, 27.15000, 0.00000, 1.00000, },
				{ 0.63590, -0.38815, 0.00000, 0.00000, 0.38815, 0.63590, 0.00000, 0.00000, 0.00000, 0.00000, 0.74500, 0.00000, 6.05000, 31.20000, 0.00000, 1.00000, },
			},
			["random_medium_tree_town.grp"] = {
				{ -0.90000, -0.00143, 0.00000, 0.00000, 0.00143, -0.90000, 0.00000, 0.00000, 0.00000, 0.00000, 0.90000, 0.00000, -9.78681, 23.55000, 0.00000, 1.00000, },
				{ 0.91775, -0.39715, 0.00000, 0.00000, 0.39715, 0.91775, -0.00000, 0.00000, -0.00000, 0.00000, 1.00000, 0.00000, -9.86000, 15.01000, 0.00000, 1.00000, },
				{ 0.98927, -0.14608, 0.00000, 0.00000, 0.14608, 0.98927, -0.00000, 0.00000, -0.00000, 0.00000, 1.00000, 0.00000, -9.66000, 30.81000, 0.00000, 1.00000, },
			},
			["random_shrub_town.grp"] = {
				{ 1.00000, 0.00000, 0.00000, 0.00000, 0.00000, 1.00000, 0.00000, 0.00000, 0.00000, 0.00000, 1.00000, 0.00000, -3.08000, 27.80000, 0.00000, 1.00000, },
				{ -0.24531, 0.96945, 0.00000, 0.00000, -0.96945, -0.24531, 0.00000, 0.00000, 0.00000, 0.00000, 1.00000, 0.00000, -0.79000, 28.52000, 0.00000, 1.00000, },
				{ 0.96222, -0.27228, 0.00000, 0.00000, 0.27228, 0.96222, 0.00000, 0.00000, 0.00000, 0.00000, 1.00000, 0.00000, 4.68000, 17.46000, 0.00000, 1.00000, },
				{ -0.09237, -0.99572, 0.00000, 0.00000, 0.99572, -0.09237, 0.00000, 0.00000, 0.00000, 0.00000, 1.00000, 0.00000, 6.48000, 17.46000, 0.00000, 1.00000, },
				{ -0.69834, -0.39029, 0.00000, 0.00000, 0.39029, -0.69834, 0.00000, 0.00000, 0.00000, 0.00000, 0.80000, 0.00000, -8.18000, 5.68000, 0.00000, 1.00000, },
				{ 0.05023, 0.79842, 0.00000, 0.00000, -0.79842, 0.05023, 0.00000, 0.00000, 0.00000, 0.00000, 0.80000, 0.00000, -9.97000, 7.89000, 0.00000, 1.00000, },
				{ -0.87292, -0.48786, 0.00000, 0.00000, 0.48786, -0.87292, 0.00000, 0.00000, 0.00000, 0.00000, 1.00000, 0.00000, -1.11000, 26.06000, 0.00000, 1.00000, },
				{ 0.79632, -0.07668, 0.00000, 0.00000, 0.07668, 0.79632, 0.00000, 0.00000, 0.00000, 0.00000, 0.80000, 0.00000, -9.91000, 6.12000, 0.00000, 1.00000, },
				{ 0.71281, 0.36319, 0.00000, 0.00000, -0.36319, 0.71281, 0.00000, 0.00000, 0.00000, 0.00000, 0.80000, 0.00000, -8.63000, 7.24000, 0.00000, 1.00000, },
			},
			["random_shrub_town_fence.grp"] = {
				{ -0.97014, -0.24256, -0.00000, 0.00000, 0.24256, -0.97014, -0.00000, 0.00000, -0.00000, -0.00000, 1.00000, 0.00000, 9.13428, 14.11286, 0.00000, 1.00000, },
				{ 0.68861, 0.72513, 0.00000, 0.00000, -0.72513, 0.68861, -0.00000, 0.00000, -0.00000, -0.00000, 1.00000, 0.00000, 9.21428, 17.45286, 0.00000, 1.00000, },
				{ 0.24256, -0.97014, 0.00000, 0.00000, 0.97014, 0.24256, -0.00000, 0.00000, 0.00000, 0.00000, 1.00000, 0.00000, 8.98428, 15.96286, 0.00000, 1.00000, },
			},
		},
	},
}
--End Generated

function data()
	return townbuildingutil.make_building2(
		{ { -4.60, -0.10 }, { 4.60, -0.10 }, { 4.60, 9.10 }, { -4.60, 9.10 } },
		"RESIDENTIAL", 
		"B", 
		1,
		{ 3, 4 },
		generatedData,
		"construction/building/era_b/res_1_3x4_02.gtex"
	)
end
