local townbuildingutil = require "townbuildingutil"

--Model file: "building/era_b/res_2_3x3_01.mdl"

--Begin Generated
local generatedData = {
	["base"] = {
		models = {
			["building/era_b/res_2_3x3_01.mdl"] = {
				{ 1.00000, 0.00000, 0.00000, 0.00000, 0.00000, 1.00000, 0.00000, 0.00000, 0.00000, 0.00000, 1.00000, 0.00000, 0.00000, -0.95000, 0.00000, 1.00000, },
			},
		},
		curves = {
			["scaffold"] = {
				{ { 3.01331, 3.35922, 0.00000 }, { 3.01331, 3.35922, 0.00000 }, { 3.01331, 3.67305, 0.00000 }, { 3.01331, 3.67305, 0.00000 }, { 3.01331, 3.67305, 0.00000 }, { 8.90845, 3.67305, 0.00000 }, { 8.90845, 3.67305, 0.00000 }, { 8.90845, 3.67305, 0.00000 }, { 8.90845, 14.60789, 0.00000 }, { 8.90845, 14.60789, 0.00000 }, { 8.90845, 14.60789, 0.00000 }, { 6.01587, 14.60789, 0.00000 }, { 6.01587, 14.60789, 0.00000 }, { 6.01587, 14.60789, 0.00000 }, { 6.01587, 15.82665, 0.00000 }, { 6.01587, 15.82665, 0.00000 }, { 6.01587, 15.82665, 0.00000 }, { 2.01581, 15.82665, 0.00000 }, { 2.01581, 15.82665, 0.00000 }, { 2.01581, 15.82665, 0.00000 }, { 2.01581, 14.60789, 0.00000 }, { 2.01581, 14.60789, 0.00000 }, { 2.01581, 14.60789, 0.00000 }, { -1.75574, 14.60789, 0.00000 }, { -1.75574, 14.60789, 0.00000 }, { -1.75574, 14.60789, 0.00000 }, { -1.75574, 15.82665, 0.00000 }, { -1.75574, 15.82665, 0.00000 }, { -1.75574, 15.82665, 0.00000 }, { -5.75580, 15.82665, 0.00000 }, { -5.75580, 15.82665, 0.00000 }, { -5.75580, 15.82665, 0.00000 }, { -5.75580, 14.60790, 0.00000 }, { -5.75580, 14.60790, 0.00000 }, { -5.75580, 14.60790, 0.00000 }, { -8.74695, 14.60790, 0.00000 }, { -8.74695, 14.60790, 0.00000 }, { -8.74695, 14.60789, 0.00000 }, { -8.74695, 3.67303, 0.00000 }, { -8.74695, 3.67302, 0.00000 }, { -8.74695, 3.67302, 0.00000 }, { -2.48840, 3.67305, 0.00000 }, { -2.48840, 3.67305, 0.00000 }, { -2.48840, 3.67305, 0.00000 }, { -2.48840, 3.35922, 0.00000 }, { -2.48840, 3.35922, 0.00000 }, },
			},
			["shared/asphalt_01.gtex.lua;shared/dirt.gtex.lua"] = {
				{ { -9.54688, 0.00000, 0.00000 }, { -9.54688, 0.00000, -0.00000 }, { -9.54688, 3.14458, -0.00001 }, { -9.54688, 3.14458, -0.00001 }, { -9.54688, 3.14458, -0.00001 }, { -12.00000, 3.14458, -0.00000 }, { -12.00000, 3.14458, 0.00000 }, { -12.00000, 3.14458, 0.00000 }, { -12.00000, 0.00000, 0.00000 }, { -12.00000, 0.00000, 0.00000 }, },
				{ { 12.00000, 0.00000, 0.00000 }, { 12.00000, 0.00000, 0.00000 }, { 12.00000, 3.14458, 0.00000 }, { 12.00000, 3.14458, 0.00000 }, { 12.00000, 3.14458, -0.00000 }, { 9.70862, 3.14458, -0.00001 }, { 9.70862, 3.14458, -0.00001 }, { 9.70862, 3.14458, -0.00001 }, { 9.70862, 0.00000, -0.00000 }, { 9.70862, 0.00000, 0.00000 }, },
				{ { 3.64185, 0.00000, -0.00001 }, { 3.64185, 0.00000, -0.00001 }, { 3.64185, 3.14458, -0.00001 }, { 3.64185, 3.14458, -0.00001 }, { 3.64185, 3.14458, -0.00001 }, { 9.70862, 3.14458, -0.00001 }, { 9.70862, 3.14458, -0.00001 }, { 9.70862, 3.14458, -0.00001 }, { 9.70862, 15.13633, -0.00001 }, { 9.70862, 15.13633, -0.00001 }, { 9.70862, 15.13633, -0.00001 }, { -9.54688, 15.13633, -0.00001 }, { -9.54688, 15.13633, -0.00001 }, { -9.54688, 15.13633, -0.00001 }, { -9.54688, 3.14458, -0.00001 }, { -9.54688, 3.14458, -0.00001 }, { -9.54688, 3.14458, -0.00001 }, { -3.11670, 3.14458, -0.00001 }, { -3.11670, 3.14458, -0.00001 }, { -3.11670, 3.14458, -0.00001 }, { -3.11670, 0.00000, -0.00001 }, { -3.11670, 0.00000, -0.00001 }, },
			},
			["shared/grass_cutted_01.gtex.lua"] = {
				{ { 9.70862, 15.13633, -0.00001 }, { 9.70862, 15.13633, -0.00001 }, { 9.70862, 21.54743, -0.00000 }, { 9.70862, 21.54743, 0.00000 }, { 9.70862, 21.54743, -0.00000 }, { -9.54687, 21.54743, -0.00000 }, { -9.54688, 21.54743, -0.00000 }, { -9.54688, 21.54743, -0.00000 }, { -9.54688, 15.13633, -0.00001 }, { -9.54688, 15.13633, -0.00001 }, },
				{ { -3.11670, 0.00000, -0.00001 }, { -3.11670, 0.00000, -0.00001 }, { -3.11670, 3.14458, -0.00001 }, { -3.11670, 3.14458, -0.00001 }, { -3.11670, 3.14458, -0.00001 }, { -9.54687, 3.14458, -0.00001 }, { -9.54688, 3.14458, -0.00001 }, { -9.54688, 3.14458, -0.00001 }, { -9.54688, 0.00000, -0.00000 }, { -9.54688, 0.00000, 0.00000 }, },
				{ { 9.70862, 0.00000, -0.00000 }, { 9.70862, 0.00000, -0.00000 }, { 9.70862, 3.14458, -0.00001 }, { 9.70862, 3.14458, -0.00001 }, { 9.70862, 3.14458, -0.00001 }, { 3.64185, 3.14458, -0.00001 }, { 3.64185, 3.14458, -0.00001 }, { 3.64185, 3.14458, -0.00001 }, { 3.64185, 0.00000, -0.00001 }, { 3.64185, 0.00000, -0.00001 }, },
			},
			["shared/gravel_02.gtex.lua"] = {
				{ { 12.00000, 3.00000, 0.00000 }, { 12.00000, 3.00000, 0.00000 }, { 12.00000, 23.99999, 0.00000 }, { 12.00000, 24.00000, 0.00000 }, { 12.00000, 24.00000, 0.00000 }, { -12.00000, 24.00000, 0.00000 }, { -12.00000, 24.00000, 0.00000 }, { -12.00000, 23.99999, 0.00000 }, { -12.00000, 3.14458, 0.00000 }, { -12.00000, 3.14458, 0.00000 }, { -12.00000, 3.14458, -0.00000 }, { -9.54688, 3.14458, -0.00001 }, { -9.54688, 3.14458, -0.00001 }, { -9.54688, 3.14459, -0.00001 }, { -9.54688, 15.13633, -0.00001 }, { -9.54688, 15.13633, -0.00001 }, { -9.54688, 15.13633, -0.00001 }, { -9.54688, 21.54743, -0.00000 }, { -9.54688, 21.54743, 0.00000 }, { -9.54688, 21.54743, 0.00000 }, { 9.70862, 21.54743, 0.00000 }, { 9.70862, 21.54743, 0.00000 }, { 9.70862, 21.54743, -0.00000 }, { 9.70862, 15.13633, -0.00001 }, { 9.70862, 15.13633, -0.00001 }, { 9.70862, 15.13633, -0.00001 }, { 9.70862, 3.14459, -0.00001 }, { 9.70862, 3.14458, -0.00001 }, },
			},
		},
	},
	["layout_1"] = {
		models = {
			["asset/ground/garden_chair_plastic_01.mdl"] = {
				{ -0.79441, -0.60738, -0.00000, 0.00000, 0.60738, -0.79441, 0.00000, 0.00000, -0.00000, 0.00000, 1.00000, 0.00000, -2.27052, 14.76583, 6.09999, 1.00000, align = { 0.00000, -0.95000 }, ignore = { 7, 25 }, },
				{ -0.88862, 0.45865, -0.00000, 0.00000, -0.45865, -0.88862, 0.00000, 0.00000, -0.00000, 0.00000, 1.00000, 0.00000, -2.62145, 14.73911, 3.09999, 1.00000, align = { 0.00000, -0.95000 }, ignore = { 8, 25 }, },
				{ -0.51504, 0.85717, -0.00000, 0.00000, -0.85717, -0.51504, -0.00000, 0.00000, -0.00000, 0.00000, 1.00000, 0.00000, 4.42752, 14.52979, 3.09999, 1.00000, align = { 0.00000, -0.95000 }, ignore = { 9, 25 }, },
			},
			["asset/vegetation/hedge_m.mdl"] = {
				{ -1.00000, -0.00000, 0.00000, 0.00000, 0.00000, -1.00000, -0.00000, 0.00000, 0.00000, -0.00000, 1.00000, 0.00000, -8.87607, 17.32893, -0.20000, 1.00000, },
				{ 1.00000, 0.00000, 0.00000, 0.00000, 0.00000, 1.00000, -0.00000, 0.00000, 0.00000, 0.00000, 1.00000, 0.00000, 8.92393, 17.32893, -0.20000, 1.00000, },
				{ -1.00000, -0.00000, 0.00000, 0.00000, 0.00000, -1.00000, -0.00000, 0.00000, 0.00000, -0.00000, 1.00000, 0.00000, -8.87607, 19.57893, -0.20000, 1.00000, },
				{ 1.00000, 0.00000, 0.00000, 0.00000, 0.00000, 1.00000, -0.00000, 0.00000, 0.00000, 0.00000, 1.00000, 0.00000, 8.92393, 19.57893, -0.20000, 1.00000, },
				{ 1.00000, -0.00000, 0.00000, 0.00000, 0.00000, 1.00000, -0.00000, 0.00000, -0.00000, 0.00000, 1.00000, 0.00000, -8.87607, 16.18893, -0.20000, 1.00000, },
				{ 1.00000, 0.00000, 0.00000, 0.00000, 0.00000, 1.00000, -0.00000, 0.00000, -0.00000, 0.00000, 1.00000, 0.00000, 8.92393, 16.18893, -0.20000, 1.00000, },
				{ 1.00000, -0.00000, 0.00000, 0.00000, 0.00000, 1.00000, -0.00000, 0.00000, -0.00000, 0.00000, 1.00000, 0.00000, -8.87607, 18.43893, -0.20000, 1.00000, },
				{ 1.00000, 0.00000, 0.00000, 0.00000, 0.00000, 1.00000, -0.00000, 0.00000, -0.00000, 0.00000, 1.00000, 0.00000, 8.92393, 18.43893, -0.20000, 1.00000, },
				{ -1.00000, -0.00000, -0.00000, 0.00000, 0.00000, -1.00000, -0.00000, 0.00000, -0.00000, -0.00000, 1.00000, 0.00000, -8.87607, 20.43893, -0.20000, 1.00000, },
				{ -1.00000, -0.00000, -0.00000, 0.00000, 0.00000, -1.00000, -0.00000, 0.00000, -0.00000, -0.00000, 1.00000, 0.00000, 8.92393, 20.43893, -0.20000, 1.00000, },
				{ 0.00000, -1.00000, 0.00000, 0.00000, 1.00000, 0.00000, -0.00000, 0.00000, 0.00000, 0.00000, 1.00000, 0.00000, 6.45029, 20.88529, -0.20000, 1.00000, },
				{ 0.00000, -1.00000, 0.00000, 0.00000, 1.00000, 0.00000, -0.00000, 0.00000, 0.00000, 0.00000, 1.00000, 0.00000, -0.44971, 20.88529, -0.20000, 1.00000, },
				{ 0.00000, -1.00000, 0.00000, 0.00000, 1.00000, 0.00000, -0.00000, 0.00000, 0.00000, 0.00000, 1.00000, 0.00000, -5.54971, 20.88529, -0.20000, 1.00000, },
				{ 0.00000, -1.00000, 0.00000, 0.00000, 1.00000, 0.00000, -0.00000, 0.00000, 0.00000, 0.00000, 1.00000, 0.00000, 4.20029, 20.88529, -0.20000, 1.00000, },
				{ 0.00000, -1.00000, 0.00000, 0.00000, 1.00000, 0.00000, -0.00000, 0.00000, 0.00000, 0.00000, 1.00000, 0.00000, -2.69971, 20.88529, -0.20000, 1.00000, },
				{ 0.00000, -1.00000, 0.00000, 0.00000, 1.00000, 0.00000, -0.00000, 0.00000, 0.00000, 0.00000, 1.00000, 0.00000, -7.79971, 20.88529, -0.20000, 1.00000, },
				{ -0.00000, 1.00000, 0.00000, 0.00000, -1.00000, -0.00000, -0.00000, 0.00000, -0.00000, -0.00000, 1.00000, 0.00000, 1.85029, 20.88529, -0.20000, 1.00000, },
				{ 0.00000, 1.00000, 0.00000, 0.00000, -1.00000, 0.00000, 0.00000, 0.00000, -0.00000, -0.00000, 1.00000, 0.00000, 7.59029, 20.88529, -0.20000, 1.00000, },
				{ 0.00000, 1.00000, 0.00000, 0.00000, -1.00000, 0.00000, 0.00000, 0.00000, -0.00000, -0.00000, 1.00000, 0.00000, 0.69029, 20.88529, -0.20000, 1.00000, },
				{ 0.00000, 1.00000, 0.00000, 0.00000, -1.00000, 0.00000, 0.00000, 0.00000, -0.00000, -0.00000, 1.00000, 0.00000, -4.40971, 20.88529, -0.20000, 1.00000, },
				{ 0.00000, 1.00000, 0.00000, 0.00000, -1.00000, 0.00000, 0.00000, 0.00000, -0.00000, -0.00000, 1.00000, 0.00000, 5.34029, 20.88529, -0.20000, 1.00000, },
				{ 0.00000, 1.00000, 0.00000, 0.00000, -1.00000, 0.00000, 0.00000, 0.00000, -0.00000, -0.00000, 1.00000, 0.00000, -1.31971, 20.88529, -0.20000, 1.00000, },
				{ 0.00000, 1.00000, 0.00000, 0.00000, -1.00000, 0.00000, 0.00000, 0.00000, -0.00000, -0.00000, 1.00000, 0.00000, -6.41971, 20.88529, -0.20000, 1.00000, },
				{ 0.00000, -1.00000, 0.00000, 0.00000, 1.00000, 0.00000, -0.00000, 0.00000, 0.00000, 0.00000, 1.00000, 0.00000, 2.99029, 20.88529, -0.20000, 1.00000, },
				{ 0.00000, -1.00000, 0.00000, 0.00000, 1.00000, 0.00000, -0.00000, 0.00000, 0.00000, 0.00000, 1.00000, 0.00000, -3.25971, 20.88529, -0.20000, 1.00000, },
				{ 0.00000, -1.00000, 0.00000, 0.00000, 1.00000, 0.00000, -0.00000, 0.00000, 0.00000, 0.00000, 1.00000, 0.00000, -8.35971, 20.88529, -0.20000, 1.00000, },
			},
		},
		groups = {
			["era_a_garden_chair.grp"] = {
				{ -0.55919, 0.82904, 0.00000, 0.00000, -0.82904, -0.55919, -0.00000, 0.00000, -0.00000, -0.00000, 1.00000, 0.00000, 4.15392, 14.76724, 6.09999, 1.00000, align = { 0.00000, -0.95000 }, seed = 768, ignore = { 2, 25 }, },
				{ -0.93544, -0.35347, -0.00000, 0.00000, 0.35347, -0.93544, -0.00000, 0.00000, -0.00000, -0.00000, 1.00000, 0.00000, 5.73630, 14.82333, 6.09999, 1.00000, align = { 0.00000, -0.95000 }, seed = 768, ignore = { 3, 25 }, },
			},
			["era_b_sunshade_small.grp"] = {
				{ 0.92321, -0.38430, 0.00000, 0.00000, 0.38430, 0.92321, 0.00000, 0.00000, -0.00000, -0.00000, 1.00000, 0.00000, 4.78646, 14.99745, 6.09999, 1.00000, align = { 0.00000, -0.95000 }, },
				{ 0.84500, 0.00000, 0.00000, 0.00000, 0.00000, 0.84500, 0.00000, 0.00000, -0.00000, 0.00000, 0.84500, 0.00000, 2.53246, 15.05853, 3.09999, 1.00000, align = { 0.00000, -0.95000 }, ignore = { 4, 80 }, },
				{ 0.84500, 0.00000, 0.00000, 0.00000, 0.00000, 0.84500, 0.00000, 0.00000, 0.00000, 0.00000, 0.84500, 0.00000, -5.36306, 15.10412, 6.09999, 1.00000, align = { 0.00000, -0.95000 }, ignore = { 5, 80 }, },
				{ 0.84500, 0.00000, 0.00000, 0.00000, -0.00000, 0.84500, 0.00000, 0.00000, -0.00000, -0.00000, 0.84500, 0.00000, -2.09288, 15.17273, 3.09999, 1.00000, align = { 0.00000, -0.95000 }, ignore = { 6, 80 }, },
			},
			["garden_table_round.grp"] = {
				{ -0.25545, 0.96682, 0.00000, 0.00000, -0.96682, -0.25545, -0.00000, 0.00000, -0.00000, -0.00000, 1.00000, 0.00000, 4.78646, 14.99745, 6.09999, 1.00000, align = { 0.00000, -0.95000 }, seed = 768, },
				{ 0.55630, -0.83098, 0.00000, 0.00000, 0.83098, 0.55630, 0.00000, 0.00000, 0.00000, 0.00000, 1.00000, 0.00000, -4.91289, 14.83886, 6.09999, 1.00000, align = { 0.00000, -0.95000 }, ignore = { 10, 50 }, },
				{ -0.46330, -0.88620, -0.00000, 0.00000, 0.88620, -0.46330, 0.00000, 0.00000, -0.00000, 0.00000, 1.00000, 0.00000, 5.19503, 14.92212, 3.09999, 1.00000, align = { 0.00000, -0.95000 }, ignore = { 11, 50 }, },
			},
			["random_shrub_town.grp"] = {
				{ 0.37513, 0.61456, 0.00000, 0.00000, -0.61456, 0.37513, 0.00000, 0.00000, 0.00000, 0.00000, 0.72000, 0.00000, -0.15960, 18.31630, 0.00000, 1.00000, },
				{ -0.68476, 0.22249, 0.00000, 0.00000, -0.22249, -0.68476, 0.00000, 0.00000, 0.00000, 0.00000, 0.72000, 0.00000, -1.27960, 17.79630, 0.00000, 1.00000, },
				{ 0.01257, -0.71989, 0.00000, 0.00000, 0.71989, 0.01257, 0.00000, 0.00000, 0.00000, 0.00000, 0.72000, 0.00000, 0.27040, 17.09630, 0.00000, 1.00000, },
				{ -0.00628, 0.71997, 0.00000, 0.00000, -0.71997, -0.00628, 0.00000, 0.00000, 0.00000, 0.00000, 0.72000, 0.00000, 1.15040, 17.93630, 0.00000, 1.00000, },
			},
			["random_shrub_town_fence.grp"] = {
				{ -0.24256, 0.97014, -0.00000, 0.00000, -0.97014, -0.24256, 0.00000, 0.00000, -0.00000, 0.00000, 1.00000, 0.00000, -6.63571, 1.66286, 0.00000, 1.00000, },
				{ -0.24256, 0.97014, -0.00000, 0.00000, -0.97014, -0.24256, 0.00000, 0.00000, -0.00000, 0.00000, 1.00000, 0.00000, 6.46428, 1.66286, 0.00000, 1.00000, },
				{ -0.24256, 0.97014, -0.00000, 0.00000, -0.97014, -0.24256, 0.00000, 0.00000, -0.00000, 0.00000, 1.00000, 0.00000, -8.18571, 1.61286, 0.00000, 1.00000, },
				{ -0.24256, 0.97014, -0.00000, 0.00000, -0.97014, -0.24256, 0.00000, 0.00000, -0.00000, 0.00000, 1.00000, 0.00000, 4.91428, 1.61286, 0.00000, 1.00000, },
				{ -0.97014, -0.24256, -0.00000, 0.00000, 0.24256, -0.97014, -0.00000, 0.00000, -0.00000, -0.00000, 1.00000, 0.00000, -5.63572, 1.66286, 0.00000, 1.00000, },
				{ -0.97014, -0.24256, -0.00000, 0.00000, 0.24256, -0.97014, -0.00000, 0.00000, -0.00000, -0.00000, 1.00000, 0.00000, 7.46428, 1.66286, 0.00000, 1.00000, },
				{ 0.24256, -0.97014, 0.00000, 0.00000, 0.97014, 0.24256, -0.00000, 0.00000, -0.00000, 0.00000, 1.00000, 0.00000, -4.63572, 1.66286, 0.00000, 1.00000, },
				{ 0.24256, -0.97014, 0.00000, 0.00000, 0.97014, 0.24256, -0.00000, 0.00000, -0.00000, 0.00000, 1.00000, 0.00000, 8.46428, 1.66286, 0.00000, 1.00000, },
			},
		},
	},
}
--End Generated

function data()
	return townbuildingutil.make_building2(
		{ { -4.60, -0.10 }, { 4.60, -0.10 }, { 4.60, 9.10 }, { -4.60, 9.10 } },
		"RESIDENTIAL", 
		"B", 
		2,
		{ 3, 3 },
		generatedData,
		"construction/building/era_b/res_2_3x3_01.gtex"
	)
end
