local townbuildingutil = require "townbuildingutil"

--Model file: "building/era_b/res_1_4x4_03.mdl"

--Begin Generated
local generatedData = {
	["base"] = {
		models = {
			["building/era_b/res_1_4x4_03.mdl"] = {
				{ 1.00000, 0.00000, 0.00000, 0.00000, 0.00000, 1.00000, 0.00000, 0.00000, 0.00000, 0.00000, 1.00000, 0.00000, 0.00000, -1.10000, 0.00000, 1.00000, },
			},
		},
		curves = {
			["scaffold"] = {
				{ { 1.71680, 4.98679, 0.00000 }, { 1.71680, 4.98679, 0.00000 }, { 1.71680, 5.98627, 0.00000 }, { 1.71680, 5.98627, 0.00000 }, { 1.71680, 5.98627, 0.00000 }, { 5.46692, 5.98552, 0.00000 }, { 5.46692, 5.98552, 0.00000 }, { 5.46692, 5.98552, 0.00000 }, { 5.46692, 9.38473, 0.00000 }, { 5.46692, 9.38473, 0.00000 }, { 5.46692, 9.38473, 0.00000 }, { 6.63562, 9.38473, 0.00000 }, { 6.63562, 9.38473, 0.00000 }, { 6.63562, 9.38473, 0.00000 }, { 6.63568, 12.44759, 0.00000 }, { 6.63568, 12.44759, 0.00000 }, { 6.63568, 12.44759, 0.00000 }, { 5.46692, 12.44759, 0.00000 }, { 5.46692, 12.44759, 0.00000 }, { 5.46692, 12.44759, 0.00000 }, { 5.46692, 15.83927, 0.00000 }, { 5.46692, 15.83927, 0.00000 }, { 5.46692, 15.83927, 0.00000 }, { -7.75476, 15.83926, 0.00000 }, { -7.75476, 15.83926, 0.00000 }, { -7.75476, 15.83926, 0.00000 }, { -7.75476, 5.98627, 0.00000 }, { -7.75476, 5.98627, 0.00000 }, { -7.75476, 5.98627, 0.00000 }, { -3.99023, 5.98627, 0.00000 }, { -3.99023, 5.98627, 0.00000 }, { -3.99023, 5.98627, 0.00000 }, { -3.99023, 4.98678, 0.00000 }, { -3.99023, 4.98678, 0.00000 }, },
			},
			["shared/asphalt_01.gtex.lua;shared/dirt.gtex.lua"] = {
				{ { 4.50000, 0.00000, 0.00000 }, { 4.50000, 0.00000, 0.00000 }, { 4.50000, 3.50000, 0.00000 }, { 4.50000, 3.50000, 0.00000 }, { 4.50000, 3.50000, 0.00000 }, { 8.00000, 3.50000, 0.00000 }, { 8.00000, 3.50000, 0.00000 }, { 8.00000, 3.50000, 0.00000 }, { 8.00000, 13.34758, 0.00000 }, { 8.00000, 13.34759, 0.00000 }, { 8.00000, 13.34759, 0.00000 }, { 6.06683, 13.34759, 0.00000 }, { 6.06683, 13.34759, 0.00000 }, { 6.06683, 13.34759, 0.00000 }, { 6.06677, 16.47679, 0.00000 }, { 6.06677, 16.47679, 0.00000 }, { 6.06677, 16.47679, 0.00000 }, { -8.35480, 16.47679, 0.00000 }, { -8.35480, 16.47679, 0.00000 }, { -8.35480, 16.47679, 0.00000 }, { -8.35480, 5.34796, 0.00000 }, { -8.35480, 5.34796, 0.00000 }, { -8.35480, 5.34796, 0.00000 }, { -4.66266, 5.34796, 0.00000 }, { -4.66266, 5.34796, 0.00000 }, { -4.66266, 5.34796, 0.00000 }, { -4.66272, 4.38680, 0.00000 }, { -4.66272, 4.38680, 0.00000 }, { -4.66272, 4.38680, 0.00000 }, { 2.38910, 4.38680, 0.00000 }, { 2.38910, 4.38680, 0.00000 }, { 2.38910, 4.38679, 0.00000 }, { 2.38910, 0.00000, 0.00000 }, { 2.38910, 0.00000, 0.00000 }, },
			},
			["shared/grass_cutted_01.gtex.lua"] = {
				{ { 16.00000, 2.00000, 0.00000 }, { 16.00000, 2.00000, 0.00000 }, { 16.00000, 31.99999, 0.00000 }, { 16.00000, 32.00000, 0.00000 }, { 15.99999, 32.00000, 0.00000 }, { -15.99999, 32.00000, 0.00000 }, { -16.00000, 32.00000, 0.00000 }, { -16.00000, 31.99999, 0.00000 }, { -16.00000, 2.00001, 0.00000 }, { -16.00000, 2.00000, 0.00000 }, { -15.99999, 2.00000, 0.00000 }, { 2.38910, 2.00000, 0.00000 }, { 2.38910, 2.00000, 0.00000 }, { 2.38910, 2.00000, 0.00000 }, { 2.38910, 4.38679, 0.00004 }, { 2.38910, 4.38680, 0.00004 }, { 2.38910, 4.38680, 0.00004 }, { -4.66272, 4.38680, -0.00005 }, { -4.66272, 4.38680, -0.00005 }, { -4.66272, 4.38680, -0.00005 }, { -4.66266, 5.34796, -0.00004 }, { -4.66266, 5.34796, -0.00004 }, { -4.66266, 5.34796, -0.00004 }, { -10.00000, 5.34798, -0.00000 }, { -10.00000, 5.34798, 0.00000 }, { -10.00000, 5.34798, 0.00000 }, { -10.00000, 26.99999, 0.00000 }, { -10.00000, 27.00000, 0.00000 }, { -9.99999, 27.00000, 0.00000 }, { 2.96679, 27.00000, 0.00000 }, { 2.96680, 27.00000, 0.00000 }, { 2.96680, 27.00000, 0.00000 }, { 2.96680, 22.00000, 0.00000 }, { 2.96680, 22.00000, 0.00000 }, { 2.96680, 22.00000, 0.00000 }, { 0.00000, 22.00000, 0.00000 }, { 0.00000, 22.00000, 0.00000 }, { 0.00000, 22.00000, 0.00000 }, { 0.00000, 18.00000, 0.00000 }, { 0.00000, 18.00000, 0.00000 }, { 0.00000, 18.00000, 0.00000 }, { 8.00000, 18.00000, 0.00000 }, { 8.00000, 18.00000, 0.00000 }, { 8.00000, 18.00000, 0.00000 }, { 8.00000, 3.50000, 0.00000 }, { 8.00000, 3.50000, 0.00000 }, { 8.00000, 3.50000, 0.00000 }, { 4.50000, 3.50000, 0.00000 }, { 4.50000, 3.50000, 0.00000 }, { 4.50000, 3.50000, 0.00000 }, { 4.50000, 2.00000, 0.00000 }, { 4.50000, 2.00000, 0.00000 }, },
			},
			["shared/gravel_02.gtex.lua"] = {
				{ { 2.38910, 0.00000, 0.00000 }, { 2.38910, 0.00000, 0.00000 }, { 2.38910, 2.00000, 0.00000 }, { 2.38910, 2.00000, 0.00000 }, { 2.38910, 2.00000, 0.00000 }, { -16.00000, 2.00000, 0.00000 }, { -16.00000, 2.00000, 0.00000 }, { -16.00000, 2.00000, 0.00000 }, { -16.00000, 0.00000, 0.00000 }, { -16.00000, 0.00000, 0.00000 }, },
				{ { 16.00000, 0.00000, 0.00000 }, { 16.00000, 0.00000, 0.00000 }, { 16.00000, 2.00000, 0.00000 }, { 16.00000, 2.00000, 0.00000 }, { 16.00000, 2.00000, 0.00000 }, { 4.50000, 2.00000, 0.00000 }, { 4.50000, 2.00000, 0.00000 }, { 4.50000, 2.00000, 0.00000 }, { 4.50000, 0.00000, 0.00000 }, { 4.50000, 0.00000, 0.00000 }, },
				{ { 8.00000, 13.34759, 0.00000 }, { 8.00000, 13.34759, 0.00000 }, { 8.00000, 18.00000, 0.00000 }, { 8.00000, 18.00000, 0.00000 }, { 8.00000, 18.00000, 0.00000 }, { 0.00000, 18.00000, 0.00000 }, { 0.00000, 18.00000, 0.00000 }, { 0.00000, 18.00000, 0.00000 }, { 0.00000, 22.00000, 0.00000 }, { 0.00000, 22.00000, 0.00000 }, { 0.00000, 22.00000, 0.00000 }, { 2.96680, 22.00000, 0.00000 }, { 2.96680, 22.00000, 0.00000 }, { 2.96680, 22.00000, 0.00000 }, { 2.96680, 27.00000, 0.00000 }, { 2.96680, 27.00000, 0.00000 }, { 2.96679, 27.00000, 0.00000 }, { -10.00000, 27.00000, 0.00000 }, { -10.00000, 27.00000, 0.00000 }, { -10.00000, 26.99999, 0.00000 }, { -10.00000, 5.34798, 0.00000 }, { -10.00000, 5.34797, 0.00000 }, { -10.00000, 5.34797, 0.00000 }, { -8.35480, 5.34796, 0.00000 }, { -8.35480, 5.34796, 0.00000 }, { -8.35480, 5.34796, -0.00000 }, { -8.35480, 16.47679, -0.00003 }, { -8.35480, 16.47679, -0.00003 }, { -8.35479, 16.47679, -0.00003 }, { 6.06677, 16.47679, 0.00002 }, { 6.06677, 16.47679, 0.00002 }, { 6.06677, 16.47679, 0.00002 }, { 6.06683, 13.34759, 0.00000 }, { 6.06683, 13.34759, 0.00000 }, },
			},
		},
	},
	["layout_1"] = {
		models = {
			["asset/ground/container_wood.mdl"] = {
				{ -1.00000, 0.00000, 0.00000, 0.00000, -0.00000, -1.00000, 0.00000, 0.00000, 0.00000, 0.00000, 1.00000, 0.00000, -5.51000, 16.34000, 0.00000, 1.00000, ignore = { 11, 50 }, },
			},
			["asset/ground/garden_chair_plastic_01.mdl"] = {
				{ -0.82511, 0.56497, -0.00000, 0.00000, -0.56497, -0.82511, -0.00000, 0.00000, -0.00000, -0.00000, 1.00000, 0.00000, -5.38000, 20.56000, -0.00000, 1.00000, ignore = { 2, 10 }, },
				{ -0.04362, 0.99905, 0.00000, 0.00000, -0.99905, -0.04362, -0.00000, 0.00000, 0.00000, -0.00000, 1.00000, 0.00000, -5.99000, 21.43000, -0.00000, 1.00000, ignore = { 3, 25 }, },
				{ 0.91914, 0.39394, -0.00000, 0.00000, -0.39394, 0.91914, -0.00000, 0.00000, -0.00000, 0.00000, 1.00000, 0.00000, -5.38000, 22.47000, -0.00000, 1.00000, ignore = { 4, 25 }, },
				{ 0.91914, -0.39394, 0.00000, 0.00000, 0.39394, 0.91914, -0.00000, 0.00000, 0.00000, 0.00000, 1.00000, 0.00000, -4.34000, 22.48000, -0.00000, 1.00000, ignore = { 5, 50 }, },
				{ -0.13572, -0.99075, -0.00000, 0.00000, 0.99075, -0.13572, 0.00000, 0.00000, -0.00000, 0.00000, 1.00000, 0.00000, -3.78000, 21.43000, -0.00000, 1.00000, ignore = { 6, 10 }, },
				{ -0.73610, -0.67688, -0.00000, 0.00000, 0.67688, -0.73610, 0.00000, 0.00000, -0.00000, 0.00000, 1.00000, 0.00000, -4.22000, 20.54000, -0.00000, 1.00000, ignore = { 7, 25 }, },
				{ -0.71203, -0.70215, 0.00000, 0.00000, 0.70215, -0.71203, 0.00000, 0.00000, 0.00000, 0.00000, 1.00000, 0.00000, 11.31000, 8.13000, 0.00000, 1.00000, },
				{ -0.15643, -0.98769, 0.00000, 0.00000, 0.98769, -0.15643, 0.00000, 0.00000, 0.00000, 0.00000, 1.00000, 0.00000, 12.02000, 9.46000, 0.00000, 1.00000, },
			},
			["asset/ground/garden_table_wood_02.mdl"] = {
				{ 1.00000, 0.00000, -0.00000, 0.00000, 0.00000, 1.00000, 0.00000, 0.00000, 0.00000, -0.00000, 1.00000, 0.00000, -4.85000, 21.46745, 0.00000, 1.00000, },
			},
			["asset/vegetation/hedge_m.mdl"] = {
				{ 0.00000, -1.00000, 0.00000, 0.00000, 1.00000, 0.00000, -0.00000, 0.00000, -0.00000, 0.00000, 1.00000, 0.00000, -2.35607, 2.76893, -0.20000, 1.00000, },
				{ 0.00000, -1.00000, 0.00000, 0.00000, 1.00000, 0.00000, -0.00000, 0.00000, -0.00000, 0.00000, 1.00000, 0.00000, -8.65607, 2.76893, -0.20000, 1.00000, },
				{ 0.00000, -1.00000, 0.00000, 0.00000, 1.00000, 0.00000, -0.00000, 0.00000, -0.00000, 0.00000, 1.00000, 0.00000, -14.90607, 2.76893, -0.20000, 1.00000, },
				{ 0.00000, -1.00000, 0.00000, 0.00000, 1.00000, 0.00000, -0.00000, 0.00000, -0.00000, 0.00000, 1.00000, 0.00000, -1.00607, 2.76893, -0.20000, 1.00000, },
				{ 0.00000, -1.00000, 0.00000, 0.00000, 1.00000, 0.00000, -0.00000, 0.00000, -0.00000, 0.00000, 1.00000, 0.00000, -7.10607, 2.76893, -0.20000, 1.00000, },
				{ 0.00000, -1.00000, 0.00000, 0.00000, 1.00000, 0.00000, -0.00000, 0.00000, -0.00000, 0.00000, 1.00000, 0.00000, -13.55607, 2.76893, -0.20000, 1.00000, },
				{ 0.00000, -1.00000, 0.00000, 0.00000, 1.00000, 0.00000, -0.00000, 0.00000, -0.00000, 0.00000, 1.00000, 0.00000, 1.35393, 2.76893, -0.20000, 1.00000, },
				{ 0.00000, -1.00000, 0.00000, 0.00000, 1.00000, 0.00000, -0.00000, 0.00000, -0.00000, 0.00000, 1.00000, 0.00000, -4.74607, 2.76893, -0.20000, 1.00000, },
				{ 0.00000, -1.00000, 0.00000, 0.00000, 1.00000, 0.00000, -0.00000, 0.00000, -0.00000, 0.00000, 1.00000, 0.00000, -11.19607, 2.76893, -0.20000, 1.00000, },
				{ 0.00000, 1.00000, 0.00000, 0.00000, -1.00000, 0.00000, 0.00000, 0.00000, -0.00000, -0.00000, 1.00000, 0.00000, -0.00607, 2.76893, -0.20000, 1.00000, },
				{ 0.00000, 1.00000, 0.00000, 0.00000, -1.00000, 0.00000, 0.00000, 0.00000, -0.00000, -0.00000, 1.00000, 0.00000, -6.10607, 2.76893, -0.20000, 1.00000, },
				{ 0.00000, 1.00000, 0.00000, 0.00000, -1.00000, 0.00000, 0.00000, 0.00000, -0.00000, -0.00000, 1.00000, 0.00000, -12.55607, 2.76893, -0.20000, 1.00000, },
				{ 0.00000, 1.00000, 0.00000, 0.00000, -1.00000, 0.00000, 0.00000, 0.00000, -0.00000, -0.00000, 1.00000, 0.00000, -3.52607, 2.76893, -0.20000, 1.00000, },
				{ 0.00000, 1.00000, 0.00000, 0.00000, -1.00000, 0.00000, 0.00000, 0.00000, -0.00000, -0.00000, 1.00000, 0.00000, -9.82607, 2.76893, -0.20000, 1.00000, },
				{ -0.00000, 1.00000, -0.00000, 0.00000, -1.00000, -0.00000, -0.00000, 0.00000, -0.00000, -0.00000, 1.00000, 0.00000, 9.15027, 2.74758, -0.20000, 1.00000, },
				{ -0.00000, 1.00000, -0.00000, 0.00000, -1.00000, -0.00000, -0.00000, 0.00000, -0.00000, -0.00000, 1.00000, 0.00000, 14.85027, 2.74758, -0.20000, 1.00000, },
				{ -0.00000, 1.00000, -0.00000, 0.00000, -1.00000, -0.00000, -0.00000, 0.00000, -0.00000, -0.00000, 1.00000, 0.00000, 7.00027, 2.74758, -0.20000, 1.00000, },
				{ -0.00000, 1.00000, -0.00000, 0.00000, -1.00000, -0.00000, -0.00000, 0.00000, -0.00000, -0.00000, 1.00000, 0.00000, 12.79027, 2.74758, -0.20000, 1.00000, },
				{ -0.00000, 1.00000, -0.00000, 0.00000, -1.00000, -0.00000, -0.00000, 0.00000, -0.00000, -0.00000, 1.00000, 0.00000, 5.53027, 2.74758, -0.20000, 1.00000, },
				{ -0.00000, 1.00000, -0.00000, 0.00000, -1.00000, -0.00000, -0.00000, 0.00000, -0.00000, -0.00000, 1.00000, 0.00000, 11.32027, 2.74758, -0.20000, 1.00000, },
				{ -0.00000, -1.00000, -0.00000, 0.00000, 1.00000, -0.00000, -0.00000, 0.00000, -0.00000, -0.00000, 1.00000, 0.00000, 10.32027, 2.74758, -0.20000, 1.00000, },
				{ -0.00000, -1.00000, -0.00000, 0.00000, 1.00000, -0.00000, -0.00000, 0.00000, -0.00000, -0.00000, 1.00000, 0.00000, 8.17027, 2.74758, -0.20000, 1.00000, },
				{ -0.00000, -1.00000, -0.00000, 0.00000, 1.00000, -0.00000, -0.00000, 0.00000, -0.00000, -0.00000, 1.00000, 0.00000, 13.96027, 2.74758, -0.20000, 1.00000, },
				{ 0.80000, 0.00000, 0.00000, 0.00000, -0.00000, 0.80000, -0.00000, 0.00000, -0.00000, 0.00000, 0.80000, 0.00000, -10.61973, 11.71402, -0.20000, 1.00000, },
				{ 0.00000, -0.80000, 0.00000, 0.00000, 0.80000, 0.00000, -0.00000, 0.00000, 0.00000, 0.00000, 0.80000, 0.00000, -4.73106, 27.58535, -0.20000, 1.00000, },
				{ 0.80000, 0.00000, 0.00000, 0.00000, -0.00000, 0.80000, -0.00000, 0.00000, -0.00000, 0.00000, 0.80000, 0.00000, -10.61973, 21.89802, -0.20000, 1.00000, },
				{ 0.80000, 0.00000, 0.00000, 0.00000, -0.00000, 0.80000, -0.00000, 0.00000, -0.00000, 0.00000, 0.80000, 0.00000, -10.61973, 7.08202, -0.20000, 1.00000, },
				{ 0.00000, -0.80000, 0.00000, 0.00000, 0.80000, 0.00000, -0.00000, 0.00000, 0.00000, 0.00000, 0.80000, 0.00000, -9.36306, 27.58535, -0.20000, 1.00000, },
				{ 0.80000, 0.00000, 0.00000, 0.00000, -0.00000, 0.80000, -0.00000, 0.00000, -0.00000, 0.00000, 0.80000, 0.00000, -10.61973, 17.26602, -0.20000, 1.00000, },
				{ 0.80000, 0.00000, 0.00000, 0.00000, -0.00000, 0.80000, -0.00000, 0.00000, -0.00000, 0.00000, 0.80000, 0.00000, -10.61973, 22.75401, -0.20000, 1.00000, },
				{ 0.80000, 0.00000, 0.00000, 0.00000, -0.00000, 0.80000, -0.00000, 0.00000, -0.00000, 0.00000, 0.80000, 0.00000, -10.61973, 12.70602, -0.20000, 1.00000, },
				{ 0.00000, -0.80000, 0.00000, 0.00000, 0.80000, 0.00000, -0.00000, 0.00000, 0.00000, 0.00000, 0.80000, 0.00000, -3.73906, 27.58535, -0.20000, 1.00000, },
				{ 0.80000, 0.00000, 0.00000, 0.00000, -0.00000, 0.80000, -0.00000, 0.00000, -0.00000, 0.00000, 0.80000, 0.00000, -10.61973, 8.80202, -0.20000, 1.00000, },
				{ 0.00000, -0.80000, 0.00000, 0.00000, 0.80000, 0.00000, -0.00000, 0.00000, 0.00000, 0.00000, 0.80000, 0.00000, -7.64306, 27.58535, -0.20000, 1.00000, },
				{ 0.80000, 0.00000, 0.00000, 0.00000, -0.00000, 0.80000, -0.00000, 0.00000, -0.00000, 0.00000, 0.80000, 0.00000, -10.61973, 18.98602, -0.20000, 1.00000, },
				{ 0.80000, 0.00000, 0.00000, 0.00000, -0.00000, 0.80000, -0.00000, 0.00000, -0.00000, 0.00000, 0.80000, 0.00000, -10.61973, 24.47402, -0.20000, 1.00000, },
				{ 0.80000, 0.00000, 0.00000, 0.00000, -0.00000, 0.80000, -0.00000, 0.00000, -0.00000, 0.00000, 0.80000, 0.00000, -10.61973, 14.35402, -0.20000, 1.00000, },
				{ 0.00000, -0.80000, 0.00000, 0.00000, 0.80000, 0.00000, -0.00000, 0.00000, 0.00000, 0.00000, 0.80000, 0.00000, -2.09106, 27.58535, -0.20000, 1.00000, },
				{ 0.00000, -0.80000, 0.00000, 0.00000, 0.80000, 0.00000, -0.00000, 0.00000, 0.00000, 0.00000, 0.80000, 0.00000, 1.54894, 27.58535, -0.20000, 1.00000, },
				{ 0.80000, 0.00000, 0.00000, 0.00000, -0.00000, 0.80000, -0.00000, 0.00000, -0.00000, 0.00000, 0.80000, 0.00000, -10.61973, 9.97802, -0.20000, 1.00000, },
				{ 0.00000, -0.80000, 0.00000, 0.00000, 0.80000, 0.00000, -0.00000, 0.00000, 0.00000, 0.00000, 0.80000, 0.00000, -6.46706, 27.58535, -0.20000, 1.00000, },
				{ 0.80000, 0.00000, 0.00000, 0.00000, -0.00000, 0.80000, -0.00000, 0.00000, -0.00000, 0.00000, 0.80000, 0.00000, -10.61973, 20.16202, -0.20000, 1.00000, },
				{ 0.80000, 0.00000, 0.00000, 0.00000, -0.00000, 0.80000, -0.00000, 0.00000, -0.00000, 0.00000, 0.80000, 0.00000, -10.61973, 25.65002, -0.20000, 1.00000, },
				{ 0.80000, 0.00000, 0.00000, 0.00000, -0.00000, 0.80000, -0.00000, 0.00000, -0.00000, 0.00000, 0.80000, 0.00000, -10.61973, 27.05002, -0.20000, 1.00000, },
				{ 0.80000, 0.00000, 0.00000, 0.00000, -0.00000, 0.80000, -0.00000, 0.00000, -0.00000, 0.00000, 0.80000, 0.00000, -10.61973, 15.53002, -0.20000, 1.00000, },
				{ 0.00000, -0.80000, 0.00000, 0.00000, 0.80000, 0.00000, -0.00000, 0.00000, 0.00000, 0.00000, 0.80000, 0.00000, -0.91506, 27.58535, -0.20000, 1.00000, },
				{ 0.00000, -0.80000, 0.00000, 0.00000, 0.80000, 0.00000, -0.00000, 0.00000, 0.00000, 0.00000, 0.80000, 0.00000, 2.72494, 27.58535, -0.20000, 1.00000, },
				{ -0.80000, -0.00000, -0.00000, 0.00000, 0.00000, -0.80000, -0.00000, 0.00000, -0.00000, -0.00000, 0.80000, 0.00000, -10.61973, 10.77802, -0.20000, 1.00000, },
				{ 0.00000, 0.80000, 0.00000, 0.00000, -0.80000, 0.00000, -0.00000, 0.00000, -0.00000, 0.00000, 0.80000, 0.00000, -5.66706, 27.58535, -0.20000, 1.00000, },
				{ -0.80000, -0.00000, -0.00000, 0.00000, 0.00000, -0.80000, -0.00000, 0.00000, -0.00000, -0.00000, 0.80000, 0.00000, -10.61973, 20.96202, -0.20000, 1.00000, },
				{ -0.80000, -0.00000, -0.00000, 0.00000, 0.00000, -0.80000, -0.00000, 0.00000, -0.00000, -0.00000, 0.80000, 0.00000, -10.61973, 26.45002, -0.20000, 1.00000, },
				{ -0.80000, -0.00000, -0.00000, 0.00000, 0.00000, -0.80000, -0.00000, 0.00000, -0.00000, -0.00000, 0.80000, 0.00000, -10.61973, 6.14602, -0.20000, 1.00000, },
				{ 0.00000, 0.80000, 0.00000, 0.00000, -0.80000, 0.00000, -0.00000, 0.00000, -0.00000, 0.00000, 0.80000, 0.00000, -10.29906, 27.58535, -0.20000, 1.00000, },
				{ -0.80000, -0.00000, -0.00000, 0.00000, 0.00000, -0.80000, -0.00000, 0.00000, -0.00000, -0.00000, 0.80000, 0.00000, -10.61973, 16.33002, -0.20000, 1.00000, },
				{ 0.00000, 0.80000, 0.00000, 0.00000, -0.80000, 0.00000, -0.00000, 0.00000, -0.00000, 0.00000, 0.80000, 0.00000, -0.11506, 27.58535, -0.20000, 1.00000, },
				{ -0.80000, -0.00000, -0.00000, 0.00000, 0.00000, -0.80000, -0.00000, 0.00000, -0.00000, -0.00000, 0.80000, 0.00000, -10.61973, 7.86602, -0.20000, 1.00000, },
				{ 0.00000, 0.80000, 0.00000, 0.00000, -0.80000, 0.00000, -0.00000, 0.00000, -0.00000, 0.00000, 0.80000, 0.00000, -8.57906, 27.58535, -0.20000, 1.00000, },
				{ -0.80000, -0.00000, -0.00000, 0.00000, 0.00000, -0.80000, -0.00000, 0.00000, -0.00000, -0.00000, 0.80000, 0.00000, -10.61973, 18.05002, -0.20000, 1.00000, },
				{ -0.80000, -0.00000, -0.00000, 0.00000, 0.00000, -0.80000, -0.00000, 0.00000, -0.00000, -0.00000, 0.80000, 0.00000, -10.61973, 23.53802, -0.20000, 1.00000, },
				{ -0.80000, -0.00000, -0.00000, 0.00000, 0.00000, -0.80000, -0.00000, 0.00000, -0.00000, -0.00000, 0.80000, 0.00000, -10.61973, 13.41802, -0.20000, 1.00000, },
				{ 0.00000, 0.80000, 0.00000, 0.00000, -0.80000, 0.00000, -0.00000, 0.00000, -0.00000, 0.00000, 0.80000, 0.00000, -3.02706, 27.58535, -0.20000, 1.00000, },
				{ 0.00000, 0.80000, 0.00000, 0.00000, -0.80000, 0.00000, -0.00000, 0.00000, -0.00000, 0.00000, 0.80000, 0.00000, 0.61294, 27.58535, -0.20000, 1.00000, },
			},
		},
		groups = {
			["era_a_garden_bench.grp"] = {
				{ 0.00000, 1.00000, 0.00000, 0.00000, -1.00000, 0.00000, 0.00000, 0.00000, -0.00000, -0.00000, 1.00000, 0.00000, -9.50000, 24.38000, 0.00000, 1.00000, seed = 456, ignore = { 12, 25 }, },
				{ 1.00000, -0.00000, 0.00000, 0.00000, 0.00000, 1.00000, 0.00000, 0.00000, -0.00000, -0.00000, 1.00000, 0.00000, -7.26000, 26.48000, 0.00000, 1.00000, seed = 456, ignore = { 13, 25 }, },
			},
			["era_a_garden_ladder.grp"] = {
				{ 0.84057, 0.54171, 0.00000, 0.00000, -0.54171, 0.84057, 0.00000, 0.00000, 0.00000, 0.00000, 1.00000, 0.00000, 12.00000, 20.98000, 0.00000, 1.00000, ignore = { 10, 25 }, },
			},
			["era_b_garden_swing.grp"] = {
				{ 0.04536, -0.99897, 0.00000, 0.00000, 0.99897, 0.04536, 0.00000, 0.00000, 0.00000, 0.00000, 1.00000, 0.00000, 1.77000, 24.48000, 0.00000, 1.00000, ignore = { 9, 25 }, },
			},
			["era_b_sunshade_large.grp"] = {
				{ -0.32887, -0.94438, -0.00000, 0.00000, 0.94438, -0.32887, 0.00000, 0.00000, -0.00000, 0.00000, 1.00000, 0.00000, -4.85000, 21.46745, 0.00000, 1.00000, ignore = { 8, 25 }, },
			},
			["era_b_sunshade_small.grp"] = {
				{ -0.26952, -0.80086, 0.00000, 0.00000, 0.80086, -0.26952, 0.00000, 0.00000, 0.00000, 0.00000, 0.84500, 0.00000, 11.60000, 8.85000, 0.00000, 1.00000, },
			},
			["random_large_tree_town.grp"] = {
				{ -0.62121, -0.27658, 0.00000, 0.00000, 0.27658, -0.62121, 0.00000, 0.00000, 0.00000, 0.00000, 0.68000, 0.00000, 12.50000, 23.59000, 0.00000, 1.00000, },
				{ -0.95106, 0.30902, 0.00000, 0.00000, -0.30902, -0.95106, 0.00000, 0.00000, 0.00000, 0.00000, 1.00000, 0.00000, 10.95000, 27.57000, 0.00000, 1.00000, },
			},
			["random_medium_tree_town.grp"] = {
				{ 0.19081, 0.98163, 0.00000, 0.00000, -0.98163, 0.19081, -0.00000, 0.00000, -0.00000, -0.00000, 1.00000, 0.00000, -14.31000, 16.61000, 0.00000, 1.00000, },
				{ -0.89781, -0.06278, 0.00000, 0.00000, 0.06278, -0.89781, -0.00000, 0.00000, 0.00000, -0.00000, 0.90000, 0.00000, -13.41000, 10.11000, 0.00000, 1.00000, },
				{ 0.15265, 0.78530, 0.00000, 0.00000, -0.78530, 0.15265, -0.00000, 0.00000, -0.00000, -0.00000, 0.80000, 0.00000, -13.26000, 23.66000, 0.00000, 1.00000, },
				{ -0.39073, -0.92050, 0.00000, 0.00000, 0.92050, -0.39073, -0.00000, 0.00000, 0.00000, 0.00000, 1.00000, 0.00000, -14.51000, 30.46000, 0.00000, 1.00000, },
				{ -0.68287, 0.40707, 0.00000, 0.00000, -0.40707, -0.68287, -0.00000, 0.00000, 0.00000, -0.00000, 0.79500, 0.00000, 7.44000, 27.66000, 0.00000, 1.00000, },
				{ 0.95981, -0.28067, 0.00000, 0.00000, 0.28067, 0.95981, -0.00000, 0.00000, -0.00000, 0.00000, 1.00000, 0.00000, -6.91000, 29.77000, 0.00000, 1.00000, },
				{ -0.89747, 0.06748, 0.00000, 0.00000, -0.06748, -0.89747, -0.00000, 0.00000, 0.00000, -0.00000, 0.90000, 0.00000, 0.54000, 30.47000, 0.00000, 1.00000, },
			},
			["random_shrub_town.grp"] = {
				{ -0.87292, -0.48786, 0.00000, 0.00000, 0.48786, -0.87292, 0.00000, 0.00000, 0.00000, 0.00000, 1.00000, 0.00000, 1.47000, 18.83000, 0.00000, 1.00000, },
				{ -0.87292, -0.48786, 0.00000, 0.00000, 0.48786, -0.87292, 0.00000, 0.00000, 0.00000, 0.00000, 1.00000, 0.00000, 4.22000, 21.38000, 0.00000, 1.00000, },
				{ -0.11840, -0.99297, 0.00000, 0.00000, 0.99297, -0.11840, 0.00000, 0.00000, 0.00000, 0.00000, 1.00000, 0.00000, 6.27000, 19.53000, 0.00000, 1.00000, },
				{ 0.41945, 0.90778, 0.00000, 0.00000, -0.90778, 0.41945, 0.00000, 0.00000, 0.00000, 0.00000, 1.00000, 0.00000, 3.91000, 19.22000, 0.00000, 1.00000, },
				{ -0.99780, 0.06627, 0.00000, 0.00000, -0.06627, -0.99780, 0.00000, 0.00000, 0.00000, 0.00000, 1.00000, 0.00000, 1.46000, 20.72000, 0.00000, 1.00000, },
				{ 0.99803, -0.06279, 0.00000, 0.00000, 0.06279, 0.99803, 0.00000, 0.00000, 0.00000, 0.00000, 1.00000, 0.00000, 14.88000, 13.74000, 0.00000, 1.00000, },
				{ 0.06279, 0.99803, 0.00000, 0.00000, -0.99803, 0.06279, 0.00000, 0.00000, 0.00000, 0.00000, 1.00000, 0.00000, 14.88000, 14.74000, 0.00000, 1.00000, },
				{ -0.99803, 0.06279, 0.00000, 0.00000, -0.06279, -0.99803, 0.00000, 0.00000, 0.00000, 0.00000, 1.00000, 0.00000, 14.88000, 15.74000, 0.00000, 1.00000, },
				{ -0.06279, -0.99803, 0.00000, 0.00000, 0.99803, -0.06279, 0.00000, 0.00000, 0.00000, 0.00000, 1.00000, 0.00000, 14.88000, 16.74000, 0.00000, 1.00000, },
				{ 0.99803, -0.06279, 0.00000, 0.00000, 0.06279, 0.99803, 0.00000, 0.00000, 0.00000, 0.00000, 1.00000, 0.00000, 14.88000, 17.74000, 0.00000, 1.00000, },
				{ 0.06279, 0.99803, 0.00000, 0.00000, -0.99803, 0.06279, 0.00000, 0.00000, 0.00000, 0.00000, 1.00000, 0.00000, 14.88000, 18.74000, 0.00000, 1.00000, },
				{ -0.99803, 0.06279, 0.00000, 0.00000, -0.06279, -0.99803, 0.00000, 0.00000, 0.00000, 0.00000, 1.00000, 0.00000, 14.88000, 19.74000, 0.00000, 1.00000, },
				{ -0.06279, -0.99803, 0.00000, 0.00000, 0.99803, -0.06279, 0.00000, 0.00000, 0.00000, 0.00000, 1.00000, 0.00000, 14.88000, 20.74000, 0.00000, 1.00000, },
				{ 0.99803, -0.06279, 0.00000, 0.00000, 0.06279, 0.99803, 0.00000, 0.00000, 0.00000, 0.00000, 1.00000, 0.00000, 14.88000, 21.74000, 0.00000, 1.00000, },
				{ 0.06279, 0.99803, 0.00000, 0.00000, -0.99803, 0.06279, 0.00000, 0.00000, 0.00000, 0.00000, 1.00000, 0.00000, 14.88000, 22.74000, 0.00000, 1.00000, },
				{ -0.99803, 0.06279, 0.00000, 0.00000, -0.06279, -0.99803, 0.00000, 0.00000, 0.00000, 0.00000, 1.00000, 0.00000, 14.88000, 23.74000, 0.00000, 1.00000, },
				{ -0.06280, -0.99803, 0.00000, 0.00000, 0.99803, -0.06280, 0.00000, 0.00000, 0.00000, 0.00000, 1.00000, 0.00000, 14.88000, 24.74000, 0.00000, 1.00000, },
				{ 0.99803, -0.06280, 0.00000, 0.00000, 0.06280, 0.99803, 0.00000, 0.00000, 0.00000, 0.00000, 1.00000, 0.00000, 14.88000, 25.74000, 0.00000, 1.00000, },
				{ 0.06280, 0.99803, 0.00000, 0.00000, -0.99803, 0.06280, 0.00000, 0.00000, 0.00000, 0.00000, 1.00000, 0.00000, 14.88000, 26.74000, 0.00000, 1.00000, },
				{ -0.99803, 0.06280, 0.00000, 0.00000, -0.06280, -0.99803, 0.00000, 0.00000, 0.00000, 0.00000, 1.00000, 0.00000, 14.88000, 27.74000, 0.00000, 1.00000, },
				{ -0.06280, -0.99803, 0.00000, 0.00000, 0.99803, -0.06280, 0.00000, 0.00000, 0.00000, 0.00000, 1.00000, 0.00000, 14.88000, 28.74000, 0.00000, 1.00000, },
				{ 0.99803, -0.06280, 0.00000, 0.00000, 0.06280, 0.99803, 0.00000, 0.00000, 0.00000, 0.00000, 1.00000, 0.00000, 14.88000, 29.74000, 0.00000, 1.00000, },
				{ 0.06280, 0.99803, 0.00000, 0.00000, -0.99803, 0.06280, 0.00000, 0.00000, 0.00000, 0.00000, 1.00000, 0.00000, 14.88000, 30.74000, 0.00000, 1.00000, },
			},
			["random_shrub_town_fence.grp"] = {
				{ 0.95429, 0.29887, 0.00000, 0.00000, -0.29887, 0.95429, -0.00000, 0.00000, -0.00000, -0.00000, 1.00000, 0.00000, 9.44429, 30.50286, 0.00000, 1.00000, },
				{ 0.68861, 0.72513, 0.00000, 0.00000, -0.72513, 0.68861, -0.00000, 0.00000, -0.00000, -0.00000, 1.00000, 0.00000, 8.41428, 28.75286, 0.00000, 1.00000, },
				{ 0.68861, 0.72513, 0.00000, 0.00000, -0.72513, 0.68861, -0.00000, 0.00000, -0.00000, -0.00000, 1.00000, 0.00000, 6.01429, 26.95286, 0.00000, 1.00000, },
				{ 0.68861, 0.72513, 0.00000, 0.00000, -0.72513, 0.68861, -0.00000, 0.00000, -0.00000, -0.00000, 1.00000, 0.00000, 10.93428, 22.99286, 0.00000, 1.00000, },
				{ -0.97014, -0.24256, -0.00000, 0.00000, 0.24256, -0.97014, -0.00000, 0.00000, -0.00000, -0.00000, 1.00000, 0.00000, 9.43429, 24.98286, 0.00000, 1.00000, },
				{ -0.20316, -0.97914, -0.00000, 0.00000, 0.97914, -0.20316, -0.00000, 0.00000, -0.00000, -0.00000, 1.00000, 0.00000, 8.91429, 26.83286, 0.00000, 1.00000, },
				{ 0.97014, 0.24256, 0.00000, 0.00000, -0.24256, 0.97014, -0.00000, 0.00000, -0.00000, -0.00000, 1.00000, 0.00000, 11.23428, 25.46286, 0.00000, 1.00000, },
				{ 0.95429, 0.29887, 0.00000, 0.00000, -0.29887, 0.95429, -0.00000, 0.00000, -0.00000, -0.00000, 1.00000, 0.00000, -14.40571, 27.85286, 0.00000, 1.00000, },
				{ 0.95429, 0.29887, 0.00000, 0.00000, -0.29887, 0.95429, -0.00000, 0.00000, -0.00000, -0.00000, 1.00000, 0.00000, -13.85571, 7.40286, 0.00000, 1.00000, },
				{ -0.96863, -0.24852, -0.00000, 0.00000, 0.24852, -0.96863, 0.00000, 0.00000, -0.00000, 0.00000, 1.00000, 0.00000, -14.30571, 23.25286, 0.00000, 1.00000, },
				{ -0.96863, -0.24852, -0.00000, 0.00000, 0.24852, -0.96863, 0.00000, 0.00000, -0.00000, 0.00000, 1.00000, 0.00000, -14.04571, 13.78286, 0.00000, 1.00000, },
				{ 0.16695, 0.98597, 0.00000, 0.00000, -0.98597, 0.16695, -0.00000, 0.00000, -0.00000, -0.00000, 1.00000, 0.00000, -12.95572, 25.95286, 0.00000, 1.00000, },
				{ 0.16695, 0.98597, 0.00000, 0.00000, -0.98597, 0.16695, -0.00000, 0.00000, -0.00000, -0.00000, 1.00000, 0.00000, -14.75571, 17.85286, 0.00000, 1.00000, },
				{ 0.16695, 0.98597, 0.00000, 0.00000, -0.98597, 0.16695, -0.00000, 0.00000, -0.00000, -0.00000, 1.00000, 0.00000, -12.30571, 18.05286, 0.00000, 1.00000, },
				{ 0.16695, 0.98597, 0.00000, 0.00000, -0.98597, 0.16695, -0.00000, 0.00000, -0.00000, -0.00000, 1.00000, 0.00000, -14.55571, 9.70286, 0.00000, 1.00000, },
				{ 0.57914, -0.81523, 0.00000, 0.00000, 0.81523, 0.57914, 0.00000, 0.00000, -0.00000, -0.00000, 1.00000, 0.00000, -13.20572, 19.50286, 0.00000, 1.00000, },
				{ 0.57914, -0.81523, 0.00000, 0.00000, 0.81523, 0.57914, 0.00000, 0.00000, -0.00000, -0.00000, 1.00000, 0.00000, -14.30571, 16.00286, 0.00000, 1.00000, },
				{ 0.24256, -0.97014, 0.00000, 0.00000, 0.97014, 0.24256, -0.00000, 0.00000, 0.00000, 0.00000, 1.00000, 0.00000, 7.43428, 30.86286, 0.00000, 1.00000, },
			},
		},
	},
}
--End Generated

function data()
	return townbuildingutil.make_building2(
		{ { -4.60, -0.10 }, { 4.60, -0.10 }, { 4.60, 9.10 }, { -4.60, 9.10 } },
		"RESIDENTIAL", 
		"B", 
		1,
		{ 4, 4 },
		generatedData,
		"construction/building/era_b/res_1_4x4_03.gtex"
	)
end
