local townbuildingutil = require "townbuildingutil"

--Model file: "building/era_b/res_3_2x3_02.mdl"

--Begin Generated
local generatedData = {
	["base"] = {
		models = {
			["building/era_b/res_3_2x3_02.mdl"] = {
				{ 1.00000, 0.00000, 0.00000, 0.00000, 0.00000, 1.00000, 0.00000, 0.00000, 0.00000, 0.00000, 1.00000, 0.00000, 0.00000, 0.00000, 0.00000, 1.00000, },
			},
		},
		curves = {
			["scaffold"] = {
				{ { 6.83484, 3.46181, 0.00000 }, { 6.83484, 3.46181, 0.00000 }, { 6.83167, 18.58183, 0.00000 }, { 6.83167, 18.58183, 0.00000 }, { 6.83167, 18.58183, 0.00000 }, { -6.82263, 18.58183, 0.00000 }, { -6.82263, 18.58183, 0.00000 }, { -6.82263, 18.58183, 0.00000 }, { -6.81946, 3.46181, 0.00000 }, { -6.81946, 3.46181, 0.00000 }, },
			},
			["shared/asphalt_01.gtex.lua;shared/dirt.gtex.lua"] = {
				{ { 8.00000, 0.00000, 0.00000 }, { 8.00000, 0.00000, 0.00000 }, { 8.00000, 23.99999, 0.00000 }, { 8.00000, 24.00000, 0.00000 }, { 8.00000, 24.00000, 0.00000 }, { -8.00000, 24.00000, 0.00000 }, { -8.00000, 24.00000, 0.00000 }, { -8.00000, 23.99999, 0.00000 }, { -8.00000, 0.00000, 0.00000 }, { -8.00000, 0.00000, 0.00000 }, { -8.00000, 0.00000, -0.00000 }, { -7.00000, 0.00000, -0.00000 }, { -7.00000, 0.00000, -0.00000 }, { -7.00000, 0.00000, -0.00000 }, { -7.00476, 18.95767, -0.00001 }, { -7.00476, 18.95767, -0.00001 }, { -7.00476, 18.95767, -0.00001 }, { 6.99719, 18.95767, -0.00001 }, { 6.99719, 18.95767, -0.00001 }, { 6.99719, 18.95767, -0.00001 }, { 7.00000, 0.00000, -0.00000 }, { 7.00000, 0.00000, 0.00000 }, },
				{ { 3.12231, 0.00000, -0.00000 }, { 3.12231, 0.00000, -0.00000 }, { 3.12231, 3.35654, -0.00001 }, { 3.12231, 3.35654, -0.00001 }, { 3.12231, 3.35654, -0.00001 }, { 6.99719, 3.35654, -0.00001 }, { 6.99719, 3.35654, -0.00001 }, { 6.99719, 3.35654, -0.00001 }, { 6.99719, 18.95767, -0.00001 }, { 6.99719, 18.95767, -0.00001 }, { 6.99719, 18.95767, -0.00001 }, { -7.00476, 18.95767, -0.00001 }, { -7.00476, 18.95767, -0.00001 }, { -7.00476, 18.95767, -0.00001 }, { -7.00476, 3.35654, -0.00001 }, { -7.00476, 3.35654, -0.00001 }, { -7.00476, 3.35654, -0.00001 }, { -3.11670, 3.35654, -0.00001 }, { -3.11670, 3.35654, -0.00001 }, { -3.11670, 3.35654, -0.00001 }, { -3.11670, 0.00000, -0.00000 }, { -3.11670, 0.00000, 0.00000 }, },
			},
			["shared/grass_cutted_01.gtex.lua"] = {
				{ { -3.11670, 0.00000, 0.00000 }, { -3.11670, 0.00000, -0.00000 }, { -3.11670, 3.35654, -0.00001 }, { -3.11670, 3.35654, -0.00001 }, { -3.11670, 3.35654, -0.00001 }, { -7.00476, 3.35654, -0.00001 }, { -7.00476, 3.35654, -0.00001 }, { -7.00476, 3.35654, -0.00001 }, { -7.00000, 0.00000, -0.00000 }, { -7.00000, 0.00000, 0.00000 }, },
				{ { 7.00000, 0.00000, 0.00000 }, { 7.00000, 0.00000, -0.00000 }, { 6.99719, 3.35654, -0.00001 }, { 6.99719, 3.35654, -0.00001 }, { 6.99719, 3.35654, -0.00001 }, { 3.12231, 3.35654, -0.00001 }, { 3.12231, 3.35654, -0.00001 }, { 3.12231, 3.35654, -0.00001 }, { 3.12231, 0.00000, -0.00000 }, { 3.12231, 0.00000, 0.00000 }, },
			},
		},
	},
	["layout_1"] = {
		models = {
			["asset/ground/garden_chair_plastic_01.mdl"] = {
				{ 0.61291, 0.79015, 0.00000, 0.00000, -0.79015, 0.61291, 0.00000, 0.00000, 0.00000, -0.00000, 1.00000, 0.00000, -0.19838, 5.00391, 24.19999, 1.00000, align = { 0.00000, 0.00000 }, ignore = { 12, 10 }, },
				{ 0.73610, -0.67688, 0.00000, 0.00000, 0.67688, 0.73610, 0.00000, 0.00000, -0.00000, -0.00000, 1.00000, 0.00000, 1.13680, 4.64251, 24.19999, 1.00000, align = { 0.00000, 0.00000 }, ignore = { 13, 10 }, },
				{ 0.97630, 0.21644, 0.00000, 0.00000, -0.21642, 0.97622, -0.01222, 0.00000, -0.00264, 0.01193, 0.99993, 0.00000, -0.42327, 5.20302, 9.19999, 1.00000, align = { 0.00000, 0.00000 }, ignore = { 14, 10 }, },
				{ 0.95630, -0.29237, 0.00000, 0.00000, 0.29235, 0.95623, -0.01222, 0.00000, 0.00357, 0.01168, 0.99993, 0.00000, 0.89673, 5.20302, 9.19999, 1.00000, align = { 0.00000, 0.00000 }, ignore = { 15, 10 }, },
				{ 0.94322, -0.33216, 0.00000, 0.00000, 0.33216, 0.94322, 0.00000, 0.00000, 0.00000, 0.00000, 1.00000, 0.00000, 1.20343, 5.12376, 15.19999, 1.00000, align = { 0.00000, 0.00000 }, ignore = { 16, 10 }, },
				{ 0.78369, -0.62115, 0.00000, 0.00000, 0.62115, 0.78369, 0.00000, 0.00000, -0.00000, -0.00000, 1.00000, 0.00000, 5.78027, 5.10510, 21.19999, 1.00000, align = { 0.00000, 0.00000 }, ignore = { 22, 10 }, },
				{ 0.72897, 0.68455, 0.00000, 0.00000, -0.68455, 0.72897, -0.00000, 0.00000, -0.00000, -0.00000, 1.00000, 0.00000, 4.49897, 5.10556, 21.19999, 1.00000, align = { 0.00000, 0.00000 }, ignore = { 23, 10 }, },
				{ -0.61291, -0.79015, 0.00000, 0.00000, 0.79015, -0.61291, 0.00000, 0.00000, -0.00000, 0.00000, 1.00000, 0.00000, 0.15088, 16.64649, 24.19999, 1.00000, align = { 0.00000, 0.00000 }, ignore = { 34, 10 }, },
				{ -0.61291, -0.79015, 0.00000, 0.00000, 0.79015, -0.61291, 0.00000, 0.00000, -0.00000, 0.00000, 1.00000, 0.00000, 4.32286, 16.80119, 9.19999, 1.00000, align = { 0.00000, 0.00000 }, ignore = { 35, 10 }, },
				{ -0.73610, 0.67688, 0.00000, 0.00000, -0.67688, -0.73610, 0.00000, 0.00000, 0.00000, 0.00000, 1.00000, 0.00000, -1.18156, 16.97625, 24.19999, 1.00000, align = { 0.00000, 0.00000 }, ignore = { 36, 10 }, },
				{ -0.97630, -0.21644, 0.00000, 0.00000, 0.21642, -0.97622, -0.01222, 0.00000, 0.00264, -0.01193, 0.99993, 0.00000, -4.81673, 16.54745, 15.19999, 1.00000, align = { 0.00000, 0.00000 }, ignore = { 37, 10 }, },
				{ -0.95630, 0.29237, -0.00000, 0.00000, -0.29235, -0.95623, -0.01222, 0.00000, -0.00357, -0.01168, 0.99993, 0.00000, -5.92285, 16.81329, 15.19999, 1.00000, align = { 0.00000, 0.00000 }, ignore = { 38, 10 }, },
				{ -0.94322, 0.33216, 0.00000, 0.00000, -0.33216, -0.94322, 0.00000, 0.00000, 0.00000, 0.00000, 1.00000, 0.00000, -0.95338, 16.88760, 18.20000, 1.00000, align = { 0.00000, 0.00000 }, ignore = { 39, 10 }, },
				{ -0.78369, 0.62115, 0.00000, 0.00000, -0.62115, -0.78369, 0.00000, 0.00000, 0.00000, 0.00000, 1.00000, 0.00000, -5.54886, 17.13669, 21.19999, 1.00000, align = { 0.00000, 0.00000 }, ignore = { 45, 10 }, },
				{ -0.72897, -0.68455, 0.00000, 0.00000, 0.68455, -0.72897, -0.00000, 0.00000, 0.00000, 0.00000, 1.00000, 0.00000, -4.26755, 17.13624, 21.19999, 1.00000, align = { 0.00000, 0.00000 }, ignore = { 46, 10 }, },
			},
			["asset/vegetation/hedge_m.mdl"] = {
				{ -0.00000, 1.00000, -0.00000, 0.00000, -1.00000, -0.00000, -0.00000, 0.00000, -0.00000, -0.00000, 1.00000, 0.00000, -5.23607, 0.75893, 0.00000, 1.00000, },
				{ -0.00000, 1.00000, -0.00000, 0.00000, -1.00000, -0.00000, -0.00000, 0.00000, -0.00000, -0.00000, 1.00000, 0.00000, 4.10393, 0.75893, 0.00000, 1.00000, },
				{ 0.00000, -1.00000, 0.00000, 0.00000, 1.00000, 0.00000, -0.00000, 0.00000, -0.00000, 0.00000, 1.00000, 0.00000, 5.97393, 0.75893, 0.00000, 1.00000, },
				{ 0.00000, -1.00000, 0.00000, 0.00000, 1.00000, 0.00000, -0.00000, 0.00000, -0.00000, 0.00000, 1.00000, 0.00000, -6.01607, 0.75893, 0.00000, 1.00000, },
				{ 0.00000, -1.00000, 0.00000, 0.00000, 1.00000, 0.00000, -0.00000, 0.00000, -0.00000, 0.00000, 1.00000, 0.00000, -4.17607, 0.74893, 0.00000, 1.00000, },
				{ -0.00000, 1.00000, -0.00000, 0.00000, -1.00000, -0.00000, -0.00000, 0.00000, -0.00000, -0.00000, 1.00000, 0.00000, 5.06393, 0.74893, 0.00000, 1.00000, },
			},
		},
		groups = {
			["era_a_garden_bench.grp"] = {
				{ 0.84471, -0.02212, 0.00000, 0.00000, 0.02212, 0.84471, 0.00000, 0.00000, 0.00000, 0.00000, 0.84500, 0.00000, -3.99855, 5.57378, 27.20000, 1.00000, align = { 0.00000, 0.00000 }, ignore = { 9, 25 }, },
				{ 0.77134, -0.34504, 0.00000, 0.00000, 0.34504, 0.77134, 0.00000, 0.00000, 0.00000, 0.00000, 0.84500, 0.00000, -4.06551, 5.20683, 9.19999, 1.00000, align = { 0.00000, 0.00000 }, ignore = { 10, 25 }, },
				{ 0.84471, -0.02212, 0.00000, 0.00000, 0.02212, 0.84471, 0.00000, 0.00000, 0.00000, 0.00000, 0.84500, 0.00000, 0.53831, 5.56127, 3.19999, 1.00000, align = { 0.00000, 0.00000 }, ignore = { 19, 25 }, },
				{ -0.84471, 0.02212, 0.00000, 0.00000, -0.02212, -0.84471, 0.00000, 0.00000, 0.00000, 0.00000, 0.84500, 0.00000, 4.22997, 16.66801, 27.20000, 1.00000, align = { 0.00000, 0.00000 }, ignore = { 31, 25 }, },
				{ -0.83777, 0.11029, 0.00000, 0.00000, -0.11029, -0.83777, 0.00000, 0.00000, 0.00000, 0.00000, 0.84500, 0.00000, 3.99531, 16.76436, 12.19999, 1.00000, align = { 0.00000, 0.00000 }, ignore = { 32, 25 }, },
				{ -0.84471, 0.02212, 0.00000, 0.00000, -0.02212, -0.84471, 0.00000, 0.00000, 0.00000, 0.00000, 0.84500, 0.00000, -0.30689, 16.68052, 3.19999, 1.00000, align = { 0.00000, 0.00000 }, ignore = { 42, 25 }, },
			},
			["era_a_garden_chair.grp"] = {
				{ -0.15299, -0.98823, 0.00000, 0.00000, 0.98823, -0.15299, -0.00000, 0.00000, 0.00000, -0.00000, 1.00000, 0.00000, 1.16518, 4.76473, 30.20000, 1.00000, align = { 0.00000, 0.00000 }, seed = 256, ignore = { 2, 10 }, },
				{ 0.69214, 0.72176, -0.00000, 0.00000, -0.72176, 0.69214, -0.00000, 0.00000, -0.00000, 0.00000, 1.00000, 0.00000, -0.44478, 4.72933, 30.20000, 1.00000, align = { 0.00000, 0.00000 }, seed = 256, ignore = { 3, 10 }, },
				{ -0.15299, -0.98823, 0.00000, 0.00000, 0.98823, -0.15299, -0.00000, 0.00000, 0.00000, -0.00000, 1.00000, 0.00000, 5.94939, 4.60845, 9.19999, 1.00000, align = { 0.00000, 0.00000 }, seed = 256, ignore = { 5, 10 }, },
				{ -0.97318, 0.23005, 0.00000, 0.00000, -0.23005, -0.97318, -0.00000, 0.00000, 0.00000, -0.00000, 1.00000, 0.00000, 4.73582, 4.21172, 9.19999, 1.00000, align = { 0.00000, 0.00000 }, seed = 256, ignore = { 6, 10 }, },
				{ 0.69214, 0.72176, -0.00000, 0.00000, -0.72176, 0.69214, -0.00000, 0.00000, -0.00000, 0.00000, 1.00000, 0.00000, 4.55420, 5.34028, 9.19999, 1.00000, align = { 0.00000, 0.00000 }, seed = 256, ignore = { 7, 10 }, },
				{ 0.15299, 0.98823, 0.00000, 0.00000, -0.98823, 0.15299, -0.00000, 0.00000, -0.00000, 0.00000, 1.00000, 0.00000, -5.58377, 17.47707, 30.20000, 1.00000, align = { 0.00000, 0.00000 }, seed = 256, ignore = { 24, 10 }, },
				{ -0.69214, -0.72176, -0.00000, 0.00000, 0.72176, -0.69214, -0.00000, 0.00000, 0.00000, -0.00000, 1.00000, 0.00000, -3.97381, 17.51247, 30.20000, 1.00000, align = { 0.00000, 0.00000 }, seed = 256, ignore = { 25, 10 }, },
				{ 0.15299, 0.98823, 0.00000, 0.00000, -0.98823, 0.15299, -0.00000, 0.00000, -0.00000, 0.00000, 1.00000, 0.00000, -5.71797, 17.63335, 9.19999, 1.00000, align = { 0.00000, 0.00000 }, seed = 256, ignore = { 27, 10 }, },
				{ 0.97318, -0.23005, 0.00000, 0.00000, 0.23005, 0.97318, -0.00000, 0.00000, -0.00000, 0.00000, 1.00000, 0.00000, -4.50441, 18.03007, 9.19999, 1.00000, align = { 0.00000, 0.00000 }, seed = 256, ignore = { 28, 10 }, },
				{ -0.69214, -0.72176, -0.00000, 0.00000, 0.72176, -0.69214, -0.00000, 0.00000, 0.00000, -0.00000, 1.00000, 0.00000, -4.32278, 16.90152, 9.19999, 1.00000, align = { 0.00000, 0.00000 }, seed = 256, ignore = { 29, 10 }, },
			},
			["era_b_sunshade_small.grp"] = {
				{ 0.53288, -0.84619, 0.00000, 0.00000, 0.84619, 0.53288, 0.00000, 0.00000, -0.00000, -0.00000, 1.00000, 0.00000, 0.34514, 4.50772, 30.17999, 1.00000, align = { 0.00000, 0.00000 }, ignore = { 11, 50 }, },
				{ -0.94832, -0.31730, 0.00000, 0.00000, 0.31730, -0.94832, 0.00000, 0.00000, 0.00000, 0.00000, 1.00000, 0.00000, 5.11836, 4.80475, 21.19999, 1.00000, align = { 0.00000, 0.00000 }, ignore = { 17, 50 }, },
				{ -0.79335, 0.60876, 0.00000, 0.00000, -0.60876, -0.79335, 0.00000, 0.00000, 0.00000, 0.00000, 1.00000, 0.00000, 0.55067, 4.39501, 9.19999, 1.00000, align = { 0.00000, 0.00000 }, ignore = { 18, 50 }, },
				{ -0.85806, -0.51354, -0.00000, 0.00000, 0.51354, -0.85806, -0.00000, 0.00000, 0.00000, -0.00000, 1.00000, 0.00000, -4.44455, 4.58855, 24.19999, 1.00000, align = { 0.00000, 0.00000 }, ignore = { 20, 50 }, },
				{ -0.85806, -0.51354, -0.00000, 0.00000, 0.51354, -0.85806, -0.00000, 0.00000, 0.00000, -0.00000, 1.00000, 0.00000, -4.41513, 4.29206, 15.19999, 1.00000, align = { 0.00000, 0.00000 }, ignore = { 21, 50 }, },
				{ -0.53288, 0.84619, -0.00000, 0.00000, -0.84619, -0.53288, 0.00000, 0.00000, 0.00000, 0.00000, 1.00000, 0.00000, -4.76372, 17.73408, 30.17999, 1.00000, align = { 0.00000, 0.00000 }, ignore = { 33, 50 }, },
				{ 0.94832, 0.31730, 0.00000, 0.00000, -0.31730, 0.94832, -0.00000, 0.00000, -0.00000, -0.00000, 1.00000, 0.00000, -4.88695, 17.43704, 21.19999, 1.00000, align = { 0.00000, 0.00000 }, ignore = { 40, 50 }, },
				{ 0.79335, -0.60876, -0.00000, 0.00000, 0.60876, 0.79335, -0.00000, 0.00000, 0.00000, -0.00000, 1.00000, 0.00000, -5.09734, 17.68217, 15.19999, 1.00000, align = { 0.00000, 0.00000 }, ignore = { 41, 50 }, },
				{ 0.85806, 0.51354, 0.00000, 0.00000, -0.51354, 0.85806, -0.00000, 0.00000, -0.00000, 0.00000, 1.00000, 0.00000, 0.05732, 17.46396, 18.19999, 1.00000, align = { 0.00000, 0.00000 }, ignore = { 43, 50 }, },
				{ 0.85806, 0.51354, 0.00000, 0.00000, -0.51354, 0.85806, -0.00000, 0.00000, -0.00000, 0.00000, 1.00000, 0.00000, 4.64654, 17.94974, 15.19999, 1.00000, align = { 0.00000, 0.00000 }, ignore = { 44, 50 }, },
			},
			["garden_table_round.grp"] = {
				{ -0.68200, -0.73135, 0.00000, 0.00000, 0.73135, -0.68200, -0.00000, 0.00000, 0.00000, -0.00000, 1.00000, 0.00000, 0.36553, 4.52938, 30.20000, 1.00000, align = { 0.00000, 0.00000 }, seed = 256, ignore = { 4, 10 }, },
				{ -0.68200, -0.73135, 0.00000, 0.00000, 0.73135, -0.68200, -0.00000, 0.00000, 0.00000, -0.00000, 1.00000, 0.00000, 5.14693, 4.65900, 9.19999, 1.00000, align = { 0.00000, 0.00000 }, seed = 256, ignore = { 8, 10 }, },
				{ 0.68200, 0.73135, 0.00000, 0.00000, -0.73135, 0.68200, -0.00000, 0.00000, -0.00000, 0.00000, 1.00000, 0.00000, -4.78411, 17.71241, 30.20000, 1.00000, align = { 0.00000, 0.00000 }, seed = 256, ignore = { 26, 10 }, },
				{ 0.68200, 0.73135, 0.00000, 0.00000, -0.73135, 0.68200, -0.00000, 0.00000, -0.00000, 0.00000, 1.00000, 0.00000, -4.91552, 17.58280, 9.19999, 1.00000, align = { 0.00000, 0.00000 }, seed = 256, ignore = { 30, 10 }, },
			},
		},
	},
}
--End Generated

function data()
	return townbuildingutil.make_building2(
		{ { -4.60, -0.10 }, { 4.60, -0.10 }, { 4.60, 9.10 }, { -4.60, 9.10 } },
		"RESIDENTIAL", 
		"B", 
		3,
		{ 2, 3 },
		generatedData,
		"construction/building/era_b/res_3_2x3_02.gtex"
	)
end
