local townbuildingutil = require "townbuildingutil"

--Model file: "building/era_b/res_3_2x2_02.mdl"

--Begin Generated
local generatedData = {
	["base"] = {
		models = {
			["building/era_b/res_3_2x2_02.mdl"] = {
				{ 1.00000, 0.00000, 0.00000, 0.00000, 0.00000, 1.00000, 0.00000, 0.00000, 0.00000, 0.00000, 1.00000, 0.00000, 0.00000, 0.00000, 0.00000, 1.00000, },
			},
		},
		curves = {
			["scaffold"] = {
				{ { 2.94543, 2.34380, 0.00000 }, { 2.94543, 2.34380, 0.00000 }, { 2.94543, 3.32193, 0.00000 }, { 2.94543, 3.32193, 0.00000 }, { 2.94543, 3.32193, 0.00000 }, { 4.74902, 3.32191, 0.00000 }, { 4.74902, 3.32191, 0.00000 }, { 4.74902, 3.32191, 0.00000 }, { 4.74902, 4.07379, 0.00000 }, { 4.74902, 4.07379, 0.00000 }, { 4.74902, 4.07379, 0.00000 }, { 5.93079, 4.07379, 0.00000 }, { 5.93079, 4.07379, 0.00000 }, { 5.93079, 4.07379, 0.00000 }, { 5.93079, 8.31282, 0.00000 }, { 5.93079, 8.31282, 0.00000 }, { 5.93079, 8.31282, 0.00000 }, { 4.74902, 8.31284, 0.00000 }, { 4.74902, 8.31284, 0.00000 }, { 4.74902, 8.31284, 0.00000 }, { 4.74902, 10.21729, 0.00000 }, { 4.74902, 10.21729, 0.00000 }, { 4.74902, 10.21729, 0.00000 }, { 5.93085, 10.21729, 0.00000 }, { 5.93085, 10.21729, 0.00000 }, { 5.93085, 10.21729, 0.00000 }, { 5.93085, 14.45630, 0.00000 }, { 5.93085, 14.45630, 0.00000 }, { 5.93085, 14.45630, 0.00000 }, { 4.74890, 14.45630, 0.00000 }, { 4.74890, 14.45630, 0.00000 }, { 4.74890, 14.45630, 0.00000 }, { 4.74890, 15.10945, 0.00000 }, { 4.74890, 15.10945, 0.00000 }, { 4.74890, 15.10945, 0.00000 }, { -1.82458, 15.10948, 0.00000 }, { -1.82458, 15.10948, 0.00000 }, { -1.82458, 15.10948, 0.00000 }, { -1.82458, 14.85083, 0.00000 }, { -1.82458, 14.85083, 0.00000 }, { -1.82458, 14.85083, 0.00000 }, { -6.00989, 14.85083, 0.00000 }, { -6.00989, 14.85083, 0.00000 }, { -6.00989, 14.85083, 0.00000 }, { -6.00989, 9.68536, 0.00000 }, { -6.00989, 9.68536, 0.00000 }, { -6.00989, 9.68536, 0.00000 }, { -6.00977, 3.32193, 0.00000 }, { -6.00977, 3.32193, 0.00000 }, { -6.00977, 3.32193, 0.00000 }, { -4.20618, 3.32191, 0.00000 }, { -4.20618, 3.32191, 0.00000 }, { -4.20618, 3.32191, 0.00000 }, { -4.20618, 2.34381, 0.00000 }, { -4.20618, 2.34381, 0.00000 }, },
			},
			["shared/asphalt_01.gtex.lua;shared/dirt.gtex.lua"] = {
				{ { 8.00000, 0.00000, 0.00000 }, { 8.00000, 0.00000, 0.00000 }, { 8.00000, 16.00000, 0.00000 }, { 8.00000, 16.00000, 0.00000 }, { 8.00000, 16.00000, 0.00000 }, { -8.00000, 16.00000, 0.00000 }, { -8.00000, 16.00000, 0.00000 }, { -8.00000, 16.00000, 0.00000 }, { -8.00000, 0.00000, 0.00000 }, { -8.00000, 0.00000, 0.00000 }, },
			},
		},
	},
	["layout_1"] = {
		models = {
			["asset/ground/garden_chair_plastic_01.mdl"] = {
				{ -0.79016, 0.61291, 0.00000, 0.00000, -0.61291, -0.79016, 0.00000, 0.00000, 0.00000, 0.00000, 1.00000, 0.00000, 4.96009, 6.17795, 24.20000, 1.00000, align = { 0.00000, 0.00000 }, ignore = { 10, 10 }, },
				{ 0.62660, 0.77934, 0.00000, 0.00000, -0.77934, 0.62660, 0.00000, 0.00000, 0.00000, -0.00000, 1.00000, 0.00000, 5.03983, 7.47699, 9.19999, 1.00000, align = { 0.00000, 0.00000 }, ignore = { 11, 10 }, },
				{ -0.82115, 0.57071, -0.00000, 0.00000, -0.57071, -0.82115, 0.00000, 0.00000, 0.00000, 0.00000, 1.00000, 0.00000, 5.03983, 5.95699, 9.19999, 1.00000, align = { 0.00000, 0.00000 }, ignore = { 12, 10 }, },
				{ 0.67688, 0.73610, 0.00000, 0.00000, -0.73610, 0.67688, 0.00000, 0.00000, 0.00000, -0.00000, 1.00000, 0.00000, 5.07318, 7.24767, 24.20000, 1.00000, align = { 0.00000, 0.00000 }, ignore = { 13, 10 }, },
				{ -0.21644, 0.97630, 0.00000, 0.00000, -0.97622, -0.21642, -0.01222, 0.00000, -0.01193, -0.00264, 0.99993, 0.00000, 5.06674, 6.56361, 15.19999, 1.00000, align = { 0.00000, 0.00000 }, ignore = { 14, 10 }, },
				{ -0.54171, 0.84057, -0.00000, 0.00000, -0.84050, -0.54167, -0.01222, 0.00000, -0.01027, -0.00662, 0.99993, 0.00000, 5.16913, 12.23869, 12.19999, 1.00000, align = { 0.00000, 0.00000 }, ignore = { 15, 10 }, },
				{ -0.69214, 0.72176, -0.00000, 0.00000, -0.72176, -0.69214, 0.00000, 0.00000, -0.00000, 0.00000, 1.00000, 0.00000, 5.10993, 6.13335, 18.19999, 1.00000, align = { 0.00000, 0.00000 }, ignore = { 16, 10 }, },
				{ 0.62115, 0.78369, 0.00000, 0.00000, -0.78369, 0.62115, 0.00000, 0.00000, 0.00000, -0.00000, 1.00000, 0.00000, 4.96366, 13.37957, 15.19999, 1.00000, align = { 0.00000, 0.00000 }, ignore = { 21, 10 }, },
				{ -0.68455, 0.72897, 0.00000, 0.00000, -0.72897, -0.68455, -0.00000, 0.00000, -0.00000, -0.00000, 1.00000, 0.00000, 4.96019, 12.18915, 15.19999, 1.00000, align = { 0.00000, 0.00000 }, ignore = { 22, 10 }, },
			},
		},
		groups = {
			["era_a_garden_bench.grp"] = {
				{ 0.11029, 0.83777, 0.00000, 0.00000, -0.83777, 0.11029, -0.00000, 0.00000, -0.00000, -0.00000, 0.84500, 0.00000, 5.00535, 6.90614, 3.19999, 1.00000, align = { 0.00000, 0.00000 }, ignore = { 8, 25 }, },
			},
			["era_a_garden_chair.grp"] = {
				{ 0.96316, 0.26892, -0.00000, 0.00000, -0.26892, 0.96316, -0.00000, 0.00000, -0.00000, 0.00000, 1.00000, 0.00000, 5.17100, 13.60894, 21.20000, 1.00000, align = { 0.00000, 0.00000 }, seed = 256, ignore = { 2, 10 }, },
				{ -0.72176, 0.69214, -0.00000, 0.00000, -0.69214, -0.72176, -0.00000, 0.00000, -0.00000, -0.00000, 1.00000, 0.00000, 4.97027, 12.13110, 21.20000, 1.00000, align = { 0.00000, 0.00000 }, seed = 256, ignore = { 3, 10 }, },
				{ 0.90631, 0.42262, -0.00000, 0.00000, -0.42262, 0.90631, -0.00000, 0.00000, -0.00000, 0.00000, 1.00000, 0.00000, 5.17157, 13.65441, 6.19999, 1.00000, align = { 0.00000, 0.00000 }, seed = 256, ignore = { 5, 10 }, },
				{ -0.72176, 0.69214, -0.00000, 0.00000, -0.69214, -0.72176, -0.00000, 0.00000, -0.00000, -0.00000, 1.00000, 0.00000, 5.13770, 12.09724, 6.19999, 1.00000, align = { 0.00000, 0.00000 }, seed = 256, ignore = { 6, 10 }, },
			},
			["era_b_garden_chair.grp"] = {
				{ -0.99970, -0.02443, -0.00000, 0.00000, 0.02443, -0.99970, 0.00000, 0.00000, -0.00000, 0.00000, 1.00000, 0.00000, -3.10677, 11.75531, 18.20000, 1.00000, align = { 0.00000, 0.00000 }, seed = 256, ignore = { 23, 25 }, },
				{ 0.96593, 0.25882, 0.00000, 0.00000, -0.25882, 0.96593, 0.00000, 0.00000, 0.00000, 0.00000, 1.00000, 0.00000, -4.22677, 13.33531, 18.20000, 1.00000, align = { 0.00000, 0.00000 }, seed = 256, ignore = { 24, 25 }, },
				{ 0.96316, -0.26892, 0.00000, 0.00000, 0.26892, 0.96316, 0.00000, 0.00000, 0.00000, 0.00000, 1.00000, 0.00000, -3.04677, 13.21531, 18.20000, 1.00000, align = { 0.00000, 0.00000 }, seed = 256, ignore = { 25, 25 }, },
				{ -0.99970, -0.02443, -0.00000, 0.00000, 0.02443, -0.99970, 0.00000, 0.00000, -0.00000, 0.00000, 1.00000, 0.00000, -4.12677, 11.63531, 18.20000, 1.00000, align = { 0.00000, 0.00000 }, seed = 256, ignore = { 26, 25 }, },
			},
			["era_b_garden_table.grp"] = {
				{ 1.00000, 0.00000, 0.00000, 0.00000, 0.00000, 1.00000, 0.00000, 0.00000, 0.00000, 0.00000, 1.00000, 0.00000, -3.57677, 12.44028, 18.20000, 1.00000, align = { 0.00000, 0.00000 }, seed = 256, },
			},
			["era_b_sunshade_large.grp"] = {
				{ 0.35837, 0.93358, 0.00000, 0.00000, -0.93358, 0.35837, 0.00000, 0.00000, 0.00000, 0.00000, 1.00000, 0.00000, -3.57677, 12.44028, 18.20000, 1.00000, align = { 0.00000, 0.00000 }, },
			},
			["era_b_sunshade_small.grp"] = {
				{ -0.41310, -0.91068, 0.00000, 0.00000, 0.91068, -0.41310, 0.00000, 0.00000, -0.00000, 0.00000, 1.00000, 0.00000, 5.31324, 12.77602, 21.20000, 1.00000, align = { 0.00000, 0.00000 }, ignore = { 9, 50 }, },
				{ 0.31730, -0.94832, 0.00000, 0.00000, 0.94832, 0.31730, -0.00000, 0.00000, -0.00000, 0.00000, 1.00000, 0.00000, 4.99426, 12.88333, 15.19999, 1.00000, align = { 0.00000, 0.00000 }, ignore = { 17, 50 }, },
				{ -0.60876, -0.79335, 0.00000, 0.00000, 0.79335, -0.60876, 0.00000, 0.00000, 0.00000, 0.00000, 1.00000, 0.00000, 5.21563, 12.98962, 12.19999, 1.00000, align = { 0.00000, 0.00000 }, ignore = { 18, 50 }, },
				{ 0.51354, -0.85806, -0.00000, 0.00000, 0.85806, 0.51354, -0.00000, 0.00000, 0.00000, 0.00000, 1.00000, 0.00000, 5.12131, 6.72241, 18.20000, 1.00000, align = { 0.00000, 0.00000 }, ignore = { 19, 50 }, },
				{ 0.51354, -0.85806, -0.00000, 0.00000, 0.85806, 0.51354, -0.00000, 0.00000, 0.00000, 0.00000, 1.00000, 0.00000, 5.00274, 6.56301, 9.19999, 1.00000, align = { 0.00000, 0.00000 }, ignore = { 20, 50 }, },
			},
			["garden_table_round.grp"] = {
				{ 0.73135, -0.68200, 0.00000, 0.00000, 0.68200, 0.73135, -0.00000, 0.00000, 0.00000, 0.00000, 1.00000, 0.00000, 5.29166, 12.76258, 21.20000, 1.00000, align = { 0.00000, 0.00000 }, seed = 256, ignore = { 4, 10 }, },
				{ 0.73135, -0.68200, 0.00000, 0.00000, 0.68200, 0.73135, -0.00000, 0.00000, 0.00000, 0.00000, 1.00000, 0.00000, 5.22492, 12.84229, 6.19999, 1.00000, align = { 0.00000, 0.00000 }, seed = 256, ignore = { 7, 10 }, },
			},
		},
	},
}
--End Generated

function data()
	return townbuildingutil.make_building2(
		{ { -4.60, -0.10 }, { 4.60, -0.10 }, { 4.60, 9.10 }, { -4.60, 9.10 } },
		"RESIDENTIAL", 
		"B", 
		3,
		{ 2, 2 },
		generatedData,
		"construction/building/era_b/res_3_2x2_02.gtex"
	)
end
