local townbuildingutil = require "townbuildingutil"

--Model file: "building/era_b/res_2_4x4_03.mdl"

--Begin Generated
local generatedData = {
	["base"] = {
		models = {
			["building/era_b/res_2_4x4_03.mdl"] = {
				{ 1.00000, 0.00000, 0.00000, 0.00000, 0.00000, 1.00000, 0.00000, 0.00000, 0.00000, 0.00000, 1.00000, 0.00000, 0.00000, -2.30000, 0.00000, 1.00000, },
			},
		},
		curves = {
			["scaffold"] = {
				{ { 10.32489, 5.05210, 0.00000 }, { 10.32489, 5.05210, 0.00000 }, { 10.32489, 6.22738, 0.00000 }, { 10.32489, 6.22738, 0.00000 }, { 10.32489, 6.22738, 0.00000 }, { 11.83264, 6.22739, 0.00000 }, { 11.83264, 6.22739, 0.00000 }, { 11.83264, 6.22739, 0.00000 }, { 11.83264, 18.73774, 0.00000 }, { 11.83264, 18.73774, 0.00000 }, { 11.83264, 18.73774, 0.00000 }, { 6.96753, 18.73774, 0.00000 }, { 6.96753, 18.73774, 0.00000 }, { 6.96753, 18.73774, 0.00000 }, { 6.96753, 23.70938, 0.00000 }, { 6.96753, 23.70938, 0.00000 }, { 6.96753, 23.70938, 0.00000 }, { -9.09906, 23.70940, 0.00000 }, { -9.09906, 23.70940, 0.00000 }, { -9.09906, 23.70940, 0.00000 }, { -9.06873, 16.11279, 0.00000 }, { -9.06873, 16.11279, 0.00000 }, { -9.06873, 16.11279, 0.00000 }, { -13.13977, 16.11279, 0.00000 }, { -13.13977, 16.11279, 0.00000 }, { -13.13977, 16.11279, 0.00000 }, { -13.13977, 6.22738, 0.00000 }, { -13.13977, 6.22738, 0.00000 }, { -13.13977, 6.22738, 0.00000 }, { -11.59357, 6.22738, 0.00000 }, { -11.59357, 6.22738, 0.00000 }, { -11.59357, 6.22738, 0.00000 }, { -11.59357, 5.05210, 0.00000 }, { -11.59357, 5.05210, 0.00000 }, { -11.59357, 5.05210, 0.00000 }, { -9.54047, 5.05210, 0.00000 }, { -9.54047, 5.05210, 0.00000 }, { -9.54047, 5.05210, 0.00000 }, { -9.54047, 6.22738, 0.00000 }, { -9.54047, 6.22738, 0.00000 }, { -9.54047, 6.22738, 0.00000 }, { -5.69476, 6.22738, 0.00000 }, { -5.69476, 6.22738, 0.00000 }, { -5.69476, 6.22738, 0.00000 }, { -5.69476, 5.05210, 0.00000 }, { -5.69476, 5.05210, 0.00000 }, { -5.69476, 5.05210, 0.00000 }, { -3.64752, 5.05210, 0.00000 }, { -3.64752, 5.05210, 0.00000 }, { -3.64752, 5.05210, 0.00000 }, { -3.64752, 6.22738, 0.00000 }, { -3.64752, 6.22738, 0.00000 }, { -3.64752, 6.22738, 0.00000 }, { 2.60260, 6.22738, 0.00000 }, { 2.60260, 6.22738, 0.00000 }, { 2.60260, 6.22738, 0.00000 }, { 2.60260, 5.05210, 0.00000 }, { 2.60260, 5.05210, 0.00000 }, { 2.60260, 5.05210, 0.00000 }, { 4.64984, 5.05210, 0.00000 }, { 4.64984, 5.05210, 0.00000 }, { 4.64984, 5.05210, 0.00000 }, { 4.64984, 6.22738, 0.00000 }, { 4.64984, 6.22738, 0.00000 }, { 4.64984, 6.22738, 0.00000 }, { 8.27179, 6.22738, 0.00000 }, { 8.27179, 6.22738, 0.00000 }, { 8.27179, 6.22738, 0.00000 }, { 8.27179, 5.05210, 0.00000 }, { 8.27179, 5.05210, 0.00000 }, },
			},
			["shared/asphalt_01.gtex.lua;shared/dirt.gtex.lua"] = {
				{ { 4.00000, 0.00000, 0.00000 }, { 4.00000, 0.00000, 0.00000 }, { 4.00000, 1.00000, 0.00000 }, { 4.00000, 1.00000, 0.00000 }, { 4.00000, 1.00000, 0.00000 }, { -4.00000, 1.00000, 0.00000 }, { -4.00000, 1.00000, 0.00000 }, { -4.00000, 1.00000, 0.00000 }, { -4.00000, 0.00000, 0.00000 }, { -4.00000, 0.00000, 0.00000 }, },
				{ { 16.00000, 0.00000, 0.00000 }, { 16.00000, 0.00000, 0.00000 }, { 16.00000, 19.41409, 0.00000 }, { 16.00000, 19.41409, 0.00000 }, { 16.00000, 19.41409, -0.00000 }, { 7.64392, 19.41409, -0.00003 }, { 7.64392, 19.41409, -0.00003 }, { 7.64392, 19.41409, -0.00003 }, { 7.64392, 24.38573, -0.00002 }, { 7.64392, 24.38573, -0.00002 }, { 7.64392, 24.38573, -0.00002 }, { -9.77533, 24.38574, -0.00000 }, { -9.77533, 24.38574, -0.00000 }, { -9.77533, 24.38574, -0.00000 }, { -9.77533, 16.78909, -0.00000 }, { -9.77533, 16.78909, -0.00000 }, { -9.77533, 16.78909, -0.00000 }, { -16.00000, 16.78909, 0.00000 }, { -16.00000, 16.78909, 0.00000 }, { -16.00000, 16.78909, 0.00000 }, { -16.00000, 0.00000, 0.00000 }, { -16.00000, 0.00000, 0.00000 }, { -16.00000, 0.00000, 0.00000 }, { -4.00000, 0.00000, 0.00000 }, { -4.00000, 0.00000, 0.00000 }, { -4.00000, 0.00000, 0.00000 }, { -4.00000, 4.00000, 0.00000 }, { -4.00000, 4.00000, 0.00000 }, { -4.00000, 4.00000, 0.00000 }, { 4.00000, 4.00000, 0.00000 }, { 4.00000, 4.00000, 0.00000 }, { 4.00000, 4.00000, 0.00000 }, { 4.00000, 0.00000, 0.00000 }, { 4.00000, 0.00000, 0.00000 }, },
			},
			["shared/grass_cutted_01.gtex.lua"] = {
				{ { 16.00000, 19.41409, 0.00000 }, { 16.00000, 19.41409, 0.00000 }, { 16.00000, 32.00000, 0.00000 }, { 16.00000, 32.00000, 0.00000 }, { 15.99999, 32.00000, 0.00000 }, { -15.99999, 32.00000, 0.00000 }, { -16.00000, 32.00000, 0.00000 }, { -16.00000, 32.00000, 0.00000 }, { -16.00000, 16.78909, 0.00000 }, { -16.00000, 16.78909, 0.00000 }, { -16.00000, 16.78909, 0.00000 }, { -13.81610, 16.78909, 0.00000 }, { -13.81610, 16.78909, 0.00000 }, { -13.81610, 16.78909, 0.00000 }, { -13.81610, 19.00000, 0.00000 }, { -13.81610, 19.00000, 0.00000 }, { -13.81610, 19.00000, 0.00000 }, { -12.00000, 19.00000, 0.00000 }, { -12.00000, 19.00000, 0.00000 }, { -12.00000, 19.00000, 0.00000 }, { -12.00000, 27.00000, 0.00000 }, { -12.00000, 27.00000, 0.00000 }, { -11.99999, 27.00000, 0.00000 }, { 9.79998, 27.00000, 0.00000 }, { 9.79999, 27.00000, 0.00000 }, { 9.79999, 27.00000, 0.00000 }, { 9.79999, 21.70000, 0.00000 }, { 9.79999, 21.70000, 0.00000 }, { 9.79999, 21.70000, -0.00000 }, { 12.50909, 21.70000, -0.00000 }, { 12.50909, 21.70000, -0.00000 }, { 12.50909, 21.70000, -0.00000 }, { 12.50909, 19.41409, -0.00004 }, { 12.50909, 19.41409, -0.00004 }, },
			},
			["shared/gravel_02.gtex.lua"] = {
				{ { 12.50909, 19.41409, -0.00004 }, { 12.50909, 19.41409, -0.00004 }, { 12.50909, 21.70000, -0.00000 }, { 12.50909, 21.70000, 0.00000 }, { 12.50909, 21.70000, 0.00000 }, { 9.79999, 21.70000, 0.00000 }, { 9.79999, 21.70000, 0.00000 }, { 9.79999, 21.70000, 0.00000 }, { 9.79999, 27.00000, 0.00000 }, { 9.79999, 27.00000, 0.00000 }, { 9.79999, 27.00000, 0.00000 }, { -12.00000, 27.00000, 0.00000 }, { -12.00000, 27.00000, 0.00000 }, { -12.00000, 27.00000, 0.00000 }, { -12.00000, 19.00000, 0.00000 }, { -12.00000, 19.00000, 0.00000 }, { -12.00000, 19.00000, 0.00000 }, { -13.81610, 19.00000, 0.00000 }, { -13.81610, 19.00000, 0.00000 }, { -13.81610, 19.00000, 0.00000 }, { -13.81610, 16.78909, 0.00000 }, { -13.81610, 16.78909, 0.00000 }, },
			},
		},
	},
	["layout_1"] = {
		models = {
			["asset/ground/container_wood.mdl"] = {
				{ -0.00000, 1.00000, 0.00000, 0.00000, -1.00000, -0.00000, 0.00000, 0.00000, 0.00000, 0.00000, 1.00000, 0.00000, 7.50000, 21.05000, 0.00000, 1.00000, ignore = { 2, 50 }, },
			},
			["asset/ground/garden_chair_plastic_01.mdl"] = {
				{ 0.87121, 0.49090, 0.00000, 0.00000, -0.49090, 0.87121, 0.00000, 0.00000, 0.00000, 0.00000, 1.00000, 0.00000, -5.19414, 6.07567, 6.18557, 1.00000, align = { 0.00000, -2.30000 }, },
				{ 0.56497, -0.82511, 0.00000, 0.00000, 0.82511, 0.56497, 0.00000, 0.00000, 0.00000, 0.00000, 1.00000, 0.00000, 4.10623, 6.12627, 3.18557, 1.00000, align = { 0.00000, -2.30000 }, },
			},
			["asset/vegetation/hedge_m.mdl"] = {
				{ 0.00000, -1.00000, 0.00000, 0.00000, 1.00000, 0.00000, -0.00000, 0.00000, -0.00000, 0.00000, 1.00000, 0.00000, -14.90607, 15.23893, -0.20000, 1.00000, },
				{ 0.00000, -1.00000, 0.00000, 0.00000, 1.00000, 0.00000, -0.00000, 0.00000, -0.00000, 0.00000, 1.00000, 0.00000, -13.90607, 15.23893, -0.20000, 1.00000, },
				{ -0.00000, 1.00000, -0.00000, 0.00000, -1.00000, -0.00000, -0.00000, 0.00000, -0.00000, -0.00000, 1.00000, 0.00000, 13.91393, 17.95893, -0.20000, 1.00000, },
				{ -0.00000, 1.00000, -0.00000, 0.00000, -1.00000, -0.00000, -0.00000, 0.00000, -0.00000, -0.00000, 1.00000, 0.00000, 12.59393, 17.95893, -0.20000, 1.00000, },
				{ 1.00000, 0.00000, 0.00000, 0.00000, 0.00000, 1.00000, -0.00000, 0.00000, 0.00000, 0.00000, 1.00000, 0.00000, 15.28393, 19.77893, -0.20000, 1.00000, },
				{ 1.00000, 0.00000, 0.00000, 0.00000, 0.00000, 1.00000, -0.00000, 0.00000, 0.00000, 0.00000, 1.00000, 0.00000, -15.36607, 17.18893, -0.20000, 1.00000, },
				{ 0.00000, 1.00000, 0.00000, 0.00000, -1.00000, 0.00000, 0.00000, 0.00000, -0.00000, -0.00000, 1.00000, 0.00000, 14.85393, 17.95893, -0.20000, 1.00000, },
				{ 1.00000, -0.00000, 0.00000, 0.00000, 0.00000, 1.00000, -0.00000, 0.00000, -0.00000, 0.00000, 1.00000, 0.00000, 15.28393, 18.63893, -0.20000, 1.00000, },
				{ 1.00000, -0.00000, 0.00000, 0.00000, 0.00000, 1.00000, -0.00000, 0.00000, -0.00000, 0.00000, 1.00000, 0.00000, -15.36607, 16.04893, -0.20000, 1.00000, },
			},
		},
		groups = {
			["era_a_garden_bench.grp"] = {
				{ -0.00000, -1.00000, -0.00000, 0.00000, 1.00000, -0.00000, 0.00000, 0.00000, -0.00000, 0.00000, 1.00000, 0.00000, -4.69000, 2.51000, 0.00000, 1.00000, seed = 256, },
				{ -1.00000, 0.00000, -0.00000, 0.00000, -0.00000, -1.00000, 0.00000, 0.00000, -0.00000, 0.00000, 1.00000, 0.00000, -11.33000, 17.29000, 0.00000, 1.00000, seed = 256, },
				{ -0.00000, 1.00000, -0.00000, 0.00000, -1.00000, -0.00000, 0.00000, 0.00000, -0.00000, 0.00000, 1.00000, 0.00000, 4.66001, 2.51000, 0.00000, 1.00000, seed = 256, },
			},
			["era_a_garden_chair.grp"] = {
				{ 0.79864, 0.60181, 0.00000, 0.00000, -0.60181, 0.79864, 0.00000, 0.00000, 0.00000, 0.00000, 1.00000, 0.00000, 3.25200, 6.17693, 9.18557, 1.00000, align = { 0.00000, -2.30000 }, ignore = { 9, 25 }, },
				{ 0.93358, -0.35837, 0.00000, 0.00000, 0.35837, 0.93358, 0.00000, 0.00000, -0.00000, -0.00000, 1.00000, 0.00000, -10.12173, 5.99195, 9.18557, 1.00000, align = { 0.00000, -2.30000 }, ignore = { 10, 25 }, },
				{ 1.00000, 0.00000, 0.00000, 0.00000, 0.00000, 1.00000, 0.00000, 0.00000, 0.00000, 0.00000, 1.00000, 0.00000, 8.78531, 5.97508, 12.18557, 1.00000, align = { 0.00000, -2.30000 }, ignore = { 11, 25 }, },
			},
			["era_a_garden_ladder.grp"] = {
				{ 0.43366, 0.90108, 0.00000, 0.00000, -0.90108, 0.43366, 0.00000, 0.00000, 0.00000, 0.00000, 1.00000, 0.00000, -12.51000, 28.08000, 0.00000, 1.00000, ignore = { 3, 25 }, },
			},
			["era_b_sunshade_small.grp"] = {
				{ 0.40966, -0.73905, 0.00000, 0.00000, 0.73905, 0.40966, 0.00000, 0.00000, 0.00000, 0.00000, 0.84500, 0.00000, 9.56093, 5.43210, 12.18557, 1.00000, align = { 0.00000, -2.30000 }, ignore = { 5, 80 }, },
				{ -0.56102, -0.63189, -0.00000, 0.00000, 0.63189, -0.56102, 0.00000, 0.00000, -0.00000, 0.00000, 0.84500, 0.00000, 9.12231, 5.52209, 6.18557, 1.00000, align = { 0.00000, -2.30000 }, ignore = { 6, 80 }, },
				{ -0.36378, 0.76268, -0.00000, 0.00000, -0.76268, -0.36378, 0.00000, 0.00000, -0.00000, 0.00000, 0.84500, 0.00000, -5.07168, 5.34582, 9.18557, 1.00000, align = { 0.00000, -2.30000 }, ignore = { 7, 80 }, },
				{ -0.84360, 0.04864, -0.00000, 0.00000, -0.04864, -0.84360, 0.00000, 0.00000, -0.00000, 0.00000, 0.84500, 0.00000, -10.83015, 5.44903, 3.18557, 1.00000, align = { 0.00000, -2.30000 }, ignore = { 8, 80 }, },
			},
			["garden_table_round.grp"] = {
				{ 1.00000, 0.00000, 0.00000, 0.00000, 0.00000, 1.00000, 0.00000, 0.00000, 0.00000, 0.00000, 1.00000, 0.00000, 3.18140, 5.90139, 3.18557, 1.00000, align = { 0.00000, -2.30000 }, ignore = { 4, 50 }, },
			},
			["random_large_tree_town.grp"] = {
				{ 0.61500, -0.00000, 0.00000, 0.00000, 0.00000, 0.61500, 0.00000, 0.00000, 0.00000, 0.00000, 0.61500, 0.00000, -8.30000, 28.04000, 0.00000, 1.00000, },
				{ -0.95106, 0.30902, 0.00000, 0.00000, -0.30902, -0.95106, 0.00000, 0.00000, 0.00000, 0.00000, 1.00000, 0.00000, -11.75000, 30.47000, 0.00000, 1.00000, },
				{ 0.69001, -0.40483, 0.00000, 0.00000, 0.40483, 0.69001, 0.00000, 0.00000, 0.00000, 0.00000, 0.80000, 0.00000, -2.10000, 30.47000, 0.00000, 1.00000, },
			},
			["random_medium_tree_town.grp"] = {
				{ 0.58508, 0.54560, 0.00000, 0.00000, -0.54560, 0.58508, -0.00000, 0.00000, -0.00000, -0.00000, 0.80000, 0.00000, 12.69000, 24.71000, 0.00000, 1.00000, },
				{ -0.99144, 0.13053, 0.00000, 0.00000, -0.13053, -0.99144, -0.00000, 0.00000, 0.00000, -0.00000, 1.00000, 0.00000, 14.24000, 29.81000, 0.00000, 1.00000, },
				{ 0.50754, 0.86163, 0.00000, 0.00000, -0.86163, 0.50754, -0.00000, 0.00000, -0.00000, -0.00000, 1.00000, 0.00000, 3.69000, 28.61000, 0.00000, 1.00000, },
				{ -0.69246, 0.57489, 0.00000, 0.00000, -0.57489, -0.69246, -0.00000, 0.00000, 0.00000, -0.00000, 0.90000, 0.00000, 8.14000, 30.11000, 0.00000, 1.00000, },
				{ 0.47538, 0.44330, 0.00000, 0.00000, -0.44330, 0.47538, -0.00000, 0.00000, -0.00000, -0.00000, 0.65000, 0.00000, -7.36000, 30.26000, 0.00000, 1.00000, },
			},
			["random_shrub_town.grp"] = {
				{ 0.99588, 0.09063, 0.00000, 0.00000, -0.09063, 0.99588, 0.00000, 0.00000, 0.00000, 0.00000, 1.00000, 0.00000, -1.03000, 2.38000, 0.00000, 1.00000, },
				{ -0.11840, -0.99297, 0.00000, 0.00000, 0.99297, -0.11840, 0.00000, 0.00000, 0.00000, 0.00000, 1.00000, 0.00000, 2.72000, 2.53000, 0.00000, 1.00000, },
				{ 0.27899, -0.96029, 0.00000, 0.00000, 0.96029, 0.27899, 0.00000, 0.00000, 0.00000, 0.00000, 1.00000, 0.00000, 0.96000, 2.47000, 0.00000, 1.00000, },
				{ -0.69214, -0.72176, 0.00000, 0.00000, 0.72176, -0.69214, 0.00000, 0.00000, 0.00000, 0.00000, 1.00000, 0.00000, -2.64000, 2.47000, 0.00000, 1.00000, },
			},
		},
	},
}
--End Generated

function data()
	return townbuildingutil.make_building2(
		{ { -4.60, -0.10 }, { 4.60, -0.10 }, { 4.60, 9.10 }, { -4.60, 9.10 } },
		"RESIDENTIAL", 
		"B", 
		2,
		{ 4, 4 },
		generatedData,
		"construction/building/era_b/res_2_4x4_03.gtex"
	)
end
