local townbuildingutil = require "townbuildingutil"

--Model file: "building/era_b/res_1_3x3_01.mdl"

--Begin Generated
local generatedData = {
	["base"] = {
		models = {
			["building/era_b/res_1_3x3_01.mdl"] = {
				{ 1.00000, 0.00000, 0.00000, 0.00000, 0.00000, 1.00000, 0.00000, 0.00000, 0.00000, 0.00000, 1.00000, 0.00000, 0.00000, 0.00000, 0.00000, 1.00000, },
			},
		},
		curves = {
			["scaffold"] = {
				{ { 2.55424, 2.08410, 0.00000 }, { 2.55424, 2.08410, 0.00000 }, { 2.55424, 4.14687, 0.00000 }, { 2.55424, 4.14687, 0.00000 }, { 2.55424, 4.14687, 0.00000 }, { 5.48256, 4.14687, 0.00000 }, { 5.48256, 4.14687, 0.00000 }, { 5.48256, 4.14687, 0.00000 }, { 5.48256, 12.68236, 0.00000 }, { 5.48256, 12.68236, 0.00000 }, { 5.48256, 12.68236, 0.00000 }, { -5.73010, 12.68912, 0.00000 }, { -5.73010, 12.68912, 0.00000 }, { -5.73010, 12.68912, 0.00000 }, { -5.73010, 5.42529, 0.00000 }, { -5.73010, 5.42529, 0.00000 }, { -5.73010, 5.42529, 0.00000 }, { -1.68085, 5.42529, 0.00000 }, { -1.68085, 5.42529, 0.00000 }, { -1.68085, 5.42529, 0.00000 }, { -1.68085, 4.13952, 0.00000 }, { -1.68085, 4.13952, 0.00000 }, { -1.68085, 4.13952, 0.00000 }, { 1.15425, 4.13952, 0.00000 }, { 1.15425, 4.13952, 0.00000 }, { 1.15425, 4.13952, 0.00000 }, { 1.15425, 2.08410, 0.00000 }, { 1.15425, 2.08410, 0.00000 }, },
			},
			["shared/asphalt_01.gtex.lua;shared/dirt.gtex.lua"] = {
				{ { 6.10596, -0.00000, -0.00001 }, { 6.10596, 0.00000, -0.00001 }, { 6.10596, 13.30630, -0.00001 }, { 6.10596, 13.30630, -0.00001 }, { 6.10596, 13.30630, -0.00001 }, { -6.33014, 13.30630, 0.00001 }, { -6.33014, 13.30630, 0.00001 }, { -6.33014, 13.30630, 0.00001 }, { -6.33014, 4.80815, 0.00001 }, { -6.33014, 4.80814, 0.00001 }, { -6.33014, 4.80814, 0.00001 }, { -2.39795, 4.80814, -0.00001 }, { -2.39795, 4.80814, -0.00001 }, { -2.39795, 4.80814, -0.00001 }, { -2.39795, -0.00000, -0.00001 }, { -2.39795, -0.00000, -0.00001 }, },
			},
			["shared/grass_cutted_01.gtex.lua"] = {
				{ { 12.00000, 2.00000, 0.00000 }, { 12.00000, 2.00000, 0.00000 }, { 12.00000, 23.99999, 0.00000 }, { 12.00000, 24.00000, 0.00000 }, { 12.00000, 24.00000, 0.00000 }, { -12.00000, 24.00000, 0.00000 }, { -12.00000, 24.00000, 0.00000 }, { -12.00000, 23.99999, 0.00000 }, { -12.00000, 2.00000, 0.00000 }, { -12.00000, 2.00000, 0.00000 }, { -12.00000, 2.00000, 0.00000 }, { -2.39795, 2.00000, 0.00000 }, { -2.39795, 2.00000, 0.00000 }, { -2.39795, 2.00000, -0.00000 }, { -2.39795, 4.80814, -0.00001 }, { -2.39795, 4.80814, -0.00001 }, { -2.39795, 4.80814, -0.00001 }, { -10.00000, 4.80814, 0.00001 }, { -10.00000, 4.80814, 0.00001 }, { -10.00000, 4.80815, 0.00001 }, { -10.00000, 13.30630, 0.00001 }, { -10.00000, 13.30630, 0.00001 }, { -10.00000, 13.30630, 0.00001 }, { -0.00000, 13.30630, 0.00000 }, { 0.00000, 13.30630, 0.00000 }, { 0.00000, 13.30630, 0.00000 }, { 0.00000, 20.00000, 0.00000 }, { 0.00000, 20.00000, 0.00000 }, { 0.00000, 20.00000, 0.00000 }, { 8.00000, 20.00000, 0.00000 }, { 8.00000, 20.00000, 0.00000 }, { 8.00000, 20.00000, 0.00000 }, { 8.00000, 2.00000, 0.00000 }, { 8.00000, 2.00000, 0.00000 }, },
			},
			["shared/gravel_02.gtex.lua"] = {
				{ { -2.39795, -0.00000, -0.00001 }, { -2.39795, -0.00000, -0.00001 }, { -2.39795, 2.00000, -0.00000 }, { -2.39795, 2.00000, 0.00000 }, { -2.39795, 2.00000, 0.00000 }, { -12.00000, 2.00000, 0.00000 }, { -12.00000, 2.00000, 0.00000 }, { -12.00000, 2.00000, 0.00000 }, { -12.00000, 0.00000, 0.00000 }, { -12.00000, 0.00000, 0.00000 }, },
				{ { 12.00000, 0.00000, 0.00000 }, { 12.00000, 0.00000, 0.00000 }, { 12.00000, 2.00000, 0.00000 }, { 12.00000, 2.00000, 0.00000 }, { 12.00000, 2.00000, 0.00000 }, { 6.10596, 2.00000, 0.00000 }, { 6.10596, 2.00000, 0.00000 }, { 6.10596, 2.00000, -0.00000 }, { 6.10596, 0.00000, -0.00001 }, { 6.10596, 0.00000, -0.00001 }, },
				{ { -6.33014, 13.30630, 0.00001 }, { -6.33014, 13.30630, 0.00001 }, { -10.00000, 13.30630, 0.00001 }, { -10.00000, 13.30630, 0.00001 }, { -10.00000, 13.30630, 0.00001 }, { -10.00000, 4.80815, 0.00001 }, { -10.00000, 4.80814, 0.00001 }, { -10.00000, 4.80814, 0.00001 }, { -6.33014, 4.80814, 0.00001 }, { -6.33014, 4.80814, 0.00001 }, },
				{ { 6.10596, 2.00000, 0.00000 }, { 6.10596, 2.00000, 0.00000 }, { 8.00000, 2.00000, 0.00000 }, { 8.00000, 2.00000, 0.00000 }, { 8.00000, 2.00000, 0.00000 }, { 8.00000, 20.00000, 0.00000 }, { 8.00000, 20.00000, 0.00000 }, { 8.00000, 20.00000, 0.00000 }, { 0.00000, 20.00000, 0.00000 }, { 0.00000, 20.00000, 0.00000 }, { 0.00000, 20.00000, 0.00000 }, { 0.00000, 13.30630, 0.00000 }, { 0.00000, 13.30630, 0.00000 }, { 0.00000, 13.30630, -0.00000 }, { 6.10596, 13.30630, -0.00001 }, { 6.10596, 13.30630, -0.00001 }, },
			},
		},
	},
	["layout_1"] = {
		models = {
			["asset/ground/container_wood.mdl"] = {
				{ -0.00000, 1.00000, 0.00000, 0.00000, -1.00000, -0.00000, 0.00000, 0.00000, 0.00000, 0.00000, 1.00000, 0.00000, 5.85000, 6.30000, 0.00000, 1.00000, },
			},
			["asset/ground/garden_chair_plastic_01.mdl"] = {
				{ -0.82511, 0.56497, -0.00000, 0.00000, -0.56497, -0.82511, -0.00000, 0.00000, -0.00000, 0.00000, 1.00000, 0.00000, 4.77000, 15.41000, -0.00000, 1.00000, ignore = { 9, 10 }, },
				{ -0.04362, 0.99905, 0.00000, 0.00000, -0.99905, -0.04362, -0.00000, 0.00000, -0.00000, -0.00000, 1.00000, 0.00000, 4.16000, 16.28000, -0.00000, 1.00000, ignore = { 10, 25 }, },
				{ 0.91914, 0.39394, 0.00000, 0.00000, -0.39394, 0.91914, -0.00000, 0.00000, -0.00000, 0.00000, 1.00000, 0.00000, 4.77000, 17.32000, -0.00000, 1.00000, ignore = { 11, 25 }, },
				{ 0.91914, -0.39394, 0.00000, 0.00000, 0.39394, 0.91914, 0.00000, 0.00000, -0.00000, 0.00000, 1.00000, 0.00000, 5.81000, 17.33000, 0.00000, 1.00000, ignore = { 12, 50 }, },
				{ -0.13572, -0.99075, 0.00000, 0.00000, 0.99075, -0.13572, 0.00000, 0.00000, -0.00000, 0.00000, 1.00000, 0.00000, 6.37000, 16.28000, 0.00000, 1.00000, ignore = { 13, 10 }, },
				{ -0.73610, -0.67688, -0.00000, 0.00000, 0.67688, -0.73610, 0.00000, 0.00000, -0.00000, 0.00000, 1.00000, 0.00000, 5.93000, 15.39000, 0.00000, 1.00000, ignore = { 14, 25 }, },
			},
			["asset/ground/garden_table_wood_02.mdl"] = {
				{ 1.00000, 0.00000, 0.00000, 0.00000, 0.00000, 1.00000, -0.00000, 0.00000, -0.00000, 0.00000, 1.00000, 0.00000, 5.30000, 16.31745, 0.00000, 1.00000, },
			},
		},
		groups = {
			["era_a_garden_bench.grp"] = {
				{ 0.00000, -1.00000, 0.00000, 0.00000, 1.00000, 0.00000, 0.00000, 0.00000, -0.00000, -0.00000, 1.00000, 0.00000, -5.69000, 6.99000, 0.00000, 1.00000, ignore = { 15, 25 }, },
			},
			["era_a_garden_chair.grp"] = {
				{ -0.39875, 0.91706, -0.00000, 0.00000, -0.91706, -0.39875, 0.00000, 0.00000, 0.00000, 0.00000, 1.00000, 0.00000, -8.91254, 9.34850, 0.00000, 1.00000, seed = 768, ignore = { 3, 10 }, },
				{ 0.96902, 0.24700, -0.00000, 0.00000, -0.24700, 0.96902, 0.00000, 0.00000, 0.00000, -0.00000, 1.00000, 0.00000, -8.29685, 10.57697, 0.00000, 1.00000, seed = 768, ignore = { 4, 25 }, },
				{ 0.29904, -0.95424, -0.00000, 0.00000, 0.95424, 0.29904, -0.00000, 0.00000, 0.00000, 0.00000, 1.00000, 0.00000, -7.39720, 9.98737, -0.00000, 1.00000, seed = 768, ignore = { 5, 5 }, },
				{ -0.96410, -0.26556, 0.00000, 0.00000, 0.26556, -0.96410, 0.00000, 0.00000, 0.00000, 0.00000, 1.00000, 0.00000, -7.81579, 9.03522, -0.00000, 1.00000, seed = 768, ignore = { 6, 25 }, },
			},
			["era_a_garden_ladder.grp"] = {
				{ 0.64546, 0.76380, 0.00000, 0.00000, -0.76380, 0.64546, 0.00000, 0.00000, 0.00000, 0.00000, 1.00000, 0.00000, 9.16000, 6.53000, 0.00000, 1.00000, ignore = { 8, 25 }, },
			},
			["era_b_garden_swing.grp"] = {
				{ 0.99985, -0.01745, 0.00000, 0.00000, 0.01745, 0.99985, 0.00000, 0.00000, 0.00000, 0.00000, 1.00000, 0.00000, 1.45000, 18.98000, 0.00000, 1.00000, ignore = { 7, 25 }, },
			},
			["era_b_sunshade_large.grp"] = {
				{ -0.32887, -0.94438, -0.00000, 0.00000, 0.94438, -0.32887, 0.00000, 0.00000, -0.00000, 0.00000, 1.00000, 0.00000, 5.30000, 16.31745, 0.00000, 1.00000, },
			},
			["era_b_sunshade_small.grp"] = {
				{ 0.88377, -0.46793, 0.00000, 0.00000, 0.46793, 0.88377, 0.00000, 0.00000, -0.00000, -0.00000, 1.00000, 0.00000, -8.15000, 9.76000, 0.00000, 1.00000, ignore = { 2, 25 }, },
			},
			["garden_table_round.grp"] = {
				{ -0.16505, 0.98629, -0.00000, 0.00000, -0.98629, -0.16505, 0.00000, 0.00000, 0.00000, 0.00000, 1.00000, 0.00000, -8.15000, 9.76000, 0.00000, 1.00000, seed = 768, },
			},
			["random_large_tree_town.grp"] = {
				{ 0.49242, -0.87036, 0.00000, 0.00000, 0.87036, 0.49242, 0.00000, 0.00000, 0.00000, 0.00000, 1.00000, 0.00000, -8.40000, 21.00000, 0.00000, 1.00000, },
			},
			["random_medium_tree_town.grp"] = {
				{ -0.06817, -0.99767, 0.00000, 0.00000, 0.99767, -0.06817, 0.00000, 0.00000, 0.00000, 0.00000, 1.00000, 0.00000, 11.01319, 21.00000, 0.00000, 1.00000, },
				{ 0.95530, -0.29565, 0.00000, 0.00000, 0.29565, 0.95530, 0.00000, 0.00000, 0.00000, 0.00000, 1.00000, 0.00000, 10.30919, 13.55000, 0.00000, 1.00000, },
				{ 0.79608, 0.60520, 0.00000, 0.00000, -0.60520, 0.79608, 0.00000, 0.00000, 0.00000, 0.00000, 1.00000, 0.00000, 10.37066, 7.90000, 0.00000, 1.00000, },
				{ -0.03492, 0.76906, 0.00000, 0.00000, -0.76906, -0.03492, -0.00000, 0.00000, -0.00000, -0.00000, 0.76985, 0.00000, -7.40000, 17.00000, 0.00000, 1.00000, },
				{ 0.76938, -0.02687, 0.00000, 0.00000, 0.02687, 0.76938, -0.00000, 0.00000, -0.00000, 0.00000, 0.76985, 0.00000, -3.45000, 18.30000, 0.00000, 1.00000, },
			},
			["random_shrub_town.grp"] = {
				{ 1.00000, 0.00000, 0.00000, 0.00000, 0.00000, 1.00000, 0.00000, 0.00000, 0.00000, 0.00000, 1.00000, 0.00000, -5.35000, 22.67000, 0.00000, 1.00000, },
				{ -0.24531, 0.96945, 0.00000, 0.00000, -0.96945, -0.24531, 0.00000, 0.00000, 0.00000, 0.00000, 1.00000, 0.00000, -7.59000, 22.67000, 0.00000, 1.00000, },
				{ -0.80902, -0.58779, 0.00000, 0.00000, 0.58779, -0.80902, 0.00000, 0.00000, 0.00000, 0.00000, 1.00000, 0.00000, -9.77000, 22.67000, 0.00000, 1.00000, },
				{ 1.00000, 0.00000, 0.00000, 0.00000, 0.00000, 1.00000, 0.00000, 0.00000, 0.00000, 0.00000, 1.00000, 0.00000, 2.00000, 22.67000, 0.00000, 1.00000, },
				{ -0.15643, -0.98769, 0.00000, 0.00000, 0.98769, -0.15643, 0.00000, 0.00000, 0.00000, 0.00000, 1.00000, 0.00000, -1.45000, 22.55000, 0.00000, 1.00000, },
				{ 0.89415, -0.44776, 0.00000, 0.00000, 0.44776, 0.89415, 0.00000, 0.00000, 0.00000, 0.00000, 1.00000, 0.00000, -1.70000, 15.00000, 0.00000, 1.00000, },
				{ -0.18395, -0.98294, 0.00000, 0.00000, 0.98294, -0.18395, 0.00000, 0.00000, 0.00000, 0.00000, 1.00000, 0.00000, -1.70000, 16.60000, 0.00000, 1.00000, },
				{ -0.47562, 0.87965, 0.00000, 0.00000, -0.87965, -0.47562, 0.00000, 0.00000, 0.00000, 0.00000, 1.00000, 0.00000, -3.40000, 15.55000, 0.00000, 1.00000, },
				{ -0.15643, -0.98769, 0.00000, 0.00000, 0.98769, -0.15643, 0.00000, 0.00000, 0.00000, 0.00000, 1.00000, 0.00000, 6.65000, 22.55000, 0.00000, 1.00000, },
				{ -0.93849, -0.34530, 0.00000, 0.00000, 0.34530, -0.93849, 0.00000, 0.00000, 0.00000, 0.00000, 1.00000, 0.00000, -3.30000, 22.50000, 0.00000, 1.00000, },
				{ -0.93849, -0.34530, 0.00000, 0.00000, 0.34530, -0.93849, 0.00000, 0.00000, 0.00000, 0.00000, 1.00000, 0.00000, 4.65000, 22.50000, 0.00000, 1.00000, },
				{ -0.99951, -0.03141, 0.00000, 0.00000, 0.03141, -0.99951, 0.00000, 0.00000, 0.00000, 0.00000, 1.00000, 0.00000, 0.60000, 22.37000, 0.00000, 1.00000, },
			},
			["random_shrub_town_fence.grp"] = {
				{ -0.29887, 0.95429, 0.00000, 0.00000, -0.95429, -0.29887, 0.00000, 0.00000, 0.00000, 0.00000, 1.00000, 0.00000, -2.74000, 23.02000, 0.00000, 1.00000, },
				{ 0.97914, -0.20316, 0.00000, 0.00000, 0.20316, 0.97914, -0.00000, 0.00000, 0.00000, 0.00000, 1.00000, 0.00000, -4.44000, 23.06000, 0.00000, 1.00000, },
				{ 0.24256, -0.97014, 0.00000, 0.00000, 0.97014, 0.24256, -0.00000, 0.00000, 0.00000, 0.00000, 1.00000, 0.00000, 0.25000, 22.96000, 0.00000, 1.00000, },
				{ -0.72513, 0.68861, 0.00000, 0.00000, -0.68861, -0.72513, 0.00000, 0.00000, 0.00000, 0.00000, 1.00000, 0.00000, -1.24000, 23.09000, 0.00000, 1.00000, },
				{ 0.97014, 0.24256, 0.00000, 0.00000, -0.24256, 0.97014, -0.00000, 0.00000, -0.00000, 0.00000, 1.00000, 0.00000, 1.25000, 22.96000, 0.00000, 1.00000, },
				{ -0.24256, 0.97014, -0.00000, 0.00000, -0.97014, -0.24256, 0.00000, 0.00000, -0.00000, 0.00000, 1.00000, 0.00000, 2.25000, 22.96000, 0.00000, 1.00000, },
				{ 0.97014, 0.24256, 0.00000, 0.00000, -0.24256, 0.97014, -0.00000, 0.00000, -0.00000, -0.00000, 1.00000, 0.00000, -11.00000, 10.91000, 0.00000, 1.00000, },
				{ 0.97014, 0.24256, 0.00000, 0.00000, -0.24256, 0.97014, -0.00000, 0.00000, -0.00000, -0.00000, 1.00000, 0.00000, -11.00000, 19.56000, 0.00000, 1.00000, },
				{ -0.97014, -0.24256, -0.00000, 0.00000, 0.24256, -0.97014, 0.00000, 0.00000, -0.00000, 0.00000, 1.00000, 0.00000, 3.25000, 22.96000, 0.00000, 1.00000, },
				{ -0.24256, 0.97014, -0.00000, 0.00000, -0.97014, -0.24256, 0.00000, 0.00000, -0.00000, 0.00000, 1.00000, 0.00000, -11.20000, 9.21000, 0.00000, 1.00000, },
				{ -0.24256, 0.97014, -0.00000, 0.00000, -0.97014, -0.24256, 0.00000, 0.00000, -0.00000, 0.00000, 1.00000, 0.00000, -11.20000, 17.86000, 0.00000, 1.00000, },
				{ -0.24256, 0.97014, -0.00000, 0.00000, -0.97014, -0.24256, 0.00000, 0.00000, -0.00000, 0.00000, 1.00000, 0.00000, -11.20000, 23.32000, 0.00000, 1.00000, },
				{ 0.24256, -0.97014, 0.00000, 0.00000, 0.97014, 0.24256, -0.00000, 0.00000, 0.00000, 0.00000, 1.00000, 0.00000, 4.25000, 22.96000, 0.00000, 1.00000, },
				{ -0.97014, -0.24256, -0.00000, 0.00000, 0.24256, -0.97014, -0.00000, 0.00000, -0.00000, -0.00000, 1.00000, 0.00000, -11.20000, 8.21000, 0.00000, 1.00000, },
				{ -0.97014, -0.24256, -0.00000, 0.00000, 0.24256, -0.97014, -0.00000, 0.00000, -0.00000, -0.00000, 1.00000, 0.00000, -11.20000, 16.86000, 0.00000, 1.00000, },
				{ -0.97014, -0.24256, -0.00000, 0.00000, 0.24256, -0.97014, -0.00000, 0.00000, -0.00000, -0.00000, 1.00000, 0.00000, -11.20000, 22.32000, 0.00000, 1.00000, },
				{ 0.97014, 0.24256, 0.00000, 0.00000, -0.24256, 0.97014, -0.00000, 0.00000, -0.00000, 0.00000, 1.00000, 0.00000, 5.25000, 22.96000, 0.00000, 1.00000, },
				{ 0.24256, -0.97014, 0.00000, 0.00000, 0.97014, 0.24256, -0.00000, 0.00000, 0.00000, 0.00000, 1.00000, 0.00000, -11.20000, 7.21000, 0.00000, 1.00000, },
				{ 0.24256, -0.97014, 0.00000, 0.00000, 0.97014, 0.24256, -0.00000, 0.00000, 0.00000, 0.00000, 1.00000, 0.00000, -11.20000, 15.34000, 0.00000, 1.00000, },
				{ 0.24256, -0.97014, 0.00000, 0.00000, 0.97014, 0.24256, -0.00000, 0.00000, 0.00000, 0.00000, 1.00000, 0.00000, -11.20000, 20.80000, 0.00000, 1.00000, },
				{ -0.97014, -0.24256, -0.00000, 0.00000, 0.24256, -0.97014, -0.00000, 0.00000, -0.00000, -0.00000, 1.00000, 0.00000, -5.70000, 2.90000, 0.00000, 1.00000, },
				{ -0.24256, 0.97014, -0.00000, 0.00000, -0.97014, -0.24256, 0.00000, 0.00000, -0.00000, 0.00000, 1.00000, 0.00000, 6.25000, 22.96000, 0.00000, 1.00000, },
				{ 0.97014, 0.24256, 0.00000, 0.00000, -0.24256, 0.97014, -0.00000, 0.00000, -0.00000, -0.00000, 1.00000, 0.00000, -11.20000, 6.21000, 0.00000, 1.00000, },
				{ 0.24256, -0.97014, 0.00000, 0.00000, 0.97014, 0.24256, -0.00000, 0.00000, -0.00000, 0.00000, 1.00000, 0.00000, -7.35000, 2.90000, 0.00000, 1.00000, },
				{ 0.24256, -0.97014, 0.00000, 0.00000, 0.97014, 0.24256, -0.00000, 0.00000, -0.00000, 0.00000, 1.00000, 0.00000, 11.10000, 2.90000, 0.00000, 1.00000, },
				{ -0.97014, -0.24256, -0.00000, 0.00000, 0.24256, -0.97014, 0.00000, 0.00000, -0.00000, 0.00000, 1.00000, 0.00000, 7.25000, 22.96000, 0.00000, 1.00000, },
				{ -0.24256, 0.97014, -0.00000, 0.00000, -0.97014, -0.24256, 0.00000, 0.00000, -0.00000, 0.00000, 1.00000, 0.00000, -11.20000, 5.21000, 0.00000, 1.00000, },
				{ -0.24256, 0.97014, -0.00000, 0.00000, -0.97014, -0.24256, 0.00000, 0.00000, -0.00000, 0.00000, 1.00000, 0.00000, -11.20000, 13.86000, 0.00000, 1.00000, },
				{ 0.97014, 0.24256, 0.00000, 0.00000, -0.24256, 0.97014, -0.00000, 0.00000, -0.00000, -0.00000, 1.00000, 0.00000, -8.35000, 2.90000, 0.00000, 1.00000, },
				{ 0.97014, 0.24256, 0.00000, 0.00000, -0.24256, 0.97014, -0.00000, 0.00000, -0.00000, -0.00000, 1.00000, 0.00000, 10.10000, 2.90000, 0.00000, 1.00000, },
				{ -0.97014, -0.24256, -0.00000, 0.00000, 0.24256, -0.97014, -0.00000, 0.00000, -0.00000, -0.00000, 1.00000, 0.00000, -11.20000, 4.21000, 0.00000, 1.00000, },
				{ -0.97014, -0.24256, -0.00000, 0.00000, 0.24256, -0.97014, -0.00000, 0.00000, -0.00000, -0.00000, 1.00000, 0.00000, -11.20000, 12.86000, 0.00000, 1.00000, },
				{ -0.24256, 0.97014, -0.00000, 0.00000, -0.97014, -0.24256, -0.00000, 0.00000, -0.00000, -0.00000, 1.00000, 0.00000, -9.35000, 2.90000, 0.00000, 1.00000, },
				{ -0.24256, 0.97014, -0.00000, 0.00000, -0.97014, -0.24256, -0.00000, 0.00000, -0.00000, -0.00000, 1.00000, 0.00000, 9.10000, 2.90000, 0.00000, 1.00000, },
				{ 0.24256, -0.97014, 0.00000, 0.00000, 0.97014, 0.24256, -0.00000, 0.00000, 0.00000, 0.00000, 1.00000, 0.00000, -3.30000, 2.86000, 0.00000, 1.00000, },
				{ -0.97014, -0.24256, -0.00000, 0.00000, 0.24256, -0.97014, -0.00000, 0.00000, -0.00000, -0.00000, 1.00000, 0.00000, -10.35000, 2.90000, 0.00000, 1.00000, },
				{ -0.97014, -0.24256, -0.00000, 0.00000, 0.24256, -0.97014, -0.00000, 0.00000, -0.00000, -0.00000, 1.00000, 0.00000, 8.10000, 2.90000, 0.00000, 1.00000, },
				{ 0.50245, 0.86460, 0.00000, 0.00000, -0.86460, 0.50245, -0.00000, 0.00000, -0.00000, -0.00000, 1.00000, 0.00000, -4.62000, 2.83000, 0.00000, 1.00000, },
				{ 0.24256, -0.97014, 0.00000, 0.00000, 0.97014, 0.24256, -0.00000, 0.00000, -0.00000, 0.00000, 1.00000, 0.00000, -11.35000, 2.90000, 0.00000, 1.00000, },
				{ 0.24256, -0.97014, 0.00000, 0.00000, 0.97014, 0.24256, -0.00000, 0.00000, -0.00000, 0.00000, 1.00000, 0.00000, 6.75000, 2.90000, 0.00000, 1.00000, },
			},
		},
	},
}
--End Generated

function data()
	return townbuildingutil.make_building2(
		{ { -4.60, -0.10 }, { 4.60, -0.10 }, { 4.60, 9.10 }, { -4.60, 9.10 } },
		"RESIDENTIAL", 
		"B", 
		1,
		{ 3, 3 },
		generatedData,
		"construction/building/era_b/res_1_3x3_01.gtex"
	)
end
