local townbuildingutil = require "townbuildingutil"

--Model file: "building/era_b/res_1_3x4_04.mdl"

--Begin Generated
local generatedData = {
	["base"] = {
		models = {
			["building/era_b/res_1_3x4_04.mdl"] = {
				{ 1.00000, 0.00000, 0.00000, 0.00000, 0.00000, 1.00000, 0.00000, 0.00000, 0.00000, 0.00000, 1.00000, 0.00000, 0.00000, -3.10000, 0.00000, 1.00000, },
			},
		},
		curves = {
			["scaffold"] = {
				{ { 3.26862, 5.47370, 0.00000 }, { 3.26862, 5.47370, 0.00000 }, { 3.26862, 5.86972, 0.00000 }, { 3.26862, 5.86972, 0.00000 }, { 3.26862, 5.86972, 0.00000 }, { 6.44507, 5.86949, 0.00000 }, { 6.44507, 5.86949, 0.00000 }, { 6.44507, 5.86949, 0.00000 }, { 6.44519, 15.53393, 0.00000 }, { 6.44519, 15.53393, 0.00000 }, { 6.44519, 15.53393, 0.00000 }, { -5.58203, 15.53394, 0.00000 }, { -5.58203, 15.53394, 0.00000 }, { -5.58203, 15.53394, 0.00000 }, { -5.58215, 5.86972, 0.00000 }, { -5.58215, 5.86972, 0.00000 }, { -5.58215, 5.86972, 0.00000 }, { 1.66864, 5.86972, 0.00000 }, { 1.66864, 5.86972, 0.00000 }, { 1.66864, 5.86972, 0.00000 }, { 1.66864, 5.47371, 0.00000 }, { 1.66864, 5.47371, 0.00000 }, },
			},
			["shared/asphalt_01.gtex.lua;shared/dirt.gtex.lua"] = {
				{ { 7.02246, 0.00000, 0.00000 }, { 7.02246, 0.00000, 0.00000 }, { 7.02246, 5.24229, 0.00000 }, { 7.02246, 5.24229, 0.00000 }, { 7.02246, 5.24230, 0.00000 }, { 7.04498, 16.16113, 0.00000 }, { 7.04498, 16.16114, 0.00000 }, { 7.04498, 16.16114, 0.00000 }, { -6.18216, 16.16114, 0.00000 }, { -6.18216, 16.16114, 0.00000 }, { -6.18216, 16.16113, 0.00000 }, { -6.18222, 5.24230, 0.00000 }, { -6.18222, 5.24229, 0.00000 }, { -6.18222, 5.24229, 0.00000 }, { -1.00000, 5.24229, 0.00000 }, { -1.00000, 5.24229, 0.00000 }, { -1.00000, 5.24229, 0.00000 }, { -1.00000, 0.00000, 0.00000 }, { -1.00000, 0.00000, 0.00000 }, },
			},
			["shared/grass_cutted_01.gtex.lua"] = {
				{ { -1.00000, 24.72499, 0.00000 }, { -1.00000, 24.72499, 0.00000 }, { -1.00000, 26.00000, 0.00000 }, { -1.00000, 26.00000, 0.00000 }, { -1.00000, 26.00000, 0.00000 }, { 0.00000, 32.00000, 0.00000 }, { 0.00000, 32.00000, 0.00000 }, { 0.00000, 32.00000, 0.00000 }, { -12.00000, 32.00000, 0.00000 }, { -12.00000, 32.00000, 0.00000 }, { -12.00000, 32.00000, 0.00000 }, { -12.00000, 22.00000, 0.00000 }, { -12.00000, 22.00000, 0.00000 }, { -12.00000, 22.00000, 0.00000 }, { -8.94998, 21.92500, 0.00000 }, { -8.94998, 21.92500, 0.00000 }, { -8.94998, 21.92500, 0.00000 }, { -8.79999, 24.27500, 0.00000 }, { -8.79999, 24.27500, 0.00000 }, { -8.79999, 24.27500, 0.00000 }, { -7.64999, 25.47498, 0.00000 }, { -7.64999, 25.47498, 0.00000 }, { -7.64999, 25.47498, 0.00000 }, { -5.29999, 25.62498, 0.00000 }, { -5.29999, 25.62498, 0.00000 }, { -5.29999, 25.62498, 0.00000 }, { -2.39999, 24.82499, 0.00000 }, { -2.39999, 24.82499, 0.00000 }, },
				{ { -1.00000, 0.00000, 0.00000 }, { -1.00000, 0.00000, 0.00000 }, { -1.00000, 2.00000, 0.00000 }, { -1.00000, 2.00000, 0.00000 }, { -1.00000, 2.00000, 0.00000 }, { -8.00000, 2.00000, 0.00000 }, { -8.00000, 2.00000, 0.00000 }, { -8.00000, 2.00000, 0.00000 }, { -8.00000, 18.00000, 0.00000 }, { -8.00000, 18.00000, 0.00000 }, { -8.00000, 18.00000, 0.00000 }, { -1.00000, 18.00000, 0.00000 }, { -1.00000, 18.00000, 0.00000 }, { -1.00000, 18.00000, 0.00000 }, { -1.00000, 22.97499, 0.00000 }, { -1.00000, 22.97499, 0.00000 }, { -1.00000, 22.97499, 0.00000 }, { -2.39999, 23.07499, 0.00000 }, { -2.39999, 23.07499, 0.00000 }, { -2.39999, 23.07499, 0.00000 }, { -5.14999, 22.87498, 0.00000 }, { -5.14999, 22.87498, 0.00000 }, { -5.14999, 22.87498, 0.00000 }, { -5.50000, 21.27501, 0.00000 }, { -5.50000, 21.27501, 0.00000 }, { -5.50000, 21.27501, 0.00000 }, { -7.59998, 21.22499, 0.00000 }, { -7.59998, 21.22499, 0.00000 }, { -7.59998, 21.22499, 0.00000 }, { -8.94998, 21.92500, 0.00000 }, { -8.94998, 21.92500, 0.00000 }, { -8.94998, 21.92500, 0.00000 }, { -12.00000, 22.00000, 0.00000 }, { -12.00000, 22.00000, 0.00000 }, { -12.00000, 21.99999, 0.00000 }, { -12.00000, 0.00000, 0.00000 }, { -12.00000, 0.00000, 0.00000 }, },
				{ { 12.00000, 0.00000, 0.00000 }, { 12.00000, 0.00001, 0.00000 }, { 12.00000, 31.99999, 0.00000 }, { 12.00000, 32.00000, 0.00000 }, { 12.00000, 32.00000, 0.00000 }, { 0.00000, 32.00000, 0.00000 }, { 0.00000, 32.00000, 0.00000 }, { 0.00000, 32.00000, 0.00000 }, { -1.00000, 26.00000, 0.00000 }, { -1.00000, 26.00000, 0.00000 }, { -1.00000, 26.00000, 0.00000 }, { 7.02246, 26.00000, 0.00000 }, { 7.02246, 26.00000, 0.00000 }, { 7.02246, 25.99999, 0.00000 }, { 7.02246, 0.00000, 0.00000 }, { 7.02246, 0.00000, 0.00000 }, },
			},
			["shared/gravel_02.gtex.lua"] = {
				{ { -1.00000, 24.72499, 0.00000 }, { -1.00000, 24.72499, 0.00000 }, { -2.39999, 24.82499, 0.00000 }, { -2.39999, 24.82499, 0.00000 }, { -2.39999, 24.82499, 0.00000 }, { -5.29999, 25.62498, 0.00000 }, { -5.29999, 25.62498, 0.00000 }, { -5.29999, 25.62498, 0.00000 }, { -7.64999, 25.47498, 0.00000 }, { -7.64999, 25.47498, 0.00000 }, { -7.64999, 25.47498, 0.00000 }, { -8.79999, 24.27500, 0.00000 }, { -8.79999, 24.27500, 0.00000 }, { -8.79999, 24.27500, 0.00000 }, { -8.94998, 21.92500, 0.00000 }, { -8.94998, 21.92500, 0.00000 }, { -8.94998, 21.92500, 0.00000 }, { -7.59998, 21.22499, 0.00000 }, { -7.59998, 21.22499, 0.00000 }, { -7.59998, 21.22499, 0.00000 }, { -5.50000, 21.27501, 0.00000 }, { -5.50000, 21.27501, 0.00000 }, { -5.50000, 21.27501, 0.00000 }, { -5.14999, 22.87498, 0.00000 }, { -5.14999, 22.87498, 0.00000 }, { -5.14999, 22.87498, 0.00000 }, { -2.39999, 23.07499, 0.00000 }, { -2.39999, 23.07499, 0.00000 }, { -2.39999, 23.07499, 0.00000 }, { -1.00000, 22.97499, 0.00000 }, { -1.00000, 22.97499, 0.00000 }, },
				{ { -1.00000, 2.00000, 0.00000 }, { -1.00000, 2.00000, 0.00000 }, { -1.00000, 5.24229, 0.00000 }, { -1.00000, 5.24229, 0.00000 }, { -1.00000, 5.24229, 0.00000 }, { -6.18222, 5.24230, 0.00000 }, { -6.18222, 5.24230, 0.00000 }, { -6.18222, 5.24230, 0.00000 }, { -6.18216, 16.16113, 0.00000 }, { -6.18216, 16.16113, 0.00000 }, { -6.18216, 16.16113, 0.00000 }, { 7.04495, 16.16113, 0.00000 }, { 7.04495, 16.16113, 0.00000 }, { 7.04495, 16.16114, 0.00000 }, { 7.02246, 26.00000, 0.00000 }, { 7.02246, 26.00000, 0.00000 }, { 7.02246, 26.00000, 0.00000 }, { -1.00000, 26.00000, 0.00000 }, { -1.00000, 26.00000, 0.00000 }, { -1.00000, 26.00000, 0.00000 }, { -1.00000, 18.00000, 0.00000 }, { -1.00000, 18.00000, 0.00000 }, { -1.00000, 18.00000, 0.00000 }, { -8.00000, 18.00000, 0.00000 }, { -8.00000, 18.00000, 0.00000 }, { -8.00000, 18.00000, 0.00000 }, { -8.00000, 2.00000, 0.00000 }, { -8.00000, 2.00000, 0.00000 }, },
			},
		},
	},
	["layout_1"] = {
		models = {
			["asset/ground/container_wood.mdl"] = {
				{ 0.13572, 0.99075, 0.00000, 0.00000, -0.99075, 0.13572, 0.00000, 0.00000, 0.00000, 0.00000, 1.00000, 0.00000, -7.15000, 23.40000, 0.00000, 1.00000, ignore = { 17, 50 }, },
			},
			["asset/ground/garden_chair_plastic_01.mdl"] = {
				{ -0.82511, 0.56497, -0.00000, 0.00000, -0.56497, -0.82511, -0.00000, 0.00000, -0.00000, 0.00000, 1.00000, 0.00000, 2.02000, 19.89255, -0.00000, 1.00000, ignore = { 9, 10 }, },
				{ -0.04362, 0.99905, 0.00000, 0.00000, -0.99905, -0.04362, -0.00000, 0.00000, -0.00000, -0.00000, 1.00000, 0.00000, 1.41000, 20.76255, -0.00000, 1.00000, ignore = { 10, 25 }, },
				{ 0.91914, 0.39394, 0.00000, 0.00000, -0.39394, 0.91914, -0.00000, 0.00000, -0.00000, 0.00000, 1.00000, 0.00000, 2.02000, 21.80255, -0.00000, 1.00000, ignore = { 11, 25 }, },
				{ 0.91914, -0.39394, 0.00000, 0.00000, 0.39394, 0.91914, 0.00000, 0.00000, -0.00000, 0.00000, 1.00000, 0.00000, 3.06000, 21.81255, 0.00000, 1.00000, ignore = { 12, 50 }, },
				{ -0.13572, -0.99075, 0.00000, 0.00000, 0.99075, -0.13572, 0.00000, 0.00000, -0.00000, 0.00000, 1.00000, 0.00000, 3.62000, 20.76255, 0.00000, 1.00000, ignore = { 13, 10 }, },
				{ -0.73610, -0.67688, -0.00000, 0.00000, 0.67688, -0.73610, 0.00000, 0.00000, -0.00000, 0.00000, 1.00000, 0.00000, 3.18000, 19.87255, 0.00000, 1.00000, ignore = { 14, 25 }, },
			},
			["asset/ground/garden_table_wood_02.mdl"] = {
				{ 1.00000, 0.00000, 0.00000, 0.00000, 0.00000, 1.00000, -0.00000, 0.00000, -0.00000, 0.00000, 1.00000, 0.00000, 2.55000, 20.80000, 0.00000, 1.00000, },
			},
			["asset/vegetation/hedge_m.mdl"] = {
				{ -1.00000, -0.00000, -0.00000, 0.00000, 0.00000, -1.00000, -0.00000, 0.00000, -0.00000, -0.00000, 1.00000, 0.00000, 11.47643, 0.99143, -0.20000, 1.00000, },
				{ -1.00000, -0.00000, -0.00000, 0.00000, 0.00000, -1.00000, -0.00000, 0.00000, -0.00000, -0.00000, 1.00000, 0.00000, 11.47643, 6.78143, -0.20000, 1.00000, },
				{ -1.00000, -0.00000, -0.00000, 0.00000, 0.00000, -1.00000, -0.00000, 0.00000, -0.00000, -0.00000, 1.00000, 0.00000, 11.47643, 12.62143, -0.20000, 1.00000, },
				{ -1.00000, -0.00000, -0.00000, 0.00000, 0.00000, -1.00000, -0.00000, 0.00000, -0.00000, -0.00000, 1.00000, 0.00000, 11.47643, 4.63143, -0.20000, 1.00000, },
				{ -1.00000, -0.00000, -0.00000, 0.00000, 0.00000, -1.00000, -0.00000, 0.00000, -0.00000, -0.00000, 1.00000, 0.00000, 11.47643, 10.42143, -0.20000, 1.00000, },
				{ 0.00000, -1.00000, 0.00000, 0.00000, 1.00000, 0.00000, -0.00000, 0.00000, -0.00000, 0.00000, 1.00000, 0.00000, 8.34393, 14.96893, -0.20000, 1.00000, },
				{ -1.00000, -0.00000, -0.00000, 0.00000, 0.00000, -1.00000, -0.00000, 0.00000, -0.00000, -0.00000, 1.00000, 0.00000, 11.47643, 3.16143, -0.20000, 1.00000, },
				{ -1.00000, -0.00000, -0.00000, 0.00000, 0.00000, -1.00000, -0.00000, 0.00000, -0.00000, -0.00000, 1.00000, 0.00000, 11.47643, 8.95143, -0.20000, 1.00000, },
				{ -1.00000, -0.00000, -0.00000, 0.00000, 0.00000, -1.00000, -0.00000, 0.00000, -0.00000, -0.00000, 1.00000, 0.00000, 11.47643, 14.59143, -0.20000, 1.00000, },
				{ 0.00000, -1.00000, 0.00000, 0.00000, 1.00000, 0.00000, -0.00000, 0.00000, -0.00000, 0.00000, 1.00000, 0.00000, 9.81393, 14.96893, -0.20000, 1.00000, },
				{ 1.00000, -0.00000, 0.00000, 0.00000, 0.00000, 1.00000, -0.00000, 0.00000, -0.00000, 0.00000, 1.00000, 0.00000, 11.47643, 2.16143, -0.20000, 1.00000, },
				{ 1.00000, -0.00000, 0.00000, 0.00000, 0.00000, 1.00000, -0.00000, 0.00000, -0.00000, 0.00000, 1.00000, 0.00000, 11.47643, 7.95143, -0.20000, 1.00000, },
				{ 1.00000, -0.00000, 0.00000, 0.00000, 0.00000, 1.00000, -0.00000, 0.00000, -0.00000, 0.00000, 1.00000, 0.00000, 11.47643, 13.79143, -0.20000, 1.00000, },
				{ 0.00000, 1.00000, 0.00000, 0.00000, -1.00000, 0.00000, 0.00000, 0.00000, -0.00000, -0.00000, 1.00000, 0.00000, 10.81393, 14.96893, -0.20000, 1.00000, },
				{ 1.00000, -0.00000, 0.00000, 0.00000, 0.00000, 1.00000, -0.00000, 0.00000, -0.00000, 0.00000, 1.00000, 0.00000, 11.47643, 5.80143, -0.20000, 1.00000, },
				{ 1.00000, -0.00000, 0.00000, 0.00000, 0.00000, 1.00000, -0.00000, 0.00000, -0.00000, 0.00000, 1.00000, 0.00000, 11.47643, 11.59143, -0.20000, 1.00000, },
				{ 0.00000, 1.00000, 0.00000, 0.00000, -1.00000, 0.00000, 0.00000, 0.00000, -0.00000, -0.00000, 1.00000, 0.00000, 7.17393, 14.96893, -0.20000, 1.00000, },
			},
		},
		groups = {
			["era_a_garden_bench.grp"] = {
				{ -1.00000, 0.00000, -0.00000, 0.00000, -0.00000, -1.00000, 0.00000, 0.00000, -0.00000, 0.00000, 1.00000, 0.00000, -3.71000, 15.89000, 0.00000, 1.00000, ignore = { 8, 25 }, },
			},
			["era_a_garden_chair.grp"] = {
				{ 0.88782, 0.46020, -0.00000, 0.00000, -0.46020, 0.88782, 0.00000, 0.00000, 0.00000, 0.00000, 1.00000, 0.00000, -5.06241, 4.35279, -0.00000, 1.00000, seed = 768, ignore = { 2, 10 }, },
				{ 0.31233, -0.94997, 0.00000, 0.00000, 0.94997, 0.31233, 0.00000, 0.00000, -0.00000, 0.00000, 1.00000, 0.00000, -3.79491, 3.82208, 0.00000, 1.00000, seed = 768, ignore = { 3, 25 }, },
				{ -0.93169, -0.36325, -0.00000, 0.00000, 0.36325, -0.93169, 0.00000, 0.00000, -0.00000, -0.00000, 1.00000, 0.00000, -4.32196, 2.88441, 0.00000, 1.00000, seed = 768, ignore = { 4, 5 }, },
				{ -0.33051, 0.94380, 0.00000, 0.00000, -0.94380, -0.33051, 0.00000, 0.00000, 0.00000, -0.00000, 1.00000, 0.00000, -5.30037, 3.23727, -0.00000, 1.00000, seed = 768, ignore = { 5, 25 }, },
			},
			["era_a_garden_ladder.grp"] = {
				{ 0.42894, -0.90334, 0.00000, 0.00000, 0.90334, 0.42894, 0.00000, 0.00000, 0.00000, 0.00000, 1.00000, 0.00000, -9.11000, 9.55000, 0.00000, 1.00000, ignore = { 15, 25 }, },
				{ 0.85536, -0.51803, 0.00000, 0.00000, 0.51803, 0.85536, 0.00000, 0.00000, 0.00000, 0.00000, 1.00000, 0.00000, -5.19000, 25.23000, 0.00000, 1.00000, ignore = { 16, 25 }, },
			},
			["era_b_garden_swing.grp"] = {
				{ 0.56784, -0.82314, 0.00000, 0.00000, 0.82314, 0.56784, 0.00000, 0.00000, 0.00000, 0.00000, 1.00000, 0.00000, 5.27000, 24.03000, 0.00000, 1.00000, ignore = { 7, 25 }, },
			},
			["era_b_sunshade_large.grp"] = {
				{ -0.32887, -0.94438, -0.00000, 0.00000, 0.94438, -0.32887, 0.00000, 0.00000, -0.00000, 0.00000, 1.00000, 0.00000, 2.55000, 20.80000, 0.00000, 1.00000, },
			},
			["era_b_sunshade_small.grp"] = {
				{ 0.07324, -0.99731, 0.00000, 0.00000, 0.99731, 0.07324, 0.00000, 0.00000, -0.00000, -0.00000, 1.00000, 0.00000, -4.60000, 3.62000, 0.00000, 1.00000, ignore = { 6, 25 }, },
			},
			["garden_table_round.grp"] = {
				{ 0.97278, 0.23175, -0.00000, 0.00000, -0.23175, 0.97278, 0.00000, 0.00000, 0.00000, -0.00000, 1.00000, 0.00000, -4.60000, 3.62000, 0.00000, 1.00000, seed = 768, },
			},
			["random_large_tree_town.grp"] = {
				{ 0.49242, -0.87036, 0.00000, 0.00000, 0.87036, 0.49242, 0.00000, 0.00000, 0.00000, 0.00000, 1.00000, 0.00000, -9.55000, 28.65000, 0.00000, 1.00000, },
				{ -0.76085, 0.24721, 0.00000, 0.00000, -0.24721, -0.76085, 0.00000, 0.00000, 0.00000, 0.00000, 0.80000, 0.00000, -4.15000, 30.90000, 0.00000, 1.00000, },
			},
			["random_medium_tree_town.grp"] = {
				{ 0.71583, -0.13796, 0.00000, 0.00000, 0.13796, 0.71583, 0.00000, 0.00000, 0.00000, 0.00000, 0.72900, 0.00000, 6.61319, 29.40000, 0.00000, 1.00000, },
				{ -0.24361, 0.96987, 0.00000, 0.00000, -0.96987, -0.24361, 0.00000, 0.00000, 0.00000, -0.00000, 1.00000, 0.00000, -9.81000, 19.91000, 0.00000, 1.00000, },
				{ 0.54120, 0.70023, 0.00000, 0.00000, -0.70023, 0.54120, -0.00000, 0.00000, -0.00000, -0.00000, 0.88500, 0.00000, -5.76000, 26.71000, 0.00000, 1.00000, },
				{ -0.37036, -0.82026, 0.00000, 0.00000, 0.82026, -0.37036, -0.00000, 0.00000, 0.00000, 0.00000, 0.90000, 0.00000, 9.09000, 25.11000, 0.00000, 1.00000, },
				{ 0.62660, 0.77934, 0.00000, 0.00000, -0.77934, 0.62660, -0.00000, 0.00000, -0.00000, -0.00000, 1.00000, 0.00000, 10.29000, 19.46000, 0.00000, 1.00000, },
				{ 0.95981, -0.28067, 0.00000, 0.00000, 0.28067, 0.95981, -0.00000, 0.00000, -0.00000, 0.00000, 1.00000, 0.00000, -9.71000, 12.66000, 0.00000, 1.00000, },
				{ 0.95981, -0.28067, 0.00000, 0.00000, 0.28067, 0.95981, -0.00000, 0.00000, -0.00000, 0.00000, 1.00000, 0.00000, 10.24000, 30.76000, 0.00000, 1.00000, },
			},
			["random_shrub_town.grp"] = {
				{ 1.00000, 0.00000, 0.00000, 0.00000, 0.00000, 1.00000, 0.00000, 0.00000, 0.00000, 0.00000, 1.00000, 0.00000, 2.32000, 27.05000, 0.00000, 1.00000, },
				{ -0.24531, 0.96945, 0.00000, 0.00000, -0.96945, -0.24531, 0.00000, 0.00000, 0.00000, 0.00000, 1.00000, 0.00000, 6.56000, 27.07000, 0.00000, 1.00000, },
				{ -0.90663, -0.42192, 0.00000, 0.00000, 0.42192, -0.90663, 0.00000, 0.00000, 0.00000, 0.00000, 1.00000, 0.00000, 7.91000, 25.82000, 0.00000, 1.00000, },
				{ 0.87661, 0.48120, 0.00000, 0.00000, -0.48120, 0.87661, 0.00000, 0.00000, 0.00000, 0.00000, 1.00000, 0.00000, 7.91000, 23.47000, 0.00000, 1.00000, },
				{ 0.99858, 0.05326, 0.00000, 0.00000, -0.05326, 0.99858, 0.00000, 0.00000, 0.00000, 0.00000, 1.00000, 0.00000, 7.91000, 21.27000, 0.00000, 1.00000, },
				{ 0.23389, 0.97226, 0.00000, 0.00000, -0.97226, 0.23389, 0.00000, 0.00000, 0.00000, 0.00000, 1.00000, 0.00000, 7.91000, 19.37000, 0.00000, 1.00000, },
				{ 0.33073, 0.94373, 0.00000, 0.00000, -0.94373, 0.33073, 0.00000, 0.00000, 0.00000, 0.00000, 1.00000, 0.00000, 7.91000, 17.37000, 0.00000, 1.00000, },
				{ -0.09237, -0.99572, 0.00000, 0.00000, 0.99572, -0.09237, 0.00000, 0.00000, 0.00000, 0.00000, 1.00000, 0.00000, 9.41000, 3.71000, 0.00000, 1.00000, },
				{ -0.87292, -0.48786, 0.00000, 0.00000, 0.48786, -0.87292, 0.00000, 0.00000, 0.00000, 0.00000, 1.00000, 0.00000, -1.88000, 19.38000, 0.00000, 1.00000, },
				{ 0.95732, -0.28903, 0.00000, 0.00000, 0.28903, 0.95732, 0.00000, 0.00000, 0.00000, 0.00000, 1.00000, 0.00000, -1.73000, 26.23000, 0.00000, 1.00000, },
				{ -0.11840, -0.99297, 0.00000, 0.00000, 0.99297, -0.11840, 0.00000, 0.00000, 0.00000, 0.00000, 1.00000, 0.00000, -2.03000, 22.28000, 0.00000, 1.00000, },
				{ 0.41945, 0.90778, 0.00000, 0.00000, -0.90778, 0.41945, 0.00000, 0.00000, 0.00000, 0.00000, 1.00000, 0.00000, -3.79000, 20.62000, 0.00000, 1.00000, },
				{ 0.95213, -0.30570, 0.00000, 0.00000, 0.30570, 0.95213, 0.00000, 0.00000, 0.00000, 0.00000, 1.00000, 0.00000, -0.03000, 27.18000, 0.00000, 1.00000, },
				{ 0.06279, 0.99803, 0.00000, 0.00000, -0.99803, 0.06279, 0.00000, 0.00000, 0.00000, 0.00000, 1.00000, 0.00000, 8.08000, 3.44000, 0.00000, 1.00000, },
				{ -0.87292, -0.48786, 0.00000, 0.00000, 0.48786, -0.87292, 0.00000, 0.00000, 0.00000, 0.00000, 1.00000, 0.00000, 4.74000, 26.91000, 0.00000, 1.00000, },
				{ 0.66393, 0.74780, 0.00000, 0.00000, -0.74780, 0.66393, 0.00000, 0.00000, 0.00000, 0.00000, 1.00000, 0.00000, 8.92000, 1.69000, 0.00000, 1.00000, },
			},
			["random_shrub_town_fence.grp"] = {
				{ 0.97014, 0.24256, 0.00000, 0.00000, -0.24256, 0.97014, -0.00000, 0.00000, -0.00000, -0.00000, 1.00000, 0.00000, -5.86572, 0.76286, 0.00000, 1.00000, },
				{ 0.24256, -0.97014, 0.00000, 0.00000, 0.97014, 0.24256, -0.00000, 0.00000, -0.00000, 0.00000, 1.00000, 0.00000, -11.32238, 6.75952, 0.00000, 1.00000, },
				{ 0.97014, 0.24256, 0.00000, 0.00000, -0.24256, 0.97014, -0.00000, 0.00000, -0.00000, -0.00000, 1.00000, 0.00000, -11.41572, 0.76286, 0.00000, 1.00000, },
				{ 0.24256, -0.97014, 0.00000, 0.00000, 0.97014, 0.24256, -0.00000, 0.00000, -0.00000, 0.00000, 1.00000, 0.00000, -11.32238, 12.15952, 0.00000, 1.00000, },
				{ -0.20316, -0.97914, -0.00000, 0.00000, 0.97914, -0.20316, -0.00000, 0.00000, -0.00000, -0.00000, 1.00000, 0.00000, -3.81571, 0.85286, 0.00000, 1.00000, },
				{ -0.97914, 0.20316, -0.00000, 0.00000, -0.20316, -0.97914, -0.00000, 0.00000, -0.00000, -0.00000, 1.00000, 0.00000, -11.23238, 4.70952, 0.00000, 1.00000, },
				{ -0.20316, -0.97914, -0.00000, 0.00000, 0.97914, -0.20316, -0.00000, 0.00000, -0.00000, -0.00000, 1.00000, 0.00000, -9.51571, 0.85286, 0.00000, 1.00000, },
				{ -0.97914, 0.20316, -0.00000, 0.00000, -0.20316, -0.97914, -0.00000, 0.00000, -0.00000, -0.00000, 1.00000, 0.00000, -11.23238, 10.10952, 0.00000, 1.00000, },
				{ 0.95429, 0.29887, 0.00000, 0.00000, -0.29887, 0.95429, -0.00000, 0.00000, -0.00000, -0.00000, 1.00000, 0.00000, -1.85571, 0.75286, 0.00000, 1.00000, },
				{ 0.29887, -0.95429, 0.00000, 0.00000, 0.95429, 0.29887, -0.00000, 0.00000, -0.00000, 0.00000, 1.00000, 0.00000, -11.33238, 2.74952, 0.00000, 1.00000, },
				{ 0.95429, 0.29887, 0.00000, 0.00000, -0.29887, 0.95429, -0.00000, 0.00000, -0.00000, -0.00000, 1.00000, 0.00000, -7.55571, 0.75286, 0.00000, 1.00000, },
				{ 0.29887, -0.95429, 0.00000, 0.00000, 0.95429, 0.29887, -0.00000, 0.00000, -0.00000, 0.00000, 1.00000, 0.00000, -11.33238, 8.14952, 0.00000, 1.00000, },
			},
		},
	},
}
--End Generated

function data()
	return townbuildingutil.make_building2(
		{ { -4.60, -0.10 }, { 4.60, -0.10 }, { 4.60, 9.10 }, { -4.60, 9.10 } },
		"RESIDENTIAL", 
		"B", 
		1,
		{ 3, 4 },
		generatedData,
		"construction/building/era_b/res_1_3x4_04.gtex"
	)
end
