local townbuildingutil = require "townbuildingutil"

--Model file: "building/era_b/res_2_2x3_01.mdl"

--Begin Generated
local generatedData = {
	["base"] = {
		models = {
			["building/era_b/res_2_2x3_01.mdl"] = {
				{ 1.00000, 0.00000, 0.00000, 0.00000, 0.00000, 1.00000, 0.00000, 0.00000, 0.00000, 0.00000, 1.00000, 0.00000, 0.00000, -1.35000, 0.00000, 1.00000, },
			},
		},
		curves = {
			["scaffold"] = {
				{ { 5.39070, 3.07266, 0.00000 }, { 5.39070, 3.07266, 0.00000 }, { 5.39070, 16.24337, 0.00000 }, { 5.39070, 16.24338, 0.00000 }, { 5.39070, 16.24338, 0.00000 }, { 1.28694, 16.24337, 0.00000 }, { 1.28694, 16.24337, 0.00000 }, { 1.28694, 16.24337, 0.00000 }, { 1.28694, 17.02457, 0.00000 }, { 1.28694, 17.02457, 0.00000 }, { 1.28694, 17.02457, 0.00000 }, { -0.76619, 17.02457, 0.00000 }, { -0.76619, 17.02457, 0.00000 }, { -0.76619, 17.02457, 0.00000 }, { -0.76619, 16.24336, 0.00000 }, { -0.76619, 16.24336, 0.00000 }, { -0.76620, 16.24336, 0.00000 }, { -4.87723, 16.24336, 0.00000 }, { -4.87723, 16.24336, 0.00000 }, { -4.87723, 16.24336, 0.00000 }, { -4.87723, 12.14143, 0.00000 }, { -4.87723, 12.14143, 0.00000 }, { -4.87723, 12.14143, 0.00000 }, { -5.66544, 12.14143, 0.00000 }, { -5.66544, 12.14143, 0.00000 }, { -5.66544, 12.14143, 0.00000 }, { -5.66544, 10.08830, 0.00000 }, { -5.66544, 10.08830, 0.00000 }, { -5.66544, 10.08830, 0.00000 }, { -4.87723, 10.08830, 0.00000 }, { -4.87723, 10.08830, 0.00000 }, { -4.87723, 10.08830, 0.00000 }, { -4.87723, 9.21252, 0.00000 }, { -4.87723, 9.21252, 0.00000 }, { -4.87723, 9.21252, 0.00000 }, { -5.66544, 9.21252, 0.00000 }, { -5.66544, 9.21252, 0.00000 }, { -5.66544, 9.21252, 0.00000 }, { -5.66544, 7.15938, 0.00000 }, { -5.66544, 7.15938, 0.00000 }, { -5.66544, 7.15938, 0.00000 }, { -4.87723, 7.15938, 0.00000 }, { -4.87723, 7.15938, 0.00000 }, { -4.87723, 7.15938, 0.00000 }, { -4.87723, 3.07941, 0.00000 }, { -4.87723, 3.07941, 0.00000 }, },
			},
			["shared/asphalt_01.gtex.lua;shared/dirt.gtex.lua"] = {
				{ { 8.00000, 0.00000, 0.00000 }, { 8.00000, 0.00000, 0.00000 }, { 8.00000, 2.78554, 0.00000 }, { 8.00000, 2.78554, 0.00000 }, { 8.00000, 2.78554, -0.00000 }, { 5.67786, 2.78554, -0.00002 }, { 5.67786, 2.78554, -0.00002 }, { 5.67786, 2.78554, -0.00002 }, { 5.67786, 16.53054, -0.00002 }, { 5.67786, 16.53054, -0.00002 }, { 5.67785, 16.53054, -0.00002 }, { -5.16519, 16.53054, 0.00001 }, { -5.16519, 16.53054, 0.00001 }, { -5.16519, 16.53054, 0.00001 }, { -5.16522, 2.78554, -0.00000 }, { -5.16522, 2.78554, -0.00000 }, { -5.16522, 2.78554, -0.00000 }, { -8.00000, 2.78554, -0.00000 }, { -8.00000, 2.78554, 0.00000 }, { -8.00000, 2.78554, 0.00000 }, { -8.00000, 0.00000, 0.00000 }, { -8.00000, 0.00000, 0.00000 }, },
			},
			["shared/grass_cutted_01.gtex.lua"] = {
				{ { 8.00000, 20.00000, 0.00000 }, { 8.00000, 20.00000, 0.00000 }, { 8.00000, 24.00000, 0.00000 }, { 8.00000, 24.00000, 0.00000 }, { 8.00000, 24.00000, 0.00000 }, { -8.00000, 24.00000, 0.00000 }, { -8.00000, 24.00000, 0.00000 }, { -8.00000, 23.99999, -0.00000 }, { -8.00000, 2.78554, -0.00000 }, { -8.00000, 2.78554, -0.00000 }, { -8.00000, 2.78553, -0.00000 }, { -5.16522, 2.78554, -0.00000 }, { -5.16522, 2.78554, -0.00000 }, { -5.16522, 2.78554, -0.00000 }, { -5.16519, 18.00000, -0.00000 }, { -5.16519, 18.00000, 0.00000 }, { -5.16519, 18.00000, 0.00000 }, { 4.00000, 18.00000, 0.00000 }, { 4.00000, 18.00000, 0.00000 }, { 4.00000, 18.00000, 0.00000 }, { 4.00000, 20.00000, 0.00000 }, { 4.00000, 20.00000, 0.00000 }, },
			},
			["shared/gravel_02.gtex.lua"] = {
				{ { 8.00000, 2.78554, 0.00000 }, { 8.00000, 2.78554, 0.00000 }, { 8.00000, 19.99999, 0.00000 }, { 8.00000, 20.00000, 0.00000 }, { 8.00000, 20.00000, 0.00000 }, { 4.00000, 20.00000, 0.00000 }, { 4.00000, 20.00000, 0.00000 }, { 4.00000, 20.00000, 0.00000 }, { 4.00000, 18.00000, 0.00000 }, { 4.00000, 18.00000, 0.00000 }, { 4.00000, 18.00000, 0.00000 }, { -5.16519, 18.00000, 0.00000 }, { -5.16519, 18.00000, 0.00000 }, { -5.16519, 18.00000, 0.00000 }, { -5.16519, 16.53054, 0.00001 }, { -5.16519, 16.53054, 0.00001 }, { -5.16519, 16.53054, 0.00001 }, { 5.67785, 16.53054, -0.00002 }, { 5.67786, 16.53054, -0.00002 }, { 5.67786, 16.53054, -0.00002 }, { 5.67786, 2.78554, -0.00002 }, { 5.67786, 2.78554, -0.00002 }, },
			},
		},
	},
	["layout_1"] = {
		models = {
			["asset/ground/container_wood.mdl"] = {
				{ -1.00000, 0.00000, -0.00000, 0.00000, -0.00000, -1.00000, 0.00000, 0.00000, -0.00000, 0.00000, 1.00000, 0.00000, 0.27500, 16.26500, 0.00000, 1.00000, ignore = { 3, 25 }, },
			},
			["asset/ground/garden_chair_plastic_01.mdl"] = {
				{ -0.65077, -0.75927, -0.00000, 0.00000, 0.75927, -0.65077, 0.00000, 0.00000, -0.00000, 0.00000, 1.00000, 0.00000, -4.46480, 7.81163, 2.96163, 1.00000, align = { 0.00000, -1.35000 }, ignore = { 9, 25 }, },
				{ 1.00000, 0.00000, 0.00000, 0.00000, 0.00000, 1.00000, 0.00000, 0.00000, 0.00000, 0.00000, 1.00000, 0.00000, -4.55261, 11.60492, 2.96163, 1.00000, align = { 0.00000, -1.35000 }, ignore = { 10, 25 }, },
			},
		},
		groups = {
			["era_a_garden_ladder.grp"] = {
				{ 0.64812, -0.76154, 0.00000, 0.00000, 0.76154, 0.64812, 0.00000, 0.00000, 0.00000, 0.00000, 1.00000, 0.00000, 5.47000, 20.43000, 0.00000, 1.00000, ignore = { 2, 25 }, },
			},
			["era_b_sunshade_small.grp"] = {
				{ 0.84500, 0.00000, 0.00000, 0.00000, 0.00000, 0.84500, 0.00000, 0.00000, 0.00000, 0.00000, 0.84500, 0.00000, -5.27135, 10.60325, 2.96163, 1.00000, align = { 0.00000, -1.35000 }, ignore = { 4, 80 }, },
				{ 0.59751, 0.59751, 0.00000, 0.00000, -0.59751, 0.59751, 0.00000, 0.00000, 0.00000, 0.00000, 0.84500, 0.00000, -0.31691, 16.56237, 2.96163, 1.00000, align = { 0.00000, -1.35000 }, ignore = { 5, 80 }, },
				{ 0.84500, 0.00000, 0.00000, 0.00000, 0.00000, 0.84500, 0.00000, 0.00000, 0.00000, 0.00000, 0.84500, 0.00000, 0.75342, 16.45117, 5.96163, 1.00000, align = { 0.00000, -1.35000 }, ignore = { 6, 80 }, },
				{ 0.64920, 0.54089, 0.00000, 0.00000, -0.54089, 0.64920, 0.00000, 0.00000, 0.00000, 0.00000, 0.84500, 0.00000, -4.99941, 7.96246, 5.96163, 1.00000, align = { 0.00000, -1.35000 }, ignore = { 7, 80 }, },
				{ -0.01770, 0.84481, -0.00000, 0.00000, -0.84481, -0.01770, 0.00000, 0.00000, -0.00000, 0.00000, 0.84500, 0.00000, -5.19190, 10.31577, 5.96162, 1.00000, align = { 0.00000, -1.35000 }, ignore = { 8, 80 }, },
			},
			["garden_table_round.grp"] = {
				{ 0.85173, -0.52399, 0.00000, 0.00000, 0.52399, 0.85173, 0.00000, 0.00000, 0.00000, 0.00000, 1.00000, 0.00000, -4.66603, 11.41654, 5.96163, 1.00000, align = { 0.00000, -1.35000 }, ignore = { 11, 50 }, },
			},
			["random_medium_tree_town.grp"] = {
				{ -0.79985, -0.01536, 0.00000, 0.00000, 0.01536, -0.79985, 0.00000, 0.00000, 0.00000, 0.00000, 0.80000, 0.00000, 3.19000, 20.51000, 0.00000, 1.00000, },
				{ -0.14781, -0.98902, 0.00000, 0.00000, 0.98902, -0.14781, 0.00000, 0.00000, -0.00000, 0.00000, 1.00000, 0.00000, 5.64000, 22.56000, 0.00000, 1.00000, },
				{ 0.60477, -0.23823, 0.00000, 0.00000, 0.23823, 0.60477, 0.00000, 0.00000, -0.00000, -0.00000, 0.65000, 0.00000, 0.99000, 22.76000, 0.00000, 1.00000, },
			},
			["random_shrub_town.grp"] = {
				{ -0.52101, -0.85355, -0.00000, 0.00000, 0.85355, -0.52101, 0.00000, 0.00000, -0.00000, -0.00000, 1.00000, 0.00000, -3.76850, 20.57993, 0.55738, 1.00000, },
				{ 0.95106, -0.30902, 0.00000, 0.00000, 0.30902, 0.95106, 0.00000, 0.00000, -0.00000, -0.00000, 1.00000, 0.00000, -2.64850, 21.09992, 0.55738, 1.00000, },
				{ -0.01745, 0.99985, 0.00000, 0.00000, -0.99985, -0.01745, -0.00000, 0.00000, -0.00000, -0.00000, 1.00000, 0.00000, -4.19850, 21.79992, 0.55738, 1.00000, },
				{ 0.00873, -0.99996, -0.00000, 0.00000, 0.99996, 0.00873, 0.00000, 0.00000, -0.00000, -0.00000, 1.00000, 0.00000, -5.07850, 20.95992, 0.55738, 1.00000, },
			},
			["random_shrub_town_fence.grp"] = {
				{ 0.97014, 0.24256, 0.00000, 0.00000, -0.24256, 0.97014, -0.00000, 0.00000, -0.00000, -0.00000, 1.00000, 0.00000, -6.59405, 7.67119, 0.00000, 1.00000, },
				{ 0.97014, 0.24256, 0.00000, 0.00000, -0.24256, 0.97014, -0.00000, 0.00000, -0.00000, -0.00000, 1.00000, 0.00000, -6.64405, 9.07119, 0.00000, 1.00000, },
				{ 0.97014, 0.24256, 0.00000, 0.00000, -0.24256, 0.97014, -0.00000, 0.00000, -0.00000, -0.00000, 1.00000, 0.00000, -6.64405, 6.37119, 0.00000, 1.00000, },
				{ 0.97014, 0.24256, 0.00000, 0.00000, -0.24256, 0.97014, -0.00000, 0.00000, -0.00000, -0.00000, 1.00000, 0.00000, -6.59405, 10.57119, 0.00000, 1.00000, },
				{ 0.24256, -0.97014, 0.00000, 0.00000, 0.97014, 0.24256, 0.00000, 0.00000, -0.00000, 0.00000, 1.00000, 0.00000, -6.68572, 14.11286, 0.00000, 1.00000, },
				{ -0.97014, -0.24256, -0.00000, 0.00000, 0.24256, -0.97014, -0.00000, 0.00000, -0.00000, -0.00000, 1.00000, 0.00000, -6.59405, 12.57119, 0.00000, 1.00000, },
				{ -0.97014, -0.24256, -0.00000, 0.00000, 0.24256, -0.97014, -0.00000, 0.00000, -0.00000, -0.00000, 1.00000, 0.00000, -6.59405, 5.32119, 0.00000, 1.00000, },
			},
		},
	},
}
--End Generated

function data()
	return townbuildingutil.make_building2(
		{ { -4.60, -0.10 }, { 4.60, -0.10 }, { 4.60, 9.10 }, { -4.60, 9.10 } },
		"RESIDENTIAL", 
		"B", 
		2,
		{ 2, 3 },
		generatedData,
		"construction/building/era_b/res_2_2x3_01.gtex"
	)
end
