local townbuildingutil = require "townbuildingutil"

--Model file: "building/era_b/res_2_4x4_02.mdl"

--Begin Generated
local generatedData = {
	["base"] = {
		models = {
			["building/era_b/res_2_4x4_02.mdl"] = {
				{ 1.00000, 0.00000, 0.00000, 0.00000, 0.00000, 1.00000, 0.00000, 0.00000, 0.00000, 0.00000, 1.00000, 0.00000, 0.00000, -3.10000, 0.00000, 1.00000, },
			},
		},
		curves = {
			["scaffold"] = {
				{ { 11.31567, 5.08381, 0.00000 }, { 11.31567, 5.08381, 0.00000 }, { 11.31583, 21.88535, 0.00000 }, { 11.31583, 21.88535, 0.00000 }, { 11.31583, 21.88535, 0.00000 }, { 8.07919, 21.88535, 0.00000 }, { 8.07919, 21.88535, 0.00000 }, { 8.07919, 21.88535, 0.00000 }, { 8.07919, 22.75601, 0.00000 }, { 8.07919, 22.75601, 0.00000 }, { 8.07919, 22.75601, 0.00000 }, { 6.02603, 22.75601, 0.00000 }, { 6.02603, 22.75601, 0.00000 }, { 6.02603, 22.75601, 0.00000 }, { 6.02603, 21.88535, 0.00000 }, { 6.02603, 21.88535, 0.00000 }, { 6.02603, 21.88535, 0.00000 }, { 0.10983, 21.88535, 0.00000 }, { 0.10983, 21.88535, 0.00000 }, { 0.10983, 21.88535, 0.00000 }, { 0.10983, 22.75601, 0.00000 }, { 0.10983, 22.75601, 0.00000 }, { 0.10983, 22.75601, 0.00000 }, { -1.94333, 22.75601, 0.00000 }, { -1.94333, 22.75601, 0.00000 }, { -1.94333, 22.75601, 0.00000 }, { -1.94333, 21.88535, 0.00000 }, { -1.94333, 21.88535, 0.00000 }, { -1.94333, 21.88535, 0.00000 }, { -7.62125, 21.88535, 0.00000 }, { -7.62125, 21.88535, 0.00000 }, { -7.62125, 21.88535, 0.00000 }, { -7.62125, 22.75601, 0.00000 }, { -7.62125, 22.75601, 0.00000 }, { -7.62125, 22.75601, 0.00000 }, { -9.67441, 22.75601, 0.00000 }, { -9.67441, 22.75601, 0.00000 }, { -9.67441, 22.75601, 0.00000 }, { -9.67441, 21.88535, 0.00000 }, { -9.67441, 21.88535, 0.00000 }, { -9.67441, 21.88535, 0.00000 }, { -11.81738, 21.88535, 0.00000 }, { -11.81738, 21.88535, 0.00000 }, { -11.81738, 21.88535, 0.00000 }, { -11.81726, 5.08381, 0.00000 }, { -11.81726, 5.08381, 0.00000 }, },
			},
			["shared/asphalt_01.gtex.lua;shared/dirt.gtex.lua"] = {
				{ { 16.00000, 0.00000, 0.00000 }, { 16.00000, 0.00000, 0.00000 }, { 16.00000, 24.00000, 0.00000 }, { 16.00000, 24.00000, 0.00000 }, { 16.00000, 24.00000, 0.00000 }, { 11.71228, 24.00000, 0.00000 }, { 11.71228, 24.00000, 0.00000 }, { 11.71228, 24.00000, 0.00000 }, { 11.71228, 22.28185, 0.00000 }, { 11.71228, 22.28185, 0.00000 }, { 11.71228, 22.28185, 0.00000 }, { -12.21405, 22.28185, 0.00000 }, { -12.21405, 22.28185, 0.00000 }, { -12.21405, 22.28185, 0.00000 }, { -12.21405, 24.00000, 0.00000 }, { -12.21405, 24.00000, 0.00000 }, { -12.21405, 24.00000, 0.00000 }, { -16.00000, 24.00000, 0.00000 }, { -16.00000, 24.00000, 0.00000 }, { -16.00000, 24.00000, 0.00000 }, { -16.00000, 0.00000, 0.00000 }, { -16.00000, 0.00000, 0.00000 }, { -16.00000, 0.00000, 0.00000 }, { -12.21405, 0.00000, 0.00000 }, { -12.21405, 0.00000, 0.00000 }, { -12.21405, 0.00000, 0.00000 }, { -12.21405, 2.50000, 0.00000 }, { -12.21405, 2.50000, 0.00000 }, { -12.21405, 2.50000, 0.00000 }, { 11.71228, 2.50000, 0.00000 }, { 11.71228, 2.50000, 0.00000 }, { 11.71228, 2.50000, 0.00000 }, { 11.71228, 0.00000, 0.00000 }, { 11.71228, 0.00000, 0.00000 }, },
			},
			["shared/grass_cutted_01.gtex.lua"] = {
				{ { 11.71228, 0.00000, 0.00000 }, { 11.71228, 0.00000, 0.00000 }, { 11.71228, 2.50000, 0.00000 }, { 11.71228, 2.50000, 0.00000 }, { 11.71228, 2.50000, 0.00000 }, { -12.21405, 2.50000, 0.00000 }, { -12.21405, 2.50000, 0.00000 }, { -12.21405, 2.50000, 0.00000 }, { -12.21405, 0.00000, 0.00000 }, { -12.21405, 0.00000, 0.00000 }, },
				{ { 16.00000, 24.00000, 0.00000 }, { 16.00000, 24.00000, 0.00000 }, { 16.00000, 32.00000, 0.00000 }, { 16.00000, 32.00000, 0.00000 }, { 16.00000, 32.00000, 0.00000 }, { -16.00000, 32.00000, 0.00000 }, { -16.00000, 32.00000, 0.00000 }, { -16.00000, 32.00000, 0.00000 }, { -16.00000, 24.00000, 0.00000 }, { -16.00000, 24.00000, 0.00000 }, { -16.00000, 24.00000, 0.00000 }, { -14.00000, 24.00000, 0.00000 }, { -14.00000, 24.00000, 0.00000 }, { -14.00000, 24.00000, 0.00000 }, { -14.00000, 30.00000, 0.00000 }, { -14.00000, 30.00000, 0.00000 }, { -14.00000, 30.00000, 0.00000 }, { 14.00000, 30.00000, 0.00000 }, { 14.00000, 30.00000, 0.00000 }, { 14.00000, 30.00000, 0.00000 }, { 14.00000, 24.00000, 0.00000 }, { 14.00000, 24.00000, 0.00000 }, },
			},
			["shared/gravel_02.gtex.lua"] = {
				{ { 11.71228, 22.28185, 0.00000 }, { 11.71228, 22.28185, 0.00000 }, { 11.71228, 24.00000, 0.00000 }, { 11.71228, 24.00000, 0.00000 }, { 11.71228, 24.00000, 0.00000 }, { 14.00000, 24.00000, 0.00000 }, { 14.00000, 24.00000, 0.00000 }, { 14.00000, 24.00000, 0.00000 }, { 14.00000, 30.00000, 0.00000 }, { 14.00000, 30.00000, 0.00000 }, { 14.00000, 30.00000, 0.00000 }, { -14.00000, 30.00000, 0.00000 }, { -14.00000, 30.00000, 0.00000 }, { -14.00000, 30.00000, 0.00000 }, { -14.00000, 24.00000, 0.00000 }, { -14.00000, 24.00000, 0.00000 }, { -14.00000, 24.00000, 0.00000 }, { -12.21405, 24.00000, 0.00000 }, { -12.21405, 24.00000, 0.00000 }, { -12.21405, 24.00000, 0.00000 }, { -12.21405, 22.28185, 0.00000 }, { -12.21405, 22.28185, 0.00000 }, },
			},
		},
	},
	["layout_1"] = {
		models = {
			["asset/ground/container_wood.mdl"] = {
				{ -1.00000, -0.00000, 0.00000, 0.00000, 0.00000, -1.00000, 0.00000, 0.00000, 0.00000, 0.00000, 1.00000, 0.00000, -0.94000, 22.03000, 0.00000, 1.00000, ignore = { 17, 50 }, },
			},
			["asset/ground/garden_chair_plastic_01.mdl"] = {
				{ -0.91914, 0.39394, -0.00000, 0.00000, -0.39394, -0.91914, -0.00000, 0.00000, -0.00000, -0.00000, 1.00000, 0.00000, -1.24753, 21.73221, 11.96161, 1.00000, align = { 0.00000, -3.10000 }, },
			},
			["asset/vegetation/hedge_m.mdl"] = {
				{ 0.00000, -1.00000, 0.00000, 0.00000, 1.00000, 0.00000, -0.00000, 0.00000, -0.00000, 0.00000, 1.00000, 0.00000, -6.35607, 1.21893, -0.20000, 1.00000, },
				{ 0.00000, -1.00000, 0.00000, 0.00000, 1.00000, 0.00000, -0.00000, 0.00000, -0.00000, 0.00000, 1.00000, 0.00000, 2.99393, 1.21893, -0.20000, 1.00000, },
				{ 0.00000, -1.00000, 0.00000, 0.00000, 1.00000, 0.00000, -0.00000, 0.00000, -0.00000, 0.00000, 1.00000, 0.00000, 7.44393, 1.21893, -0.20000, 1.00000, },
				{ 0.00000, -1.00000, 0.00000, 0.00000, 1.00000, 0.00000, -0.00000, 0.00000, -0.00000, 0.00000, 1.00000, 0.00000, -11.00607, 1.21893, -0.20000, 1.00000, },
				{ 0.00000, -1.00000, 0.00000, 0.00000, 1.00000, 0.00000, -0.00000, 0.00000, -0.00000, 0.00000, 1.00000, 0.00000, -1.65607, 1.21893, -0.20000, 1.00000, },
				{ -0.00000, 1.00000, -0.00000, 0.00000, -1.00000, -0.00000, -0.00000, 0.00000, -0.00000, -0.00000, 1.00000, 0.00000, -5.38607, 1.21893, -0.20000, 1.00000, },
				{ -0.00000, 1.00000, -0.00000, 0.00000, -1.00000, -0.00000, -0.00000, 0.00000, -0.00000, -0.00000, 1.00000, 0.00000, 3.96393, 1.21893, -0.20000, 1.00000, },
				{ -0.00000, 1.00000, -0.00000, 0.00000, -1.00000, -0.00000, -0.00000, 0.00000, -0.00000, -0.00000, 1.00000, 0.00000, 8.41393, 1.21893, -0.20000, 1.00000, },
				{ -0.00000, 1.00000, -0.00000, 0.00000, -1.00000, -0.00000, -0.00000, 0.00000, -0.00000, -0.00000, 1.00000, 0.00000, -10.03607, 1.21893, -0.20000, 1.00000, },
				{ -0.00000, 1.00000, -0.00000, 0.00000, -1.00000, -0.00000, -0.00000, 0.00000, -0.00000, -0.00000, 1.00000, 0.00000, -0.68607, 1.21893, -0.20000, 1.00000, },
				{ -0.00000, 1.00000, -0.00000, 0.00000, -1.00000, -0.00000, -0.00000, 0.00000, -0.00000, -0.00000, 1.00000, 0.00000, -3.24607, 1.21893, -0.20000, 1.00000, },
				{ -0.00000, 1.00000, -0.00000, 0.00000, -1.00000, -0.00000, -0.00000, 0.00000, -0.00000, -0.00000, 1.00000, 0.00000, 6.10393, 1.21893, -0.20000, 1.00000, },
				{ -0.00000, 1.00000, -0.00000, 0.00000, -1.00000, -0.00000, -0.00000, 0.00000, -0.00000, -0.00000, 1.00000, 0.00000, 10.55393, 1.21893, -0.20000, 1.00000, },
				{ -0.00000, 1.00000, -0.00000, 0.00000, -1.00000, -0.00000, -0.00000, 0.00000, -0.00000, -0.00000, 1.00000, 0.00000, -7.89607, 1.21893, -0.20000, 1.00000, },
				{ -0.00000, 1.00000, -0.00000, 0.00000, -1.00000, -0.00000, -0.00000, 0.00000, -0.00000, -0.00000, 1.00000, 0.00000, 1.45393, 1.21893, -0.20000, 1.00000, },
				{ 0.00000, 1.00000, 0.00000, 0.00000, -1.00000, 0.00000, 0.00000, 0.00000, -0.00000, -0.00000, 1.00000, 0.00000, -4.24607, 1.21893, -0.20000, 1.00000, },
				{ 0.00000, 1.00000, 0.00000, 0.00000, -1.00000, 0.00000, 0.00000, 0.00000, -0.00000, -0.00000, 1.00000, 0.00000, 5.10393, 1.21893, -0.20000, 1.00000, },
				{ 0.00000, 1.00000, 0.00000, 0.00000, -1.00000, 0.00000, 0.00000, 0.00000, -0.00000, -0.00000, 1.00000, 0.00000, 9.55393, 1.21893, -0.20000, 1.00000, },
				{ 0.00000, 1.00000, 0.00000, 0.00000, -1.00000, 0.00000, 0.00000, 0.00000, -0.00000, -0.00000, 1.00000, 0.00000, -8.89607, 1.21893, -0.20000, 1.00000, },
				{ 0.00000, 1.00000, 0.00000, 0.00000, -1.00000, 0.00000, 0.00000, 0.00000, -0.00000, -0.00000, 1.00000, 0.00000, 0.45393, 1.21893, -0.20000, 1.00000, },
			},
		},
		groups = {
			["era_a_garden_bench.grp"] = {
				{ -0.00000, -1.00000, -0.00000, 0.00000, 1.00000, -0.00000, 0.00000, 0.00000, -0.00000, 0.00000, 1.00000, 0.00000, -11.58999, 8.11000, 0.00000, 1.00000, seed = 256, },
				{ -0.00000, 1.00000, -0.00000, 0.00000, -1.00000, -0.00000, 0.00000, 0.00000, -0.00000, 0.00000, 1.00000, 0.00000, 11.11000, 13.49000, 0.00000, 1.00000, seed = 256, },
			},
			["era_a_garden_chair.grp"] = {
				{ -0.37461, 0.92718, -0.00000, 0.00000, -0.92718, -0.37461, 0.00000, 0.00000, -0.00000, 0.00000, 1.00000, 0.00000, 6.66509, 21.67674, 2.96162, 1.00000, align = { 0.00000, -3.10000 }, ignore = { 8, 25 }, },
			},
			["era_a_garden_ladder.grp"] = {
				{ 0.43366, 0.90108, 0.00000, 0.00000, -0.90108, 0.43366, 0.00000, 0.00000, 0.00000, 0.00000, 1.00000, 0.00000, -10.66000, 26.08000, 0.00000, 1.00000, ignore = { 18, 25 }, },
			},
			["era_b_garden_chair.grp"] = {
				{ -0.46947, 0.88295, -0.00000, 0.00000, -0.88295, -0.46947, 0.00000, 0.00000, -0.00000, 0.00000, 1.00000, 0.00000, -6.22550, 14.29761, 19.42170, 1.00000, align = { 0.00000, -3.10000 }, seed = 256, ignore = { 9, 25 }, },
				{ 0.66393, -0.74780, 0.00000, 0.00000, 0.74780, 0.66393, 0.00000, 0.00000, 0.00000, 0.00000, 1.00000, 0.00000, -5.31422, 16.00653, 19.42170, 1.00000, align = { 0.00000, -3.10000 }, seed = 256, ignore = { 10, 25 }, },
				{ 0.19081, -0.98163, 0.00000, 0.00000, 0.98163, 0.19081, 0.00000, 0.00000, 0.00000, 0.00000, 1.00000, 0.00000, -4.89317, 14.89769, 19.42170, 1.00000, align = { 0.00000, -3.10000 }, seed = 256, ignore = { 11, 25 }, },
				{ -0.46947, 0.88295, -0.00000, 0.00000, -0.88295, -0.46947, 0.00000, 0.00000, -0.00000, 0.00000, 1.00000, 0.00000, -6.78951, 15.15592, 19.42170, 1.00000, align = { 0.00000, -3.10000 }, seed = 256, ignore = { 12, 25 }, },
				{ 0.31896, 0.94777, -0.00000, 0.00000, -0.94777, 0.31896, 0.00000, 0.00000, 0.00000, 0.00000, 1.00000, 0.00000, -2.02789, 15.51719, 19.42170, 1.00000, align = { 0.00000, -3.10000 }, seed = 256, ignore = { 13, 25 }, },
				{ -0.08716, -0.99619, 0.00000, 0.00000, 0.99619, -0.08716, 0.00000, 0.00000, 0.00000, 0.00000, 1.00000, 0.00000, -0.16011, 16.02925, 19.42170, 1.00000, align = { 0.00000, -3.10000 }, seed = 256, ignore = { 14, 25 }, },
				{ -0.58212, -0.81310, 0.00000, 0.00000, 0.81310, -0.58212, 0.00000, 0.00000, 0.00000, 0.00000, 1.00000, 0.00000, -0.67646, 14.96146, 19.42170, 1.00000, align = { 0.00000, -3.10000 }, seed = 256, ignore = { 15, 25 }, },
				{ 0.31896, 0.94777, -0.00000, 0.00000, -0.94777, 0.31896, 0.00000, 0.00000, 0.00000, 0.00000, 1.00000, 0.00000, -1.79179, 16.51671, 19.42170, 1.00000, align = { 0.00000, -3.10000 }, seed = 256, ignore = { 16, 25 }, },
			},
			["era_b_garden_table.grp"] = {
				{ 0.44776, -0.89415, 0.00000, 0.00000, 0.89415, 0.44776, 0.00000, 0.00000, 0.00000, 0.00000, 1.00000, 0.00000, -5.82347, 15.02457, 19.42170, 1.00000, align = { 0.00000, -3.10000 }, seed = 256, },
				{ -0.34202, -0.93969, 0.00000, 0.00000, 0.93969, -0.34202, 0.00000, 0.00000, 0.00000, 0.00000, 1.00000, 0.00000, -1.22347, 15.72457, 19.42170, 1.00000, align = { 0.00000, -3.10000 }, seed = 256, },
			},
			["era_b_sunshade_large.grp"] = {
				{ 0.99523, 0.09758, 0.00000, 0.00000, -0.09758, 0.99523, 0.00000, 0.00000, 0.00000, 0.00000, 1.00000, 0.00000, -5.82347, 15.02457, 19.42170, 1.00000, align = { 0.00000, -3.10000 }, },
				{ 0.75471, -0.65606, 0.00000, 0.00000, 0.65606, 0.75471, 0.00000, 0.00000, 0.00000, 0.00000, 1.00000, 0.00000, -1.22347, 15.72457, 19.42170, 1.00000, align = { 0.00000, -3.10000 }, },
			},
			["era_b_sunshade_small.grp"] = {
				{ 0.84500, 0.00000, 0.00000, 0.00000, 0.00000, 0.84500, -0.00000, 0.00000, 0.00000, 0.00000, 0.84500, 0.00000, 7.26084, 22.01534, 8.96162, 1.00000, align = { 0.00000, -3.10000 }, ignore = { 3, 80 }, },
				{ 0.70218, 0.47007, 0.00000, 0.00000, -0.47007, 0.70218, 0.00000, 0.00000, 0.00000, 0.00000, 0.84500, 0.00000, -1.35038, 22.28927, 2.96162, 1.00000, align = { 0.00000, -3.10000 }, ignore = { 4, 80 }, },
				{ 0.56542, -0.62796, 0.00000, 0.00000, 0.62796, 0.56542, 0.00000, 0.00000, 0.00000, 0.00000, 0.84500, 0.00000, -8.03488, 22.25099, 5.96162, 1.00000, align = { 0.00000, -3.10000 }, ignore = { 5, 80 }, },
				{ 0.45277, 0.71346, 0.00000, 0.00000, -0.71346, 0.45277, -0.00000, 0.00000, -0.00000, 0.00000, 0.84500, 0.00000, -9.34709, 22.53269, 8.96162, 1.00000, align = { 0.00000, -3.10000 }, ignore = { 6, 80 }, },
				{ 0.84500, 0.00000, 0.00000, 0.00000, 0.00000, 0.84500, -0.00000, 0.00000, 0.00000, 0.00000, 0.84500, 0.00000, -0.40520, 21.98496, 11.96161, 1.00000, align = { 0.00000, -3.10000 }, ignore = { 7, 80 }, },
			},
			["garden_table_round.grp"] = {
				{ 1.00000, 0.00000, 0.00000, 0.00000, 0.00000, 1.00000, 0.00000, 0.00000, 0.00000, 0.00000, 1.00000, 0.00000, 7.45731, 21.91199, 2.96162, 1.00000, align = { 0.00000, -3.10000 }, ignore = { 2, 50 }, },
			},
			["random_medium_tree_town.grp"] = {
				{ -0.47604, 0.87943, 0.00000, 0.00000, -0.87943, -0.47604, -0.00000, 0.00000, 0.00000, -0.00000, 1.00000, 0.00000, -9.76000, 27.43319, 0.00000, 1.00000, },
				{ -0.45154, -0.89225, 0.00000, 0.00000, 0.89225, -0.45154, -0.00000, 0.00000, 0.00000, 0.00000, 1.00000, 0.00000, -2.06000, 27.05661, 0.00000, 1.00000, },
				{ 0.92130, 0.38885, 0.00000, 0.00000, -0.38885, 0.92130, -0.00000, 0.00000, -0.00000, 0.00000, 1.00000, 0.00000, 4.34000, 26.70403, 0.00000, 1.00000, },
				{ 0.19842, -0.98012, 0.00000, 0.00000, 0.98012, 0.19842, -0.00000, 0.00000, 0.00000, 0.00000, 1.00000, 0.00000, 9.09000, 27.11790, 0.00000, 1.00000, },
			},
			["random_shrub_town_fence.grp"] = {
				{ 0.95429, 0.29887, 0.00000, 0.00000, -0.29887, 0.95429, -0.00000, 0.00000, -0.00000, -0.00000, 1.00000, 0.00000, -11.15571, 23.30286, 0.00000, 1.00000, },
				{ -0.96863, -0.24852, -0.00000, 0.00000, 0.24852, -0.96863, 0.00000, 0.00000, -0.00000, 0.00000, 1.00000, 0.00000, -12.80571, 25.05286, 0.00000, 1.00000, },
				{ -0.96863, -0.24852, -0.00000, 0.00000, 0.24852, -0.96863, 0.00000, 0.00000, -0.00000, 0.00000, 1.00000, 0.00000, -13.20572, 26.60286, 0.00000, 1.00000, },
				{ 0.16695, 0.98597, 0.00000, 0.00000, -0.98597, 0.16695, -0.00000, 0.00000, -0.00000, -0.00000, 1.00000, 0.00000, -11.00571, 24.90286, 0.00000, 1.00000, },
				{ 0.24852, -0.96863, -0.00000, 0.00000, 0.96863, 0.24852, 0.00000, 0.00000, -0.00000, -0.00000, 1.00000, 0.00000, -13.20570, 27.95285, 0.00000, 1.00000, },
				{ 0.96863, 0.24852, -0.00000, 0.00000, -0.24852, 0.96863, 0.00000, 0.00000, 0.00000, -0.00000, 1.00000, 0.00000, -0.20570, 29.45285, 0.00000, 1.00000, },
				{ -0.24852, 0.96863, 0.00000, 0.00000, -0.96863, -0.24852, -0.00000, 0.00000, 0.00000, -0.00000, 1.00000, 0.00000, -13.15570, 29.35286, 0.00000, 1.00000, },
				{ -0.96863, -0.24852, 0.00000, 0.00000, 0.24852, -0.96863, -0.00000, 0.00000, 0.00000, -0.00000, 1.00000, 0.00000, -12.15570, 29.35286, 0.00000, 1.00000, },
				{ 0.24851, -0.96863, -0.00000, 0.00000, 0.96863, 0.24851, 0.00000, 0.00000, -0.00000, -0.00000, 1.00000, 0.00000, -11.15570, 29.35286, 0.00000, 1.00000, },
				{ 0.96863, 0.24851, -0.00000, 0.00000, -0.24851, 0.96863, 0.00000, 0.00000, 0.00000, -0.00000, 1.00000, 0.00000, -10.15570, 29.35286, 0.00000, 1.00000, },
				{ -0.24851, 0.96863, 0.00000, 0.00000, -0.96863, -0.24851, -0.00000, 0.00000, 0.00000, -0.00000, 1.00000, 0.00000, -9.15570, 29.35286, 0.00000, 1.00000, },
				{ -0.96863, -0.24851, 0.00000, 0.00000, 0.24851, -0.96863, -0.00000, 0.00000, 0.00000, -0.00000, 1.00000, 0.00000, -8.15570, 29.35286, 0.00000, 1.00000, },
				{ 0.24851, -0.96863, -0.00000, 0.00000, 0.96863, 0.24851, 0.00000, 0.00000, -0.00000, -0.00000, 1.00000, 0.00000, -7.15570, 29.35286, 0.00000, 1.00000, },
				{ 0.96863, 0.24851, -0.00000, 0.00000, -0.24851, 0.96863, 0.00000, 0.00000, 0.00000, -0.00000, 1.00000, 0.00000, -6.15570, 29.35286, 0.00000, 1.00000, },
				{ -0.24851, 0.96863, 0.00000, 0.00000, -0.96863, -0.24851, -0.00000, 0.00000, 0.00000, -0.00000, 1.00000, 0.00000, -5.15570, 29.35286, 0.00000, 1.00000, },
				{ -0.96863, -0.24851, 0.00000, 0.00000, 0.24851, -0.96863, -0.00000, 0.00000, 0.00000, -0.00000, 1.00000, 0.00000, -4.15570, 29.35286, 0.00000, 1.00000, },
				{ 0.24851, -0.96863, -0.00000, 0.00000, 0.96863, 0.24851, 0.00000, 0.00000, -0.00000, -0.00000, 1.00000, 0.00000, -3.15570, 29.35286, 0.00000, 1.00000, },
				{ 0.96863, 0.24851, -0.00000, 0.00000, -0.24851, 0.96863, 0.00000, 0.00000, 0.00000, -0.00000, 1.00000, 0.00000, -2.15570, 29.35286, 0.00000, 1.00000, },
				{ -0.24851, 0.96863, 0.00000, 0.00000, -0.96863, -0.24851, -0.00000, 0.00000, 0.00000, -0.00000, 1.00000, 0.00000, -1.15570, 29.35286, 0.00000, 1.00000, },
				{ -0.24851, -0.96863, -0.00000, 0.00000, 0.96863, -0.24851, -0.00000, 0.00000, -0.00000, -0.00000, 1.00000, 0.00000, 1.15570, 29.35285, 0.00000, 1.00000, },
				{ 0.96863, -0.24851, 0.00000, 0.00000, 0.24851, 0.96863, 0.00000, 0.00000, -0.00000, -0.00000, 1.00000, 0.00000, 2.15570, 29.35285, 0.00000, 1.00000, },
				{ 0.24851, 0.96863, 0.00000, 0.00000, -0.96863, 0.24851, 0.00000, 0.00000, 0.00000, -0.00000, 1.00000, 0.00000, 3.15570, 29.35285, 0.00000, 1.00000, },
				{ -0.96863, 0.24851, -0.00000, 0.00000, -0.24851, -0.96863, -0.00000, 0.00000, -0.00000, -0.00000, 1.00000, 0.00000, 4.15570, 29.35285, 0.00000, 1.00000, },
				{ -0.24851, -0.96863, -0.00000, 0.00000, 0.96863, -0.24851, -0.00000, 0.00000, -0.00000, -0.00000, 1.00000, 0.00000, 5.15570, 29.35285, 0.00000, 1.00000, },
				{ 0.96863, -0.24851, 0.00000, 0.00000, 0.24851, 0.96863, 0.00000, 0.00000, -0.00000, -0.00000, 1.00000, 0.00000, 6.15570, 29.35285, 0.00000, 1.00000, },
				{ 0.24851, 0.96863, 0.00000, 0.00000, -0.96863, 0.24851, 0.00000, 0.00000, 0.00000, -0.00000, 1.00000, 0.00000, 7.15570, 29.35285, 0.00000, 1.00000, },
				{ -0.96863, 0.24851, -0.00000, 0.00000, -0.24851, -0.96863, -0.00000, 0.00000, -0.00000, -0.00000, 1.00000, 0.00000, 8.15570, 29.35285, 0.00000, 1.00000, },
				{ -0.24851, -0.96863, -0.00000, 0.00000, 0.96863, -0.24851, -0.00000, 0.00000, -0.00000, -0.00000, 1.00000, 0.00000, 9.15570, 29.35285, 0.00000, 1.00000, },
				{ 0.96863, -0.24851, 0.00000, 0.00000, 0.24851, 0.96863, 0.00000, 0.00000, -0.00000, -0.00000, 1.00000, 0.00000, 10.15570, 29.35285, 0.00000, 1.00000, },
				{ 0.24851, 0.96863, 0.00000, 0.00000, -0.96863, 0.24851, 0.00000, 0.00000, 0.00000, -0.00000, 1.00000, 0.00000, 11.15570, 29.35285, 0.00000, 1.00000, },
				{ -0.96863, 0.24852, -0.00000, 0.00000, -0.24852, -0.96863, -0.00000, 0.00000, -0.00000, -0.00000, 1.00000, 0.00000, 12.15570, 29.35285, 0.00000, 1.00000, },
				{ -0.24852, -0.96863, -0.00000, 0.00000, 0.96863, -0.24852, -0.00000, 0.00000, -0.00000, -0.00000, 1.00000, 0.00000, 13.15570, 29.35285, 0.00000, 1.00000, },
				{ 0.24852, 0.96863, 0.00000, 0.00000, -0.96863, 0.24852, 0.00000, 0.00000, 0.00000, -0.00000, 1.00000, 0.00000, 13.20569, 27.95286, 0.00000, 1.00000, },
				{ 0.16695, -0.98597, -0.00000, 0.00000, 0.98597, 0.16695, -0.00000, 0.00000, 0.00000, -0.00000, 1.00000, 0.00000, 11.00571, 24.90285, 0.00000, 1.00000, },
				{ -0.96863, 0.24852, -0.00000, 0.00000, -0.24852, -0.96863, -0.00000, 0.00000, -0.00000, -0.00000, 1.00000, 0.00000, 13.20569, 26.60286, 0.00000, 1.00000, },
				{ -0.96863, 0.24852, -0.00000, 0.00000, -0.24852, -0.96863, -0.00000, 0.00000, -0.00000, -0.00000, 1.00000, 0.00000, 12.80573, 25.05286, 0.00000, 1.00000, },
				{ 0.95429, -0.29887, -0.00000, 0.00000, 0.29887, 0.95429, -0.00000, 0.00000, 0.00000, -0.00000, 1.00000, 0.00000, 11.15570, 23.30286, 0.00000, 1.00000, },
			},
		},
	},
}
--End Generated

function data()
	return townbuildingutil.make_building2(
		{ { -4.60, -0.10 }, { 4.60, -0.10 }, { 4.60, 9.10 }, { -4.60, 9.10 } },
		"RESIDENTIAL", 
		"B", 
		2,
		{ 4, 4 },
		generatedData,
		"construction/building/era_b/res_2_4x4_02.gtex"
	)
end
