local townbuildingutil = require "townbuildingutil"

--Model file: "building/era_b/res_2_4x4_04.mdl"

--Begin Generated
local generatedData = {
	["base"] = {
		models = {
			["building/era_b/res_2_4x4_04.mdl"] = {
				{ 1.00000, 0.00000, 0.00000, 0.00000, 0.00000, 1.00000, 0.00000, 0.00000, 0.00000, 0.00000, 1.00000, 0.00000, 1.00669, -1.50000, 0.00000, 1.00000, },
			},
		},
		curves = {
			["scaffold"] = {
				{ { 4.33423, 4.93693, 0.00000 }, { 4.33423, 4.93693, 0.00000 }, { 4.33423, 7.03346, 0.00000 }, { 4.33423, 7.03346, 0.00000 }, { 4.33423, 7.03346, 0.00000 }, { 9.47186, 7.03346, 0.00000 }, { 9.47186, 7.03346, 0.00000 }, { 9.47186, 7.03346, 0.00000 }, { 11.86761, 9.50386, 0.00000 }, { 11.86761, 9.50386, 0.00000 }, { 11.86761, 9.50386, 0.00000 }, { 11.86761, 12.92946, 0.00000 }, { 11.86761, 12.92946, 0.00000 }, { 11.86761, 12.92946, 0.00000 }, { 13.30042, 12.92946, 0.00000 }, { 13.30042, 12.92946, 0.00000 }, { 13.30042, 12.92946, 0.00000 }, { 13.30042, 14.56214, 0.00000 }, { 13.30042, 14.56214, 0.00000 }, { 13.30042, 14.56214, 0.00000 }, { 14.43115, 14.56214, 0.00000 }, { 14.43115, 14.56214, 0.00000 }, { 14.43115, 14.56214, 0.00000 }, { 14.43115, 16.61528, 0.00000 }, { 14.43115, 16.61528, 0.00000 }, { 14.43115, 16.61528, 0.00000 }, { 13.30042, 16.61528, 0.00000 }, { 13.30042, 16.61528, 0.00000 }, { 13.30042, 16.61528, 0.00000 }, { 13.30042, 18.22176, 0.00000 }, { 13.30042, 18.22176, 0.00000 }, { 13.30042, 18.22176, 0.00000 }, { 11.86823, 18.22176, 0.00000 }, { 11.86823, 18.22176, 0.00000 }, { 11.86823, 18.22176, 0.00000 }, { 11.86823, 22.76893, 0.00000 }, { 11.86823, 22.76893, 0.00000 }, { 11.86823, 22.76893, 0.00000 }, { -11.23303, 22.76893, 0.00000 }, { -11.23303, 22.76893, 0.00000 }, { -11.23303, 22.76893, 0.00000 }, { -11.23303, 18.22174, 0.00000 }, { -11.23303, 18.22174, 0.00000 }, { -11.23303, 18.22174, 0.00000 }, { -12.35510, 18.22174, 0.00000 }, { -12.35510, 18.22174, 0.00000 }, { -12.35510, 18.22174, 0.00000 }, { -12.35510, 16.59488, 0.00000 }, { -12.35510, 16.59488, 0.00000 }, { -12.35510, 16.59488, 0.00000 }, { -13.44635, 16.59488, 0.00000 }, { -13.44635, 16.59488, 0.00000 }, { -13.44635, 16.59488, 0.00000 }, { -13.44635, 14.54174, 0.00000 }, { -13.44635, 14.54174, 0.00000 }, { -13.44635, 14.54174, 0.00000 }, { -12.35510, 14.54174, 0.00000 }, { -12.35510, 14.54174, 0.00000 }, { -12.35510, 14.54174, 0.00000 }, { -12.35510, 12.92942, 0.00000 }, { -12.35510, 12.92942, 0.00000 }, { -12.35510, 12.92942, 0.00000 }, { -11.23285, 12.92942, 0.00000 }, { -11.23285, 12.92942, 0.00000 }, { -11.23285, 12.92942, 0.00000 }, { -11.23285, 9.06922, 0.00000 }, { -11.23285, 9.06921, 0.00000 }, { -11.23285, 9.06921, 0.00000 }, { -9.39398, 7.03349, 0.00000 }, { -9.39398, 7.03349, 0.00000 }, { -9.39398, 7.03349, 0.00000 }, { -4.36859, 7.03349, 0.00000 }, { -4.36859, 7.03349, 0.00000 }, { -4.36859, 7.03349, 0.00000 }, { -4.36859, 4.93693, 0.00000 }, { -4.36859, 4.93693, 0.00000 }, },
			},
			["shared/asphalt_01.gtex.lua;shared/dirt.gtex.lua"] = {
				{ { 5.00000, 0.00000, 0.00000 }, { 5.00000, 0.00000, 0.00000 }, { 5.00000, 3.00000, 0.00000 }, { 5.00000, 3.00000, 0.00000 }, { 5.00000, 3.00000, 0.00000 }, { 10.00000, 3.00000, 0.00000 }, { 10.00000, 3.00000, 0.00000 }, { 10.00000, 3.00000, 0.00000 }, { 14.00000, 7.00000, 0.00000 }, { 14.00000, 7.00000, 0.00000 }, { 14.00000, 7.00000, 0.00000 }, { 14.00000, 11.00000, 0.00000 }, { 14.00000, 11.00000, 0.00000 }, { 14.00000, 11.00000, 0.00000 }, { 16.00000, 11.00000, 0.00000 }, { 16.00000, 11.00000, 0.00000 }, { 16.00000, 11.00000, 0.00000 }, { 16.00000, 23.59359, 0.00000 }, { 16.00000, 23.59359, 0.00000 }, { 16.00000, 23.59359, 0.00000 }, { 12.60620, 23.59359, 0.00000 }, { 12.60620, 23.59359, 0.00000 }, { 12.60620, 23.59359, 0.00000 }, { -11.94434, 23.59359, 0.00000 }, { -11.94434, 23.59359, 0.00000 }, { -11.94434, 23.59359, 0.00000 }, { -16.00000, 23.59359, 0.00000 }, { -16.00000, 23.59359, 0.00000 }, { -16.00000, 23.59359, 0.00000 }, { -16.00000, 11.00000, 0.00000 }, { -16.00000, 11.00000, 0.00000 }, { -16.00000, 11.00000, 0.00000 }, { -14.00000, 11.00000, 0.00000 }, { -14.00000, 11.00000, 0.00000 }, { -14.00000, 11.00000, 0.00000 }, { -14.00000, 7.00000, 0.00000 }, { -14.00000, 7.00000, 0.00000 }, { -14.00000, 7.00000, 0.00000 }, { -10.00000, 3.00000, 0.00000 }, { -10.00000, 3.00000, 0.00000 }, { -10.00000, 3.00000, 0.00000 }, { -5.00000, 3.00000, 0.00000 }, { -5.00000, 3.00000, 0.00000 }, { -5.00000, 3.00000, 0.00000 }, { -5.00000, 0.00000, 0.00000 }, { -5.00000, 0.00000, 0.00000 }, },
			},
			["shared/grass_cutted_01.gtex.lua"] = {
				{ { 16.00000, 23.59359, 0.00000 }, { 16.00000, 23.59359, 0.00000 }, { 16.00000, 32.00000, 0.00000 }, { 16.00000, 32.00000, 0.00000 }, { 16.00000, 32.00000, 0.00000 }, { -16.00000, 32.00000, 0.00000 }, { -16.00000, 32.00000, 0.00000 }, { -16.00000, 32.00000, 0.00000 }, { -16.00000, 23.59359, 0.00000 }, { -16.00000, 23.59359, 0.00000 }, { -16.00000, 23.59359, 0.00000 }, { -10.00000, 23.59359, 0.00000 }, { -10.00000, 23.59359, 0.00000 }, { -10.00000, 23.59359, 0.00000 }, { -10.00000, 27.00000, 0.00000 }, { -10.00000, 27.00000, 0.00000 }, { -10.00000, 27.00000, 0.00000 }, { -7.00000, 27.00000, 0.00000 }, { -7.00000, 27.00000, 0.00000 }, { -7.00000, 27.00000, 0.00000 }, { -7.00000, 30.00000, 0.00000 }, { -7.00000, 30.00000, 0.00000 }, { -7.00000, 30.00000, 0.00000 }, { 7.00000, 30.00000, 0.00000 }, { 7.00000, 30.00000, 0.00000 }, { 7.00000, 30.00000, 0.00000 }, { 7.00000, 27.00000, 0.00000 }, { 7.00000, 27.00000, 0.00000 }, { 7.00000, 27.00000, 0.00000 }, { 10.00000, 27.00000, 0.00000 }, { 10.00000, 27.00000, 0.00000 }, { 10.00000, 27.00000, 0.00000 }, { 10.00000, 23.59359, 0.00000 }, { 10.00000, 23.59359, 0.00000 }, },
				{ { -5.00000, 0.00000, 0.00000 }, { -5.00000, 0.00000, 0.00000 }, { -5.00000, 3.00000, 0.00000 }, { -5.00000, 3.00000, 0.00000 }, { -5.00000, 3.00000, 0.00000 }, { -10.00000, 3.00000, 0.00000 }, { -10.00000, 3.00000, 0.00000 }, { -10.00000, 3.00000, 0.00000 }, { -14.00000, 7.00000, 0.00000 }, { -14.00000, 7.00000, 0.00000 }, { -14.00000, 7.00000, 0.00000 }, { -14.00000, 11.00000, 0.00000 }, { -14.00000, 11.00000, 0.00000 }, { -14.00000, 11.00000, 0.00000 }, { -16.00000, 11.00000, 0.00000 }, { -16.00000, 11.00000, 0.00000 }, { -16.00000, 11.00000, 0.00000 }, { -16.00000, 0.00000, 0.00000 }, { -16.00000, 0.00000, 0.00000 }, },
				{ { 16.00000, 0.00000, 0.00000 }, { 16.00000, 0.00000, 0.00000 }, { 16.00000, 11.00000, 0.00000 }, { 16.00000, 11.00000, 0.00000 }, { 16.00000, 11.00000, 0.00000 }, { 14.00000, 11.00000, 0.00000 }, { 14.00000, 11.00000, 0.00000 }, { 14.00000, 11.00000, 0.00000 }, { 14.00000, 7.00000, 0.00000 }, { 14.00000, 7.00000, 0.00000 }, { 14.00000, 7.00000, 0.00000 }, { 10.00000, 3.00000, 0.00000 }, { 10.00000, 3.00000, 0.00000 }, { 10.00000, 3.00000, 0.00000 }, { 5.00000, 3.00000, 0.00000 }, { 5.00000, 3.00000, 0.00000 }, { 5.00000, 3.00000, 0.00000 }, { 5.00000, 0.00000, 0.00000 }, { 5.00000, 0.00000, 0.00000 }, },
			},
			["shared/gravel_02.gtex.lua"] = {
				{ { -10.00000, 23.59359, 0.00000 }, { -10.00000, 23.59359, 0.00000 }, { -10.00000, 27.00000, 0.00000 }, { -10.00000, 27.00000, 0.00000 }, { -10.00000, 27.00000, 0.00000 }, { -7.00000, 27.00000, 0.00000 }, { -7.00000, 27.00000, 0.00000 }, { -7.00000, 27.00000, 0.00000 }, { -7.00000, 30.00000, 0.00000 }, { -7.00000, 30.00000, 0.00000 }, { -7.00000, 30.00000, 0.00000 }, { 7.00000, 30.00000, 0.00000 }, { 7.00000, 30.00000, 0.00000 }, { 7.00000, 30.00000, 0.00000 }, { 7.00000, 27.00000, 0.00000 }, { 7.00000, 27.00000, 0.00000 }, { 7.00000, 27.00000, 0.00000 }, { 10.00000, 27.00000, 0.00000 }, { 10.00000, 27.00000, 0.00000 }, { 10.00000, 27.00000, 0.00000 }, { 10.00000, 23.59359, 0.00000 }, { 10.00000, 23.59359, 0.00000 }, },
			},
		},
	},
	["layout_1"] = {
		models = {
			["asset/ground/garden_chair_plastic_01.mdl"] = {
				{ 0.72176, 0.69214, 0.00000, 0.00000, -0.69214, 0.72176, 0.00000, 0.00000, 0.00000, 0.00000, 1.00000, 0.00000, 13.23173, 16.10206, 5.96161, 1.00000, align = { 1.00669, -1.50000 }, },
				{ 0.82511, 0.56497, 0.00000, 0.00000, -0.56497, 0.82511, 0.00000, 0.00000, 0.00000, 0.00000, 1.00000, 0.00000, -1.68324, 8.23987, 19.29541, 1.00000, align = { 1.00669, -1.50000 }, ignore = { 7, 20 }, },
				{ 0.95106, -0.30902, 0.00000, 0.00000, 0.30902, 0.95106, 0.00000, 0.00000, 0.00000, 0.00000, 1.00000, 0.00000, -0.33324, 8.23987, 19.29541, 1.00000, align = { 1.00669, -1.50000 }, ignore = { 7, 20 }, },
			},
			["asset/vegetation/hedge_m.mdl"] = {
				{ 0.00000, -1.00000, 0.00000, 0.00000, 1.00000, 0.00000, -0.00000, 0.00000, -0.00000, 0.00000, 1.00000, 0.00000, 6.04393, 2.26893, -0.20000, 1.00000, },
				{ 0.00000, -1.00000, 0.00000, 0.00000, 1.00000, 0.00000, -0.00000, 0.00000, -0.00000, 0.00000, 1.00000, 0.00000, -9.10607, 2.26893, -0.20000, 1.00000, },
				{ -0.00000, 1.00000, -0.00000, 0.00000, -1.00000, -0.00000, -0.00000, 0.00000, -0.00000, -0.00000, 1.00000, 0.00000, 7.01393, 2.26893, -0.20000, 1.00000, },
				{ -0.00000, 1.00000, -0.00000, 0.00000, -1.00000, -0.00000, -0.00000, 0.00000, -0.00000, -0.00000, 1.00000, 0.00000, -8.13607, 2.26893, -0.20000, 1.00000, },
				{ -0.00000, 1.00000, -0.00000, 0.00000, -1.00000, -0.00000, -0.00000, 0.00000, -0.00000, -0.00000, 1.00000, 0.00000, 9.15393, 2.26893, -0.20000, 1.00000, },
				{ -0.00000, 1.00000, -0.00000, 0.00000, -1.00000, -0.00000, -0.00000, 0.00000, -0.00000, -0.00000, 1.00000, 0.00000, -5.99607, 2.26893, -0.20000, 1.00000, },
				{ 0.00000, 1.00000, 0.00000, 0.00000, -1.00000, 0.00000, 0.00000, 0.00000, -0.00000, -0.00000, 1.00000, 0.00000, 8.15393, 2.26893, -0.20000, 1.00000, },
				{ 1.00000, -0.00000, 0.00000, 0.00000, 0.00000, 1.00000, 0.00000, 0.00000, -0.00000, -0.00000, 1.00000, 0.00000, 5.55393, 1.16893, -0.20000, 1.00000, },
				{ 1.00000, -0.00000, 0.00000, 0.00000, 0.00000, 1.00000, 0.00000, 0.00000, -0.00000, -0.00000, 1.00000, 0.00000, 14.65393, 9.96893, -0.20000, 1.00000, },
				{ 1.00000, -0.00000, 0.00000, 0.00000, 0.00000, 1.00000, 0.00000, 0.00000, -0.00000, -0.00000, 1.00000, 0.00000, -14.69607, 9.96893, -0.20000, 1.00000, },
				{ -1.00000, -0.00000, -0.00000, 0.00000, 0.00000, -1.00000, 0.00000, 0.00000, -0.00000, 0.00000, 1.00000, 0.00000, 14.65393, 9.11893, -0.20000, 1.00000, },
				{ -1.00000, -0.00000, -0.00000, 0.00000, 0.00000, -1.00000, 0.00000, 0.00000, -0.00000, 0.00000, 1.00000, 0.00000, -14.69607, 9.11893, -0.20000, 1.00000, },
				{ 1.00000, -0.00000, 0.00000, 0.00000, 0.00000, 1.00000, 0.00000, 0.00000, -0.00000, -0.00000, 1.00000, 0.00000, 14.65393, 7.96893, -0.20000, 1.00000, },
				{ -1.00000, -0.00000, -0.00000, 0.00000, 0.00000, -1.00000, 0.00000, 0.00000, -0.00000, 0.00000, 1.00000, 0.00000, -14.69607, 7.96893, -0.20000, 1.00000, },
				{ 1.00000, -0.00000, 0.00000, 0.00000, 0.00000, 1.00000, 0.00000, 0.00000, -0.00000, -0.00000, 1.00000, 0.00000, -5.54607, 1.16893, -0.20000, 1.00000, },
				{ 0.00000, 1.00000, 0.00000, 0.00000, -1.00000, 0.00000, 0.00000, 0.00000, -0.00000, -0.00000, 1.00000, 0.00000, -6.99607, 2.26893, -0.20000, 1.00000, },
			},
		},
		groups = {
			["era_a_garden_bench.grp"] = {
				{ 1.00000, -0.00000, 0.00000, 0.00000, 0.00000, 1.00000, 0.00000, 0.00000, -0.00000, -0.00000, 1.00000, 0.00000, 6.66000, 6.81000, 0.00000, 1.00000, seed = 256, },
				{ 1.00000, -0.00000, 0.00000, 0.00000, 0.00000, 1.00000, 0.00000, 0.00000, -0.00000, -0.00000, 1.00000, 0.00000, 5.01000, 28.41000, 0.00000, 1.00000, seed = 256, },
				{ -1.00000, 0.00000, -0.00000, 0.00000, -0.00000, -1.00000, 0.00000, 0.00000, -0.00000, 0.00000, 1.00000, 0.00000, 5.01000, 24.76000, 0.00000, 1.00000, seed = 256, },
				{ 1.00000, -0.00000, 0.00000, 0.00000, 0.00000, 1.00000, 0.00000, 0.00000, -0.00000, -0.00000, 1.00000, 0.00000, -6.69000, 6.81000, 0.00000, 1.00000, seed = 256, },
				{ 1.00000, -0.00000, 0.00000, 0.00000, 0.00000, 1.00000, 0.00000, 0.00000, -0.00000, -0.00000, 1.00000, 0.00000, -5.09000, 28.41000, 0.00000, 1.00000, seed = 256, },
				{ -1.00000, 0.00000, -0.00000, 0.00000, -0.00000, -1.00000, 0.00000, 0.00000, -0.00000, 0.00000, 1.00000, 0.00000, -5.09000, 24.76000, 0.00000, 1.00000, seed = 256, },
				{ 1.00000, -0.00000, 0.00000, 0.00000, 0.00000, 1.00000, 0.00000, 0.00000, -0.00000, -0.00000, 1.00000, 0.00000, -0.29000, 28.41000, 0.00000, 1.00000, seed = 256, },
				{ -1.00000, 0.00000, -0.00000, 0.00000, -0.00000, -1.00000, 0.00000, 0.00000, -0.00000, 0.00000, 1.00000, 0.00000, -0.29000, 24.76000, 0.00000, 1.00000, seed = 256, },
			},
			["era_a_garden_chair.grp"] = {
				{ 0.59342, 0.80489, -0.00000, 0.00000, -0.80489, 0.59342, 0.00000, 0.00000, 0.00000, 0.00000, 1.00000, 0.00000, 3.08838, 13.94649, 19.29541, 1.00000, align = { 1.00669, -1.50000 }, seed = 768, ignore = { 8, 10 }, },
				{ 0.69966, -0.71447, 0.00000, 0.00000, 0.71447, 0.69966, 0.00000, 0.00000, -0.00000, -0.00000, 1.00000, 0.00000, 4.45996, 14.02991, 19.29541, 1.00000, align = { 1.00669, -1.50000 }, seed = 768, ignore = { 9, 25 }, },
				{ -0.67559, -0.73728, -0.00000, 0.00000, 0.73728, -0.67559, -0.00000, 0.00000, -0.00000, -0.00000, 1.00000, 0.00000, 4.40105, 12.95589, 19.29541, 1.00000, align = { 1.00669, -1.50000 }, seed = 768, ignore = { 10, 5 }, },
				{ -0.71325, 0.70091, 0.00000, 0.00000, -0.70091, -0.71325, 0.00000, 0.00000, 0.00000, -0.00000, 1.00000, 0.00000, 3.36737, 12.84052, 19.29541, 1.00000, align = { 1.00669, -1.50000 }, seed = 768, ignore = { 11, 25 }, },
			},
			["era_b_sunshade_small.grp"] = {
				{ 0.78566, -0.31107, -0.00000, 0.00000, 0.31107, 0.78566, 0.00000, 0.00000, 0.00000, -0.00000, 0.84500, 0.00000, 13.96770, 16.20555, 14.96161, 1.00000, align = { 1.00669, -1.50000 }, ignore = { 2, 80 }, },
				{ -0.66768, -0.51791, -0.00000, 0.00000, 0.51791, -0.66768, 0.00000, 0.00000, -0.00000, 0.00000, 0.84500, 0.00000, 14.17200, 15.09901, 8.96161, 1.00000, align = { 1.00669, -1.50000 }, ignore = { 3, 80 }, },
				{ 0.84500, 0.00000, 0.00000, 0.00000, 0.00000, 0.84500, -0.00000, 0.00000, -0.00000, 0.00000, 0.84500, 0.00000, -13.06959, 16.27249, 14.96161, 1.00000, align = { 1.00669, -1.50000 }, ignore = { 4, 80 }, },
				{ -0.78674, 0.30832, -0.00000, 0.00000, -0.30832, -0.78674, -0.00000, 0.00000, -0.00000, 0.00000, 0.84500, 0.00000, -13.22699, 14.88000, 8.96161, 1.00000, align = { 1.00669, -1.50000 }, ignore = { 5, 80 }, },
				{ 0.44277, -0.71971, 0.00000, 0.00000, 0.71971, 0.44277, 0.00000, 0.00000, 0.00000, 0.00000, 0.84500, 0.00000, 13.96156, 15.22635, 5.96161, 1.00000, align = { 1.00669, -1.50000 }, ignore = { 6, 80 }, },
				{ 0.03839, -0.99926, 0.00000, 0.00000, 0.99926, 0.03839, 0.00000, 0.00000, 0.00000, 0.00000, 1.00000, 0.00000, 3.82681, 13.49314, 19.29541, 1.00000, align = { 1.00669, -1.50000 }, },
			},
			["garden_table_round.grp"] = {
				{ 0.77051, 0.63742, -0.00000, 0.00000, -0.63742, 0.77051, 0.00000, 0.00000, 0.00000, 0.00000, 1.00000, 0.00000, 3.82681, 13.49314, 19.29541, 1.00000, align = { 1.00669, -1.50000 }, seed = 768, },
			},
			["random_large_tree_town.grp"] = {
				{ -0.91355, -0.40674, 0.00000, 0.00000, 0.40674, -0.91355, 0.00000, 0.00000, 0.00000, 0.00000, 1.00000, 0.00000, -13.00000, 29.19000, 0.00000, 1.00000, },
				{ -0.95106, 0.30902, 0.00000, 0.00000, -0.30902, -0.95106, 0.00000, 0.00000, 0.00000, 0.00000, 1.00000, 0.00000, 13.15000, 28.17000, 0.00000, 1.00000, },
			},
			["random_medium_tree_town.grp"] = {
				{ 0.47538, 0.44330, 0.00000, 0.00000, -0.44330, 0.47538, -0.00000, 0.00000, -0.00000, -0.00000, 0.65000, 0.00000, 12.04000, 30.26000, 0.00000, 1.00000, },
			},
			["random_shrub_town.grp"] = {
				{ -0.87292, -0.48786, 0.00000, 0.00000, 0.48786, -0.87292, 0.00000, 0.00000, 0.00000, 0.00000, 1.00000, 0.00000, -13.68000, 2.63000, 0.00000, 1.00000, },
				{ -0.87292, -0.48786, 0.00000, 0.00000, 0.48786, -0.87292, 0.00000, 0.00000, 0.00000, 0.00000, 1.00000, 0.00000, 13.62000, 3.03000, 0.00000, 1.00000, },
				{ 0.65342, 0.75699, 0.00000, 0.00000, -0.75699, 0.65342, 0.00000, 0.00000, 0.00000, 0.00000, 1.00000, 0.00000, 13.97000, 4.83000, 0.00000, 1.00000, },
				{ -0.11840, -0.99297, 0.00000, 0.00000, 0.99297, -0.11840, 0.00000, 0.00000, 0.00000, 0.00000, 1.00000, 0.00000, 11.62000, 2.28000, 0.00000, 1.00000, },
				{ 0.27899, -0.96029, 0.00000, 0.00000, 0.96029, 0.27899, 0.00000, 0.00000, 0.00000, 0.00000, 1.00000, 0.00000, -14.09000, 4.22000, 0.00000, 1.00000, },
				{ -0.69214, -0.72176, 0.00000, 0.00000, 0.72176, -0.69214, 0.00000, 0.00000, 0.00000, 0.00000, 1.00000, 0.00000, -12.14000, 2.17000, 0.00000, 1.00000, },
			},
			["random_shrub_town_fence.grp"] = {
				{ 0.95429, 0.29887, 0.00000, 0.00000, -0.29887, 0.95429, -0.00000, 0.00000, -0.00000, -0.00000, 1.00000, 0.00000, -9.50571, 27.80286, 0.00000, 1.00000, },
				{ -0.96863, -0.24852, -0.00000, 0.00000, 0.24852, -0.96863, 0.00000, 0.00000, -0.00000, 0.00000, 1.00000, 0.00000, -7.65571, 29.30286, 0.00000, 1.00000, },
				{ -0.96863, -0.24852, -0.00000, 0.00000, 0.24852, -0.96863, 0.00000, 0.00000, -0.00000, 0.00000, 1.00000, 0.00000, -7.65571, 30.65285, 0.00000, 1.00000, },
				{ 0.16695, 0.98597, 0.00000, 0.00000, -0.98597, 0.16695, -0.00000, 0.00000, -0.00000, -0.00000, 1.00000, 0.00000, -8.20572, 27.80286, 0.00000, 1.00000, },
				{ 0.16695, 0.98597, 0.00000, 0.00000, -0.98597, 0.16695, -0.00000, 0.00000, -0.00000, -0.00000, 1.00000, 0.00000, 9.44429, 27.35286, 0.00000, 1.00000, },
				{ 0.16695, 0.98597, 0.00000, 0.00000, -0.98597, 0.16695, -0.00000, 0.00000, -0.00000, -0.00000, 1.00000, 0.00000, 7.79429, 27.65285, 0.00000, 1.00000, },
				{ 0.57914, -0.81523, 0.00000, 0.00000, 0.81523, 0.57914, 0.00000, 0.00000, -0.00000, -0.00000, 1.00000, 0.00000, 7.39429, 29.20286, 0.00000, 1.00000, },
				{ 0.24852, -0.96863, -0.00000, 0.00000, 0.96863, 0.24852, 0.00000, 0.00000, -0.00000, -0.00000, 1.00000, 0.00000, -6.65570, 30.65285, 0.00000, 1.00000, },
				{ 0.96863, 0.24852, -0.00000, 0.00000, -0.24852, 0.96863, 0.00000, 0.00000, 0.00000, -0.00000, 1.00000, 0.00000, -5.65570, 30.65285, 0.00000, 1.00000, },
				{ -0.24852, 0.96863, 0.00000, 0.00000, -0.96863, -0.24852, -0.00000, 0.00000, 0.00000, -0.00000, 1.00000, 0.00000, -4.65570, 30.65285, 0.00000, 1.00000, },
				{ -0.96863, -0.24852, 0.00000, 0.00000, 0.24852, -0.96863, -0.00000, 0.00000, 0.00000, -0.00000, 1.00000, 0.00000, -3.65570, 30.65285, 0.00000, 1.00000, },
				{ 0.24851, -0.96863, -0.00000, 0.00000, 0.96863, 0.24851, 0.00000, 0.00000, -0.00000, -0.00000, 1.00000, 0.00000, -2.65570, 30.65285, 0.00000, 1.00000, },
				{ 0.96863, 0.24851, -0.00000, 0.00000, -0.24851, 0.96863, 0.00000, 0.00000, 0.00000, -0.00000, 1.00000, 0.00000, -1.65570, 30.65285, 0.00000, 1.00000, },
				{ -0.24851, 0.96863, 0.00000, 0.00000, -0.96863, -0.24851, -0.00000, 0.00000, 0.00000, -0.00000, 1.00000, 0.00000, -0.65570, 30.65285, 0.00000, 1.00000, },
				{ -0.96863, -0.24851, 0.00000, 0.00000, 0.24851, -0.96863, -0.00000, 0.00000, 0.00000, -0.00000, 1.00000, 0.00000, 0.34430, 30.65285, 0.00000, 1.00000, },
				{ 0.24851, -0.96863, -0.00000, 0.00000, 0.96863, 0.24851, 0.00000, 0.00000, -0.00000, -0.00000, 1.00000, 0.00000, 1.34430, 30.65285, 0.00000, 1.00000, },
				{ 0.96863, 0.24851, -0.00000, 0.00000, -0.24851, 0.96863, 0.00000, 0.00000, 0.00000, -0.00000, 1.00000, 0.00000, 2.34430, 30.65285, 0.00000, 1.00000, },
				{ -0.24851, 0.96863, 0.00000, 0.00000, -0.96863, -0.24851, -0.00000, 0.00000, 0.00000, -0.00000, 1.00000, 0.00000, 3.34430, 30.65285, 0.00000, 1.00000, },
				{ -0.96863, -0.24851, 0.00000, 0.00000, 0.24851, -0.96863, -0.00000, 0.00000, 0.00000, -0.00000, 1.00000, 0.00000, 4.34430, 30.65285, 0.00000, 1.00000, },
				{ 0.24851, -0.96863, -0.00000, 0.00000, 0.96863, 0.24851, 0.00000, 0.00000, -0.00000, -0.00000, 1.00000, 0.00000, 5.34430, 30.65285, 0.00000, 1.00000, },
				{ 0.96863, 0.24851, -0.00000, 0.00000, -0.24851, 0.96863, 0.00000, 0.00000, 0.00000, -0.00000, 1.00000, 0.00000, 6.34430, 30.65285, 0.00000, 1.00000, },
				{ -0.24851, 0.96863, 0.00000, 0.00000, -0.96863, -0.24851, -0.00000, 0.00000, 0.00000, -0.00000, 1.00000, 0.00000, 7.34430, 30.65285, 0.00000, 1.00000, },
			},
		},
	},
}
--End Generated

function data()
	return townbuildingutil.make_building2(
		{ { -4.60, -0.10 }, { 4.60, -0.10 }, { 4.60, 9.10 }, { -4.60, 9.10 } },
		"RESIDENTIAL", 
		"B", 
		2,
		{ 4, 4 },
		generatedData,
		"construction/building/era_b/res_2_4x4_04.gtex"
	)
end
