local townbuildingutil = require "townbuildingutil"

--Model file: "building/era_b/res_3_3x4_04.mdl"

--Begin Generated
local generatedData = {
	["base"] = {
		models = {
			["building/era_b/res_3_3x4_04.mdl"] = {
				{ 1.00000, 0.00000, 0.00000, 0.00000, 0.00000, 1.00000, 0.00000, 0.00000, 0.00000, 0.00000, 1.00000, 0.00000, 0.00000, 0.00000, 0.00000, 1.00000, },
			},
		},
		curves = {
			["scaffold"] = {
				{ { 7.65088, 3.78946, 0.00000 }, { 7.65088, 3.78946, 0.00000 }, { 7.65088, 5.80573, 0.00000 }, { 7.65088, 5.80573, 0.00000 }, { 7.65088, 5.80573, 0.00000 }, { 9.37524, 5.80573, 0.00000 }, { 9.37524, 5.80573, 0.00000 }, { 9.37524, 5.80573, 0.00000 }, { 10.95313, 7.38362, 0.00000 }, { 10.95313, 7.38362, 0.00000 }, { 10.95313, 7.38362, 0.00000 }, { 10.95313, 18.98364, 0.00000 }, { 10.95313, 18.98364, 0.00000 }, { 10.95313, 18.98364, 0.00000 }, { 9.37524, 20.56154, 0.00000 }, { 9.37524, 20.56154, 0.00000 }, { 9.37524, 20.56154, 0.00000 }, { 4.07727, 20.56154, 0.00000 }, { 4.07727, 20.56154, 0.00000 }, { 4.07727, 20.56154, 0.00000 }, { 4.07727, 24.51936, 0.00000 }, { 4.07727, 24.51936, 0.00000 }, { 4.07727, 24.51936, 0.00000 }, { -1.18005, 24.51936, 0.00000 }, { -1.18005, 24.51936, 0.00000 }, { -1.18005, 24.51936, 0.00000 }, { -1.18005, 26.95566, 0.00000 }, { -1.18005, 26.95566, 0.00000 }, { -1.18005, 26.95566, 0.00000 }, { -9.30432, 26.95566, 0.00000 }, { -9.30432, 26.95566, 0.00000 }, { -9.30432, 26.95566, 0.00000 }, { -10.88220, 25.37776, 0.00000 }, { -10.88220, 25.37776, 0.00000 }, { -10.88220, 25.37776, 0.00000 }, { -10.88220, 4.31568, 0.00000 }, { -10.88220, 4.31567, 0.00000 }, { -10.88220, 4.31567, 0.00000 }, { -9.30432, 2.73779, 0.00000 }, { -9.30432, 2.73779, 0.00000 }, { -9.30432, 2.73779, 0.00000 }, { -2.36218, 2.73779, 0.00000 }, { -2.36218, 2.73779, 0.00000 }, { -2.36218, 2.73779, 0.00000 }, { -2.36218, 5.80573, 0.00000 }, { -2.36218, 5.80573, 0.00000 }, { -2.36218, 5.80573, 0.00000 }, { 2.55090, 5.80573, 0.00000 }, { 2.55090, 5.80573, 0.00000 }, { 2.55090, 5.80573, 0.00000 }, { 2.55090, 3.78946, 0.00000 }, { 2.55090, 3.78946, 0.00000 }, },
			},
			["shared/asphalt_01.gtex.lua;shared/dirt.gtex.lua"] = {
				{ { 12.00000, 0.00000, 0.00000 }, { 12.00000, 0.00000, -0.00000 }, { 12.00000, 19.28188, -0.00001 }, { 12.00000, 19.28188, -0.00001 }, { 12.00000, 19.28188, -0.00001 }, { 12.00000, 21.28154, -0.00001 }, { 12.00000, 21.28154, -0.00001 }, { 12.00000, 21.28154, -0.00001 }, { 4.79724, 21.28154, -0.00001 }, { 4.79724, 21.28154, -0.00001 }, { 4.79724, 21.28154, -0.00001 }, { 4.79724, 25.23936, -0.00001 }, { 4.79724, 25.23936, -0.00001 }, { 4.79724, 25.23936, -0.00001 }, { -0.46008, 25.23936, -0.00001 }, { -0.46008, 25.23936, -0.00001 }, { -0.46008, 25.23936, -0.00001 }, { -0.46008, 27.67566, -0.00001 }, { -0.46008, 27.67566, -0.00001 }, { -0.46008, 27.67566, -0.00001 }, { -12.00000, 27.67566, -0.00000 }, { -12.00000, 27.67566, 0.00000 }, { -12.00000, 27.67566, 0.00000 }, { -12.00000, 0.00000, 0.00000 }, { -12.00000, 0.00000, 0.00000 }, },
			},
			["shared/grass_cutted_01.gtex.lua"] = {
				{ { 10.00000, 21.28154, -0.00001 }, { 10.00000, 21.28154, -0.00001 }, { 10.00000, 30.00000, -0.00000 }, { 10.00000, 30.00000, 0.00000 }, { 9.99999, 30.00000, -0.00000 }, { -10.00000, 30.00000, -0.00000 }, { -10.00000, 30.00000, -0.00000 }, { -10.00000, 30.00000, -0.00000 }, { -10.00000, 27.67566, -0.00001 }, { -10.00000, 27.67566, -0.00001 }, { -10.00000, 27.67566, -0.00001 }, { -0.46008, 27.67566, -0.00001 }, { -0.46008, 27.67566, -0.00001 }, { -0.46008, 27.67566, -0.00001 }, { -0.46008, 25.23936, -0.00001 }, { -0.46008, 25.23936, -0.00001 }, { -0.46008, 25.23936, -0.00001 }, { 4.79724, 25.23936, -0.00001 }, { 4.79724, 25.23936, -0.00001 }, { 4.79724, 25.23936, -0.00001 }, { 4.79724, 21.28154, -0.00001 }, { 4.79724, 21.28154, -0.00001 }, },
			},
			["shared/gravel_02.gtex.lua"] = {
				{ { 12.00000, 21.28154, -0.00001 }, { 12.00000, 21.28154, -0.00001 }, { 12.00000, 32.00000, -0.00000 }, { 12.00000, 32.00000, 0.00000 }, { 12.00000, 32.00000, 0.00000 }, { -12.00000, 32.00000, 0.00000 }, { -12.00000, 32.00000, 0.00000 }, { -12.00000, 32.00000, -0.00000 }, { -12.00000, 27.67566, -0.00000 }, { -12.00000, 27.67566, -0.00000 }, { -12.00000, 27.67566, -0.00000 }, { -10.00000, 27.67566, -0.00001 }, { -10.00000, 27.67566, -0.00001 }, { -10.00000, 27.67566, -0.00001 }, { -10.00000, 30.00000, -0.00000 }, { -10.00000, 30.00000, 0.00000 }, { -10.00000, 30.00000, 0.00000 }, { 10.00000, 30.00000, 0.00000 }, { 10.00000, 30.00000, 0.00000 }, { 10.00000, 30.00000, -0.00000 }, { 10.00000, 21.28154, -0.00001 }, { 10.00000, 21.28154, -0.00001 }, },
			},
		},
	},
	["layout_1"] = {
		models = {
			["asset/ground/garden_chair_plastic_01.mdl"] = {
				{ 0.68200, 0.73135, 0.00000, 0.00000, -0.73135, 0.68200, 0.00000, 0.00000, 0.00000, -0.00000, 1.00000, 0.00000, -0.23183, 7.46398, 30.09998, 1.00000, ignore = { 10, 10 }, },
				{ 0.46947, -0.88295, 0.00000, 0.00000, 0.88295, 0.46947, 0.00000, 0.00000, -0.00000, -0.00000, 1.00000, 0.00000, -0.09046, 7.48385, 21.09999, 1.00000, ignore = { 11, 10 }, },
				{ 0.61291, 0.79015, 0.00000, 0.00000, -0.79015, 0.61291, 0.00000, 0.00000, 0.00000, -0.00000, 1.00000, 0.00000, -1.94381, 7.53206, 6.09999, 1.00000, ignore = { 12, 10 }, },
				{ -0.66653, -0.74548, 0.00000, 0.00000, 0.74548, -0.66653, 0.00000, 0.00000, 0.00000, 0.00000, 1.00000, 0.00000, 2.54536, 22.67354, 27.09999, 1.00000, ignore = { 13, 10 }, },
			},
		},
		groups = {
			["era_a_garden_bench.grp"] = {
				{ -0.84500, -0.00000, 0.00000, 0.00000, 0.00000, -0.84500, 0.00000, 0.00000, 0.00000, 0.00000, 0.84500, 0.00000, 2.23390, 22.66317, 18.09999, 1.00000, ignore = { 5, 25 }, },
			},
			["era_a_garden_chair.grp"] = {
				{ -0.03490, -0.99939, -0.00000, 0.00000, 0.99939, -0.03490, 0.00000, 0.00000, -0.00000, 0.00000, 1.00000, 0.00000, -0.35042, 7.29031, 39.09998, 1.00000, seed = 768, ignore = { 14, 10 }, },
				{ 0.01571, 0.99988, 0.00000, 0.00000, -0.99988, 0.01571, 0.00000, 0.00000, 0.00000, -0.00000, 1.00000, 0.00000, -1.96521, 7.26130, 39.09998, 1.00000, seed = 768, ignore = { 15, 10 }, },
				{ -0.05582, 0.99844, 0.00000, 0.00000, -0.99844, -0.05582, 0.00000, 0.00000, 0.00000, -0.00000, 1.00000, 0.00000, 1.69388, 22.93432, 33.09998, 1.00000, seed = 768, ignore = { 16, 10 }, },
				{ 0.07498, -0.99719, 0.00000, 0.00000, 0.99719, 0.07498, 0.00000, 0.00000, -0.00000, 0.00000, 1.00000, 0.00000, 3.29939, 23.10957, 33.09998, 1.00000, seed = 768, ignore = { 17, 10 }, },
				{ 0.69214, 0.72176, -0.00000, 0.00000, -0.72176, 0.69214, -0.00000, 0.00000, -0.00000, 0.00000, 1.00000, 0.00000, 0.66341, 7.64112, 15.09999, 1.00000, seed = 256, ignore = { 19, 10 }, },
			},
			["era_b_sunshade_small.grp"] = {
				{ -0.81915, -0.57358, -0.00000, 0.00000, 0.57358, -0.81915, 0.00000, 0.00000, -0.00000, 0.00000, 1.00000, 0.00000, 1.00655, 6.99231, 30.09998, 1.00000, ignore = { 2, 50 }, },
				{ -0.89726, -0.44151, 0.00000, 0.00000, 0.44151, -0.89726, 0.00000, 0.00000, 0.00000, 0.00000, 1.00000, 0.00000, 1.29699, 7.67713, 36.09998, 1.00000, ignore = { 3, 50 }, },
				{ -0.74431, 0.66783, 0.00000, 0.00000, -0.66783, -0.74431, 0.00000, 0.00000, 0.00000, 0.00000, 1.00000, 0.00000, -1.11232, 7.10979, 21.09998, 1.00000, ignore = { 4, 50 }, },
				{ 0.87798, -0.47869, 0.00000, 0.00000, 0.47869, 0.87798, -0.00000, 0.00000, 0.00000, 0.00000, 1.00000, 0.00000, 1.78251, 23.27714, 39.09998, 1.00000, ignore = { 6, 50 }, },
				{ 0.74314, -0.66913, 0.00000, 0.00000, 0.66913, 0.74314, 0.00000, 0.00000, 0.00000, 0.00000, 1.00000, 0.00000, 1.83258, 23.16472, 9.09999, 1.00000, ignore = { 7, 50 }, },
				{ 0.80696, 0.59061, 0.00000, 0.00000, -0.59061, 0.80696, 0.00000, 0.00000, 0.00000, 0.00000, 1.00000, 0.00000, 1.42125, 23.23199, 27.09999, 1.00000, ignore = { 8, 50 }, },
				{ -0.74780, -0.66393, -0.00000, 0.00000, 0.66393, -0.74780, 0.00000, 0.00000, -0.00000, 0.00000, 1.00000, 0.00000, -1.21187, 6.86664, 6.09998, 1.00000, ignore = { 9, 50 }, },
				{ -0.69717, -0.71691, 0.00000, 0.00000, 0.71691, -0.69717, 0.00000, 0.00000, 0.00000, 0.00000, 1.00000, 0.00000, -1.17577, 7.37865, 39.09998, 1.00000, },
				{ 0.62932, 0.77715, 0.00000, 0.00000, -0.77715, 0.62932, 0.00000, 0.00000, 0.00000, 0.00000, 1.00000, 0.00000, 2.52383, 22.92115, 33.09998, 1.00000, },
			},
			["garden_table_round.grp"] = {
				{ 0.99297, -0.11840, -0.00000, 0.00000, 0.11840, 0.99297, 0.00000, 0.00000, 0.00000, -0.00000, 1.00000, 0.00000, -1.17577, 7.37865, 39.09998, 1.00000, seed = 768, },
				{ -0.80489, -0.59342, -0.00000, 0.00000, 0.59342, -0.80489, 0.00000, 0.00000, -0.00000, 0.00000, 1.00000, 0.00000, 2.52383, 22.92115, 33.09998, 1.00000, seed = 768, },
				{ -0.68200, -0.73135, 0.00000, 0.00000, 0.73135, -0.68200, -0.00000, 0.00000, 0.00000, -0.00000, 1.00000, 0.00000, 1.50000, 7.17057, 15.09999, 1.00000, seed = 256, ignore = { 18, 10 }, },
			},
			["random_large_tree_town.grp"] = {
				{ 0.61130, -0.63302, 0.00000, 0.00000, 0.63302, 0.61130, 0.00000, 0.00000, 0.00000, 0.00000, 0.88000, 0.00000, 7.95000, 27.80000, 0.00000, 1.00000, },
			},
			["random_medium_tree_town.grp"] = {
				{ 0.45755, 0.57522, 0.00000, 0.00000, -0.57522, 0.45755, -0.00000, 0.00000, -0.00000, -0.00000, 0.73500, 0.00000, 3.59000, 28.17000, 0.00000, 1.00000, },
			},
			["random_shrub_town.grp"] = {
				{ -0.72495, -0.68880, 0.00000, 0.00000, 0.68880, -0.72495, 0.00000, 0.00000, 0.00000, 0.00000, 1.00000, 0.00000, 7.72693, 24.19292, 0.00000, 1.00000, },
				{ 0.94935, 0.31422, 0.00000, 0.00000, -0.31422, 0.94935, 0.00000, 0.00000, 0.00000, 0.00000, 1.00000, 0.00000, 9.25000, 23.21000, 0.00000, 1.00000, },
				{ 0.29761, -0.95469, 0.00000, 0.00000, 0.95469, 0.29761, 0.00000, 0.00000, 0.00000, 0.00000, 1.00000, 0.00000, 6.82000, 22.99000, 0.00000, 1.00000, },
			},
			["random_shrub_town_fence.grp"] = {
				{ -0.50719, -0.86184, -0.00000, 0.00000, 0.86184, -0.50719, -0.00000, 0.00000, -0.00000, -0.00000, 1.00000, 0.00000, -1.56571, 28.95286, 0.00000, 1.00000, },
				{ -0.67836, 0.73473, -0.00000, 0.00000, -0.73473, -0.67836, -0.00000, 0.00000, -0.00000, -0.00000, 1.00000, 0.00000, -8.96571, 28.90285, 0.00000, 1.00000, },
				{ -0.67836, 0.73473, -0.00000, 0.00000, -0.73473, -0.67836, -0.00000, 0.00000, -0.00000, -0.00000, 1.00000, 0.00000, 0.68429, 26.30286, 0.00000, 1.00000, },
				{ 0.81657, -0.57725, 0.00000, 0.00000, 0.57725, 0.81657, -0.00000, 0.00000, -0.00000, 0.00000, 1.00000, 0.00000, -7.16571, 28.90285, 0.00000, 1.00000, },
				{ 0.81657, -0.57725, 0.00000, 0.00000, 0.57725, 0.81657, -0.00000, 0.00000, -0.00000, 0.00000, 1.00000, 0.00000, 2.48429, 26.30286, 0.00000, 1.00000, },
				{ 0.81657, -0.57725, 0.00000, 0.00000, 0.57725, 0.81657, -0.00000, 0.00000, -0.00000, 0.00000, 1.00000, 0.00000, 0.38429, 28.90285, 0.00000, 1.00000, },
				{ -0.58256, -0.81279, -0.00000, 0.00000, 0.81279, -0.58256, -0.00000, 0.00000, -0.00000, -0.00000, 1.00000, 0.00000, -5.46571, 28.90285, 0.00000, 1.00000, },
				{ -0.58256, -0.81279, -0.00000, 0.00000, 0.81279, -0.58256, -0.00000, 0.00000, -0.00000, -0.00000, 1.00000, 0.00000, 4.18429, 26.30286, 0.00000, 1.00000, },
				{ 0.72517, 0.68857, 0.00000, 0.00000, -0.68857, 0.72517, -0.00000, 0.00000, -0.00000, 0.00000, 1.00000, 0.00000, -3.56571, 28.90285, 0.00000, 1.00000, },
				{ 0.72517, 0.68857, 0.00000, 0.00000, -0.68857, 0.72517, -0.00000, 0.00000, -0.00000, 0.00000, 1.00000, 0.00000, 0.53429, 27.65285, 0.00000, 1.00000, },
			},
		},
	},
}
--End Generated

function data()
	return townbuildingutil.make_building2(
		{ { -4.60, -0.10 }, { 4.60, -0.10 }, { 4.60, 9.10 }, { -4.60, 9.10 } },
		"RESIDENTIAL", 
		"B", 
		3,
		{ 3, 4 },
		generatedData,
		"construction/building/era_b/res_3_3x4_04.gtex"
	)
end
