local townbuildingutil = require "townbuildingutil"

--Model file: "building/era_b/res_3_4x4_04.mdl"

--Begin Generated
local generatedData = {
	["base"] = {
		models = {
			["building/era_b/res_3_4x4_04.mdl"] = {
				{ 1.00000, 0.00000, 0.00000, 0.00000, 0.00000, 1.00000, 0.00000, 0.00000, 0.00000, 0.00000, 1.00000, 0.00000, 0.00000, 0.00000, 0.00000, 1.00000, },
			},
		},
		curves = {
			["scaffold"] = {
				{ { 2.77826, 2.01913, 0.00000 }, { 2.77826, 2.01913, 0.00000 }, { 2.77826, 2.62227, 0.00000 }, { 2.77826, 2.62227, 0.00000 }, { 2.77826, 2.62227, 0.00000 }, { 6.01489, 2.62227, 0.00000 }, { 6.01489, 2.62227, 0.00000 }, { 6.01489, 2.62227, 0.00000 }, { 6.01489, 7.49165, 0.00000 }, { 6.01489, 7.49165, 0.00000 }, { 6.01489, 7.49165, 0.00000 }, { 10.96753, 7.49168, 0.00000 }, { 10.96753, 7.49168, 0.00000 }, { 10.96753, 7.49168, 0.00000 }, { 10.96753, 14.66063, 0.00000 }, { 10.96753, 14.66063, 0.00000 }, { 10.96753, 14.66063, 0.00000 }, { 13.37671, 14.66054, 0.00000 }, { 13.37671, 14.66054, 0.00000 }, { 13.37671, 14.66054, 0.00000 }, { 13.37671, 24.01425, 0.00000 }, { 13.37671, 24.01425, 0.00000 }, { 13.37671, 24.01425, 0.00000 }, { 9.49512, 24.01428, 0.00000 }, { 9.49512, 24.01428, 0.00000 }, { 9.49512, 24.01428, 0.00000 }, { 9.49512, 28.74850, 0.00000 }, { 9.49512, 28.74850, 0.00000 }, { 9.49512, 28.74850, 0.00000 }, { -0.72290, 28.74847, 0.00000 }, { -0.72290, 28.74847, 0.00000 }, { -0.72290, 28.74847, 0.00000 }, { -0.72290, 25.77271, 0.00000 }, { -0.72290, 25.77271, 0.00000 }, { -0.72290, 25.77271, 0.00000 }, { -13.03833, 25.77275, 0.00000 }, { -13.03833, 25.77275, 0.00000 }, { -13.03833, 25.77275, 0.00000 }, { -13.03833, 9.92645, 0.00000 }, { -13.03833, 9.92645, 0.00000 }, { -13.03833, 9.92645, 0.00000 }, { -7.28198, 9.92648, 0.00000 }, { -7.28198, 9.92648, 0.00000 }, { -7.28198, 9.92648, 0.00000 }, { -7.28198, 2.62227, 0.00000 }, { -7.28198, 2.62227, 0.00000 }, { -7.28198, 2.62227, 0.00000 }, { -4.12195, 2.62227, 0.00000 }, { -4.12195, 2.62227, 0.00000 }, { -4.12195, 2.62227, 0.00000 }, { -4.12195, 2.01913, 0.00000 }, { -4.12195, 2.01913, 0.00000 }, },
			},
			["shared/asphalt_01.gtex.lua;shared/dirt.gtex.lua"] = {
				{ { 5.85498, 0.00000, 0.00000 }, { 5.85498, 0.00000, -0.00000 }, { 5.85498, 2.78233, -0.00003 }, { 5.85498, 2.78233, -0.00003 }, { 5.85498, 2.78233, -0.00003 }, { 10.80762, 2.78233, -0.00000 }, { 10.80762, 2.78233, 0.00000 }, { 10.80762, 2.78234, -0.00000 }, { 10.80762, 14.82068, -0.00003 }, { 10.80762, 14.82068, -0.00003 }, { 10.80762, 14.82068, -0.00003 }, { 13.21680, 14.82068, -0.00003 }, { 13.21680, 14.82068, -0.00003 }, { 13.21680, 14.82068, -0.00003 }, { 13.21680, 23.85437, -0.00003 }, { 13.21680, 23.85437, -0.00003 }, { 13.21679, 23.85437, -0.00003 }, { 9.33521, 23.85437, -0.00003 }, { 9.33521, 23.85437, -0.00003 }, { 9.33521, 23.85437, -0.00003 }, { 9.33521, 28.58856, -0.00003 }, { 9.33521, 28.58856, -0.00003 }, { 9.33520, 28.58856, -0.00003 }, { -0.56299, 28.58856, -0.00004 }, { -0.56299, 28.58856, -0.00004 }, { -0.56299, 28.58856, -0.00004 }, { -12.87842, 28.58856, -0.00000 }, { -12.87842, 28.58856, 0.00000 }, { -12.87842, 28.58856, -0.00000 }, { -12.87842, 2.78234, -0.00000 }, { -12.87842, 2.78233, -0.00000 }, { -12.87842, 2.78233, -0.00000 }, { -7.12207, 2.78233, -0.00003 }, { -7.12207, 2.78233, -0.00003 }, { -7.12207, 2.78233, -0.00003 }, { -7.12207, 0.00000, -0.00000 }, { -7.12207, 0.00000, -0.00000 }, { -7.12207, 0.00000, -0.00000 }, { -16.00000, 0.00000, -0.00000 }, { -16.00000, 0.00000, 0.00000 }, { -16.00000, 0.00001, 0.00000 }, { -16.00000, 31.99999, 0.00000 }, { -16.00000, 32.00000, 0.00000 }, { -15.99999, 32.00000, 0.00000 }, { 15.99999, 32.00000, 0.00000 }, { 16.00000, 32.00000, 0.00000 }, { 16.00000, 31.99999, 0.00000 }, { 16.00000, 0.00001, 0.00000 }, { 16.00000, 0.00000, 0.00000 }, },
				{ { 5.85498, 0.00000, 0.00000 }, { 5.85498, 0.00000, -0.00000 }, { 5.85498, 7.65178, -0.00003 }, { 5.85498, 7.65178, -0.00003 }, { 5.85498, 7.65178, -0.00003 }, { 10.80762, 7.65178, -0.00003 }, { 10.80762, 7.65178, -0.00003 }, { 10.80762, 7.65178, -0.00003 }, { 10.80762, 14.82068, -0.00003 }, { 10.80762, 14.82068, -0.00003 }, { 10.80762, 14.82068, -0.00003 }, { 13.21680, 14.82068, -0.00003 }, { 13.21680, 14.82068, -0.00003 }, { 13.21680, 14.82068, -0.00003 }, { 13.21680, 23.85437, -0.00003 }, { 13.21680, 23.85437, -0.00003 }, { 13.21679, 23.85437, -0.00003 }, { 9.33521, 23.85437, -0.00003 }, { 9.33521, 23.85437, -0.00003 }, { 9.33521, 23.85437, -0.00003 }, { 9.33521, 28.58856, -0.00003 }, { 9.33521, 28.58856, -0.00003 }, { 9.33520, 28.58856, -0.00003 }, { -0.56299, 28.58856, -0.00004 }, { -0.56299, 28.58856, -0.00004 }, { -0.56299, 28.58856, -0.00004 }, { -0.56299, 25.61278, -0.00003 }, { -0.56299, 25.61278, -0.00003 }, { -0.56299, 25.61278, -0.00003 }, { -12.87842, 25.61278, -0.00004 }, { -12.87842, 25.61278, -0.00004 }, { -12.87842, 25.61278, -0.00004 }, { -12.87842, 10.08651, -0.00003 }, { -12.87842, 10.08651, -0.00003 }, { -12.87842, 10.08651, -0.00003 }, { -7.12207, 10.08651, -0.00003 }, { -7.12207, 10.08651, -0.00003 }, { -7.12207, 10.08651, -0.00003 }, { -7.12207, 2.78233, -0.00003 }, { -7.12207, 2.78233, -0.00003 }, { -7.12207, 2.78233, -0.00003 }, { -7.12207, 0.00000, -0.00000 }, { -7.12207, 0.00000, 0.00000 }, },
			},
			["shared/grass_cutted_01.gtex.lua"] = {
				{ { -7.12207, 2.78233, -0.00003 }, { -7.12207, 2.78233, -0.00003 }, { -7.12207, 10.08651, -0.00003 }, { -7.12207, 10.08651, -0.00003 }, { -7.12207, 10.08651, -0.00003 }, { -12.87842, 10.08651, -0.00003 }, { -12.87842, 10.08651, -0.00003 }, { -12.87842, 10.08651, -0.00003 }, { -12.87842, 2.78233, -0.00000 }, { -12.87842, 2.78233, 0.00000 }, },
				{ { 10.80762, 2.78233, 0.00000 }, { 10.80762, 2.78233, -0.00000 }, { 10.80762, 7.65178, -0.00003 }, { 10.80762, 7.65178, -0.00003 }, { 10.80762, 7.65178, -0.00003 }, { 5.85498, 7.65178, -0.00003 }, { 5.85498, 7.65178, -0.00003 }, { 5.85498, 7.65178, -0.00003 }, { 5.85498, 2.78233, -0.00003 }, { 5.85498, 2.78233, -0.00003 }, },
			},
			["shared/gravel_02.gtex.lua"] = {
				{ { -0.56299, 25.61278, -0.00003 }, { -0.56299, 25.61278, -0.00003 }, { -0.56299, 28.58856, -0.00004 }, { -0.56299, 28.58856, -0.00004 }, { -0.56299, 28.58856, -0.00004 }, { -12.87842, 28.58856, -0.00000 }, { -12.87842, 28.58856, -0.00000 }, { -12.87842, 28.58856, -0.00000 }, { -12.87842, 25.61278, -0.00004 }, { -12.87842, 25.61278, -0.00004 }, },
			},
		},
	},
	["layout_1"] = {
		models = {
			["asset/ground/garden_chair_plastic_01.mdl"] = {
				{ -0.65342, 0.75700, -0.00000, 0.00000, -0.75700, -0.65342, -0.00001, 0.00000, -0.00001, -0.00000, 1.00000, 0.00000, 8.55984, 11.13375, 30.09996, 1.00000, align = { 0.00000, 0.00000 }, ignore = { 12, 10 }, },
				{ -0.83098, -0.55630, 0.00000, 0.00000, 0.55630, -0.83098, -0.00000, 0.00000, 0.00000, -0.00000, 1.00000, 0.00000, -6.81585, 23.42709, 27.09997, 1.00000, align = { 0.00000, 0.00000 }, ignore = { 13, 10 }, },
				{ -0.91283, 0.40833, -0.00000, 0.00000, -0.40833, -0.91283, 0.00000, 0.00000, -0.00000, 0.00000, 1.00000, 0.00000, -2.81317, 23.30669, 30.09997, 1.00000, align = { 0.00000, 0.00000 }, ignore = { 14, 10 }, },
				{ 0.82314, -0.56784, 0.00000, 0.00000, 0.56784, 0.82314, 0.00000, 0.00000, 0.00000, 0.00000, 1.00000, 0.00000, -5.37328, 9.37180, 36.09996, 1.00000, align = { 0.00000, 0.00000 }, ignore = { 15, 10 }, },
				{ 0.67944, 0.73373, 0.00000, 0.00000, -0.73373, 0.67944, 0.00000, 0.00000, 0.00000, -0.00000, 1.00000, 0.00000, -10.47655, 12.23122, 24.09997, 1.00000, align = { 0.00000, 0.00000 }, ignore = { 16, 10 }, },
			},
		},
		groups = {
			["era_a_garden_chair.grp"] = {
				{ 0.99705, -0.07672, 0.00000, 0.00000, 0.07672, 0.99705, 0.00000, 0.00000, -0.00000, -0.00000, 1.00000, 0.00000, 9.00185, 12.29364, 48.09996, 1.00000, align = { 0.00000, 0.00000 }, seed = 768, ignore = { 17, 10 }, },
				{ -0.99834, 0.05756, -0.00000, 0.00000, -0.05756, -0.99834, -0.00000, 0.00000, -0.00000, 0.00000, 1.00000, 0.00000, 8.96321, 10.67905, 48.09996, 1.00000, align = { 0.00000, 0.00000 }, seed = 768, ignore = { 18, 10 }, },
				{ 0.04188, 0.99912, 0.00000, 0.00000, -0.99912, 0.04188, 0.00000, 0.00000, 0.00000, -0.00000, 1.00000, 0.00000, -3.55698, 23.32944, 45.09996, 1.00000, align = { 0.00000, 0.00000 }, seed = 768, ignore = { 19, 10 }, },
				{ -0.02269, -0.99974, 0.00000, 0.00000, 0.99974, -0.02269, 0.00000, 0.00000, -0.00000, 0.00000, 1.00000, 0.00000, -1.94202, 23.34718, 45.09996, 1.00000, align = { 0.00000, 0.00000 }, seed = 768, ignore = { 20, 10 }, },
				{ -0.15299, -0.98823, 0.00000, 0.00000, 0.98823, -0.15299, 0.00000, 0.00000, -0.00000, 0.00000, 1.00000, 0.00000, -8.70183, 11.71373, 45.09996, 1.00000, align = { 0.00000, 0.00000 }, seed = 768, ignore = { 21, 10 }, },
				{ 0.13399, 0.99098, 0.00000, 0.00000, -0.99098, 0.13399, 0.00000, 0.00000, 0.00000, -0.00000, 1.00000, 0.00000, -10.30870, 11.87612, 45.09996, 1.00000, align = { 0.00000, 0.00000 }, seed = 768, ignore = { 22, 10 }, },
				{ 0.59342, 0.80489, -0.00000, 0.00000, -0.80489, 0.59342, 0.00000, 0.00000, 0.00000, -0.00000, 1.00000, 0.00000, 8.64146, 12.03774, 12.09996, 1.00000, align = { 0.00000, 0.00000 }, seed = 256, ignore = { 25, 10 }, },
				{ 0.12533, -0.99211, 0.00000, 0.00000, 0.99211, 0.12533, 0.00000, 0.00000, -0.00000, -0.00000, 1.00000, 0.00000, -9.53936, 12.01972, 12.09997, 1.00000, align = { 0.00000, 0.00000 }, seed = 256, ignore = { 26, 10 }, },
				{ -0.79229, 0.61015, -0.00000, 0.00000, -0.61015, -0.79229, 0.00000, 0.00000, -0.00000, 0.00000, 1.00000, 0.00000, -3.00823, 23.60545, 9.09997, 1.00000, align = { 0.00000, 0.00000 }, seed = 256, ignore = { 28, 10 }, },
			},
			["era_b_garbage_container.grp"] = {
				{ -0.99939, 0.03490, -0.00000, 0.00000, -0.03490, -0.99939, 0.00000, 0.00000, -0.00000, 0.00000, 1.00000, 0.00000, -2.95000, 26.75000, 0.00000, 1.00000, seed = 456, },
				{ -0.99978, -0.02094, -0.00000, 0.00000, 0.02094, -0.99978, 0.00000, 0.00000, -0.00000, 0.00000, 1.00000, 0.00000, -6.30000, 26.75000, 0.00000, 1.00000, seed = 456, },
				{ -0.99951, 0.03141, -0.00000, 0.00000, -0.03141, -0.99951, 0.00000, 0.00000, -0.00000, 0.00000, 1.00000, 0.00000, -9.95000, 26.75000, 0.00000, 1.00000, seed = 456, },
			},
			["era_b_sunshade_small.grp"] = {
				{ -0.37461, -0.92718, -0.00000, 0.00000, 0.92718, -0.37461, 0.00000, 0.00000, -0.00000, 0.00000, 1.00000, 0.00000, 9.43457, 12.14267, 39.09996, 1.00000, align = { 0.00000, 0.00000 }, ignore = { 2, 50 }, },
				{ 1.00000, 0.00000, 0.00000, 0.00000, 0.00000, 1.00000, 0.00000, 0.00000, 0.00000, 0.00000, 1.00000, 0.00000, -7.57858, 23.73779, 39.09996, 1.00000, align = { 0.00000, 0.00000 }, ignore = { 3, 50 }, },
				{ 0.66913, 0.74314, 0.00000, 0.00000, -0.74314, 0.66913, -0.00000, 0.00000, -0.00000, 0.00000, 1.00000, 0.00000, -7.75674, 24.10966, 27.09997, 1.00000, align = { 0.00000, 0.00000 }, ignore = { 4, 50 }, },
				{ 1.00000, 0.00000, 0.00000, 0.00000, -0.00000, 1.00000, 0.00000, 0.00000, -0.00000, -0.00000, 1.00000, 0.00000, -2.52338, 23.93376, 30.09997, 1.00000, align = { 0.00000, 0.00000 }, ignore = { 5, 50 }, },
				{ -0.69466, 0.71934, 0.00000, 0.00000, -0.71934, -0.69466, 0.00000, 0.00000, 0.00000, 0.00000, 1.00000, 0.00000, -5.61063, 7.88551, 30.09996, 1.00000, align = { 0.00000, 0.00000 }, ignore = { 6, 50 }, },
				{ 0.60460, -0.79653, 0.00000, 0.00000, 0.79653, 0.60460, -0.00000, 0.00000, 0.00000, 0.00000, 1.00000, 0.00000, 9.22522, 11.80266, 24.09997, 1.00000, align = { 0.00000, 0.00000 }, ignore = { 7, 50 }, },
				{ 0.65869, -0.75241, 0.00000, 0.00000, 0.75241, 0.65869, 0.00000, 0.00000, -0.00000, -0.00000, 1.00000, 0.00000, -7.94560, 24.02704, 15.09997, 1.00000, align = { 0.00000, 0.00000 }, ignore = { 8, 50 }, },
				{ -0.06976, 0.99756, 0.00000, 0.00000, -0.99756, -0.06976, 0.00000, 0.00000, 0.00000, -0.00000, 1.00000, 0.00000, -5.55266, 8.81117, 18.09996, 1.00000, align = { 0.00000, 0.00000 }, ignore = { 9, 50 }, },
				{ -0.98902, -0.14781, 0.00000, 0.00000, 0.14781, -0.98902, 0.00000, 0.00000, 0.00000, 0.00000, 1.00000, 0.00000, -9.07113, 11.81571, 36.09996, 1.00000, align = { 0.00000, 0.00000 }, ignore = { 10, 50 }, },
				{ -0.80489, 0.59342, 0.00000, 0.00000, -0.59342, -0.80489, 0.00000, 0.00000, 0.00000, 0.00000, 1.00000, 0.00000, -9.61033, 11.68253, 18.09997, 1.00000, align = { 0.00000, 0.00000 }, ignore = { 11, 50 }, },
				{ 0.68709, -0.72657, 0.00000, 0.00000, 0.72657, 0.68709, 0.00000, 0.00000, -0.00000, 0.00000, 1.00000, 0.00000, 8.87902, 11.47272, 48.09996, 1.00000, align = { 0.00000, 0.00000 }, },
				{ 0.70215, 0.71203, 0.00000, 0.00000, -0.71203, 0.70215, 0.00000, 0.00000, 0.00000, 0.00000, 1.00000, 0.00000, -2.73227, 23.23534, 45.09996, 1.00000, align = { 0.00000, 0.00000 }, },
				{ -0.77715, -0.62932, 0.00000, 0.00000, 0.62932, -0.77715, 0.00000, 0.00000, 0.00000, 0.00000, 1.00000, 0.00000, -9.51091, 11.89917, 45.09996, 1.00000, align = { 0.00000, 0.00000 }, },
			},
			["garden_table_round.grp"] = {
				{ 0.15988, 0.98714, 0.00000, 0.00000, -0.98714, 0.15988, -0.00000, 0.00000, -0.00000, 0.00000, 1.00000, 0.00000, 8.87902, 11.47272, 48.09996, 1.00000, align = { 0.00000, 0.00000 }, seed = 768, },
				{ -0.99211, 0.12533, -0.00000, 0.00000, -0.12533, -0.99211, 0.00000, 0.00000, -0.00000, 0.00000, 1.00000, 0.00000, -2.73227, 23.23534, 45.09996, 1.00000, align = { 0.00000, 0.00000 }, seed = 768, },
				{ 0.91068, 0.41310, -0.00000, 0.00000, -0.41310, 0.91068, 0.00000, 0.00000, 0.00000, -0.00000, 1.00000, 0.00000, -9.51091, 11.89917, 45.09996, 1.00000, align = { 0.00000, 0.00000 }, seed = 768, },
				{ 1.00000, 0.00000, -0.00001, 0.00000, -0.00000, 1.00000, -0.00000, 0.00000, 0.00001, 0.00000, 1.00000, 0.00000, 8.84904, 11.12092, 12.09996, 1.00000, align = { 0.00000, 0.00000 }, seed = 256, ignore = { 23, 10 }, },
				{ 1.00000, 0.00000, 0.00000, 0.00000, 0.00000, 1.00000, 0.00000, 0.00000, 0.00000, -0.00000, 1.00000, 0.00000, -10.29426, 11.87070, 12.09996, 1.00000, align = { 0.00000, 0.00000 }, seed = 256, ignore = { 24, 10 }, },
				{ 1.00000, 0.00000, 0.00000, 0.00000, 0.00000, 1.00000, 0.00000, 0.00000, 0.00000, 0.00000, 1.00000, 0.00000, -2.10161, 23.85055, 9.09996, 1.00000, align = { 0.00000, 0.00000 }, seed = 256, ignore = { 27, 10 }, },
			},
			["random_medium_tree_town.grp"] = {
				{ -0.49242, -0.87036, 0.00000, 0.00000, 0.87036, -0.49242, -0.00000, 0.00000, 0.00000, 0.00000, 1.00000, 0.00000, 9.09000, 4.67000, 0.00000, 1.00000, },
			},
			["random_shrub_town.grp"] = {
				{ 0.49342, -0.86979, 0.00000, 0.00000, 0.86979, 0.49342, 0.00000, 0.00000, 0.00000, 0.00000, 1.00000, 0.00000, -9.06000, 4.80000, 0.00000, 1.00000, },
				{ 0.31672, 0.94852, 0.00000, 0.00000, -0.94852, 0.31672, 0.00000, 0.00000, 0.00000, 0.00000, 1.00000, 0.00000, 9.07000, 5.91000, 0.00000, 1.00000, },
				{ 0.31672, 0.94852, 0.00000, 0.00000, -0.94852, 0.31672, 0.00000, 0.00000, 0.00000, 0.00000, 1.00000, 0.00000, -11.23307, 4.86292, 0.00000, 1.00000, },
				{ -0.72495, -0.68880, 0.00000, 0.00000, 0.68880, -0.72495, 0.00000, 0.00000, 0.00000, 0.00000, 1.00000, 0.00000, 7.42693, 4.59292, 0.00000, 1.00000, },
				{ -0.72495, -0.68880, 0.00000, 0.00000, 0.68880, -0.72495, 0.00000, 0.00000, 0.00000, 0.00000, 1.00000, 0.00000, 8.80693, 4.59292, 0.00000, 1.00000, },
				{ 0.94935, 0.31422, 0.00000, 0.00000, -0.31422, 0.94935, 0.00000, 0.00000, 0.00000, 0.00000, 1.00000, 0.00000, 6.72000, 6.09000, 0.00000, 1.00000, },
				{ -0.70887, 0.70534, 0.00000, 0.00000, -0.70534, -0.70887, 0.00000, 0.00000, 0.00000, 0.00000, 1.00000, 0.00000, -10.95000, 8.00000, 0.00000, 1.00000, },
				{ 0.99915, -0.04112, 0.00000, 0.00000, 0.04112, 0.99915, 0.00000, 0.00000, 0.00000, 0.00000, 1.00000, 0.00000, -9.11000, 8.18000, 0.00000, 1.00000, },
				{ -0.85845, 0.51290, 0.00000, 0.00000, -0.51290, -0.85845, 0.00000, 0.00000, 0.00000, 0.00000, 1.00000, 0.00000, -10.87000, 6.34000, 0.00000, 1.00000, },
				{ 0.99749, -0.07075, 0.00000, 0.00000, 0.07075, 0.99749, 0.00000, 0.00000, 0.00000, 0.00000, 1.00000, 0.00000, -9.03000, 6.34000, 0.00000, 1.00000, },
			},
		},
	},
}
--End Generated

function data()
	return townbuildingutil.make_building2(
		{ { -4.60, -0.10 }, { 4.60, -0.10 }, { 4.60, 9.10 }, { -4.60, 9.10 } },
		"RESIDENTIAL", 
		"B", 
		3,
		{ 4, 4 },
		generatedData,
		"construction/building/era_b/res_3_4x4_04.gtex"
	)
end
