local townbuildingutil = require "townbuildingutil"

--Model file: "building/era_b/res_2_2x3_02.mdl"

--Begin Generated
local generatedData = {
	["base"] = {
		models = {
			["building/era_b/res_2_2x3_02.mdl"] = {
				{ 1.00000, 0.00000, 0.00000, 0.00000, 0.00000, 1.00000, 0.00000, 0.00000, 0.00000, 0.00000, 1.00000, 0.00000, 0.00000, -1.10000, 0.00000, 1.00000, },
			},
		},
		curves = {
			["scaffold"] = {
				{ { 4.96338, 3.02797, 0.00000 }, { 4.96338, 3.02797, 0.00000 }, { 4.96338, 3.50457, 0.00000 }, { 4.96338, 3.50457, 0.00000 }, { 4.96338, 3.50457, 0.00000 }, { 7.15224, 3.50457, 0.00000 }, { 7.15224, 3.50457, 0.00000 }, { 7.15224, 3.50457, 0.00000 }, { 7.15224, 12.79967, 0.00000 }, { 7.15224, 12.79968, 0.00000 }, { 7.15224, 12.79968, 0.00000 }, { -7.21742, 12.79969, 0.00000 }, { -7.21742, 12.79969, 0.00000 }, { -7.21742, 12.79968, 0.00000 }, { -7.21742, 3.50456, 0.00000 }, { -7.21742, 3.50456, 0.00000 }, { -7.21742, 3.50456, 0.00000 }, { -5.04742, 3.50456, 0.00000 }, { -5.04742, 3.50456, 0.00000 }, { -5.04742, 3.50456, 0.00000 }, { -5.04742, 3.02797, 0.00000 }, { -5.04742, 3.02797, 0.00000 }, { -5.04742, 3.02797, 0.00000 }, { -3.04749, 3.02800, 0.00000 }, { -3.04749, 3.02800, 0.00000 }, { -3.04749, 3.02800, 0.00000 }, { -3.04749, 3.50456, 0.00000 }, { -3.04749, 3.50456, 0.00000 }, { -3.04749, 3.50456, 0.00000 }, { 2.96338, 3.50456, 0.00000 }, { 2.96338, 3.50456, 0.00000 }, { 2.96338, 3.50456, 0.00000 }, { 2.96338, 3.02800, 0.00000 }, { 2.96338, 3.02800, 0.00000 }, },
			},
			["shared/asphalt_01.gtex.lua;shared/dirt.gtex.lua"] = {
				{ { 8.00000, 0.00000, 0.00000 }, { 8.00000, 0.00000, 0.00000 }, { 8.00000, 13.12536, 0.00000 }, { 8.00000, 13.12536, 0.00000 }, { 8.00000, 13.12536, 0.00000 }, { -8.00000, 13.12537, 0.00000 }, { -8.00000, 13.12537, 0.00000 }, { -8.00000, 13.12537, 0.00000 }, { -8.00000, 0.00000, 0.00000 }, { -8.00000, 0.00000, 0.00000 }, },
			},
			["shared/grass_cutted_01.gtex.lua"] = {
				{ { 8.00000, 13.12536, 0.00000 }, { 8.00000, 13.12537, 0.00000 }, { 8.00000, 24.00000, 0.00000 }, { 8.00000, 24.00000, 0.00000 }, { 8.00000, 24.00000, 0.00000 }, { -8.00000, 24.00000, 0.00000 }, { -8.00000, 24.00000, 0.00000 }, { -8.00000, 24.00000, 0.00000 }, { -8.00000, 13.12537, 0.00000 }, { -8.00000, 13.12537, 0.00000 }, { -8.00000, 13.12537, 0.00000 }, { 0.00000, 13.12537, 0.00000 }, { 0.00000, 13.12537, 0.00000 }, { 0.00000, 13.12537, 0.00000 }, { 0.00000, 17.00000, 0.00000 }, { 0.00000, 17.00000, 0.00000 }, { 0.00000, 17.00000, 0.00000 }, { 4.00000, 17.00000, 0.00000 }, { 4.00000, 17.00000, 0.00000 }, { 4.00000, 17.00000, 0.00000 }, { 4.00000, 13.12537, 0.00000 }, { 4.00000, 13.12537, 0.00000 }, },
			},
			["shared/gravel_02.gtex.lua"] = {
				{ { 4.00000, 13.12537, 0.00000 }, { 4.00000, 13.12537, 0.00000 }, { 4.00000, 17.00000, 0.00000 }, { 4.00000, 17.00000, 0.00000 }, { 4.00000, 17.00000, 0.00000 }, { 0.00000, 17.00000, 0.00000 }, { 0.00000, 17.00000, 0.00000 }, { 0.00000, 17.00000, 0.00000 }, { 0.00000, 13.12537, 0.00000 }, { 0.00000, 13.12537, 0.00000 }, },
			},
		},
	},
	["layout_1"] = {
		models = {
			["asset/ground/container_wood.mdl"] = {
				{ -1.00000, 0.00000, -0.00000, 0.00000, -0.00000, -1.00000, 0.00000, 0.00000, -0.00000, 0.00000, 1.00000, 0.00000, 1.75000, 13.11000, 0.00000, 1.00000, ignore = { 9, 25 }, },
			},
			["asset/ground/garden_chair_plastic_01.mdl"] = {
				{ 1.00000, 0.00000, 0.00000, 0.00000, 0.00000, 1.00000, 0.00000, 0.00000, 0.00000, 0.00000, 1.00000, 0.00000, -4.28289, 3.72472, 6.09999, 1.00000, align = { 0.00000, -1.10000 }, ignore = { 5, 25 }, },
				{ 0.62388, 0.78152, 0.00000, 0.00000, -0.78152, 0.62388, 0.00000, 0.00000, 0.00000, 0.00000, 1.00000, 0.00000, 3.32359, 3.76527, 6.09999, 1.00000, align = { 0.00000, -1.10000 }, ignore = { 6, 25 }, },
			},
		},
		groups = {
			["era_a_garden_ladder.grp"] = {
				{ 0.64812, -0.76154, 0.00000, 0.00000, 0.76154, 0.64812, 0.00000, 0.00000, 0.00000, 0.00000, 1.00000, 0.00000, 1.37000, 15.13000, 0.00000, 1.00000, ignore = { 8, 25 }, },
			},
			["era_b_sunshade_small.grp"] = {
				{ -0.63579, -0.55659, -0.00000, 0.00000, 0.55659, -0.63579, 0.00000, 0.00000, -0.00000, 0.00000, 0.84500, 0.00000, 4.69247, 3.08056, 3.09999, 1.00000, align = { 0.00000, -1.10000 }, ignore = { 2, 80 }, },
				{ -0.33017, 0.77783, 0.00000, 0.00000, -0.77783, -0.33017, -0.00000, 0.00000, -0.00000, -0.00000, 0.84500, 0.00000, -4.81373, 3.19045, 6.09999, 1.00000, align = { 0.00000, -1.10000 }, ignore = { 3, 80 }, },
				{ -0.77134, -0.34504, -0.00000, 0.00000, 0.34504, -0.77134, 0.00000, 0.00000, -0.00000, 0.00000, 0.84500, 0.00000, -3.39106, 3.63387, 3.09999, 1.00000, align = { 0.00000, -1.10000 }, ignore = { 4, 80 }, },
			},
			["garden_table_round.grp"] = {
				{ 0.61841, -0.78586, 0.00000, 0.00000, 0.78586, 0.61841, 0.00000, 0.00000, 0.00000, 0.00000, 1.00000, 0.00000, 4.34142, 3.65008, 6.09999, 1.00000, align = { 0.00000, -1.10000 }, ignore = { 7, 50 }, },
			},
			["random_large_tree_town.grp"] = {
				{ -0.95106, 0.30902, 0.00000, 0.00000, -0.30902, -0.95106, 0.00000, 0.00000, 0.00000, 0.00000, 1.00000, 0.00000, -3.90000, 20.57000, 0.00000, 1.00000, },
			},
			["random_medium_tree_town.grp"] = {
				{ -0.68862, -0.01322, 0.00000, 0.00000, 0.01322, -0.68862, 0.00000, 0.00000, 0.00000, 0.00000, 0.68875, 0.00000, -4.41000, 17.26000, 0.00000, 1.00000, },
				{ -0.11086, -0.74176, 0.00000, 0.00000, 0.74176, -0.11086, 0.00000, 0.00000, -0.00000, 0.00000, 0.75000, 0.00000, 0.74000, 20.36000, 0.00000, 1.00000, },
			},
			["random_shrub_town_fence.grp"] = {
				{ -0.24256, 0.97014, -0.00000, 0.00000, -0.97014, -0.24256, 0.00000, 0.00000, -0.00000, 0.00000, 1.00000, 0.00000, -2.43572, 23.01286, 0.00000, 1.00000, },
				{ 0.97014, 0.24256, 0.00000, 0.00000, -0.24256, 0.97014, -0.00000, 0.00000, -0.00000, -0.00000, 1.00000, 0.00000, -7.24405, 16.57119, 0.00000, 1.00000, },
				{ 0.97014, 0.24256, 0.00000, 0.00000, -0.24256, 0.97014, -0.00000, 0.00000, -0.00000, -0.00000, 1.00000, 0.00000, 7.15595, 16.57119, 0.00000, 1.00000, },
				{ -0.24256, 0.97014, -0.00000, 0.00000, -0.97014, -0.24256, 0.00000, 0.00000, -0.00000, 0.00000, 1.00000, 0.00000, 4.81428, 23.01286, 0.00000, 1.00000, },
				{ -0.24256, 0.97014, -0.00000, 0.00000, -0.97014, -0.24256, 0.00000, 0.00000, -0.00000, 0.00000, 1.00000, 0.00000, -3.83572, 22.96286, 0.00000, 1.00000, },
				{ 0.97014, 0.24256, 0.00000, 0.00000, -0.24256, 0.97014, -0.00000, 0.00000, -0.00000, -0.00000, 1.00000, 0.00000, -7.29405, 17.97119, 0.00000, 1.00000, },
				{ 0.97014, 0.24256, 0.00000, 0.00000, -0.24256, 0.97014, -0.00000, 0.00000, -0.00000, -0.00000, 1.00000, 0.00000, 7.10595, 17.97119, 0.00000, 1.00000, },
				{ -0.24256, 0.97014, -0.00000, 0.00000, -0.97014, -0.24256, 0.00000, 0.00000, -0.00000, 0.00000, 1.00000, 0.00000, 3.41428, 22.96286, 0.00000, 1.00000, },
				{ -0.24256, 0.97014, -0.00000, 0.00000, -0.97014, -0.24256, 0.00000, 0.00000, -0.00000, 0.00000, 1.00000, 0.00000, -1.13572, 22.96286, 0.00000, 1.00000, },
				{ 0.97014, 0.24256, 0.00000, 0.00000, -0.24256, 0.97014, -0.00000, 0.00000, -0.00000, -0.00000, 1.00000, 0.00000, -7.29405, 15.27119, 0.00000, 1.00000, },
				{ 0.97014, 0.24256, 0.00000, 0.00000, -0.24256, 0.97014, -0.00000, 0.00000, -0.00000, -0.00000, 1.00000, 0.00000, 7.10595, 15.27119, 0.00000, 1.00000, },
				{ -0.24256, 0.97014, -0.00000, 0.00000, -0.97014, -0.24256, 0.00000, 0.00000, -0.00000, 0.00000, 1.00000, 0.00000, 6.11428, 22.96286, 0.00000, 1.00000, },
				{ -0.47812, -0.87830, -0.00000, 0.00000, 0.87830, -0.47812, 0.00000, 0.00000, -0.00000, 0.00000, 1.00000, 0.00000, 7.16428, 22.96286, 0.00000, 1.00000, },
				{ -0.24256, 0.97014, -0.00000, 0.00000, -0.97014, -0.24256, 0.00000, 0.00000, -0.00000, 0.00000, 1.00000, 0.00000, -5.33572, 23.01286, 0.00000, 1.00000, },
				{ 0.97014, 0.24256, 0.00000, 0.00000, -0.24256, 0.97014, -0.00000, 0.00000, -0.00000, -0.00000, 1.00000, 0.00000, -7.24405, 19.47119, 0.00000, 1.00000, },
				{ 0.97014, 0.24256, 0.00000, 0.00000, -0.24256, 0.97014, -0.00000, 0.00000, -0.00000, -0.00000, 1.00000, 0.00000, 7.15595, 19.47119, 0.00000, 1.00000, },
				{ -0.24256, 0.97014, -0.00000, 0.00000, -0.97014, -0.24256, 0.00000, 0.00000, -0.00000, 0.00000, 1.00000, 0.00000, 1.91428, 23.01286, 0.00000, 1.00000, },
				{ 0.24256, -0.97014, 0.00000, 0.00000, 0.97014, 0.24256, 0.00000, 0.00000, -0.00000, 0.00000, 1.00000, 0.00000, -7.33572, 23.01286, 0.00000, 1.00000, },
				{ -0.97014, -0.24256, -0.00000, 0.00000, 0.24256, -0.97014, -0.00000, 0.00000, -0.00000, -0.00000, 1.00000, 0.00000, -7.24405, 21.47119, 0.00000, 1.00000, },
				{ -0.97014, -0.24256, -0.00000, 0.00000, 0.24256, -0.97014, -0.00000, 0.00000, -0.00000, -0.00000, 1.00000, 0.00000, 7.15595, 21.47119, 0.00000, 1.00000, },
				{ 0.24256, -0.97014, 0.00000, 0.00000, 0.97014, 0.24256, 0.00000, 0.00000, -0.00000, 0.00000, 1.00000, 0.00000, -0.08572, 23.01286, 0.00000, 1.00000, },
				{ -0.97014, -0.24256, -0.00000, 0.00000, 0.24256, -0.97014, -0.00000, 0.00000, -0.00000, -0.00000, 1.00000, 0.00000, -7.24405, 14.22119, 0.00000, 1.00000, },
				{ -0.97014, -0.24256, -0.00000, 0.00000, 0.24256, -0.97014, -0.00000, 0.00000, -0.00000, -0.00000, 1.00000, 0.00000, 7.15595, 14.22119, 0.00000, 1.00000, },
			},
		},
	},
}
--End Generated

function data()
	return townbuildingutil.make_building2(
		{ { -4.60, -0.10 }, { 4.60, -0.10 }, { 4.60, 9.10 }, { -4.60, 9.10 } },
		"RESIDENTIAL", 
		"B", 
		2,
		{ 2, 3 },
		generatedData,
		"construction/building/era_b/res_2_2x3_02.gtex"
	)
end
