local townbuildingutil = require "townbuildingutil"

--Model file: "building/era_b/res_2_4x4_01.mdl"

--Begin Generated
local generatedData = {
	["base"] = {
		models = {
			["building/era_b/res_2_4x4_01.mdl"] = {
				{ 1.00000, 0.00000, 0.00000, 0.00000, 0.00000, 1.00000, 0.00000, 0.00000, 0.00000, 0.00000, 1.00000, 0.00000, 0.00000, -1.50000, 0.00000, 1.00000, },
			},
		},
		curves = {
			["scaffold"] = {
				{ { 9.32300, 5.63823, 0.00000 }, { 9.32300, 5.63823, 0.00000 }, { 9.32300, 7.37101, 0.00000 }, { 9.32300, 7.37101, 0.00000 }, { 9.32300, 7.37101, 0.00000 }, { 11.17139, 7.37101, 0.00000 }, { 11.17139, 7.37101, 0.00000 }, { 11.17139, 7.37101, 0.00000 }, { 11.17139, 11.64000, 0.00000 }, { 11.17139, 11.64000, 0.00000 }, { 11.17139, 11.64000, 0.00000 }, { 11.57727, 11.64000, 0.00000 }, { 11.57727, 11.64000, 0.00000 }, { 11.57727, 11.64000, 0.00000 }, { 11.57727, 15.02302, 0.00000 }, { 11.57727, 15.02302, 0.00000 }, { 11.57727, 15.02302, 0.00000 }, { 11.17142, 15.02302, 0.00000 }, { 11.17142, 15.02302, 0.00000 }, { 11.17142, 15.02302, 0.00000 }, { 11.17142, 19.55691, 0.00000 }, { 11.17142, 19.55691, 0.00000 }, { 11.17142, 19.55691, 0.00000 }, { 0.47440, 19.55693, 0.00000 }, { 0.47440, 19.55693, 0.00000 }, { 0.47440, 19.55693, 0.00000 }, { 0.46768, 23.21332, 0.00000 }, { 0.46768, 23.21332, 0.00000 }, { 0.46768, 23.21332, 0.00000 }, { -11.80777, 23.21284, 0.00000 }, { -11.80777, 23.21284, 0.00000 }, { -11.80777, 23.21284, 0.00000 }, { -11.81445, 7.27101, 0.00000 }, { -11.81445, 7.27101, 0.00000 }, { -11.81445, 7.27101, 0.00000 }, { -10.13098, 7.27101, 0.00000 }, { -10.13098, 7.27101, 0.00000 }, { -10.13098, 7.27101, 0.00000 }, { -10.13098, 5.63823, 0.00000 }, { -10.13098, 5.63823, 0.00000 }, { -10.13098, 5.63823, 0.00000 }, { -4.79639, 5.63823, 0.00000 }, { -4.79639, 5.63823, 0.00000 }, { -4.79639, 5.63823, 0.00000 }, { -4.79639, 7.27774, 0.00000 }, { -4.79639, 7.27774, 0.00000 }, { -4.79639, 7.27774, 0.00000 }, { -3.63815, 7.27774, 0.00000 }, { -3.63815, 7.27774, 0.00000 }, { -3.63815, 7.27774, 0.00000 }, { -3.63684, 6.12973, 0.00000 }, { -3.63684, 6.12973, 0.00000 }, { -3.63684, 6.12973, 0.00000 }, { 2.86407, 6.12972, 0.00000 }, { 2.86407, 6.12972, 0.00000 }, { 2.86407, 6.12972, 0.00000 }, { 2.86554, 7.27773, 0.00000 }, { 2.86554, 7.27773, 0.00000 }, { 2.86554, 7.27773, 0.00000 }, { 3.98840, 7.27773, 0.00000 }, { 3.98840, 7.27773, 0.00000 }, { 3.98840, 7.27773, 0.00000 }, { 3.98840, 5.63823, 0.00000 }, { 3.98840, 5.63823, 0.00000 }, },
			},
			["shared/asphalt_01.gtex.lua;shared/dirt.gtex.lua"] = {
				{ { 16.00000, 0.00000, 0.00000 }, { 16.00000, 0.00000, 0.00000 }, { 16.00000, 18.00000, 0.00000 }, { 16.00000, 18.00000, 0.00000 }, { 16.00000, 18.00000, 0.00000 }, { 11.87146, 18.00000, 0.00000 }, { 11.87146, 18.00000, 0.00000 }, { 11.87146, 18.00000, -0.00000 }, { 11.87146, 20.25694, -0.00007 }, { 11.87146, 20.25694, -0.00007 }, { 11.87146, 20.25694, -0.00007 }, { 1.17444, 20.25694, -0.00008 }, { 1.17444, 20.25694, -0.00008 }, { 1.17444, 20.25694, -0.00008 }, { 1.17444, 23.91309, -0.00007 }, { 1.17444, 23.91309, -0.00007 }, { 1.17444, 23.91309, -0.00007 }, { -12.51452, 23.91309, -0.00007 }, { -12.51452, 23.91309, -0.00007 }, { -12.51452, 23.91308, -0.00007 }, { -12.51453, 6.57101, -0.00008 }, { -12.51453, 6.57101, -0.00008 }, { -12.51453, 6.57101, -0.00008 }, { -16.00000, 6.57101, -0.00000 }, { -16.00000, 6.57101, -0.00000 }, { -16.00000, 6.57101, -0.00000 }, { -16.00000, 0.00000, -0.00000 }, { -16.00000, 0.00000, 0.00000 }, { -16.00000, 0.00000, 0.00000 }, { -13.00000, 0.00000, 0.00000 }, { -13.00000, 0.00000, 0.00000 }, { -13.00000, 0.00000, 0.00000 }, { -13.00000, 4.00000, 0.00000 }, { -13.00000, 4.00000, 0.00000 }, { -13.00000, 4.00000, 0.00000 }, { -5.00000, 4.00000, 0.00000 }, { -5.00000, 4.00000, 0.00000 }, { -5.00000, 4.00000, 0.00000 }, { -5.00000, 0.00000, 0.00000 }, { -5.00000, 0.00000, 0.00000 }, { -5.00000, 0.00000, 0.00000 }, { 4.00000, 0.00000, 0.00000 }, { 4.00000, 0.00000, 0.00000 }, { 4.00000, 0.00000, 0.00000 }, { 4.00000, 4.00000, 0.00000 }, { 4.00000, 4.00000, 0.00000 }, { 4.00000, 4.00000, 0.00000 }, { 13.00000, 4.00000, 0.00000 }, { 13.00000, 4.00000, 0.00000 }, { 13.00000, 4.00000, 0.00000 }, { 13.00000, 0.00000, 0.00000 }, { 13.00000, 0.00000, 0.00000 }, },
			},
			["shared/grass_cutted_01.gtex.lua"] = {
				{ { 16.00000, 18.00000, 0.00000 }, { 16.00000, 18.00000, 0.00000 }, { 16.00000, 32.00000, 0.00000 }, { 16.00000, 32.00000, 0.00000 }, { 15.99999, 32.00000, 0.00000 }, { -15.99999, 32.00000, 0.00000 }, { -16.00000, 32.00000, 0.00000 }, { -16.00000, 31.99999, -0.00000 }, { -16.00000, 6.57101, -0.00000 }, { -16.00000, 6.57101, -0.00000 }, { -16.00000, 6.57101, -0.00000 }, { -12.51453, 6.57101, -0.00008 }, { -12.51453, 6.57101, -0.00008 }, { -12.51453, 6.57101, -0.00008 }, { -12.51453, 23.91308, -0.00007 }, { -12.51453, 23.91309, -0.00007 }, { -12.51452, 23.91309, -0.00007 }, { 1.17444, 23.91309, -0.00007 }, { 1.17444, 23.91309, -0.00007 }, { 1.17444, 23.91309, -0.00007 }, { 1.17444, 27.00000, -0.00000 }, { 1.17444, 27.00000, 0.00000 }, { 1.17444, 27.00000, -0.00000 }, { 11.87146, 27.00000, -0.00000 }, { 11.87146, 27.00000, -0.00000 }, { 11.87146, 27.00000, -0.00000 }, { 11.87146, 18.00000, -0.00007 }, { 11.87146, 18.00000, -0.00007 }, },
				{ { -5.00000, 0.00000, 0.00000 }, { -5.00000, 0.00000, 0.00000 }, { -5.00000, 4.00000, 0.00000 }, { -5.00000, 4.00000, 0.00000 }, { -5.00000, 4.00000, 0.00000 }, { -13.00000, 4.00000, 0.00000 }, { -13.00000, 4.00000, 0.00000 }, { -13.00000, 4.00000, 0.00000 }, { -13.00000, 0.00000, 0.00000 }, { -13.00000, 0.00000, 0.00000 }, },
				{ { 13.00000, 0.00000, 0.00000 }, { 13.00000, 0.00000, 0.00000 }, { 13.00000, 4.00000, 0.00000 }, { 13.00000, 4.00000, 0.00000 }, { 13.00000, 4.00000, 0.00000 }, { 4.00000, 4.00000, 0.00000 }, { 4.00000, 4.00000, 0.00000 }, { 4.00000, 4.00000, 0.00000 }, { 4.00000, 0.00000, 0.00000 }, { 4.00000, 0.00000, 0.00000 }, },
			},
			["shared/gravel_02.gtex.lua"] = {
				{ { 11.87146, 20.25694, -0.00007 }, { 11.87146, 20.25694, -0.00007 }, { 11.87146, 27.00000, -0.00000 }, { 11.87146, 27.00000, 0.00000 }, { 11.87146, 27.00000, 0.00000 }, { 1.17444, 27.00000, 0.00000 }, { 1.17444, 27.00000, 0.00000 }, { 1.17444, 27.00000, -0.00000 }, { 1.17444, 20.25694, -0.00008 }, { 1.17444, 20.25694, -0.00008 }, },
			},
		},
	},
	["layout_1"] = {
		models = {
			["asset/ground/container_wood.mdl"] = {
				{ 0.00000, 1.00000, 0.00000, 0.00000, -1.00000, 0.00000, 0.00000, 0.00000, 0.00000, 0.00000, 1.00000, 0.00000, 0.92000, 20.99000, 0.00000, 1.00000, ignore = { 13, 50 }, },
			},
			["asset/ground/garden_chair_plastic_01.mdl"] = {
				{ 0.93849, -0.34530, -0.00000, 0.00000, 0.34530, 0.93849, -0.00000, 0.00000, 0.00000, 0.00000, 1.00000, 0.00000, -7.96143, 6.79234, 6.09992, 1.00000, align = { 0.00000, -1.50000 }, },
				{ 0.59061, -0.80696, 0.00000, 0.00000, 0.80696, 0.59061, 0.00000, 0.00000, -0.00000, -0.00000, 1.00000, 0.00000, 3.28238, 11.21221, 15.81362, 1.00000, align = { 0.00000, -1.50000 }, },
				{ 0.97113, -0.23853, 0.00000, 0.00000, 0.23853, 0.97113, 0.00000, 0.00000, -0.00000, -0.00000, 1.00000, 0.00000, 2.08238, 12.21221, 15.81362, 1.00000, align = { 0.00000, -1.50000 }, },
			},
			["asset/vegetation/hedge_m.mdl"] = {
				{ 0.00000, -1.00000, 0.00000, 0.00000, 1.00000, 0.00000, -0.00000, 0.00000, -0.00000, 0.00000, 1.00000, 0.00000, -13.62607, 8.15893, 0.00000, 1.00000, },
				{ 0.00000, -1.00000, 0.00000, 0.00000, 1.00000, 0.00000, -0.00000, 0.00000, -0.00000, 0.00000, 1.00000, 0.00000, -14.90607, 8.15893, 0.00000, 1.00000, },
				{ 0.00000, -1.00000, 0.00000, 0.00000, 1.00000, 0.00000, -0.00000, 0.00000, -0.00000, 0.00000, 1.00000, 0.00000, -12.54607, 8.14893, 0.00000, 1.00000, },
				{ -0.00000, 1.00000, -0.00000, 0.00000, -1.00000, -0.00000, -0.00000, 0.00000, -0.00000, -0.00000, 1.00000, 0.00000, 13.91393, 17.95893, -0.20000, 1.00000, },
				{ -0.00000, 1.00000, -0.00000, 0.00000, -1.00000, -0.00000, -0.00000, 0.00000, -0.00000, -0.00000, 1.00000, 0.00000, 12.59393, 17.95893, -0.20000, 1.00000, },
				{ -1.00000, -0.00000, 0.00000, 0.00000, 0.00000, -1.00000, -0.00000, 0.00000, 0.00000, -0.00000, 1.00000, 0.00000, 15.34393, 19.77893, -0.20000, 1.00000, },
				{ -1.00000, -0.00000, 0.00000, 0.00000, 0.00000, -1.00000, -0.00000, 0.00000, 0.00000, -0.00000, 1.00000, 0.00000, 15.34393, 26.67893, -0.20000, 1.00000, },
				{ -1.00000, -0.00000, 0.00000, 0.00000, 0.00000, -1.00000, -0.00000, 0.00000, 0.00000, -0.00000, 1.00000, 0.00000, 15.34393, 22.02893, -0.20000, 1.00000, },
				{ -1.00000, -0.00000, 0.00000, 0.00000, 0.00000, -1.00000, -0.00000, 0.00000, 0.00000, -0.00000, 1.00000, 0.00000, 15.34393, 28.92893, -0.20000, 1.00000, },
				{ 1.00000, 0.00000, 0.00000, 0.00000, 0.00000, 1.00000, -0.00000, 0.00000, 0.00000, 0.00000, 1.00000, 0.00000, 15.34393, 24.37893, -0.20000, 1.00000, },
				{ 1.00000, 0.00000, 0.00000, 0.00000, 0.00000, 1.00000, -0.00000, 0.00000, 0.00000, 0.00000, 1.00000, 0.00000, 15.34393, 31.01893, -0.20000, 1.00000, },
				{ 0.00000, 1.00000, 0.00000, 0.00000, -1.00000, 0.00000, 0.00000, 0.00000, -0.00000, -0.00000, 1.00000, 0.00000, 14.85393, 17.95893, -0.20000, 1.00000, },
				{ 1.00000, -0.00000, 0.00000, 0.00000, 0.00000, 1.00000, -0.00000, 0.00000, -0.00000, 0.00000, 1.00000, 0.00000, 15.34393, 18.63893, -0.20000, 1.00000, },
				{ 1.00000, -0.00000, 0.00000, 0.00000, 0.00000, 1.00000, -0.00000, 0.00000, -0.00000, 0.00000, 1.00000, 0.00000, 15.34393, 25.53893, -0.20000, 1.00000, },
				{ 1.00000, -0.00000, 0.00000, 0.00000, 0.00000, 1.00000, -0.00000, 0.00000, -0.00000, 0.00000, 1.00000, 0.00000, 15.34393, 20.88893, -0.20000, 1.00000, },
				{ 1.00000, -0.00000, 0.00000, 0.00000, 0.00000, 1.00000, -0.00000, 0.00000, -0.00000, 0.00000, 1.00000, 0.00000, 15.34393, 27.78893, -0.20000, 1.00000, },
				{ -1.00000, -0.00000, -0.00000, 0.00000, 0.00000, -1.00000, -0.00000, 0.00000, -0.00000, -0.00000, 1.00000, 0.00000, 15.34393, 23.23893, -0.20000, 1.00000, },
				{ -1.00000, -0.00000, -0.00000, 0.00000, 0.00000, -1.00000, -0.00000, 0.00000, -0.00000, -0.00000, 1.00000, 0.00000, 15.34393, 30.13893, -0.20000, 1.00000, },
			},
		},
		groups = {
			["era_a_garden_bench.grp"] = {
				{ 1.00000, -0.00000, 0.00000, 0.00000, 0.00000, 1.00000, 0.00000, 0.00000, -0.00000, -0.00000, 1.00000, 0.00000, 2.81000, 25.82000, 0.00000, 1.00000, seed = 125, ignore = { 15, 25 }, },
				{ 1.00000, -0.00000, 0.00000, 0.00000, 0.00000, 1.00000, 0.00000, 0.00000, -0.00000, -0.00000, 1.00000, 0.00000, 6.61000, 25.82000, 0.00000, 1.00000, seed = 125, ignore = { 16, 25 }, },
				{ 1.00000, -0.00000, 0.00000, 0.00000, 0.00000, 1.00000, 0.00000, 0.00000, -0.00000, -0.00000, 1.00000, 0.00000, 10.41000, 25.82000, 0.00000, 1.00000, seed = 125, ignore = { 17, 25 }, },
			},
			["era_a_garden_chair.grp"] = {
				{ -0.01047, -0.99995, -0.00000, 0.00000, 0.99995, -0.01047, -0.00000, 0.00000, 0.00000, -0.00000, 1.00000, 0.00000, 8.70183, 6.31633, 3.09993, 1.00000, align = { 0.00000, -1.50000 }, seed = 768, ignore = { 2, 25 }, },
				{ -0.00873, 0.99996, 0.00000, 0.00000, -0.99996, -0.00873, 0.00000, 0.00000, 0.00000, -0.00000, 1.00000, 0.00000, 7.08823, 6.24788, 3.09993, 1.00000, align = { 0.00000, -1.50000 }, seed = 768, ignore = { 3, 25 }, },
				{ -0.36812, -0.92978, 0.00000, 0.00000, 0.92978, -0.36812, 0.00000, 0.00000, -0.00000, 0.00000, 1.00000, 0.00000, -7.38169, 11.61770, 15.81362, 1.00000, align = { 0.00000, -1.50000 }, seed = 458, ignore = { 8, 25 }, },
				{ 0.32227, -0.94665, -0.00000, 0.00000, 0.94665, 0.32227, 0.00000, 0.00000, -0.00000, -0.00000, 1.00000, 0.00000, -7.38169, 13.01770, 15.81362, 1.00000, align = { 0.00000, -1.50000 }, seed = 458, ignore = { 9, 25 }, },
				{ 0.79229, 0.61015, 0.00000, 0.00000, -0.61015, 0.79229, 0.00000, 0.00000, 0.00000, 0.00000, 1.00000, 0.00000, -9.64801, 6.77676, 9.09993, 1.00000, align = { 0.00000, -1.50000 }, seed = 456, ignore = { 10, 25 }, },
				{ 0.76604, -0.64279, 0.00000, 0.00000, 0.64279, 0.76604, 0.00000, 0.00000, 0.00000, 0.00000, 1.00000, 0.00000, -7.68801, 6.77676, 9.09993, 1.00000, align = { 0.00000, -1.50000 }, seed = 456, ignore = { 12, 25 }, },
			},
			["era_a_garden_ladder.grp"] = {
				{ 0.93728, -0.34857, 0.00000, 0.00000, 0.34857, 0.93728, 0.00000, 0.00000, 0.00000, 0.00000, 1.00000, 0.00000, -8.80000, 30.13000, 0.00000, 1.00000, ignore = { 14, 25 }, },
			},
			["era_b_sunshade_large.grp"] = {
				{ 1.00000, 0.00000, 0.00000, 0.00000, -0.00000, 1.00000, 0.00000, 0.00000, -0.00000, -0.00000, 1.00000, 0.00000, 2.85833, 11.90411, 15.81362, 1.00000, align = { 0.00000, -1.50000 }, },
			},
			["era_b_sunshade_small.grp"] = {
				{ -0.67944, -0.73373, 0.00000, 0.00000, 0.73373, -0.67944, -0.00000, 0.00000, 0.00000, -0.00000, 1.00000, 0.00000, 7.87457, 6.38448, 3.09993, 1.00000, align = { 0.00000, -1.50000 }, },
				{ -0.83389, -0.13656, 0.00000, 0.00000, 0.13656, -0.83389, 0.00000, 0.00000, 0.00000, 0.00000, 0.84500, 0.00000, -8.60472, 6.12934, 6.09992, 1.00000, align = { 0.00000, -1.50000 }, ignore = { 4, 80 }, },
				{ -0.84467, 0.02359, 0.00000, 0.00000, -0.02359, -0.84467, -0.00000, 0.00000, 0.00000, -0.00000, 0.84500, 0.00000, 8.58372, 6.25433, 6.09993, 1.00000, align = { 0.00000, -1.50000 }, ignore = { 5, 80 }, },
				{ -0.73905, 0.40966, -0.00000, 0.00000, -0.40966, -0.73905, 0.00000, 0.00000, -0.00000, 0.00000, 0.84500, 0.00000, 6.93200, 6.03457, 9.09992, 1.00000, align = { 0.00000, -1.50000 }, ignore = { 6, 80 }, },
			},
			["garden_table_round.grp"] = {
				{ 0.99556, -0.09411, -0.00000, 0.00000, 0.09411, 0.99556, 0.00000, 0.00000, 0.00000, -0.00000, 1.00000, 0.00000, 7.87457, 6.38448, 3.09993, 1.00000, align = { 0.00000, -1.50000 }, seed = 768, },
				{ 0.66131, -0.75011, -0.00000, 0.00000, 0.75011, 0.66131, -0.00000, 0.00000, 0.00000, 0.00000, 1.00000, 0.00000, -5.71260, 6.75925, 3.09993, 1.00000, align = { 0.00000, -1.50000 }, ignore = { 7, 50 }, },
				{ 1.00000, 0.00000, 0.00000, 0.00000, 0.00000, 1.00000, 0.00000, 0.00000, 0.00000, 0.00000, 1.00000, 0.00000, -8.71611, 6.50771, 9.09993, 1.00000, align = { 0.00000, -1.50000 }, seed = 456, ignore = { 11, 50 }, },
			},
			["random_large_tree_town.grp"] = {
				{ 0.61500, -0.00000, 0.00000, 0.00000, 0.00000, 0.61500, 0.00000, 0.00000, 0.00000, 0.00000, 0.61500, 0.00000, -11.40000, 26.74000, 0.00000, 1.00000, },
				{ -0.95106, 0.30902, 0.00000, 0.00000, -0.30902, -0.95106, 0.00000, 0.00000, 0.00000, 0.00000, 1.00000, 0.00000, -10.45000, 30.42000, 0.00000, 1.00000, },
			},
			["random_medium_tree_town.grp"] = {
				{ 0.50754, 0.86163, 0.00000, 0.00000, -0.86163, 0.50754, -0.00000, 0.00000, -0.00000, -0.00000, 1.00000, 0.00000, 11.79000, 29.26000, 0.00000, 1.00000, },
				{ -0.49242, -0.87036, 0.00000, 0.00000, 0.87036, -0.49242, -0.00000, 0.00000, 0.00000, 0.00000, 1.00000, 0.00000, 5.79000, 30.76000, 0.00000, 1.00000, },
				{ 0.47538, 0.44330, 0.00000, 0.00000, -0.44330, 0.47538, -0.00000, 0.00000, -0.00000, -0.00000, 0.65000, 0.00000, -6.61000, 26.76000, 0.00000, 1.00000, },
			},
			["random_shrub_town.grp"] = {
				{ 0.99588, 0.09063, 0.00000, 0.00000, -0.09063, 0.99588, 0.00000, 0.00000, 0.00000, 0.00000, 1.00000, 0.00000, -9.03000, 1.99000, 0.00000, 1.00000, },
				{ -0.11840, -0.99297, 0.00000, 0.00000, 0.99297, -0.11840, 0.00000, 0.00000, 0.00000, 0.00000, 1.00000, 0.00000, 6.72000, 2.13000, 0.00000, 1.00000, },
				{ -0.54756, 0.83676, 0.00000, 0.00000, -0.83676, -0.54756, 0.00000, 0.00000, 0.00000, 0.00000, 1.00000, 0.00000, 8.47000, 2.13000, 0.00000, 1.00000, },
				{ 0.88458, -0.46639, 0.00000, 0.00000, 0.46639, 0.88458, 0.00000, 0.00000, 0.00000, 0.00000, 1.00000, 0.00000, 10.27000, 2.13000, 0.00000, 1.00000, },
				{ 0.27899, -0.96029, 0.00000, 0.00000, 0.96029, 0.27899, 0.00000, 0.00000, 0.00000, 0.00000, 1.00000, 0.00000, -7.39000, 1.72000, 0.00000, 1.00000, },
				{ 0.28234, -0.95931, 0.00000, 0.00000, 0.95931, 0.28234, 0.00000, 0.00000, 0.00000, 0.00000, 1.00000, 0.00000, -10.54000, 1.77000, 0.00000, 1.00000, },
			},
			["random_shrub_town_fence.grp"] = {
				{ 0.77611, 0.19405, 0.00000, 0.00000, -0.19405, 0.77611, -0.00000, 0.00000, -0.00000, -0.00000, 0.80000, 0.00000, -15.11572, 9.31286, 0.00000, 1.00000, },
				{ 0.77611, 0.19405, 0.00000, 0.00000, -0.19405, 0.77611, -0.00000, 0.00000, -0.00000, -0.00000, 0.80000, 0.00000, -15.16572, 10.86286, 0.00000, 1.00000, },
				{ 0.77611, 0.19405, 0.00000, 0.00000, -0.19405, 0.77611, -0.00000, 0.00000, -0.00000, -0.00000, 0.80000, 0.00000, -15.11572, 12.36286, 0.00000, 1.00000, },
				{ 0.76344, 0.23910, 0.00000, 0.00000, -0.23910, 0.76344, -0.00000, 0.00000, -0.00000, -0.00000, 0.80000, 0.00000, -15.05571, 17.35286, 0.00000, 1.00000, },
				{ 0.76344, 0.23910, 0.00000, 0.00000, -0.23910, 0.76344, -0.00000, 0.00000, -0.00000, -0.00000, 0.80000, 0.00000, -15.15571, 24.15286, 0.00000, 1.00000, },
				{ 0.76344, 0.23910, 0.00000, 0.00000, -0.23910, 0.76344, -0.00000, 0.00000, -0.00000, -0.00000, 0.80000, 0.00000, -15.15571, 29.75286, 0.00000, 1.00000, },
				{ -0.77611, -0.19405, -0.00000, 0.00000, 0.19405, -0.77611, -0.00000, 0.00000, -0.00000, -0.00000, 0.80000, 0.00000, -15.11572, 14.36286, 0.00000, 1.00000, },
				{ -0.77611, -0.19405, -0.00000, 0.00000, 0.19405, -0.77611, -0.00000, 0.00000, -0.00000, -0.00000, 0.80000, 0.00000, -15.21571, 21.16286, 0.00000, 1.00000, },
				{ 0.19405, -0.77611, 0.00000, 0.00000, 0.77611, 0.19405, -0.00000, 0.00000, 0.00000, 0.00000, 0.80000, 0.00000, -15.11572, 13.36286, 0.00000, 1.00000, },
				{ 0.55089, 0.58010, 0.00000, 0.00000, -0.58010, 0.55089, -0.00000, 0.00000, -0.00000, -0.00000, 0.80000, 0.00000, -14.98571, 15.85286, 0.00000, 1.00000, },
				{ 0.55089, 0.58010, 0.00000, 0.00000, -0.58010, 0.55089, -0.00000, 0.00000, -0.00000, -0.00000, 0.80000, 0.00000, -15.08572, 22.65286, 0.00000, 1.00000, },
				{ 0.55089, 0.58010, 0.00000, 0.00000, -0.58010, 0.55089, -0.00000, 0.00000, -0.00000, -0.00000, 0.80000, 0.00000, -15.08572, 28.25286, 0.00000, 1.00000, },
				{ -0.16253, -0.78332, -0.00000, 0.00000, 0.78332, -0.16253, -0.00000, 0.00000, -0.00000, -0.00000, 0.80000, 0.00000, -15.01571, 19.05286, 0.00000, 1.00000, },
				{ -0.16253, -0.78332, -0.00000, 0.00000, 0.78332, -0.16253, -0.00000, 0.00000, -0.00000, -0.00000, 0.80000, 0.00000, -15.11572, 25.85286, 0.00000, 1.00000, },
				{ -0.16253, -0.78332, -0.00000, 0.00000, 0.78332, -0.16253, -0.00000, 0.00000, -0.00000, -0.00000, 0.80000, 0.00000, -15.11572, 31.45286, 0.00000, 1.00000, },
				{ 0.77611, 0.19405, 0.00000, 0.00000, -0.19405, 0.77611, -0.00000, 0.00000, -0.00000, -0.00000, 0.80000, 0.00000, -15.16572, 20.31286, 0.00000, 1.00000, },
				{ 0.77611, 0.19405, 0.00000, 0.00000, -0.19405, 0.77611, -0.00000, 0.00000, -0.00000, -0.00000, 0.80000, 0.00000, -15.26571, 27.11286, 0.00000, 1.00000, },
			},
		},
	},
}
--End Generated

function data()
	return townbuildingutil.make_building2(
		{ { -4.60, -0.10 }, { 4.60, -0.10 }, { 4.60, 9.10 }, { -4.60, 9.10 } },
		"RESIDENTIAL", 
		"B", 
		2,
		{ 4, 4 },
		generatedData,
		"construction/building/era_b/res_2_4x4_01.gtex"
	)
end
