local townbuildingutil = require "townbuildingutil"

--Model file: "building/era_b/res_3_2x2_01.mdl"

--Begin Generated
local generatedData = {
	["base"] = {
		models = {
			["building/era_b/res_3_2x2_01.mdl"] = {
				{ 1.00000, 0.00000, 0.00000, 0.00000, 0.00000, 1.00000, 0.00000, 0.00000, 0.00000, 0.00000, 1.00000, 0.00000, 0.00000, 0.00000, 0.00000, 1.00000, },
			},
		},
		curves = {
			["scaffold"] = {
				{ { 5.65527, 1.98593, 0.00000 }, { 5.65527, 1.98593, 0.00000 }, { 5.65527, 6.98399, 0.00000 }, { 5.65527, 6.98399, 0.00000 }, { 5.65527, 6.98399, 0.00000 }, { 3.33000, 6.98399, 0.00000 }, { 3.33000, 6.98399, 0.00000 }, { 3.33000, 6.98399, 0.00000 }, { 3.33000, 8.09045, 0.00000 }, { 3.33000, 8.09045, 0.00000 }, { 3.33000, 8.09045, 0.00000 }, { 5.27722, 8.09061, 0.00000 }, { 5.27722, 8.09061, 0.00000 }, { 5.27722, 8.09061, 0.00000 }, { 5.27722, 14.68407, 0.00000 }, { 5.27722, 14.68407, 0.00000 }, { 5.27722, 14.68407, 0.00000 }, { 3.33911, 14.68407, 0.00000 }, { 3.33911, 14.68407, 0.00000 }, { 3.33911, 14.68407, 0.00000 }, { 3.33911, 15.19057, 0.00000 }, { 3.33911, 15.19057, 0.00000 }, { 3.33911, 15.19057, 0.00000 }, { -3.43896, 15.19057, 0.00000 }, { -3.43896, 15.19057, 0.00000 }, { -3.43896, 15.19057, 0.00000 }, { -3.43896, 13.62212, 0.00000 }, { -3.43896, 13.62212, 0.00000 }, { -3.43896, 13.62212, 0.00000 }, { -4.81741, 13.62213, 0.00000 }, { -4.81741, 13.62213, 0.00000 }, { -4.81741, 13.62213, 0.00000 }, { -4.84741, 7.02858, 0.00000 }, { -4.84741, 7.02858, 0.00000 }, { -4.84741, 7.02858, 0.00000 }, { -4.14734, 7.02855, 0.00000 }, { -4.14734, 7.02855, 0.00000 }, { -4.14734, 7.02855, 0.00000 }, { -3.43896, 7.02855, 0.00000 }, { -3.43896, 7.02855, 0.00000 }, { -3.43896, 7.02855, 0.00000 }, { -3.43896, 1.98593, 0.00000 }, { -3.43896, 1.98593, 0.00000 }, },
			},
			["shared/asphalt_01.gtex.lua;shared/dirt.gtex.lua"] = {
				{ { 8.00000, 0.00000, 0.00000 }, { 8.00000, 0.00000, 0.00000 }, { 8.00000, 7.90399, 0.00000 }, { 8.00000, 7.90399, 0.00000 }, { 8.00000, 7.90399, 0.00000 }, { 4.25937, 7.90399, 0.00000 }, { 4.25937, 7.90399, 0.00000 }, { 4.25937, 7.90399, 0.00000 }, { 4.25937, 16.00000, 0.00000 }, { 4.25937, 16.00000, 0.00000 }, { 4.25937, 16.00000, 0.00000 }, { -5.00000, 16.00000, 0.00000 }, { -5.00000, 16.00000, 0.00000 }, { -5.00000, 16.00000, 0.00000 }, { -5.00000, 0.00000, 0.00000 }, { -5.00000, 0.00000, 0.00000 }, },
			},
			["shared/grass_cutted_01.gtex.lua"] = {
				{ { -5.00000, 0.00000, 0.00000 }, { -5.00000, 0.00000, 0.00000 }, { -5.00000, 16.00000, 0.00000 }, { -5.00000, 16.00000, 0.00000 }, { -5.00000, 16.00000, 0.00000 }, { -8.00000, 16.00000, 0.00000 }, { -8.00000, 16.00000, 0.00000 }, { -8.00000, 16.00000, 0.00000 }, { -8.00000, 0.00000, 0.00000 }, { -8.00000, 0.00000, 0.00000 }, },
				{ { 8.00000, 7.90399, 0.00000 }, { 8.00000, 7.90399, 0.00000 }, { 8.00000, 16.00000, 0.00000 }, { 8.00000, 16.00000, 0.00000 }, { 8.00000, 16.00000, 0.00000 }, { 4.25937, 16.00000, 0.00000 }, { 4.25937, 16.00000, 0.00000 }, { 4.25937, 16.00000, 0.00000 }, { 4.25937, 7.90399, 0.00000 }, { 4.25937, 7.90399, 0.00000 }, },
			},
		},
	},
	["layout_1"] = {
		models = {
			["asset/ground/garden_chair_plastic_01.mdl"] = {
				{ -0.79016, 0.61291, 0.00000, 0.00000, -0.61291, -0.79016, 0.00000, 0.00000, 0.00000, 0.00000, 1.00000, 0.00000, 4.16367, 9.32976, 21.09999, 1.00000, align = { 0.00000, 0.00000 }, ignore = { 16, 10 }, },
				{ 0.62660, 0.77934, 0.00000, 0.00000, -0.77934, 0.62660, 0.00000, 0.00000, 0.00000, -0.00000, 1.00000, 0.00000, 4.20998, 10.90819, 12.09999, 1.00000, align = { 0.00000, 0.00000 }, ignore = { 17, 10 }, },
				{ -0.62660, -0.77934, 0.00000, 0.00000, 0.77934, -0.62660, 0.00000, 0.00000, -0.00000, 0.00000, 1.00000, 0.00000, -3.80454, 10.94873, 9.09999, 1.00000, align = { 0.00000, 0.00000 }, ignore = { 18, 10 }, },
				{ -0.82115, 0.57071, -0.00000, 0.00000, -0.57071, -0.82115, 0.00000, 0.00000, 0.00000, 0.00000, 1.00000, 0.00000, 4.27372, 8.96051, 3.09999, 1.00000, align = { 0.00000, 0.00000 }, ignore = { 19, 10 }, },
				{ -0.60599, -0.79547, 0.00000, 0.00000, 0.79547, -0.60599, 0.00000, 0.00000, -0.00000, 0.00000, 1.00000, 0.00000, -3.78742, 8.04316, 3.09999, 1.00000, align = { 0.00000, 0.00000 }, ignore = { 20, 10 }, },
				{ 0.67688, 0.73610, 0.00000, 0.00000, -0.73610, 0.67688, 0.00000, 0.00000, 0.00000, -0.00000, 1.00000, 0.00000, 4.35601, 10.54515, 21.09999, 1.00000, align = { 0.00000, 0.00000 }, ignore = { 21, 10 }, },
				{ -0.54024, 0.84151, 0.00000, 0.00000, -0.84145, -0.54020, -0.01222, 0.00000, -0.01028, -0.00660, 0.99993, 0.00000, 4.18143, 9.35644, 12.09999, 1.00000, align = { 0.00000, 0.00000 }, ignore = { 22, 10 }, },
				{ 0.54024, -0.84151, -0.00000, 0.00000, 0.84145, 0.54020, -0.01222, 0.00000, 0.01028, 0.00660, 0.99993, 0.00000, -3.89715, 12.60912, 9.09999, 1.00000, align = { 0.00000, 0.00000 }, ignore = { 23, 10 }, },
				{ -0.54171, 0.84057, -0.00000, 0.00000, -0.84050, -0.54167, -0.01222, 0.00000, -0.01027, -0.00662, 0.99993, 0.00000, 4.18011, 12.45818, 6.09999, 1.00000, align = { 0.00000, 0.00000 }, ignore = { 24, 10 }, },
				{ -0.69214, 0.72176, -0.00000, 0.00000, -0.72176, -0.69214, 0.00000, 0.00000, -0.00000, 0.00000, 1.00000, 0.00000, 4.35508, 12.41259, 18.09999, 1.00000, align = { 0.00000, 0.00000 }, ignore = { 25, 10 }, },
				{ 0.69214, -0.72176, -0.00000, 0.00000, 0.72176, 0.69214, -0.00000, 0.00000, 0.00000, -0.00000, 1.00000, 0.00000, -3.81082, 9.22735, 18.09999, 1.00000, align = { 0.00000, 0.00000 }, ignore = { 26, 10 }, },
				{ 0.25545, 0.96682, 0.00000, 0.00000, -0.96682, 0.25545, 0.00000, 0.00000, -0.00000, -0.00000, 1.00000, 0.00000, 4.35508, 13.41259, 18.09999, 1.00000, align = { 0.00000, 0.00000 }, ignore = { 27, 10 }, },
				{ -0.25545, -0.96682, -0.00000, 0.00000, 0.96682, -0.25545, 0.00000, 0.00000, -0.00000, 0.00000, 1.00000, 0.00000, -3.64903, 7.94614, 18.09999, 1.00000, align = { 0.00000, 0.00000 }, ignore = { 28, 10 }, },
				{ 0.71447, -0.69966, 0.00000, 0.00000, 0.69966, 0.71447, 0.00000, 0.00000, -0.00000, -0.00000, 1.00000, 0.00000, -3.94478, 12.84664, 15.09999, 1.00000, align = { 0.00000, 0.00000 }, ignore = { 35, 10 }, },
				{ -0.79441, -0.60738, 0.00000, 0.00000, 0.60738, -0.79441, -0.00000, 0.00000, 0.00000, -0.00000, 1.00000, 0.00000, -3.82860, 8.10385, 15.09999, 1.00000, align = { 0.00000, 0.00000 }, ignore = { 36, 10 }, },
			},
		},
		groups = {
			["era_a_garden_bench.grp"] = {
				{ 0.01032, 0.84494, 0.00000, 0.00000, -0.84494, 0.01032, -0.00000, 0.00000, -0.00000, -0.00000, 0.84500, 0.00000, 4.06617, 9.97734, 15.09999, 1.00000, align = { 0.00000, 0.00000 }, ignore = { 13, 25 }, },
				{ -0.01032, -0.84494, -0.00000, 0.00000, 0.84494, -0.01032, 0.00000, 0.00000, -0.00000, 0.00000, 0.84500, 0.00000, -3.85737, 12.12326, 12.09999, 1.00000, align = { 0.00000, 0.00000 }, ignore = { 14, 25 }, },
			},
			["era_a_garden_chair.grp"] = {
				{ 0.96316, 0.26892, -0.00000, 0.00000, -0.26892, 0.96316, -0.00000, 0.00000, -0.00000, 0.00000, 1.00000, 0.00000, -3.87639, 12.61199, 21.09999, 1.00000, align = { 0.00000, 0.00000 }, seed = 256, ignore = { 4, 10 }, },
				{ -0.99990, 0.01396, -0.00000, 0.00000, -0.01396, -0.99990, -0.00000, 0.00000, -0.00000, -0.00000, 1.00000, 0.00000, -3.83938, 10.76017, 21.09999, 1.00000, align = { 0.00000, 0.00000 }, seed = 256, ignore = { 5, 10 }, },
				{ -0.90631, -0.42262, 0.00000, 0.00000, 0.42262, -0.90631, -0.00000, 0.00000, 0.00000, -0.00000, 1.00000, 0.00000, -3.86773, 10.64572, 6.09999, 1.00000, align = { 0.00000, 0.00000 }, seed = 25, ignore = { 7, 10 }, },
				{ 0.72176, -0.69214, -0.00000, 0.00000, 0.69214, 0.72176, -0.00000, 0.00000, 0.00000, 0.00000, 1.00000, 0.00000, -3.82166, 12.33661, 6.09999, 1.00000, align = { 0.00000, 0.00000 }, seed = 25, ignore = { 8, 10 }, },
				{ 0.90631, 0.42262, -0.00000, 0.00000, -0.42262, 0.90631, -0.00000, 0.00000, -0.00000, 0.00000, 1.00000, 0.00000, 4.26189, 11.20333, 9.09999, 1.00000, align = { 0.00000, 0.00000 }, seed = 256, ignore = { 10, 10 }, },
				{ -0.72176, 0.69214, -0.00000, 0.00000, -0.69214, -0.72176, -0.00000, 0.00000, -0.00000, -0.00000, 1.00000, 0.00000, 4.32989, 9.56823, 9.09999, 1.00000, align = { 0.00000, 0.00000 }, seed = 256, ignore = { 11, 10 }, },
			},
			["era_b_sunshade_small.grp"] = {
				{ -0.27228, 0.96222, 0.00000, 0.00000, -0.96222, -0.27228, 0.00000, 0.00000, 0.00000, 0.00000, 1.00000, 0.00000, -3.89227, 11.72462, 21.09999, 1.00000, align = { 0.00000, 0.00000 }, ignore = { 15, 50 }, },
				{ -0.99317, 0.11667, -0.00000, 0.00000, -0.11667, -0.99317, -0.00000, 0.00000, -0.00000, -0.00000, 1.00000, 0.00000, -4.00046, 11.96919, 15.09999, 1.00000, align = { 0.00000, 0.00000 }, ignore = { 29, 50 }, },
				{ -0.60876, -0.79335, 0.00000, 0.00000, 0.79335, -0.60876, 0.00000, 0.00000, 0.00000, 0.00000, 1.00000, 0.00000, 4.31226, 13.14082, 6.09999, 1.00000, align = { 0.00000, 0.00000 }, ignore = { 30, 50 }, },
				{ 0.60876, 0.79335, -0.00000, 0.00000, -0.79335, 0.60876, 0.00000, 0.00000, 0.00000, -0.00000, 1.00000, 0.00000, -3.94508, 8.69893, 3.09999, 1.00000, align = { 0.00000, 0.00000 }, ignore = { 31, 50 }, },
				{ 0.51354, -0.85806, -0.00000, 0.00000, 0.85806, 0.51354, -0.00000, 0.00000, 0.00000, 0.00000, 1.00000, 0.00000, 4.55188, 9.83624, 21.09999, 1.00000, align = { 0.00000, 0.00000 }, ignore = { 32, 50 }, },
				{ 0.51354, -0.85806, -0.00000, 0.00000, 0.85806, 0.51354, -0.00000, 0.00000, 0.00000, 0.00000, 1.00000, 0.00000, 4.33582, 10.24286, 12.09999, 1.00000, align = { 0.00000, 0.00000 }, ignore = { 33, 50 }, },
				{ -0.51354, 0.85806, 0.00000, 0.00000, -0.85806, -0.51354, -0.00000, 0.00000, -0.00000, -0.00000, 1.00000, 0.00000, -4.23441, 11.96218, 9.09999, 1.00000, align = { 0.00000, 0.00000 }, ignore = { 34, 50 }, },
			},
			["garden_table_round.grp"] = {
				{ -0.80902, -0.58779, -0.00000, 0.00000, 0.58779, -0.80902, -0.00000, 0.00000, 0.00000, -0.00000, 1.00000, 0.00000, 4.30385, 13.63011, 15.09999, 1.00000, align = { 0.00000, 0.00000 }, ignore = { 2, 10 }, },
				{ 0.80902, 0.58779, -0.00000, 0.00000, -0.58779, 0.80902, -0.00000, 0.00000, -0.00000, 0.00000, 1.00000, 0.00000, -3.88252, 8.53236, 12.09999, 1.00000, align = { 0.00000, 0.00000 }, ignore = { 3, 10 }, },
				{ 0.73135, -0.68200, 0.00000, 0.00000, 0.68200, 0.73135, -0.00000, 0.00000, 0.00000, 0.00000, 1.00000, 0.00000, -3.89343, 11.72313, 21.09999, 1.00000, align = { 0.00000, 0.00000 }, seed = 256, ignore = { 6, 10 }, },
				{ -0.73135, 0.68200, 0.00000, 0.00000, -0.68200, -0.73135, -0.00000, 0.00000, -0.00000, -0.00000, 1.00000, 0.00000, -3.91656, 11.57579, 6.09999, 1.00000, align = { 0.00000, 0.00000 }, seed = 25, ignore = { 9, 10 }, },
				{ 0.73135, -0.68200, 0.00000, 0.00000, 0.68200, 0.73135, -0.00000, 0.00000, 0.00000, 0.00000, 1.00000, 0.00000, 4.37314, 10.27165, 9.09999, 1.00000, align = { 0.00000, 0.00000 }, seed = 256, ignore = { 12, 10 }, },
			},
			["random_shrub_town_fence.grp"] = {
				{ 0.33545, 0.94206, 0.00000, 0.00000, -0.94206, 0.33545, -0.00000, 0.00000, -0.00000, 0.00000, 1.00000, 0.00000, -6.26571, 1.20286, 0.00000, 1.00000, },
				{ 0.33545, 0.94206, 0.00000, 0.00000, -0.94206, 0.33545, -0.00000, 0.00000, -0.00000, 0.00000, 1.00000, 0.00000, -6.26571, 6.40286, 0.00000, 1.00000, },
				{ 0.33545, 0.94206, 0.00000, 0.00000, -0.94206, 0.33545, -0.00000, 0.00000, -0.00000, 0.00000, 1.00000, 0.00000, -6.26571, 11.50286, 0.00000, 1.00000, },
				{ 0.83932, -0.54364, 0.00000, 0.00000, 0.54364, 0.83932, -0.00000, 0.00000, -0.00000, 0.00000, 1.00000, 0.00000, -6.56571, 2.90286, 0.00000, 1.00000, },
				{ 0.83932, -0.54364, 0.00000, 0.00000, 0.54364, 0.83932, -0.00000, 0.00000, -0.00000, 0.00000, 1.00000, 0.00000, -6.56571, 8.10286, 0.00000, 1.00000, },
				{ 0.83932, -0.54364, 0.00000, 0.00000, 0.54364, 0.83932, -0.00000, 0.00000, -0.00000, 0.00000, 1.00000, 0.00000, -6.56571, 13.20286, 0.00000, 1.00000, },
				{ -0.08031, 0.99677, -0.00000, 0.00000, -0.99677, -0.08031, -0.00000, 0.00000, -0.00000, -0.00000, 1.00000, 0.00000, -6.31571, 4.65286, 0.00000, 1.00000, },
				{ -0.08031, 0.99677, -0.00000, 0.00000, -0.99677, -0.08031, -0.00000, 0.00000, -0.00000, -0.00000, 1.00000, 0.00000, -6.31571, 9.85286, 0.00000, 1.00000, },
				{ -0.08031, 0.99677, -0.00000, 0.00000, -0.99677, -0.08031, -0.00000, 0.00000, -0.00000, -0.00000, 1.00000, 0.00000, -6.31571, 14.95286, 0.00000, 1.00000, },
			},
		},
	},
}
--End Generated

function data()
	return townbuildingutil.make_building2(
		{ { -4.60, -0.10 }, { 4.60, -0.10 }, { 4.60, 9.10 }, { -4.60, 9.10 } },
		"RESIDENTIAL", 
		"B", 
		3,
		{ 2, 2 },
		generatedData,
		"construction/building/era_b/res_3_2x2_01.gtex"
	)
end
