local townbuildingutil = require "townbuildingutil"

--Model file: "building/era_b/res_1_4x4_01.mdl"

--Begin Generated
local generatedData = {
	["base"] = {
		models = {
			["building/era_b/res_1_4x4_01.mdl"] = {
				{ 1.00000, 0.00000, 0.00000, 0.00000, 0.00000, 1.00000, 0.00000, 0.00000, 0.00000, 0.00000, 1.00000, 0.00000, 0.00000, -3.70000, 0.00000, 1.00000, },
			},
		},
		curves = {
			["scaffold"] = {
				{ { -4.05878, 4.25557, 0.00000 }, { -4.05878, 4.25557, 0.00000 }, { -4.05878, 5.08184, 0.00000 }, { -4.05878, 5.08184, 0.00000 }, { -4.05878, 5.08184, 0.00000 }, { 1.92911, 5.08184, 0.00000 }, { 1.92911, 5.08184, 0.00000 }, { 1.92911, 5.08184, 0.00000 }, { 1.92911, 6.88355, 0.00000 }, { 1.92911, 6.88355, 0.00000 }, { 1.92911, 6.88355, 0.00000 }, { 6.64795, 6.88355, 0.00000 }, { 6.64795, 6.88355, 0.00000 }, { 6.64795, 6.88355, 0.00000 }, { 6.64795, 16.28033, 0.00000 }, { 6.64795, 16.28033, 0.00000 }, { 6.64795, 16.28033, 0.00000 }, { -7.45084, 16.28032, 0.00000 }, { -7.45084, 16.28032, 0.00000 }, { -7.45084, 16.28032, 0.00000 }, { -7.45084, 13.88397, 0.00000 }, { -7.45084, 13.88397, 0.00000 }, { -7.45084, 13.88397, 0.00000 }, { -9.06683, 13.88397, 0.00000 }, { -9.06683, 13.88397, 0.00000 }, { -9.06683, 13.88397, 0.00000 }, { -9.06683, 9.52409, 0.00000 }, { -9.06683, 9.52409, 0.00000 }, { -9.06683, 9.52409, 0.00000 }, { -7.45078, 9.52409, 0.00000 }, { -7.45078, 9.52409, 0.00000 }, { -7.45078, 9.52409, 0.00000 }, { -7.45078, 5.08184, 0.00000 }, { -7.45078, 5.08184, 0.00000 }, { -7.45078, 5.08184, 0.00000 }, { -5.65857, 5.08184, 0.00000 }, { -5.65857, 5.08184, 0.00000 }, { -5.65857, 5.08184, 0.00000 }, { -5.65857, 4.25556, 0.00000 }, { -5.65857, 4.25556, 0.00000 }, },
			},
			["shared/asphalt_01.gtex.lua;shared/dirt.gtex.lua"] = {
				{ { -2.00000, 0.00000, 0.00000 }, { -2.00000, 0.00000, 0.00000 }, { -2.00000, 4.48028, 0.00000 }, { -2.00000, 4.48028, 0.00000 }, { -2.00000, 4.48028, -0.00000 }, { 2.55176, 4.48028, -0.00002 }, { 2.55176, 4.48028, -0.00002 }, { 2.55176, 4.48028, -0.00002 }, { 2.55176, 6.26641, -0.00002 }, { 2.55176, 6.26641, -0.00002 }, { 2.55176, 6.26641, -0.00002 }, { 7.24801, 6.26641, -0.00000 }, { 7.24802, 6.26641, -0.00000 }, { 7.24802, 6.26641, -0.00000 }, { 7.24799, 16.89751, 0.00000 }, { 7.24799, 16.89751, 0.00000 }, { 7.24798, 16.89751, 0.00000 }, { -8.06799, 16.89751, -0.00002 }, { -8.06799, 16.89751, -0.00002 }, { -8.06799, 16.89751, -0.00002 }, { -8.06799, 14.60112, -0.00002 }, { -8.06799, 14.60112, -0.00002 }, { -8.06799, 14.60112, -0.00002 }, { -9.66687, 14.60112, -0.00002 }, { -9.66687, 14.60112, -0.00002 }, { -9.66687, 14.60112, -0.00002 }, { -9.66687, 8.80694, -0.00002 }, { -9.66687, 8.80694, -0.00002 }, { -9.66687, 8.80694, -0.00002 }, { -8.06799, 8.80694, -0.00002 }, { -8.06799, 8.80694, -0.00002 }, { -8.06799, 8.80694, -0.00002 }, { -8.06799, 4.48028, -0.00002 }, { -8.06799, 4.48028, -0.00002 }, { -8.06799, 4.48028, -0.00002 }, { -8.06799, 0.00000, -0.00000 }, { -8.06799, 0.00000, 0.00000 }, },
			},
			["shared/grass_cutted_01.gtex.lua"] = {
				{ { 16.00000, 0.00000, 0.00000 }, { 16.00000, 0.00001, 0.00000 }, { 16.00000, 31.99999, 0.00000 }, { 16.00000, 32.00000, 0.00000 }, { 15.99999, 32.00000, 0.00000 }, { -15.99999, 32.00000, 0.00000 }, { -16.00000, 32.00000, 0.00000 }, { -16.00000, 31.99999, 0.00000 }, { -16.00000, 0.00001, 0.00000 }, { -16.00000, 0.00000, 0.00000 }, { -16.00000, 0.00000, -0.00000 }, { -8.06799, 0.00000, -0.00000 }, { -8.06799, 0.00000, -0.00000 }, { -8.06799, 0.00000, -0.00000 }, { -8.06799, 8.80694, -0.00002 }, { -8.06799, 8.80694, -0.00002 }, { -8.06799, 8.80694, -0.00002 }, { -13.00000, 8.80694, -0.00000 }, { -13.00000, 8.80694, 0.00000 }, { -13.00000, 8.80694, 0.00000 }, { -13.00000, 16.45000, 0.00000 }, { -13.00000, 16.45000, 0.00000 }, { -13.00000, 16.45000, 0.00000 }, { -10.00000, 16.45000, 0.00000 }, { -10.00000, 16.45000, 0.00000 }, { -10.00000, 16.45000, 0.00000 }, { -10.00000, 18.75000, 0.00000 }, { -10.00000, 18.75000, 0.00000 }, { -10.00000, 18.75000, 0.00000 }, { -6.00000, 18.75000, 0.00000 }, { -6.00000, 18.75000, 0.00000 }, { -6.00000, 18.75000, 0.00000 }, { -6.00000, 26.00000, 0.00000 }, { -6.00000, 26.00000, 0.00000 }, { -6.00000, 26.00000, 0.00000 }, { 6.00000, 26.00000, 0.00000 }, { 6.00000, 26.00000, 0.00000 }, { 6.00000, 26.00000, 0.00000 }, { 6.00000, 18.75000, 0.00000 }, { 6.00000, 18.75000, 0.00000 }, { 6.00000, 18.75000, 0.00000 }, { 9.00000, 18.75000, 0.00000 }, { 9.00000, 18.75000, 0.00000 }, { 9.00000, 18.75000, -0.00000 }, { 9.00000, 4.48028, -0.00000 }, { 9.00000, 4.48028, -0.00000 }, { 9.00000, 4.48028, -0.00000 }, { 2.55176, 4.48028, -0.00002 }, { 2.55176, 4.48028, -0.00002 }, { 2.55176, 4.48028, -0.00002 }, { 2.55176, 0.00000, 0.00000 }, { 2.55176, 0.00000, 0.00000 }, },
			},
			["shared/gravel_02.gtex.lua"] = {
				{ { 2.55176, 4.48028, -0.00002 }, { 2.55176, 4.48028, -0.00002 }, { 9.00000, 4.48028, -0.00000 }, { 9.00000, 4.48028, 0.00000 }, { 9.00000, 4.48028, 0.00000 }, { 9.00000, 18.75000, 0.00000 }, { 9.00000, 18.75000, 0.00000 }, { 9.00000, 18.75000, 0.00000 }, { 6.00000, 18.75000, 0.00000 }, { 6.00000, 18.75000, 0.00000 }, { 6.00000, 18.75000, 0.00000 }, { 6.00000, 26.00000, 0.00000 }, { 6.00000, 26.00000, 0.00000 }, { 6.00000, 26.00000, 0.00000 }, { -6.00000, 26.00000, 0.00000 }, { -6.00000, 26.00000, 0.00000 }, { -6.00000, 26.00000, 0.00000 }, { -6.00000, 18.75000, 0.00000 }, { -6.00000, 18.75000, 0.00000 }, { -6.00000, 18.75000, 0.00000 }, { -10.00000, 18.75000, 0.00000 }, { -10.00000, 18.75000, 0.00000 }, { -10.00000, 18.75000, 0.00000 }, { -10.00000, 16.45000, 0.00000 }, { -10.00000, 16.45000, 0.00000 }, { -10.00000, 16.45000, 0.00000 }, { -13.00000, 16.45000, 0.00000 }, { -13.00000, 16.45000, 0.00000 }, { -13.00000, 16.45000, 0.00000 }, { -13.00000, 8.80694, 0.00000 }, { -13.00000, 8.80694, 0.00000 }, { -13.00000, 8.80694, -0.00000 }, { -9.66687, 8.80694, -0.00002 }, { -9.66687, 8.80694, -0.00002 }, { -9.66687, 8.80694, -0.00002 }, { -9.66687, 14.60112, -0.00002 }, { -9.66687, 14.60112, -0.00002 }, { -9.66687, 14.60112, -0.00002 }, { -8.06799, 14.60112, -0.00002 }, { -8.06799, 14.60112, -0.00002 }, { -8.06799, 14.60112, -0.00002 }, { -8.06799, 16.89751, -0.00002 }, { -8.06799, 16.89751, -0.00002 }, { -8.06799, 16.89751, -0.00002 }, { 7.24798, 16.89751, 0.00000 }, { 7.24799, 16.89751, 0.00000 }, { 7.24799, 16.89751, 0.00000 }, { 7.24801, 6.26641, -0.00000 }, { 7.24801, 6.26641, -0.00000 }, { 7.24801, 6.26641, -0.00000 }, { 2.55176, 6.26641, -0.00002 }, { 2.55176, 6.26641, -0.00002 }, },
				{ { 2.55176, 0.00000, -0.00000 }, { 2.55176, 0.00000, 0.00000 }, { 2.55176, 4.48028, -0.00002 }, { 2.55176, 4.48028, -0.00002 }, { 2.55176, 4.48028, -0.00002 }, { -2.00000, 4.48028, -0.00000 }, { -2.00000, 4.48028, 0.00000 }, { -2.00000, 4.48028, 0.00000 }, { -2.00000, 0.00000, 0.00000 }, { -2.00000, 0.00000, 0.00000 }, },
			},
		},
	},
	["layout_1"] = {
		models = {
			["asset/ground/container_wood.mdl"] = {
				{ 0.66653, -0.74548, 0.00000, 0.00000, 0.74548, 0.66653, 0.00000, 0.00000, 0.00000, 0.00000, 1.00000, 0.00000, 5.05000, 24.85000, 0.00000, 1.00000, ignore = { 13, 50 }, },
			},
			["asset/ground/garden_chair_plastic_01.mdl"] = {
				{ -0.33874, 0.94088, 0.00000, 0.00000, -0.94088, -0.33874, 0.00000, 0.00000, 0.00000, 0.00000, 1.00000, 0.00000, 6.85000, 8.43000, 0.00000, 1.00000, ignore = { 14, 50 }, },
				{ 0.13917, 0.99027, 0.00000, 0.00000, -0.99027, 0.13917, 0.00000, 0.00000, 0.00000, 0.00000, 1.00000, 0.00000, 6.85000, 9.42000, 0.00000, 1.00000, ignore = { 14, 50 }, },
			},
			["asset/vegetation/hedge_m.mdl"] = {
				{ 0.00000, -1.00000, 0.00000, 0.00000, 1.00000, 0.00000, -0.00000, 0.00000, -0.00000, 0.00000, 1.00000, 0.00000, -12.90607, 0.61893, -0.20000, 1.00000, },
				{ 0.00000, -1.00000, 0.00000, 0.00000, 1.00000, 0.00000, -0.00000, 0.00000, -0.00000, 0.00000, 1.00000, 0.00000, -11.55607, 0.61893, -0.20000, 1.00000, },
				{ 0.00000, -1.00000, 0.00000, 0.00000, 1.00000, 0.00000, -0.00000, 0.00000, -0.00000, 0.00000, 1.00000, 0.00000, -9.19607, 0.61893, -0.20000, 1.00000, },
				{ 0.00000, 1.00000, 0.00000, 0.00000, -1.00000, 0.00000, 0.00000, 0.00000, -0.00000, -0.00000, 1.00000, 0.00000, -10.55607, 0.61893, -0.20000, 1.00000, },
				{ 0.00000, 1.00000, 0.00000, 0.00000, -1.00000, 0.00000, 0.00000, 0.00000, -0.00000, -0.00000, 1.00000, 0.00000, -14.07607, 0.61893, -0.20000, 1.00000, },
				{ -0.00000, 1.00000, -0.00000, 0.00000, -1.00000, -0.00000, -0.00000, 0.00000, -0.00000, -0.00000, 1.00000, 0.00000, 3.56027, 0.69758, -0.20000, 1.00000, },
				{ -0.00000, 1.00000, -0.00000, 0.00000, -1.00000, -0.00000, -0.00000, 0.00000, -0.00000, -0.00000, 1.00000, 0.00000, 9.35027, 0.69758, -0.20000, 1.00000, },
				{ -0.00000, 1.00000, -0.00000, 0.00000, -1.00000, -0.00000, -0.00000, 0.00000, -0.00000, -0.00000, 1.00000, 0.00000, 15.05027, 0.69758, -0.20000, 1.00000, },
				{ -0.00000, 1.00000, -0.00000, 0.00000, -1.00000, -0.00000, -0.00000, 0.00000, -0.00000, -0.00000, 1.00000, 0.00000, 7.20027, 0.69758, -0.20000, 1.00000, },
				{ -0.00000, 1.00000, -0.00000, 0.00000, -1.00000, -0.00000, -0.00000, 0.00000, -0.00000, -0.00000, 1.00000, 0.00000, 12.99027, 0.69758, -0.20000, 1.00000, },
				{ -0.00000, 1.00000, -0.00000, 0.00000, -1.00000, -0.00000, -0.00000, 0.00000, -0.00000, -0.00000, 1.00000, 0.00000, 5.73027, 0.69758, -0.20000, 1.00000, },
				{ -0.00000, 1.00000, -0.00000, 0.00000, -1.00000, -0.00000, -0.00000, 0.00000, -0.00000, -0.00000, 1.00000, 0.00000, 11.52027, 0.69758, -0.20000, 1.00000, },
				{ -0.00000, -1.00000, -0.00000, 0.00000, 1.00000, -0.00000, -0.00000, 0.00000, -0.00000, -0.00000, 1.00000, 0.00000, 4.73027, 0.69758, -0.20000, 1.00000, },
				{ -0.00000, -1.00000, -0.00000, 0.00000, 1.00000, -0.00000, -0.00000, 0.00000, -0.00000, -0.00000, 1.00000, 0.00000, 10.52027, 0.69758, -0.20000, 1.00000, },
				{ -0.00000, -1.00000, -0.00000, 0.00000, 1.00000, -0.00000, -0.00000, 0.00000, -0.00000, -0.00000, 1.00000, 0.00000, 8.37027, 0.69758, -0.20000, 1.00000, },
				{ -0.00000, -1.00000, -0.00000, 0.00000, 1.00000, -0.00000, -0.00000, 0.00000, -0.00000, -0.00000, 1.00000, 0.00000, 14.16027, 0.69758, -0.20000, 1.00000, },
				{ 1.00000, 0.00000, 0.00000, 0.00000, -0.00000, 1.00000, -0.00000, 0.00000, -0.00000, 0.00000, 1.00000, 0.00000, -15.31973, 12.56758, -0.20000, 1.00000, },
				{ 1.00000, 0.00000, 0.00000, 0.00000, -0.00000, 1.00000, -0.00000, 0.00000, -0.00000, 0.00000, 1.00000, 0.00000, -15.31973, 6.77758, -0.20000, 1.00000, },
				{ 1.00000, 0.00000, 0.00000, 0.00000, -0.00000, 1.00000, -0.00000, 0.00000, -0.00000, 0.00000, 1.00000, 0.00000, -15.31973, 1.07758, -0.20000, 1.00000, },
				{ 1.00000, 0.00000, 0.00000, 0.00000, -0.00000, 1.00000, -0.00000, 0.00000, -0.00000, 0.00000, 1.00000, 0.00000, -15.31973, 13.80758, -0.20000, 1.00000, },
				{ 1.00000, 0.00000, 0.00000, 0.00000, -0.00000, 1.00000, -0.00000, 0.00000, -0.00000, 0.00000, 1.00000, 0.00000, -15.31973, 8.92758, -0.20000, 1.00000, },
				{ 1.00000, 0.00000, 0.00000, 0.00000, -0.00000, 1.00000, -0.00000, 0.00000, -0.00000, 0.00000, 1.00000, 0.00000, -15.31973, 3.13758, -0.20000, 1.00000, },
				{ 1.00000, 0.00000, 0.00000, 0.00000, -0.00000, 1.00000, -0.00000, 0.00000, -0.00000, 0.00000, 1.00000, 0.00000, -15.31973, 15.86758, -0.20000, 1.00000, },
				{ 1.00000, 0.00000, 0.00000, 0.00000, -0.00000, 1.00000, -0.00000, 0.00000, -0.00000, 0.00000, 1.00000, 0.00000, -15.31973, 10.39758, -0.20000, 1.00000, },
				{ 1.00000, 0.00000, 0.00000, 0.00000, -0.00000, 1.00000, -0.00000, 0.00000, -0.00000, 0.00000, 1.00000, 0.00000, -15.31973, 4.60758, -0.20000, 1.00000, },
				{ -1.00000, -0.00000, -0.00000, 0.00000, 0.00000, -1.00000, -0.00000, 0.00000, -0.00000, -0.00000, 1.00000, 0.00000, -15.31973, 11.39758, -0.20000, 1.00000, },
				{ -1.00000, -0.00000, -0.00000, 0.00000, 0.00000, -1.00000, -0.00000, 0.00000, -0.00000, -0.00000, 1.00000, 0.00000, -15.31973, 5.60758, -0.20000, 1.00000, },
				{ -1.00000, -0.00000, -0.00000, 0.00000, 0.00000, -1.00000, -0.00000, 0.00000, -0.00000, -0.00000, 1.00000, 0.00000, -15.31973, 7.75758, -0.20000, 1.00000, },
				{ -1.00000, -0.00000, -0.00000, 0.00000, 0.00000, -1.00000, -0.00000, 0.00000, -0.00000, -0.00000, 1.00000, 0.00000, -15.31973, 1.96758, -0.20000, 1.00000, },
				{ -1.00000, -0.00000, -0.00000, 0.00000, 0.00000, -1.00000, -0.00000, 0.00000, -0.00000, -0.00000, 1.00000, 0.00000, -15.31973, 14.69758, -0.20000, 1.00000, },
			},
		},
		groups = {
			["era_a_garden_bench.grp"] = {
				{ 1.00000, -0.00000, 0.00000, 0.00000, 0.00000, 1.00000, 0.00000, 0.00000, -0.00000, -0.00000, 1.00000, 0.00000, -11.39000, 15.47000, 0.00000, 1.00000, ignore = { 11, 25 }, },
			},
			["era_a_garden_ladder.grp"] = {
				{ 0.46175, -0.88701, 0.00000, 0.00000, 0.88701, 0.46175, 0.00000, 0.00000, 0.00000, 0.00000, 1.00000, 0.00000, 13.91000, 14.97000, 0.00000, 1.00000, ignore = { 12, 25 }, },
			},
			["era_b_garden_chair.grp"] = {
				{ -0.99970, -0.02443, -0.00000, 0.00000, 0.02443, -0.99970, 0.00000, 0.00000, -0.00000, 0.00000, 1.00000, 0.00000, 0.48000, 20.88000, 0.00000, 1.00000, seed = 256, ignore = { 2, 25 }, },
				{ 0.96593, 0.25882, 0.00000, 0.00000, -0.25882, 0.96593, 0.00000, 0.00000, 0.00000, 0.00000, 1.00000, 0.00000, -0.64000, 22.46000, 0.00000, 1.00000, seed = 256, ignore = { 3, 25 }, },
				{ 0.96316, -0.26892, 0.00000, 0.00000, 0.26892, 0.96316, 0.00000, 0.00000, 0.00000, 0.00000, 1.00000, 0.00000, 0.54000, 22.34000, 0.00000, 1.00000, seed = 256, ignore = { 4, 25 }, },
				{ -0.99970, -0.02443, -0.00000, 0.00000, 0.02443, -0.99970, 0.00000, 0.00000, -0.00000, 0.00000, 1.00000, 0.00000, -0.54000, 20.76000, 0.00000, 1.00000, seed = 256, ignore = { 5, 25 }, },
				{ -0.99970, -0.02443, -0.00000, 0.00000, 0.02443, -0.99970, 0.00000, 0.00000, -0.00000, 0.00000, 1.00000, 0.00000, -2.12000, 20.88000, 0.00000, 1.00000, seed = 256, ignore = { 6, 25 }, },
				{ 0.96593, 0.25882, 0.00000, 0.00000, -0.25882, 0.96593, 0.00000, 0.00000, 0.00000, 0.00000, 1.00000, 0.00000, -3.24000, 22.46000, 0.00000, 1.00000, seed = 256, ignore = { 7, 25 }, },
				{ 0.96316, -0.26892, 0.00000, 0.00000, 0.26892, 0.96316, 0.00000, 0.00000, 0.00000, 0.00000, 1.00000, 0.00000, -2.06000, 22.34000, 0.00000, 1.00000, seed = 256, ignore = { 8, 25 }, },
				{ -0.99970, -0.02443, -0.00000, 0.00000, 0.02443, -0.99970, 0.00000, 0.00000, -0.00000, 0.00000, 1.00000, 0.00000, -3.14000, 20.76000, 0.00000, 1.00000, seed = 256, ignore = { 9, 25 }, },
			},
			["era_b_garden_swing.grp"] = {
				{ -0.99768, 0.06802, 0.00000, 0.00000, -0.06802, -0.99768, 0.00000, 0.00000, 0.00000, 0.00000, 1.00000, 0.00000, -11.46000, 10.03000, 0.00000, 1.00000, ignore = { 10, 25 }, },
			},
			["era_b_garden_table.grp"] = {
				{ 1.00000, 0.00000, 0.00000, 0.00000, 0.00000, 1.00000, 0.00000, 0.00000, 0.00000, 0.00000, 1.00000, 0.00000, 0.01000, 21.56497, 0.00000, 1.00000, seed = 256, },
				{ 1.00000, 0.00000, 0.00000, 0.00000, 0.00000, 1.00000, 0.00000, 0.00000, 0.00000, 0.00000, 1.00000, 0.00000, -2.59000, 21.56497, 0.00000, 1.00000, seed = 256, },
			},
			["era_b_sunshade_large.grp"] = {
				{ 0.35837, 0.93358, 0.00000, 0.00000, -0.93358, 0.35837, 0.00000, 0.00000, 0.00000, 0.00000, 1.00000, 0.00000, -2.59000, 21.56497, 0.00000, 1.00000, seed = 256, },
				{ 0.35837, 0.93358, 0.00000, 0.00000, -0.93358, 0.35837, 0.00000, 0.00000, 0.00000, 0.00000, 1.00000, 0.00000, 0.01000, 21.56497, 0.00000, 1.00000, seed = 256, },
			},
			["random_large_tree_town.grp"] = {
				{ 0.49242, -0.87036, 0.00000, 0.00000, 0.87036, 0.49242, 0.00000, 0.00000, 0.00000, 0.00000, 1.00000, 0.00000, 13.65000, 27.79000, 0.00000, 1.00000, },
				{ 0.49242, -0.87036, 0.00000, 0.00000, 0.87036, 0.49242, 0.00000, 0.00000, 0.00000, 0.00000, 1.00000, 0.00000, -9.75000, 24.75000, 0.00000, 1.00000, },
				{ -0.76085, 0.24721, 0.00000, 0.00000, -0.24721, -0.76085, 0.00000, 0.00000, 0.00000, 0.00000, 0.80000, 0.00000, 8.35000, 30.42000, 0.00000, 1.00000, },
			},
			["random_medium_tree_town.grp"] = {
				{ 0.71583, -0.13796, 0.00000, 0.00000, 0.13796, 0.71583, 0.00000, 0.00000, 0.00000, 0.00000, 0.72900, 0.00000, -11.04681, 30.34000, 0.00000, 1.00000, },
				{ -0.24361, 0.96987, 0.00000, 0.00000, -0.96987, -0.24361, 0.00000, 0.00000, 0.00000, -0.00000, 1.00000, 0.00000, -4.51000, 30.23000, 0.00000, 1.00000, },
				{ 0.54120, 0.70023, 0.00000, 0.00000, -0.70023, 0.54120, -0.00000, 0.00000, -0.00000, -0.00000, 0.88500, 0.00000, 9.64000, 24.21000, 0.00000, 1.00000, },
				{ -0.37036, -0.82026, 0.00000, 0.00000, 0.82026, -0.37036, -0.00000, 0.00000, 0.00000, 0.00000, 0.90000, 0.00000, -12.63000, 26.45000, 0.00000, 1.00000, },
				{ 0.62660, 0.77934, 0.00000, 0.00000, -0.77934, 0.62660, -0.00000, 0.00000, -0.00000, -0.00000, 1.00000, 0.00000, -12.51000, 19.36000, 0.00000, 1.00000, },
				{ 0.95981, -0.28067, 0.00000, 0.00000, 0.28067, 0.95981, -0.00000, 0.00000, -0.00000, 0.00000, 1.00000, 0.00000, 12.24000, 16.42000, 0.00000, 1.00000, },
				{ 0.95981, -0.28067, 0.00000, 0.00000, 0.28067, 0.95981, -0.00000, 0.00000, -0.00000, 0.00000, 1.00000, 0.00000, 1.54000, 29.86000, 0.00000, 1.00000, },
			},
			["random_shrub_town.grp"] = {
				{ 0.87661, 0.48120, 0.00000, 0.00000, -0.48120, 0.87661, 0.00000, 0.00000, 0.00000, 0.00000, 1.00000, 0.00000, 7.26000, 25.97000, 0.00000, 1.00000, },
				{ 0.87661, 0.48120, 0.00000, 0.00000, -0.48120, 0.87661, 0.00000, 0.00000, 0.00000, 0.00000, 1.00000, 0.00000, -7.24000, 25.97000, 0.00000, 1.00000, },
				{ -0.48120, 0.87661, 0.00000, 0.00000, -0.87661, -0.48120, 0.00000, 0.00000, 0.00000, 0.00000, 1.00000, 0.00000, 1.31000, 27.42000, 0.00000, 1.00000, },
				{ -0.48120, 0.87661, 0.00000, 0.00000, -0.87661, -0.48120, 0.00000, 0.00000, 0.00000, 0.00000, 1.00000, 0.00000, -6.19000, 27.42000, 0.00000, 1.00000, },
				{ 0.99858, 0.05326, 0.00000, 0.00000, -0.05326, 0.99858, 0.00000, 0.00000, 0.00000, 0.00000, 1.00000, 0.00000, 7.26000, 23.77000, 0.00000, 1.00000, },
				{ 0.99858, 0.05326, 0.00000, 0.00000, -0.05326, 0.99858, 0.00000, 0.00000, 0.00000, 0.00000, 1.00000, 0.00000, -7.24000, 23.77000, 0.00000, 1.00000, },
				{ -0.05326, 0.99858, 0.00000, 0.00000, -0.99858, -0.05326, 0.00000, 0.00000, 0.00000, 0.00000, 1.00000, 0.00000, 3.51000, 27.42000, 0.00000, 1.00000, },
				{ -0.05326, 0.99858, 0.00000, 0.00000, -0.99858, -0.05326, 0.00000, 0.00000, 0.00000, 0.00000, 1.00000, 0.00000, -3.99000, 27.42000, 0.00000, 1.00000, },
				{ 0.23389, 0.97226, 0.00000, 0.00000, -0.97226, 0.23389, 0.00000, 0.00000, 0.00000, 0.00000, 1.00000, 0.00000, 7.26000, 21.87000, 0.00000, 1.00000, },
				{ 0.23389, 0.97226, 0.00000, 0.00000, -0.97226, 0.23389, 0.00000, 0.00000, 0.00000, 0.00000, 1.00000, 0.00000, -7.24000, 21.87000, 0.00000, 1.00000, },
				{ -0.97226, 0.23389, 0.00000, 0.00000, -0.23389, -0.97226, 0.00000, 0.00000, 0.00000, 0.00000, 1.00000, 0.00000, 5.41000, 27.42000, 0.00000, 1.00000, },
				{ -0.97226, 0.23389, 0.00000, 0.00000, -0.23389, -0.97226, 0.00000, 0.00000, 0.00000, 0.00000, 1.00000, 0.00000, -2.09000, 27.42000, 0.00000, 1.00000, },
				{ 0.33073, 0.94373, 0.00000, 0.00000, -0.94373, 0.33073, 0.00000, 0.00000, 0.00000, 0.00000, 1.00000, 0.00000, 7.26000, 19.87000, 0.00000, 1.00000, },
				{ 0.33073, 0.94373, 0.00000, 0.00000, -0.94373, 0.33073, 0.00000, 0.00000, 0.00000, 0.00000, 1.00000, 0.00000, -7.24000, 19.87000, 0.00000, 1.00000, },
				{ -0.94373, 0.33073, 0.00000, 0.00000, -0.33073, -0.94373, 0.00000, 0.00000, 0.00000, 0.00000, 1.00000, 0.00000, 7.41000, 27.42000, 0.00000, 1.00000, },
				{ -0.94373, 0.33073, 0.00000, 0.00000, -0.33073, -0.94373, 0.00000, 0.00000, 0.00000, 0.00000, 1.00000, 0.00000, -7.09000, 27.42000, 0.00000, 1.00000, },
				{ -0.94373, 0.33073, 0.00000, 0.00000, -0.33073, -0.94373, 0.00000, 0.00000, 0.00000, 0.00000, 1.00000, 0.00000, -0.09000, 27.42000, 0.00000, 1.00000, },
				{ -0.09237, -0.99572, 0.00000, 0.00000, 0.99572, -0.09237, 0.00000, 0.00000, 0.00000, 0.00000, 1.00000, 0.00000, 12.41000, 4.21000, 0.00000, 1.00000, },
				{ -0.87292, -0.48786, 0.00000, 0.00000, 0.48786, -0.87292, 0.00000, 0.00000, 0.00000, 0.00000, 1.00000, 0.00000, -11.63000, 3.18000, 0.00000, 1.00000, },
				{ -0.11840, -0.99297, 0.00000, 0.00000, 0.99297, -0.11840, 0.00000, 0.00000, 0.00000, 0.00000, 1.00000, 0.00000, -10.83000, 6.48000, 0.00000, 1.00000, },
				{ 0.41945, 0.90778, 0.00000, 0.00000, -0.90778, 0.41945, 0.00000, 0.00000, 0.00000, 0.00000, 1.00000, 0.00000, -12.74000, 5.22000, 0.00000, 1.00000, },
				{ 0.41945, 0.90778, 0.00000, 0.00000, -0.90778, 0.41945, 0.00000, 0.00000, 0.00000, 0.00000, 1.00000, 0.00000, -12.74000, 17.37000, 0.00000, 1.00000, },
				{ -0.22835, -0.97358, 0.00000, 0.00000, 0.97358, -0.22835, 0.00000, 0.00000, 0.00000, 0.00000, 1.00000, 0.00000, -11.19000, 18.92000, 0.00000, 1.00000, },
				{ -0.27564, 0.96126, 0.00000, 0.00000, -0.96126, -0.27564, 0.00000, 0.00000, 0.00000, 0.00000, 1.00000, 0.00000, -14.74000, 18.92000, 0.00000, 1.00000, },
				{ -0.45710, -0.88942, 0.00000, 0.00000, 0.88942, -0.45710, 0.00000, 0.00000, 0.00000, 0.00000, 1.00000, 0.00000, -13.19000, 21.07000, 0.00000, 1.00000, },
				{ -0.99780, 0.06627, 0.00000, 0.00000, -0.06627, -0.99780, 0.00000, 0.00000, 0.00000, 0.00000, 1.00000, 0.00000, -10.69000, 4.77000, 0.00000, 1.00000, },
				{ 0.06279, 0.99803, 0.00000, 0.00000, -0.99803, 0.06279, 0.00000, 0.00000, 0.00000, 0.00000, 1.00000, 0.00000, 11.23000, 5.39000, 0.00000, 1.00000, },
				{ 0.66393, 0.74780, 0.00000, 0.00000, -0.74780, 0.66393, 0.00000, 0.00000, 0.00000, 0.00000, 1.00000, 0.00000, 12.32000, 7.04000, 0.00000, 1.00000, },
				{ 0.32392, -0.94609, 0.00000, 0.00000, 0.94609, 0.32392, 0.00000, 0.00000, 0.00000, 0.00000, 1.00000, 0.00000, 11.72000, 8.54000, 0.00000, 1.00000, },
			},
			["random_shrub_town_fence.grp"] = {
				{ 0.97014, 0.24256, 0.00000, 0.00000, -0.24256, 0.97014, -0.00000, 0.00000, -0.00000, -0.00000, 1.00000, 0.00000, 15.18428, 1.96286, 0.00000, 1.00000, },
				{ 0.97014, 0.24256, 0.00000, 0.00000, -0.24256, 0.97014, -0.00000, 0.00000, -0.00000, -0.00000, 1.00000, 0.00000, 15.13428, 3.51286, 0.00000, 1.00000, },
				{ 0.97014, 0.24256, 0.00000, 0.00000, -0.24256, 0.97014, -0.00000, 0.00000, -0.00000, -0.00000, 1.00000, 0.00000, 15.18428, 5.01286, 0.00000, 1.00000, },
				{ 0.95429, 0.29887, 0.00000, 0.00000, -0.29887, 0.95429, -0.00000, 0.00000, -0.00000, -0.00000, 1.00000, 0.00000, 15.24429, 10.00286, 0.00000, 1.00000, },
				{ 0.95429, 0.29887, 0.00000, 0.00000, -0.29887, 0.95429, -0.00000, 0.00000, -0.00000, -0.00000, 1.00000, 0.00000, 9.74429, 16.80286, 0.00000, 1.00000, },
				{ -0.97014, -0.24256, -0.00000, 0.00000, 0.24256, -0.97014, -0.00000, 0.00000, -0.00000, -0.00000, 1.00000, 0.00000, 15.18428, 7.01286, 0.00000, 1.00000, },
				{ -0.97014, -0.24256, -0.00000, 0.00000, 0.24256, -0.97014, -0.00000, 0.00000, -0.00000, -0.00000, 1.00000, 0.00000, 9.68429, 13.81286, 0.00000, 1.00000, },
				{ 0.24256, -0.97014, 0.00000, 0.00000, 0.97014, 0.24256, -0.00000, 0.00000, 0.00000, 0.00000, 1.00000, 0.00000, 15.18428, 6.01286, 0.00000, 1.00000, },
				{ 0.68861, 0.72513, 0.00000, 0.00000, -0.72513, 0.68861, -0.00000, 0.00000, -0.00000, -0.00000, 1.00000, 0.00000, 15.31428, 8.50286, 0.00000, 1.00000, },
				{ 0.68861, 0.72513, 0.00000, 0.00000, -0.72513, 0.68861, -0.00000, 0.00000, -0.00000, -0.00000, 1.00000, 0.00000, 9.81429, 15.30286, 0.00000, 1.00000, },
				{ -0.20316, -0.97914, -0.00000, 0.00000, 0.97914, -0.20316, -0.00000, 0.00000, -0.00000, -0.00000, 1.00000, 0.00000, 15.28429, 11.70286, 0.00000, 1.00000, },
				{ -0.20316, -0.97914, -0.00000, 0.00000, 0.97914, -0.20316, -0.00000, 0.00000, -0.00000, -0.00000, 1.00000, 0.00000, 9.78428, 18.50286, 0.00000, 1.00000, },
				{ 0.97014, 0.24256, 0.00000, 0.00000, -0.24256, 0.97014, -0.00000, 0.00000, -0.00000, -0.00000, 1.00000, 0.00000, 15.13428, 12.96286, 0.00000, 1.00000, },
				{ 0.97014, 0.24256, 0.00000, 0.00000, -0.24256, 0.97014, -0.00000, 0.00000, -0.00000, -0.00000, 1.00000, 0.00000, 9.63428, 19.76286, 0.00000, 1.00000, },
				{ -0.96863, -0.24852, -0.00000, 0.00000, 0.24852, -0.96863, 0.00000, 0.00000, -0.00000, 0.00000, 1.00000, 0.00000, 13.34428, 12.90286, 0.00000, 1.00000, },
				{ 0.16695, 0.98597, 0.00000, 0.00000, -0.98597, 0.16695, -0.00000, 0.00000, -0.00000, -0.00000, 1.00000, 0.00000, 11.59428, 12.90286, 0.00000, 1.00000, },
				{ 0.57914, -0.81523, 0.00000, 0.00000, 0.81523, 0.57914, 0.00000, 0.00000, -0.00000, -0.00000, 1.00000, 0.00000, 9.79428, 12.90286, 0.00000, 1.00000, },
			},
		},
	},
}
--End Generated

function data()
	return townbuildingutil.make_building2(
		{ { -4.60, -0.10 }, { 4.60, -0.10 }, { 4.60, 9.10 }, { -4.60, 9.10 } },
		"RESIDENTIAL", 
		"B", 
		1,
		{ 4, 4 },
		generatedData,
		"construction/building/era_b/res_1_4x4_01.gtex"
	)
end
