local townbuildingutil = require "townbuildingutil"

--Model file: "building/era_b/res_3_3x3_01.mdl"

--Begin Generated
local generatedData = {
	["base"] = {
		models = {
			["building/era_b/res_3_3x3_01.mdl"] = {
				{ 1.00000, 0.00000, 0.00000, 0.00000, 0.00000, 1.00000, 0.00000, 0.00000, 0.00000, 0.00000, 1.00000, 0.00000, 0.00000, 0.00000, 0.00000, 1.00000, },
			},
		},
		curves = {
			["scaffold"] = {
				{ { 6.34155, 2.17943, 0.00000 }, { 6.34155, 2.17943, 0.00000 }, { 7.54749, 3.14253, 0.00000 }, { 7.54749, 3.14253, 0.00000 }, { 7.54749, 3.14253, 0.00000 }, { 7.54749, 8.00633, 0.00000 }, { 7.54749, 8.00633, 0.00000 }, { 7.54749, 8.00633, 0.00000 }, { 9.78271, 9.65594, 0.00000 }, { 9.78271, 9.65594, 0.00000 }, { 9.78271, 9.65594, 0.00000 }, { 9.78271, 17.21181, 0.00000 }, { 9.78271, 17.21181, 0.00000 }, { 9.78271, 17.21181, 0.00000 }, { 8.81592, 18.16026, 0.00000 }, { 8.81592, 18.16026, 0.00000 }, { 8.81592, 18.16026, 0.00000 }, { 5.58057, 18.16026, 0.00000 }, { 5.58057, 18.16026, 0.00000 }, { 5.58057, 18.16026, 0.00000 }, { 5.58057, 17.28050, 0.00000 }, { 5.58057, 17.28050, 0.00000 }, { 5.58057, 17.28050, 0.00000 }, { 2.53333, 17.28053, 0.00000 }, { 2.53333, 17.28053, 0.00000 }, { 2.53333, 17.28053, 0.00000 }, { 2.53333, 18.16023, 0.00000 }, { 2.53333, 18.16023, 0.00000 }, { 2.53333, 18.16023, 0.00000 }, { -2.38733, 18.16026, 0.00000 }, { -2.38733, 18.16026, 0.00000 }, { -2.38733, 18.16026, 0.00000 }, { -2.38733, 16.92285, 0.00000 }, { -2.38733, 16.92285, 0.00000 }, { -2.38733, 16.92285, 0.00000 }, { -7.79114, 16.92285, 0.00000 }, { -7.79114, 16.92285, 0.00000 }, { -7.79114, 16.92285, 0.00000 }, { -9.43054, 15.98459, 0.00000 }, { -9.43054, 15.98459, 0.00000 }, { -9.43054, 15.98459, 0.00000 }, { -9.43054, 4.37586, 0.00000 }, { -9.43054, 4.37585, 0.00000 }, { -9.43054, 4.37585, 0.00000 }, { -7.77893, 3.41685, 0.00000 }, { -7.77893, 3.41685, 0.00000 }, { -7.77893, 3.41685, 0.00000 }, { -2.38733, 3.41685, 0.00000 }, { -2.38731, 3.41685, 0.00000 }, { -2.38731, 3.41685, 0.00000 }, { -2.38733, 2.17946, 0.00000 }, { -2.38733, 2.17946, 0.00000 }, },
			},
			["shared/asphalt_01.gtex.lua;shared/dirt.gtex.lua"] = {
				{ { 12.00000, 0.00000, 0.00000 }, { 12.00000, 0.00001, 0.00000 }, { 12.00000, 24.00000, 0.00000 }, { 12.00000, 24.00000, 0.00000 }, { 12.00000, 24.00000, 0.00000 }, { -12.00000, 24.00000, 0.00000 }, { -12.00000, 24.00000, 0.00000 }, { -12.00000, 24.00000, 0.00000 }, { -12.00000, 16.51806, 0.00000 }, { -12.00000, 16.51806, 0.00000 }, { -12.00000, 16.51806, 0.00000 }, { -10.35052, 16.51806, 0.00000 }, { -10.35052, 16.51806, 0.00000 }, { -10.35052, 16.51806, 0.00000 }, { -10.35052, 23.00000, 0.00000 }, { -10.35052, 23.00000, 0.00000 }, { -10.35052, 23.00000, 0.00000 }, { 10.70277, 23.00000, 0.00000 }, { 10.70277, 23.00000, 0.00000 }, { 10.70277, 23.00000, 0.00000 }, { 10.70277, 2.69984, 0.00000 }, { 10.70277, 2.69984, 0.00000 }, { 10.70277, 2.69984, 0.00000 }, { 8.46759, 2.69984, 0.00000 }, { 8.46759, 2.69984, 0.00000 }, { 8.46759, 2.69984, 0.00000 }, { 8.46759, -0.05000, 0.00000 }, { 8.46759, -0.05000, 0.00000 }, },
				{ { 8.46759, -0.05000, 0.00000 }, { 8.46759, -0.05000, 0.00000 }, { 8.46759, 2.69984, 0.00000 }, { 8.46759, 2.69984, 0.00000 }, { 8.46759, 2.69984, 0.00000 }, { 8.46759, 7.54190, 0.00000 }, { 8.46759, 7.54190, 0.00000 }, { 8.46759, 7.54190, 0.00000 }, { 10.70277, 9.19150, 0.00000 }, { 10.70277, 9.19150, 0.00000 }, { 10.70277, 9.19150, 0.00000 }, { 10.70277, 17.59804, 0.00000 }, { 10.70277, 17.59804, 0.00000 }, { 10.70277, 17.59804, 0.00000 }, { 9.19186, 19.08023, 0.00000 }, { 9.19186, 19.08023, 0.00000 }, { 9.19186, 19.08023, 0.00000 }, { 5.52750, 19.08023, 0.00000 }, { 5.52750, 19.08023, 0.00000 }, { 5.52750, 19.08023, 0.00000 }, { 4.66058, 18.38788, 0.00000 }, { 4.66058, 18.38788, 0.00000 }, { 4.66058, 18.38788, 0.00000 }, { 4.66058, 17.65487, 0.00000 }, { 4.66058, 17.65487, 0.00000 }, { 4.66058, 17.65487, 0.00000 }, { 3.45338, 17.66671, 0.00000 }, { 3.45338, 17.66671, 0.00000 }, { 3.45338, 17.66671, 0.00000 }, { 3.45337, 18.32671, 0.00000 }, { 3.45337, 18.32671, 0.00000 }, { 3.45337, 18.32671, 0.00000 }, { 2.68500, 19.08023, 0.00000 }, { 2.68500, 19.08023, 0.00000 }, { 2.68500, 19.08023, 0.00000 }, { -3.30736, 19.08023, 0.00000 }, { -3.30736, 19.08023, 0.00000 }, { -3.30736, 19.08023, 0.00000 }, { -3.30736, 17.84286, 0.00000 }, { -3.30736, 17.84286, 0.00000 }, { -3.30736, 17.84286, 0.00000 }, { -8.03596, 17.84286, 0.00000 }, { -8.03596, 17.84286, 0.00000 }, { -8.03596, 17.84286, 0.00000 }, { -10.35052, 16.51806, 0.00000 }, { -10.35052, 16.51806, 0.00000 }, { -10.35052, 16.51806, 0.00000 }, { -12.00000, 16.51806, 0.00000 }, { -12.00000, 16.51806, 0.00000 }, { -12.00000, 16.51806, 0.00000 }, { -12.00000, 0.00000, 0.00000 }, { -12.00000, 0.00000, 0.00000 }, },
			},
			["shared/grass_cutted_01.gtex.lua"] = {
				{ { 10.70277, 17.59804, 0.00000 }, { 10.70277, 17.59804, 0.00000 }, { 10.70277, 23.00000, 0.00000 }, { 10.70277, 23.00000, 0.00000 }, { 10.70277, 23.00000, 0.00000 }, { -10.35052, 23.00000, 0.00000 }, { -10.35052, 23.00000, 0.00000 }, { -10.35052, 23.00000, 0.00000 }, { -10.35052, 16.51806, 0.00000 }, { -10.35052, 16.51806, 0.00000 }, { -10.35052, 16.51806, 0.00000 }, { -8.03596, 17.84286, 0.00000 }, { -8.03596, 17.84286, 0.00000 }, { -8.03596, 17.84286, 0.00000 }, { -3.30736, 17.84286, 0.00000 }, { -3.30736, 17.84286, 0.00000 }, { -3.30736, 17.84286, 0.00000 }, { -3.30736, 19.08023, 0.00000 }, { -3.30736, 19.08023, 0.00000 }, { -3.30736, 19.08023, 0.00000 }, { 2.68500, 19.08023, 0.00000 }, { 2.68500, 19.08023, 0.00000 }, { 2.68500, 19.08023, 0.00000 }, { 3.45337, 18.32671, 0.00000 }, { 3.45337, 18.32671, 0.00000 }, { 3.45337, 18.32671, 0.00000 }, { 3.45338, 17.66671, 0.00000 }, { 3.45338, 17.66671, 0.00000 }, { 3.45338, 17.66671, 0.00000 }, { 4.66058, 17.65487, 0.00000 }, { 4.66058, 17.65487, 0.00000 }, { 4.66058, 17.65487, 0.00000 }, { 4.66058, 18.38788, 0.00000 }, { 4.66058, 18.38788, 0.00000 }, { 4.66058, 18.38788, 0.00000 }, { 5.52750, 19.08023, 0.00000 }, { 5.52750, 19.08023, 0.00000 }, { 5.52750, 19.08023, 0.00000 }, { 9.19186, 19.08023, 0.00000 }, { 9.19186, 19.08023, 0.00000 }, },
				{ { 10.70277, 2.69984, 0.00000 }, { 10.70277, 2.69984, 0.00000 }, { 10.70277, 9.19150, 0.00000 }, { 10.70277, 9.19150, 0.00000 }, { 10.70277, 9.19150, 0.00000 }, { 8.46759, 7.54190, 0.00000 }, { 8.46759, 7.54190, 0.00000 }, { 8.46759, 7.54190, 0.00000 }, { 8.46759, 2.69984, 0.00000 }, { 8.46759, 2.69984, 0.00000 }, },
			},
		},
	},
	["layout_1"] = {
		models = {
			["asset/ground/garden_chair_plastic_01.mdl"] = {
				{ 0.61291, 0.79015, 0.00000, 0.00000, -0.79015, 0.61291, 0.00000, 0.00000, 0.00000, -0.00000, 1.00000, 0.00000, 2.14545, 4.12799, 27.09999, 1.00000, align = { 0.00000, 0.00000 }, ignore = { 11, 10 }, },
				{ 0.73610, -0.67688, 0.00000, 0.00000, 0.67688, 0.73610, 0.00000, 0.00000, -0.00000, -0.00000, 1.00000, 0.00000, 3.79374, 4.16163, 27.09999, 1.00000, align = { 0.00000, 0.00000 }, ignore = { 12, 10 }, },
				{ 0.94322, -0.33216, 0.00000, 0.00000, 0.33216, 0.94322, 0.00000, 0.00000, 0.00000, 0.00000, 1.00000, 0.00000, 3.59472, 3.93451, 15.09999, 1.00000, align = { 0.00000, 0.00000 }, ignore = { 13, 10 }, },
				{ 0.78369, -0.62115, 0.00000, 0.00000, 0.62115, 0.78369, 0.00000, 0.00000, -0.00000, -0.00000, 1.00000, 0.00000, 3.56233, 3.96708, 21.09999, 1.00000, align = { 0.00000, 0.00000 }, ignore = { 17, 10 }, },
				{ 0.95319, 0.30237, 0.00000, 0.00000, -0.30237, 0.95319, -0.00000, 0.00000, -0.00000, -0.00000, 1.00000, 0.00000, 2.31234, 3.96708, 21.09999, 1.00000, align = { 0.00000, 0.00000 }, ignore = { 18, 10 }, },
			},
		},
		groups = {
			["era_a_garden_bench.grp"] = {
				{ 0.84471, -0.02212, 0.00000, 0.00000, 0.02212, 0.84471, 0.00000, 0.00000, 0.00000, 0.00000, 0.84500, 0.00000, 3.18838, 4.13586, 33.09999, 1.00000, align = { 0.00000, 0.00000 }, ignore = { 9, 25 }, },
				{ 0.84471, -0.02212, 0.00000, 0.00000, 0.02212, 0.84471, 0.00000, 0.00000, 0.00000, 0.00000, 0.84500, 0.00000, 3.09739, 4.16006, 6.09999, 1.00000, align = { 0.00000, 0.00000 }, ignore = { 15, 25 }, },
			},
			["era_a_garden_chair.grp"] = {
				{ -0.15299, -0.98823, 0.00000, 0.00000, 0.98823, -0.15299, -0.00000, 0.00000, 0.00000, -0.00000, 1.00000, 0.00000, 3.41990, 3.91056, 30.09999, 1.00000, align = { 0.00000, 0.00000 }, seed = 256, ignore = { 2, 10 }, },
				{ 0.69214, 0.72176, -0.00000, 0.00000, -0.72176, 0.69214, -0.00000, 0.00000, -0.00000, 0.00000, 1.00000, 0.00000, 2.00587, 4.31289, 30.09999, 1.00000, align = { 0.00000, 0.00000 }, seed = 256, ignore = { 3, 10 }, },
				{ -0.15299, -0.98823, 0.00000, 0.00000, 0.98823, -0.15299, -0.00000, 0.00000, 0.00000, -0.00000, 1.00000, 0.00000, 3.69747, 4.04356, 12.09999, 1.00000, align = { 0.00000, 0.00000 }, seed = 256, ignore = { 5, 10 }, },
				{ -0.97318, 0.23005, 0.00000, 0.00000, -0.23005, -0.97318, -0.00000, 0.00000, 0.00000, -0.00000, 1.00000, 0.00000, 2.67233, 3.33079, 12.09999, 1.00000, align = { 0.00000, 0.00000 }, seed = 256, ignore = { 6, 10 }, },
				{ 0.69214, 0.72176, -0.00000, 0.00000, -0.72176, 0.69214, -0.00000, 0.00000, -0.00000, 0.00000, 1.00000, 0.00000, 2.46466, 4.16962, 12.09999, 1.00000, align = { 0.00000, 0.00000 }, seed = 256, ignore = { 7, 10 }, },
			},
			["era_b_sunshade_small.grp"] = {
				{ 0.53288, -0.84619, 0.00000, 0.00000, 0.84619, 0.53288, 0.00000, 0.00000, -0.00000, -0.00000, 1.00000, 0.00000, 2.89826, 3.15283, 27.09999, 1.00000, align = { 0.00000, 0.00000 }, ignore = { 10, 50 }, },
				{ -0.94832, -0.31730, 0.00000, 0.00000, 0.31730, -0.94832, 0.00000, 0.00000, 0.00000, 0.00000, 1.00000, 0.00000, 2.70176, 3.13506, 21.09999, 1.00000, align = { 0.00000, 0.00000 }, ignore = { 14, 50 }, },
				{ 0.87798, -0.47869, 0.00000, 0.00000, 0.47869, 0.87798, -0.00000, 0.00000, 0.00000, 0.00000, 1.00000, 0.00000, 2.77237, 3.40639, 15.09999, 1.00000, align = { 0.00000, 0.00000 }, ignore = { 16, 50 }, },
			},
			["garden_table_round.grp"] = {
				{ -0.68200, -0.73135, 0.00000, 0.00000, 0.73135, -0.68200, -0.00000, 0.00000, 0.00000, -0.00000, 1.00000, 0.00000, 2.67507, 3.52575, 30.09999, 1.00000, align = { 0.00000, 0.00000 }, seed = 256, ignore = { 4, 10 }, },
				{ -0.68200, -0.73135, 0.00000, 0.00000, 0.73135, -0.68200, -0.00000, 0.00000, 0.00000, -0.00000, 1.00000, 0.00000, 2.94505, 3.81210, 12.09999, 1.00000, align = { 0.00000, 0.00000 }, seed = 256, ignore = { 8, 10 }, },
			},
			["random_medium_tree_town.grp"] = {
				{ -0.50754, -0.86163, 0.00000, 0.00000, 0.86163, -0.50754, -0.00000, 0.00000, 0.00000, 0.00000, 1.00000, 0.00000, -7.51000, 21.32000, 0.00000, 1.00000, },
			},
			["random_shrub_town.grp"] = {
				{ -0.72495, -0.68880, 0.00000, 0.00000, 0.68880, -0.72495, 0.00000, 0.00000, 0.00000, 0.00000, 1.00000, 0.00000, 3.92693, 21.04292, 0.00000, 1.00000, },
				{ -0.07038, 0.99752, 0.00000, 0.00000, -0.99752, -0.07038, 0.00000, 0.00000, 0.00000, 0.00000, 1.00000, 0.00000, 1.42693, 20.94292, 0.00000, 1.00000, },
				{ 0.39130, -0.92026, 0.00000, 0.00000, 0.92026, 0.39130, 0.00000, 0.00000, 0.00000, 0.00000, 1.00000, 0.00000, 8.57693, 20.99292, 0.00000, 1.00000, },
				{ 0.94935, 0.31422, 0.00000, 0.00000, -0.31422, 0.94935, 0.00000, 0.00000, 0.00000, 0.00000, 1.00000, 0.00000, 6.07000, 21.29000, 0.00000, 1.00000, },
			},
			["random_shrub_town_fence.grp"] = {
				{ 0.33545, 0.94206, 0.00000, 0.00000, -0.94206, 0.33545, -0.00000, 0.00000, -0.00000, 0.00000, 1.00000, 0.00000, 9.73429, 3.50286, 0.00000, 1.00000, },
				{ 0.83932, -0.54364, 0.00000, 0.00000, 0.54364, 0.83932, -0.00000, 0.00000, -0.00000, 0.00000, 1.00000, 0.00000, 9.43429, 5.20286, 0.00000, 1.00000, },
				{ -0.08031, 0.99677, -0.00000, 0.00000, -0.99677, -0.08031, -0.00000, 0.00000, -0.00000, -0.00000, 1.00000, 0.00000, 9.83429, 6.95286, 0.00000, 1.00000, },
			},
		},
	},
}
--End Generated

function data()
	return townbuildingutil.make_building2(
		{ { -4.60, -0.10 }, { 4.60, -0.10 }, { 4.60, 9.10 }, { -4.60, 9.10 } },
		"RESIDENTIAL", 
		"B", 
		3,
		{ 3, 3 },
		generatedData,
		"construction/building/era_b/res_3_3x3_01.gtex"
	)
end
