local townbuildingutil = require "townbuildingutil"

--Model file: "building/era_b/res_3_4x4_02.mdl"

--Begin Generated
local generatedData = {
	["base"] = {
		models = {
			["building/era_b/res_3_4x4_02.mdl"] = {
				{ 1.00000, 0.00000, 0.00000, 0.00000, 0.00000, 1.00000, 0.00000, 0.00000, 0.00000, 0.00000, 1.00000, 0.00000, 0.00000, 0.00000, 0.00000, 1.00000, },
			},
		},
		curves = {
			["scaffold"] = {
				{ { 7.60999, 2.36165, 0.00000 }, { 7.60999, 2.36165, 0.00000 }, { 7.60999, 6.07129, 0.00000 }, { 7.60999, 6.07129, 0.00000 }, { 7.60999, 6.07129, 0.00000 }, { 11.56909, 6.07129, 0.00000 }, { 11.56909, 6.07129, 0.00000 }, { 11.56909, 6.07129, 0.00000 }, { 13.75354, 8.42900, 0.00000 }, { 13.75354, 8.42900, 0.00000 }, { 13.75354, 8.42900, 0.00000 }, { 13.75354, 27.41545, 0.00000 }, { 13.75354, 27.41545, 0.00000 }, { 13.75354, 27.41545, 0.00000 }, { 11.57007, 29.44502, 0.00000 }, { 11.57007, 29.44502, 0.00000 }, { 11.57007, 29.44502, 0.00000 }, { 0.66382, 29.44504, 0.00000 }, { 0.66382, 29.44504, 0.00000 }, { 0.66382, 29.44502, 0.00000 }, { 0.66382, 23.42000, 0.00000 }, { 0.66382, 23.42000, 0.00000 }, { 0.66382, 23.42000, 0.00000 }, { -5.52893, 23.42000, 0.00000 }, { -5.52893, 23.42000, 0.00000 }, { -5.52893, 23.42000, 0.00000 }, { -5.52893, 25.60883, 0.00000 }, { -5.52893, 25.60883, 0.00000 }, { -5.52893, 25.60883, 0.00000 }, { -11.26355, 25.60886, 0.00000 }, { -11.26355, 25.60886, 0.00000 }, { -11.26355, 25.60886, 0.00000 }, { -11.26355, 8.42830, 0.00000 }, { -11.26355, 8.42830, 0.00000 }, { -11.26355, 8.42830, 0.00000 }, { -9.01550, 6.07124, 0.00000 }, { -9.01550, 6.07124, 0.00000 }, { -9.01550, 6.07124, 0.00000 }, { -6.00061, 6.07124, 0.00000 }, { -6.00061, 6.07124, 0.00000 }, { -6.00061, 6.07124, 0.00000 }, { -6.00061, 2.26396, 0.00000 }, { -6.00061, 2.26396, 0.00000 }, },
			},
			["shared/asphalt_01.gtex.lua;shared/dirt.gtex.lua"] = {
				{ { -6.92059, 0.00000, 0.00000 }, { -6.92059, 0.00000, 0.00000 }, { -6.92059, 2.00000, 0.00000 }, { -6.92059, 2.00000, 0.00000 }, { -6.92059, 2.00000, 0.00000 }, { -12.18359, 2.00000, 0.00000 }, { -12.18359, 2.00000, 0.00000 }, { -12.18359, 2.00000, 0.00000 }, { -12.18359, 8.05986, 0.00000 }, { -12.18359, 8.05986, 0.00000 }, { -12.18359, 8.05986, 0.00000 }, { -16.00000, 8.05986, 0.00000 }, { -16.00000, 8.05986, 0.00000 }, { -16.00000, 8.05986, 0.00000 }, { -16.00000, 0.00000, 0.00000 }, { -16.00000, 0.00000, 0.00000 }, },
				{ { 16.00000, 0.00000, 0.00000 }, { 16.00000, 0.00000, 0.00000 }, { 16.00000, 8.06824, 0.00000 }, { 16.00000, 8.06824, 0.00000 }, { 16.00000, 8.06824, 0.00000 }, { 14.67358, 8.06824, 0.00000 }, { 14.67358, 8.06824, 0.00000 }, { 14.67358, 8.06824, 0.00000 }, { 14.67358, 2.00000, 0.00000 }, { 14.67358, 2.00000, 0.00000 }, { 14.67358, 2.00000, 0.00000 }, { 8.60001, 2.00000, 0.00000 }, { 8.60001, 2.00000, 0.00000 }, { 8.60001, 2.00000, 0.00000 }, { 8.60001, 5.15118, 0.00000 }, { 8.60001, 5.15118, 0.00000 }, { 8.60001, 5.15118, 0.00000 }, { 1.43231, 5.15123, 0.00000 }, { 1.43231, 5.15123, 0.00000 }, { 1.43231, 5.15123, 0.00000 }, { 1.43234, 0.00000, 0.00000 }, { 1.43234, 0.00000, 0.00000 }, },
				{ { 1.43234, 0.00000, 0.00000 }, { 1.43234, 0.00000, 0.00000 }, { 1.43231, 5.15123, 0.00000 }, { 1.43231, 5.15123, 0.00000 }, { 1.43231, 5.15123, 0.00000 }, { 8.60001, 5.15118, 0.00000 }, { 8.60001, 5.15118, 0.00000 }, { 8.60001, 5.15118, 0.00000 }, { 11.97098, 5.15118, 0.00000 }, { 11.97098, 5.15118, 0.00000 }, { 11.97098, 5.15118, 0.00000 }, { 14.67358, 8.06824, 0.00000 }, { 14.67358, 8.06824, 0.00000 }, { 14.67358, 8.06824, 0.00000 }, { 16.00000, 8.06824, 0.00000 }, { 16.00000, 8.06824, 0.00000 }, { 16.00000, 8.06824, 0.00000 }, { 16.00000, 32.00000, 0.00000 }, { 16.00000, 32.00000, 0.00000 }, { 16.00000, 32.00000, 0.00000 }, { -16.00000, 32.00000, 0.00000 }, { -16.00000, 32.00000, 0.00000 }, { -16.00000, 32.00000, 0.00000 }, { -16.00000, 8.05986, 0.00000 }, { -16.00000, 8.05986, 0.00000 }, { -16.00000, 8.05986, 0.00000 }, { -12.18359, 8.05986, 0.00000 }, { -12.18359, 8.05986, 0.00000 }, { -12.18359, 8.05986, 0.00000 }, { -9.40927, 5.15120, 0.00000 }, { -9.40927, 5.15120, 0.00000 }, { -9.40927, 5.15120, 0.00000 }, { -6.92059, 5.15120, 0.00000 }, { -6.92059, 5.15120, 0.00000 }, { -6.92059, 5.15120, 0.00000 }, { -6.92059, 2.00000, 0.00000 }, { -6.92059, 2.00000, 0.00000 }, { -6.92059, 2.00000, 0.00000 }, { -6.92059, 0.00000, 0.00000 }, { -6.92059, 0.00000, 0.00000 }, },
			},
			["shared/grass_cutted_01.gtex.lua"] = {
				{ { -6.92059, 2.00000, 0.00000 }, { -6.92059, 2.00000, 0.00000 }, { -6.92059, 5.15120, 0.00000 }, { -6.92059, 5.15120, 0.00000 }, { -6.92059, 5.15120, 0.00000 }, { -9.40927, 5.15120, 0.00000 }, { -9.40927, 5.15120, 0.00000 }, { -9.40927, 5.15120, 0.00000 }, { -12.18359, 8.05986, 0.00000 }, { -12.18359, 8.05986, 0.00000 }, { -12.18359, 8.05986, 0.00000 }, { -12.18359, 2.00000, 0.00000 }, { -12.18359, 2.00000, 0.00000 }, },
				{ { 14.67358, 2.00000, 0.00000 }, { 14.67358, 2.00000, 0.00000 }, { 14.67358, 8.06824, 0.00000 }, { 14.67358, 8.06824, 0.00000 }, { 14.67358, 8.06824, 0.00000 }, { 11.97098, 5.15118, 0.00000 }, { 11.97098, 5.15118, 0.00000 }, { 11.97098, 5.15118, 0.00000 }, { 8.60001, 5.15118, 0.00000 }, { 8.60001, 5.15118, 0.00000 }, { 8.60001, 5.15118, 0.00000 }, { 8.60001, 2.00000, 0.00000 }, { 8.60001, 2.00000, 0.00000 }, },
			},
		},
	},
	["layout_1"] = {
		models = {
			["asset/ground/garden_chair_plastic_01.mdl"] = {
				{ 0.68200, 0.73135, 0.00000, 0.00000, -0.73135, 0.68200, 0.00000, 0.00000, 0.00000, -0.00000, 1.00000, 0.00000, 5.13348, 7.47103, 27.06998, 1.00000, align = { 0.00000, 0.00000 }, ignore = { 11, 10 }, },
				{ 0.46947, -0.88295, 0.00000, 0.00000, 0.88295, 0.46947, 0.00000, 0.00000, -0.00000, -0.00000, 1.00000, 0.00000, 6.63176, 7.58856, 21.06998, 1.00000, align = { 0.00000, 0.00000 }, ignore = { 12, 10 }, },
				{ 0.61291, 0.79015, 0.00000, 0.00000, -0.79015, 0.61291, 0.00000, 0.00000, 0.00000, -0.00000, 1.00000, 0.00000, 4.60580, 7.28515, 12.06998, 1.00000, align = { 0.00000, 0.00000 }, ignore = { 13, 10 }, },
				{ -0.72897, 0.68455, 0.00000, 0.00000, -0.68455, -0.72897, 0.00000, 0.00000, 0.00000, 0.00000, 1.00000, 0.00000, 5.75933, 27.91503, 21.06998, 1.00000, align = { 0.00000, 0.00000 }, ignore = { 14, 10 }, },
				{ -0.98686, -0.16160, -0.00000, 0.00000, 0.16146, -0.98599, -0.04187, 0.00000, 0.00677, -0.04132, 0.99912, 0.00000, 7.16146, 27.63630, 15.06999, 1.00000, align = { 0.00000, 0.00000 }, ignore = { 15, 10 }, },
			},
		},
		groups = {
			["era_a_garden_bench.grp"] = {
				{ -0.84500, -0.00000, 0.00000, 0.00000, 0.00000, -0.84500, 0.00000, 0.00000, 0.00000, 0.00000, 0.84500, 0.00000, 6.13354, 27.43316, 33.06998, 1.00000, align = { 0.00000, 0.00000 }, ignore = { 5, 25 }, },
				{ -0.84500, -0.00000, -0.00000, 0.00000, 0.00000, -0.84500, -0.00000, 0.00000, -0.00000, -0.00000, 0.84500, 0.00000, 6.27227, 27.50403, 12.06999, 1.00000, align = { 0.00000, 0.00000 }, ignore = { 6, 25 }, },
			},
			["era_a_garden_chair.grp"] = {
				{ -0.03490, -0.99939, -0.00000, 0.00000, 0.99939, -0.03490, 0.00000, 0.00000, -0.00000, 0.00000, 1.00000, 0.00000, 6.04195, 7.05306, 36.06998, 1.00000, align = { 0.00000, 0.00000 }, seed = 768, ignore = { 16, 10 }, },
				{ 0.01571, 0.99988, 0.00000, 0.00000, -0.99988, 0.01571, 0.00000, 0.00000, 0.00000, -0.00000, 1.00000, 0.00000, 4.42716, 7.02405, 36.06998, 1.00000, align = { 0.00000, 0.00000 }, seed = 768, ignore = { 17, 10 }, },
				{ -0.05582, 0.99844, 0.00000, 0.00000, -0.99844, -0.05582, 0.00000, 0.00000, 0.00000, -0.00000, 1.00000, 0.00000, 5.21708, 27.99170, 42.06998, 1.00000, align = { 0.00000, 0.00000 }, seed = 768, ignore = { 18, 10 }, },
				{ 0.07498, -0.99719, 0.00000, 0.00000, 0.99719, 0.07498, 0.00000, 0.00000, -0.00000, 0.00000, 1.00000, 0.00000, 6.82260, 28.16694, 42.06998, 1.00000, align = { 0.00000, 0.00000 }, seed = 768, ignore = { 19, 10 }, },
				{ 0.74780, -0.66393, -0.00000, 0.00000, 0.66393, 0.74780, -0.00000, 0.00000, 0.00000, 0.00000, 1.00000, 0.00000, 6.28668, 7.86511, 15.06999, 1.00000, align = { 0.00000, 0.00000 }, seed = 256, ignore = { 22, 10 }, },
				{ 0.68709, 0.72657, 0.00000, 0.00000, -0.72657, 0.68709, 0.00000, 0.00000, 0.00000, 0.00000, 1.00000, 0.00000, 4.79175, 8.17875, 6.06999, 1.00000, align = { 0.00000, 0.00000 }, seed = 256, ignore = { 23, 10 }, },
				{ -0.86427, 0.50302, 0.00000, 0.00000, -0.50302, -0.86427, 0.00000, 0.00000, 0.00000, 0.00000, 1.00000, 0.00000, 5.25175, 6.97875, 6.06999, 1.00000, align = { 0.00000, 0.00000 }, seed = 256, ignore = { 24, 10 }, },
				{ -0.10800, -0.99415, 0.00000, 0.00000, 0.99415, -0.10800, 0.00000, 0.00000, 0.00000, 0.00000, 1.00000, 0.00000, 6.57175, 7.75875, 6.06999, 1.00000, align = { 0.00000, 0.00000 }, seed = 256, ignore = { 25, 10 }, },
			},
			["era_b_garbage_container.grp"] = {
				{ -0.99939, 0.03490, -0.00000, 0.00000, -0.03490, -0.99939, 0.00000, 0.00000, -0.00000, 0.00000, 1.00000, 0.00000, -1.02500, 24.30500, 0.00000, 1.00000, seed = 456, },
				{ -0.99978, -0.02094, -0.00000, 0.00000, 0.02094, -0.99978, 0.00000, 0.00000, -0.00000, 0.00000, 1.00000, 0.00000, -4.07500, 24.30500, 0.00000, 1.00000, seed = 456, },
			},
			["era_b_sunshade_small.grp"] = {
				{ -0.81915, -0.57358, -0.00000, 0.00000, 0.57358, -0.81915, 0.00000, 0.00000, -0.00000, 0.00000, 1.00000, 0.00000, 6.13864, 6.89414, 27.06998, 1.00000, align = { 0.00000, 0.00000 }, ignore = { 2, 50 }, },
				{ -0.89726, -0.44151, 0.00000, 0.00000, 0.44151, -0.89726, 0.00000, 0.00000, 0.00000, 0.00000, 1.00000, 0.00000, 4.60933, 6.78380, 42.06998, 1.00000, align = { 0.00000, 0.00000 }, ignore = { 3, 50 }, },
				{ -0.74431, 0.66783, 0.00000, 0.00000, -0.66783, -0.74431, 0.00000, 0.00000, 0.00000, 0.00000, 1.00000, 0.00000, 5.44246, 6.87058, 21.06998, 1.00000, align = { 0.00000, 0.00000 }, ignore = { 4, 50 }, },
				{ 0.87798, -0.47869, 0.00000, 0.00000, 0.47869, 0.87798, -0.00000, 0.00000, 0.00000, 0.00000, 1.00000, 0.00000, 6.07098, 28.47565, 27.06998, 1.00000, align = { 0.00000, 0.00000 }, ignore = { 7, 50 }, },
				{ 0.74314, -0.66913, 0.00000, 0.00000, 0.66913, 0.74314, 0.00000, 0.00000, 0.00000, 0.00000, 1.00000, 0.00000, 6.87492, 28.48088, 18.06998, 1.00000, align = { 0.00000, 0.00000 }, ignore = { 8, 50 }, },
				{ 0.78152, -0.62388, 0.00000, 0.00000, 0.62388, 0.78152, 0.00000, 0.00000, 0.00000, 0.00000, 1.00000, 0.00000, 6.64566, 28.61858, 9.06999, 1.00000, align = { 0.00000, 0.00000 }, ignore = { 9, 50 }, },
				{ -0.74780, -0.66393, -0.00000, 0.00000, 0.66393, -0.74780, 0.00000, 0.00000, -0.00000, 0.00000, 1.00000, 0.00000, 5.83771, 6.94976, 12.06998, 1.00000, align = { 0.00000, 0.00000 }, ignore = { 10, 50 }, },
				{ -0.69717, -0.71691, 0.00000, 0.00000, 0.71691, -0.69717, 0.00000, 0.00000, 0.00000, 0.00000, 1.00000, 0.00000, 5.21661, 7.14141, 36.06998, 1.00000, align = { 0.00000, 0.00000 }, },
				{ 0.62932, 0.77715, 0.00000, 0.00000, -0.77715, 0.62932, 0.00000, 0.00000, 0.00000, 0.00000, 1.00000, 0.00000, 6.04704, 27.97852, 42.06998, 1.00000, align = { 0.00000, 0.00000 }, },
			},
			["garden_table_round.grp"] = {
				{ 0.99297, -0.11840, -0.00000, 0.00000, 0.11840, 0.99297, 0.00000, 0.00000, 0.00000, -0.00000, 1.00000, 0.00000, 5.21661, 7.14141, 36.06998, 1.00000, align = { 0.00000, 0.00000 }, seed = 768, },
				{ -0.80489, -0.59342, -0.00000, 0.00000, 0.59342, -0.80489, 0.00000, 0.00000, -0.00000, 0.00000, 1.00000, 0.00000, 6.04704, 27.97852, 42.06998, 1.00000, align = { 0.00000, 0.00000 }, seed = 768, },
				{ -0.68200, -0.73135, 0.00000, 0.00000, 0.73135, -0.68200, -0.00000, 0.00000, 0.00000, -0.00000, 1.00000, 0.00000, 5.28460, 7.39197, 15.06999, 1.00000, align = { 0.00000, 0.00000 }, seed = 256, ignore = { 20, 10 }, },
				{ 1.00000, 0.00000, 0.00000, 0.00000, 0.00000, 1.00000, 0.00000, 0.00000, 0.00000, 0.00000, 1.00000, 0.00000, 5.65435, 7.58941, 6.06998, 1.00000, align = { 0.00000, 0.00000 }, seed = 256, ignore = { 21, 10 }, },
			},
			["random_shrub_town.grp"] = {
				{ -0.93040, 0.36656, 0.00000, 0.00000, -0.36656, -0.93040, 0.00000, 0.00000, 0.00000, 0.00000, 1.00000, 0.00000, 13.57000, 4.83000, 0.00000, 1.00000, },
				{ 0.17886, 0.98387, 0.00000, 0.00000, -0.98387, 0.17886, 0.00000, 0.00000, 0.00000, 0.00000, 1.00000, 0.00000, -11.13000, 5.18000, 0.00000, 1.00000, },
				{ -0.52225, -0.85279, 0.00000, 0.00000, 0.85279, -0.52225, 0.00000, 0.00000, 0.00000, 0.00000, 1.00000, 0.00000, 12.77000, 3.58000, 0.00000, 1.00000, },
				{ -0.52225, -0.85279, 0.00000, 0.00000, 0.85279, -0.52225, 0.00000, 0.00000, 0.00000, 0.00000, 1.00000, 0.00000, -8.03000, 3.58000, 0.00000, 1.00000, },
				{ -0.88645, 0.46283, 0.00000, 0.00000, -0.46283, -0.88645, 0.00000, 0.00000, 0.00000, 0.00000, 1.00000, 0.00000, 10.57000, 3.43000, 0.00000, 1.00000, },
				{ -0.88645, 0.46283, 0.00000, 0.00000, -0.46283, -0.88645, 0.00000, 0.00000, 0.00000, 0.00000, 1.00000, 0.00000, -10.23000, 3.43000, 0.00000, 1.00000, },
			},
		},
	},
}
--End Generated

function data()
	return townbuildingutil.make_building2(
		{ { -4.60, -0.10 }, { 4.60, -0.10 }, { 4.60, 9.10 }, { -4.60, 9.10 } },
		"RESIDENTIAL", 
		"B", 
		3,
		{ 4, 4 },
		generatedData,
		"construction/building/era_b/res_3_4x4_02.gtex"
	)
end
