local townbuildingutil = require "townbuildingutil"

--Model file: "building/era_b/res_3_2x3_01.mdl"

--Begin Generated
local generatedData = {
	["base"] = {
		models = {
			["building/era_b/res_3_2x3_01.mdl"] = {
				{ 1.00000, 0.00000, 0.00000, 0.00000, 0.00000, 1.00000, 0.00000, 0.00000, 0.00000, 0.00000, 1.00000, 0.00000, 0.00000, 0.00000, 0.00000, 1.00000, },
			},
		},
		curves = {
			["scaffold"] = {
				{ { 3.97322, 3.11778, 0.00000 }, { 3.97322, 3.11779, 0.00000 }, { 3.97322, 4.30757, 0.00000 }, { 3.97322, 4.30757, 0.00000 }, { 3.97322, 4.30757, 0.00000 }, { 5.66248, 4.30757, 0.00000 }, { 5.66248, 4.30757, 0.00000 }, { 5.66248, 4.30757, 0.00000 }, { 5.66260, 20.67793, 0.00000 }, { 5.66260, 20.67793, 0.00000 }, { 5.66260, 20.67793, 0.00000 }, { -5.78979, 20.67793, 0.00000 }, { -5.78979, 20.67793, 0.00000 }, { -5.78979, 20.67793, 0.00000 }, { -5.78992, 4.30757, 0.00000 }, { -5.78992, 4.30757, 0.00000 }, { -5.78992, 4.30757, 0.00000 }, { -1.26595, 4.30757, 0.00000 }, { -1.26595, 4.30757, 0.00000 }, { -1.26595, 4.30757, 0.00000 }, { -1.26595, 3.11779, 0.00000 }, { -1.26595, 3.11778, 0.00000 }, },
			},
			["shared/asphalt_01.gtex.lua;shared/dirt.gtex.lua"] = {
				{ { 8.00000, 0.00000, 0.00000 }, { 8.00000, 0.00000, 0.00000 }, { 8.00000, 23.99999, 0.00000 }, { 8.00000, 24.00000, 0.00000 }, { 8.00000, 24.00000, 0.00000 }, { -8.00000, 24.00000, 0.00000 }, { -8.00000, 24.00000, 0.00000 }, { -8.00000, 23.99999, 0.00000 }, { -8.00000, 0.00000, 0.00000 }, { -8.00000, 0.00000, 0.00000 }, { -8.00000, 0.00000, -0.00000 }, { -6.70984, 0.00000, -0.00000 }, { -6.70984, 0.00000, -0.00000 }, { -6.70984, 0.00000, -0.00000 }, { -6.70984, 3.38757, -0.00001 }, { -6.70984, 3.38757, -0.00001 }, { -6.70984, 3.38757, -0.00001 }, { -2.21594, 3.38757, -0.00001 }, { -2.21594, 3.38757, -0.00001 }, { -2.21594, 3.38757, -0.00001 }, { -2.21594, 0.00000, -0.00000 }, { -2.21594, 0.00000, 0.00000 }, },
			},
			["shared/grass_cutted_01.gtex.lua"] = {
				{ { -2.21594, 0.00000, 0.00000 }, { -2.21594, 0.00000, -0.00000 }, { -2.21594, 3.38757, -0.00001 }, { -2.21594, 3.38757, -0.00001 }, { -2.21594, 3.38757, -0.00001 }, { -6.70984, 3.38757, -0.00001 }, { -6.70984, 3.38757, -0.00001 }, { -6.70984, 3.38757, -0.00001 }, { -6.70984, 0.00000, -0.00000 }, { -6.70984, 0.00000, 0.00000 }, },
			},
		},
	},
	["layout_1"] = {
		models = {
			["asset/ground/garden_chair_plastic_01.mdl"] = {
				{ -0.79016, 0.61291, 0.00000, 0.00000, -0.61291, -0.79016, 0.00000, 0.00000, 0.00000, 0.00000, 1.00000, 0.00000, 4.33985, 7.50583, 24.09999, 1.00000, align = { 0.00000, 0.00000 }, ignore = { 10, 10 }, },
				{ 0.62660, 0.77934, 0.00000, 0.00000, -0.77934, 0.62660, 0.00000, 0.00000, 0.00000, -0.00000, 1.00000, 0.00000, 4.50207, 7.94801, 12.09999, 1.00000, align = { 0.00000, 0.00000 }, ignore = { 11, 10 }, },
				{ 0.67688, 0.73610, 0.00000, 0.00000, -0.73610, 0.67688, 0.00000, 0.00000, 0.00000, -0.00000, 1.00000, 0.00000, 4.40093, 8.51035, 24.09999, 1.00000, align = { 0.00000, 0.00000 }, ignore = { 12, 10 }, },
				{ -0.21644, 0.97630, 0.00000, 0.00000, -0.97622, -0.21642, -0.01222, 0.00000, -0.01193, -0.00264, 0.99993, 0.00000, 4.39698, 16.55990, 15.09999, 1.00000, align = { 0.00000, 0.00000 }, ignore = { 13, 10 }, },
				{ 0.29237, 0.95630, 0.00000, 0.00000, -0.95623, 0.29235, -0.01222, 0.00000, -0.01168, 0.00357, 0.99993, 0.00000, 4.39768, 18.15480, 15.09999, 1.00000, align = { 0.00000, 0.00000 }, ignore = { 14, 10 }, },
				{ -0.69214, 0.72176, -0.00000, 0.00000, -0.72176, -0.69214, 0.00000, 0.00000, -0.00000, 0.00000, 1.00000, 0.00000, 4.43082, 7.34069, 18.09999, 1.00000, align = { 0.00000, 0.00000 }, ignore = { 15, 10 }, },
				{ 0.62115, 0.78369, 0.00000, 0.00000, -0.78369, 0.62115, 0.00000, 0.00000, -0.00000, -0.00000, 1.00000, 0.00000, 4.37284, 17.96704, 21.09999, 1.00000, align = { 0.00000, 0.00000 }, ignore = { 20, 10 }, },
				{ -0.68455, 0.72897, 0.00000, 0.00000, -0.72897, -0.68455, -0.00000, 0.00000, 0.00000, -0.00000, 1.00000, 0.00000, 4.41650, 16.95448, 21.09999, 1.00000, align = { 0.00000, 0.00000 }, ignore = { 21, 10 }, },
				{ 0.79016, -0.61291, 0.00000, 0.00000, 0.61291, 0.79016, 0.00000, 0.00000, -0.00000, -0.00000, 1.00000, 0.00000, -4.62943, 18.12557, 21.09999, 1.00000, align = { 0.00000, 0.00000 }, ignore = { 28, 10 }, },
				{ -0.67688, -0.73610, 0.00000, 0.00000, 0.73610, -0.67688, 0.00000, 0.00000, -0.00000, 0.00000, 1.00000, 0.00000, -4.72958, 16.50594, 21.09999, 1.00000, align = { 0.00000, 0.00000 }, ignore = { 29, 10 }, },
				{ 0.21644, -0.97630, 0.00000, 0.00000, 0.97622, 0.21642, -0.01222, 0.00000, 0.01193, 0.00264, 0.99993, 0.00000, -4.55597, 8.76297, 12.09999, 1.00000, align = { 0.00000, 0.00000 }, ignore = { 30, 10 }, },
				{ -0.29237, -0.95630, 0.00000, 0.00000, 0.95623, -0.29235, -0.01222, 0.00000, 0.01168, -0.00357, 0.99993, 0.00000, -4.64583, 7.01493, 12.09999, 1.00000, align = { 0.00000, 0.00000 }, ignore = { 31, 10 }, },
				{ 0.74314, -0.66913, 0.00000, 0.00000, 0.66913, 0.74314, 0.00000, 0.00000, 0.00000, 0.00000, 1.00000, 0.00000, -4.37135, 18.04587, 15.09999, 1.00000, align = { 0.00000, 0.00000 }, ignore = { 32, 10 }, },
				{ -0.62115, -0.78369, 0.00000, 0.00000, 0.78369, -0.62115, 0.00000, 0.00000, -0.00000, 0.00000, 1.00000, 0.00000, -4.57549, 6.93914, 18.09999, 1.00000, align = { 0.00000, 0.00000 }, ignore = { 38, 10 }, },
				{ 0.68455, -0.72897, 0.00000, 0.00000, 0.72897, 0.68455, -0.00000, 0.00000, -0.00000, 0.00000, 1.00000, 0.00000, -4.65463, 8.43675, 18.09999, 1.00000, align = { 0.00000, 0.00000 }, ignore = { 39, 10 }, },
			},
		},
		groups = {
			["era_a_garden_bench.grp"] = {
				{ 0.11029, 0.83777, 0.00000, 0.00000, -0.83777, 0.11029, -0.00000, 0.00000, -0.00000, -0.00000, 0.84500, 0.00000, 4.47869, 8.06695, 9.09999, 1.00000, align = { 0.00000, 0.00000 }, ignore = { 8, 25 }, },
				{ -0.02212, -0.84471, 0.00000, 0.00000, 0.84471, -0.02212, 0.00000, 0.00000, 0.00000, 0.00000, 0.84500, 0.00000, -4.62339, 17.88547, 9.09999, 1.00000, align = { 0.00000, 0.00000 }, ignore = { 35, 25 }, },
			},
			["era_a_garden_chair.grp"] = {
				{ 0.96316, 0.26892, -0.00000, 0.00000, -0.26892, 0.96316, -0.00000, 0.00000, -0.00000, 0.00000, 1.00000, 0.00000, 4.30523, 18.22525, 27.09999, 1.00000, align = { 0.00000, 0.00000 }, seed = 256, ignore = { 2, 10 }, },
				{ -0.72176, 0.69214, -0.00000, 0.00000, -0.69214, -0.72176, -0.00000, 0.00000, -0.00000, -0.00000, 1.00000, 0.00000, 4.38977, 16.41490, 27.09999, 1.00000, align = { 0.00000, 0.00000 }, seed = 256, ignore = { 3, 10 }, },
				{ 0.90631, 0.42262, -0.00000, 0.00000, -0.42262, 0.90631, -0.00000, 0.00000, -0.00000, 0.00000, 1.00000, 0.00000, 4.55576, 18.31245, 6.09999, 1.00000, align = { 0.00000, 0.00000 }, seed = 256, ignore = { 5, 10 }, },
				{ -0.72176, 0.69214, -0.00000, 0.00000, -0.69214, -0.72176, -0.00000, 0.00000, -0.00000, -0.00000, 1.00000, 0.00000, 4.36366, 16.49383, 6.10000, 1.00000, align = { 0.00000, 0.00000 }, seed = 256, ignore = { 6, 10 }, },
				{ -0.98823, 0.15299, 0.00000, 0.00000, -0.15299, -0.98823, -0.00000, 0.00000, -0.00000, -0.00000, 1.00000, 0.00000, -4.65231, 7.49689, 27.09999, 1.00000, align = { 0.00000, 0.00000 }, seed = 256, ignore = { 22, 10 }, },
				{ 0.72176, -0.69214, -0.00000, 0.00000, 0.69214, 0.72176, -0.00000, 0.00000, 0.00000, 0.00000, 1.00000, 0.00000, -4.54366, 8.93624, 27.09999, 1.00000, align = { 0.00000, 0.00000 }, seed = 256, ignore = { 23, 10 }, },
				{ -0.98823, 0.15299, 0.00000, 0.00000, -0.15299, -0.98823, -0.00000, 0.00000, -0.00000, -0.00000, 1.00000, 0.00000, -4.76408, 6.70906, 6.09999, 1.00000, align = { 0.00000, 0.00000 }, seed = 256, ignore = { 24, 10 }, },
				{ 0.72176, -0.69214, -0.00000, 0.00000, 0.69214, 0.72176, -0.00000, 0.00000, 0.00000, 0.00000, 1.00000, 0.00000, -4.67125, 8.14493, 6.10000, 1.00000, align = { 0.00000, 0.00000 }, seed = 256, ignore = { 25, 10 }, },
			},
			["era_b_sunshade_small.grp"] = {
				{ -0.41310, -0.91068, -0.00000, 0.00000, 0.91068, -0.41310, 0.00000, 0.00000, -0.00000, 0.00000, 1.00000, 0.00000, 4.76194, 17.24689, 27.09999, 1.00000, align = { 0.00000, 0.00000 }, ignore = { 9, 50 }, },
				{ 0.31730, -0.94832, 0.00000, 0.00000, 0.94832, 0.31730, -0.00000, 0.00000, -0.00000, 0.00000, 1.00000, 0.00000, 4.75992, 17.29955, 21.09999, 1.00000, align = { 0.00000, 0.00000 }, ignore = { 16, 50 }, },
				{ -0.60876, -0.79335, 0.00000, 0.00000, 0.79335, -0.60876, 0.00000, 0.00000, 0.00000, 0.00000, 1.00000, 0.00000, 4.52171, 17.42421, 15.09999, 1.00000, align = { 0.00000, 0.00000 }, ignore = { 17, 50 }, },
				{ 0.51354, -0.85806, 0.00000, 0.00000, 0.85806, 0.51354, -0.00000, 0.00000, 0.00000, 0.00000, 1.00000, 0.00000, 4.56075, 8.27456, 18.09999, 1.00000, align = { 0.00000, 0.00000 }, ignore = { 18, 50 }, },
				{ 0.51354, -0.85806, 0.00000, 0.00000, 0.85806, 0.51354, -0.00000, 0.00000, 0.00000, 0.00000, 1.00000, 0.00000, 4.46209, 7.04588, 12.09999, 1.00000, align = { 0.00000, 0.00000 }, ignore = { 19, 50 }, },
				{ -0.84619, -0.53288, -0.00000, 0.00000, 0.53288, -0.84619, 0.00000, 0.00000, -0.00000, 0.00000, 1.00000, 0.00000, -5.17236, 8.12698, 27.09999, 1.00000, align = { 0.00000, 0.00000 }, ignore = { 27, 50 }, },
				{ -0.31730, 0.94832, -0.00000, 0.00000, -0.94832, -0.31730, 0.00000, 0.00000, -0.00000, 0.00000, 1.00000, 0.00000, -5.03122, 7.78098, 18.09999, 1.00000, align = { 0.00000, 0.00000 }, ignore = { 33, 50 }, },
				{ 0.60876, 0.79335, 0.00000, 0.00000, -0.79335, 0.60876, -0.00000, 0.00000, -0.00000, -0.00000, 1.00000, 0.00000, -5.25336, 7.75069, 12.09999, 1.00000, align = { 0.00000, 0.00000 }, ignore = { 34, 50 }, },
				{ -0.51354, 0.85806, -0.00000, 0.00000, -0.85806, -0.51354, -0.00000, 0.00000, -0.00000, -0.00000, 1.00000, 0.00000, -5.02539, 17.17220, 21.09999, 1.00000, align = { 0.00000, 0.00000 }, ignore = { 36, 50 }, },
				{ -0.51354, 0.85806, -0.00000, 0.00000, -0.85806, -0.51354, -0.00000, 0.00000, -0.00000, -0.00000, 1.00000, 0.00000, -5.12008, 17.36864, 15.09999, 1.00000, align = { 0.00000, 0.00000 }, ignore = { 37, 50 }, },
			},
			["garden_table_round.grp"] = {
				{ 0.73135, -0.68200, 0.00000, 0.00000, 0.68200, 0.73135, -0.00000, 0.00000, 0.00000, 0.00000, 1.00000, 0.00000, 4.76628, 17.24495, 27.09999, 1.00000, align = { 0.00000, 0.00000 }, seed = 256, ignore = { 4, 10 }, },
				{ 0.73135, -0.68200, 0.00000, 0.00000, 0.68200, 0.73135, -0.00000, 0.00000, 0.00000, 0.00000, 1.00000, 0.00000, 4.82609, 17.33723, 6.10000, 1.00000, align = { 0.00000, 0.00000 }, seed = 256, ignore = { 7, 10 }, },
				{ -0.73135, 0.68200, 0.00000, 0.00000, -0.68200, -0.73135, -0.00000, 0.00000, -0.00000, -0.00000, 1.00000, 0.00000, -4.74500, 7.47790, 6.10000, 1.00000, align = { 0.00000, 0.00000 }, seed = 256, ignore = { 26, 10 }, },
			},
			["random_shrub_town_fence.grp"] = {
				{ 0.94206, -0.33545, -0.00000, 0.00000, 0.33545, 0.94206, 0.00000, 0.00000, -0.00000, -0.00000, 1.00000, 0.00000, -5.97905, 1.03286, 0.00000, 1.00000, },
				{ -0.54364, -0.83932, 0.00000, 0.00000, 0.83932, -0.54364, 0.00000, 0.00000, 0.00000, 0.00000, 1.00000, 0.00000, -4.49905, 1.21286, 0.00000, 1.00000, },
				{ 0.99677, 0.08031, 0.00000, 0.00000, -0.08031, 0.99677, -0.00000, 0.00000, -0.00000, 0.00000, 1.00000, 0.00000, -3.22905, 1.17286, 0.00000, 1.00000, },
			},
		},
	},
}
--End Generated

function data()
	return townbuildingutil.make_building2(
		{ { -4.60, -0.10 }, { 4.60, -0.10 }, { 4.60, 9.10 }, { -4.60, 9.10 } },
		"RESIDENTIAL", 
		"B", 
		3,
		{ 2, 3 },
		generatedData,
		"construction/building/era_b/res_3_2x3_01.gtex"
	)
end
