local townbuildingutil = require "townbuildingutil"

--Model file: "building/era_b/res_3_3x3_02.mdl"

--Begin Generated
local generatedData = {
	["base"] = {
		models = {
			["building/era_b/res_3_3x3_02.mdl"] = {
				{ 1.00000, 0.00000, 0.00000, 0.00000, 0.00000, 1.00000, 0.00000, 0.00000, 0.00000, 0.00000, 1.00000, 0.00000, 0.00000, 0.00000, 0.00000, 1.00000, },
			},
		},
		curves = {
			["scaffold"] = {
				{ { 8.83716, 2.03568, 0.00000 }, { 8.83716, 2.03568, 0.00000 }, { 8.83728, 10.19563, 0.00000 }, { 8.83728, 10.19563, 0.00000 }, { 8.83728, 10.19563, 0.00000 }, { 8.51624, 10.19563, 0.00000 }, { 8.51624, 10.19563, 0.00000 }, { 8.51624, 10.19563, 0.00000 }, { 8.51624, 21.51218, 0.00000 }, { 8.51624, 21.51218, 0.00000 }, { 8.51624, 21.51218, 0.00000 }, { -8.82275, 21.51219, 0.00000 }, { -8.82275, 21.51219, 0.00000 }, { -8.82275, 21.51219, 0.00000 }, { -8.82263, 13.35216, 0.00000 }, { -8.82263, 13.35216, 0.00000 }, { -8.82263, 13.35216, 0.00000 }, { -5.82275, 13.35216, 0.00000 }, { -5.82275, 13.35216, 0.00000 }, { -5.82275, 13.35216, 0.00000 }, { -5.82275, 6.20586, 0.00000 }, { -5.82275, 6.20586, 0.00000 }, { -5.82275, 6.20586, 0.00000 }, { -1.32275, 6.20586, 0.00000 }, { -1.32275, 6.20586, 0.00000 }, { -1.32275, 6.20586, 0.00000 }, { -1.32275, 2.03568, 0.00000 }, { -1.32275, 2.03568, 0.00000 }, },
			},
			["shared/asphalt_01.gtex.lua;shared/dirt.gtex.lua"] = {
				{ { -2.24268, 1.11568, 0.00000 }, { -2.24268, 1.11568, 0.00000 }, { -2.24268, 5.28587, 0.00000 }, { -2.24268, 5.28587, 0.00000 }, { -2.24268, 5.28587, 0.00000 }, { -6.74268, 5.28587, 0.00000 }, { -6.74268, 5.28587, 0.00000 }, { -6.74268, 5.28587, 0.00000 }, { -6.74268, 12.43222, 0.00000 }, { -6.74268, 12.43222, 0.00000 }, { -6.74268, 12.43222, 0.00000 }, { -9.74268, 12.43222, 0.00000 }, { -9.74268, 12.43222, 0.00000 }, { -9.74268, 12.43222, 0.00000 }, { -9.74268, 1.11568, 0.00000 }, { -9.74268, 1.11568, 0.00000 }, },
				{ { 12.00000, 0.00000, 0.00000 }, { 12.00000, 0.00001, 0.00000 }, { 12.00000, 24.00000, 0.00000 }, { 12.00000, 24.00000, 0.00000 }, { 12.00000, 24.00000, 0.00000 }, { -12.00000, 24.00000, 0.00000 }, { -12.00000, 24.00000, 0.00000 }, { -12.00000, 24.00000, 0.00000 }, { -12.00000, 12.43222, 0.00000 }, { -12.00000, 12.43222, 0.00000 }, { -12.00000, 12.43222, 0.00000 }, { -9.74268, 12.43222, 0.00000 }, { -9.74268, 12.43222, 0.00000 }, { -9.74268, 12.43222, 0.00000 }, { -6.74268, 12.43222, 0.00000 }, { -6.74268, 12.43222, 0.00000 }, { -6.74268, 12.43222, 0.00000 }, { -6.74268, 5.28587, 0.00000 }, { -6.74268, 5.28587, 0.00000 }, { -6.74268, 5.28587, 0.00000 }, { -2.24268, 5.28587, 0.00000 }, { -2.24268, 5.28587, 0.00000 }, { -2.24268, 5.28587, 0.00000 }, { -2.24268, 0.00000, 0.00000 }, { -2.24268, 0.00000, 0.00000 }, },
			},
			["shared/gravel_02.gtex.lua"] = {
				{ { -2.24268, 0.00000, 0.00000 }, { -2.24268, 0.00000, 0.00000 }, { -2.24268, 1.11568, 0.00000 }, { -2.24268, 1.11568, 0.00000 }, { -2.24268, 1.11568, 0.00000 }, { -9.74268, 1.11568, 0.00000 }, { -9.74268, 1.11568, 0.00000 }, { -9.74268, 1.11568, 0.00000 }, { -9.74268, 12.43222, 0.00000 }, { -9.74268, 12.43222, 0.00000 }, { -9.74268, 12.43222, 0.00000 }, { -12.00000, 12.43222, 0.00000 }, { -12.00000, 12.43222, 0.00000 }, { -12.00000, 12.43222, 0.00000 }, { -12.00000, 0.00000, 0.00000 }, { -12.00000, 0.00000, 0.00000 }, },
			},
		},
	},
	["layout_1"] = {
		models = {
			["asset/ground/garden_chair_plastic_01.mdl"] = {
				{ 0.94322, -0.33216, 0.00000, 0.00000, 0.33216, 0.94322, 0.00000, 0.00000, -0.00000, -0.00000, 1.00000, 0.00000, 7.23575, 3.41573, 33.09999, 1.00000, align = { 0.00000, 0.00000 }, ignore = { 8, 10 }, },
				{ 0.35184, -0.93606, 0.00000, 0.00000, 0.93606, 0.35184, 0.00000, 0.00000, -0.00000, -0.00000, 1.00000, 0.00000, 7.26876, 3.11616, 12.09999, 1.00000, align = { 0.00000, 0.00000 }, ignore = { 9, 10 }, },
				{ 0.78369, -0.62115, 0.00000, 0.00000, 0.62115, 0.78369, 0.00000, 0.00000, -0.00000, -0.00000, 1.00000, 0.00000, 7.20924, 3.24655, 18.09999, 1.00000, align = { 0.00000, 0.00000 }, ignore = { 10, 10 }, },
				{ -0.21814, -0.97592, -0.00000, 0.00000, 0.97592, -0.21814, 0.00000, 0.00000, -0.00000, 0.00000, 1.00000, 0.00000, -5.30996, 16.20196, 24.09999, 1.00000, align = { 0.00000, 0.00000 }, ignore = { 11, 10 }, },
				{ -0.54171, -0.84057, -0.00000, 0.00000, 0.84057, -0.54171, 0.00000, 0.00000, -0.00000, 0.00000, 1.00000, 0.00000, -3.61824, 8.32921, 18.09999, 1.00000, align = { 0.00000, 0.00000 }, ignore = { 12, 10 }, },
				{ 0.67688, -0.73610, 0.00000, 0.00000, 0.73610, 0.67688, 0.00000, 0.00000, -0.00000, -0.00000, 1.00000, 0.00000, -3.55537, 8.84865, 12.09999, 1.00000, align = { 0.00000, 0.00000 }, ignore = { 13, 10 }, },
				{ 0.92653, 0.37622, 0.00000, 0.00000, -0.37622, 0.92653, 0.00000, 0.00000, 0.00000, 0.00000, 1.00000, 0.00000, 5.18266, 3.21671, 6.09999, 1.00000, align = { 0.00000, 0.00000 }, ignore = { 14, 10 }, },
				{ 0.87121, -0.49090, 0.00000, 0.00000, 0.49090, 0.87121, 0.00000, 0.00000, 0.00000, 0.00000, 1.00000, 0.00000, 6.16266, 3.35671, 6.09999, 1.00000, align = { 0.00000, 0.00000 }, ignore = { 15, 10 }, },
			},
		},
		groups = {
			["era_a_garden_chair.grp"] = {
				{ -0.97958, -0.20108, 0.00000, 0.00000, 0.20108, -0.97958, 0.00000, 0.00000, 0.00000, 0.00000, 1.00000, 0.00000, -3.79830, 7.56831, 24.09999, 1.00000, align = { 0.00000, 0.00000 }, seed = 768, ignore = { 16, 10 }, },
				{ 0.89021, -0.45554, 0.00000, 0.00000, 0.45554, 0.89021, 0.00000, 0.00000, -0.00000, -0.00000, 1.00000, 0.00000, -3.68957, 9.33666, 24.09999, 1.00000, align = { 0.00000, 0.00000 }, seed = 768, ignore = { 17, 10 }, },
				{ 0.57643, -0.81714, -0.00000, 0.00000, 0.81714, 0.57643, -0.00000, 0.00000, 0.00000, 0.00000, 1.00000, 0.00000, 7.20759, 3.42952, 24.09999, 1.00000, align = { 0.00000, 0.00000 }, seed = 256, ignore = { 19, 10 }, },
				{ 0.70957, 0.70463, -0.00000, 0.00000, -0.70463, 0.70957, -0.00000, 0.00000, -0.00000, 0.00000, 1.00000, 0.00000, 5.76159, 3.52103, 24.09999, 1.00000, align = { 0.00000, 0.00000 }, seed = 256, ignore = { 20, 10 }, },
			},
			["era_b_sunshade_small.grp"] = {
				{ -0.59061, 0.80696, -0.00000, 0.00000, -0.80696, -0.59061, 0.00000, 0.00000, 0.00000, 0.00000, 1.00000, 0.00000, -5.52118, 16.80968, 12.09999, 1.00000, align = { 0.00000, 0.00000 }, ignore = { 2, 50 }, },
				{ -0.99297, 0.11840, 0.00000, 0.00000, -0.11840, -0.99297, 0.00000, 0.00000, 0.00000, 0.00000, 1.00000, 0.00000, 6.48138, 3.35166, 33.09999, 1.00000, align = { 0.00000, 0.00000 }, ignore = { 3, 50 }, },
				{ -0.30071, 0.95372, 0.00000, 0.00000, -0.95372, -0.30071, 0.00000, 0.00000, 0.00000, 0.00000, 1.00000, 0.00000, 6.87686, 3.03704, 6.09999, 1.00000, align = { 0.00000, 0.00000 }, ignore = { 4, 50 }, },
				{ -0.06279, 0.99803, 0.00000, 0.00000, -0.99803, -0.06279, 0.00000, 0.00000, 0.00000, 0.00000, 1.00000, 0.00000, -3.92144, 8.66998, 18.09999, 1.00000, align = { 0.00000, 0.00000 }, ignore = { 5, 50 }, },
				{ -0.99297, 0.11840, 0.00000, 0.00000, -0.11840, -0.99297, 0.00000, 0.00000, 0.00000, 0.00000, 1.00000, 0.00000, 6.51769, 2.98363, 18.09999, 1.00000, align = { 0.00000, 0.00000 }, ignore = { 6, 50 }, },
				{ -0.74431, 0.66783, 0.00000, 0.00000, -0.66783, -0.74431, 0.00000, 0.00000, 0.00000, 0.00000, 1.00000, 0.00000, 6.12533, 2.95449, 12.09999, 1.00000, align = { 0.00000, 0.00000 }, ignore = { 7, 50 }, },
				{ -0.86074, 0.50904, 0.00000, 0.00000, -0.50904, -0.86074, 0.00000, 0.00000, 0.00000, 0.00000, 1.00000, 0.00000, -3.90651, 8.39129, 24.09999, 1.00000, align = { 0.00000, 0.00000 }, },
			},
			["garden_table_round.grp"] = {
				{ 0.11840, -0.99297, -0.00000, 0.00000, 0.99297, 0.11840, 0.00000, 0.00000, -0.00000, -0.00000, 1.00000, 0.00000, -3.90651, 8.39129, 24.09999, 1.00000, align = { 0.00000, 0.00000 }, seed = 768, },
				{ -0.68200, -0.73135, 0.00000, 0.00000, 0.73135, -0.68200, -0.00000, 0.00000, 0.00000, -0.00000, 1.00000, 0.00000, 6.47907, 3.08283, 24.09999, 1.00000, align = { 0.00000, 0.00000 }, seed = 256, ignore = { 18, 10 }, },
			},
			["random_shrub_town.grp"] = {
				{ -0.72495, -0.68880, 0.00000, 0.00000, 0.68880, -0.72495, 0.00000, 0.00000, 0.00000, 0.00000, 1.00000, 0.00000, -8.32307, 4.69292, 0.00000, 1.00000, },
				{ 0.21583, 0.97643, 0.00000, 0.00000, -0.97643, 0.21583, 0.00000, 0.00000, 0.00000, 0.00000, 1.00000, 0.00000, -8.32307, 8.84292, 0.00000, 1.00000, },
				{ 0.68881, -0.72495, 0.00000, 0.00000, 0.72495, 0.68881, 0.00000, 0.00000, 0.00000, 0.00000, 1.00000, 0.00000, -8.32307, 11.04292, 0.00000, 1.00000, },
				{ 0.89129, -0.45344, 0.00000, 0.00000, 0.45344, 0.89129, 0.00000, 0.00000, 0.00000, 0.00000, 1.00000, 0.00000, -8.27307, 2.44292, 0.00000, 1.00000, },
				{ 0.94935, 0.31422, 0.00000, 0.00000, -0.31422, 0.94935, 0.00000, 0.00000, 0.00000, 0.00000, 1.00000, 0.00000, -8.30000, 6.66000, 0.00000, 1.00000, },
				{ 0.45887, -0.88850, 0.00000, 0.00000, 0.88850, 0.45887, 0.00000, 0.00000, 0.00000, 0.00000, 1.00000, 0.00000, -3.60000, 2.41000, 0.00000, 1.00000, },
				{ -0.96356, -0.26747, 0.00000, 0.00000, 0.26747, -0.96356, 0.00000, 0.00000, 0.00000, 0.00000, 1.00000, 0.00000, -6.33000, 2.39000, 0.00000, 1.00000, },
			},
		},
	},
}
--End Generated

function data()
	return townbuildingutil.make_building2(
		{ { -4.60, -0.10 }, { 4.60, -0.10 }, { 4.60, 9.10 }, { -4.60, 9.10 } },
		"RESIDENTIAL", 
		"B", 
		3,
		{ 3, 3 },
		generatedData,
		"construction/building/era_b/res_3_3x3_02.gtex"
	)
end
