local townbuildingutil = require "townbuildingutil"

--Model file: "building/era_b/res_3_4x4_01.mdl"

--Begin Generated
local generatedData = {
	["base"] = {
		models = {
			["building/era_b/res_3_4x4_01.mdl"] = {
				{ 1.00000, 0.00000, 0.00000, 0.00000, 0.00000, 1.00000, 0.00000, 0.00000, 0.00000, 0.00000, 1.00000, 0.00000, 0.00000, 0.00000, 0.00000, 1.00000, },
			},
		},
		curves = {
			["scaffold"] = {
				{ { 7.96021, 2.93950, 0.00000 }, { 7.96021, 2.93950, 0.00000 }, { 7.96021, 7.65437, 0.00000 }, { 7.96021, 7.65437, 0.00000 }, { 7.96021, 7.65437, 0.00000 }, { 11.55981, 7.65434, 0.00000 }, { 11.55981, 7.65434, 0.00000 }, { 11.55981, 7.65434, 0.00000 }, { 11.55981, 14.28667, 0.00000 }, { 11.55981, 14.28667, 0.00000 }, { 11.55981, 14.28667, 0.00000 }, { 12.83398, 14.28667, 0.00000 }, { 12.83398, 14.28667, 0.00000 }, { 12.83398, 14.28667, 0.00000 }, { 12.83398, 21.12813, 0.00000 }, { 12.83398, 21.12813, 0.00000 }, { 12.83398, 21.12813, 0.00000 }, { 11.55981, 21.12813, 0.00000 }, { 11.55981, 21.12813, 0.00000 }, { 11.55981, 21.12813, 0.00000 }, { 11.55981, 27.47881, 0.00000 }, { 11.55981, 27.47881, 0.00000 }, { 11.55981, 27.47881, 0.00000 }, { 1.29797, 27.47882, 0.00000 }, { 1.29797, 27.47882, 0.00000 }, { 1.29797, 27.47882, 0.00000 }, { 1.29797, 22.76394, 0.00000 }, { 1.29797, 22.76394, 0.00000 }, { 1.29797, 22.76394, 0.00000 }, { -2.30164, 22.76405, 0.00000 }, { -2.30164, 22.76405, 0.00000 }, { -2.30164, 22.76405, 0.00000 }, { -2.30164, 17.64635, 0.00000 }, { -2.30164, 17.64635, 0.00000 }, { -2.30164, 17.64635, 0.00000 }, { -8.26465, 17.64631, 0.00000 }, { -8.26465, 17.64631, 0.00000 }, { -8.26465, 17.64631, 0.00000 }, { -8.26465, 12.93161, 0.00000 }, { -8.26465, 12.93161, 0.00000 }, { -8.26465, 12.93161, 0.00000 }, { -11.86426, 12.93155, 0.00000 }, { -11.86426, 12.93155, 0.00000 }, { -11.86426, 12.93155, 0.00000 }, { -11.86426, 2.93961, 0.00000 }, { -11.86426, 2.93961, 0.00000 }, },
			},
			["shared/asphalt_01.gtex.lua;shared/dirt.gtex.lua"] = {
				{ { 16.00000, 0.00000, 0.00000 }, { 16.00000, 0.00001, 0.00000 }, { 16.00000, 32.00000, 0.00000 }, { 16.00000, 32.00000, 0.00000 }, { 16.00000, 32.00000, 0.00000 }, { -16.00000, 32.00000, 0.00000 }, { -16.00000, 32.00000, 0.00000 }, { -16.00000, 32.00000, 0.00000 }, { -16.00000, 0.00001, 0.00000 }, { -16.00000, 0.00000, 0.00000 }, { -16.00000, 0.00000, 0.00000 }, { -12.78433, 0.00000, 0.00000 }, { -12.78433, 0.00000, 0.00000 }, { -12.78433, 0.00000, 0.00000 }, { -12.78436, 18.56633, 0.00000 }, { -12.78436, 18.56633, 0.00000 }, { -12.78436, 18.56633, 0.00000 }, { -10.00000, 18.56633, 0.00000 }, { -10.00000, 18.56633, 0.00000 }, { -10.00000, 18.56633, 0.00000 }, { -10.00000, 23.68394, 0.00000 }, { -10.00000, 23.68394, 0.00000 }, { -10.00000, 23.68394, 0.00000 }, { -4.00000, 23.68394, 0.00000 }, { -4.00000, 23.68394, 0.00000 }, { -4.00000, 23.68394, 0.00000 }, { -4.00000, 28.39879, 0.00000 }, { -4.00000, 28.39879, 0.00000 }, { -4.00000, 28.39879, 0.00000 }, { 12.47980, 28.39879, 0.00000 }, { 12.47980, 28.39879, 0.00000 }, { 12.47980, 28.39879, 0.00000 }, { 12.47980, 2.01952, 0.00000 }, { 12.47980, 2.01952, 0.00000 }, { 12.47980, 2.01952, 0.00000 }, { 8.88019, 2.01952, 0.00000 }, { 8.88019, 2.01952, 0.00000 }, { 8.88019, 2.01952, 0.00000 }, { 8.88019, 0.00000, 0.00000 }, { 8.88019, 0.00000, 0.00000 }, },
				{ { 8.88019, 0.00000, 0.00000 }, { 8.88019, 0.00000, 0.00000 }, { 8.88019, 6.73436, 0.00000 }, { 8.88019, 6.73436, 0.00000 }, { 8.88019, 6.73436, 0.00000 }, { 12.47980, 6.73436, 0.00000 }, { 12.47980, 6.73436, 0.00000 }, { 12.47980, 6.73436, 0.00000 }, { 12.47980, 28.39879, 0.00000 }, { 12.47980, 28.39879, 0.00000 }, { 12.47980, 28.39879, 0.00000 }, { 0.37787, 28.39879, 0.00000 }, { 0.37787, 28.39879, 0.00000 }, { 0.37787, 28.39879, 0.00000 }, { 0.37787, 23.68394, 0.00000 }, { 0.37787, 23.68394, 0.00000 }, { 0.37787, 23.68394, 0.00000 }, { -3.22174, 23.68394, 0.00000 }, { -3.22174, 23.68394, 0.00000 }, { -3.22174, 23.68394, 0.00000 }, { -3.22174, 18.56633, 0.00000 }, { -3.22174, 18.56633, 0.00000 }, { -3.22174, 18.56633, 0.00000 }, { -9.18475, 18.56633, 0.00000 }, { -9.18475, 18.56633, 0.00000 }, { -9.18475, 18.56633, 0.00000 }, { -9.18475, 13.85149, 0.00000 }, { -9.18475, 13.85149, 0.00000 }, { -9.18475, 13.85149, 0.00000 }, { -12.78436, 13.85149, 0.00000 }, { -12.78436, 13.85149, 0.00000 }, { -12.78436, 13.85149, 0.00000 }, { -12.78433, 0.00000, 0.00000 }, { -12.78433, 0.00000, 0.00000 }, },
			},
			["shared/grass_cutted_01.gtex.lua"] = {
				{ { -9.18475, 13.85149, 0.00000 }, { -9.18475, 13.85149, 0.00000 }, { -9.18475, 18.56633, 0.00000 }, { -9.18475, 18.56633, 0.00000 }, { -9.18475, 18.56633, 0.00000 }, { -3.22174, 18.56633, 0.00000 }, { -3.22174, 18.56633, 0.00000 }, { -3.22174, 18.56633, 0.00000 }, { -3.22174, 23.68394, 0.00000 }, { -3.22174, 23.68394, 0.00000 }, { -3.22174, 23.68394, 0.00000 }, { 0.37787, 23.68394, 0.00000 }, { 0.37787, 23.68394, 0.00000 }, { 0.37787, 23.68394, 0.00000 }, { 0.37787, 28.39879, 0.00000 }, { 0.37787, 28.39879, 0.00000 }, { 0.37787, 28.39879, 0.00000 }, { -4.00000, 28.39879, 0.00000 }, { -4.00000, 28.39879, 0.00000 }, { -4.00000, 28.39879, 0.00000 }, { -4.00000, 23.68394, 0.00000 }, { -4.00000, 23.68394, 0.00000 }, { -4.00000, 23.68394, 0.00000 }, { -10.00000, 23.68394, 0.00000 }, { -10.00000, 23.68394, 0.00000 }, { -10.00000, 23.68394, 0.00000 }, { -10.00000, 18.56633, 0.00000 }, { -10.00000, 18.56633, 0.00000 }, { -10.00000, 18.56633, 0.00000 }, { -12.78436, 18.56633, 0.00000 }, { -12.78436, 18.56633, 0.00000 }, { -12.78436, 18.56633, 0.00000 }, { -12.78436, 13.85149, 0.00000 }, { -12.78436, 13.85149, 0.00000 }, },
				{ { 12.47980, 2.01952, 0.00000 }, { 12.47980, 2.01952, 0.00000 }, { 12.47980, 6.73436, 0.00000 }, { 12.47980, 6.73436, 0.00000 }, { 12.47980, 6.73436, 0.00000 }, { 8.88019, 6.73436, 0.00000 }, { 8.88019, 6.73436, 0.00000 }, { 8.88019, 6.73436, 0.00000 }, { 8.88019, 2.01952, 0.00000 }, { 8.88019, 2.01952, 0.00000 }, },
			},
		},
	},
	["layout_1"] = {
		models = {
			["asset/ground/garden_chair_plastic_01.mdl"] = {
				{ 0.98027, 0.19766, 0.00000, 0.00000, -0.19766, 0.98027, 0.00000, 0.00000, 0.00000, -0.00000, 1.00000, 0.00000, 3.58385, 4.79266, 30.15541, 1.00000, align = { 0.00000, 0.00000 }, ignore = { 19, 10 }, },
				{ 0.77934, -0.62660, 0.00000, 0.00000, 0.62660, 0.77934, 0.00000, 0.00000, -0.00000, -0.00000, 1.00000, 0.00000, 5.10385, 4.43266, 30.15541, 1.00000, align = { 0.00000, 0.00000 }, ignore = { 20, 10 }, },
				{ 0.86949, -0.49394, 0.00000, 0.00000, 0.49394, 0.86949, 0.00000, 0.00000, -0.00000, -0.00000, 1.00000, 0.00000, 5.12869, 4.48534, 24.15541, 1.00000, align = { 0.00000, 0.00000 }, ignore = { 21, 10 }, },
				{ -0.41628, -0.90924, -0.00000, 0.00000, 0.90924, -0.41628, 0.00000, 0.00000, -0.00000, 0.00000, 1.00000, 0.00000, -10.60270, 7.34684, 18.15541, 1.00000, align = { 0.00000, 0.00000 }, ignore = { 22, 10 }, },
				{ 0.75241, 0.65869, 0.00000, 0.00000, -0.65869, 0.75241, 0.00000, 0.00000, 0.00000, -0.00000, 1.00000, 0.00000, 9.90563, 12.62432, 9.15541, 1.00000, align = { 0.00000, 0.00000 }, ignore = { 23, 10 }, },
				{ -0.42420, 0.90557, 0.00000, 0.00000, -0.90557, -0.42420, 0.00000, 0.00000, 0.00000, 0.00000, 1.00000, 0.00000, 9.86938, 11.73558, 21.15541, 1.00000, align = { 0.00000, 0.00000 }, ignore = { 24, 10 }, },
				{ -0.71203, 0.70215, 0.00000, 0.00000, -0.70215, -0.71203, 0.00000, 0.00000, 0.00000, 0.00000, 1.00000, 0.00000, 5.02340, 25.79038, 21.15541, 1.00000, align = { 0.00000, 0.00000 }, ignore = { 25, 10 }, },
				{ -0.91914, -0.39394, 0.00000, 0.00000, 0.39394, -0.91914, 0.00000, 0.00000, 0.00000, 0.00000, 1.00000, 0.00000, 6.32340, 25.79038, 21.15541, 1.00000, align = { 0.00000, 0.00000 }, ignore = { 26, 10 }, },
				{ -0.96316, -0.26892, 0.00000, 0.00000, 0.26892, -0.96316, 0.00000, 0.00000, 0.00000, 0.00000, 1.00000, 0.00000, 6.45877, 25.85343, 15.15541, 1.00000, align = { 0.00000, 0.00000 }, ignore = { 27, 10 }, },
			},
		},
		groups = {
			["era_a_garden_bench.grp"] = {
				{ -0.84500, 0.00000, -0.00000, 0.00000, -0.00000, -0.84500, -0.00000, 0.00000, -0.00000, -0.00000, 0.84500, 0.00000, 5.33252, 25.61776, 33.15541, 1.00000, align = { 0.00000, 0.00000 }, ignore = { 10, 25 }, },
				{ 0.00000, 0.84500, 0.00000, 0.00000, -0.84500, 0.00000, -0.00000, 0.00000, -0.00000, 0.00000, 0.84500, 0.00000, 9.53866, 12.23843, 42.15540, 1.00000, align = { 0.00000, 0.00000 }, ignore = { 11, 25 }, },
				{ -0.84500, 0.00000, 0.00000, 0.00000, -0.00000, -0.84500, -0.00000, 0.00000, 0.00000, -0.00000, 0.84500, 0.00000, 5.57337, 25.75387, 6.15541, 1.00000, align = { 0.00000, 0.00000 }, ignore = { 12, 25 }, },
			},
			["era_a_garden_chair.grp"] = {
				{ 0.36488, -0.93106, -0.00000, 0.00000, 0.93106, 0.36488, 0.00000, 0.00000, -0.00000, -0.00000, 1.00000, 0.00000, -6.30304, 4.35054, 33.15541, 1.00000, align = { 0.00000, 0.00000 }, seed = 768, ignore = { 28, 10 }, },
				{ 0.67559, 0.73728, 0.00000, 0.00000, -0.73728, 0.67559, 0.00000, 0.00000, 0.00000, -0.00000, 1.00000, 0.00000, -7.93381, 4.27354, 33.15541, 1.00000, align = { 0.00000, 0.00000 }, seed = 768, ignore = { 29, 10 }, },
				{ 0.02443, 0.99970, -0.00000, 0.00000, -0.99970, 0.02443, 0.00000, 0.00000, 0.00000, 0.00000, 1.00000, 0.00000, 4.86172, 26.33160, 39.15541, 1.00000, align = { 0.00000, 0.00000 }, seed = 768, ignore = { 30, 10 }, },
				{ -0.00524, -0.99999, 0.00000, 0.00000, 0.99999, -0.00524, -0.00000, 0.00000, 0.00000, 0.00000, 1.00000, 0.00000, 6.47612, 26.37751, 39.15541, 1.00000, align = { 0.00000, 0.00000 }, seed = 768, ignore = { 31, 10 }, },
				{ -0.75011, 0.66131, 0.00000, 0.00000, -0.66131, -0.75011, -0.00000, 0.00000, -0.00000, -0.00000, 1.00000, 0.00000, 5.79183, 26.28732, 27.15541, 1.00000, align = { 0.00000, 0.00000 }, ignore = { 32, 10 }, },
				{ 0.97887, -0.20450, 0.00000, 0.00000, 0.20450, 0.97887, 0.00000, 0.00000, 0.00000, 0.00000, 1.00000, 0.00000, -6.50416, 5.08178, 12.15541, 1.00000, align = { 0.00000, 0.00000 }, seed = 768, ignore = { 35, 10 }, },
				{ -0.11840, -0.99297, 0.00000, 0.00000, 0.99297, -0.11840, 0.00000, 0.00000, 0.00000, 0.00000, 1.00000, 0.00000, -10.50378, 7.95060, 9.15541, 1.00000, align = { 0.00000, 0.00000 }, seed = 768, ignore = { 36, 10 }, },
				{ -0.52992, 0.84805, 0.00000, 0.00000, -0.84805, -0.52992, 0.00000, 0.00000, 0.00000, 0.00000, 1.00000, 0.00000, 9.68149, 11.25724, 30.15541, 1.00000, align = { 0.00000, 0.00000 }, seed = 512, ignore = { 37, 10 }, },
				{ 0.81815, 0.57501, 0.00000, 0.00000, -0.57501, 0.81815, 0.00000, 0.00000, 0.00000, 0.00000, 1.00000, 0.00000, 9.56149, 13.07724, 30.15541, 1.00000, align = { 0.00000, 0.00000 }, seed = 512, ignore = { 39, 10 }, },
				{ 0.67559, -0.73728, 0.00000, 0.00000, 0.73728, 0.67559, 0.00000, 0.00000, 0.00000, 0.00000, 1.00000, 0.00000, 5.34037, 4.77813, 9.15541, 1.00000, align = { 0.00000, 0.00000 }, seed = 256, ignore = { 41, 10 }, },
				{ 0.90334, 0.42894, 0.00000, 0.00000, -0.42894, 0.90334, 0.00000, 0.00000, 0.00000, 0.00000, 1.00000, 0.00000, 3.62037, 4.93813, 9.15541, 1.00000, align = { 0.00000, 0.00000 }, seed = 256, ignore = { 42, 10 }, },
				{ -0.79229, 0.61015, 0.00000, 0.00000, -0.61015, -0.79229, 0.00000, 0.00000, 0.00000, 0.00000, 1.00000, 0.00000, 5.36805, 25.62354, 36.15541, 1.00000, align = { 0.00000, 0.00000 }, seed = 265, ignore = { 43, 10 }, },
				{ -0.69466, -0.71934, 0.00000, 0.00000, 0.71934, -0.69466, 0.00000, 0.00000, 0.00000, 0.00000, 1.00000, 0.00000, 6.51805, 25.62354, 36.15541, 1.00000, align = { 0.00000, 0.00000 }, seed = 265, ignore = { 44, 10 }, },
			},
			["era_b_garbage_container.grp"] = {
				{ 0.03490, 0.99939, 0.00000, 0.00000, -0.99939, 0.03490, -0.00000, 0.00000, -0.00000, -0.00000, 1.00000, 0.00000, 12.45000, 9.90000, 0.00000, 1.00000, seed = 456, },
				{ -0.02094, 0.99978, -0.00000, 0.00000, -0.99978, -0.02094, 0.00000, 0.00000, -0.00000, 0.00000, 1.00000, 0.00000, 12.45000, 12.95000, 0.00000, 1.00000, seed = 456, },
			},
			["era_b_sunshade_small.grp"] = {
				{ -0.98714, -0.15988, -0.00000, 0.00000, 0.15988, -0.98714, -0.00000, 0.00000, 0.00000, -0.00000, 1.00000, 0.00000, 4.09141, 3.99825, 30.15541, 1.00000, align = { 0.00000, 0.00000 }, ignore = { 2, 50 }, },
				{ -0.66913, -0.74314, 0.00000, 0.00000, 0.74314, -0.66913, -0.00000, 0.00000, 0.00000, 0.00000, 1.00000, 0.00000, 10.61057, 12.15187, 36.15541, 1.00000, align = { 0.00000, 0.00000 }, ignore = { 3, 50 }, },
				{ -0.66913, -0.74314, 0.00000, 0.00000, 0.74314, -0.66913, -0.00000, 0.00000, 0.00000, 0.00000, 1.00000, 0.00000, 4.59844, 3.75161, 42.15541, 1.00000, align = { 0.00000, 0.00000 }, ignore = { 4, 50 }, },
				{ -0.95681, -0.29070, 0.00000, 0.00000, 0.29070, -0.95681, -0.00000, 0.00000, 0.00000, 0.00000, 1.00000, 0.00000, 10.78625, 12.31602, 15.15541, 1.00000, align = { 0.00000, 0.00000 }, ignore = { 5, 50 }, },
				{ -0.67043, 0.74198, 0.00000, 0.00000, -0.74198, -0.67043, 0.00000, 0.00000, 0.00000, 0.00000, 1.00000, 0.00000, -7.15494, 3.36721, 6.15541, 1.00000, align = { 0.00000, 0.00000 }, ignore = { 6, 50 }, },
				{ 0.99854, -0.05408, 0.00000, 0.00000, 0.05408, 0.99854, 0.00000, 0.00000, -0.00000, -0.00000, 1.00000, 0.00000, -10.93166, 8.02941, 18.15541, 1.00000, align = { 0.00000, 0.00000 }, ignore = { 7, 50 }, },
				{ -0.84245, -0.53877, 0.00000, 0.00000, 0.53877, -0.84245, -0.00000, 0.00000, 0.00000, 0.00000, 1.00000, 0.00000, -7.91871, 3.78099, 24.15541, 1.00000, align = { 0.00000, 0.00000 }, ignore = { 8, 50 }, },
				{ -0.61015, 0.79229, 0.00000, 0.00000, -0.79229, -0.61015, -0.00000, 0.00000, 0.00000, -0.00000, 1.00000, 0.00000, -10.77584, 8.15678, 39.15541, 1.00000, align = { 0.00000, 0.00000 }, ignore = { 9, 50 }, },
				{ 0.20108, 0.97958, 0.00000, 0.00000, -0.97958, 0.20108, -0.00000, 0.00000, -0.00000, 0.00000, 1.00000, 0.00000, 6.33333, 26.48253, 9.15541, 1.00000, align = { 0.00000, 0.00000 }, ignore = { 13, 50 }, },
				{ 0.80073, 0.59902, 0.00000, 0.00000, -0.59902, 0.80073, -0.00000, 0.00000, -0.00000, 0.00000, 1.00000, 0.00000, 6.93529, 26.88457, 27.15541, 1.00000, align = { 0.00000, 0.00000 }, ignore = { 14, 50 }, },
				{ 0.80696, 0.59061, 0.00000, 0.00000, -0.59061, 0.80696, 0.00000, 0.00000, 0.00000, 0.00000, 1.00000, 0.00000, 5.87238, 26.64343, 21.15541, 1.00000, align = { 0.00000, 0.00000 }, ignore = { 15, 50 }, },
				{ 0.76828, -0.64011, 0.00000, 0.00000, 0.64011, 0.76828, 0.00000, 0.00000, 0.00000, 0.00000, 1.00000, 0.00000, 5.39955, 26.45310, 15.15541, 1.00000, align = { 0.00000, 0.00000 }, ignore = { 16, 50 }, },
				{ -0.86690, 0.49849, -0.00000, 0.00000, -0.49849, -0.86690, -0.00000, 0.00000, -0.00000, 0.00000, 1.00000, 0.00000, 4.08914, 3.62797, 18.15541, 1.00000, align = { 0.00000, 0.00000 }, ignore = { 17, 50 }, },
				{ 0.38591, -0.92254, 0.00000, 0.00000, 0.92254, 0.38591, 0.00000, 0.00000, -0.00000, 0.00000, 1.00000, 0.00000, 10.40706, 12.28561, 21.15541, 1.00000, align = { 0.00000, 0.00000 }, ignore = { 18, 50 }, },
				{ -0.71934, -0.69466, 0.00000, 0.00000, 0.69466, -0.71934, 0.00000, 0.00000, 0.00000, 0.00000, 1.00000, 0.00000, -7.19064, 3.95672, 33.15541, 1.00000, align = { 0.00000, 0.00000 }, },
				{ 0.68962, 0.72417, -0.00000, 0.00000, -0.72417, 0.68962, 0.00000, 0.00000, 0.00000, 0.00000, 1.00000, 0.00000, 5.68794, 26.25190, 39.15541, 1.00000, align = { 0.00000, 0.00000 }, },
			},
			["garden_table_round.grp"] = {
				{ 0.98876, -0.14954, -0.00000, 0.00000, 0.14954, 0.98876, 0.00000, 0.00000, 0.00000, -0.00000, 1.00000, 0.00000, -7.19064, 3.95672, 33.15541, 1.00000, align = { 0.00000, 0.00000 }, seed = 768, },
				{ -0.84989, -0.52696, 0.00000, 0.00000, 0.52696, -0.84989, -0.00000, 0.00000, 0.00000, 0.00000, 1.00000, 0.00000, 5.68794, 26.25190, 39.15541, 1.00000, align = { 0.00000, 0.00000 }, seed = 768, },
				{ 0.61291, -0.79015, 0.00000, 0.00000, 0.79015, 0.61291, 0.00000, 0.00000, 0.00000, 0.00000, 1.00000, 0.00000, -7.43228, 4.37866, 12.15541, 1.00000, align = { 0.00000, 0.00000 }, seed = 768, ignore = { 33, 10 }, },
				{ -0.73373, -0.67944, 0.00000, 0.00000, 0.67944, -0.73373, 0.00000, 0.00000, 0.00000, 0.00000, 1.00000, 0.00000, -10.86153, 8.73065, 9.15541, 1.00000, align = { 0.00000, 0.00000 }, seed = 768, ignore = { 34, 10 }, },
				{ 1.00000, 0.00000, -0.00000, 0.00000, -0.00000, 1.00000, -0.00000, 0.00000, 0.00000, 0.00000, 1.00000, 0.00000, 10.14149, 12.13724, 30.15541, 1.00000, align = { 0.00000, 0.00000 }, seed = 512, ignore = { 38, 10 }, },
				{ 1.00000, 0.00000, -0.00000, 0.00000, -0.00000, 1.00000, -0.00000, 0.00000, 0.00000, 0.00000, 1.00000, 0.00000, 4.43347, 4.33653, 9.15541, 1.00000, align = { 0.00000, 0.00000 }, seed = 256, ignore = { 40, 10 }, },
			},
			["random_medium_tree_town.grp"] = {
				{ -0.50754, -0.86163, 0.00000, 0.00000, 0.86163, -0.50754, -0.00000, 0.00000, 0.00000, 0.00000, 1.00000, 0.00000, -7.06000, 21.62000, 0.00000, 1.00000, },
			},
			["random_shrub_town.grp"] = {
				{ -0.72495, -0.68880, 0.00000, 0.00000, 0.68880, -0.72495, 0.00000, 0.00000, 0.00000, 0.00000, 1.00000, 0.00000, 10.72693, 3.44292, 0.00000, 1.00000, },
				{ 0.94935, 0.31422, 0.00000, 0.00000, -0.31422, 0.94935, 0.00000, 0.00000, 0.00000, 0.00000, 1.00000, 0.00000, 10.57000, 5.29000, 0.00000, 1.00000, },
			},
			["random_shrub_town_fence.grp"] = {
				{ 0.33545, 0.94206, 0.00000, 0.00000, -0.94206, 0.33545, -0.00000, 0.00000, -0.00000, 0.00000, 1.00000, 0.00000, -12.46571, 14.70286, 0.00000, 1.00000, },
				{ 0.83932, -0.54364, 0.00000, 0.00000, 0.54364, 0.83932, -0.00000, 0.00000, -0.00000, 0.00000, 1.00000, 0.00000, -12.46571, 16.20286, 0.00000, 1.00000, },
				{ -0.08031, 0.99677, -0.00000, 0.00000, -0.99677, -0.08031, -0.00000, 0.00000, -0.00000, -0.00000, 1.00000, 0.00000, -12.46571, 17.85286, 0.00000, 1.00000, },
				{ -0.15633, -0.98770, -0.00000, 0.00000, 0.98770, -0.15633, -0.00000, 0.00000, -0.00000, -0.00000, 1.00000, 0.00000, -10.81571, 17.85286, 0.00000, 1.00000, },
				{ -0.74602, 0.66592, -0.00000, 0.00000, -0.66592, -0.74602, -0.00000, 0.00000, -0.00000, -0.00000, 1.00000, 0.00000, -9.21571, 17.85286, 0.00000, 1.00000, },
				{ -0.84942, 0.52771, -0.00000, 0.00000, -0.52771, -0.84942, -0.00000, 0.00000, -0.00000, -0.00000, 1.00000, 0.00000, -9.21571, 19.60286, 0.00000, 1.00000, },
				{ -0.50719, -0.86184, -0.00000, 0.00000, 0.86184, -0.50719, -0.00000, 0.00000, -0.00000, -0.00000, 1.00000, 0.00000, -9.21571, 21.35286, 0.00000, 1.00000, },
				{ -0.67836, 0.73473, -0.00000, 0.00000, -0.73473, -0.67836, -0.00000, 0.00000, -0.00000, -0.00000, 1.00000, 0.00000, -9.21571, 23.10286, 0.00000, 1.00000, },
				{ 0.81657, -0.57725, 0.00000, 0.00000, 0.57725, 0.81657, -0.00000, 0.00000, -0.00000, 0.00000, 1.00000, 0.00000, -7.41571, 23.10286, 0.00000, 1.00000, },
				{ -0.58256, -0.81279, -0.00000, 0.00000, 0.81279, -0.58256, -0.00000, 0.00000, -0.00000, -0.00000, 1.00000, 0.00000, -5.71571, 23.10286, 0.00000, 1.00000, },
				{ 0.72517, 0.68857, 0.00000, 0.00000, -0.68857, 0.72517, -0.00000, 0.00000, -0.00000, 0.00000, 1.00000, 0.00000, -3.81571, 23.10286, 0.00000, 1.00000, },
				{ 0.52768, 0.84945, 0.00000, 0.00000, -0.84945, 0.52768, -0.00000, 0.00000, -0.00000, 0.00000, 1.00000, 0.00000, -3.81571, 24.75286, 0.00000, 1.00000, },
				{ -0.93411, -0.35698, -0.00000, 0.00000, 0.35698, -0.93411, -0.00000, 0.00000, -0.00000, -0.00000, 1.00000, 0.00000, -3.81571, 26.50286, 0.00000, 1.00000, },
				{ 0.04178, -0.99913, 0.00000, 0.00000, 0.99913, 0.04178, -0.00000, 0.00000, -0.00000, 0.00000, 1.00000, 0.00000, -3.81571, 27.80286, 0.00000, 1.00000, },
				{ 0.70839, -0.70582, 0.00000, 0.00000, 0.70582, 0.70839, -0.00000, 0.00000, -0.00000, 0.00000, 1.00000, 0.00000, -2.26571, 27.80286, 0.00000, 1.00000, },
				{ 0.12555, 0.99209, 0.00000, 0.00000, -0.99209, 0.12555, -0.00000, 0.00000, -0.00000, 0.00000, 1.00000, 0.00000, -0.71571, 27.80286, 0.00000, 1.00000, },
			},
		},
	},
}
--End Generated

function data()
	return townbuildingutil.make_building2(
		{ { -4.60, -0.10 }, { 4.60, -0.10 }, { 4.60, 9.10 }, { -4.60, 9.10 } },
		"RESIDENTIAL", 
		"B", 
		3,
		{ 4, 4 },
		generatedData,
		"construction/building/era_b/res_3_4x4_01.gtex"
	)
end
