local townbuildingutil = require "townbuildingutil"

--Model file: "building/era_b/res_3_1x2_02.mdl"

--Begin Generated
local generatedData = {
	["base"] = {
		models = {
			["building/era_b/res_3_1x2_02.mdl"] = {
				{ 1.00000, 0.00000, 0.00000, 0.00000, 0.00000, 1.00000, 0.00000, 0.00000, 0.00000, 0.00000, 1.00000, 0.00000, 0.00000, 0.00000, 0.00000, 1.00000, },
			},
		},
		curves = {
			["scaffold"] = {
				{ { 2.68774, 1.03966, 0.00000 }, { 2.68774, 1.03966, 0.00000 }, { 2.68774, 1.68906, 0.00000 }, { 2.68774, 1.68906, 0.00000 }, { 2.68774, 1.68906, 0.00000 }, { 3.08911, 1.68906, 0.00000 }, { 3.08911, 1.68906, 0.00000 }, { 3.08911, 1.68906, 0.00000 }, { 3.08911, 9.72099, 0.00000 }, { 3.08911, 9.72099, 0.00000 }, { 3.08911, 9.72099, 0.00000 }, { 2.07019, 9.72099, 0.00000 }, { 2.07019, 9.72099, 0.00000 }, { 2.07019, 9.72099, 0.00000 }, { 2.07019, 15.04546, 0.00000 }, { 2.07019, 15.04546, 0.00000 }, { 2.07019, 15.04546, 0.00000 }, { -3.08972, 15.04546, 0.00000 }, { -3.08972, 15.04546, 0.00000 }, { -3.08972, 15.04546, 0.00000 }, { -3.08972, 8.88545, 0.00000 }, { -3.08972, 8.88545, 0.00000 }, { -3.08972, 8.88545, 0.00000 }, { -2.23000, 8.88545, 0.00000 }, { -2.23000, 8.88545, 0.00000 }, { -2.23000, 8.88545, 0.00000 }, { -2.23000, 7.71581, 0.00000 }, { -2.23000, 7.71581, 0.00000 }, { -2.23000, 7.71581, 0.00000 }, { -3.09082, 7.71581, 0.00000 }, { -3.09082, 7.71581, 0.00000 }, { -3.09082, 7.71581, 0.00000 }, { -3.09082, 3.76909, 0.00000 }, { -3.09082, 3.76909, 0.00000 }, { -3.09082, 3.76909, 0.00000 }, { -2.07080, 3.76909, 0.00000 }, { -2.07080, 3.76909, 0.00000 }, { -2.07080, 3.76909, 0.00000 }, { -2.07080, 1.68906, 0.00000 }, { -2.07080, 1.68906, 0.00000 }, { -2.07080, 1.68906, 0.00000 }, { -0.49121, 1.68906, 0.00000 }, { -0.49121, 1.68906, 0.00000 }, { -0.49121, 1.68906, 0.00000 }, { -0.49121, 1.03966, 0.00000 }, { -0.49121, 1.03966, 0.00000 }, },
			},
			["shared/asphalt_01.gtex.lua;shared/dirt.gtex.lua"] = {
				{ { 4.00000, 0.00000, 0.00000 }, { 4.00000, 0.00000, 0.00000 }, { 4.00000, 16.00000, 0.00000 }, { 4.00000, 16.00000, 0.00000 }, { 4.00000, 16.00000, 0.00000 }, { -4.00000, 16.00000, 0.00000 }, { -4.00000, 16.00000, 0.00000 }, { -4.00000, 16.00000, 0.00000 }, { -4.00000, 0.00000, 0.00000 }, { -4.00000, 0.00000, 0.00000 }, },
			},
		},
	},
	["layout_1"] = {
		models = {
			["asset/ground/garden_chair_plastic_01.mdl"] = {
				{ -0.60599, -0.79547, 0.00000, 0.00000, 0.79547, -0.60599, 0.00000, 0.00000, -0.00000, 0.00000, 1.00000, 0.00000, -2.17559, 4.48525, 3.10000, 1.00000, align = { 0.00000, 0.00000 }, ignore = { 11, 10 }, },
				{ 0.69214, -0.72176, -0.00000, 0.00000, 0.72176, 0.69214, -0.00000, 0.00000, 0.00000, -0.00000, 1.00000, 0.00000, -1.90000, 5.37439, 18.10000, 1.00000, align = { 0.00000, 0.00000 }, ignore = { 12, 10 }, },
				{ -0.25545, -0.96682, -0.00000, 0.00000, 0.96682, -0.25545, 0.00000, 0.00000, -0.00000, 0.00000, 1.00000, 0.00000, -1.91247, 4.22252, 18.10000, 1.00000, align = { 0.00000, 0.00000 }, ignore = { 13, 10 }, },
				{ -0.76154, -0.64812, -0.00000, 0.00000, 0.64812, -0.76154, 0.00000, 0.00000, -0.00000, 0.00000, 1.00000, 0.00000, -1.81001, 4.65251, 9.10000, 1.00000, align = { 0.00000, 0.00000 }, ignore = { 16, 10 }, },
				{ -0.79441, -0.60738, 0.00000, 0.00000, 0.60738, -0.79441, -0.00000, 0.00000, 0.00000, -0.00000, 1.00000, 0.00000, -1.90437, 4.32099, 15.10000, 1.00000, align = { 0.00000, 0.00000 }, ignore = { 17, 10 }, },
			},
		},
		groups = {
			["era_a_garden_bench.grp"] = {
				{ -0.01032, -0.84494, -0.00000, 0.00000, 0.84494, -0.01032, 0.00000, 0.00000, -0.00000, 0.00000, 0.84500, 0.00000, -1.74787, 4.86253, 12.09999, 1.00000, align = { 0.00000, 0.00000 }, ignore = { 9, 25 }, },
			},
			["era_a_garden_chair.grp"] = {
				{ 0.95424, -0.29904, -0.00000, 0.00000, 0.29904, 0.95424, -0.00000, 0.00000, 0.00000, 0.00000, 1.00000, 0.00000, -1.93354, 6.14619, 21.09999, 1.00000, align = { 0.00000, 0.00000 }, seed = 256, ignore = { 3, 10 }, },
				{ -0.99990, 0.01396, -0.00000, 0.00000, -0.01396, -0.99990, -0.00000, 0.00000, -0.00000, -0.00000, 1.00000, 0.00000, -1.96495, 4.26856, 21.09999, 1.00000, align = { 0.00000, 0.00000 }, seed = 256, ignore = { 4, 10 }, },
				{ -0.90631, -0.42262, 0.00000, 0.00000, 0.42262, -0.90631, -0.00000, 0.00000, 0.00000, -0.00000, 1.00000, 0.00000, -1.91537, 4.68182, 6.10000, 1.00000, align = { 0.00000, 0.00000 }, seed = 25, ignore = { 6, 10 }, },
				{ 0.72176, -0.69214, -0.00000, 0.00000, 0.69214, 0.72176, -0.00000, 0.00000, 0.00000, 0.00000, 1.00000, 0.00000, -1.84706, 6.32895, 6.10000, 1.00000, align = { 0.00000, 0.00000 }, seed = 25, ignore = { 7, 10 }, },
			},
			["era_b_sunshade_small.grp"] = {
				{ -0.27228, 0.96222, 0.00000, 0.00000, -0.96222, -0.27228, 0.00000, 0.00000, 0.00000, 0.00000, 1.00000, 0.00000, -2.05309, 5.37504, 21.09999, 1.00000, align = { 0.00000, 0.00000 }, ignore = { 10, 50 }, },
				{ -0.99317, 0.11667, -0.00000, 0.00000, -0.11667, -0.99317, -0.00000, 0.00000, -0.00000, -0.00000, 1.00000, 0.00000, -2.43613, 5.57964, 15.10000, 1.00000, align = { 0.00000, 0.00000 }, ignore = { 14, 50 }, },
				{ -0.58920, 0.80799, 0.00000, 0.00000, -0.80799, -0.58920, 0.00000, 0.00000, 0.00000, 0.00000, 1.00000, 0.00000, -2.35452, 5.21671, 3.10000, 1.00000, align = { 0.00000, 0.00000 }, ignore = { 15, 50 }, },
			},
			["garden_table_round.grp"] = {
				{ 0.80902, 0.58779, -0.00000, 0.00000, -0.58779, 0.80902, -0.00000, 0.00000, -0.00000, 0.00000, 1.00000, 0.00000, -2.12834, 5.53806, 9.10000, 1.00000, align = { 0.00000, 0.00000 }, ignore = { 2, 10 }, },
				{ 0.73135, -0.68200, 0.00000, 0.00000, 0.68200, 0.73135, -0.00000, 0.00000, 0.00000, 0.00000, 1.00000, 0.00000, -2.05913, 5.37324, 21.09999, 1.00000, align = { 0.00000, 0.00000 }, seed = 256, ignore = { 5, 10 }, },
				{ -0.73135, 0.68200, 0.00000, 0.00000, -0.68200, -0.73135, -0.00000, 0.00000, -0.00000, -0.00000, 1.00000, 0.00000, -2.01058, 5.41904, 6.10000, 1.00000, align = { 0.00000, 0.00000 }, seed = 25, ignore = { 8, 10 }, },
			},
		},
	},
}
--End Generated

function data()
	return townbuildingutil.make_building2(
		{ { -4.60, -0.10 }, { 4.60, -0.10 }, { 4.60, 9.10 }, { -4.60, 9.10 } },
		"RESIDENTIAL", 
		"B", 
		3,
		{ 1, 2 },
		generatedData,
		"construction/building/era_b/res_3_1x2_02.gtex"
	)
end
