local townbuildingutil = require "townbuildingutil"

--Model file: "building/era_b/res_1_4x4_04.mdl"

--Begin Generated
local generatedData = {
	["base"] = {
		models = {
			["building/era_b/res_1_4x4_04.mdl"] = {
				{ 1.00000, 0.00000, 0.00000, 0.00000, 0.00000, 1.00000, 0.00000, 0.00000, 0.00000, 0.00000, 1.00000, 0.00000, 0.00000, -1.80000, 0.00000, 1.00000, },
			},
		},
		curves = {
			["scaffold"] = {
				{ { 6.16870, 6.11511, 0.00000 }, { 6.16870, 6.11511, 0.00000 }, { 6.16870, 7.65583, 0.00000 }, { 6.16870, 7.65583, 0.00000 }, { 6.16870, 7.65583, 0.00000 }, { 6.73370, 7.65583, 0.00000 }, { 6.73370, 7.65583, 0.00000 }, { 6.73370, 7.65583, 0.00000 }, { 6.73370, 9.78000, 0.00000 }, { 6.73370, 9.78000, 0.00000 }, { 6.73370, 9.78000, 0.00000 }, { 7.24158, 9.78000, 0.00000 }, { 7.24158, 9.78000, 0.00000 }, { 7.24158, 9.78000, 0.00000 }, { 7.24158, 13.48710, 0.00000 }, { 7.24158, 13.48710, 0.00000 }, { 7.24158, 13.48710, 0.00000 }, { 6.73370, 13.48710, 0.00000 }, { 6.73370, 13.48710, 0.00000 }, { 6.73370, 13.48710, 0.00000 }, { 6.73370, 15.58796, 0.00000 }, { 6.73370, 15.58796, 0.00000 }, { 6.73370, 15.58796, 0.00000 }, { 6.16870, 15.58796, 0.00000 }, { 6.16870, 15.58796, 0.00000 }, { 6.16870, 15.58796, 0.00000 }, { 6.16870, 17.21243, 0.00000 }, { 6.16870, 17.21243, 0.00000 }, { 6.16870, 17.21243, 0.00000 }, { -8.00586, 17.21243, 0.00000 }, { -8.00586, 17.21243, 0.00000 }, { -8.00586, 17.21243, 0.00000 }, { -8.00586, 6.11510, 0.00000 }, { -8.00586, 6.11510, 0.00000 }, },
			},
			["shared/asphalt_01.gtex.lua;shared/dirt.gtex.lua"] = {
				{ { 11.00000, 0.00000, 0.00000 }, { 11.00000, 0.00000, 0.00000 }, { 11.00000, 17.58210, 0.00000 }, { 11.00000, 17.58210, 0.00000 }, { 11.00000, 17.58210, -0.00000 }, { 6.41870, 17.58210, -0.00002 }, { 6.41870, 17.58210, -0.00002 }, { 6.41870, 17.58210, -0.00002 }, { -8.25586, 17.58210, -0.00002 }, { -8.25586, 17.58210, -0.00002 }, { -8.25586, 17.58210, -0.00002 }, { -8.25586, 5.74543, -0.00002 }, { -8.25586, 5.74543, -0.00002 }, { -8.25586, 5.74543, -0.00002 }, { 4.00000, 5.74543, -0.00000 }, { 4.00000, 5.74543, 0.00000 }, { 4.00000, 5.74543, 0.00000 }, { 4.00000, 0.00000, 0.00000 }, { 4.00000, 0.00000, 0.00000 }, },
			},
			["shared/grass_cutted_01.gtex.lua"] = {
				{ { 16.00000, 0.00000, 0.00000 }, { 16.00000, 0.00001, 0.00000 }, { 16.00000, 31.99999, 0.00000 }, { 16.00000, 32.00000, 0.00000 }, { 15.99999, 32.00000, 0.00000 }, { -15.99999, 32.00000, 0.00000 }, { -16.00000, 32.00000, 0.00000 }, { -16.00000, 31.99999, 0.00000 }, { -16.00000, 0.00001, 0.00000 }, { -16.00000, 0.00000, 0.00000 }, { -16.00000, 0.00000, -0.00000 }, { -8.25586, 0.00000, -0.00000 }, { -8.25586, 0.00000, -0.00000 }, { -8.25586, 0.00000, -0.00000 }, { -8.25586, 5.74543, -0.00002 }, { -8.25586, 5.74543, -0.00002 }, { -8.25586, 5.74543, -0.00002 }, { -10.54999, 5.74543, -0.00000 }, { -10.54999, 5.74543, 0.00000 }, { -10.54999, 5.74543, 0.00000 }, { -10.54999, 18.00000, 0.00000 }, { -10.54999, 18.00000, 0.00000 }, { -10.54999, 18.00000, 0.00000 }, { -12.54999, 18.00000, 0.00000 }, { -12.54999, 18.00000, 0.00000 }, { -12.54999, 18.00000, 0.00000 }, { -12.54999, 26.00000, 0.00000 }, { -12.54999, 26.00000, 0.00000 }, { -12.54998, 26.00000, 0.00000 }, { 3.00000, 26.00000, 0.00000 }, { 3.00000, 26.00000, 0.00000 }, { 3.00000, 26.00000, 0.00000 }, { 3.00000, 20.00000, 0.00000 }, { 3.00000, 20.00000, 0.00000 }, { 3.00000, 20.00000, 0.00000 }, { 11.00000, 20.00000, 0.00000 }, { 11.00000, 20.00000, 0.00000 }, { 11.00000, 20.00000, 0.00000 }, { 11.00000, 0.00000, 0.00000 }, { 11.00000, 0.00000, 0.00000 }, },
			},
			["shared/gravel_02.gtex.lua"] = {
				{ { 11.00000, 17.58210, 0.00000 }, { 11.00000, 17.58210, 0.00000 }, { 11.00000, 20.00000, 0.00000 }, { 11.00000, 20.00000, 0.00000 }, { 11.00000, 20.00000, 0.00000 }, { 3.00000, 20.00000, 0.00000 }, { 3.00000, 20.00000, 0.00000 }, { 3.00000, 20.00000, 0.00000 }, { 3.00000, 26.00000, 0.00000 }, { 3.00000, 26.00000, 0.00000 }, { 3.00000, 26.00000, 0.00000 }, { -12.54999, 26.00000, 0.00000 }, { -12.54999, 26.00000, 0.00000 }, { -12.54999, 26.00000, 0.00000 }, { -12.54999, 18.00000, 0.00000 }, { -12.54999, 18.00000, 0.00000 }, { -12.54999, 18.00000, 0.00000 }, { -10.54999, 18.00000, 0.00000 }, { -10.54999, 18.00000, 0.00000 }, { -10.54999, 18.00000, 0.00000 }, { -10.54999, 5.74543, 0.00000 }, { -10.54999, 5.74543, 0.00000 }, { -10.54999, 5.74543, -0.00000 }, { -8.25586, 5.74543, -0.00002 }, { -8.25586, 5.74543, -0.00002 }, },
				{ { 4.00000, 0.00000, 0.00000 }, { 4.00000, 0.00000, -0.00000 }, { 4.00000, 5.74543, -0.00000 }, { 4.00000, 5.74543, -0.00000 }, { 4.00000, 5.74543, -0.00000 }, { -8.25586, 5.74543, -0.00002 }, { -8.25586, 5.74543, -0.00002 }, { -8.25586, 5.74543, -0.00002 }, { -8.25586, 0.00000, -0.00000 }, { -8.25586, 0.00000, 0.00000 }, },
			},
		},
	},
	["layout_1"] = {
		models = {
			["asset/ground/container_small_steel.mdl"] = {
				{ 1.00000, 0.00000, 0.00000, 0.00000, 0.00000, 1.00000, 0.00000, 0.00000, 0.00000, 0.00000, 1.00000, 0.00000, -6.99351, 3.44000, -0.00000, 1.00000, ignore = { 14, 50 }, },
			},
			["asset/ground/container_wood.mdl"] = {
				{ 1.00000, 0.00000, 0.00000, 0.00000, 0.00000, 1.00000, 0.00000, 0.00000, 0.00000, 0.00000, 1.00000, 0.00000, 1.72000, 25.27000, 0.00000, 1.00000, ignore = { 9, 50 }, },
			},
			["asset/vegetation/hedge_m.mdl"] = {
				{ 0.00000, -1.00000, 0.00000, 0.00000, 1.00000, 0.00000, -0.00000, 0.00000, -0.00000, 0.00000, 1.00000, 0.00000, -14.90607, 2.76893, -0.20000, 1.00000, },
				{ 0.00000, -1.00000, 0.00000, 0.00000, 1.00000, 0.00000, -0.00000, 0.00000, -0.00000, 0.00000, 1.00000, 0.00000, -13.55607, 2.76893, -0.20000, 1.00000, },
				{ 0.00000, -1.00000, 0.00000, 0.00000, 1.00000, 0.00000, -0.00000, 0.00000, -0.00000, 0.00000, 1.00000, 0.00000, -11.49607, 2.76893, -0.20000, 1.00000, },
				{ 0.00000, 1.00000, 0.00000, 0.00000, -1.00000, 0.00000, 0.00000, 0.00000, -0.00000, -0.00000, 1.00000, 0.00000, -12.55607, 2.76893, -0.20000, 1.00000, },
				{ 0.00000, 1.00000, 0.00000, 0.00000, -1.00000, 0.00000, 0.00000, 0.00000, -0.00000, -0.00000, 1.00000, 0.00000, -10.38607, 2.76893, -0.20000, 1.00000, },
				{ 0.00000, 1.00000, 0.00000, 0.00000, -1.00000, 0.00000, 0.00000, 0.00000, -0.00000, -0.00000, 1.00000, 0.00000, -9.40607, 2.76893, -0.20000, 1.00000, },
				{ -0.00000, 1.00000, -0.00000, 0.00000, -1.00000, -0.00000, -0.00000, 0.00000, -0.00000, -0.00000, 1.00000, 0.00000, 14.85027, 2.74758, -0.20000, 1.00000, },
				{ -0.00000, 1.00000, -0.00000, 0.00000, -1.00000, -0.00000, -0.00000, 0.00000, -0.00000, -0.00000, 1.00000, 0.00000, 12.79027, 2.74758, -0.20000, 1.00000, },
				{ -0.00000, 1.00000, -0.00000, 0.00000, -1.00000, -0.00000, -0.00000, 0.00000, -0.00000, -0.00000, 1.00000, 0.00000, 12.00027, 2.74758, -0.20000, 1.00000, },
				{ -0.00000, -1.00000, -0.00000, 0.00000, 1.00000, -0.00000, -0.00000, 0.00000, -0.00000, -0.00000, 1.00000, 0.00000, 13.96027, 2.74758, -0.20000, 1.00000, },
			},
		},
		groups = {
			["era_a_garden_bench.grp"] = {
				{ 1.00000, -0.00000, 0.00000, 0.00000, 0.00000, 1.00000, 0.00000, 0.00000, -0.00000, -0.00000, 1.00000, 0.00000, -0.84000, 6.07000, 0.00000, 1.00000, ignore = { 8, 25 }, },
			},
			["era_a_garden_chair.grp"] = {
				{ -0.81106, 0.58496, -0.00000, 0.00000, -0.58496, -0.81106, -0.00000, 0.00000, -0.00000, -0.00000, 1.00000, 0.00000, 9.25442, 16.31686, -0.00000, 1.00000, seed = 768, ignore = { 10, 10 }, },
				{ 0.70711, 0.70711, 0.00000, 0.00000, -0.70711, 0.70711, 0.00000, 0.00000, -0.00000, -0.00000, 1.00000, 0.00000, 9.15663, 17.68750, 0.00000, 1.00000, seed = 768, ignore = { 11, 25 }, },
				{ 0.74431, -0.66783, 0.00000, 0.00000, 0.66783, 0.74431, 0.00000, 0.00000, -0.00000, -0.00000, 1.00000, 0.00000, 10.23121, 17.63984, 0.00000, 1.00000, seed = 768, ignore = { 12, 5 }, },
				{ -0.69340, -0.72055, -0.00000, 0.00000, 0.72055, -0.69340, 0.00000, 0.00000, -0.00000, -0.00000, 1.00000, 0.00000, 10.35740, 16.60742, 0.00000, 1.00000, seed = 768, ignore = { 13, 25 }, },
			},
			["era_a_garden_ladder.grp"] = {
				{ 0.60460, 0.79653, 0.00000, 0.00000, -0.79653, 0.60460, 0.00000, 0.00000, 0.00000, 0.00000, 1.00000, 0.00000, 2.10000, 23.68000, 0.00000, 1.00000, ignore = { 7, 25 }, },
				{ 0.86949, 0.49394, 0.00000, 0.00000, -0.49394, 0.86949, 0.00000, 0.00000, 0.00000, 0.00000, 1.00000, 0.00000, -6.35000, 4.28000, 0.00000, 1.00000, ignore = { 14, 50 }, },
			},
			["era_b_garden_chair.grp"] = {
				{ -0.75241, 0.65869, -0.00000, 0.00000, -0.65869, -0.75241, 0.00000, 0.00000, -0.00000, 0.00000, 1.00000, 0.00000, -7.45767, 22.74263, 0.00000, 1.00000, seed = 256, ignore = { 2, 25 }, },
				{ 0.88620, -0.46330, 0.00000, 0.00000, 0.46330, 0.88620, 0.00000, 0.00000, 0.00000, 0.00000, 1.00000, 0.00000, -7.21264, 24.66377, 0.00000, 1.00000, seed = 256, ignore = { 3, 25 }, },
				{ 0.52696, -0.84989, 0.00000, 0.00000, 0.84989, 0.52696, 0.00000, 0.00000, 0.00000, 0.00000, 1.00000, 0.00000, -6.42527, 23.77672, 0.00000, 1.00000, seed = 256, ignore = { 4, 25 }, },
				{ -0.75241, 0.65869, -0.00000, 0.00000, -0.65869, -0.75241, 0.00000, 0.00000, -0.00000, 0.00000, 1.00000, 0.00000, -8.28972, 23.34472, 0.00000, 1.00000, seed = 256, ignore = { 5, 25 }, },
			},
			["era_b_garden_swing.grp"] = {
				{ -0.99863, -0.05234, 0.00000, 0.00000, 0.05234, -0.99863, 0.00000, 0.00000, 0.00000, 0.00000, 1.00000, 0.00000, -4.04000, 18.45000, 0.00000, 1.00000, ignore = { 6, 25 }, },
			},
			["era_b_garden_table.grp"] = {
				{ 0.73610, -0.67688, 0.00000, 0.00000, 0.67688, 0.73610, 0.00000, 0.00000, 0.00000, 0.00000, 1.00000, 0.00000, -7.34000, 23.56497, 0.00000, 1.00000, seed = 256, },
			},
			["era_b_sunshade_large.grp"] = {
				{ 0.89571, 0.44464, 0.00000, 0.00000, -0.44464, 0.89571, 0.00000, 0.00000, 0.00000, 0.00000, 1.00000, 0.00000, -7.34000, 23.56497, 0.00000, 1.00000, },
			},
			["era_b_sunshade_small.grp"] = {
				{ 0.99881, 0.04885, 0.00000, 0.00000, -0.04885, 0.99881, 0.00000, 0.00000, -0.00000, -0.00000, 1.00000, 0.00000, 9.70000, 17.06000, 0.00000, 1.00000, },
			},
			["garden_table_round.grp"] = {
				{ -0.64546, 0.76380, -0.00000, 0.00000, -0.76380, -0.64546, -0.00000, 0.00000, -0.00000, -0.00000, 1.00000, 0.00000, 9.70000, 17.06000, 0.00000, 1.00000, seed = 768, },
			},
			["random_large_tree_town.grp"] = {
				{ -0.62121, -0.27658, 0.00000, 0.00000, 0.27658, -0.62121, 0.00000, 0.00000, 0.00000, 0.00000, 0.68000, 0.00000, 12.50000, 23.59000, 0.00000, 1.00000, },
				{ -0.95106, 0.30902, 0.00000, 0.00000, -0.30902, -0.95106, 0.00000, 0.00000, 0.00000, 0.00000, 1.00000, 0.00000, 10.95000, 27.57000, 0.00000, 1.00000, },
				{ 0.78572, 0.40728, 0.00000, 0.00000, -0.40728, 0.78572, 0.00000, 0.00000, 0.00000, 0.00000, 0.88500, 0.00000, -13.30000, 29.62000, 0.00000, 1.00000, },
			},
			["random_medium_tree_town.grp"] = {
				{ 0.15265, 0.78530, 0.00000, 0.00000, -0.78530, 0.15265, -0.00000, 0.00000, -0.00000, -0.00000, 0.80000, 0.00000, -13.26000, 23.66000, 0.00000, 1.00000, },
				{ -0.76788, 0.01340, 0.00000, 0.00000, -0.01340, -0.76788, -0.00000, 0.00000, 0.00000, -0.00000, 0.76800, 0.00000, -13.81000, 19.46000, 0.00000, 1.00000, },
				{ -0.39073, -0.92050, 0.00000, 0.00000, 0.92050, -0.39073, -0.00000, 0.00000, 0.00000, 0.00000, 1.00000, 0.00000, -10.31000, 28.86000, 0.00000, 1.00000, },
				{ -0.68287, 0.40707, 0.00000, 0.00000, -0.40707, -0.68287, -0.00000, 0.00000, 0.00000, -0.00000, 0.79500, 0.00000, 7.44000, 27.66000, 0.00000, 1.00000, },
				{ 0.95981, -0.28067, 0.00000, 0.00000, 0.28067, 0.95981, -0.00000, 0.00000, -0.00000, 0.00000, 1.00000, 0.00000, -7.46000, 29.12000, 0.00000, 1.00000, },
				{ -0.89747, 0.06748, 0.00000, 0.00000, -0.06748, -0.89747, -0.00000, 0.00000, 0.00000, -0.00000, 0.90000, 0.00000, 0.54000, 30.47000, 0.00000, 1.00000, },
			},
			["random_shrub_town.grp"] = {
				{ -0.09237, -0.99572, 0.00000, 0.00000, 0.99572, -0.09237, 0.00000, 0.00000, 0.00000, 0.00000, 1.00000, 0.00000, 15.06000, 8.21000, 0.00000, 1.00000, },
				{ -0.09237, -0.99572, 0.00000, 0.00000, 0.99572, -0.09237, 0.00000, 0.00000, 0.00000, 0.00000, 1.00000, 0.00000, 15.06000, 3.06000, 0.00000, 1.00000, },
				{ -0.87292, -0.48786, 0.00000, 0.00000, 0.48786, -0.87292, 0.00000, 0.00000, 0.00000, 0.00000, 1.00000, 0.00000, 4.01000, 25.07000, 0.00000, 1.00000, },
				{ -0.87292, -0.48786, 0.00000, 0.00000, 0.48786, -0.87292, 0.00000, 0.00000, 0.00000, 0.00000, 1.00000, 0.00000, 4.22000, 21.38000, 0.00000, 1.00000, },
				{ 0.21132, -0.97742, 0.00000, 0.00000, 0.97742, 0.21132, 0.00000, 0.00000, 0.00000, 0.00000, 1.00000, 0.00000, 9.50000, 21.38000, 0.00000, 1.00000, },
				{ -0.11840, -0.99297, 0.00000, 0.00000, 0.99297, -0.11840, 0.00000, 0.00000, 0.00000, 0.00000, 1.00000, 0.00000, 5.79000, 21.23000, 0.00000, 1.00000, },
				{ 0.41945, 0.90778, 0.00000, 0.00000, -0.90778, 0.41945, 0.00000, 0.00000, 0.00000, 0.00000, 1.00000, 0.00000, 7.55000, 20.98000, 0.00000, 1.00000, },
				{ -0.99780, 0.06627, 0.00000, 0.00000, -0.06627, -0.99780, 0.00000, 0.00000, 0.00000, 0.00000, 1.00000, 0.00000, 4.00000, 23.30000, 0.00000, 1.00000, },
				{ 0.06279, 0.99803, 0.00000, 0.00000, -0.99803, 0.06279, 0.00000, 0.00000, 0.00000, 0.00000, 1.00000, 0.00000, 14.88000, 10.74000, 0.00000, 1.00000, },
				{ 0.06279, 0.99803, 0.00000, 0.00000, -0.99803, 0.06279, 0.00000, 0.00000, 0.00000, 0.00000, 1.00000, 0.00000, 14.88000, 4.94000, 0.00000, 1.00000, },
				{ -0.99803, 0.06279, 0.00000, 0.00000, -0.06279, -0.99803, 0.00000, 0.00000, 0.00000, 0.00000, 1.00000, 0.00000, 14.88000, 11.74000, 0.00000, 1.00000, },
				{ -0.99803, 0.06279, 0.00000, 0.00000, -0.06279, -0.99803, 0.00000, 0.00000, 0.00000, 0.00000, 1.00000, 0.00000, 14.88000, 5.94000, 0.00000, 1.00000, },
				{ -0.06279, -0.99803, 0.00000, 0.00000, 0.99803, -0.06279, 0.00000, 0.00000, 0.00000, 0.00000, 1.00000, 0.00000, 14.88000, 12.74000, 0.00000, 1.00000, },
				{ -0.06279, -0.99803, 0.00000, 0.00000, 0.99803, -0.06279, 0.00000, 0.00000, 0.00000, 0.00000, 1.00000, 0.00000, 14.88000, 6.94000, 0.00000, 1.00000, },
				{ 0.99803, -0.06279, 0.00000, 0.00000, 0.06279, 0.99803, 0.00000, 0.00000, 0.00000, 0.00000, 1.00000, 0.00000, 14.88000, 13.74000, 0.00000, 1.00000, },
				{ 0.06279, 0.99803, 0.00000, 0.00000, -0.99803, 0.06279, 0.00000, 0.00000, 0.00000, 0.00000, 1.00000, 0.00000, 14.88000, 14.74000, 0.00000, 1.00000, },
				{ -0.99803, 0.06279, 0.00000, 0.00000, -0.06279, -0.99803, 0.00000, 0.00000, 0.00000, 0.00000, 1.00000, 0.00000, 14.88000, 15.74000, 0.00000, 1.00000, },
				{ -0.06279, -0.99803, 0.00000, 0.00000, 0.99803, -0.06279, 0.00000, 0.00000, 0.00000, 0.00000, 1.00000, 0.00000, 14.88000, 16.74000, 0.00000, 1.00000, },
				{ 0.99803, -0.06279, 0.00000, 0.00000, 0.06279, 0.99803, 0.00000, 0.00000, 0.00000, 0.00000, 1.00000, 0.00000, 14.88000, 17.74000, 0.00000, 1.00000, },
				{ 0.06279, 0.99803, 0.00000, 0.00000, -0.99803, 0.06279, 0.00000, 0.00000, 0.00000, 0.00000, 1.00000, 0.00000, 14.88000, 18.74000, 0.00000, 1.00000, },
				{ -0.99803, 0.06279, 0.00000, 0.00000, -0.06279, -0.99803, 0.00000, 0.00000, 0.00000, 0.00000, 1.00000, 0.00000, 14.88000, 19.74000, 0.00000, 1.00000, },
				{ -0.06279, -0.99803, 0.00000, 0.00000, 0.99803, -0.06279, 0.00000, 0.00000, 0.00000, 0.00000, 1.00000, 0.00000, 14.88000, 20.74000, 0.00000, 1.00000, },
				{ 0.99803, -0.06279, 0.00000, 0.00000, 0.06279, 0.99803, 0.00000, 0.00000, 0.00000, 0.00000, 1.00000, 0.00000, 14.88000, 21.74000, 0.00000, 1.00000, },
				{ 0.06279, 0.99803, 0.00000, 0.00000, -0.99803, 0.06279, 0.00000, 0.00000, 0.00000, 0.00000, 1.00000, 0.00000, 14.88000, 22.74000, 0.00000, 1.00000, },
				{ -0.99803, 0.06279, 0.00000, 0.00000, -0.06279, -0.99803, 0.00000, 0.00000, 0.00000, 0.00000, 1.00000, 0.00000, 14.88000, 23.74000, 0.00000, 1.00000, },
				{ -0.06280, -0.99803, 0.00000, 0.00000, 0.99803, -0.06280, 0.00000, 0.00000, 0.00000, 0.00000, 1.00000, 0.00000, 14.88000, 24.74000, 0.00000, 1.00000, },
				{ 0.99803, -0.06280, 0.00000, 0.00000, 0.06280, 0.99803, 0.00000, 0.00000, 0.00000, 0.00000, 1.00000, 0.00000, 14.88000, 25.74000, 0.00000, 1.00000, },
				{ 0.06280, 0.99803, 0.00000, 0.00000, -0.99803, 0.06280, 0.00000, 0.00000, 0.00000, 0.00000, 1.00000, 0.00000, 14.88000, 26.74000, 0.00000, 1.00000, },
				{ -0.99803, 0.06280, 0.00000, 0.00000, -0.06280, -0.99803, 0.00000, 0.00000, 0.00000, 0.00000, 1.00000, 0.00000, 14.88000, 27.74000, 0.00000, 1.00000, },
				{ -0.06280, -0.99803, 0.00000, 0.00000, 0.99803, -0.06280, 0.00000, 0.00000, 0.00000, 0.00000, 1.00000, 0.00000, 14.88000, 28.74000, 0.00000, 1.00000, },
				{ 0.99803, -0.06280, 0.00000, 0.00000, 0.06280, 0.99803, 0.00000, 0.00000, 0.00000, 0.00000, 1.00000, 0.00000, 14.88000, 29.74000, 0.00000, 1.00000, },
				{ 0.06280, 0.99803, 0.00000, 0.00000, -0.99803, 0.06280, 0.00000, 0.00000, 0.00000, 0.00000, 1.00000, 0.00000, 14.88000, 30.74000, 0.00000, 1.00000, },
			},
			["random_shrub_town_fence.grp"] = {
				{ 0.95429, 0.29887, 0.00000, 0.00000, -0.29887, 0.95429, -0.00000, 0.00000, -0.00000, -0.00000, 1.00000, 0.00000, 9.44429, 30.50286, 0.00000, 1.00000, },
				{ 0.95429, 0.29887, 0.00000, 0.00000, -0.29887, 0.95429, -0.00000, 0.00000, -0.00000, -0.00000, 1.00000, 0.00000, -11.45571, 16.90286, 0.00000, 1.00000, },
				{ 0.68861, 0.72513, 0.00000, 0.00000, -0.72513, 0.68861, -0.00000, 0.00000, -0.00000, -0.00000, 1.00000, 0.00000, 8.41428, 28.75286, 0.00000, 1.00000, },
				{ 0.68861, 0.72513, 0.00000, 0.00000, -0.72513, 0.68861, -0.00000, 0.00000, -0.00000, -0.00000, 1.00000, 0.00000, 6.01429, 26.95286, 0.00000, 1.00000, },
				{ 0.68861, 0.72513, 0.00000, 0.00000, -0.72513, 0.68861, -0.00000, 0.00000, -0.00000, -0.00000, 1.00000, 0.00000, 10.93428, 22.99286, 0.00000, 1.00000, },
				{ -0.97014, -0.24256, -0.00000, 0.00000, 0.24256, -0.97014, -0.00000, 0.00000, -0.00000, -0.00000, 1.00000, 0.00000, 9.43429, 24.98286, 0.00000, 1.00000, },
				{ -0.20316, -0.97914, -0.00000, 0.00000, 0.97914, -0.20316, -0.00000, 0.00000, -0.00000, -0.00000, 1.00000, 0.00000, 8.91429, 26.83286, 0.00000, 1.00000, },
				{ 0.97014, 0.24256, 0.00000, 0.00000, -0.24256, 0.97014, -0.00000, 0.00000, -0.00000, -0.00000, 1.00000, 0.00000, 11.23428, 25.46286, 0.00000, 1.00000, },
				{ 0.24256, -0.97014, 0.00000, 0.00000, 0.97014, 0.24256, -0.00000, 0.00000, 0.00000, 0.00000, 1.00000, 0.00000, 7.43428, 30.86286, 0.00000, 1.00000, },
				{ -0.29887, 0.95429, -0.00000, 0.00000, -0.95429, -0.29887, 0.00000, 0.00000, -0.00000, 0.00000, 1.00000, 0.00000, -11.45569, 15.40286, 0.00000, 1.00000, },
				{ -0.95429, -0.29887, -0.00000, 0.00000, 0.29887, -0.95429, -0.00000, 0.00000, -0.00000, -0.00000, 1.00000, 0.00000, -11.45569, 13.90286, 0.00000, 1.00000, },
				{ 0.29887, -0.95429, 0.00000, 0.00000, 0.95429, 0.29887, -0.00000, 0.00000, -0.00000, 0.00000, 1.00000, 0.00000, -11.45569, 12.40286, 0.00000, 1.00000, },
				{ 0.95429, 0.29887, 0.00000, 0.00000, -0.29887, 0.95429, -0.00000, 0.00000, -0.00000, -0.00000, 1.00000, 0.00000, -11.45569, 10.90286, 0.00000, 1.00000, },
				{ 0.95429, 0.29887, 0.00000, 0.00000, -0.29887, 0.95429, -0.00000, 0.00000, -0.00000, -0.00000, 1.00000, 0.00000, -11.45569, 4.86286, 0.00000, 1.00000, },
				{ -0.91783, -0.39698, -0.00000, 0.00000, 0.39698, -0.91783, 0.00000, 0.00000, -0.00000, 0.00000, 1.00000, 0.00000, -9.33569, 4.86286, 0.00000, 1.00000, },
				{ -0.29887, 0.95429, -0.00000, 0.00000, -0.95429, -0.29887, 0.00000, 0.00000, -0.00000, 0.00000, 1.00000, 0.00000, -11.45569, 9.40286, 0.00000, 1.00000, },
				{ -0.95429, -0.29887, -0.00000, 0.00000, 0.29887, -0.95429, -0.00000, 0.00000, -0.00000, -0.00000, 1.00000, 0.00000, -11.45569, 7.90286, 0.00000, 1.00000, },
				{ 0.29887, -0.95429, 0.00000, 0.00000, 0.95429, 0.29887, -0.00000, 0.00000, -0.00000, 0.00000, 1.00000, 0.00000, -11.45569, 6.40286, 0.00000, 1.00000, },
			},
		},
	},
}
--End Generated

function data()
	return townbuildingutil.make_building2(
		{ { -4.60, -0.10 }, { 4.60, -0.10 }, { 4.60, 9.10 }, { -4.60, 9.10 } },
		"RESIDENTIAL", 
		"B", 
		1,
		{ 4, 4 },
		generatedData,
		"construction/building/era_b/res_1_4x4_04.gtex"
	)
end
