local townbuildingutil = require "townbuildingutil"

--Model file: "building/era_b/res_1_3x4_01.mdl"

--Begin Generated
local generatedData = {
	["base"] = {
		models = {
			["building/era_b/res_1_3x4_01.mdl"] = {
				{ 1.00000, 0.00000, 0.00000, 0.00000, 0.00000, 1.00000, 0.00000, 0.00000, 0.00000, 0.00000, 1.00000, 0.00000, 0.00000, -3.80000, 0.00000, 1.00000, },
			},
		},
		curves = {
			["scaffold"] = {
				{ { -4.57672, 3.64201, 0.00000 }, { -4.57672, 3.64201, 0.00000 }, { -4.57672, 4.27276, 0.00000 }, { -4.57672, 4.27276, 0.00000 }, { -4.57672, 4.27276, 0.00000 }, { 4.89429, 4.27276, 0.00000 }, { 4.89429, 4.27276, 0.00000 }, { 4.89429, 4.27276, 0.00000 }, { 4.89441, 12.52241, 0.00000 }, { 4.89441, 12.52241, 0.00000 }, { 4.89441, 12.52241, 0.00000 }, { -4.96609, 12.52241, 0.00000 }, { -4.96609, 12.52241, 0.00000 }, { -4.96609, 12.52241, 0.00000 }, { -4.96609, 10.96451, 0.00000 }, { -4.96609, 10.96451, 0.00000 }, { -4.96609, 10.96451, 0.00000 }, { -6.40421, 10.96451, 0.00000 }, { -6.40421, 10.96451, 0.00000 }, { -6.40421, 10.96451, 0.00000 }, { -6.40417, 5.70804, 0.00000 }, { -6.40417, 5.70804, 0.00000 }, { -6.40417, 5.70804, 0.00000 }, { -5.97675, 5.70804, 0.00000 }, { -5.97675, 5.70804, 0.00000 }, { -5.97675, 5.70804, 0.00000 }, { -5.97675, 3.64201, 0.00000 }, { -5.97675, 3.64201, 0.00000 }, },
			},
			["shared/asphalt_01.gtex.lua;shared/dirt.gtex.lua"] = {
				{ { 5.75311, 3.43415, -0.00004 }, { 5.75311, 3.43415, -0.00004 }, { 5.75311, 7.43694, -0.00004 }, { 5.75311, 7.43694, -0.00004 }, { 5.75311, 7.43694, -0.00004 }, { 5.30353, 7.43694, -0.00004 }, { 5.30353, 7.43694, -0.00004 }, { 5.30353, 7.43694, -0.00004 }, { 5.30353, 9.27708, -0.00003 }, { 5.30353, 9.27708, -0.00003 }, { 5.30353, 9.27708, -0.00003 }, { 5.74384, 9.27708, -0.00004 }, { 5.74384, 9.27708, -0.00004 }, { 5.74384, 9.27708, -0.00004 }, { 5.74384, 13.27987, -0.00003 }, { 5.74384, 13.27988, -0.00003 }, { 5.74383, 13.27988, -0.00003 }, { 2.00617, 13.27988, -0.00000 }, { 2.00616, 13.27988, -0.00000 }, { 2.00616, 13.27988, -0.00000 }, { 2.00616, 12.83157, 0.00001 }, { 2.00616, 12.83157, 0.00001 }, { 2.00616, 12.83157, 0.00001 }, { -1.88202, 12.83157, -0.00003 }, { -1.88202, 12.83157, -0.00003 }, { -1.88202, 12.83157, -0.00003 }, { -1.88202, 13.27988, -0.00004 }, { -1.88202, 13.27988, -0.00004 }, { -1.88202, 13.27988, -0.00004 }, { -5.61969, 13.27988, 0.00000 }, { -5.61969, 13.27988, 0.00000 }, { -5.61969, 13.27988, 0.00000 }, { -5.61969, 11.56450, -0.00001 }, { -5.61969, 11.56450, -0.00001 }, { -5.61969, 11.56450, -0.00001 }, { -7.03888, 11.56450, -0.00000 }, { -7.03888, 11.56450, -0.00000 }, { -7.03888, 11.56450, -0.00000 }, { -7.03888, 0.00000, -0.00000 }, { -7.03888, 0.00000, 0.00000 }, { -7.03888, 0.00000, 0.00000 }, { -1.88141, 0.00000, 0.00000 }, { -1.88141, 0.00000, 0.00000 }, { -1.88141, 0.00000, -0.00000 }, { -1.88141, 3.96360, -0.00004 }, { -1.88141, 3.96360, -0.00004 }, { -1.88141, 3.96360, -0.00004 }, { 2.01544, 3.96360, 0.00001 }, { 2.01544, 3.96360, 0.00001 }, { 2.01544, 3.96360, 0.00001 }, { 2.01541, 3.43414, 0.00000 }, { 2.01541, 3.43414, 0.00000 }, },
			},
			["shared/grass_cutted_01.gtex.lua"] = {
				{ { 12.00000, 0.00000, 0.00000 }, { 12.00000, 0.00001, 0.00000 }, { 12.00000, 31.99999, 0.00000 }, { 12.00000, 32.00000, 0.00000 }, { 12.00000, 32.00000, 0.00000 }, { -12.00000, 32.00000, 0.00000 }, { -12.00000, 32.00000, 0.00000 }, { -12.00000, 31.99999, 0.00000 }, { -12.00000, 0.00001, 0.00000 }, { -12.00000, 0.00000, 0.00000 }, { -12.00000, 0.00000, -0.00000 }, { -7.03888, 0.00000, -0.00000 }, { -7.03888, 0.00000, -0.00000 }, { -7.03888, 0.00000, -0.00000 }, { -7.03888, 15.00000, -0.00000 }, { -7.03888, 15.00000, 0.00000 }, { -7.03888, 15.00000, 0.00000 }, { -1.00000, 15.00000, 0.00000 }, { -1.00000, 15.00000, 0.00000 }, { -1.00000, 15.00000, 0.00000 }, { -1.00000, 20.00000, 0.00000 }, { -1.00000, 20.00000, 0.00000 }, { -1.00000, 20.00000, 0.00000 }, { -5.00000, 20.00000, 0.00000 }, { -5.00000, 20.00000, 0.00000 }, { -5.00000, 20.00000, 0.00000 }, { -5.00000, 28.90000, 0.00000 }, { -5.00000, 28.90000, 0.00000 }, { -5.00000, 28.90000, 0.00000 }, { 3.00000, 28.90000, 0.00000 }, { 3.00000, 28.90000, 0.00000 }, { 3.00000, 28.90000, 0.00000 }, { 5.44998, 26.85000, 0.00000 }, { 5.44998, 26.85000, 0.00000 }, { 5.44998, 26.85000, 0.00000 }, { 6.05002, 23.90000, 0.00000 }, { 6.05002, 23.90000, 0.00000 }, { 6.05002, 23.90000, 0.00000 }, { 4.80002, 20.95000, 0.00000 }, { 4.80002, 20.95000, 0.00000 }, { 4.80002, 20.95000, 0.00000 }, { 2.00000, 20.00000, 0.00000 }, { 2.00000, 20.00000, 0.00000 }, { 2.00000, 20.00000, 0.00000 }, { 2.00000, 15.00000, 0.00000 }, { 2.00000, 15.00000, 0.00000 }, { 2.00000, 15.00000, 0.00000 }, { 7.50000, 15.00000, 0.00000 }, { 7.50000, 15.00000, 0.00000 }, { 7.50000, 15.00000, 0.00000 }, { 7.50000, 1.50000, 0.00000 }, { 7.50000, 1.50000, 0.00000 }, { 7.50000, 1.50000, 0.00000 }, { -1.88141, 1.50000, 0.00000 }, { -1.88141, 1.50000, 0.00000 }, { -1.88141, 1.50000, 0.00000 }, { -1.88141, 0.00000, 0.00000 }, { -1.88141, 0.00000, 0.00000 }, },
			},
			["shared/gravel_02.gtex.lua"] = {
				{ { -1.88141, 1.50000, 0.00000 }, { -1.88141, 1.50000, 0.00000 }, { 7.50000, 1.50000, 0.00000 }, { 7.50000, 1.50000, 0.00000 }, { 7.50000, 1.50000, 0.00000 }, { 7.50000, 15.00000, 0.00000 }, { 7.50000, 15.00000, 0.00000 }, { 7.50000, 15.00000, 0.00000 }, { 2.00000, 15.00000, 0.00000 }, { 2.00000, 15.00000, 0.00000 }, { 2.00000, 15.00000, 0.00000 }, { 2.00000, 20.00000, 0.00000 }, { 2.00000, 20.00000, 0.00000 }, { 2.00000, 20.00000, 0.00000 }, { 4.80002, 20.95000, 0.00000 }, { 4.80002, 20.95000, 0.00000 }, { 4.80002, 20.95000, 0.00000 }, { 6.05002, 23.90000, 0.00000 }, { 6.05002, 23.90000, 0.00000 }, { 6.05002, 23.90000, 0.00000 }, { 5.44998, 26.85000, 0.00000 }, { 5.44998, 26.85000, 0.00000 }, { 5.44998, 26.85000, 0.00000 }, { 3.00000, 28.90000, 0.00000 }, { 3.00000, 28.90000, 0.00000 }, { 3.00000, 28.90000, 0.00000 }, { -5.00000, 28.90000, 0.00000 }, { -5.00000, 28.90000, 0.00000 }, { -5.00000, 28.90000, 0.00000 }, { -5.00000, 20.00000, 0.00000 }, { -5.00000, 20.00000, 0.00000 }, { -5.00000, 20.00000, 0.00000 }, { -1.00000, 20.00000, 0.00000 }, { -1.00000, 20.00000, 0.00000 }, { -1.00000, 20.00000, 0.00000 }, { -1.00000, 15.00000, 0.00000 }, { -1.00000, 15.00000, 0.00000 }, { -1.00000, 15.00000, 0.00000 }, { -7.03888, 15.00000, 0.00000 }, { -7.03888, 15.00000, 0.00000 }, { -7.03888, 15.00000, -0.00000 }, { -7.03888, 11.56450, -0.00000 }, { -7.03888, 11.56450, -0.00000 }, { -7.03888, 11.56450, -0.00000 }, { -5.61969, 11.56450, -0.00001 }, { -5.61969, 11.56450, -0.00001 }, { -5.61969, 11.56450, -0.00001 }, { -5.61969, 13.27988, 0.00000 }, { -5.61969, 13.27988, 0.00000 }, { -5.61969, 13.27988, 0.00000 }, { -1.88202, 13.27988, -0.00004 }, { -1.88202, 13.27988, -0.00004 }, { -1.88202, 13.27988, -0.00004 }, { -1.88202, 12.83157, -0.00003 }, { -1.88202, 12.83157, -0.00003 }, { -1.88202, 12.83157, -0.00003 }, { 2.00616, 12.83157, 0.00001 }, { 2.00616, 12.83157, 0.00001 }, { 2.00616, 12.83157, 0.00001 }, { 2.00616, 13.27988, -0.00000 }, { 2.00616, 13.27988, -0.00000 }, { 2.00617, 13.27988, -0.00000 }, { 5.74383, 13.27988, -0.00003 }, { 5.74384, 13.27988, -0.00003 }, { 5.74384, 13.27987, -0.00003 }, { 5.74384, 9.27708, -0.00004 }, { 5.74384, 9.27708, -0.00004 }, { 5.74384, 9.27708, -0.00004 }, { 5.30353, 9.27708, -0.00003 }, { 5.30353, 9.27708, -0.00003 }, { 5.30353, 9.27708, -0.00003 }, { 5.30353, 7.43694, -0.00004 }, { 5.30353, 7.43694, -0.00004 }, { 5.30353, 7.43694, -0.00004 }, { 5.75311, 7.43694, -0.00004 }, { 5.75311, 7.43694, -0.00004 }, { 5.75311, 7.43694, -0.00004 }, { 5.75311, 3.43415, -0.00004 }, { 5.75311, 3.43415, -0.00004 }, { 5.75311, 3.43415, -0.00004 }, { 2.01541, 3.43414, 0.00000 }, { 2.01541, 3.43414, 0.00000 }, { 2.01541, 3.43414, 0.00000 }, { 2.01544, 3.96360, 0.00001 }, { 2.01544, 3.96360, 0.00001 }, { 2.01544, 3.96360, 0.00001 }, { -1.88141, 3.96360, -0.00004 }, { -1.88141, 3.96360, -0.00004 }, },
			},
		},
	},
	["layout_1"] = {
		models = {
			["asset/ground/container_small_steel.mdl"] = {
				{ 1.00000, 0.00000, 0.00000, 0.00000, 0.00000, 1.00000, 0.00000, 0.00000, 0.00000, 0.00000, 1.00000, 0.00000, 4.63649, 16.09000, -0.00000, 1.00000, ignore = { 6, 256 }, },
			},
			["asset/ground/container_wood.mdl"] = {
				{ -1.00000, 0.00000, 0.00000, 0.00000, -0.00000, -1.00000, 0.00000, 0.00000, 0.00000, 0.00000, 1.00000, 0.00000, -3.15000, 21.45000, 0.00000, 1.00000, ignore = { 4, 50 }, },
			},
			["asset/vegetation/hedge_m.mdl"] = {
				{ 0.00000, 1.00000, 0.00000, 0.00000, -1.00000, 0.00000, 0.00000, 0.00000, -0.00000, -0.00000, 1.00000, 0.00000, 8.03893, 0.69393, -0.20000, 1.00000, },
				{ 0.00000, -1.00000, 0.00000, 0.00000, 1.00000, 0.00000, -0.00000, 0.00000, -0.00000, 0.00000, 1.00000, 0.00000, -8.68107, 0.69393, -0.20000, 1.00000, },
				{ 0.00000, -1.00000, 0.00000, 0.00000, 1.00000, 0.00000, -0.00000, 0.00000, -0.00000, 0.00000, 1.00000, 0.00000, 0.36893, 0.69393, -0.20000, 1.00000, },
				{ 0.00000, -1.00000, 0.00000, 0.00000, 1.00000, 0.00000, -0.00000, 0.00000, -0.00000, 0.00000, 1.00000, 0.00000, 3.98893, 0.69393, -0.20000, 1.00000, },
				{ 0.00000, -1.00000, 0.00000, 0.00000, 1.00000, 0.00000, -0.00000, 0.00000, -0.00000, 0.00000, 1.00000, 0.00000, 2.71893, 0.69393, -0.20000, 1.00000, },
				{ 0.00000, -1.00000, 0.00000, 0.00000, 1.00000, 0.00000, -0.00000, 0.00000, -0.00000, 0.00000, 1.00000, 0.00000, -10.85107, 0.69393, -0.20000, 1.00000, },
				{ 0.00000, -1.00000, 0.00000, 0.00000, 1.00000, 0.00000, -0.00000, 0.00000, -0.00000, 0.00000, 1.00000, 0.00000, -7.35107, 0.69393, -0.20000, 1.00000, },
				{ 0.00000, -1.00000, 0.00000, 0.00000, 1.00000, 0.00000, -0.00000, 0.00000, -0.00000, 0.00000, 1.00000, 0.00000, 5.29893, 0.69393, -0.20000, 1.00000, },
				{ 0.00000, -1.00000, 0.00000, 0.00000, 1.00000, 0.00000, -0.00000, 0.00000, -0.00000, 0.00000, 1.00000, 0.00000, 9.65893, 0.69393, -0.20000, 1.00000, },
				{ 0.00000, 1.00000, 0.00000, 0.00000, -1.00000, 0.00000, 0.00000, 0.00000, -0.00000, -0.00000, 1.00000, 0.00000, -9.85107, 0.69393, -0.20000, 1.00000, },
				{ 0.00000, 1.00000, 0.00000, 0.00000, -1.00000, 0.00000, 0.00000, 0.00000, -0.00000, -0.00000, 1.00000, 0.00000, -0.95107, 0.69393, -0.20000, 1.00000, },
				{ 0.00000, 1.00000, 0.00000, 0.00000, -1.00000, 0.00000, 0.00000, 0.00000, -0.00000, -0.00000, 1.00000, 0.00000, 1.59893, 0.69393, -0.20000, 1.00000, },
				{ 1.00000, -0.00000, 0.00000, 0.00000, 0.00000, 1.00000, -0.00000, 0.00000, -0.00000, 0.00000, 1.00000, 0.00000, -11.34536, 1.19964, -0.20000, 1.00000, },
				{ 0.00000, 1.00000, 0.00000, 0.00000, -1.00000, 0.00000, 0.00000, 0.00000, -0.00000, -0.00000, 1.00000, 0.00000, 6.53893, 0.69393, -0.20000, 1.00000, },
				{ 0.00000, 1.00000, 0.00000, 0.00000, -1.00000, 0.00000, 0.00000, 0.00000, -0.00000, -0.00000, 1.00000, 0.00000, 10.99893, 0.69393, -0.20000, 1.00000, },
			},
		},
		groups = {
			["era_a_garden_bench.grp"] = {
				{ 0.00000, 1.00000, 0.00000, 0.00000, -1.00000, 0.00000, 0.00000, 0.00000, -0.00000, -0.00000, 1.00000, 0.00000, 4.81000, 8.37000, 0.00000, 1.00000, ignore = { 3, 25 }, },
			},
			["era_a_garden_ladder.grp"] = {
				{ 0.87798, -0.47869, 0.00000, 0.00000, 0.47869, 0.87798, 0.00000, 0.00000, 0.00000, 0.00000, 1.00000, 0.00000, 7.40000, 17.68000, 0.00000, 1.00000, ignore = { 6, 256 }, },
			},
			["era_b_garden_chair.grp"] = {
				{ -0.99970, -0.02443, -0.00000, 0.00000, 0.02443, -0.99970, 0.00000, 0.00000, -0.00000, 0.00000, 1.00000, 0.00000, 2.58000, 23.83000, 0.00000, 1.00000, seed = 256, },
				{ 0.96593, 0.25882, 0.00000, 0.00000, -0.25882, 0.96593, 0.00000, 0.00000, 0.00000, 0.00000, 1.00000, 0.00000, 1.46000, 25.41000, 0.00000, 1.00000, seed = 256, },
				{ 0.96316, -0.26892, 0.00000, 0.00000, 0.26892, 0.96316, 0.00000, 0.00000, 0.00000, 0.00000, 1.00000, 0.00000, 2.64000, 25.29000, 0.00000, 1.00000, seed = 256, },
				{ -0.99970, -0.02443, -0.00000, 0.00000, 0.02443, -0.99970, 0.00000, 0.00000, -0.00000, 0.00000, 1.00000, 0.00000, 1.56000, 23.71000, 0.00000, 1.00000, seed = 256, },
			},
			["era_b_garden_swing.grp"] = {
				{ 0.72897, 0.68455, 0.00000, 0.00000, -0.68455, 0.72897, 0.00000, 0.00000, 0.00000, 0.00000, 1.00000, 0.00000, -3.18000, 26.98000, 0.00000, 1.00000, ignore = { 2, 25 }, },
			},
			["era_b_garden_table.grp"] = {
				{ 1.00000, 0.00000, 0.00000, 0.00000, 0.00000, 1.00000, 0.00000, 0.00000, 0.00000, 0.00000, 1.00000, 0.00000, 2.11000, 24.51497, 0.00000, 1.00000, seed = 256, },
			},
			["era_b_sunshade_large.grp"] = {
				{ 0.35837, 0.93358, 0.00000, 0.00000, -0.93358, 0.35837, 0.00000, 0.00000, 0.00000, 0.00000, 1.00000, 0.00000, 2.11000, 24.51497, 0.00000, 1.00000, ignore = { 5, 25 }, },
			},
			["random_large_tree_town.grp"] = {
				{ 0.49242, -0.87036, 0.00000, 0.00000, 0.87036, 0.49242, 0.00000, 0.00000, 0.00000, 0.00000, 1.00000, 0.00000, -8.80000, 29.85000, 0.00000, 1.00000, },
				{ -0.70711, 0.70711, 0.00000, 0.00000, -0.70711, -0.70711, 0.00000, 0.00000, 0.00000, 0.00000, 1.00000, 0.00000, 11.05000, 28.05000, 0.00000, 1.00000, },
				{ 0.63590, -0.38815, 0.00000, 0.00000, 0.38815, 0.63590, 0.00000, 0.00000, 0.00000, 0.00000, 0.74500, 0.00000, 8.25000, 30.55000, 0.00000, 1.00000, },
			},
			["random_medium_tree_town.grp"] = {
				{ 0.77420, 0.20154, 0.00000, 0.00000, -0.20154, 0.77420, 0.00000, 0.00000, 0.00000, 0.00000, 0.80000, 0.00000, 6.11319, 29.65000, 0.00000, 1.00000, },
				{ -0.15825, -0.78419, 0.00000, 0.00000, 0.78419, -0.15825, 0.00000, 0.00000, 0.00000, 0.00000, 0.80000, 0.00000, 0.91319, 30.60000, 0.00000, 1.00000, },
				{ -0.90000, -0.00143, 0.00000, 0.00000, 0.00143, -0.90000, 0.00000, 0.00000, 0.00000, 0.00000, 0.90000, 0.00000, 5.41320, 19.45000, 0.00000, 1.00000, },
				{ -0.20273, -0.97923, 0.00000, 0.00000, 0.97923, -0.20273, 0.00000, 0.00000, 0.00000, 0.00000, 1.00000, 0.00000, 8.70919, 24.35000, 0.00000, 1.00000, },
				{ 0.70653, -0.30574, 0.00000, 0.00000, 0.30574, 0.70653, -0.00000, 0.00000, -0.00000, 0.00000, 0.76985, 0.00000, -10.26000, 25.61000, 0.00000, 1.00000, },
				{ 0.16531, 0.75189, 0.00000, 0.00000, -0.75189, 0.16531, -0.00000, 0.00000, -0.00000, -0.00000, 0.76985, 0.00000, -5.46000, 30.11000, 0.00000, 1.00000, },
			},
			["random_shrub_town.grp"] = {
				{ 1.00000, 0.00000, 0.00000, 0.00000, 0.00000, 1.00000, 0.00000, 0.00000, 0.00000, 0.00000, 1.00000, 0.00000, -4.48000, 19.25000, 0.00000, 1.00000, },
				{ -0.24531, 0.96945, 0.00000, 0.00000, -0.96945, -0.24531, 0.00000, 0.00000, 0.00000, 0.00000, 1.00000, 0.00000, -2.09000, 19.02000, 0.00000, 1.00000, },
				{ 0.96222, -0.27228, 0.00000, 0.00000, 0.27228, 0.96222, 0.00000, 0.00000, 0.00000, 0.00000, 1.00000, 0.00000, -4.27000, 15.61000, 0.00000, 1.00000, },
				{ -0.87292, -0.48786, 0.00000, 0.00000, 0.48786, -0.87292, 0.00000, 0.00000, 0.00000, 0.00000, 1.00000, 0.00000, -5.51000, 17.18000, 0.00000, 1.00000, },
				{ 0.06279, 0.99803, 0.00000, 0.00000, -0.99803, 0.06279, 0.00000, 0.00000, 0.00000, 0.00000, 1.00000, 0.00000, -3.29000, 17.18000, 0.00000, 1.00000, },
				{ -0.87292, -0.48786, 0.00000, 0.00000, 0.48786, -0.87292, 0.00000, 0.00000, 0.00000, 0.00000, 1.00000, 0.00000, -1.21000, 17.26000, 0.00000, 1.00000, },
				{ -0.80902, -0.58779, 0.00000, 0.00000, 0.58779, -0.80902, 0.00000, 0.00000, 0.00000, 0.00000, 1.00000, 0.00000, -1.76000, 15.56000, 0.00000, 1.00000, },
			},
			["random_shrub_town_fence.grp"] = {
				{ 0.95429, 0.29887, 0.00000, 0.00000, -0.29887, 0.95429, -0.00000, 0.00000, -0.00000, -0.00000, 1.00000, 0.00000, -11.15571, 9.40286, 0.00000, 1.00000, },
				{ 0.95429, 0.29887, 0.00000, 0.00000, -0.29887, 0.95429, -0.00000, 0.00000, -0.00000, -0.00000, 1.00000, 0.00000, 10.99429, 9.40286, 0.00000, 1.00000, },
				{ 0.95429, 0.29887, 0.00000, 0.00000, -0.29887, 0.95429, -0.00000, 0.00000, -0.00000, -0.00000, 1.00000, 0.00000, 10.99429, 18.85286, 0.00000, 1.00000, },
				{ -0.20316, -0.97914, -0.00000, 0.00000, 0.97914, -0.20316, -0.00000, 0.00000, -0.00000, -0.00000, 1.00000, 0.00000, -11.11572, 11.10286, 0.00000, 1.00000, },
				{ -0.20316, -0.97914, -0.00000, 0.00000, 0.97914, -0.20316, -0.00000, 0.00000, -0.00000, -0.00000, 1.00000, 0.00000, 11.03429, 11.10286, 0.00000, 1.00000, },
				{ -0.20316, -0.97914, -0.00000, 0.00000, 0.97914, -0.20316, -0.00000, 0.00000, -0.00000, -0.00000, 1.00000, 0.00000, 11.03429, 20.55286, 0.00000, 1.00000, },
				{ -0.97014, -0.24256, -0.00000, 0.00000, 0.24256, -0.97014, -0.00000, 0.00000, -0.00000, -0.00000, 1.00000, 0.00000, -11.21571, 6.41286, 0.00000, 1.00000, },
				{ -0.97014, -0.24256, -0.00000, 0.00000, 0.24256, -0.97014, -0.00000, 0.00000, -0.00000, -0.00000, 1.00000, 0.00000, 10.93428, 6.41286, 0.00000, 1.00000, },
				{ -0.97014, -0.24256, -0.00000, 0.00000, 0.24256, -0.97014, -0.00000, 0.00000, -0.00000, -0.00000, 1.00000, 0.00000, 10.93428, 15.86286, 0.00000, 1.00000, },
				{ 0.68861, 0.72513, 0.00000, 0.00000, -0.72513, 0.68861, -0.00000, 0.00000, -0.00000, -0.00000, 1.00000, 0.00000, -11.08572, 7.90286, 0.00000, 1.00000, },
				{ 0.68861, 0.72513, 0.00000, 0.00000, -0.72513, 0.68861, -0.00000, 0.00000, -0.00000, -0.00000, 1.00000, 0.00000, 11.06428, 7.90286, 0.00000, 1.00000, },
				{ 0.68861, 0.72513, 0.00000, 0.00000, -0.72513, 0.68861, -0.00000, 0.00000, -0.00000, -0.00000, 1.00000, 0.00000, 11.06428, 17.35286, 0.00000, 1.00000, },
				{ 0.24256, -0.97014, 0.00000, 0.00000, 0.97014, 0.24256, -0.00000, 0.00000, 0.00000, 0.00000, 1.00000, 0.00000, -11.21572, 5.41286, 0.00000, 1.00000, },
				{ 0.24256, -0.97014, 0.00000, 0.00000, 0.97014, 0.24256, -0.00000, 0.00000, 0.00000, 0.00000, 1.00000, 0.00000, 10.93428, 5.41286, 0.00000, 1.00000, },
				{ 0.24256, -0.97014, 0.00000, 0.00000, 0.97014, 0.24256, -0.00000, 0.00000, 0.00000, 0.00000, 1.00000, 0.00000, -11.21572, 14.86286, 0.00000, 1.00000, },
				{ 0.24256, -0.97014, 0.00000, 0.00000, 0.97014, 0.24256, -0.00000, 0.00000, 0.00000, 0.00000, 1.00000, 0.00000, 10.93428, 14.86286, 0.00000, 1.00000, },
				{ 0.97014, 0.24256, 0.00000, 0.00000, -0.24256, 0.97014, -0.00000, 0.00000, -0.00000, -0.00000, 1.00000, 0.00000, -11.21572, 4.41286, 0.00000, 1.00000, },
				{ 0.97014, 0.24256, 0.00000, 0.00000, -0.24256, 0.97014, -0.00000, 0.00000, -0.00000, -0.00000, 1.00000, 0.00000, 10.93428, 4.41286, 0.00000, 1.00000, },
				{ 0.97014, 0.24256, 0.00000, 0.00000, -0.24256, 0.97014, -0.00000, 0.00000, -0.00000, -0.00000, 1.00000, 0.00000, 10.93428, 1.36286, 0.00000, 1.00000, },
				{ 0.97014, 0.24256, 0.00000, 0.00000, -0.24256, 0.97014, -0.00000, 0.00000, -0.00000, -0.00000, 1.00000, 0.00000, 10.93428, 13.86286, 0.00000, 1.00000, },
				{ 0.97014, 0.24256, 0.00000, 0.00000, -0.24256, 0.97014, -0.00000, 0.00000, -0.00000, -0.00000, 1.00000, 0.00000, -11.26571, 2.91286, 0.00000, 1.00000, },
				{ 0.97014, 0.24256, 0.00000, 0.00000, -0.24256, 0.97014, -0.00000, 0.00000, -0.00000, -0.00000, 1.00000, 0.00000, 10.88428, 2.91286, 0.00000, 1.00000, },
				{ 0.97014, 0.24256, 0.00000, 0.00000, -0.24256, 0.97014, -0.00000, 0.00000, -0.00000, -0.00000, 1.00000, 0.00000, -11.26571, 12.36286, 0.00000, 1.00000, },
				{ 0.97014, 0.24256, 0.00000, 0.00000, -0.24256, 0.97014, -0.00000, 0.00000, -0.00000, -0.00000, 1.00000, 0.00000, 10.88428, 12.36286, 0.00000, 1.00000, },
				{ -0.56883, 0.82246, -0.00000, 0.00000, -0.82246, -0.56883, -0.00000, 0.00000, -0.00000, -0.00000, 1.00000, 0.00000, 2.70000, 18.71000, 0.00000, 1.00000, },
				{ -0.56883, 0.82246, -0.00000, 0.00000, -0.82246, -0.56883, -0.00000, 0.00000, -0.00000, -0.00000, 1.00000, 0.00000, 3.02000, 19.67000, 0.00000, 1.00000, },
				{ 0.00645, -0.99998, 0.00000, 0.00000, 0.99998, 0.00645, -0.00000, 0.00000, -0.00000, 0.00000, 1.00000, 0.00000, 4.12000, 20.41000, 0.00000, 1.00000, },
				{ 0.97460, -0.22395, 0.00000, 0.00000, 0.22395, 0.97460, -0.00000, 0.00000, -0.00000, 0.00000, 1.00000, 0.00000, 5.26000, 21.30000, 0.00000, 1.00000, },
				{ -0.06672, -0.99777, -0.00000, 0.00000, 0.99777, -0.06672, -0.00000, 0.00000, -0.00000, -0.00000, 1.00000, 0.00000, 6.04000, 22.61000, 0.00000, 1.00000, },
				{ 0.28973, 0.95711, 0.00000, 0.00000, -0.95711, 0.28973, -0.00000, 0.00000, -0.00000, 0.00000, 1.00000, 0.00000, 6.47000, 23.93000, 0.00000, 1.00000, },
				{ 0.14241, 0.98981, 0.00000, 0.00000, -0.98981, 0.14241, -0.00000, 0.00000, -0.00000, 0.00000, 1.00000, 0.00000, 6.38000, 25.58000, 0.00000, 1.00000, },
				{ 0.51090, 0.85964, 0.00000, 0.00000, -0.85964, 0.51090, -0.00000, 0.00000, -0.00000, 0.00000, 1.00000, 0.00000, 5.84000, 26.98000, 0.00000, 1.00000, },
				{ -0.06742, 0.99772, -0.00000, 0.00000, -0.99772, -0.06742, -0.00000, 0.00000, -0.00000, -0.00000, 1.00000, 0.00000, 4.97000, 28.09000, 0.00000, 1.00000, },
				{ 0.52648, -0.85019, 0.00000, 0.00000, 0.85019, 0.52648, -0.00000, 0.00000, -0.00000, 0.00000, 1.00000, 0.00000, 3.76000, 28.77000, 0.00000, 1.00000, },
				{ -0.47880, 0.87792, -0.00000, 0.00000, -0.87792, -0.47880, -0.00000, 0.00000, -0.00000, -0.00000, 1.00000, 0.00000, 2.79000, 29.31000, 0.00000, 1.00000, },
				{ -0.70614, -0.70807, -0.00000, 0.00000, 0.70807, -0.70614, -0.00000, 0.00000, -0.00000, -0.00000, 1.00000, 0.00000, 1.24000, 29.47000, 0.00000, 1.00000, },
				{ -0.88359, 0.46827, -0.00000, 0.00000, -0.46827, -0.88359, -0.00000, 0.00000, -0.00000, -0.00000, 1.00000, 0.00000, -0.16000, 29.47000, 0.00000, 1.00000, },
				{ 0.94507, 0.32686, 0.00000, 0.00000, -0.32686, 0.94507, -0.00000, 0.00000, -0.00000, 0.00000, 1.00000, 0.00000, -2.06000, 29.47000, 0.00000, 1.00000, },
				{ -0.53992, 0.84172, -0.00000, 0.00000, -0.84172, -0.53992, -0.00000, 0.00000, -0.00000, -0.00000, 1.00000, 0.00000, -3.86000, 29.47000, 0.00000, 1.00000, },
				{ 0.16488, -0.98631, 0.00000, 0.00000, 0.98631, 0.16488, -0.00000, 0.00000, 0.00000, 0.00000, 1.00000, 0.00000, 2.70000, 17.71000, 0.00000, 1.00000, },
				{ -0.99654, -0.08312, -0.00000, 0.00000, 0.08312, -0.99654, 0.00000, 0.00000, -0.00000, 0.00000, 1.00000, 0.00000, 2.70000, 16.71000, 0.00000, 1.00000, },
				{ -0.91622, 0.40067, -0.00000, 0.00000, -0.40067, -0.91622, 0.00000, 0.00000, -0.00000, 0.00000, 1.00000, 0.00000, 2.70000, 15.71000, 0.00000, 1.00000, },
			},
		},
	},
}
--End Generated

function data()
	return townbuildingutil.make_building2(
		{ { -4.60, -0.10 }, { 4.60, -0.10 }, { 4.60, 9.10 }, { -4.60, 9.10 } },
		"RESIDENTIAL", 
		"B", 
		1,
		{ 3, 4 },
		generatedData,
		"construction/building/era_b/res_1_3x4_01.gtex"
	)
end
