local townbuildingutil = require "townbuildingutil"

--Model file: "building/era_b/res_1_3x3_02.mdl"

--Begin Generated
local generatedData = {
	["base"] = {
		models = {
			["building/era_b/res_1_3x3_02.mdl"] = {
				{ 1.00000, 0.00000, 0.00000, 0.00000, 0.00000, 1.00000, 0.00000, 0.00000, 0.00000, 0.00000, 1.00000, 0.00000, 0.00000, 0.00000, 0.00000, 1.00000, },
			},
		},
		curves = {
			["scaffold"] = {
				{ { 0.76848, 3.06254, 0.00000 }, { 0.76848, 3.06254, 0.00000 }, { 0.76848, 4.47549, 0.00000 }, { 0.76848, 4.47549, 0.00000 }, { 0.76848, 4.47549, 0.00000 }, { 3.56998, 4.47549, 0.00000 }, { 3.56998, 4.47549, 0.00000 }, { 3.56998, 4.47550, 0.00000 }, { 3.56998, 14.48877, 0.00000 }, { 3.56998, 14.48878, 0.00000 }, { 3.56998, 14.48878, 0.00000 }, { -4.19582, 14.48877, 0.00000 }, { -4.19582, 14.48877, 0.00000 }, { -4.19582, 14.48877, 0.00000 }, { -4.19569, 4.47550, 0.00000 }, { -4.19569, 4.47550, 0.00000 }, { -4.19569, 4.47550, 0.00000 }, { -3.67804, 4.47550, 0.00000 }, { -3.67804, 4.47550, 0.00000 }, { -3.67804, 4.47550, 0.00000 }, { -3.67804, 3.06254, 0.00000 }, { -3.67804, 3.06254, 0.00000 }, },
			},
			["shared/asphalt_01.gtex.lua;shared/dirt.gtex.lua"] = {
				{ { 4.18713, -0.00000, 0.00000 }, { 4.18713, 0.00000, 0.00000 }, { 4.18713, 15.20593, 0.00000 }, { 4.18713, 15.20593, 0.00000 }, { 4.18713, 15.20593, 0.00000 }, { -4.81287, 15.20593, 0.00000 }, { -4.81287, 15.20593, 0.00000 }, { -4.81287, 15.20593, 0.00000 }, { -4.81287, 3.75833, 0.00000 }, { -4.81287, 3.75833, 0.00000 }, { -4.81287, 3.75833, 0.00000 }, { -4.39514, 3.75833, 0.00000 }, { -4.39514, 3.75833, 0.00000 }, { -4.39514, 3.75833, 0.00000 }, { -4.39514, 2.36272, 0.00000 }, { -4.39514, 2.36272, 0.00000 }, { -4.39514, 2.36272, 0.00000 }, { 0.00000, 2.36272, 0.00000 }, { 0.00000, 2.36272, 0.00000 }, { 0.00000, 2.36272, 0.00000 }, { 0.00000, 0.00000, 0.00000 }, { 0.00000, 0.00000, 0.00000 }, },
			},
			["shared/grass_cutted_01.gtex.lua"] = {
				{ { 12.00000, 0.00000, 0.00000 }, { 12.00000, 0.00000, 0.00000 }, { 12.00000, 23.99999, 0.00000 }, { 12.00000, 24.00000, 0.00000 }, { 12.00000, 24.00000, 0.00000 }, { -12.00000, 24.00000, 0.00000 }, { -12.00000, 24.00000, 0.00000 }, { -12.00000, 23.99999, 0.00000 }, { -12.00000, 0.00000, 0.00000 }, { -12.00000, 0.00000, 0.00000 }, { -12.00000, 0.00000, 0.00000 }, { 0.00000, 0.00000, 0.00000 }, { 0.00000, 0.00000, 0.00000 }, { 0.00000, 0.00000, 0.00000 }, { 0.00000, 2.36272, 0.00000 }, { 0.00000, 2.36272, 0.00000 }, { 0.00000, 2.36272, 0.00000 }, { -4.39514, 2.36272, 0.00000 }, { -4.39514, 2.36272, 0.00000 }, { -4.39514, 2.36272, 0.00000 }, { -4.39514, 3.75833, 0.00000 }, { -4.39514, 3.75833, 0.00000 }, { -4.39514, 3.75833, 0.00000 }, { -7.00000, 3.75833, 0.00000 }, { -7.00000, 3.75833, 0.00000 }, { -7.00000, 3.75833, 0.00000 }, { -7.00000, 15.00000, 0.00000 }, { -7.00000, 15.00000, 0.00000 }, { -7.00000, 15.00000, 0.00000 }, { -9.00000, 15.00000, 0.00000 }, { -9.00000, 15.00000, 0.00000 }, { -9.00000, 15.00000, 0.00000 }, { -9.00000, 21.00000, 0.00000 }, { -9.00000, 21.00000, 0.00000 }, { -9.00000, 21.00000, 0.00000 }, { -1.00000, 21.00000, 0.00000 }, { -1.00000, 21.00000, 0.00000 }, { -1.00000, 21.00000, 0.00000 }, { -1.00000, 17.00000, 0.00000 }, { -1.00000, 17.00000, 0.00000 }, { -1.00000, 17.00000, 0.00000 }, { 6.00000, 17.00000, 0.00000 }, { 6.00000, 17.00000, 0.00000 }, { 6.00000, 17.00000, 0.00000 }, { 6.00000, 15.00000, 0.00000 }, { 6.00000, 15.00000, 0.00000 }, { 6.00000, 15.00000, 0.00000 }, { 9.00000, 15.00000, 0.00000 }, { 9.00000, 15.00000, 0.00000 }, { 9.00000, 15.00000, 0.00000 }, { 9.00000, 6.00000, 0.00000 }, { 9.00000, 6.00000, 0.00000 }, { 9.00000, 6.00000, 0.00000 }, { 4.18713, 6.00000, 0.00000 }, { 4.18713, 6.00000, 0.00000 }, { 4.18713, 6.00000, 0.00000 }, { 4.18713, 0.00000, 0.00000 }, { 4.18713, -0.00000, 0.00000 }, },
			},
			["shared/gravel_02.gtex.lua"] = {
				{ { 4.18713, 6.00000, 0.00000 }, { 4.18713, 6.00000, 0.00000 }, { 9.00000, 6.00000, 0.00000 }, { 9.00000, 6.00000, 0.00000 }, { 9.00000, 6.00000, 0.00000 }, { 9.00000, 15.00000, 0.00000 }, { 9.00000, 15.00000, 0.00000 }, { 9.00000, 15.00000, 0.00000 }, { 6.00000, 15.00000, 0.00000 }, { 6.00000, 15.00000, 0.00000 }, { 6.00000, 15.00000, 0.00000 }, { 6.00000, 17.00000, 0.00000 }, { 6.00000, 17.00000, 0.00000 }, { 6.00000, 17.00000, 0.00000 }, { -1.00000, 17.00000, 0.00000 }, { -1.00000, 17.00000, 0.00000 }, { -1.00000, 17.00000, 0.00000 }, { -1.00000, 21.00000, 0.00000 }, { -1.00000, 21.00000, 0.00000 }, { -1.00000, 21.00000, 0.00000 }, { -9.00000, 21.00000, 0.00000 }, { -9.00000, 21.00000, 0.00000 }, { -9.00000, 21.00000, 0.00000 }, { -9.00000, 15.00000, 0.00000 }, { -9.00000, 15.00000, 0.00000 }, { -9.00000, 15.00000, 0.00000 }, { -7.00000, 15.00000, 0.00000 }, { -7.00000, 15.00000, 0.00000 }, { -7.00000, 15.00000, 0.00000 }, { -7.00000, 3.75833, 0.00000 }, { -7.00000, 3.75833, 0.00000 }, { -7.00000, 3.75833, 0.00000 }, { -4.81287, 3.75833, 0.00000 }, { -4.81287, 3.75833, 0.00000 }, },
			},
		},
	},
	["layout_1"] = {
		models = {
			["asset/ground/container_wood.mdl"] = {
				{ -0.00000, -1.00000, 0.00000, 0.00000, 1.00000, -0.00000, 0.00000, 0.00000, 0.00000, 0.00000, 1.00000, 0.00000, -1.94000, 19.28000, 0.00000, 1.00000, },
			},
			["asset/vegetation/hedge_m.mdl"] = {
				{ 0.00000, 1.00000, 0.00000, 0.00000, -1.00000, 0.00000, 0.00000, 0.00000, -0.00000, -0.00000, 1.00000, 0.00000, 7.93893, 0.69393, -0.20000, 1.00000, },
				{ 0.00000, -1.00000, 0.00000, 0.00000, 1.00000, 0.00000, -0.00000, 0.00000, -0.00000, 0.00000, 1.00000, 0.00000, -8.68107, 0.69393, -0.20000, 1.00000, },
				{ -1.00000, -0.00000, -0.00000, 0.00000, 0.00000, -1.00000, -0.00000, 0.00000, -0.00000, -0.00000, 1.00000, 0.00000, -11.34536, 6.47964, -0.20000, 1.00000, },
				{ 0.00000, -1.00000, 0.00000, 0.00000, 1.00000, 0.00000, -0.00000, 0.00000, -0.00000, 0.00000, 1.00000, 0.00000, -4.63107, 0.69393, -0.20000, 1.00000, },
				{ -1.00000, -0.00000, -0.00000, 0.00000, 0.00000, -1.00000, -0.00000, 0.00000, -0.00000, -0.00000, 1.00000, 0.00000, -11.34536, 2.42964, -0.20000, 1.00000, },
				{ 0.00000, -1.00000, 0.00000, 0.00000, 1.00000, 0.00000, -0.00000, 0.00000, -0.00000, 0.00000, 1.00000, 0.00000, -1.01107, 0.69393, -0.20000, 1.00000, },
				{ 0.00000, -1.00000, 0.00000, 0.00000, 1.00000, 0.00000, -0.00000, 0.00000, -0.00000, 0.00000, 1.00000, 0.00000, -2.28107, 0.69393, -0.20000, 1.00000, },
				{ 0.00000, -1.00000, 0.00000, 0.00000, 1.00000, 0.00000, -0.00000, 0.00000, -0.00000, 0.00000, 1.00000, 0.00000, -10.85107, 0.69393, -0.20000, 1.00000, },
				{ -1.00000, -0.00000, -0.00000, 0.00000, 0.00000, -1.00000, -0.00000, 0.00000, -0.00000, -0.00000, 1.00000, 0.00000, -11.34536, 8.64964, -0.20000, 1.00000, },
				{ 0.00000, -1.00000, 0.00000, 0.00000, 1.00000, 0.00000, -0.00000, 0.00000, -0.00000, 0.00000, 1.00000, 0.00000, -7.35107, 0.69393, -0.20000, 1.00000, },
				{ -1.00000, -0.00000, -0.00000, 0.00000, 0.00000, -1.00000, -0.00000, 0.00000, -0.00000, -0.00000, 1.00000, 0.00000, -11.34536, 5.14964, -0.20000, 1.00000, },
				{ 0.00000, -1.00000, 0.00000, 0.00000, 1.00000, 0.00000, -0.00000, 0.00000, -0.00000, 0.00000, 1.00000, 0.00000, 5.19893, 0.69393, -0.20000, 1.00000, },
				{ 0.00000, -1.00000, 0.00000, 0.00000, 1.00000, 0.00000, -0.00000, 0.00000, -0.00000, 0.00000, 1.00000, 0.00000, 9.55893, 0.69393, -0.20000, 1.00000, },
				{ 0.00000, 1.00000, 0.00000, 0.00000, -1.00000, 0.00000, 0.00000, 0.00000, -0.00000, -0.00000, 1.00000, 0.00000, -9.85107, 0.69393, -0.20000, 1.00000, },
				{ 1.00000, -0.00000, 0.00000, 0.00000, 0.00000, 1.00000, -0.00000, 0.00000, -0.00000, 0.00000, 1.00000, 0.00000, -11.34536, 7.64964, -0.20000, 1.00000, },
				{ 0.00000, 1.00000, 0.00000, 0.00000, -1.00000, 0.00000, 0.00000, 0.00000, -0.00000, -0.00000, 1.00000, 0.00000, -5.95107, 0.69393, -0.20000, 1.00000, },
				{ 1.00000, -0.00000, 0.00000, 0.00000, 0.00000, 1.00000, -0.00000, 0.00000, -0.00000, 0.00000, 1.00000, 0.00000, -11.34536, 3.74964, -0.20000, 1.00000, },
				{ 0.00000, 1.00000, 0.00000, 0.00000, -1.00000, 0.00000, 0.00000, 0.00000, -0.00000, -0.00000, 1.00000, 0.00000, -3.40107, 0.69393, -0.20000, 1.00000, },
				{ 1.00000, -0.00000, 0.00000, 0.00000, 0.00000, 1.00000, -0.00000, 0.00000, -0.00000, 0.00000, 1.00000, 0.00000, -11.34536, 1.19964, -0.20000, 1.00000, },
				{ 0.00000, 1.00000, 0.00000, 0.00000, -1.00000, 0.00000, 0.00000, 0.00000, -0.00000, -0.00000, 1.00000, 0.00000, 6.43893, 0.69393, -0.20000, 1.00000, },
				{ 0.00000, 1.00000, 0.00000, 0.00000, -1.00000, 0.00000, 0.00000, 0.00000, -0.00000, -0.00000, 1.00000, 0.00000, 10.89893, 0.69393, -0.20000, 1.00000, },
			},
		},
		groups = {
			["era_a_garden_bench.grp"] = {
				{ -1.00000, 0.00000, -0.00000, 0.00000, -0.00000, -1.00000, 0.00000, 0.00000, -0.00000, 0.00000, 1.00000, 0.00000, -5.86000, 4.22000, 0.00000, 1.00000, ignore = { 3, 25 }, },
			},
			["era_a_garden_ladder.grp"] = {
				{ 0.57928, 0.81513, 0.00000, 0.00000, -0.81513, 0.57928, 0.00000, 0.00000, 0.00000, 0.00000, 1.00000, 0.00000, 8.85000, 19.03000, 0.00000, 1.00000, ignore = { 5, 25 }, },
			},
			["era_b_garden_chair.grp"] = {
				{ 0.96593, 0.25882, 0.00000, 0.00000, -0.25882, 0.96593, 0.00000, 0.00000, 0.00000, 0.00000, 1.00000, 0.00000, 5.66000, 10.11000, 0.00000, 1.00000, seed = 256, },
				{ 0.96316, -0.26892, 0.00000, 0.00000, 0.26892, 0.96316, 0.00000, 0.00000, 0.00000, 0.00000, 1.00000, 0.00000, 6.84000, 9.99000, 0.00000, 1.00000, seed = 256, },
				{ -0.99970, -0.02443, -0.00000, 0.00000, 0.02443, -0.99970, 0.00000, 0.00000, -0.00000, 0.00000, 1.00000, 0.00000, 5.76000, 8.41000, 0.00000, 1.00000, seed = 256, },
				{ -0.99970, -0.02443, -0.00000, 0.00000, 0.02443, -0.99970, 0.00000, 0.00000, -0.00000, 0.00000, 1.00000, 0.00000, 6.78000, 8.53000, 0.00000, 1.00000, seed = 256, },
			},
			["era_b_garden_swing.grp"] = {
				{ 0.12533, 0.99211, 0.00000, 0.00000, -0.99211, 0.12533, 0.00000, 0.00000, 0.00000, 0.00000, 1.00000, 0.00000, -7.23000, 18.60000, 0.00000, 1.00000, ignore = { 4, 25 }, },
			},
			["era_b_garden_table.grp"] = {
				{ 1.00000, 0.00000, 0.00000, 0.00000, 0.00000, 1.00000, 0.00000, 0.00000, 0.00000, 0.00000, 1.00000, 0.00000, 6.31000, 9.21497, 0.00000, 1.00000, seed = 256, },
			},
			["era_b_sunshade_large.grp"] = {
				{ 0.35837, 0.93358, 0.00000, 0.00000, -0.93358, 0.35837, 0.00000, 0.00000, 0.00000, 0.00000, 1.00000, 0.00000, 6.31000, 9.21497, 0.00000, 1.00000, ignore = { 2, 25 }, },
			},
			["random_large_tree_town.grp"] = {
				{ 0.49242, -0.87036, 0.00000, 0.00000, 0.87036, 0.49242, 0.00000, 0.00000, 0.00000, 0.00000, 1.00000, 0.00000, 9.20000, 20.65000, 0.00000, 1.00000, },
			},
			["random_medium_tree_town.grp"] = {
				{ -0.06817, -0.99767, 0.00000, 0.00000, 0.99767, -0.06817, 0.00000, 0.00000, 0.00000, 0.00000, 1.00000, 0.00000, 5.11319, 22.50000, 0.00000, 1.00000, },
				{ 0.95530, -0.29565, 0.00000, 0.00000, 0.29565, 0.95530, 0.00000, 0.00000, 0.00000, 0.00000, 1.00000, 0.00000, 2.10919, 19.15000, 0.00000, 1.00000, },
				{ -0.03492, 0.76906, 0.00000, 0.00000, -0.76906, -0.03492, -0.00000, 0.00000, -0.00000, -0.00000, 0.76985, 0.00000, -9.51000, 21.71000, 0.00000, 1.00000, },
				{ 0.16531, 0.75189, 0.00000, 0.00000, -0.75189, 0.16531, -0.00000, 0.00000, -0.00000, -0.00000, 0.76985, 0.00000, -10.21000, 16.01000, 0.00000, 1.00000, },
			},
			["random_shrub_town.grp"] = {
				{ 1.00000, 0.00000, 0.00000, 0.00000, 0.00000, 1.00000, 0.00000, 0.00000, 0.00000, 0.00000, 1.00000, 0.00000, -8.05000, 9.37000, 0.00000, 1.00000, },
				{ -0.24531, 0.96945, 0.00000, 0.00000, -0.96945, -0.24531, 0.00000, 0.00000, 0.00000, 0.00000, 1.00000, 0.00000, -8.19000, 11.42000, 0.00000, 1.00000, },
				{ 0.96222, -0.27228, 0.00000, 0.00000, 0.27228, 0.96222, 0.00000, 0.00000, 0.00000, 0.00000, 1.00000, 0.00000, -8.19000, 7.12000, 0.00000, 1.00000, },
				{ -0.87292, -0.48786, 0.00000, 0.00000, 0.48786, -0.87292, 0.00000, 0.00000, 0.00000, 0.00000, 1.00000, 0.00000, -8.19000, 4.57000, 0.00000, 1.00000, },
				{ -0.80902, -0.58779, 0.00000, 0.00000, 0.58779, -0.80902, 0.00000, 0.00000, 0.00000, 0.00000, 1.00000, 0.00000, -8.12000, 13.42000, 0.00000, 1.00000, },
				{ 0.89415, -0.44776, 0.00000, 0.00000, 0.44776, 0.89415, 0.00000, 0.00000, 0.00000, 0.00000, 1.00000, 0.00000, 9.50000, 5.47000, 0.00000, 1.00000, },
				{ -0.73016, 0.68327, 0.00000, 0.00000, -0.68327, -0.73016, 0.00000, 0.00000, 0.00000, 0.00000, 1.00000, 0.00000, 10.00000, 7.49000, 0.00000, 1.00000, },
				{ 0.92388, -0.38268, 0.00000, 0.00000, 0.38268, 0.92388, 0.00000, 0.00000, 0.00000, 0.00000, 1.00000, 0.00000, 10.00000, 9.44000, 0.00000, 1.00000, },
				{ 0.44620, 0.89493, 0.00000, 0.00000, -0.89493, 0.44620, 0.00000, 0.00000, 0.00000, 0.00000, 1.00000, 0.00000, 10.00000, 11.34000, 0.00000, 1.00000, },
				{ 0.98741, -0.15816, 0.00000, 0.00000, 0.15816, 0.98741, 0.00000, 0.00000, 0.00000, 0.00000, 1.00000, 0.00000, 9.95000, 13.99000, 0.00000, 1.00000, },
				{ 0.87377, -0.48634, 0.00000, 0.00000, 0.48634, 0.87377, 0.00000, 0.00000, 0.00000, 0.00000, 1.00000, 0.00000, 9.47000, 16.09000, 0.00000, 1.00000, },
				{ -0.96456, -0.26387, 0.00000, 0.00000, 0.26387, -0.96456, 0.00000, 0.00000, 0.00000, 0.00000, 1.00000, 0.00000, 7.43000, 16.09000, 0.00000, 1.00000, },
				{ -0.18395, -0.98294, 0.00000, 0.00000, 0.98294, -0.18395, 0.00000, 0.00000, 0.00000, 0.00000, 1.00000, 0.00000, 5.88000, 4.79000, 0.00000, 1.00000, },
				{ -0.47562, 0.87965, 0.00000, 0.00000, -0.87965, -0.47562, 0.00000, 0.00000, 0.00000, 0.00000, 1.00000, 0.00000, 8.01000, 4.75000, 0.00000, 1.00000, },
			},
			["random_shrub_town_fence.grp"] = {
				{ -0.29887, 0.95429, 0.00000, 0.00000, -0.95429, -0.29887, 0.00000, 0.00000, 0.00000, 0.00000, 1.00000, 0.00000, -6.49000, 22.02000, 0.00000, 1.00000, },
				{ 0.97914, -0.20316, 0.00000, 0.00000, 0.20316, 0.97914, -0.00000, 0.00000, 0.00000, 0.00000, 1.00000, 0.00000, -8.19000, 22.06000, 0.00000, 1.00000, },
				{ 0.24256, -0.97014, 0.00000, 0.00000, 0.97014, 0.24256, -0.00000, 0.00000, 0.00000, 0.00000, 1.00000, 0.00000, -3.50000, 21.96000, 0.00000, 1.00000, },
				{ -0.72513, 0.68861, 0.00000, 0.00000, -0.68861, -0.72513, 0.00000, 0.00000, 0.00000, 0.00000, 1.00000, 0.00000, -4.99000, 22.09000, 0.00000, 1.00000, },
				{ 0.97014, 0.24256, 0.00000, 0.00000, -0.24256, 0.97014, -0.00000, 0.00000, -0.00000, 0.00000, 1.00000, 0.00000, -2.50000, 21.96000, 0.00000, 1.00000, },
				{ -0.24256, 0.97014, -0.00000, 0.00000, -0.97014, -0.24256, 0.00000, 0.00000, -0.00000, 0.00000, 1.00000, 0.00000, -1.50000, 21.96000, 0.00000, 1.00000, },
				{ -0.24256, 0.97014, -0.00000, 0.00000, -0.97014, -0.24256, 0.00000, 0.00000, -0.00000, 0.00000, 1.00000, 0.00000, 0.00000, 21.91000, 0.00000, 1.00000, },
				{ -0.97014, -0.24256, -0.00000, 0.00000, 0.24256, -0.97014, -0.00000, 0.00000, -0.00000, -0.00000, 1.00000, 0.00000, 0.00000, 20.91000, 0.00000, 1.00000, },
				{ 0.24256, -0.97014, 0.00000, 0.00000, 0.97014, 0.24256, -0.00000, 0.00000, 0.00000, 0.00000, 1.00000, 0.00000, 0.00000, 19.91000, 0.00000, 1.00000, },
				{ 0.97014, 0.24256, 0.00000, 0.00000, -0.24256, 0.97014, -0.00000, 0.00000, -0.00000, -0.00000, 1.00000, 0.00000, 0.00000, 18.91000, 0.00000, 1.00000, },
				{ -0.24256, 0.97014, -0.00000, 0.00000, -0.97014, -0.24256, 0.00000, 0.00000, -0.00000, 0.00000, 1.00000, 0.00000, 0.00000, 17.91000, 0.00000, 1.00000, },
			},
		},
	},
}
--End Generated

function data()
	return townbuildingutil.make_building2(
		{ { -4.60, -0.10 }, { 4.60, -0.10 }, { 4.60, 9.10 }, { -4.60, 9.10 } },
		"RESIDENTIAL", 
		"B", 
		1,
		{ 3, 3 },
		generatedData,
		"construction/building/era_b/res_1_3x3_02.gtex"
	)
end
