local townbuildingutil = require "townbuildingutil"

--Model file: "building/era_b/res_2_3x3_02.mdl"

--Begin Generated
local generatedData = {
	["base"] = {
		models = {
			["building/era_b/res_2_3x3_02.mdl"] = {
				{ 1.00000, 0.00000, 0.00000, 0.00000, 0.00000, 1.00000, 0.00000, 0.00000, 0.00000, 0.00000, 1.00000, 0.00000, 0.00000, -0.20000, 0.00000, 1.00000, },
			},
		},
		curves = {
			["scaffold"] = {
				{ { 7.69177, 2.87229, 0.00000 }, { 7.69177, 2.87229, 0.00000 }, { 7.69177, 4.29085, 0.00000 }, { 7.69177, 4.29085, 0.00000 }, { 7.69177, 4.29085, 0.00000 }, { 9.00720, 4.29085, 0.00000 }, { 9.00720, 4.29085, 0.00000 }, { 9.00720, 4.29086, 0.00000 }, { 9.00720, 15.90103, 0.00000 }, { 9.00720, 15.90103, 0.00000 }, { 9.00720, 15.90103, 0.00000 }, { -9.12933, 15.90103, 0.00000 }, { -9.12933, 15.90103, 0.00000 }, { -9.12933, 15.90103, 0.00000 }, { -9.12933, 11.27860, 0.00000 }, { -9.12933, 11.27860, 0.00000 }, { -9.12933, 11.27860, 0.00000 }, { -10.42618, 11.27860, 0.00000 }, { -10.42618, 11.27860, 0.00000 }, { -10.42618, 11.27860, 0.00000 }, { -10.42618, 9.22546, 0.00000 }, { -10.42618, 9.22546, 0.00000 }, { -10.42618, 9.22546, 0.00000 }, { -9.12933, 9.22546, 0.00000 }, { -9.12933, 9.22546, 0.00000 }, { -9.12933, 9.22546, 0.00000 }, { -9.12933, 4.29084, 0.00000 }, { -9.12933, 4.29084, 0.00000 }, { -9.12933, 4.29084, 0.00000 }, { -7.63123, 4.29084, 0.00000 }, { -7.63123, 4.29084, 0.00000 }, { -7.63123, 4.29084, 0.00000 }, { -7.63123, 2.87229, 0.00000 }, { -7.63123, 2.87229, 0.00000 }, { -7.63123, 2.87229, 0.00000 }, { -3.63123, 2.87229, 0.00000 }, { -3.63123, 2.87229, 0.00000 }, { -3.63123, 2.87229, 0.00000 }, { -3.63123, 4.29084, 0.00000 }, { -3.63123, 4.29084, 0.00000 }, { -3.63123, 4.29084, 0.00000 }, { 3.69177, 4.29084, 0.00000 }, { 3.69177, 4.29084, 0.00000 }, { 3.69177, 4.29084, 0.00000 }, { 3.69177, 2.87229, 0.00000 }, { 3.69177, 2.87229, 0.00000 }, },
			},
			["shared/asphalt_01.gtex.lua;shared/dirt.gtex.lua"] = {
				{ { 12.00000, 0.00000, 0.00000 }, { 12.00000, 0.00000, 0.00000 }, { 12.00000, 4.54406, 0.00000 }, { 12.00000, 4.54406, 0.00000 }, { 12.00000, 4.54406, 0.00000 }, { -12.00000, 4.54406, 0.00000 }, { -12.00000, 4.54406, 0.00000 }, { -12.00000, 4.54406, 0.00000 }, { -12.00000, 0.00000, 0.00000 }, { -12.00000, 0.00000, 0.00000 }, },
			},
			["shared/grass_cutted_01.gtex.lua"] = {
				{ { 9.75397, 16.64783, -0.00001 }, { 9.75397, 16.64783, -0.00001 }, { 9.75397, 19.00000, -0.00000 }, { 9.75397, 19.00000, 0.00000 }, { 9.75397, 19.00000, 0.00000 }, { 12.00000, 19.00000, 0.00000 }, { 12.00000, 19.00000, 0.00000 }, { 12.00000, 19.00000, 0.00000 }, { 12.00000, 24.00000, 0.00000 }, { 12.00000, 24.00000, 0.00000 }, { 12.00000, 24.00000, 0.00000 }, { -12.00000, 24.00000, 0.00000 }, { -12.00000, 24.00000, 0.00000 }, { -12.00000, 24.00000, 0.00000 }, { -12.00000, 19.00000, 0.00000 }, { -12.00000, 19.00000, 0.00000 }, { -12.00000, 19.00000, 0.00000 }, { -9.87610, 19.00000, 0.00000 }, { -9.87610, 19.00000, 0.00000 }, { -9.87610, 19.00000, 0.00000 }, { -9.87610, 16.64783, 0.00007 }, { -9.87610, 16.64783, 0.00007 }, },
			},
			["shared/gravel_02.gtex.lua"] = {
				{ { 12.00000, 4.54406, 0.00000 }, { 12.00000, 4.54407, 0.00000 }, { 12.00000, 19.00000, 0.00000 }, { 12.00000, 19.00000, 0.00000 }, { 12.00000, 19.00000, 0.00000 }, { 9.75397, 19.00000, 0.00000 }, { 9.75397, 19.00000, 0.00000 }, { 9.75397, 19.00000, -0.00000 }, { 9.75397, 16.64783, -0.00001 }, { 9.75397, 16.64783, -0.00001 }, { 9.75396, 16.64783, -0.00001 }, { -9.87610, 16.64783, 0.00007 }, { -9.87610, 16.64783, 0.00007 }, { -9.87610, 16.64783, 0.00007 }, { -9.87610, 19.00000, 0.00000 }, { -9.87610, 19.00000, 0.00000 }, { -9.87610, 19.00000, 0.00000 }, { -12.00000, 19.00000, 0.00000 }, { -12.00000, 19.00000, 0.00000 }, { -12.00000, 19.00000, 0.00000 }, { -12.00000, 4.54407, 0.00000 }, { -12.00000, 4.54406, 0.00000 }, },
			},
		},
	},
	["layout_1"] = {
		models = {
			["asset/ground/garden_chair_plastic_01.mdl"] = {
				{ 0.88130, 0.47255, 0.00000, 0.00000, -0.47255, 0.88130, 0.00000, 0.00000, 0.00000, 0.00000, 1.00000, 0.00000, -7.15406, 3.85089, 6.09999, 1.00000, align = { 0.00000, -0.20000 }, ignore = { 8, 25 }, },
				{ 0.88942, -0.45710, 0.00000, 0.00000, 0.45710, 0.88942, 0.00000, 0.00000, 0.00000, 0.00000, 1.00000, 0.00000, 6.76435, 3.95077, 6.09999, 1.00000, align = { 0.00000, -0.20000 }, ignore = { 9, 25 }, },
				{ 0.78801, 0.61566, 0.00000, 0.00000, -0.61566, 0.78801, 0.00000, 0.00000, 0.00000, 0.00000, 1.00000, 0.00000, 6.51978, 4.13117, 3.09999, 1.00000, align = { 0.00000, -0.20000 }, ignore = { 10, 25 }, },
			},
		},
		groups = {
			["era_a_garden_chair.grp"] = {
				{ 0.73610, -0.67688, 0.00000, 0.00000, 0.67688, 0.73610, 0.00000, 0.00000, 0.00000, 0.00000, 1.00000, 0.00000, -4.13979, 3.78564, 3.12999, 1.00000, align = { 0.00000, -0.20000 }, seed = 456, ignore = { 13, 25 }, },
			},
			["era_a_garden_ladder.grp"] = {
				{ 0.72897, -0.68455, 0.00000, 0.00000, 0.68455, 0.72897, 0.00000, 0.00000, 0.00000, 0.00000, 1.00000, 0.00000, -7.13000, 21.31889, 0.00000, 1.00000, ignore = { 14, 25 }, },
			},
			["era_b_sunshade_small.grp"] = {
				{ -0.25831, 0.80455, -0.00000, 0.00000, -0.80455, -0.25831, 0.00000, 0.00000, -0.00000, 0.00000, 0.84500, 0.00000, 4.10922, 3.29590, 6.09999, 1.00000, align = { 0.00000, -0.20000 }, ignore = { 2, 80 }, },
				{ -0.62300, 0.57087, -0.00000, 0.00000, -0.57087, -0.62300, 0.00000, 0.00000, -0.00000, 0.00000, 0.84500, 0.00000, -4.13900, 3.40570, 6.09999, 1.00000, align = { 0.00000, -0.20000 }, ignore = { 3, 80 }, },
				{ 0.05894, 0.84294, 0.00000, 0.00000, -0.84294, 0.05894, 0.00000, 0.00000, 0.00000, 0.00000, 0.84500, 0.00000, -9.49735, 9.86958, 2.96162, 1.00000, align = { 0.00000, -0.20000 }, ignore = { 4, 80 }, },
				{ -0.01180, 0.84492, -0.00000, 0.00000, -0.84492, -0.01180, 0.00000, 0.00000, -0.00000, 0.00000, 0.84500, 0.00000, -9.84415, 10.82211, 5.96162, 1.00000, align = { 0.00000, -0.20000 }, ignore = { 5, 80 }, },
				{ -0.72431, -0.43521, -0.00000, 0.00000, 0.43521, -0.72431, 0.00000, 0.00000, -0.00000, 0.00000, 0.84500, 0.00000, 7.33574, 3.46833, 3.09999, 1.00000, align = { 0.00000, -0.20000 }, ignore = { 6, 80 }, },
				{ -0.56212, 0.63091, -0.00000, 0.00000, -0.63091, -0.56212, 0.00000, 0.00000, -0.00000, 0.00000, 0.84500, 0.00000, -4.62157, 3.52855, 3.09999, 1.00000, align = { 0.00000, -0.20000 }, ignore = { 7, 80 }, },
			},
			["garden_table_round.grp"] = {
				{ 0.81915, 0.57358, 0.00000, 0.00000, -0.57358, 0.81915, 0.00000, 0.00000, 0.00000, 0.00000, 1.00000, 0.00000, 4.57033, 3.82993, 6.09999, 1.00000, align = { 0.00000, -0.20000 }, ignore = { 11, 50 }, },
				{ 0.13917, 0.99027, 0.00000, 0.00000, -0.99027, 0.13917, 0.00000, 0.00000, 0.00000, 0.00000, 1.00000, 0.00000, -6.99262, 3.75559, 3.12999, 1.00000, align = { 0.00000, -0.20000 }, seed = 456, ignore = { 12, 50 }, },
			},
			["random_large_tree_town.grp"] = {
				{ -0.95106, 0.30902, 0.00000, 0.00000, -0.30902, -0.95106, 0.00000, 0.00000, 0.00000, 0.00000, 1.00000, 0.00000, -8.45000, 22.07000, 0.00000, 1.00000, },
			},
			["random_medium_tree_town.grp"] = {
				{ -0.49242, -0.87036, 0.00000, 0.00000, 0.87036, -0.49242, -0.00000, 0.00000, 0.00000, 0.00000, 1.00000, 0.00000, 3.44000, 20.96000, 0.00000, 1.00000, },
				{ 0.99792, 0.06453, 0.00000, 0.00000, -0.06453, 0.99792, 0.00000, 0.00000, -0.00000, -0.00000, 1.00000, 0.00000, 9.29000, 21.91000, 0.00000, 1.00000, },
				{ -0.77381, -0.20301, 0.00000, 0.00000, 0.20301, -0.77381, 0.00000, 0.00000, 0.00000, 0.00000, 0.80000, 0.00000, 7.24000, 19.27000, 0.00000, 1.00000, },
			},
			["random_shrub_town.grp"] = {
				{ 0.37513, 0.61456, 0.00000, 0.00000, -0.61456, 0.37513, 0.00000, 0.00000, 0.00000, 0.00000, 0.72000, 0.00000, -1.75960, 22.06630, 0.00000, 1.00000, },
				{ -0.68476, 0.22249, 0.00000, 0.00000, -0.22249, -0.68476, 0.00000, 0.00000, 0.00000, 0.00000, 0.72000, 0.00000, -2.87960, 21.54630, 0.00000, 1.00000, },
				{ 0.01257, -0.71989, 0.00000, 0.00000, 0.71989, 0.01257, 0.00000, 0.00000, 0.00000, 0.00000, 0.72000, 0.00000, -1.32960, 20.84630, 0.00000, 1.00000, },
				{ -0.00628, 0.71997, 0.00000, 0.00000, -0.71997, -0.00628, 0.00000, 0.00000, 0.00000, 0.00000, 0.72000, 0.00000, -0.44960, 21.68630, 0.00000, 1.00000, },
			},
			["random_shrub_town_fence.grp"] = {
				{ -0.24256, 0.97014, -0.00000, 0.00000, -0.97014, -0.24256, 0.00000, 0.00000, -0.00000, 0.00000, 1.00000, 0.00000, -5.28572, 17.81286, 0.00000, 1.00000, },
				{ -0.24256, 0.97014, -0.00000, 0.00000, -0.97014, -0.24256, 0.00000, 0.00000, -0.00000, 0.00000, 1.00000, 0.00000, 11.21428, 19.96286, 0.00000, 1.00000, },
				{ -0.24256, 0.97014, -0.00000, 0.00000, -0.97014, -0.24256, 0.00000, 0.00000, -0.00000, 0.00000, 1.00000, 0.00000, -6.83572, 17.76286, 0.00000, 1.00000, },
				{ -0.24256, 0.97014, -0.00000, 0.00000, -0.97014, -0.24256, 0.00000, 0.00000, -0.00000, 0.00000, 1.00000, 0.00000, 9.66428, 19.91286, 0.00000, 1.00000, },
				{ -0.24256, 0.97014, -0.00000, 0.00000, -0.97014, -0.24256, 0.00000, 0.00000, -0.00000, 0.00000, 1.00000, 0.00000, -8.33572, 17.81286, 0.00000, 1.00000, },
				{ 0.24256, -0.97014, 0.00000, 0.00000, 0.97014, 0.24256, 0.00000, 0.00000, -0.00000, 0.00000, 1.00000, 0.00000, -11.43572, 19.45286, 0.00000, 1.00000, },
				{ 0.11255, 0.99365, 0.00000, 0.00000, -0.99365, 0.11255, -0.00000, 0.00000, -0.00000, 0.00000, 1.00000, 0.00000, -9.41572, 19.45286, 0.00000, 1.00000, },
				{ 0.97014, 0.24256, 0.00000, 0.00000, -0.24256, 0.97014, -0.00000, 0.00000, -0.00000, 0.00000, 1.00000, 0.00000, -9.33572, 17.81286, 0.00000, 1.00000, },
				{ -0.97014, -0.24256, -0.00000, 0.00000, 0.24256, -0.97014, -0.00000, 0.00000, -0.00000, -0.00000, 1.00000, 0.00000, -4.28572, 17.81286, 0.00000, 1.00000, },
				{ 0.24256, -0.97014, 0.00000, 0.00000, 0.97014, 0.24256, -0.00000, 0.00000, -0.00000, 0.00000, 1.00000, 0.00000, -3.28572, 17.81286, 0.00000, 1.00000, },
				{ 0.97014, 0.24256, 0.00000, 0.00000, -0.24256, 0.97014, -0.00000, 0.00000, -0.00000, -0.00000, 1.00000, 0.00000, -2.28572, 17.81286, 0.00000, 1.00000, },
				{ -0.24256, 0.97014, -0.00000, 0.00000, -0.97014, -0.24256, 0.00000, 0.00000, -0.00000, 0.00000, 1.00000, 0.00000, -1.28572, 17.81286, 0.00000, 1.00000, },
				{ -0.97014, -0.24256, -0.00000, 0.00000, 0.24256, -0.97014, -0.00000, 0.00000, -0.00000, -0.00000, 1.00000, 0.00000, -0.28572, 17.81286, 0.00000, 1.00000, },
				{ 0.24256, -0.97014, 0.00000, 0.00000, 0.97014, 0.24256, -0.00000, 0.00000, -0.00000, 0.00000, 1.00000, 0.00000, 0.71428, 17.81286, 0.00000, 1.00000, },
				{ 0.97014, 0.24256, 0.00000, 0.00000, -0.24256, 0.97014, -0.00000, 0.00000, -0.00000, -0.00000, 1.00000, 0.00000, 1.71428, 17.81286, 0.00000, 1.00000, },
				{ -0.24256, 0.97014, -0.00000, 0.00000, -0.97014, -0.24256, 0.00000, 0.00000, -0.00000, 0.00000, 1.00000, 0.00000, 2.71428, 17.81286, 0.00000, 1.00000, },
				{ -0.97014, -0.24256, -0.00000, 0.00000, 0.24256, -0.97014, -0.00000, 0.00000, -0.00000, -0.00000, 1.00000, 0.00000, 3.71428, 17.81286, 0.00000, 1.00000, },
				{ 0.24256, -0.97014, 0.00000, 0.00000, 0.97014, 0.24256, -0.00000, 0.00000, -0.00000, 0.00000, 1.00000, 0.00000, 4.71429, 17.81286, 0.00000, 1.00000, },
				{ 0.97014, 0.24256, 0.00000, 0.00000, -0.24256, 0.97014, -0.00000, 0.00000, -0.00000, -0.00000, 1.00000, 0.00000, 5.71429, 17.81286, 0.00000, 1.00000, },
				{ -0.24256, 0.97014, -0.00000, 0.00000, -0.97014, -0.24256, 0.00000, 0.00000, -0.00000, 0.00000, 1.00000, 0.00000, 6.71429, 17.81286, 0.00000, 1.00000, },
				{ -0.97014, -0.24255, -0.00000, 0.00000, 0.24255, -0.97014, -0.00000, 0.00000, -0.00000, -0.00000, 1.00000, 0.00000, 7.71429, 17.81286, 0.00000, 1.00000, },
				{ 0.24255, -0.97014, 0.00000, 0.00000, 0.97014, 0.24255, -0.00000, 0.00000, -0.00000, 0.00000, 1.00000, 0.00000, 8.71429, 17.81286, 0.00000, 1.00000, },
			},
		},
	},
}
--End Generated

function data()
	return townbuildingutil.make_building2(
		{ { -4.60, -0.10 }, { 4.60, -0.10 }, { 4.60, 9.10 }, { -4.60, 9.10 } },
		"RESIDENTIAL", 
		"B", 
		2,
		{ 3, 3 },
		generatedData,
		"construction/building/era_b/res_2_3x3_02.gtex"
	)
end
