local townbuildingutil = require "townbuildingutil"

--Model file: "building/era_b/res_3_3x4_02.mdl"

--Begin Generated
local generatedData = {
	["base"] = {
		models = {
			["building/era_b/res_3_3x4_02.mdl"] = {
				{ 1.00000, 0.00000, 0.00000, 0.00000, 0.00000, 1.00000, 0.00000, 0.00000, 0.00000, 0.00000, 1.00000, 0.00000, 0.00000, 0.00000, 0.00000, 1.00000, },
			},
		},
		curves = {
			["scaffold"] = {
				{ { 0.05408, 2.15703, 0.00000 }, { 0.05408, 2.15703, 0.00000 }, { 0.05405, 3.70071, 0.00000 }, { 0.05405, 3.70071, 0.00000 }, { 0.05408, 3.70071, 0.00000 }, { 5.77600, 3.70071, 0.00000 }, { 5.77600, 3.70071, 0.00000 }, { 5.77600, 3.70071, 0.00000 }, { 5.77600, 9.60770, 0.00000 }, { 5.77600, 9.60770, 0.00000 }, { 5.77600, 9.60770, 0.00000 }, { 6.91162, 9.60770, 0.00000 }, { 6.91162, 9.60770, 0.00000 }, { 6.91162, 9.60770, 0.00000 }, { 6.91162, 13.58597, 0.00000 }, { 6.91162, 13.58597, 0.00000 }, { 6.91162, 13.58597, 0.00000 }, { 5.77600, 13.58597, 0.00000 }, { 5.77600, 13.58597, 0.00000 }, { 5.77600, 13.58597, 0.00000 }, { 5.77600, 20.33363, 0.00000 }, { 5.77600, 20.33363, 0.00000 }, { 5.77600, 20.33363, 0.00000 }, { 4.09387, 20.33363, 0.00000 }, { 4.09387, 20.33363, 0.00000 }, { 4.09387, 20.33363, 0.00000 }, { 4.09387, 29.65540, 0.00000 }, { 4.09387, 29.65541, 0.00000 }, { 4.09387, 29.65541, 0.00000 }, { -6.44019, 29.65541, 0.00000 }, { -6.44019, 29.65541, 0.00000 }, { -6.44019, 29.65541, 0.00000 }, { -6.44019, 23.84686, 0.00000 }, { -6.44019, 23.84686, 0.00000 }, { -6.44019, 23.84686, 0.00000 }, { -7.53723, 23.84686, 0.00000 }, { -7.53723, 23.84686, 0.00000 }, { -7.53723, 23.84686, 0.00000 }, { -7.53723, 20.02859, 0.00000 }, { -7.53723, 20.02859, 0.00000 }, { -7.53723, 20.02859, 0.00000 }, { -6.44019, 20.02859, 0.00000 }, { -6.44019, 20.02859, 0.00000 }, { -6.44019, 20.02859, 0.00000 }, { -6.44019, 13.02249, 0.00000 }, { -6.44019, 13.02249, 0.00000 }, { -6.44019, 13.02249, 0.00000 }, { -4.75806, 13.02249, 0.00000 }, { -4.75806, 13.02249, 0.00000 }, { -4.75806, 13.02249, 0.00000 }, { -4.75806, 3.70071, 0.00000 }, { -4.75806, 3.70071, 0.00000 }, { -4.75806, 3.70071, 0.00000 }, { -4.39246, 3.70071, 0.00000 }, { -4.39246, 3.70071, 0.00000 }, { -4.39246, 3.70071, 0.00000 }, { -4.39246, 2.15703, 0.00000 }, { -4.39246, 2.15703, 0.00000 }, },
			},
			["shared/asphalt_01.gtex.lua;shared/dirt.gtex.lua"] = {
				{ { 12.00000, 0.00000, 0.00000 }, { 12.00000, 0.00001, 0.00000 }, { 12.00000, 32.00000, 0.00000 }, { 12.00000, 32.00000, 0.00000 }, { 12.00000, 32.00000, 0.00000 }, { -12.00000, 32.00000, 0.00000 }, { -12.00000, 32.00000, 0.00000 }, { -12.00000, 32.00000, 0.00000 }, { -12.00000, 0.00001, 0.00000 }, { -12.00000, 0.00000, 0.00000 }, { -12.00000, 0.00000, 0.00000 }, { -5.67804, 0.00000, 0.00000 }, { -5.67804, 0.00000, 0.00000 }, { -5.67804, 0.00000, 0.00000 }, { -5.67804, 2.78072, 0.00000 }, { -5.67804, 2.78072, 0.00000 }, { -5.67804, 2.78072, 0.00000 }, { -10.00000, 2.78072, 0.00000 }, { -10.00000, 2.78072, 0.00000 }, { -10.00000, 2.78072, 0.00000 }, { -10.00000, 30.57541, 0.00000 }, { -10.00000, 30.57541, 0.00000 }, { -10.00000, 30.57541, 0.00000 }, { 10.00000, 30.57541, 0.00000 }, { 10.00000, 30.57541, 0.00000 }, { 10.00000, 30.57541, 0.00000 }, { 10.00000, 2.78072, 0.00000 }, { 10.00000, 2.78072, 0.00000 }, { 10.00000, 2.78072, 0.00000 }, { 6.69611, 2.78072, 0.00000 }, { 6.69611, 2.78072, 0.00000 }, { 6.69611, 2.78072, 0.00000 }, { 6.69611, 0.00000, 0.00000 }, { 6.69611, 0.00000, 0.00000 }, },
				{ { 6.69611, 0.00000, 0.00000 }, { 6.69611, 0.00000, 0.00000 }, { 6.69611, 2.78072, 0.00000 }, { 6.69611, 2.78072, 0.00000 }, { 6.69611, 2.78072, 0.00000 }, { 6.69611, 8.68770, 0.00000 }, { 6.69611, 8.68770, 0.00000 }, { 6.69611, 8.68770, 0.00000 }, { 7.83173, 8.68770, 0.00000 }, { 7.83173, 8.68770, 0.00000 }, { 7.83173, 8.68770, 0.00000 }, { 7.83173, 14.50597, 0.00000 }, { 7.83173, 14.50597, 0.00000 }, { 7.83173, 14.50597, 0.00000 }, { 6.69611, 14.50597, 0.00000 }, { 6.69611, 14.50597, 0.00000 }, { 6.69611, 14.50597, 0.00000 }, { 6.69608, 21.25363, 0.00000 }, { 6.69608, 21.25363, 0.00000 }, { 6.69608, 21.25363, 0.00000 }, { 5.01398, 21.25363, 0.00000 }, { 5.01398, 21.25363, 0.00000 }, { 5.01398, 21.25363, 0.00000 }, { 5.01395, 30.57541, 0.00000 }, { 5.01395, 30.57541, 0.00000 }, { 5.01395, 30.57541, 0.00000 }, { -7.36017, 30.57541, 0.00000 }, { -7.36017, 30.57541, 0.00000 }, { -7.36017, 30.57541, 0.00000 }, { -7.36017, 12.10249, 0.00000 }, { -7.36017, 12.10249, 0.00000 }, { -7.36017, 12.10249, 0.00000 }, { -5.67804, 12.10249, 0.00000 }, { -5.67804, 12.10249, 0.00000 }, { -5.67804, 12.10249, 0.00000 }, { -5.67804, 2.78072, 0.00000 }, { -5.67804, 2.78072, 0.00000 }, { -5.67804, 2.78072, 0.00000 }, { -5.67804, 0.00000, 0.00000 }, { -5.67804, 0.00000, 0.00000 }, },
			},
			["shared/grass_cutted_01.gtex.lua"] = {
				{ { 10.00000, 2.78072, 0.00000 }, { 10.00000, 2.78072, 0.00000 }, { 10.00000, 30.57541, 0.00000 }, { 10.00000, 30.57541, 0.00000 }, { 10.00000, 30.57541, 0.00000 }, { 5.01395, 30.57541, 0.00000 }, { 5.01395, 30.57541, 0.00000 }, { 5.01395, 30.57541, 0.00000 }, { 5.01398, 21.25363, 0.00000 }, { 5.01398, 21.25363, 0.00000 }, { 5.01398, 21.25363, 0.00000 }, { 6.69608, 21.25363, 0.00000 }, { 6.69608, 21.25363, 0.00000 }, { 6.69608, 21.25363, 0.00000 }, { 6.69611, 14.50597, 0.00000 }, { 6.69611, 14.50597, 0.00000 }, { 6.69611, 14.50597, 0.00000 }, { 7.83173, 14.50597, 0.00000 }, { 7.83173, 14.50597, 0.00000 }, { 7.83173, 14.50597, 0.00000 }, { 7.83173, 8.68770, 0.00000 }, { 7.83173, 8.68770, 0.00000 }, { 7.83173, 8.68770, 0.00000 }, { 6.69611, 8.68770, 0.00000 }, { 6.69611, 8.68770, 0.00000 }, { 6.69611, 8.68770, 0.00000 }, { 6.69611, 2.78072, 0.00000 }, { 6.69611, 2.78072, 0.00000 }, },
				{ { -5.67804, 2.78072, 0.00000 }, { -5.67804, 2.78072, 0.00000 }, { -5.67804, 12.10249, 0.00000 }, { -5.67804, 12.10249, 0.00000 }, { -5.67804, 12.10249, 0.00000 }, { -7.36017, 12.10249, 0.00000 }, { -7.36017, 12.10249, 0.00000 }, { -7.36017, 12.10249, 0.00000 }, { -7.36017, 30.57541, 0.00000 }, { -7.36017, 30.57541, 0.00000 }, { -7.36017, 30.57541, 0.00000 }, { -10.00000, 30.57541, 0.00000 }, { -10.00000, 30.57541, 0.00000 }, { -10.00000, 30.57541, 0.00000 }, { -10.00000, 2.78072, 0.00000 }, { -10.00000, 2.78072, 0.00000 }, },
			},
		},
	},
	["layout_1"] = {
		models = {
			["asset/ground/garden_chair_plastic_01.mdl"] = {
				{ 0.94322, -0.33216, 0.00000, 0.00000, 0.33216, 0.94322, 0.00000, 0.00000, -0.00000, -0.00000, 1.00000, 0.00000, -5.44981, 27.26690, 39.09998, 1.00000, align = { 0.00000, 0.00000 }, ignore = { 21, 10 }, },
				{ 0.35184, -0.93606, 0.00000, 0.00000, 0.93606, 0.35184, 0.00000, 0.00000, -0.00000, -0.00000, 1.00000, 0.00000, -5.30807, 26.99384, 27.09999, 1.00000, align = { 0.00000, 0.00000 }, ignore = { 22, 10 }, },
				{ 0.10800, -0.99415, 0.00000, 0.00000, 0.99415, 0.10800, 0.00000, 0.00000, -0.00000, -0.00000, 1.00000, 0.00000, -5.31583, 26.00905, 27.09999, 1.00000, align = { 0.00000, 0.00000 }, ignore = { 23, 10 }, },
				{ -0.21814, -0.97592, -0.00000, 0.00000, 0.97592, -0.21814, 0.00000, 0.00000, -0.00000, 0.00000, 1.00000, 0.00000, -5.30996, 16.20196, 24.09999, 1.00000, align = { 0.00000, 0.00000 }, ignore = { 24, 10 }, },
				{ 0.66393, -0.74780, 0.00000, 0.00000, 0.74780, 0.66393, 0.00000, 0.00000, -0.00000, -0.00000, 1.00000, 0.00000, -5.30996, 17.45196, 24.09999, 1.00000, align = { 0.00000, 0.00000 }, ignore = { 25, 10 }, },
				{ -0.54171, -0.84057, -0.00000, 0.00000, 0.84057, -0.54171, 0.00000, 0.00000, -0.00000, 0.00000, 1.00000, 0.00000, -3.61824, 8.32921, 18.09999, 1.00000, align = { 0.00000, 0.00000 }, ignore = { 26, 10 }, },
				{ 0.67688, -0.73610, 0.00000, 0.00000, 0.73610, 0.67688, 0.00000, 0.00000, -0.00000, -0.00000, 1.00000, 0.00000, -3.55537, 8.84865, 12.09999, 1.00000, align = { 0.00000, 0.00000 }, ignore = { 27, 10 }, },
				{ -0.70215, 0.71203, -0.00000, 0.00000, -0.71203, -0.70215, -0.00000, 0.00000, -0.00000, 0.00000, 1.00000, 0.00000, -5.48163, 26.47203, 9.09999, 1.00000, align = { 0.00000, 0.00000 }, ignore = { 28, 10 }, },
				{ 0.61291, 0.79015, 0.00000, 0.00000, -0.79015, 0.61291, 0.00000, 0.00000, 0.00000, -0.00000, 1.00000, 0.00000, 3.21245, 27.10069, 21.09999, 1.00000, align = { 0.00000, 0.00000 }, ignore = { 29, 10 }, },
				{ -0.59622, 0.80282, -0.00000, 0.00000, -0.80282, -0.59622, 0.00000, 0.00000, 0.00000, 0.00000, 1.00000, 0.00000, 5.47949, 10.85393, 33.19998, 1.00000, align = { 0.00000, 0.00000 }, ignore = { 30, 10 }, },
				{ 0.34202, 0.93969, 0.00000, 0.00000, -0.93969, 0.34202, 0.00000, 0.00000, 0.00000, -0.00000, 1.00000, 0.00000, 5.47949, 12.30393, 33.19998, 1.00000, align = { 0.00000, 0.00000 }, ignore = { 31, 10 }, },
				{ -0.59622, 0.80282, -0.00000, 0.00000, -0.80282, -0.59622, 0.00000, 0.00000, 0.00000, 0.00000, 1.00000, 0.00000, 3.03977, 26.09335, 21.09999, 1.00000, align = { 0.00000, 0.00000 }, ignore = { 32, 10 }, },
				{ -0.46330, 0.88620, 0.00000, 0.00000, -0.88620, -0.46330, 0.00000, 0.00000, 0.00000, 0.00000, 1.00000, 0.00000, 2.89314, 25.64062, 15.09999, 1.00000, align = { 0.00000, 0.00000 }, ignore = { 33, 10 }, },
				{ -0.46330, 0.88620, 0.00000, 0.00000, -0.88620, -0.46330, 0.00000, 0.00000, 0.00000, 0.00000, 1.00000, 0.00000, 2.95801, 25.90948, 39.09998, 1.00000, align = { 0.00000, 0.00000 }, ignore = { 34, 10 }, },
			},
		},
		groups = {
			["era_a_garden_bench.grp"] = {
				{ 0.02212, 0.84471, 0.00000, 0.00000, -0.84471, 0.02212, 0.00000, 0.00000, 0.00000, 0.00000, 0.84500, 0.00000, 2.92547, 26.64290, 9.09999, 1.00000, align = { 0.00000, 0.00000 }, ignore = { 16, 25 }, },
				{ 0.02212, 0.84471, 0.00000, 0.00000, -0.84471, 0.02212, 0.00000, 0.00000, 0.00000, 0.00000, 0.84500, 0.00000, 3.02561, 26.69639, 30.09998, 1.00000, align = { 0.00000, 0.00000 }, ignore = { 17, 25 }, },
			},
			["era_a_garden_chair.grp"] = {
				{ -0.97958, -0.20108, 0.00000, 0.00000, 0.20108, -0.97958, 0.00000, 0.00000, 0.00000, 0.00000, 1.00000, 0.00000, -3.79830, 7.56831, 24.09999, 1.00000, align = { 0.00000, 0.00000 }, seed = 768, ignore = { 35, 10 }, },
				{ 0.89021, -0.45554, 0.00000, 0.00000, 0.45554, 0.89021, 0.00000, 0.00000, -0.00000, -0.00000, 1.00000, 0.00000, -3.68957, 9.33666, 24.09999, 1.00000, align = { 0.00000, 0.00000 }, seed = 768, ignore = { 36, 10 }, },
				{ 0.69214, 0.72176, -0.00000, 0.00000, -0.72176, 0.69214, -0.00000, 0.00000, -0.00000, 0.00000, 1.00000, 0.00000, 3.00878, 27.22923, 33.09998, 1.00000, align = { 0.00000, 0.00000 }, seed = 256, ignore = { 39, 10 }, },
				{ 0.57643, -0.81714, -0.00000, 0.00000, 0.81714, 0.57643, -0.00000, 0.00000, 0.00000, 0.00000, 1.00000, 0.00000, -5.22921, 17.68649, 39.09998, 1.00000, align = { 0.00000, 0.00000 }, seed = 256, ignore = { 40, 10 }, },
				{ -0.70957, 0.70463, 0.00000, 0.00000, -0.70463, -0.70957, -0.00000, 0.00000, -0.00000, -0.00000, 1.00000, 0.00000, 2.95810, 25.76708, 33.09998, 1.00000, align = { 0.00000, 0.00000 }, seed = 256, ignore = { 41, 10 }, },
				{ -0.90183, -0.43209, 0.00000, 0.00000, 0.43209, -0.90183, -0.00000, 0.00000, 0.00000, -0.00000, 1.00000, 0.00000, -5.21977, 16.29471, 39.09998, 1.00000, align = { 0.00000, 0.00000 }, seed = 256, ignore = { 42, 10 }, },
			},
			["era_b_garden_chair.grp"] = {
				{ 0.12533, 0.99211, 0.00000, 0.00000, -0.99211, 0.12533, -0.00000, 0.00000, -0.00000, 0.00000, 1.00000, 0.00000, 2.32947, 6.44766, 33.19998, 1.00000, seed = 256, ignore = { 2, 25 }, },
				{ 0.11147, -0.99377, 0.00000, 0.00000, 0.99377, 0.11147, 0.00000, 0.00000, 0.00000, 0.00000, 1.00000, 0.00000, 4.05918, 7.31880, 33.19998, 1.00000, seed = 256, ignore = { 3, 25 }, },
				{ -0.40992, -0.91212, -0.00000, 0.00000, 0.91212, -0.40992, 0.00000, 0.00000, -0.00000, 0.00000, 1.00000, 0.00000, 3.76408, 6.17002, 33.19998, 1.00000, seed = 256, ignore = { 4, 25 }, },
				{ 0.12533, 0.99211, 0.00000, 0.00000, -0.99211, 0.12533, -0.00000, 0.00000, -0.00000, 0.00000, 1.00000, 0.00000, 2.36334, 7.47414, 33.19998, 1.00000, seed = 256, ignore = { 5, 25 }, },
				{ -0.30570, 0.95213, -0.00000, 0.00000, -0.95213, -0.30570, 0.00000, 0.00000, -0.00000, 0.00000, 1.00000, 0.00000, -2.24738, 6.16568, 33.19998, 1.00000, seed = 256, ignore = { 6, 25 }, },
				{ 0.52101, -0.85355, 0.00000, 0.00000, 0.85355, 0.52101, 0.00000, 0.00000, 0.00000, 0.00000, 1.00000, 0.00000, -1.04789, 7.68621, 33.19998, 1.00000, seed = 256, ignore = { 7, 25 }, },
				{ 0.01396, -0.99990, 0.00000, 0.00000, 0.99990, 0.01396, 0.00000, 0.00000, 0.00000, 0.00000, 1.00000, 0.00000, -0.82984, 6.52034, 33.19998, 1.00000, seed = 256, ignore = { 8, 25 }, },
				{ -0.30570, 0.95213, -0.00000, 0.00000, -0.95213, -0.30570, 0.00000, 0.00000, -0.00000, 0.00000, 1.00000, 0.00000, -2.65049, 7.11030, 33.19998, 1.00000, seed = 256, ignore = { 9, 25 }, },
			},
			["era_b_garden_table.grp"] = {
				{ -0.14954, -0.98876, -0.00000, 0.00000, 0.98876, -0.14954, -0.00000, 0.00000, -0.00000, -0.00000, 1.00000, 0.00000, 3.07702, 6.80995, 33.19998, 1.00000, seed = 256, },
				{ 0.28234, -0.95931, 0.00000, 0.00000, 0.95931, 0.28234, 0.00000, 0.00000, 0.00000, 0.00000, 1.00000, 0.00000, -1.72298, 6.80995, 33.19998, 1.00000, seed = 256, },
			},
			["era_b_sunshade_large.grp"] = {
				{ 0.99678, -0.08020, 0.00000, 0.00000, 0.08020, 0.99678, 0.00000, 0.00000, 0.00000, 0.00000, 1.00000, 0.00000, -1.72298, 6.80995, 33.19998, 1.00000, seed = 256, },
				{ 0.86949, -0.49394, 0.00000, 0.00000, 0.49394, 0.86949, 0.00000, 0.00000, 0.00000, 0.00000, 1.00000, 0.00000, 3.07702, 6.80995, 33.19998, 1.00000, seed = 256, },
			},
			["era_b_sunshade_small.grp"] = {
				{ -0.59061, 0.80696, -0.00000, 0.00000, -0.80696, -0.59061, 0.00000, 0.00000, 0.00000, 0.00000, 1.00000, 0.00000, -5.52118, 16.80968, 12.09999, 1.00000, align = { 0.00000, 0.00000 }, ignore = { 10, 50 }, },
				{ -0.99297, 0.11840, 0.00000, 0.00000, -0.11840, -0.99297, 0.00000, 0.00000, 0.00000, 0.00000, 1.00000, 0.00000, -5.93243, 26.41250, 39.09998, 1.00000, align = { 0.00000, 0.00000 }, ignore = { 11, 50 }, },
				{ 1.00000, 0.00000, 0.00000, 0.00000, 0.00000, 1.00000, 0.00000, 0.00000, 0.00000, 0.00000, 1.00000, 0.00000, -5.83039, 26.22684, 21.09999, 1.00000, align = { 0.00000, 0.00000 }, ignore = { 12, 50 }, },
				{ -0.06279, 0.99803, 0.00000, 0.00000, -0.99803, -0.06279, 0.00000, 0.00000, 0.00000, 0.00000, 1.00000, 0.00000, -3.92144, 8.66998, 18.09999, 1.00000, align = { 0.00000, 0.00000 }, ignore = { 13, 50 }, },
				{ -0.99297, 0.11840, 0.00000, 0.00000, -0.11840, -0.99297, 0.00000, 0.00000, 0.00000, 0.00000, 1.00000, 0.00000, -5.49191, 16.87230, 30.09998, 1.00000, align = { 0.00000, 0.00000 }, ignore = { 14, 50 }, },
				{ -0.74431, 0.66783, 0.00000, 0.00000, -0.66783, -0.74431, 0.00000, 0.00000, 0.00000, 0.00000, 1.00000, 0.00000, -5.48222, 26.73822, 15.09999, 1.00000, align = { 0.00000, 0.00000 }, ignore = { 15, 50 }, },
				{ 0.87798, -0.47869, 0.00000, 0.00000, 0.47869, 0.87798, -0.00000, 0.00000, 0.00000, 0.00000, 1.00000, 0.00000, 3.36173, 26.25259, 15.09999, 1.00000, align = { 0.00000, 0.00000 }, ignore = { 18, 50 }, },
				{ 0.74314, -0.66913, 0.00000, 0.00000, 0.66913, 0.74314, 0.00000, 0.00000, 0.00000, 0.00000, 1.00000, 0.00000, 3.03519, 26.12991, 3.09999, 1.00000, align = { 0.00000, 0.00000 }, ignore = { 19, 50 }, },
				{ 0.53288, -0.84619, 0.00000, 0.00000, 0.84619, 0.53288, 0.00000, 0.00000, -0.00000, -0.00000, 1.00000, 0.00000, 3.27683, 26.16119, 24.09999, 1.00000, align = { 0.00000, 0.00000 }, ignore = { 20, 50 }, },
				{ -0.86074, 0.50904, 0.00000, 0.00000, -0.50904, -0.86074, 0.00000, 0.00000, 0.00000, 0.00000, 1.00000, 0.00000, -3.90651, 8.39129, 24.09999, 1.00000, align = { 0.00000, 0.00000 }, },
			},
			["garden_table_round.grp"] = {
				{ 0.11840, -0.99297, -0.00000, 0.00000, 0.99297, 0.11840, 0.00000, 0.00000, -0.00000, -0.00000, 1.00000, 0.00000, -3.90651, 8.39129, 24.09999, 1.00000, align = { 0.00000, 0.00000 }, seed = 768, },
				{ -0.68200, -0.73135, 0.00000, 0.00000, 0.73135, -0.68200, -0.00000, 0.00000, 0.00000, -0.00000, 1.00000, 0.00000, 3.20570, 26.50068, 33.09998, 1.00000, align = { 0.00000, 0.00000 }, seed = 256, ignore = { 37, 10 }, },
				{ -0.68200, -0.73135, 0.00000, 0.00000, 0.73135, -0.68200, -0.00000, 0.00000, 0.00000, -0.00000, 1.00000, 0.00000, -5.56660, 17.06925, 39.09998, 1.00000, align = { 0.00000, 0.00000 }, seed = 256, ignore = { 38, 10 }, },
			},
			["random_shrub_town.grp"] = {
				{ 0.66959, -0.74273, 0.00000, 0.00000, 0.74273, 0.66959, 0.00000, 0.00000, 0.00000, 0.00000, 1.00000, 0.00000, 7.52693, 25.64292, 0.00000, 1.00000, },
				{ 0.64898, 0.76081, 0.00000, 0.00000, -0.76081, 0.64898, 0.00000, 0.00000, 0.00000, 0.00000, 1.00000, 0.00000, 7.52693, 23.39292, 0.00000, 1.00000, },
				{ -0.72495, -0.68880, 0.00000, 0.00000, 0.68880, -0.72495, 0.00000, 0.00000, 0.00000, 0.00000, 1.00000, 0.00000, 7.62693, 27.84292, 0.00000, 1.00000, },
				{ 0.94935, 0.31422, 0.00000, 0.00000, -0.31422, 0.94935, 0.00000, 0.00000, 0.00000, 0.00000, 1.00000, 0.00000, 8.40000, 7.66000, 0.00000, 1.00000, },
				{ 0.94935, 0.31422, 0.00000, 0.00000, -0.31422, 0.94935, 0.00000, 0.00000, 0.00000, 0.00000, 1.00000, 0.00000, -7.55000, 7.66000, 0.00000, 1.00000, },
				{ 0.45887, -0.88850, 0.00000, 0.00000, 0.88850, 0.45887, 0.00000, 0.00000, 0.00000, 0.00000, 1.00000, 0.00000, 8.25000, 4.31000, 0.00000, 1.00000, },
				{ 0.45887, -0.88850, 0.00000, 0.00000, 0.88850, 0.45887, 0.00000, 0.00000, 0.00000, 0.00000, 1.00000, 0.00000, -7.70000, 4.31000, 0.00000, 1.00000, },
				{ 0.36952, 0.92922, 0.00000, 0.00000, -0.92922, 0.36952, 0.00000, 0.00000, 0.00000, 0.00000, 1.00000, 0.00000, -7.70000, 9.86000, 0.00000, 1.00000, },
				{ -0.96356, -0.26747, 0.00000, 0.00000, 0.26747, -0.96356, 0.00000, 0.00000, 0.00000, 0.00000, 1.00000, 0.00000, 8.12000, 5.89000, 0.00000, 1.00000, },
				{ -0.96356, -0.26747, 0.00000, 0.00000, 0.26747, -0.96356, 0.00000, 0.00000, 0.00000, 0.00000, 1.00000, 0.00000, -7.83000, 5.89000, 0.00000, 1.00000, },
			},
		},
	},
}
--End Generated

function data()
	return townbuildingutil.make_building2(
		{ { -4.60, -0.10 }, { 4.60, -0.10 }, { 4.60, 9.10 }, { -4.60, 9.10 } },
		"RESIDENTIAL", 
		"B", 
		3,
		{ 3, 4 },
		generatedData,
		"construction/building/era_b/res_3_3x4_02.gtex"
	)
end
