local townbuildingutil = require "townbuildingutil"

--Model file: "building/era_b/res_1_3x4_03.mdl"

--Begin Generated
local generatedData = {
	["base"] = {
		models = {
			["building/era_b/res_1_3x4_03.mdl"] = {
				{ 1.00000, 0.00000, 0.00000, 0.00000, 0.00000, 1.00000, 0.00000, 0.00000, 0.00000, 0.00000, 1.00000, 0.00000, 0.00000, -3.50000, 0.00000, 1.00000, },
			},
		},
		curves = {
			["scaffold"] = {
				{ { 3.34070, 4.08001, 0.00000 }, { 3.34070, 4.08001, 0.00000 }, { 3.34070, 4.58355, 0.00000 }, { 3.34070, 4.58355, 0.00000 }, { 3.34070, 4.58355, 0.00000 }, { 6.61536, 4.58355, 0.00000 }, { 6.61536, 4.58355, 0.00000 }, { 6.61536, 4.58355, 0.00000 }, { 6.61554, 13.84635, 0.00000 }, { 6.61554, 13.84635, 0.00000 }, { 6.61554, 13.84635, 0.00000 }, { -6.29224, 13.84635, 0.00000 }, { -6.29224, 13.84635, 0.00000 }, { -6.29224, 13.84634, 0.00000 }, { -6.29236, 4.58355, 0.00000 }, { -6.29236, 4.58354, 0.00000 }, { -6.29236, 4.58354, 0.00000 }, { 1.09729, 4.58355, 0.00000 }, { 1.09729, 4.58355, 0.00000 }, { 1.09729, 4.58355, 0.00000 }, { 1.09729, 4.08001, 0.00000 }, { 1.09729, 4.08001, 0.00000 }, },
			},
			["shared/asphalt_01.gtex.lua;shared/dirt.gtex.lua"] = {
				{ { 4.14087, 0.00000, 0.00000 }, { 4.14087, 0.00000, -0.00000 }, { 4.14087, 3.98996, -0.00001 }, { 4.14087, 3.98996, -0.00001 }, { 4.14087, 3.98996, -0.00001 }, { 7.21545, 3.98996, -0.00001 }, { 7.21545, 3.98996, -0.00001 }, { 7.21545, 3.98996, -0.00001 }, { 7.21545, 14.53992, -0.00002 }, { 7.21545, 14.53992, -0.00002 }, { 7.21545, 14.53992, -0.00002 }, { -6.89221, 14.53992, -0.00001 }, { -6.89221, 14.53992, -0.00001 }, { -6.89221, 14.53992, -0.00001 }, { -6.89221, 3.98996, -0.00001 }, { -6.89221, 3.98996, -0.00001 }, { -6.89221, 3.98996, -0.00001 }, { 0.29736, 3.98996, -0.00001 }, { 0.29736, 3.98996, -0.00001 }, { 0.29736, 3.98996, -0.00001 }, { 0.29736, 0.00000, -0.00000 }, { 0.29736, 0.00000, 0.00000 }, },
			},
			["shared/grass_cutted_01.gtex.lua"] = {
				{ { -6.89221, 0.00000, 0.00000 }, { -6.89221, 0.00000, -0.00000 }, { -6.89221, 3.98996, -0.00001 }, { -6.89221, 3.98996, -0.00001 }, { -6.89221, 3.98996, -0.00001 }, { -6.89221, 14.53992, -0.00001 }, { -6.89221, 14.53992, -0.00001 }, { -6.89221, 14.53992, -0.00001 }, { -2.00000, 14.53992, -0.00000 }, { -2.00000, 14.53992, 0.00000 }, { -2.00000, 14.53993, 0.00000 }, { -2.00000, 21.00000, 0.00000 }, { -2.00000, 21.00000, 0.00000 }, { -2.00000, 21.00000, 0.00000 }, { -4.00000, 21.00000, 0.00000 }, { -4.00000, 21.00000, 0.00000 }, { -4.00000, 21.00000, 0.00000 }, { -4.00000, 19.00000, 0.00000 }, { -4.00000, 19.00000, 0.00000 }, { -4.00000, 19.00000, 0.00000 }, { -8.00000, 19.00000, 0.00000 }, { -8.00000, 19.00000, 0.00000 }, { -8.00000, 19.00000, 0.00000 }, { -8.00000, 26.00000, 0.00000 }, { -8.00000, 26.00000, 0.00000 }, { -8.00000, 26.00000, 0.00000 }, { -0.00000, 26.00000, 0.00000 }, { 0.00000, 26.00000, 0.00000 }, { 0.00000, 26.00000, 0.00000 }, { 0.00000, 32.00000, 0.00000 }, { 0.00000, 32.00000, 0.00000 }, { -0.00000, 32.00000, 0.00000 }, { -12.00000, 32.00000, 0.00000 }, { -12.00000, 32.00000, 0.00000 }, { -12.00000, 31.99999, 0.00000 }, { -12.00000, 0.00001, 0.00000 }, { -12.00000, 0.00000, 0.00000 }, },
				{ { 12.00000, 0.00000, 0.00000 }, { 12.00000, 0.00001, 0.00000 }, { 12.00000, 31.99999, 0.00000 }, { 12.00000, 32.00000, 0.00000 }, { 12.00000, 32.00000, 0.00000 }, { 0.00000, 32.00000, 0.00000 }, { 0.00000, 32.00000, 0.00000 }, { 0.00000, 32.00000, 0.00000 }, { 0.00000, 29.00000, 0.00000 }, { 0.00000, 29.00000, 0.00000 }, { 0.00000, 29.00000, 0.00000 }, { 7.00000, 29.00000, 0.00000 }, { 7.00000, 29.00000, 0.00000 }, { 7.00000, 29.00000, 0.00000 }, { 7.00000, 21.00000, 0.00000 }, { 7.00000, 21.00000, 0.00000 }, { 7.00000, 21.00000, 0.00000 }, { 0.00000, 21.00000, 0.00000 }, { 0.00000, 21.00000, 0.00000 }, { 0.00000, 21.00000, 0.00000 }, { 0.00000, 14.53993, 0.00000 }, { 0.00000, 14.53992, 0.00000 }, { 0.00000, 14.53992, -0.00000 }, { 7.21545, 14.53992, -0.00002 }, { 7.21545, 14.53992, -0.00002 }, { 7.21545, 14.53992, -0.00002 }, { 7.21545, 3.98996, -0.00001 }, { 7.21545, 3.98996, -0.00001 }, { 7.21545, 3.98996, -0.00001 }, { 7.21545, 0.00000, -0.00000 }, { 7.21545, 0.00000, 0.00000 }, },
			},
			["shared/gravel_02.gtex.lua"] = {
				{ { 0.29736, 0.00000, -0.00000 }, { 0.29736, 0.00000, -0.00000 }, { 0.29736, 3.98996, -0.00001 }, { 0.29736, 3.98996, -0.00001 }, { 0.29736, 3.98996, -0.00001 }, { -6.89221, 3.98996, -0.00001 }, { -6.89221, 3.98996, -0.00001 }, { -6.89221, 3.98996, -0.00001 }, { -6.89221, 0.00000, -0.00000 }, { -6.89221, 0.00000, 0.00000 }, },
				{ { 7.21545, 0.00000, 0.00000 }, { 7.21545, 0.00000, 0.00000 }, { 7.21545, 3.98996, -0.00001 }, { 7.21545, 3.98996, -0.00001 }, { 7.21545, 3.98996, -0.00001 }, { 4.14087, 3.98996, -0.00001 }, { 4.14087, 3.98996, -0.00001 }, { 4.14087, 3.98996, -0.00001 }, { 4.14087, 0.00000, -0.00000 }, { 4.14087, 0.00000, 0.00000 }, },
				{ { 0.00000, 14.53992, 0.00000 }, { 0.00000, 14.53992, 0.00000 }, { 0.00000, 21.00000, 0.00000 }, { 0.00000, 21.00000, 0.00000 }, { 0.00000, 21.00000, 0.00000 }, { 7.00000, 21.00000, 0.00000 }, { 7.00000, 21.00000, 0.00000 }, { 7.00000, 21.00000, 0.00000 }, { 7.00000, 29.00000, 0.00000 }, { 7.00000, 29.00000, 0.00000 }, { 7.00000, 29.00000, 0.00000 }, { 0.00000, 29.00000, 0.00000 }, { 0.00000, 29.00000, 0.00000 }, { 0.00000, 29.00000, 0.00000 }, { 0.00000, 26.00000, 0.00000 }, { 0.00000, 26.00000, 0.00000 }, { -0.00000, 26.00000, 0.00000 }, { -8.00000, 26.00000, 0.00000 }, { -8.00000, 26.00000, 0.00000 }, { -8.00000, 26.00000, 0.00000 }, { -8.00000, 19.00000, 0.00000 }, { -8.00000, 19.00000, 0.00000 }, { -8.00000, 19.00000, 0.00000 }, { -4.00000, 19.00000, 0.00000 }, { -4.00000, 19.00000, 0.00000 }, { -4.00000, 19.00000, 0.00000 }, { -4.00000, 21.00000, 0.00000 }, { -4.00000, 21.00000, 0.00000 }, { -4.00000, 21.00000, 0.00000 }, { -2.00000, 21.00000, 0.00000 }, { -2.00000, 21.00000, 0.00000 }, { -2.00000, 21.00000, 0.00000 }, { -2.00000, 14.53992, 0.00000 }, { -2.00000, 14.53992, 0.00000 }, },
			},
		},
	},
	["layout_1"] = {
		models = {
			["asset/ground/container_small_steel.mdl"] = {
				{ 0.65342, 0.75700, 0.00000, 0.00000, -0.75700, 0.65342, 0.00000, 0.00000, 0.00000, 0.00000, 1.00000, 0.00000, 4.29649, 1.44000, -0.00000, 1.00000, ignore = { 13, 50 }, },
			},
			["asset/ground/container_wood.mdl"] = {
				{ -0.00000, 1.00000, 0.00000, 0.00000, -1.00000, -0.00000, 0.00000, 0.00000, 0.00000, 0.00000, 1.00000, 0.00000, 0.85000, 27.45000, 0.00000, 1.00000, ignore = { 10, 50 }, },
			},
			["asset/ground/garden_chair_plastic_01.mdl"] = {
				{ -0.82511, 0.56497, -0.00000, 0.00000, -0.56497, -0.82511, -0.00000, 0.00000, -0.00000, 0.00000, 1.00000, 0.00000, 3.27000, 22.91000, -0.00000, 1.00000, ignore = { 2, 10 }, },
				{ -0.04362, 0.99905, 0.00000, 0.00000, -0.99905, -0.04362, -0.00000, 0.00000, -0.00000, -0.00000, 1.00000, 0.00000, 2.66000, 23.78000, -0.00000, 1.00000, ignore = { 3, 25 }, },
				{ 0.91914, 0.39394, 0.00000, 0.00000, -0.39394, 0.91914, -0.00000, 0.00000, -0.00000, 0.00000, 1.00000, 0.00000, 3.27000, 24.82000, -0.00000, 1.00000, ignore = { 4, 25 }, },
				{ 0.91914, -0.39394, 0.00000, 0.00000, 0.39394, 0.91914, 0.00000, 0.00000, -0.00000, 0.00000, 1.00000, 0.00000, 4.31000, 24.83000, 0.00000, 1.00000, ignore = { 5, 50 }, },
				{ -0.13572, -0.99075, 0.00000, 0.00000, 0.99075, -0.13572, 0.00000, 0.00000, -0.00000, 0.00000, 1.00000, 0.00000, 4.87000, 23.78000, 0.00000, 1.00000, ignore = { 6, 10 }, },
				{ -0.73610, -0.67688, -0.00000, 0.00000, 0.67688, -0.73610, 0.00000, 0.00000, -0.00000, 0.00000, 1.00000, 0.00000, 4.43000, 22.89000, 0.00000, 1.00000, ignore = { 7, 25 }, },
				{ 0.96410, -0.26556, 0.00000, 0.00000, 0.26556, 0.96410, 0.00000, 0.00000, 0.00000, 0.00000, 1.00000, 0.00000, -5.20000, 23.73000, 0.00000, 1.00000, },
				{ 0.87631, 0.48175, 0.00000, 0.00000, -0.48175, 0.87631, 0.00000, 0.00000, 0.00000, 0.00000, 1.00000, 0.00000, -6.63000, 23.60000, 0.00000, 1.00000, },
			},
			["asset/ground/garden_table_wood_02.mdl"] = {
				{ 1.00000, 0.00000, 0.00000, 0.00000, 0.00000, 1.00000, -0.00000, 0.00000, -0.00000, 0.00000, 1.00000, 0.00000, 3.80000, 23.81745, 0.00000, 1.00000, },
			},
			["asset/vegetation/hedge_m.mdl"] = {
				{ -1.00000, -0.00000, -0.00000, 0.00000, 0.00000, -1.00000, -0.00000, 0.00000, -0.00000, -0.00000, 1.00000, 0.00000, -6.44357, 1.64143, -0.20000, 1.00000, },
				{ -1.00000, -0.00000, -0.00000, 0.00000, 0.00000, -1.00000, -0.00000, 0.00000, -0.00000, -0.00000, 1.00000, 0.00000, -11.42357, 1.64143, -0.20000, 1.00000, },
				{ -1.00000, -0.00000, -0.00000, 0.00000, 0.00000, -1.00000, -0.00000, 0.00000, -0.00000, -0.00000, 1.00000, 0.00000, -11.42357, 5.48143, -0.20000, 1.00000, },
				{ -1.00000, -0.00000, -0.00000, 0.00000, 0.00000, -1.00000, -0.00000, 0.00000, -0.00000, -0.00000, 1.00000, 0.00000, 7.00643, 1.64143, -0.20000, 1.00000, },
				{ 0.00000, -1.00000, 0.00000, 0.00000, 1.00000, 0.00000, -0.00000, 0.00000, -0.00000, 0.00000, 1.00000, 0.00000, -6.83107, 0.69393, -0.20000, 1.00000, },
				{ 0.00000, -1.00000, 0.00000, 0.00000, 1.00000, 0.00000, -0.00000, 0.00000, -0.00000, 0.00000, 1.00000, 0.00000, -10.97107, 0.69393, -0.20000, 1.00000, },
				{ 0.00000, -1.00000, 0.00000, 0.00000, 1.00000, 0.00000, -0.00000, 0.00000, -0.00000, 0.00000, 1.00000, 0.00000, -7.83107, 0.69393, -0.20000, 1.00000, },
				{ 0.00000, -1.00000, 0.00000, 0.00000, 1.00000, 0.00000, -0.00000, 0.00000, -0.00000, 0.00000, 1.00000, 0.00000, -9.10107, 0.69393, -0.20000, 1.00000, },
				{ -1.00000, -0.00000, -0.00000, 0.00000, 0.00000, -1.00000, -0.00000, 0.00000, -0.00000, -0.00000, 1.00000, 0.00000, -6.44357, 3.81143, -0.20000, 1.00000, },
				{ -1.00000, -0.00000, -0.00000, 0.00000, 0.00000, -1.00000, -0.00000, 0.00000, -0.00000, -0.00000, 1.00000, 0.00000, -11.42357, 3.81143, -0.20000, 1.00000, },
				{ -1.00000, -0.00000, -0.00000, 0.00000, 0.00000, -1.00000, -0.00000, 0.00000, -0.00000, -0.00000, 1.00000, 0.00000, 7.00643, 3.81143, -0.20000, 1.00000, },
				{ 0.00000, -1.00000, 0.00000, 0.00000, 1.00000, 0.00000, -0.00000, 0.00000, -0.00000, 0.00000, 1.00000, 0.00000, 10.05893, 0.69393, -0.20000, 1.00000, },
				{ 1.00000, -0.00000, 0.00000, 0.00000, 0.00000, 1.00000, -0.00000, 0.00000, -0.00000, 0.00000, 1.00000, 0.00000, -6.44357, 2.81143, -0.20000, 1.00000, },
				{ 1.00000, -0.00000, 0.00000, 0.00000, 0.00000, 1.00000, -0.00000, 0.00000, -0.00000, 0.00000, 1.00000, 0.00000, -11.42357, 2.81143, -0.20000, 1.00000, },
				{ 1.00000, -0.00000, 0.00000, 0.00000, 0.00000, 1.00000, -0.00000, 0.00000, -0.00000, 0.00000, 1.00000, 0.00000, -11.42357, 6.65143, -0.20000, 1.00000, },
				{ 1.00000, -0.00000, 0.00000, 0.00000, 0.00000, 1.00000, -0.00000, 0.00000, -0.00000, 0.00000, 1.00000, 0.00000, 7.00643, 2.81143, -0.20000, 1.00000, },
				{ 0.00000, 1.00000, 0.00000, 0.00000, -1.00000, 0.00000, 0.00000, 0.00000, -0.00000, -0.00000, 1.00000, 0.00000, -10.22107, 0.69393, -0.20000, 1.00000, },
				{ 0.00000, 1.00000, 0.00000, 0.00000, -1.00000, 0.00000, 0.00000, 0.00000, -0.00000, -0.00000, 1.00000, 0.00000, 10.99893, 0.69393, -0.20000, 1.00000, },
				{ -0.00000, -1.00000, -0.00000, 0.00000, 1.00000, -0.00000, 0.00000, 0.00000, -0.00000, 0.00000, 1.00000, 0.00000, 7.39893, 0.69393, -0.20000, 1.00000, },
				{ 0.00000, 1.00000, 0.00000, 0.00000, -1.00000, 0.00000, 0.00000, 0.00000, -0.00000, -0.00000, 1.00000, 0.00000, 8.74893, 0.69393, -0.20000, 1.00000, },
			},
		},
		groups = {
			["era_a_garden_bench.grp"] = {
				{ 1.00000, -0.00000, 0.00000, 0.00000, 0.00000, 1.00000, 0.00000, 0.00000, -0.00000, -0.00000, 1.00000, 0.00000, -2.31000, 4.17000, 0.00000, 1.00000, ignore = { 11, 25 }, },
			},
			["era_a_garden_ladder.grp"] = {
				{ 0.46020, 0.88782, 0.00000, 0.00000, -0.88782, 0.46020, 0.00000, 0.00000, 0.00000, 0.00000, 1.00000, 0.00000, 7.95000, 16.43000, 0.00000, 1.00000, ignore = { 9, 25 }, },
				{ 0.97437, 0.22495, 0.00000, 0.00000, -0.22495, 0.97437, 0.00000, 0.00000, 0.00000, 0.00000, 1.00000, 0.00000, 5.10000, 2.83000, 0.00000, 1.00000, ignore = { 13, 50 }, },
			},
			["era_b_garden_swing.grp"] = {
				{ -1.00000, -0.00000, 0.00000, 0.00000, 0.00000, -1.00000, 0.00000, 0.00000, 0.00000, 0.00000, 1.00000, 0.00000, -5.88000, 20.18000, 0.00000, 1.00000, ignore = { 8, 25 }, },
			},
			["era_b_sunshade_large.grp"] = {
				{ -0.32887, -0.94438, -0.00000, 0.00000, 0.94438, -0.32887, 0.00000, 0.00000, -0.00000, 0.00000, 1.00000, 0.00000, 3.80000, 23.81745, 0.00000, 1.00000, },
			},
			["era_b_sunshade_small.grp"] = {
				{ 0.36511, -0.76205, 0.00000, 0.00000, 0.76205, 0.36511, 0.00000, 0.00000, 0.00000, 0.00000, 0.84500, 0.00000, -5.98000, 23.97000, 0.00000, 1.00000, ignore = { 12, 25 }, },
			},
			["random_large_tree_town.grp"] = {
				{ 0.49242, -0.87036, 0.00000, 0.00000, 0.87036, 0.49242, 0.00000, 0.00000, 0.00000, 0.00000, 1.00000, 0.00000, -2.35000, 29.95000, 0.00000, 1.00000, },
				{ -0.76085, 0.24721, 0.00000, 0.00000, -0.24721, -0.76085, 0.00000, 0.00000, 0.00000, 0.00000, 0.80000, 0.00000, -10.35000, 29.00000, 0.00000, 1.00000, },
			},
			["random_medium_tree_town.grp"] = {
				{ 0.71583, -0.13796, 0.00000, 0.00000, 0.13796, 0.71583, 0.00000, 0.00000, 0.00000, 0.00000, 0.72900, 0.00000, -2.13681, 27.20000, 0.00000, 1.00000, },
				{ 0.89035, -0.13147, 0.00000, 0.00000, 0.13147, 0.89035, -0.00000, 0.00000, -0.00000, 0.00000, 0.90000, 0.00000, -7.01000, 30.26000, 0.00000, 1.00000, },
				{ 0.39595, -0.80822, 0.00000, 0.00000, 0.80822, 0.39595, -0.00000, 0.00000, -0.00000, 0.00000, 0.90000, 0.00000, -8.71000, 16.41000, 0.00000, 1.00000, },
				{ -0.37036, -0.82026, 0.00000, 0.00000, 0.82026, -0.37036, -0.00000, 0.00000, 0.00000, 0.00000, 0.90000, 0.00000, 8.99000, 19.91000, 0.00000, 1.00000, },
				{ 0.95981, -0.28067, 0.00000, 0.00000, 0.28067, 0.95981, -0.00000, 0.00000, -0.00000, 0.00000, 1.00000, 0.00000, 9.14000, 25.51000, 0.00000, 1.00000, },
				{ 0.86382, -0.25260, 0.00000, 0.00000, 0.25260, 0.86382, -0.00000, 0.00000, -0.00000, 0.00000, 0.90000, 0.00000, 10.24000, 30.76000, 0.00000, 1.00000, },
			},
			["random_shrub_town.grp"] = {
				{ 1.00000, 0.00000, 0.00000, 0.00000, 0.00000, 1.00000, 0.00000, 0.00000, 0.00000, 0.00000, 1.00000, 0.00000, -3.08000, 27.80000, 0.00000, 1.00000, },
				{ -0.24531, 0.96945, 0.00000, 0.00000, -0.96945, -0.24531, 0.00000, 0.00000, 0.00000, 0.00000, 1.00000, 0.00000, -0.79000, 28.52000, 0.00000, 1.00000, },
				{ 0.96222, -0.27228, 0.00000, 0.00000, 0.27228, 0.96222, 0.00000, 0.00000, 0.00000, 0.00000, 1.00000, 0.00000, 1.36000, 19.74000, 0.00000, 1.00000, },
				{ -0.09237, -0.99572, 0.00000, 0.00000, 0.99572, -0.09237, 0.00000, 0.00000, 0.00000, 0.00000, 1.00000, 0.00000, 3.46000, 19.76000, 0.00000, 1.00000, },
				{ -0.87292, -0.48786, 0.00000, 0.00000, 0.48786, -0.87292, 0.00000, 0.00000, 0.00000, 0.00000, 1.00000, 0.00000, -8.73000, 19.48000, 0.00000, 1.00000, },
				{ 0.95732, -0.28903, 0.00000, 0.00000, 0.28903, 0.95732, 0.00000, 0.00000, 0.00000, 0.00000, 1.00000, 0.00000, -8.73000, 21.73000, 0.00000, 1.00000, },
				{ -0.11840, -0.99297, 0.00000, 0.00000, 0.99297, -0.11840, 0.00000, 0.00000, 0.00000, 0.00000, 1.00000, 0.00000, -8.83000, 23.53000, 0.00000, 1.00000, },
				{ 0.95213, -0.30570, 0.00000, 0.00000, 0.30570, 0.95213, 0.00000, 0.00000, 0.00000, 0.00000, 1.00000, 0.00000, -8.83000, 25.13000, 0.00000, 1.00000, },
				{ 0.06279, 0.99803, 0.00000, 0.00000, -0.99803, 0.06279, 0.00000, 0.00000, 0.00000, 0.00000, 1.00000, 0.00000, 1.13000, 17.19000, 0.00000, 1.00000, },
				{ -0.87292, -0.48786, 0.00000, 0.00000, 0.48786, -0.87292, 0.00000, 0.00000, 0.00000, 0.00000, 1.00000, 0.00000, -1.11000, 26.06000, 0.00000, 1.00000, },
				{ 0.99540, -0.09585, 0.00000, 0.00000, 0.09585, 0.99540, 0.00000, 0.00000, 0.00000, 0.00000, 1.00000, 0.00000, 1.24000, 15.37000, 0.00000, 1.00000, },
				{ 0.89101, 0.45399, 0.00000, 0.00000, -0.45399, 0.89101, 0.00000, 0.00000, 0.00000, 0.00000, 1.00000, 0.00000, 5.52000, 19.89000, 0.00000, 1.00000, },
			},
			["random_shrub_town_fence.grp"] = {
				{ 0.95429, 0.29887, 0.00000, 0.00000, -0.29887, 0.95429, -0.00000, 0.00000, -0.00000, -0.00000, 1.00000, 0.00000, 11.24429, 10.00286, 0.00000, 1.00000, },
				{ 0.95429, 0.29887, 0.00000, 0.00000, -0.29887, 0.95429, -0.00000, 0.00000, -0.00000, -0.00000, 1.00000, 0.00000, -11.25571, 10.00286, 0.00000, 1.00000, },
				{ 0.95429, 0.29887, 0.00000, 0.00000, -0.29887, 0.95429, -0.00000, 0.00000, -0.00000, -0.00000, 1.00000, 0.00000, 11.24429, 19.45286, 0.00000, 1.00000, },
				{ -0.20316, -0.97914, -0.00000, 0.00000, 0.97914, -0.20316, -0.00000, 0.00000, -0.00000, -0.00000, 1.00000, 0.00000, 11.28429, 11.70286, 0.00000, 1.00000, },
				{ -0.20316, -0.97914, -0.00000, 0.00000, 0.97914, -0.20316, -0.00000, 0.00000, -0.00000, -0.00000, 1.00000, 0.00000, -11.21571, 11.70286, 0.00000, 1.00000, },
				{ -0.20316, -0.97914, -0.00000, 0.00000, 0.97914, -0.20316, -0.00000, 0.00000, -0.00000, -0.00000, 1.00000, 0.00000, 11.28429, 21.15286, 0.00000, 1.00000, },
				{ -0.97014, -0.24256, -0.00000, 0.00000, 0.24256, -0.97014, -0.00000, 0.00000, -0.00000, -0.00000, 1.00000, 0.00000, 11.18428, 7.01286, 0.00000, 1.00000, },
				{ -0.97014, -0.24256, -0.00000, 0.00000, 0.24256, -0.97014, -0.00000, 0.00000, -0.00000, -0.00000, 1.00000, 0.00000, 11.18428, 16.46286, 0.00000, 1.00000, },
				{ 0.68861, 0.72513, 0.00000, 0.00000, -0.72513, 0.68861, -0.00000, 0.00000, -0.00000, -0.00000, 1.00000, 0.00000, 11.31428, 8.50286, 0.00000, 1.00000, },
				{ 0.68861, 0.72513, 0.00000, 0.00000, -0.72513, 0.68861, -0.00000, 0.00000, -0.00000, -0.00000, 1.00000, 0.00000, -11.18571, 8.50286, 0.00000, 1.00000, },
				{ 0.68861, 0.72513, 0.00000, 0.00000, -0.72513, 0.68861, -0.00000, 0.00000, -0.00000, -0.00000, 1.00000, 0.00000, 11.31428, 17.95286, 0.00000, 1.00000, },
				{ 0.24256, -0.97014, 0.00000, 0.00000, 0.97014, 0.24256, -0.00000, 0.00000, 0.00000, 0.00000, 1.00000, 0.00000, 11.18428, 6.01286, 0.00000, 1.00000, },
				{ 0.24256, -0.97014, 0.00000, 0.00000, 0.97014, 0.24256, -0.00000, 0.00000, 0.00000, 0.00000, 1.00000, 0.00000, 11.18428, 15.46286, 0.00000, 1.00000, },
				{ 0.24256, -0.97014, 0.00000, 0.00000, 0.97014, 0.24256, -0.00000, 0.00000, 0.00000, 0.00000, 1.00000, 0.00000, -11.31571, 15.46286, 0.00000, 1.00000, },
				{ 0.24256, -0.97014, 0.00000, 0.00000, 0.97014, 0.24256, -0.00000, 0.00000, 0.00000, 0.00000, 1.00000, 0.00000, -11.31571, 17.36286, 0.00000, 1.00000, },
				{ 0.97014, 0.24256, 0.00000, 0.00000, -0.24256, 0.97014, -0.00000, 0.00000, -0.00000, -0.00000, 1.00000, 0.00000, 11.18428, 5.01286, 0.00000, 1.00000, },
				{ 0.97014, 0.24256, 0.00000, 0.00000, -0.24256, 0.97014, -0.00000, 0.00000, -0.00000, -0.00000, 1.00000, 0.00000, 11.18428, 1.96286, 0.00000, 1.00000, },
				{ 0.97014, 0.24256, 0.00000, 0.00000, -0.24256, 0.97014, -0.00000, 0.00000, -0.00000, -0.00000, 1.00000, 0.00000, 11.18428, 14.46286, 0.00000, 1.00000, },
				{ 0.97014, 0.24256, 0.00000, 0.00000, -0.24256, 0.97014, -0.00000, 0.00000, -0.00000, -0.00000, 1.00000, 0.00000, -11.31571, 14.46286, 0.00000, 1.00000, },
				{ 0.97014, 0.24256, 0.00000, 0.00000, -0.24256, 0.97014, -0.00000, 0.00000, -0.00000, -0.00000, 1.00000, 0.00000, 11.13428, 3.51286, 0.00000, 1.00000, },
				{ 0.97014, 0.24256, 0.00000, 0.00000, -0.24256, 0.97014, -0.00000, 0.00000, -0.00000, -0.00000, 1.00000, 0.00000, 11.13428, 12.96286, 0.00000, 1.00000, },
				{ 0.97014, 0.24256, 0.00000, 0.00000, -0.24256, 0.97014, -0.00000, 0.00000, -0.00000, -0.00000, 1.00000, 0.00000, -11.36572, 12.96286, 0.00000, 1.00000, },
			},
		},
	},
}
--End Generated

function data()
	return townbuildingutil.make_building2(
		{ { -4.60, -0.10 }, { 4.60, -0.10 }, { 4.60, 9.10 }, { -4.60, 9.10 } },
		"RESIDENTIAL", 
		"B", 
		1,
		{ 3, 4 },
		generatedData,
		"construction/building/era_b/res_1_3x4_03.gtex"
	)
end
