local townbuildingutil = require "townbuildingutil"

--Model file: "building/era_b/res_1_2x2_01.mdl"

--Begin Generated
local generatedData = {
	["base"] = {
		models = {
			["building/era_b/res_1_2x2_01.mdl"] = {
				{ 1.00000, 0.00000, 0.00000, 0.00000, 0.00000, 1.00000, 0.00000, 0.00000, 0.00000, 0.00000, 1.00000, 0.00000, 0.00000, 0.00000, 0.00000, 1.00000, },
			},
		},
		curves = {
			["scaffold"] = {
				{ { 2.77502, 2.51478, 0.00000 }, { 2.77502, 2.51478, 0.00000 }, { 2.77502, 3.61252, 0.00000 }, { 2.77502, 3.61252, 0.00000 }, { 2.77502, 3.61252, 0.00000 }, { 4.55813, 3.61252, 0.00000 }, { 4.55813, 3.61252, 0.00000 }, { 4.55813, 3.61252, 0.00000 }, { 4.55813, 9.75197, 0.00000 }, { 4.55813, 9.75197, 0.00000 }, { 4.55813, 9.75197, 0.00000 }, { -4.08059, 9.75197, 0.00000 }, { -4.08059, 9.75197, 0.00000 }, { -4.08059, 9.75196, 0.00000 }, { -4.07387, 3.61944, 0.00000 }, { -4.07387, 3.61944, 0.00000 }, { -4.07387, 3.61944, 0.00000 }, { -1.61377, 3.61944, 0.00000 }, { -1.61376, 3.61944, 0.00000 }, { -1.61376, 3.61944, 0.00000 }, { -1.61377, 2.51478, 0.00000 }, { -1.61377, 2.51478, 0.00000 }, },
			},
			["shared/asphalt_01.gtex.lua;shared/dirt.gtex.lua"] = {
				{ { 1.28625, 0.00000, 0.00000 }, { 1.28625, 0.00000, -0.00000 }, { 1.28625, 1.61090, -0.00000 }, { 1.28625, 1.61090, -0.00000 }, { 1.28625, 1.61090, -0.00000 }, { 1.28625, 2.99536, -0.00000 }, { 1.28625, 2.99536, -0.00000 }, { 1.28626, 2.99536, -0.00000 }, { 5.17529, 2.99536, 0.00001 }, { 5.17529, 2.99536, 0.00001 }, { 5.17529, 2.99536, 0.00001 }, { 5.17529, 10.36912, 0.00000 }, { 5.17529, 10.36912, 0.00000 }, { 5.17529, 10.36912, 0.00000 }, { -4.69766, 10.36912, 0.00004 }, { -4.69766, 10.36912, 0.00004 }, { -4.69766, 10.36912, 0.00004 }, { -4.69766, 2.99536, 0.00004 }, { -4.69766, 2.99536, 0.00004 }, { -4.69766, 2.99536, 0.00004 }, { -2.51379, 2.99536, -0.00000 }, { -2.51379, 2.99536, -0.00000 }, { -2.51379, 2.99536, -0.00000 }, { -2.51379, 1.61090, -0.00000 }, { -2.51379, 1.61090, -0.00000 }, { -2.51379, 1.61090, -0.00000 }, { -2.51379, 0.00000, -0.00000 }, { -2.51379, 0.00000, 0.00000 }, },
			},
			["shared/grass_cutted_01.gtex.lua"] = {
				{ { -2.51379, 0.00000, -0.00000 }, { -2.51379, 0.00000, -0.00000 }, { -2.51379, 2.99536, -0.00000 }, { -2.51379, 2.99536, -0.00000 }, { -2.51379, 2.99536, -0.00000 }, { -4.69766, 2.99536, 0.00004 }, { -4.69766, 2.99536, 0.00004 }, { -4.69766, 2.99536, 0.00004 }, { -4.69766, 10.36912, 0.00004 }, { -4.69766, 10.36912, 0.00004 }, { -4.69766, 10.36912, 0.00004 }, { -6.00000, 10.36912, 0.00000 }, { -6.00000, 10.36912, 0.00000 }, { -6.00000, 10.36912, 0.00000 }, { -6.00000, 14.00000, 0.00000 }, { -6.00000, 14.00000, 0.00000 }, { -6.00000, 14.00000, 0.00000 }, { -8.00000, 14.00000, 0.00000 }, { -8.00000, 14.00000, 0.00000 }, { -8.00000, 14.00000, 0.00000 }, { -8.00000, 0.00000, 0.00000 }, { -8.00000, 0.00000, 0.00000 }, },
				{ { 8.00000, 0.00000, 0.00000 }, { 8.00000, 0.00000, 0.00000 }, { 8.00000, 16.00000, 0.00000 }, { 8.00000, 16.00000, 0.00000 }, { 8.00000, 16.00000, 0.00000 }, { -8.00000, 16.00000, 0.00000 }, { -8.00000, 16.00000, 0.00000 }, { -8.00000, 16.00000, 0.00000 }, { -8.00000, 14.00000, 0.00000 }, { -8.00000, 14.00000, 0.00000 }, { -8.00000, 14.00000, 0.00000 }, { 3.00000, 14.00000, 0.00000 }, { 3.00000, 14.00000, 0.00000 }, { 3.00000, 14.00000, 0.00000 }, { 3.00000, 11.50000, 0.00000 }, { 3.00000, 11.50000, 0.00000 }, { 3.00000, 11.50000, 0.00000 }, { 6.50000, 11.50000, 0.00000 }, { 6.50000, 11.50000, 0.00000 }, { 6.50000, 11.50000, -0.00000 }, { 6.50000, 1.61090, -0.00000 }, { 6.50000, 1.61090, -0.00000 }, { 6.50000, 1.61090, -0.00000 }, { 1.28626, 1.61090, -0.00000 }, { 1.28625, 1.61090, -0.00000 }, { 1.28625, 1.61090, -0.00000 }, { 1.28625, 0.00000, -0.00000 }, { 1.28625, 0.00000, 0.00000 }, },
			},
			["shared/gravel_02.gtex.lua;shared/border2.gtex.lua"] = {
				{ { 1.28625, 1.61090, -0.00000 }, { 1.28626, 1.61090, -0.00000 }, { 6.50000, 1.61090, -0.00000 }, { 6.50000, 1.61090, 0.00000 }, { 6.50000, 1.61090, 0.00000 }, { 6.50000, 11.50000, 0.00000 }, { 6.50000, 11.50000, 0.00000 }, { 6.50000, 11.50000, 0.00000 }, { 3.00000, 11.50000, 0.00000 }, { 3.00000, 11.50000, 0.00000 }, { 3.00000, 11.50000, 0.00000 }, { 3.00000, 14.00000, 0.00000 }, { 3.00000, 14.00000, 0.00000 }, { 3.00000, 14.00000, 0.00000 }, { -6.00000, 14.00000, 0.00000 }, { -6.00000, 14.00000, 0.00000 }, { -6.00000, 14.00000, 0.00000 }, { -6.00000, 10.36912, 0.00000 }, { -6.00000, 10.36912, 0.00000 }, { -6.00000, 10.36912, 0.00000 }, { -4.69766, 10.36912, 0.00004 }, { -4.69766, 10.36912, 0.00004 }, { -4.69766, 10.36912, 0.00004 }, { 5.17529, 10.36912, 0.00000 }, { 5.17529, 10.36912, 0.00000 }, { 5.17529, 10.36912, 0.00000 }, { 5.17529, 2.99536, 0.00001 }, { 5.17529, 2.99536, 0.00001 }, { 5.17529, 2.99536, 0.00001 }, { 1.28626, 2.99536, -0.00000 }, { 1.28625, 2.99536, -0.00000 }, },
			},
		},
	},
	["layout_1"] = {
		models = {
			["asset/ground/garden_chair_plastic_01.mdl"] = {
				{ -0.04362, 0.99905, 0.00000, 0.00000, -0.99905, -0.04362, -0.00000, 0.00000, -0.00000, -0.00000, 1.00000, 0.00000, 0.13000, 11.99000, -0.00000, 1.00000, },
				{ 0.91914, 0.39394, 0.00000, 0.00000, -0.39394, 0.91914, -0.00000, 0.00000, -0.00000, 0.00000, 1.00000, 0.00000, 0.74000, 13.03000, -0.00000, 1.00000, ignore = { 3, 50 }, },
				{ 0.91914, -0.39394, 0.00000, 0.00000, 0.39394, 0.91914, 0.00000, 0.00000, -0.00000, 0.00000, 1.00000, 0.00000, 1.78000, 13.04000, 0.00000, 1.00000, },
				{ -0.13572, -0.99075, 0.00000, 0.00000, 0.99075, -0.13572, 0.00000, 0.00000, -0.00000, 0.00000, 1.00000, 0.00000, 2.34000, 11.99000, 0.00000, 1.00000, ignore = { 4, 25 }, },
				{ -0.73610, -0.67688, -0.00000, 0.00000, 0.67688, -0.73610, 0.00000, 0.00000, -0.00000, 0.00000, 1.00000, 0.00000, 1.90000, 11.10000, 0.00000, 1.00000, ignore = { 5, 50 }, },
				{ -0.82511, 0.56497, -0.00000, 0.00000, -0.56497, -0.82511, -0.00000, 0.00000, -0.00000, 0.00000, 1.00000, 0.00000, 0.74000, 11.12000, -0.00000, 1.00000, },
			},
			["asset/ground/garden_table_wood_02.mdl"] = {
				{ 1.00000, 0.00000, 0.00000, 0.00000, 0.00000, 1.00000, -0.00000, 0.00000, -0.00000, 0.00000, 1.00000, 0.00000, 1.27000, 12.02745, 0.00000, 1.00000, },
			},
			["asset/vegetation/hedge_m.mdl"] = {
				{ -0.00000, -1.00000, 0.00000, 0.00000, 1.00000, -0.00000, 0.00000, 0.00000, 0.00000, 0.00000, 1.00000, 0.00000, 2.43000, 0.54000, -0.20000, 1.00000, },
				{ -0.00000, -1.00000, 0.00000, 0.00000, 1.00000, -0.00000, 0.00000, 0.00000, 0.00000, 0.00000, 1.00000, 0.00000, -6.98000, 0.54000, -0.20000, 1.00000, },
				{ -0.00000, 1.00000, 0.00000, 0.00000, -1.00000, -0.00000, 0.00000, 0.00000, 0.00000, 0.00000, 1.00000, 0.00000, 3.81000, 0.54000, -0.20000, 1.00000, },
				{ -0.00000, 1.00000, 0.00000, 0.00000, -1.00000, -0.00000, 0.00000, 0.00000, 0.00000, 0.00000, 1.00000, 0.00000, 6.93000, 0.54000, -0.20000, 1.00000, },
				{ -0.00000, 1.00000, 0.00000, 0.00000, -1.00000, -0.00000, 0.00000, 0.00000, 0.00000, 0.00000, 1.00000, 0.00000, -3.54000, 0.54000, -0.20000, 1.00000, },
				{ -0.00000, -1.00000, 0.00000, 0.00000, 1.00000, -0.00000, 0.00000, 0.00000, 0.00000, 0.00000, 1.00000, 0.00000, 5.49000, 0.54000, -0.20000, 1.00000, },
				{ -0.00000, -1.00000, 0.00000, 0.00000, 1.00000, -0.00000, 0.00000, 0.00000, 0.00000, 0.00000, 1.00000, 0.00000, -5.26000, 0.54000, -0.20000, 1.00000, },
			},
		},
		groups = {
			["era_a_garden_bench.grp"] = {
				{ -0.00000, 1.00000, 0.00000, 0.00000, -1.00000, -0.00000, 0.00000, 0.00000, 0.00000, 0.00000, 1.00000, 0.00000, 4.64000, 6.65000, 0.00000, 1.00000, },
			},
			["era_b_garden_swing.grp"] = {
				{ 0.09758, 0.99523, 0.00000, 0.00000, -0.99523, 0.09758, 0.00000, 0.00000, 0.00000, 0.00000, 1.00000, 0.00000, -4.73000, 12.36000, 0.00000, 1.00000, ignore = { 2, 25 }, },
			},
			["era_b_sunshade_large.grp"] = {
				{ -0.32887, -0.94438, -0.00000, 0.00000, 0.94438, -0.32887, 0.00000, 0.00000, -0.00000, 0.00000, 1.00000, 0.00000, 1.27000, 12.02745, 0.00000, 1.00000, },
			},
			["random_medium_tree_town.grp"] = {
				{ 1.00000, 0.00000, 0.00000, 0.00000, 0.00000, 1.00000, 0.00000, 0.00000, 0.00000, 0.00000, 1.00000, 0.00000, 5.95000, 13.95000, 0.00000, 1.00000, },
			},
			["random_shrub_town.grp"] = {
				{ 1.00000, 0.00000, 0.00000, 0.00000, 0.00000, 1.00000, 0.00000, 0.00000, 0.00000, 0.00000, 1.00000, 0.00000, -6.50000, 5.92000, 0.00000, 1.00000, },
				{ -0.15643, -0.98769, 0.00000, 0.00000, 0.98769, -0.15643, 0.00000, 0.00000, 0.00000, 0.00000, 1.00000, 0.00000, -6.50000, 8.27000, 0.00000, 1.00000, },
				{ -0.74548, -0.66653, 0.00000, 0.00000, 0.66653, -0.74548, 0.00000, 0.00000, 0.00000, 0.00000, 1.00000, 0.00000, -6.50000, 4.07000, 0.00000, 1.00000, },
			},
			["random_shrub_town_fence.grp"] = {
				{ -0.26898, 0.85886, 0.00000, 0.00000, -0.85886, -0.26898, 0.00000, 0.00000, 0.00000, 0.00000, 0.90000, 0.00000, 2.56000, 14.96000, 0.00000, 1.00000, },
				{ 0.88123, -0.18285, 0.00000, 0.00000, 0.18285, 0.88123, -0.00000, 0.00000, 0.00000, 0.00000, 0.90000, 0.00000, 1.26000, 14.96000, 0.00000, 1.00000, },
				{ 0.16630, -0.88450, 0.00000, 0.00000, 0.88450, 0.16630, -0.00000, 0.00000, 0.00000, 0.00000, 0.90000, 0.00000, 0.16000, 14.96000, 0.00000, 1.00000, },
				{ -0.26898, 0.85886, 0.00000, 0.00000, -0.85886, -0.26898, 0.00000, 0.00000, 0.00000, 0.00000, 0.90000, 0.00000, -0.94000, 14.96000, 0.00000, 1.00000, },
				{ 0.88123, -0.18285, 0.00000, 0.00000, 0.18285, 0.88123, -0.00000, 0.00000, 0.00000, 0.00000, 0.90000, 0.00000, -2.24000, 14.96000, 0.00000, 1.00000, },
				{ 0.21830, -0.87312, 0.00000, 0.00000, 0.87312, 0.21830, -0.00000, 0.00000, 0.00000, 0.00000, 0.90000, 0.00000, -3.46000, 14.96000, 0.00000, 1.00000, },
				{ 0.86923, 0.23331, 0.00000, 0.00000, -0.23331, 0.86923, 0.00000, 0.00000, 0.00000, 0.00000, 0.90000, 0.00000, -4.44000, 15.08000, 0.00000, 1.00000, },
				{ -0.02983, -0.89951, 0.00000, 0.00000, 0.89951, -0.02983, 0.00000, 0.00000, 0.00000, 0.00000, 0.90000, 0.00000, -5.56000, 15.08000, 0.00000, 1.00000, },
				{ -0.65262, 0.61975, 0.00000, 0.00000, -0.61975, -0.65262, 0.00000, 0.00000, 0.00000, 0.00000, 0.90000, 0.00000, -6.80000, 15.08000, 0.00000, 1.00000, },
			},
		},
	},
}
--End Generated

function data()
	return townbuildingutil.make_building2(
		{ { -4.60, -0.10 }, { 4.60, -0.10 }, { 4.60, 9.10 }, { -4.60, 9.10 } },
		"RESIDENTIAL", 
		"B", 
		1,
		{ 2, 2 },
		generatedData,
		"construction/building/era_b/res_1_2x2_01.gtex"
	)
end
