local townbuildingutil = require "townbuildingutil"

--Model file: "building/era_b/res_3_4x4_03.mdl"

--Begin Generated
local generatedData = {
	["base"] = {
		models = {
			["building/era_b/res_3_4x4_03.mdl"] = {
				{ 1.00000, 0.00000, 0.00000, 0.00000, 0.00000, 1.00000, 0.00000, 0.00000, 0.00000, 0.00000, 1.00000, 0.00000, 0.00000, 0.00000, 0.00000, 1.00000, },
			},
		},
		curves = {
			["scaffold"] = {
				{ { 9.21240, 2.30194, 0.00000 }, { 9.21240, 2.30194, 0.00000 }, { 9.21240, 4.08444, 0.00000 }, { 9.21240, 4.08444, 0.00000 }, { 9.21240, 4.08444, 0.00000 }, { 9.94580, 4.08444, 0.00000 }, { 9.94580, 4.08444, 0.00000 }, { 9.94580, 4.08444, 0.00000 }, { 9.94580, 9.83594, 0.00000 }, { 9.94580, 9.83594, 0.00000 }, { 9.94580, 9.83594, 0.00000 }, { 13.94128, 9.83594, 0.00000 }, { 13.94128, 9.83594, 0.00000 }, { 13.94128, 9.83594, 0.00000 }, { 13.94128, 26.64801, 0.00000 }, { 13.94128, 26.64801, 0.00000 }, { 13.94128, 26.64801, 0.00000 }, { 12.15173, 26.64801, 0.00000 }, { 12.15173, 26.64801, 0.00000 }, { 12.15173, 26.64801, 0.00000 }, { 12.15173, 30.03067, 0.00000 }, { 12.15173, 30.03067, 0.00000 }, { 12.15173, 30.03067, 0.00000 }, { -10.25244, 30.03067, 0.00000 }, { -10.25244, 30.03067, 0.00000 }, { -10.25244, 30.03067, 0.00000 }, { -10.25244, 22.60886, 0.00000 }, { -10.25244, 22.60886, 0.00000 }, { -10.25244, 22.60886, 0.00000 }, { -8.25244, 22.60886, 0.00000 }, { -8.25244, 22.60886, 0.00000 }, { -8.25244, 22.60886, 0.00000 }, { -8.25244, 11.84586, 0.00000 }, { -8.25244, 11.84586, 0.00000 }, { -8.25244, 11.84586, 0.00000 }, { -11.59473, 11.84586, 0.00000 }, { -11.59473, 11.84586, 0.00000 }, { -11.59473, 11.84586, 0.00000 }, { -11.59473, 4.08444, 0.00000 }, { -11.59473, 4.08444, 0.00000 }, { -11.59473, 4.08444, 0.00000 }, { -3.27856, 4.08444, 0.00000 }, { -3.27856, 4.08444, 0.00000 }, { -3.27856, 4.08444, 0.00000 }, { -3.27856, 2.22194, 0.00000 }, { -3.27856, 2.22194, 0.00000 }, },
			},
			["shared/asphalt_01.gtex.lua;shared/dirt.gtex.lua"] = {
				{ { 3.66711, 0.00000, 0.00000 }, { 3.66711, 0.00000, 0.00000 }, { 3.66711, 3.24445, 0.00000 }, { 3.66711, 3.24445, 0.00000 }, { 3.66711, 3.24445, 0.00000 }, { 14.86139, 3.24445, 0.00000 }, { 14.86139, 3.24445, 0.00000 }, { 14.86139, 3.24445, 0.00000 }, { 14.86139, 27.56801, 0.00000 }, { 14.86139, 27.56801, 0.00000 }, { 14.86139, 27.56801, 0.00000 }, { 12.99176, 27.56801, 0.00000 }, { 12.99176, 27.56801, 0.00000 }, { 12.99176, 27.56801, 0.00000 }, { 12.99176, 30.87067, 0.00000 }, { 12.99176, 30.87067, 0.00000 }, { 12.99176, 30.87067, 0.00000 }, { -12.43463, 30.87067, 0.00000 }, { -12.43463, 30.87067, 0.00000 }, { -12.43463, 30.87067, 0.00000 }, { -12.43463, 3.24445, 0.00000 }, { -12.43463, 3.24445, 0.00000 }, { -12.43463, 3.24445, 0.00000 }, { -4.19861, 3.24445, 0.00000 }, { -4.19861, 3.24445, 0.00000 }, { -4.19861, 3.24445, 0.00000 }, { -4.19861, 0.00000, 0.00000 }, { -4.19861, 0.00000, 0.00000 }, { -4.19861, 0.00000, 0.00000 }, { -16.00000, 0.00000, 0.00000 }, { -16.00000, 0.00000, 0.00000 }, { -16.00000, 0.00001, 0.00000 }, { -16.00000, 32.00000, 0.00000 }, { -16.00000, 32.00000, 0.00000 }, { -16.00000, 32.00000, 0.00000 }, { 16.00000, 32.00000, 0.00000 }, { 16.00000, 32.00000, 0.00000 }, { 16.00000, 32.00000, 0.00000 }, { 16.00000, 0.00001, 0.00000 }, { 16.00000, 0.00000, 0.00000 }, },
				{ { 3.66711, 0.00000, 0.00000 }, { 3.66711, 0.00000, 0.00000 }, { 3.66711, 3.24445, 0.00000 }, { 3.66711, 3.24445, 0.00000 }, { 3.66711, 3.24445, 0.00000 }, { 10.78583, 3.24445, 0.00000 }, { 10.78583, 3.24445, 0.00000 }, { 10.78583, 3.24445, 0.00000 }, { 10.78583, 8.91594, 0.00000 }, { 10.78583, 8.91594, 0.00000 }, { 10.78583, 8.91594, 0.00000 }, { 14.86139, 8.91594, 0.00000 }, { 14.86139, 8.91594, 0.00000 }, { 14.86139, 8.91594, 0.00000 }, { 14.86139, 27.56801, 0.00000 }, { 14.86139, 27.56801, 0.00000 }, { 14.86139, 27.56801, 0.00000 }, { 12.99176, 27.56801, 0.00000 }, { 12.99176, 27.56801, 0.00000 }, { 12.99176, 27.56801, 0.00000 }, { 12.99176, 30.87067, 0.00000 }, { 12.99176, 30.87067, 0.00000 }, { 12.99176, 30.87067, 0.00000 }, { -11.09241, 30.87067, 0.00000 }, { -11.09241, 30.87067, 0.00000 }, { -11.09241, 30.87067, 0.00000 }, { -11.09235, 21.76886, 0.00000 }, { -11.09235, 21.76886, 0.00000 }, { -11.09235, 21.76886, 0.00000 }, { -9.09235, 21.76886, 0.00000 }, { -9.09235, 21.76886, 0.00000 }, { -9.09235, 21.76886, 0.00000 }, { -9.09235, 12.68585, 0.00000 }, { -9.09235, 12.68585, 0.00000 }, { -9.09235, 12.68585, 0.00000 }, { -12.43463, 12.68585, 0.00000 }, { -12.43463, 12.68585, 0.00000 }, { -12.43463, 12.68585, 0.00000 }, { -12.43463, 3.24445, 0.00000 }, { -12.43463, 3.24445, 0.00000 }, { -12.43463, 3.24445, 0.00000 }, { -4.19861, 3.24445, 0.00000 }, { -4.19861, 3.24445, 0.00000 }, { -4.19861, 3.24445, 0.00000 }, { -4.19861, 0.00000, 0.00000 }, { -4.19861, 0.00000, 0.00000 }, },
			},
			["shared/grass_cutted_01.gtex.lua"] = {
				{ { -9.09235, 12.68585, 0.00000 }, { -9.09235, 12.68585, 0.00000 }, { -9.09235, 21.76886, 0.00000 }, { -9.09235, 21.76886, 0.00000 }, { -9.09235, 21.76886, 0.00000 }, { -11.09235, 21.76886, 0.00000 }, { -11.09235, 21.76886, 0.00000 }, { -11.09235, 21.76886, 0.00000 }, { -11.09241, 30.87067, 0.00000 }, { -11.09241, 30.87067, 0.00000 }, { -11.09241, 30.87067, 0.00000 }, { -12.43463, 30.87067, 0.00000 }, { -12.43463, 30.87067, 0.00000 }, { -12.43463, 30.87067, 0.00000 }, { -12.43463, 12.68585, 0.00000 }, { -12.43463, 12.68585, 0.00000 }, },
				{ { 14.86139, 3.24445, 0.00000 }, { 14.86139, 3.24445, 0.00000 }, { 14.86139, 8.91594, 0.00000 }, { 14.86139, 8.91594, 0.00000 }, { 14.86139, 8.91594, 0.00000 }, { 10.78583, 8.91594, 0.00000 }, { 10.78583, 8.91594, 0.00000 }, { 10.78583, 8.91594, 0.00000 }, { 10.78583, 3.24445, 0.00000 }, { 10.78583, 3.24445, 0.00000 }, },
			},
		},
	},
	["layout_1"] = {
		groups = {
			["era_a_garden_bench.grp"] = {
				{ 1.00000, 0.00000, 0.00000, 0.00000, 0.00000, 1.00000, 0.00000, 0.00000, 0.00000, 0.00000, 1.00000, 0.00000, 7.18820, 3.64661, 36.19998, 1.00000, align = { 0.00000, 0.00000 }, ignore = { 11, 25 }, },
			},
			["era_a_garden_chair.grp"] = {
				{ 0.05931, -0.99824, -0.00000, 0.00000, 0.99824, 0.05931, 0.00000, 0.00000, -0.00000, -0.00000, 1.00000, 0.00000, 7.86170, 3.11936, 33.19998, 1.00000, align = { 0.00000, 0.00000 }, seed = 768, ignore = { 5, 10 }, },
				{ -0.07846, 0.99692, 0.00000, 0.00000, -0.99692, -0.07846, 0.00000, 0.00000, 0.00000, -0.00000, 1.00000, 0.00000, 6.25680, 2.93852, 33.19998, 1.00000, align = { 0.00000, 0.00000 }, seed = 768, ignore = { 6, 10 }, },
				{ 0.41628, -0.90924, 0.00000, 0.00000, 0.90924, 0.41628, -0.00000, 0.00000, 0.00000, 0.00000, 1.00000, 0.00000, 7.99866, 3.60347, 15.19998, 1.00000, align = { 0.00000, 0.00000 }, seed = 256, ignore = { 9, 25 }, },
				{ 0.40992, 0.91212, 0.00000, 0.00000, -0.91212, 0.40992, -0.00000, 0.00000, -0.00000, 0.00000, 1.00000, 0.00000, 6.33938, 3.51338, 15.19998, 1.00000, align = { 0.00000, 0.00000 }, seed = 256, ignore = { 10, 25 }, },
			},
			["era_b_garbage_container.grp"] = {
				{ -0.03490, -0.99939, -0.00000, 0.00000, 0.99939, -0.03490, 0.00000, 0.00000, -0.00000, 0.00000, 1.00000, 0.00000, -13.00000, 29.48000, 0.00000, 1.00000, seed = 456, },
				{ 0.02094, -0.99978, 0.00000, 0.00000, 0.99978, 0.02094, 0.00000, 0.00000, -0.00000, -0.00000, 1.00000, 0.00000, -13.00000, 26.13000, 0.00000, 1.00000, seed = 456, },
				{ -0.03141, -0.99951, -0.00000, 0.00000, 0.99951, -0.03141, 0.00000, 0.00000, -0.00000, 0.00000, 1.00000, 0.00000, -13.00000, 22.48000, 0.00000, 1.00000, seed = 456, },
			},
			["era_b_sunshade_small.grp"] = {
				{ -0.98229, 0.18738, 0.00000, 0.00000, -0.18738, -0.98229, 0.00000, 0.00000, 0.00000, 0.00000, 1.00000, 0.00000, 7.21941, 2.83921, 42.19998, 1.00000, align = { 0.00000, 0.00000 }, ignore = { 2, 50 }, },
				{ -0.97278, 0.23175, -0.00000, 0.00000, -0.23175, -0.97278, -0.00000, 0.00000, -0.00000, -0.00000, 1.00000, 0.00000, 6.37335, 3.04549, 24.19998, 1.00000, align = { 0.00000, 0.00000 }, ignore = { 3, 50 }, },
				{ -0.98357, -0.18052, -0.00000, 0.00000, 0.18052, -0.98357, -0.00000, 0.00000, -0.00000, -0.00000, 1.00000, 0.00000, 7.64614, 3.05496, 9.19998, 1.00000, align = { 0.00000, 0.00000 }, ignore = { 4, 50 }, },
				{ -0.62660, -0.77934, 0.00000, 0.00000, 0.77934, -0.62660, 0.00000, 0.00000, 0.00000, 0.00000, 1.00000, 0.00000, 7.03171, 3.12964, 33.19998, 1.00000, align = { 0.00000, 0.00000 }, },
			},
			["garden_table_round.grp"] = {
				{ -0.79653, -0.60460, 0.00000, 0.00000, 0.60460, -0.79653, 0.00000, 0.00000, 0.00000, 0.00000, 1.00000, 0.00000, 7.03171, 3.12964, 33.19998, 1.00000, align = { 0.00000, 0.00000 }, seed = 768, },
				{ 1.00000, 0.00000, -0.00000, 0.00000, 0.00000, 1.00000, 0.00000, 0.00000, 0.00000, -0.00000, 1.00000, 0.00000, 7.31264, 3.40749, 6.19998, 1.00000, align = { 0.00000, 0.00000 }, ignore = { 7, 10 }, },
				{ 0.16677, -0.98600, 0.00000, 0.00000, 0.98600, 0.16677, -0.00000, 0.00000, 0.00000, 0.00000, 1.00000, 0.00000, 7.16468, 3.38034, 15.19998, 1.00000, align = { 0.00000, 0.00000 }, seed = 256, ignore = { 8, 50 }, },
			},
			["random_shrub_town.grp"] = {
				{ -0.93040, 0.36656, 0.00000, 0.00000, -0.36656, -0.93040, 0.00000, 0.00000, 0.00000, 0.00000, 1.00000, 0.00000, 12.27000, 7.03000, 0.00000, 1.00000, },
				{ -0.52225, -0.85279, 0.00000, 0.00000, 0.85279, -0.52225, 0.00000, 0.00000, 0.00000, 0.00000, 1.00000, 0.00000, 14.02000, 6.58000, 0.00000, 1.00000, },
				{ -0.88645, 0.46283, 0.00000, 0.00000, -0.46283, -0.88645, 0.00000, 0.00000, 0.00000, 0.00000, 1.00000, 0.00000, 12.82000, 4.98000, 0.00000, 1.00000, },
			},
			["random_shrub_town_fence.grp"] = {
				{ 0.95429, 0.29887, 0.00000, 0.00000, -0.29887, 0.95429, -0.00000, 0.00000, -0.00000, -0.00000, 1.00000, 0.00000, -10.90571, 18.40286, 0.00000, 1.00000, },
				{ 0.68861, 0.72513, 0.00000, 0.00000, -0.72513, 0.68861, -0.00000, 0.00000, -0.00000, -0.00000, 1.00000, 0.00000, -10.83572, 16.90286, 0.00000, 1.00000, },
				{ -0.20316, -0.97914, -0.00000, 0.00000, 0.97914, -0.20316, -0.00000, 0.00000, -0.00000, -0.00000, 1.00000, 0.00000, -10.86572, 14.50286, 0.00000, 1.00000, },
				{ -0.20316, -0.97914, -0.00000, 0.00000, 0.97914, -0.20316, -0.00000, 0.00000, -0.00000, -0.00000, 1.00000, 0.00000, -10.86572, 20.10286, 0.00000, 1.00000, },
				{ 0.97014, 0.24256, 0.00000, 0.00000, -0.24256, 0.97014, -0.00000, 0.00000, -0.00000, -0.00000, 1.00000, 0.00000, -11.01571, 15.76285, 0.00000, 1.00000, },
			},
		},
	},
}
--End Generated

function data()
	return townbuildingutil.make_building2(
		{ { -4.60, -0.10 }, { 4.60, -0.10 }, { 4.60, 9.10 }, { -4.60, 9.10 } },
		"RESIDENTIAL", 
		"B", 
		3,
		{ 4, 4 },
		generatedData,
		"construction/building/era_b/res_3_4x4_03.gtex"
	)
end
