local townbuildingutil = require "townbuildingutil"

--Model file: "building/era_b/res_2_3x4_04.mdl"

--Begin Generated
local generatedData = {
	["base"] = {
		models = {
			["building/era_b/res_2_3x4_04.mdl"] = {
				{ 1.00000, 0.00000, 0.00000, 0.00000, 0.00000, 1.00000, 0.00000, 0.00000, 0.00000, 0.00000, 1.00000, 0.00000, 0.00000, -3.30000, 0.00000, 1.00000, },
			},
		},
		curves = {
			["scaffold"] = {
				{ { 3.55447, 3.23602, 0.00000 }, { 3.55447, 3.23602, 0.00000 }, { 3.55447, 5.77052, 0.00000 }, { 3.55447, 5.77052, 0.00000 }, { 3.55447, 5.77052, 0.00000 }, { 10.07181, 5.77057, 0.00000 }, { 10.07181, 5.77057, 0.00000 }, { 10.07181, 5.77057, 0.00000 }, { 10.07181, 17.23360, 0.00000 }, { 10.07181, 17.23361, 0.00000 }, { 10.07181, 17.23361, 0.00000 }, { 0.92960, 17.23360, 0.00000 }, { 0.92957, 17.23360, 0.00000 }, { 0.92957, 17.23360, 0.00000 }, { 0.92947, 21.26766, 0.00000 }, { 0.92947, 21.26766, 0.00000 }, { 0.92947, 21.26766, 0.00000 }, { -8.32825, 21.26766, 0.00000 }, { -8.32825, 21.26766, 0.00000 }, { -8.32825, 21.26766, 0.00000 }, { -8.32825, 20.14064, 0.00000 }, { -8.32825, 20.14064, 0.00000 }, { -8.32825, 20.14064, 0.00000 }, { -9.59937, 20.14064, 0.00000 }, { -9.59937, 20.14064, 0.00000 }, { -9.59937, 20.14064, 0.00000 }, { -9.59937, 14.14065, 0.00000 }, { -9.59937, 14.14064, 0.00000 }, { -9.59937, 14.14064, 0.00000 }, { -8.32825, 14.14063, 0.00000 }, { -8.32825, 14.14063, 0.00000 }, { -8.32825, 14.14063, 0.00000 }, { -8.32825, 10.39628, 0.00000 }, { -8.32825, 10.39628, 0.00000 }, { -8.32825, 10.39628, 0.00000 }, { -9.59937, 10.39628, 0.00000 }, { -9.59937, 10.39628, 0.00000 }, { -9.59937, 10.39628, 0.00000 }, { -9.59937, 4.39628, 0.00000 }, { -9.59937, 4.39628, 0.00000 }, { -9.59937, 4.39628, 0.00000 }, { -8.32828, 4.39629, 0.00000 }, { -8.32828, 4.39629, 0.00000 }, { -8.32828, 4.39628, 0.00000 }, { -8.32828, 3.23602, 0.00000 }, { -8.32828, 3.23602, 0.00000 }, },
			},
			["shared/asphalt_01.gtex.lua;shared/dirt.gtex.lua"] = {
				{ { 10.74255, 0.00000, -0.00001 }, { 10.74255, 0.00000, -0.00001 }, { 10.74255, 1.00000, -0.00001 }, { 10.74255, 1.00000, -0.00001 }, { 10.74255, 1.00000, -0.00001 }, { 4.22516, 1.00000, -0.00001 }, { 4.22516, 1.00000, -0.00001 }, { 4.22516, 1.00000, -0.00001 }, { 4.22516, 0.00000, -0.00001 }, { 4.22516, 0.00000, -0.00001 }, },
				{ { 4.22516, 0.00000, -0.00001 }, { 4.22516, 0.00000, -0.00001 }, { 4.22516, 2.56540, -0.00001 }, { 4.22516, 2.56540, -0.00001 }, { 4.22516, 2.56540, -0.00001 }, { 4.22516, 5.09991, -0.00001 }, { 4.22516, 5.09991, -0.00001 }, { 4.22516, 5.09991, -0.00001 }, { 10.74255, 5.09991, -0.00001 }, { 10.74255, 5.09991, -0.00001 }, { 10.74255, 5.09991, -0.00001 }, { 10.74255, 0.00000, -0.00001 }, { 10.74255, 0.00000, -0.00001 }, { 10.74255, 0.00000, -0.00001 }, { 12.00000, 0.00000, -0.00001 }, { 12.00000, 0.00000, -0.00001 }, { 12.00000, 0.00000, -0.00001 }, { 12.00000, 17.90413, -0.00001 }, { 12.00000, 17.90413, -0.00001 }, { 12.00000, 17.90413, -0.00001 }, { 1.60022, 17.90413, -0.00001 }, { 1.60022, 17.90413, -0.00001 }, { 1.60022, 17.90413, -0.00001 }, { 1.60022, 21.94491, -0.00001 }, { 1.60022, 21.94491, -0.00001 }, { 1.60022, 21.94491, -0.00001 }, { -8.99884, 21.94491, -0.00001 }, { -8.99884, 21.94491, -0.00001 }, { -8.99884, 21.94491, -0.00001 }, { -8.99881, 2.56540, -0.00001 }, { -8.99881, 2.56540, -0.00001 }, { -8.99881, 2.56540, -0.00001 }, { -12.00000, 2.56540, -0.00001 }, { -12.00000, 2.56540, -0.00001 }, { -12.00000, 2.56540, -0.00001 }, { -12.00000, 0.00000, -0.00001 }, { -12.00000, 0.00000, -0.00001 }, },
			},
			["shared/grass_cutted_01.gtex.lua"] = {
				{ { 10.74255, 1.00000, -0.00001 }, { 10.74255, 1.00000, -0.00001 }, { 10.74255, 5.09991, -0.00001 }, { 10.74255, 5.09991, -0.00001 }, { 10.74255, 5.09991, -0.00001 }, { 4.22516, 5.09991, -0.00001 }, { 4.22516, 5.09991, -0.00001 }, { 4.22516, 5.09991, -0.00001 }, { 4.22516, 1.00000, -0.00001 }, { 4.22516, 1.00000, -0.00001 }, },
				{ { 12.00000, 24.00000, -0.00000 }, { 12.00000, 24.00000, -0.00000 }, { 12.00000, 32.00000, -0.00000 }, { 12.00000, 32.00000, 0.00000 }, { 12.00000, 32.00000, 0.00000 }, { -12.00000, 32.00000, 0.00000 }, { -12.00000, 32.00000, 0.00000 }, { -12.00000, 32.00000, 0.00000 }, { -12.00000, 24.00000, 0.00000 }, { -12.00000, 24.00000, 0.00000 }, },
			},
			["shared/gravel_02.gtex.lua"] = {
				{ { 12.00000, 17.90413, -0.00001 }, { 12.00000, 17.90413, -0.00001 }, { 12.00000, 24.00000, -0.00000 }, { 12.00000, 24.00000, 0.00000 }, { 12.00000, 24.00000, 0.00000 }, { -12.00000, 24.00000, 0.00000 }, { -12.00000, 24.00000, 0.00000 }, { -12.00000, 24.00000, -0.00000 }, { -12.00000, 2.56540, -0.00001 }, { -12.00000, 2.56540, -0.00001 }, { -12.00000, 2.56540, -0.00001 }, { -8.99881, 2.56540, -0.00001 }, { -8.99881, 2.56540, -0.00001 }, { -8.99881, 2.56540, -0.00001 }, { -8.99884, 21.94491, -0.00003 }, { -8.99884, 21.94491, -0.00003 }, { -8.99884, 21.94491, -0.00003 }, { 1.60022, 21.94491, 0.00000 }, { 1.60022, 21.94491, 0.00000 }, { 1.60022, 21.94491, 0.00000 }, { 1.60022, 17.90413, 0.00000 }, { 1.60022, 17.90413, 0.00000 }, },
			},
		},
	},
	["layout_1"] = {
		models = {
			["asset/ground/garden_chair_plastic_01.mdl"] = {
				{ 0.13572, -0.99075, 0.00000, 0.00000, 0.99075, 0.13572, 0.00000, 0.00000, -0.00000, -0.00000, 1.00000, 0.00000, -8.89135, 9.84350, 9.08998, 1.00000, align = { 0.00000, -3.30000 }, },
				{ 0.16849, -0.98570, 0.00000, 0.00000, 0.98558, 0.16847, 0.01571, 0.00000, -0.01548, -0.00265, 0.99988, 0.00000, -8.39135, 5.24350, 9.08998, 1.00000, align = { 0.00000, -3.30000 }, },
			},
			["asset/vegetation/hedge_m.mdl"] = {
				{ -1.00000, -0.00000, 0.00000, 0.00000, 0.00000, -1.00000, -0.00000, 0.00000, 0.00000, -0.00000, 1.00000, 0.00000, 11.34393, 26.67893, -0.20000, 1.00000, },
				{ -1.00000, -0.00000, 0.00000, 0.00000, 0.00000, -1.00000, -0.00000, 0.00000, 0.00000, -0.00000, 1.00000, 0.00000, -11.25607, 26.67893, -0.20000, 1.00000, },
				{ -1.00000, -0.00000, 0.00000, 0.00000, 0.00000, -1.00000, -0.00000, 0.00000, 0.00000, -0.00000, 1.00000, 0.00000, 11.34393, 28.92893, -0.20000, 1.00000, },
				{ -1.00000, -0.00000, 0.00000, 0.00000, 0.00000, -1.00000, -0.00000, 0.00000, 0.00000, -0.00000, 1.00000, 0.00000, -11.25607, 28.92893, -0.20000, 1.00000, },
				{ 1.00000, 0.00000, 0.00000, 0.00000, 0.00000, 1.00000, -0.00000, 0.00000, 0.00000, 0.00000, 1.00000, 0.00000, 11.34393, 25.03893, -0.20000, 1.00000, },
				{ 1.00000, 0.00000, 0.00000, 0.00000, 0.00000, 1.00000, -0.00000, 0.00000, 0.00000, 0.00000, 1.00000, 0.00000, -11.25607, 25.03893, -0.20000, 1.00000, },
				{ 1.00000, 0.00000, 0.00000, 0.00000, 0.00000, 1.00000, -0.00000, 0.00000, 0.00000, 0.00000, 1.00000, 0.00000, 11.34393, 31.01893, -0.20000, 1.00000, },
				{ 1.00000, 0.00000, 0.00000, 0.00000, 0.00000, 1.00000, -0.00000, 0.00000, 0.00000, 0.00000, 1.00000, 0.00000, -11.25607, 31.01893, -0.20000, 1.00000, },
				{ 1.00000, -0.00000, 0.00000, 0.00000, 0.00000, 1.00000, -0.00000, 0.00000, -0.00000, 0.00000, 1.00000, 0.00000, 11.34393, 25.67893, -0.20000, 1.00000, },
				{ 1.00000, -0.00000, 0.00000, 0.00000, 0.00000, 1.00000, -0.00000, 0.00000, -0.00000, 0.00000, 1.00000, 0.00000, -11.25607, 25.67893, -0.20000, 1.00000, },
				{ 1.00000, -0.00000, 0.00000, 0.00000, 0.00000, 1.00000, -0.00000, 0.00000, -0.00000, 0.00000, 1.00000, 0.00000, 11.34393, 27.78893, -0.20000, 1.00000, },
				{ 1.00000, -0.00000, 0.00000, 0.00000, 0.00000, 1.00000, -0.00000, 0.00000, -0.00000, 0.00000, 1.00000, 0.00000, -11.25607, 27.78893, -0.20000, 1.00000, },
				{ -1.00000, -0.00000, -0.00000, 0.00000, 0.00000, -1.00000, -0.00000, 0.00000, -0.00000, -0.00000, 1.00000, 0.00000, 11.34393, 30.13893, -0.20000, 1.00000, },
				{ -1.00000, -0.00000, -0.00000, 0.00000, 0.00000, -1.00000, -0.00000, 0.00000, -0.00000, -0.00000, 1.00000, 0.00000, -11.25607, 30.13893, -0.20000, 1.00000, },
			},
		},
		groups = {
			["era_a_garden_chair.grp"] = {
				{ -0.99970, -0.02443, 0.00000, 0.00000, 0.02443, -0.99970, 0.00000, 0.00000, 0.00000, 0.00000, 1.00000, 0.00000, -9.01651, 14.52840, 6.08999, 1.00000, align = { 0.00000, -3.30000 }, seed = 768, ignore = { 2, 25 }, },
				{ 0.99905, 0.04362, -0.00000, 0.00000, -0.04362, 0.99905, -0.00000, 0.00000, 0.00000, 0.00000, 1.00000, 0.00000, -9.14123, 16.13863, 6.08999, 1.00000, align = { 0.00000, -3.30000 }, seed = 768, ignore = { 3, 25 }, },
				{ -0.74314, -0.66913, 0.00000, 0.00000, 0.66913, -0.74314, 0.00000, 0.00000, 0.00000, 0.00000, 1.00000, 0.00000, -8.58483, 14.68933, 9.08998, 1.00000, align = { 0.00000, -3.30000 }, seed = 458, ignore = { 8, 25 }, },
				{ 0.75927, -0.65077, 0.00000, 0.00000, 0.65077, 0.75927, 0.00000, 0.00000, 0.00000, 0.00000, 1.00000, 0.00000, -8.54115, 15.99754, 9.08998, 1.00000, align = { 0.00000, -3.30000 }, seed = 458, ignore = { 9, 25 }, },
				{ -0.99572, 0.09237, 0.00000, 0.00000, -0.09237, -0.99572, 0.00000, 0.00000, 0.00000, 0.00000, 1.00000, 0.00000, -8.57667, 8.12873, 3.08998, 1.00000, align = { 0.00000, -3.30000 }, seed = 456, ignore = { 10, 25 }, },
				{ 1.00000, 0.00000, 0.00000, 0.00000, 0.00000, 1.00000, 0.00000, 0.00000, 0.00000, -0.00000, 1.00000, 0.00000, -8.58055, 9.62381, 3.08998, 1.00000, align = { 0.00000, -3.30000 }, seed = 456, ignore = { 12, 25 }, },
			},
			["era_b_sunshade_small.grp"] = {
				{ -0.75700, 0.65342, 0.00000, 0.00000, -0.65342, -0.75700, 0.00000, 0.00000, 0.00000, 0.00000, 1.00000, 0.00000, -8.97727, 15.35753, 6.08999, 1.00000, align = { 0.00000, -3.30000 }, },
				{ 0.38362, 0.75290, 0.00000, 0.00000, -0.75290, 0.38362, 0.00000, 0.00000, 0.00000, -0.00000, 0.84500, 0.00000, -9.22709, 8.95059, 9.08998, 1.00000, align = { 0.00000, -3.30000 }, ignore = { 4, 80 }, },
				{ 0.05894, 0.84294, -0.00000, 0.00000, -0.84294, 0.05894, 0.00000, 0.00000, 0.00000, 0.00000, 0.84500, 0.00000, -8.97512, 5.06362, 6.08999, 1.00000, align = { 0.00000, -3.30000 }, ignore = { 5, 80 }, },
				{ 0.84500, 0.00000, 0.00000, 0.00000, 0.00000, 0.84500, 0.00000, 0.00000, 0.00000, -0.00000, 0.84500, 0.00000, -9.22895, 19.58758, 3.08999, 1.00000, align = { 0.00000, -3.30000 }, ignore = { 6, 80 }, },
			},
			["garden_table_round.grp"] = {
				{ -0.05931, -0.99824, 0.00000, 0.00000, 0.99824, -0.05931, -0.00000, 0.00000, 0.00000, 0.00000, 1.00000, 0.00000, -8.97727, 15.35753, 6.08999, 1.00000, align = { 0.00000, -3.30000 }, seed = 768, },
				{ 1.00000, 0.00000, 0.00000, 0.00000, 0.00000, 1.00000, 0.00000, 0.00000, 0.00000, -0.00000, 1.00000, 0.00000, -8.76628, 18.77694, 3.08998, 1.00000, align = { 0.00000, -3.30000 }, ignore = { 7, 50 }, },
				{ 1.00000, 0.00000, 0.00000, 0.00000, 0.00000, 1.00000, 0.00000, 0.00000, 0.00000, -0.00000, 1.00000, 0.00000, -8.67202, 8.84538, 3.08998, 1.00000, align = { 0.00000, -3.30000 }, seed = 456, ignore = { 11, 50 }, },
			},
			["random_medium_tree_town.grp"] = {
				{ 0.50754, 0.86163, 0.00000, 0.00000, -0.86163, 0.50754, -0.00000, 0.00000, -0.00000, -0.00000, 1.00000, 0.00000, -6.71000, 27.31000, 0.00000, 1.00000, },
				{ -0.49242, -0.87036, 0.00000, 0.00000, 0.87036, -0.49242, -0.00000, 0.00000, 0.00000, 0.00000, 1.00000, 0.00000, -0.26000, 28.46000, 0.00000, 1.00000, },
				{ -0.49242, -0.87036, 0.00000, 0.00000, 0.87036, -0.49242, -0.00000, 0.00000, 0.00000, 0.00000, 1.00000, 0.00000, 5.34000, 27.46000, 0.00000, 1.00000, },
			},
			["random_shrub_town.grp"] = {
				{ 0.49342, -0.86979, 0.00000, 0.00000, 0.86979, 0.49342, 0.00000, 0.00000, 0.00000, 0.00000, 1.00000, 0.00000, -4.58000, 26.19000, 0.00000, 1.00000, },
				{ 0.31672, 0.94852, 0.00000, 0.00000, -0.94852, 0.31672, 0.00000, 0.00000, 0.00000, 0.00000, 1.00000, 0.00000, -3.08000, 27.94000, 0.00000, 1.00000, },
				{ 0.31672, 0.94852, 0.00000, 0.00000, -0.94852, 0.31672, 0.00000, 0.00000, 0.00000, 0.00000, 1.00000, 0.00000, -8.42307, 28.29292, 0.00000, 1.00000, },
				{ 0.94935, 0.31422, 0.00000, 0.00000, -0.31422, 0.94935, 0.00000, 0.00000, 0.00000, 0.00000, 1.00000, 0.00000, -5.13000, 28.84000, 0.00000, 1.00000, },
				{ -0.11840, -0.99297, 0.00000, 0.00000, 0.99297, -0.11840, 0.00000, 0.00000, 0.00000, 0.00000, 1.00000, 0.00000, 6.02000, 2.89000, 0.00000, 1.00000, },
				{ -0.54756, 0.83676, 0.00000, 0.00000, -0.83676, -0.54756, 0.00000, 0.00000, 0.00000, 0.00000, 1.00000, 0.00000, 7.49000, 2.89000, 0.00000, 1.00000, },
				{ 0.88458, -0.46639, 0.00000, 0.00000, 0.46639, 0.88458, 0.00000, 0.00000, 0.00000, 0.00000, 1.00000, 0.00000, 9.15000, 2.91000, 0.00000, 1.00000, },
				{ 0.85541, 0.51796, 0.00000, 0.00000, -0.51796, 0.85541, 0.00000, 0.00000, 0.00000, 0.00000, 1.00000, 0.00000, -0.19000, 26.72000, 0.00000, 1.00000, },
				{ -0.32176, -0.94682, 0.00000, 0.00000, 0.94682, -0.32176, 0.00000, 0.00000, 0.00000, 0.00000, 1.00000, 0.00000, 2.06000, 28.12000, 0.00000, 1.00000, },
				{ -0.37510, 0.92699, 0.00000, 0.00000, -0.92699, -0.37510, 0.00000, 0.00000, 0.00000, 0.00000, 1.00000, 0.00000, -0.44000, 29.57000, 0.00000, 1.00000, },
				{ 0.21764, -0.97603, 0.00000, 0.00000, 0.97603, 0.21764, 0.00000, 0.00000, 0.00000, 0.00000, 1.00000, 0.00000, 4.16000, 26.72000, 0.00000, 1.00000, },
				{ 0.03875, 0.99925, 0.00000, 0.00000, -0.99925, 0.03875, 0.00000, 0.00000, 0.00000, 0.00000, 1.00000, 0.00000, 6.16000, 26.02000, 0.00000, 1.00000, },
				{ 0.24385, 0.96981, 0.00000, 0.00000, -0.96981, 0.24385, 0.00000, 0.00000, 0.00000, 0.00000, 1.00000, 0.00000, 7.81000, 28.22000, 0.00000, 1.00000, },
				{ -0.93593, -0.35217, 0.00000, 0.00000, 0.35217, -0.93593, 0.00000, 0.00000, 0.00000, 0.00000, 1.00000, 0.00000, 5.11000, 29.12000, 0.00000, 1.00000, },
				{ -0.70887, 0.70534, 0.00000, 0.00000, -0.70534, -0.70887, 0.00000, 0.00000, 0.00000, 0.00000, 1.00000, 0.00000, -6.94000, 26.62000, 0.00000, 1.00000, },
			},
		},
	},
}
--End Generated

function data()
	return townbuildingutil.make_building2(
		{ { -4.60, -0.10 }, { 4.60, -0.10 }, { 4.60, 9.10 }, { -4.60, 9.10 } },
		"RESIDENTIAL", 
		"B", 
		2,
		{ 3, 4 },
		generatedData,
		"construction/building/era_b/res_2_3x4_04.gtex"
	)
end
