local townbuildingutil = require "townbuildingutil"

--Model file: "building/era_b/res_3_3x4_01.mdl"

--Begin Generated
local generatedData = {
	["base"] = {
		models = {
			["building/era_b/res_3_3x4_01.mdl"] = {
				{ 1.00000, 0.00000, 0.00000, 0.00000, 0.00000, 1.00000, 0.00000, 0.00000, 0.00000, 0.00000, 1.00000, 0.00000, 1.00000, 0.00000, 0.00000, 1.00000, },
			},
		},
		curves = {
			["scaffold"] = {
				{ { 7.42432, 4.36678, 0.00000 }, { 7.42432, 4.36678, 0.00000 }, { 9.15833, 5.80513, 0.00000 }, { 9.15833, 5.80513, 0.00000 }, { 9.15833, 5.80513, 0.00000 }, { 9.15833, 14.62489, 0.00000 }, { 9.15833, 14.62489, 0.00000 }, { 9.15833, 14.62489, 0.00000 }, { 9.43127, 14.62489, 0.00000 }, { 9.43127, 14.62489, 0.00000 }, { 9.43127, 14.62489, 0.00000 }, { 10.36841, 15.60911, 0.00000 }, { 10.36841, 15.60911, 0.00000 }, { 10.36841, 15.60911, 0.00000 }, { 10.36841, 23.42992, 0.00000 }, { 10.36841, 23.42992, 0.00000 }, { 10.36841, 23.42992, 0.00000 }, { 9.42786, 24.28220, 0.00000 }, { 9.42786, 24.28220, 0.00000 }, { 9.42786, 24.28220, 0.00000 }, { 0.88489, 24.28220, 0.00000 }, { 0.88489, 24.28220, 0.00000 }, { 0.88489, 24.28220, 0.00000 }, { -0.02734, 23.42950, 0.00000 }, { -0.02734, 23.42950, 0.00000 }, { -0.02734, 23.42950, 0.00000 }, { -0.02734, 22.55714, 0.00000 }, { -0.02734, 22.55714, 0.00000 }, { -0.02734, 22.55714, 0.00000 }, { -2.63318, 22.55714, 0.00000 }, { -2.63318, 22.55714, 0.00000 }, { -2.63318, 22.55714, 0.00000 }, { -2.63318, 19.30768, 0.00000 }, { -2.63318, 19.30768, 0.00000 }, { -2.63318, 19.30768, 0.00000 }, { -3.18469, 18.71743, 0.00000 }, { -3.18469, 18.71743, 0.00000 }, { -3.18469, 18.71743, 0.00000 }, { -8.01367, 18.71743, 0.00000 }, { -8.01367, 18.71743, 0.00000 }, { -8.01367, 18.71743, 0.00000 }, { -8.01367, 16.53716, 0.00000 }, { -8.01367, 16.53716, 0.00000 }, { -8.01367, 16.53716, 0.00000 }, { -8.63867, 16.53716, 0.00000 }, { -8.63867, 16.53716, 0.00000 }, { -8.63867, 16.53716, 0.00000 }, { -10.32288, 15.29367, 0.00000 }, { -10.32288, 15.29367, 0.00000 }, { -10.32288, 15.29367, 0.00000 }, { -10.32288, 5.80585, 0.00000 }, { -10.32288, 5.80585, 0.00000 }, { -10.32288, 5.80585, 0.00000 }, { -8.64111, 4.36678, 0.00000 }, { -8.64111, 4.36678, 0.00000 }, { -8.64111, 4.36678, 0.00000 }, { -3.87695, 4.36678, 0.00000 }, { -3.87695, 4.36678, 0.00000 }, { -3.87695, 4.36678, 0.00000 }, { -3.87695, 7.24184, 0.00000 }, { -3.87695, 7.24184, 0.00000 }, { -3.87695, 7.24184, 0.00000 }, { 3.10852, 7.24184, 0.00000 }, { 3.10852, 7.24184, 0.00000 }, { 3.10852, 7.24184, 0.00000 }, { 3.10852, 4.36678, 0.00000 }, { 3.10852, 4.36678, 0.00000 }, },
			},
			["shared/asphalt_01.gtex.lua;shared/dirt.gtex.lua"] = {
				{ { -8.98096, 0.00000, 0.00000 }, { -8.98096, 0.00000, 0.00000 }, { -8.98096, 3.44678, 0.00000 }, { -8.98096, 3.44678, 0.00000 }, { -8.98096, 3.44678, 0.00000 }, { -11.24292, 5.38225, 0.00000 }, { -11.24292, 5.38225, 0.00000 }, { -11.24292, 5.38225, 0.00000 }, { -11.24292, 15.75806, 0.00000 }, { -11.24292, 15.75806, 0.00000 }, { -11.24292, 15.75806, 0.00000 }, { -8.93378, 17.45718, 0.00000 }, { -8.93378, 17.45718, 0.00000 }, { -8.93378, 17.45718, 0.00000 }, { -8.93378, 27.00000, 0.00000 }, { -8.93378, 27.00000, 0.00000 }, { -8.93378, 27.00000, 0.00000 }, { 12.00000, 27.00000, 0.00000 }, { 12.00000, 27.00000, 0.00000 }, { 12.00000, 27.00000, 0.00000 }, { 12.00000, 32.00000, 0.00000 }, { 12.00000, 32.00000, 0.00000 }, { 12.00000, 32.00000, 0.00000 }, { -12.00000, 32.00000, 0.00000 }, { -12.00000, 32.00000, 0.00000 }, { -12.00000, 32.00000, 0.00000 }, { -12.00000, 0.00001, 0.00000 }, { -12.00000, 0.00000, 0.00000 }, },
				{ { 12.00000, 0.00000, 0.00000 }, { 12.00000, 0.00001, 0.00000 }, { 12.00000, 27.00000, 0.00000 }, { 12.00000, 27.00000, 0.00000 }, { 12.00000, 27.00000, 0.00000 }, { 0.52194, 27.00000, 0.00000 }, { 0.52194, 27.00000, 0.00000 }, { 0.52194, 27.00000, 0.00000 }, { 0.52194, 25.20222, 0.00000 }, { 0.52194, 25.20222, 0.00000 }, { 0.52194, 25.20222, 0.00000 }, { 9.78262, 25.20221, 0.00000 }, { 9.78262, 25.20221, 0.00000 }, { 9.78262, 25.20221, 0.00000 }, { 11.28845, 23.83785, 0.00000 }, { 11.28845, 23.83785, 0.00000 }, { 11.28845, 23.83784, 0.00000 }, { 11.28845, 15.24118, 0.00000 }, { 11.28845, 15.24118, 0.00000 }, { 11.28845, 15.24118, 0.00000 }, { 10.07837, 13.70487, 0.00000 }, { 10.07837, 13.70487, 0.00000 }, { 10.07837, 13.70487, 0.00000 }, { 10.07837, 5.37295, 0.00000 }, { 10.07837, 5.37295, 0.00000 }, { 10.07837, 5.37295, 0.00000 }, { 7.75629, 3.44678, 0.00000 }, { 7.75629, 3.44678, 0.00000 }, { 7.75629, 3.44678, 0.00000 }, { 7.75629, 0.00000, 0.00000 }, { 7.75629, 0.00000, 0.00000 }, },
				{ { 2.18848, 0.00000, 0.00000 }, { 2.18848, 0.00000, 0.00000 }, { 2.18848, 6.54187, 0.00000 }, { 2.18848, 6.54187, 0.00000 }, { 2.18848, 6.54187, 0.00000 }, { -2.95688, 6.54185, 0.00000 }, { -2.95688, 6.54185, 0.00000 }, { -2.95688, 6.54185, 0.00000 }, { -2.95679, 0.00000, 0.00000 }, { -2.95679, 0.00000, 0.00000 }, },
				{ { 7.75629, 3.44678, 0.00000 }, { 7.75629, 3.44678, 0.00000 }, { 10.07837, 5.37295, 0.00000 }, { 10.07837, 5.37295, 0.00000 }, { 10.07837, 5.37295, 0.00000 }, { 10.07837, 13.70487, 0.00000 }, { 10.07837, 13.70487, 0.00000 }, { 10.07837, 13.70487, 0.00000 }, { 11.28845, 15.24118, 0.00000 }, { 11.28845, 15.24118, 0.00000 }, { 11.28845, 15.24118, 0.00000 }, { 11.28845, 23.83785, 0.00000 }, { 11.28845, 23.83785, 0.00000 }, { 11.28845, 23.83785, 0.00000 }, { 9.78262, 25.20221, 0.00000 }, { 9.78262, 25.20221, 0.00000 }, { 9.78262, 25.20221, 0.00000 }, { 0.52194, 25.20222, 0.00000 }, { 0.52194, 25.20222, 0.00000 }, { 0.52194, 25.20222, 0.00000 }, { -0.94739, 23.82896, 0.00000 }, { -0.94739, 23.82896, 0.00000 }, { -0.94739, 23.82896, 0.00000 }, { -0.94739, 23.47716, 0.00000 }, { -0.94739, 23.47716, 0.00000 }, { -0.94739, 23.47716, 0.00000 }, { -3.33316, 23.47715, 0.00000 }, { -3.33316, 23.47715, 0.00000 }, { -3.33316, 23.47715, 0.00000 }, { -3.33310, 19.67561, 0.00000 }, { -3.33310, 19.67561, 0.00000 }, { -3.33310, 19.67561, 0.00000 }, { -3.57898, 19.41741, 0.00000 }, { -3.57898, 19.41741, 0.00000 }, { -3.57898, 19.41741, 0.00000 }, { -8.93378, 19.41746, 0.00000 }, { -8.93378, 19.41746, 0.00000 }, { -8.93378, 19.41746, 0.00000 }, { -8.93378, 17.45718, 0.00000 }, { -8.93378, 17.45718, 0.00000 }, { -8.93378, 17.45718, 0.00000 }, { -11.24292, 15.75806, 0.00000 }, { -11.24292, 15.75806, 0.00000 }, { -11.24292, 15.75806, 0.00000 }, { -11.24292, 5.38225, 0.00000 }, { -11.24292, 5.38225, 0.00000 }, { -11.24292, 5.38225, 0.00000 }, { -8.98096, 3.44678, 0.00000 }, { -8.98096, 3.44678, 0.00000 }, { -8.98096, 3.44678, 0.00000 }, { -2.95679, 3.44681, 0.00000 }, { -2.95679, 3.44681, 0.00000 }, { -2.95679, 3.44681, 0.00000 }, { -2.95688, 6.54185, 0.00000 }, { -2.95688, 6.54185, 0.00000 }, { -2.95688, 6.54185, 0.00000 }, { 2.18848, 6.54187, 0.00000 }, { 2.18848, 6.54187, 0.00000 }, { 2.18848, 6.54187, 0.00000 }, { 2.18848, 3.44676, 0.00000 }, { 2.18848, 3.44676, 0.00000 }, },
			},
			["shared/grass_cutted_01.gtex.lua"] = {
				{ { 0.52194, 25.20222, 0.00000 }, { 0.52194, 25.20222, 0.00000 }, { 0.52194, 27.00000, 0.00000 }, { 0.52194, 27.00000, 0.00000 }, { 0.52194, 27.00000, 0.00000 }, { -8.93378, 27.00000, 0.00000 }, { -8.93378, 27.00000, 0.00000 }, { -8.93378, 27.00000, 0.00000 }, { -8.93378, 19.41746, 0.00000 }, { -8.93378, 19.41746, 0.00000 }, { -8.93378, 19.41746, 0.00000 }, { -3.57898, 19.41741, 0.00000 }, { -3.57898, 19.41741, 0.00000 }, { -3.57898, 19.41741, 0.00000 }, { -3.33310, 19.67561, 0.00000 }, { -3.33310, 19.67561, 0.00000 }, { -3.33310, 19.67561, 0.00000 }, { -3.33316, 23.47715, 0.00000 }, { -3.33316, 23.47715, 0.00000 }, { -3.33316, 23.47715, 0.00000 }, { -0.94739, 23.47716, 0.00000 }, { -0.94739, 23.47716, 0.00000 }, { -0.94739, 23.47716, 0.00000 }, { -0.94739, 23.82896, 0.00000 }, { -0.94739, 23.82896, 0.00000 }, },
				{ { -2.95679, 0.00000, 0.00000 }, { -2.95679, 0.00000, 0.00000 }, { -2.95679, 3.44681, 0.00000 }, { -2.95679, 3.44681, 0.00000 }, { -2.95679, 3.44681, 0.00000 }, { -8.98096, 3.44678, 0.00000 }, { -8.98096, 3.44678, 0.00000 }, { -8.98096, 3.44678, 0.00000 }, { -8.98096, 0.00000, 0.00000 }, { -8.98096, 0.00000, 0.00000 }, },
				{ { 7.75629, 0.00000, 0.00000 }, { 7.75629, 0.00000, 0.00000 }, { 7.75629, 3.44678, 0.00000 }, { 7.75629, 3.44678, 0.00000 }, { 7.75629, 3.44678, 0.00000 }, { 2.18848, 3.44676, 0.00000 }, { 2.18848, 3.44676, 0.00000 }, { 2.18848, 3.44676, 0.00000 }, { 2.18848, 0.00000, 0.00000 }, { 2.18848, 0.00000, 0.00000 }, },
			},
		},
	},
	["layout_1"] = {
		models = {
			["asset/ground/garden_chair_plastic_01.mdl"] = {
				{ -0.94380, 0.33051, -0.00000, 0.00000, -0.33051, -0.94380, 0.00000, 0.00000, -0.00000, 0.00000, 1.00000, 0.00000, -6.57925, 17.23808, 36.09978, 1.00000, align = { 0.00000, 0.00000 }, ignore = { 9, 10 }, },
				{ -0.80178, -0.59763, -0.00000, 0.00000, 0.59763, -0.80178, 0.00000, 0.00000, -0.00000, 0.00000, 1.00000, 0.00000, -4.85079, 17.47878, 27.09978, 1.00000, align = { 0.00000, 0.00000 }, ignore = { 10, 10 }, },
				{ -0.80178, -0.59763, -0.00000, 0.00000, 0.59763, -0.80178, 0.00000, 0.00000, -0.00000, 0.00000, 1.00000, 0.00000, -4.82462, 17.65504, 18.09978, 1.00000, align = { 0.00000, 0.00000 }, ignore = { 11, 10 }, },
				{ -0.80073, 0.59902, -0.00000, 0.00000, -0.59902, -0.80073, 0.00000, 0.00000, 0.00000, 0.00000, 1.00000, 0.00000, -6.48462, 17.27504, 18.09978, 1.00000, align = { 0.00000, 0.00000 }, ignore = { 12, 10 }, },
				{ -0.41628, -0.90924, -0.00000, 0.00000, 0.90924, -0.41628, 0.00000, 0.00000, -0.00000, 0.00000, 1.00000, 0.00000, -1.07075, 20.49372, 36.09978, 1.00000, align = { 0.00000, 0.00000 }, ignore = { 13, 10 }, },
				{ 0.35184, -0.93606, 0.00000, 0.00000, 0.93606, 0.35184, 0.00000, 0.00000, -0.00000, -0.00000, 1.00000, 0.00000, -1.36451, 21.69502, 24.09978, 1.00000, align = { 0.00000, 0.00000 }, ignore = { 14, 10 }, },
				{ -0.84989, -0.52696, -0.00000, 0.00000, 0.52696, -0.84989, 0.00000, 0.00000, -0.00000, 0.00000, 1.00000, 0.00000, -1.47515, 20.13503, 24.09978, 1.00000, align = { 0.00000, 0.00000 }, ignore = { 15, 10 }, },
				{ 0.43837, 0.89879, 0.00000, 0.00000, -0.89879, 0.43837, 0.00000, 0.00000, 0.00000, -0.00000, 1.00000, 0.00000, -2.59215, 8.65455, 30.09978, 1.00000, align = { 0.00000, 0.00000 }, ignore = { 16, 10 }, },
				{ 0.66393, -0.74780, 0.00000, 0.00000, 0.74780, 0.66393, 0.00000, 0.00000, -0.00000, -0.00000, 1.00000, 0.00000, -0.97386, 8.74963, 36.09978, 1.00000, align = { 0.00000, 0.00000 }, ignore = { 17, 10 }, },
				{ 0.75927, 0.65077, 0.00000, 0.00000, -0.65077, 0.75927, 0.00000, 0.00000, 0.00000, -0.00000, 1.00000, 0.00000, -2.27672, 8.43103, 21.09978, 1.00000, align = { 0.00000, 0.00000 }, ignore = { 18, 10 }, },
				{ 0.67688, -0.73610, 0.00000, 0.00000, 0.73610, 0.67688, 0.00000, 0.00000, -0.00000, -0.00000, 1.00000, 0.00000, -1.11720, 8.67122, 21.09978, 1.00000, align = { 0.00000, 0.00000 }, ignore = { 19, 10 }, },
				{ 0.67688, -0.73610, 0.00000, 0.00000, 0.73610, 0.67688, 0.00000, 0.00000, -0.00000, -0.00000, 1.00000, 0.00000, 1.43933, 8.42710, 12.09978, 1.00000, align = { 0.00000, 0.00000 }, ignore = { 20, 10 }, },
				{ -0.70215, 0.71203, -0.00000, 0.00000, -0.71203, -0.70215, -0.00000, 0.00000, -0.00000, 0.00000, 1.00000, 0.00000, -5.48163, 26.47203, 9.09999, 1.00000, align = { 0.00000, 0.00000 }, ignore = { 21, 10 }, },
			},
			["asset/vegetation/hedge_m.mdl"] = {
				{ -0.00000, 1.00000, -0.00000, 0.00000, -1.00000, -0.00000, -0.00000, 0.00000, -0.00000, -0.00000, 1.00000, 0.00000, -6.58607, 0.75893, 0.00000, 1.00000, },
				{ -0.00000, 1.00000, -0.00000, 0.00000, -1.00000, -0.00000, -0.00000, 0.00000, -0.00000, -0.00000, 1.00000, 0.00000, 4.45393, 0.75893, 0.00000, 1.00000, },
				{ 0.00000, -1.00000, 0.00000, 0.00000, 1.00000, 0.00000, -0.00000, 0.00000, -0.00000, 0.00000, 1.00000, 0.00000, -4.08607, 0.75893, 0.00000, 1.00000, },
				{ 0.00000, -1.00000, 0.00000, 0.00000, 1.00000, 0.00000, -0.00000, 0.00000, -0.00000, 0.00000, 1.00000, 0.00000, 6.77393, 0.75893, 0.00000, 1.00000, },
				{ 0.00000, -1.00000, 0.00000, 0.00000, 1.00000, 0.00000, -0.00000, 0.00000, -0.00000, 0.00000, 1.00000, 0.00000, -7.86607, 0.75893, 0.00000, 1.00000, },
				{ -0.00000, 1.00000, -0.00000, 0.00000, -1.00000, -0.00000, -0.00000, 0.00000, -0.00000, -0.00000, 1.00000, 0.00000, 3.23393, 0.75893, 0.00000, 1.00000, },
				{ 0.00000, -1.00000, 0.00000, 0.00000, 1.00000, 0.00000, -0.00000, 0.00000, -0.00000, 0.00000, 1.00000, 0.00000, -5.42607, 0.74893, 0.00000, 1.00000, },
				{ -0.00000, 1.00000, -0.00000, 0.00000, -1.00000, -0.00000, -0.00000, 0.00000, -0.00000, -0.00000, 1.00000, 0.00000, 5.61393, 0.74893, 0.00000, 1.00000, },
				{ -1.00000, -0.00000, 0.00000, 0.00000, 0.00000, -1.00000, -0.00000, 0.00000, 0.00000, -0.00000, 1.00000, 0.00000, 2.78393, 2.31893, -0.20000, 1.00000, },
				{ 1.00000, 0.00000, 0.00000, 0.00000, 0.00000, 1.00000, -0.00000, 0.00000, 0.00000, 0.00000, 1.00000, 0.00000, -3.65607, 2.32893, -0.20000, 1.00000, },
				{ 1.00000, -0.00000, 0.00000, 0.00000, 0.00000, 1.00000, -0.00000, 0.00000, -0.00000, 0.00000, 1.00000, 0.00000, 2.78393, 1.17893, -0.20000, 1.00000, },
				{ -1.00000, -0.00000, -0.00000, 0.00000, 0.00000, -1.00000, -0.00000, 0.00000, -0.00000, -0.00000, 1.00000, 0.00000, -3.65607, 1.28893, -0.20000, 1.00000, },
			},
		},
		groups = {
			["era_a_garden_chair.grp"] = {
				{ 0.18395, -0.98294, 0.00000, 0.00000, 0.98294, 0.18395, 0.00000, 0.00000, -0.00000, 0.00000, 1.00000, 0.00000, -0.52026, 8.28819, 27.09978, 1.00000, align = { 0.00000, 0.00000 }, seed = 768, ignore = { 22, 10 }, },
				{ 0.47101, 0.88213, 0.00000, 0.00000, -0.88213, 0.47101, 0.00000, 0.00000, 0.00000, -0.00000, 1.00000, 0.00000, -2.28644, 8.42776, 27.09978, 1.00000, align = { 0.00000, 0.00000 }, seed = 768, ignore = { 23, 10 }, },
				{ -0.73846, -0.67430, 0.00000, 0.00000, 0.67430, -0.73846, -0.00000, 0.00000, 0.00000, -0.00000, 1.00000, 0.00000, -1.14288, 20.07583, 30.09978, 1.00000, align = { 0.00000, 0.00000 }, seed = 256, ignore = { 27, 10 }, },
				{ -0.57358, 0.81915, 0.00000, 0.00000, -0.81915, -0.57358, -0.00000, 0.00000, -0.00000, -0.00000, 1.00000, 0.00000, -7.01070, 17.21843, 12.09978, 1.00000, align = { 0.00000, 0.00000 }, seed = 256, ignore = { 28, 10 }, },
				{ 0.57358, 0.81915, -0.00000, 0.00000, -0.81915, 0.57358, -0.00000, 0.00000, -0.00000, 0.00000, 1.00000, 0.00000, -2.51006, 8.75878, 15.09978, 1.00000, align = { 0.00000, 0.00000 }, seed = 256, ignore = { 29, 10 }, },
				{ -0.59061, -0.80696, 0.00000, 0.00000, 0.80696, -0.59061, -0.00000, 0.00000, 0.00000, -0.00000, 1.00000, 0.00000, -1.26160, 20.28512, 12.09978, 1.00000, align = { 0.00000, 0.00000 }, seed = 256, ignore = { 30, 10 }, },
				{ 0.84057, -0.54171, -0.00000, 0.00000, 0.54171, 0.84057, -0.00000, 0.00000, 0.00000, 0.00000, 1.00000, 0.00000, -1.18496, 21.77996, 30.09978, 1.00000, align = { 0.00000, 0.00000 }, seed = 256, ignore = { 31, 10 }, },
				{ -0.90183, -0.43209, 0.00000, 0.00000, 0.43209, -0.90183, -0.00000, 0.00000, 0.00000, -0.00000, 1.00000, 0.00000, -5.29085, 17.24229, 12.09978, 1.00000, align = { 0.00000, 0.00000 }, seed = 256, ignore = { 32, 10 }, },
				{ 0.77715, -0.62932, -0.00000, 0.00000, 0.62932, 0.77715, -0.00000, 0.00000, 0.00000, 0.00000, 1.00000, 0.00000, -1.26104, 8.79848, 15.09978, 1.00000, align = { 0.00000, 0.00000 }, seed = 256, ignore = { 33, 10 }, },
			},
			["era_b_sunshade_small.grp"] = {
				{ -0.59061, 0.80696, -0.00000, 0.00000, -0.80696, -0.59061, 0.00000, 0.00000, 0.00000, 0.00000, 1.00000, 0.00000, 0.70825, 8.26552, 12.09978, 1.00000, align = { 0.00000, 0.00000 }, ignore = { 2, 50 }, },
				{ 0.46020, 0.88782, 0.00000, 0.00000, -0.88782, 0.46020, 0.00000, 0.00000, 0.00000, 0.00000, 1.00000, 0.00000, -5.79327, 17.63721, 36.09978, 1.00000, align = { 0.00000, 0.00000 }, ignore = { 3, 50 }, },
				{ 1.00000, 0.00000, 0.00000, 0.00000, 0.00000, 1.00000, 0.00000, 0.00000, 0.00000, 0.00000, 1.00000, 0.00000, -5.98209, 17.74929, 18.09978, 1.00000, align = { 0.00000, 0.00000 }, ignore = { 4, 50 }, },
				{ -0.06279, 0.99803, 0.00000, 0.00000, -0.99803, -0.06279, 0.00000, 0.00000, 0.00000, 0.00000, 1.00000, 0.00000, -5.85626, 18.12687, 27.09978, 1.00000, align = { 0.00000, 0.00000 }, ignore = { 5, 50 }, },
				{ -0.99297, 0.11840, 0.00000, 0.00000, -0.11840, -0.99297, 0.00000, 0.00000, 0.00000, 0.00000, 1.00000, 0.00000, -1.61613, 8.67608, 36.09978, 1.00000, align = { 0.00000, 0.00000 }, ignore = { 6, 50 }, },
				{ -0.74431, 0.66783, 0.00000, 0.00000, -0.66783, -0.74431, 0.00000, 0.00000, 0.00000, 0.00000, 1.00000, 0.00000, -1.86413, 21.25552, 36.09978, 1.00000, align = { 0.00000, 0.00000 }, ignore = { 7, 50 }, },
				{ 0.76267, 0.64679, 0.00000, 0.00000, -0.64679, 0.76267, 0.00000, 0.00000, 0.00000, -0.00000, 1.00000, 0.00000, -1.83573, 20.95356, 12.09978, 1.00000, align = { 0.00000, 0.00000 }, ignore = { 8, 50 }, },
				{ -0.52399, -0.85173, 0.00000, 0.00000, 0.85173, -0.52399, 0.00000, 0.00000, 0.00000, 0.00000, 1.00000, 0.00000, -1.34500, 8.19436, 27.09978, 1.00000, align = { 0.00000, 0.00000 }, },
			},
			["garden_table_round.grp"] = {
				{ 0.99488, 0.10106, -0.00000, 0.00000, -0.10106, 0.99488, 0.00000, 0.00000, 0.00000, -0.00000, 1.00000, 0.00000, -1.34500, 8.19436, 27.09978, 1.00000, align = { 0.00000, 0.00000 }, seed = 768, },
				{ -0.68200, -0.73135, 0.00000, 0.00000, 0.73135, -0.68200, -0.00000, 0.00000, 0.00000, -0.00000, 1.00000, 0.00000, -1.88379, 20.91405, 30.09978, 1.00000, align = { 0.00000, 0.00000 }, seed = 256, ignore = { 24, 10 }, },
				{ -0.68200, -0.73135, 0.00000, 0.00000, 0.73135, -0.68200, -0.00000, 0.00000, 0.00000, -0.00000, 1.00000, 0.00000, -6.05546, 17.39408, 12.09978, 1.00000, align = { 0.00000, 0.00000 }, seed = 256, ignore = { 25, 10 }, },
				{ -0.68200, -0.73135, 0.00000, 0.00000, 0.73135, -0.68200, -0.00000, 0.00000, 0.00000, -0.00000, 1.00000, 0.00000, -1.70418, 8.03152, 15.09978, 1.00000, align = { 0.00000, 0.00000 }, seed = 256, ignore = { 26, 10 }, },
			},
			["random_large_tree_town.grp"] = {
				{ -0.37784, -0.92587, 0.00000, 0.00000, 0.92587, -0.37784, 0.00000, 0.00000, 0.00000, 0.00000, 1.00000, 0.00000, -7.31000, 25.49000, 0.00000, 1.00000, },
			},
			["random_medium_tree_town.grp"] = {
				{ -0.72444, -0.19411, 0.00000, 0.00000, 0.19411, -0.72444, -0.00000, 0.00000, 0.00000, -0.00000, 0.75000, 0.00000, -6.40000, 22.50000, 0.00000, 1.00000, },
				{ 0.72708, -0.18398, 0.00000, 0.00000, 0.18398, 0.72708, -0.00000, 0.00000, -0.00000, 0.00000, 0.75000, 0.00000, -3.51000, 25.36000, 0.00000, 1.00000, },
			},
		},
	},
}
--End Generated

function data()
	return townbuildingutil.make_building2(
		{ { -4.60, -0.10 }, { 4.60, -0.10 }, { 4.60, 9.10 }, { -4.60, 9.10 } },
		"RESIDENTIAL", 
		"B", 
		3,
		{ 3, 4 },
		generatedData,
		"construction/building/era_b/res_3_3x4_01.gtex"
	)
end
