local townbuildingutil = require "townbuildingutil"

--Model file: "building/era_b/res_2_2x2_02.mdl"

--Begin Generated
local generatedData = {
	["base"] = {
		models = {
			["building/era_b/res_2_2x2_02.mdl"] = {
				{ 1.00000, 0.00000, 0.00000, 0.00000, 0.00000, 1.00000, 0.00000, 0.00000, 0.00000, 0.00000, 1.00000, 0.00000, 0.26000, 0.00000, 0.00000, 1.00000, },
			},
		},
		curves = {
			["scaffold"] = {
				{ { 6.46093, 2.54892, 0.00000 }, { 6.46093, 2.54892, 0.00000 }, { 6.55421, 10.74708, 0.00000 }, { 6.55421, 10.74709, 0.00000 }, { 6.55421, 10.74709, 0.00000 }, { 3.30451, 10.74708, 0.00000 }, { 3.30451, 10.74708, 0.00000 }, { 3.30451, 10.74708, 0.00000 }, { 3.30451, 11.76258, 0.00000 }, { 3.30451, 11.76258, 0.00000 }, { 3.30451, 11.76258, 0.00000 }, { 1.22342, 11.76258, 0.00000 }, { 1.22342, 11.76258, 0.00000 }, { 1.22342, 11.76258, 0.00000 }, { 1.22342, 10.74707, 0.00000 }, { 1.22342, 10.74707, 0.00000 }, { 1.22342, 10.74707, 0.00000 }, { -1.35540, 10.74707, 0.00000 }, { -1.35540, 10.74707, 0.00000 }, { -1.35540, 10.74707, 0.00000 }, { -1.35540, 11.76258, 0.00000 }, { -1.35540, 11.76258, 0.00000 }, { -1.35540, 11.76258, 0.00000 }, { -3.42502, 11.76258, 0.00000 }, { -3.42502, 11.76258, 0.00000 }, { -3.42502, 11.76258, 0.00000 }, { -3.42502, 10.74705, 0.00000 }, { -3.42502, 10.74705, 0.00000 }, { -3.42502, 10.74705, 0.00000 }, { -6.57960, 10.74705, 0.00000 }, { -6.57960, 10.74705, 0.00000 }, { -6.57960, 10.74705, 0.00000 }, { -6.57960, 2.54874, 0.00000 }, { -6.57960, 2.54874, 0.00000 }, { -6.57960, 2.54874, 0.00000 }, { -1.67702, 2.54888, 0.00000 }, { -1.67702, 2.54888, 0.00000 }, { -1.67701, 2.54888, 0.00000 }, { -1.67701, 2.14960, 0.00000 }, { -1.67701, 2.14960, 0.00000 }, { -1.67701, 2.14960, 0.00000 }, { 1.70263, 2.14960, 0.00000 }, { 1.70263, 2.14960, 0.00000 }, { 1.70263, 2.14960, 0.00000 }, { 1.70263, 2.54892, 0.00000 }, { 1.70263, 2.54892, 0.00000 }, },
			},
			["shared/asphalt_01.gtex.lua;shared/dirt.gtex.lua"] = {
				{ { 8.00000, 0.00000, 0.00000 }, { 8.00000, 0.00000, -0.00000 }, { 8.00000, 11.34067, -0.00001 }, { 8.00000, 11.34067, -0.00001 }, { 8.00000, 11.34067, -0.00001 }, { -8.00000, 11.34067, -0.00001 }, { -8.00000, 11.34067, -0.00001 }, { -8.00000, 11.34067, -0.00001 }, { -8.00000, 0.00000, -0.00000 }, { -8.00000, 0.00000, 0.00000 }, },
			},
			["shared/grass_cutted_01.gtex.lua"] = {
				{ { 8.00000, 11.34067, 0.00000 }, { 8.00000, 11.34067, 0.00000 }, { 8.00000, 12.50000, 0.00000 }, { 8.00000, 12.50000, 0.00000 }, { 8.00000, 12.50000, 0.00000 }, { 6.00000, 12.50000, 0.00000 }, { 6.00000, 12.50000, 0.00000 }, { 6.00000, 12.50000, 0.00000 }, { 6.00000, 14.50000, 0.00000 }, { 6.00000, 14.50000, 0.00000 }, { 6.00000, 14.50000, 0.00000 }, { -6.00000, 14.50000, 0.00000 }, { -6.00000, 14.50000, 0.00000 }, { -6.00000, 14.50000, 0.00000 }, { -6.00000, 12.50000, 0.00000 }, { -6.00000, 12.50000, 0.00000 }, { -6.00000, 12.50000, 0.00000 }, { -8.00000, 12.50000, 0.00000 }, { -8.00000, 12.50000, 0.00000 }, { -8.00000, 12.50000, 0.00000 }, { -8.00000, 11.34067, 0.00000 }, { -8.00000, 11.34067, 0.00000 }, },
			},
			["shared/gravel_02.gtex.lua"] = {
				{ { 8.00000, 12.50000, 0.00000 }, { 8.00000, 12.50000, 0.00000 }, { 8.00000, 16.00000, 0.00000 }, { 8.00000, 16.00000, 0.00000 }, { 8.00000, 16.00000, 0.00000 }, { -8.00000, 16.00000, 0.00000 }, { -8.00000, 16.00000, 0.00000 }, { -8.00000, 16.00000, 0.00000 }, { -8.00000, 12.50000, 0.00000 }, { -8.00000, 12.50000, 0.00000 }, { -8.00000, 12.50000, 0.00000 }, { -6.00000, 12.50000, 0.00000 }, { -6.00000, 12.50000, 0.00000 }, { -6.00000, 12.50000, 0.00000 }, { -6.00000, 14.50000, 0.00000 }, { -6.00000, 14.50000, 0.00000 }, { -6.00000, 14.50000, 0.00000 }, { 6.00000, 14.50000, 0.00000 }, { 6.00000, 14.50000, 0.00000 }, { 6.00000, 14.50000, 0.00000 }, { 6.00000, 12.50000, 0.00000 }, { 6.00000, 12.50000, 0.00000 }, },
			},
		},
	},
	["layout_1"] = {
		models = {
			["asset/ground/garden_chair_plastic_01.mdl"] = {
				{ -0.49394, 0.86949, -0.00000, 0.00000, -0.86949, -0.49394, 0.00000, 0.00000, -0.00000, 0.00000, 1.00000, 0.00000, 1.58877, 10.85176, 6.21244, 1.00000, align = { 0.26000, 0.00000 }, ignore = { 6, 25 }, },
				{ -0.97030, -0.24192, -0.00000, 0.00000, 0.24192, -0.97030, 0.00000, 0.00000, -0.00000, 0.00000, 1.00000, 0.00000, -2.62301, 10.75556, 6.21244, 1.00000, align = { 0.26000, 0.00000 }, ignore = { 7, 25 }, },
			},
		},
		groups = {
			["era_b_sunshade_small.grp"] = {
				{ 0.54089, -0.64920, 0.00000, 0.00000, 0.64920, 0.54089, 0.00000, 0.00000, 0.00000, 0.00000, 0.84500, 0.00000, 2.55819, 11.14666, 6.21244, 1.00000, align = { 0.26000, 0.00000 }, ignore = { 2, 80 }, },
				{ 0.48467, -0.69218, 0.00000, 0.00000, 0.69218, 0.48467, 0.00000, 0.00000, 0.00000, 0.00000, 0.84500, 0.00000, -2.46337, 11.35943, 3.21244, 1.00000, align = { 0.26000, 0.00000 }, ignore = { 3, 80 }, },
				{ 0.84500, 0.00000, 0.00000, 0.00000, 0.00000, 0.84500, 0.00000, 0.00000, 0.00000, 0.00000, 0.84500, 0.00000, 1.69423, 11.28706, 3.21244, 1.00000, align = { 0.26000, 0.00000 }, ignore = { 4, 80 }, },
				{ 0.84500, 0.00000, 0.00000, 0.00000, 0.00000, 0.84500, 0.00000, 0.00000, 0.00000, 0.00000, 0.84500, 0.00000, -2.87780, 11.28844, 6.21244, 1.00000, align = { 0.26000, 0.00000 }, ignore = { 5, 80 }, },
			},
			["garden_table_round.grp"] = {
				{ 0.70957, 0.70463, 0.00000, 0.00000, -0.70463, 0.70957, 0.00000, 0.00000, 0.00000, 0.00000, 1.00000, 0.00000, -2.19147, 10.73670, 3.21244, 1.00000, align = { 0.26000, 0.00000 }, ignore = { 8, 50 }, },
			},
			["random_shrub_town_fence.grp"] = {
				{ 0.24256, -0.97014, 0.00000, 0.00000, 0.97014, 0.24256, -0.00000, 0.00000, -0.00000, 0.00000, 1.00000, 0.00000, -3.60072, 13.42119, 0.00000, 1.00000, },
				{ 0.24256, -0.97014, 0.00000, 0.00000, 0.97014, 0.24256, -0.00000, 0.00000, -0.00000, 0.00000, 1.00000, 0.00000, -2.20072, 13.47119, 0.00000, 1.00000, },
				{ 0.24256, -0.97014, 0.00000, 0.00000, 0.97014, 0.24256, -0.00000, 0.00000, -0.00000, 0.00000, 1.00000, 0.00000, -0.70072, 13.42119, 0.00000, 1.00000, },
				{ -0.97014, -0.24256, -0.00000, 0.00000, 0.24256, -0.97014, -0.00000, 0.00000, -0.00000, -0.00000, 1.00000, 0.00000, 2.84095, 13.51286, 0.00000, 1.00000, },
				{ -0.24256, 0.97014, -0.00000, 0.00000, -0.97014, -0.24256, -0.00000, 0.00000, -0.00000, -0.00000, 1.00000, 0.00000, 1.29929, 13.42119, 0.00000, 1.00000, },
			},
		},
	},
}
--End Generated

function data()
	return townbuildingutil.make_building2(
		{ { -4.60, -0.10 }, { 4.60, -0.10 }, { 4.60, 9.10 }, { -4.60, 9.10 } },
		"RESIDENTIAL", 
		"B", 
		2,
		{ 2, 2 },
		generatedData,
		"construction/building/era_b/res_2_2x2_02.gtex"
	)
end
