local townbuildingutil = require "townbuildingutil"

--Model file: "building/era_b/res_3_3x4_03.mdl"

--Begin Generated
local generatedData = {
	["base"] = {
		models = {
			["building/era_b/res_3_3x4_03.mdl"] = {
				{ 1.00000, 0.00000, 0.00000, 0.00000, 0.00000, 1.00000, 0.00000, 0.00000, 0.00000, 0.00000, 1.00000, 0.00000, 0.00000, 0.00000, 0.00000, 1.00000, },
			},
		},
		curves = {
			["scaffold"] = {
				{ { 1.64844, 2.70934, 0.00000 }, { 1.64844, 2.70934, 0.00000 }, { 1.64844, 5.28902, 0.00000 }, { 1.64844, 5.28902, 0.00000 }, { 1.64844, 5.28902, 0.00000 }, { 9.45587, 5.28902, 0.00000 }, { 9.45587, 5.28902, 0.00000 }, { 9.45587, 5.28902, 0.00000 }, { 9.45587, 19.12399, 0.00000 }, { 9.45587, 19.12399, 0.00000 }, { 9.45587, 19.12399, 0.00000 }, { 5.02563, 19.12399, 0.00000 }, { 5.02563, 19.12399, 0.00000 }, { 5.02563, 19.12399, 0.00000 }, { 5.02563, 20.34465, 0.00000 }, { 5.02563, 20.34465, 0.00000 }, { 5.02563, 20.34465, 0.00000 }, { 6.46619, 20.34465, 0.00000 }, { 6.46619, 20.34465, 0.00000 }, { 6.46619, 20.34465, 0.00000 }, { 6.46619, 28.71931, 0.00000 }, { 6.46619, 28.71931, 0.00000 }, { 6.46619, 28.71931, 0.00000 }, { -1.46667, 28.71931, 0.00000 }, { -1.46667, 28.71931, 0.00000 }, { -1.46667, 28.71931, 0.00000 }, { -1.46667, 23.49265, 0.00000 }, { -1.46667, 23.49265, 0.00000 }, { -1.46667, 23.49265, 0.00000 }, { -7.24561, 23.49265, 0.00000 }, { -7.24561, 23.49265, 0.00000 }, { -7.24561, 23.49265, 0.00000 }, { -7.24561, 16.89359, 0.00000 }, { -7.24561, 16.89359, 0.00000 }, { -7.24561, 16.89359, 0.00000 }, { -10.22241, 16.89359, 0.00000 }, { -10.22241, 16.89359, 0.00000 }, { -10.22241, 16.89359, 0.00000 }, { -10.22241, 7.68256, 0.00000 }, { -10.22241, 7.68256, 0.00000 }, { -10.22241, 7.68256, 0.00000 }, { -9.74646, 7.68256, 0.00000 }, { -9.74646, 7.68256, 0.00000 }, { -9.74646, 7.68256, 0.00000 }, { -9.74646, 3.78485, 0.00000 }, { -9.74646, 3.78485, 0.00000 }, { -9.74646, 3.78485, 0.00000 }, { -4.86438, 3.78485, 0.00000 }, { -4.86438, 3.78485, 0.00000 }, { -4.86438, 3.78485, 0.00000 }, { -4.86438, 2.70934, 0.00000 }, { -4.86438, 2.70934, 0.00000 }, },
			},
			["shared/asphalt_01.gtex.lua;shared/dirt.gtex.lua"] = {
				{ { 12.00000, 0.00000, 0.00000 }, { 12.00000, 0.00000, 0.00000 }, { 12.00000, 19.82399, 0.00000 }, { 12.00000, 19.82399, 0.00000 }, { 12.00000, 19.82399, -0.00000 }, { 7.38623, 19.82399, -0.00001 }, { 7.38623, 19.82399, -0.00001 }, { 7.38623, 19.82399, -0.00001 }, { 7.38623, 29.63931, -0.00001 }, { 7.38623, 29.63931, -0.00001 }, { 7.38623, 29.63931, -0.00001 }, { -2.38672, 29.63931, -0.00001 }, { -2.38672, 29.63931, -0.00001 }, { -2.38672, 29.63931, -0.00001 }, { -2.38672, 24.19264, -0.00001 }, { -2.38672, 24.19264, -0.00001 }, { -2.38672, 24.19264, -0.00001 }, { -7.74560, 24.19264, -0.00002 }, { -7.74561, 24.19264, -0.00002 }, { -7.74561, 24.19264, -0.00002 }, { -7.74561, 17.81359, -0.00001 }, { -7.74561, 17.81358, -0.00001 }, { -7.74561, 17.81358, -0.00001 }, { -12.00000, 17.81358, -0.00003 }, { -12.00000, 17.81358, -0.00003 }, { -12.00000, 17.81358, -0.00003 }, { -12.00000, 0.00000, -0.00000 }, { -12.00000, 0.00000, 0.00000 }, },
			},
			["shared/grass_cutted_01.gtex.lua"] = {
				{ { 12.00000, 19.82399, 0.00000 }, { 12.00000, 19.82399, 0.00000 }, { 12.00000, 32.00000, 0.00000 }, { 12.00000, 32.00000, 0.00000 }, { 12.00000, 32.00000, 0.00000 }, { -12.00000, 32.00000, 0.00000 }, { -12.00000, 32.00000, 0.00000 }, { -12.00000, 32.00000, -0.00000 }, { -12.00000, 17.81359, -0.00003 }, { -12.00000, 17.81358, -0.00003 }, { -12.00000, 17.81358, -0.00003 }, { -7.74561, 17.81358, -0.00001 }, { -7.74561, 17.81358, -0.00001 }, { -7.74561, 17.81359, -0.00001 }, { -7.74561, 24.19264, -0.00002 }, { -7.74561, 24.19264, -0.00002 }, { -7.74560, 24.19264, -0.00002 }, { -2.38672, 24.19264, -0.00001 }, { -2.38672, 24.19264, -0.00001 }, { -2.38672, 24.19264, -0.00001 }, { -2.38672, 29.63931, -0.00001 }, { -2.38672, 29.63931, -0.00001 }, { -2.38672, 29.63931, -0.00001 }, { 7.38623, 29.63931, -0.00001 }, { 7.38623, 29.63931, -0.00001 }, { 7.38623, 29.63931, -0.00001 }, { 7.38623, 19.82399, -0.00001 }, { 7.38623, 19.82399, -0.00001 }, },
			},
		},
	},
	["layout_1"] = {
		models = {
			["asset/ground/garden_chair_plastic_01.mdl"] = {
				{ 0.67688, -0.73610, 0.00000, 0.00000, 0.73610, 0.67688, 0.00000, 0.00000, -0.00000, -0.00000, 1.00000, 0.00000, -5.89567, 21.81172, 33.08099, 1.00000, align = { 0.00000, 0.00000 }, ignore = { 11, 10 }, },
				{ 0.67688, -0.73610, 0.00000, 0.00000, 0.73610, 0.67688, 0.00000, 0.00000, -0.00000, -0.00000, 1.00000, 0.00000, -6.19040, 21.43970, 21.06999, 1.00000, align = { 0.00000, 0.00000 }, ignore = { 12, 10 }, },
				{ -0.21814, -0.97592, -0.00000, 0.00000, 0.97592, -0.21814, 0.00000, 0.00000, -0.00000, 0.00000, 1.00000, 0.00000, -6.19040, 20.33970, 21.22999, 1.00000, align = { 0.00000, 0.00000 }, ignore = { 13, 10 }, },
				{ 0.67688, -0.73610, 0.00000, 0.00000, 0.73610, 0.67688, 0.00000, 0.00000, -0.00000, -0.00000, 1.00000, 0.00000, -6.15800, 21.87754, 15.06999, 1.00000, align = { 0.00000, 0.00000 }, ignore = { 14, 10 }, },
				{ -0.70215, 0.71203, -0.00000, 0.00000, -0.71203, -0.70215, -0.00000, 0.00000, -0.00000, 0.00000, 1.00000, 0.00000, 8.00989, 7.09340, 6.06999, 1.00000, align = { 0.00000, 0.00000 }, ignore = { 15, 10 }, },
				{ 0.61291, 0.79015, 0.00000, 0.00000, -0.79015, 0.61291, 0.00000, 0.00000, 0.00000, -0.00000, 1.00000, 0.00000, 8.21744, 14.73776, 21.06999, 1.00000, align = { 0.00000, 0.00000 }, ignore = { 16, 10 }, },
				{ -0.59622, 0.80282, -0.00000, 0.00000, -0.80282, -0.59622, 0.00000, 0.00000, 0.00000, 0.00000, 1.00000, 0.00000, 8.21744, 13.28776, 21.06999, 1.00000, align = { 0.00000, 0.00000 }, ignore = { 17, 10 }, },
				{ -0.46330, 0.88620, 0.00000, 0.00000, -0.88620, -0.46330, 0.00000, 0.00000, 0.00000, 0.00000, 1.00000, 0.00000, 8.18453, 15.21613, 15.06999, 1.00000, align = { 0.00000, 0.00000 }, ignore = { 18, 10 }, },
				{ -0.46330, 0.88620, 0.00000, 0.00000, -0.88620, -0.46330, 0.00000, 0.00000, 0.00000, 0.00000, 1.00000, 0.00000, 8.47583, 13.87675, 12.06999, 1.00000, align = { 0.00000, 0.00000 }, ignore = { 19, 10 }, },
			},
		},
		groups = {
			["era_a_garden_bench.grp"] = {
				{ 0.02212, 0.84471, 0.00000, 0.00000, -0.84471, 0.02212, 0.00000, 0.00000, 0.00000, 0.00000, 0.84500, 0.00000, 7.89956, 14.07535, 6.06999, 1.00000, align = { 0.00000, 0.00000 }, ignore = { 5, 25 }, },
				{ 0.02212, 0.84471, 0.00000, 0.00000, -0.84471, 0.02212, 0.00000, 0.00000, 0.00000, 0.00000, 0.84500, 0.00000, 8.06564, 7.82893, 30.06999, 1.00000, align = { 0.00000, 0.00000 }, ignore = { 6, 25 }, },
			},
			["era_a_garden_chair.grp"] = {
				{ -0.99824, 0.05931, 0.00000, 0.00000, -0.05931, -0.99824, 0.00000, 0.00000, 0.00000, 0.00000, 1.00000, 0.00000, -6.17495, 20.09626, 27.06998, 1.00000, align = { 0.00000, 0.00000 }, seed = 768, ignore = { 20, 10 }, },
				{ 0.99919, -0.04013, 0.00000, 0.00000, 0.04013, 0.99919, 0.00000, 0.00000, -0.00000, -0.00000, 1.00000, 0.00000, -6.16450, 21.71128, 27.06998, 1.00000, align = { 0.00000, 0.00000 }, seed = 768, ignore = { 21, 10 }, },
				{ 0.99905, -0.04362, 0.00000, 0.00000, 0.04362, 0.99905, 0.00000, 0.00000, -0.00000, -0.00000, 1.00000, 0.00000, 8.51829, 8.73312, 18.06999, 1.00000, align = { 0.00000, 0.00000 }, seed = 768, ignore = { 22, 10 }, },
				{ -0.99970, 0.02443, 0.00000, 0.00000, -0.02443, -0.99970, 0.00000, 0.00000, 0.00000, 0.00000, 1.00000, 0.00000, 8.53320, 7.11813, 18.06999, 1.00000, align = { 0.00000, 0.00000 }, seed = 768, ignore = { 23, 10 }, },
				{ 0.69214, 0.72176, -0.00000, 0.00000, -0.72176, 0.69214, -0.00000, 0.00000, -0.00000, 0.00000, 1.00000, 0.00000, 8.17903, 8.81485, 9.06999, 1.00000, align = { 0.00000, 0.00000 }, seed = 256, ignore = { 25, 10 }, },
				{ -0.70957, 0.70463, 0.00000, 0.00000, -0.70463, -0.70957, -0.00000, 0.00000, -0.00000, -0.00000, 1.00000, 0.00000, 8.17903, 7.19485, 9.06999, 1.00000, align = { 0.00000, 0.00000 }, seed = 256, ignore = { 26, 10 }, },
			},
			["era_b_sunshade_small.grp"] = {
				{ -0.59061, 0.80696, -0.00000, 0.00000, -0.80696, -0.59061, 0.00000, 0.00000, 0.00000, 0.00000, 1.00000, 0.00000, -6.62435, 20.64288, 6.06999, 1.00000, align = { 0.00000, 0.00000 }, ignore = { 2, 50 }, },
				{ -0.99297, 0.11840, 0.00000, 0.00000, -0.11840, -0.99297, 0.00000, 0.00000, 0.00000, 0.00000, 1.00000, 0.00000, -6.24567, 21.18453, 33.21461, 1.00000, align = { 0.00000, 0.00000 }, ignore = { 3, 50 }, },
				{ -0.74431, 0.66783, 0.00000, 0.00000, -0.66783, -0.74431, 0.00000, 0.00000, 0.00000, 0.00000, 1.00000, 0.00000, -6.47412, 21.19850, 15.06999, 1.00000, align = { 0.00000, 0.00000 }, ignore = { 4, 50 }, },
				{ 0.87798, -0.47869, 0.00000, 0.00000, 0.47869, 0.87798, -0.00000, 0.00000, 0.00000, 0.00000, 1.00000, 0.00000, 8.86121, 13.93045, 27.06999, 1.00000, align = { 0.00000, 0.00000 }, ignore = { 7, 50 }, },
				{ 0.74314, -0.66913, 0.00000, 0.00000, 0.66913, 0.74314, 0.00000, 0.00000, 0.00000, 0.00000, 1.00000, 0.00000, 8.51728, 8.39432, 6.06999, 1.00000, align = { 0.00000, 0.00000 }, ignore = { 8, 50 }, },
				{ 0.80696, 0.59061, 0.00000, 0.00000, -0.59061, 0.80696, 0.00000, 0.00000, 0.00000, 0.00000, 1.00000, 0.00000, 8.63159, 14.01210, 33.06999, 1.00000, align = { 0.00000, 0.00000 }, ignore = { 9, 50 }, },
				{ -0.74780, -0.66393, -0.00000, 0.00000, 0.66393, -0.74780, 0.00000, 0.00000, -0.00000, 0.00000, 1.00000, 0.00000, 8.51591, 16.20936, 15.06999, 1.00000, align = { 0.00000, 0.00000 }, ignore = { 10, 50 }, },
				{ -0.69966, 0.71447, 0.00000, 0.00000, -0.71447, -0.69966, 0.00000, 0.00000, 0.00000, 0.00000, 1.00000, 0.00000, -6.06647, 20.91920, 27.06998, 1.00000, align = { 0.00000, 0.00000 }, },
				{ 0.71080, -0.70339, 0.00000, 0.00000, 0.70339, 0.71080, 0.00000, 0.00000, 0.00000, 0.00000, 1.00000, 0.00000, 8.42274, 7.90858, 18.06999, 1.00000, align = { 0.00000, 0.00000 }, },
			},
			["garden_table_round.grp"] = {
				{ -0.14263, -0.98978, -0.00000, 0.00000, 0.98978, -0.14263, 0.00000, 0.00000, -0.00000, -0.00000, 1.00000, 0.00000, -6.06647, 20.91920, 27.06998, 1.00000, align = { 0.00000, 0.00000 }, seed = 768, },
				{ -0.51054, 0.85985, -0.00000, 0.00000, -0.85985, -0.51054, 0.00000, 0.00000, 0.00000, 0.00000, 1.00000, 0.00000, 8.42274, 7.90858, 18.06999, 1.00000, align = { 0.00000, 0.00000 }, seed = 768, },
				{ -0.68200, -0.73135, 0.00000, 0.00000, 0.73135, -0.68200, -0.00000, 0.00000, 0.00000, -0.00000, 1.00000, 0.00000, 8.36015, 7.96928, 9.06999, 1.00000, align = { 0.00000, 0.00000 }, seed = 256, ignore = { 24, 10 }, },
			},
			["random_medium_tree_town.grp"] = {
				{ -0.04536, 0.99897, 0.00000, 0.00000, -0.99897, -0.04536, 0.00000, 0.00000, 0.00000, 0.00000, 1.00000, 0.00000, -5.50000, 28.80000, 0.00000, 1.00000, },
				{ -0.03130, 0.68929, 0.00000, 0.00000, -0.68929, -0.03130, 0.00000, 0.00000, 0.00000, 0.00000, 0.69000, 0.00000, -9.05000, 29.80000, 0.00000, 1.00000, },
				{ -0.14209, -0.85832, 0.00000, 0.00000, 0.85832, -0.14209, 0.00000, 0.00000, 0.00000, 0.00000, 0.87000, 0.00000, -9.00000, 27.00000, 0.00000, 1.00000, },
			},
			["random_shrub_town.grp"] = {
				{ -0.72495, -0.68880, 0.00000, 0.00000, 0.68880, -0.72495, 0.00000, 0.00000, 0.00000, 0.00000, 1.00000, 0.00000, 9.87693, 26.39292, 0.00000, 1.00000, },
				{ -0.72495, -0.68880, 0.00000, 0.00000, 0.68880, -0.72495, 0.00000, 0.00000, 0.00000, 0.00000, 1.00000, 0.00000, 9.32693, 28.04292, 0.00000, 1.00000, },
				{ 0.94935, 0.31422, 0.00000, 0.00000, -0.31422, 0.94935, 0.00000, 0.00000, 0.00000, 0.00000, 1.00000, 0.00000, 10.10000, 23.71000, 0.00000, 1.00000, },
				{ 0.45887, -0.88850, 0.00000, 0.00000, 0.88850, 0.45887, 0.00000, 0.00000, 0.00000, 0.00000, 1.00000, 0.00000, 8.70000, 22.71000, 0.00000, 1.00000, },
				{ -0.96356, -0.26747, 0.00000, 0.00000, 0.26747, -0.96356, 0.00000, 0.00000, 0.00000, 0.00000, 1.00000, 0.00000, 8.57000, 25.29000, 0.00000, 1.00000, },
			},
			["random_shrub_town_fence.grp"] = {
				{ 0.73473, 0.67836, 0.00000, 0.00000, -0.67836, 0.73473, -0.00000, 0.00000, -0.00000, 0.00000, 1.00000, 0.00000, -8.39071, 25.35786, 0.00000, 1.00000, },
				{ 0.73473, 0.67836, 0.00000, 0.00000, -0.67836, 0.73473, -0.00000, 0.00000, -0.00000, 0.00000, 1.00000, 0.00000, -2.19071, 30.15786, 0.00000, 1.00000, },
				{ -0.67836, 0.73473, -0.00000, 0.00000, -0.73473, -0.67836, -0.00000, 0.00000, -0.00000, -0.00000, 1.00000, 0.00000, -6.81571, 25.35286, 0.00000, 1.00000, },
				{ -0.67836, 0.73473, -0.00000, 0.00000, -0.73473, -0.67836, -0.00000, 0.00000, -0.00000, -0.00000, 1.00000, 0.00000, -0.36571, 30.15285, 0.00000, 1.00000, },
				{ -0.67836, 0.73473, -0.00000, 0.00000, -0.73473, -0.67836, -0.00000, 0.00000, -0.00000, -0.00000, 1.00000, 0.00000, 4.08429, 30.15285, 0.00000, 1.00000, },
				{ -0.67836, 0.73473, -0.00000, 0.00000, -0.73473, -0.67836, -0.00000, 0.00000, -0.00000, -0.00000, 1.00000, 0.00000, -11.11572, 19.05286, 0.00000, 1.00000, },
				{ -0.57725, -0.81657, 0.00000, 0.00000, 0.81657, -0.57725, 0.00000, 0.00000, 0.00000, 0.00000, 1.00000, 0.00000, -8.39071, 23.93786, 0.00000, 1.00000, },
				{ -0.57725, -0.81657, 0.00000, 0.00000, 0.81657, -0.57725, 0.00000, 0.00000, 0.00000, 0.00000, 1.00000, 0.00000, -2.99071, 29.43786, 0.00000, 1.00000, },
				{ 0.81657, -0.57725, 0.00000, 0.00000, 0.57725, 0.81657, -0.00000, 0.00000, -0.00000, 0.00000, 1.00000, 0.00000, -5.01571, 25.35286, 0.00000, 1.00000, },
				{ 0.81657, -0.57725, 0.00000, 0.00000, 0.57725, 0.81657, -0.00000, 0.00000, -0.00000, 0.00000, 1.00000, 0.00000, 1.18429, 30.15285, 0.00000, 1.00000, },
				{ 0.81657, -0.57725, 0.00000, 0.00000, 0.57725, 0.81657, -0.00000, 0.00000, -0.00000, 0.00000, 1.00000, 0.00000, 5.63428, 30.15285, 0.00000, 1.00000, },
				{ 0.81657, -0.57725, 0.00000, 0.00000, 0.57725, 0.81657, -0.00000, 0.00000, -0.00000, 0.00000, 1.00000, 0.00000, -9.81571, 19.05286, 0.00000, 1.00000, },
				{ -0.81279, 0.58256, -0.00000, 0.00000, -0.58256, -0.81279, -0.00000, 0.00000, -0.00000, -0.00000, 1.00000, 0.00000, -8.39071, 22.15786, 0.00000, 1.00000, },
				{ -0.81279, 0.58256, -0.00000, 0.00000, -0.58256, -0.81279, -0.00000, 0.00000, -0.00000, -0.00000, 1.00000, 0.00000, -2.99071, 27.65786, 0.00000, 1.00000, },
				{ -0.58256, -0.81279, -0.00000, 0.00000, 0.81279, -0.58256, -0.00000, 0.00000, -0.00000, -0.00000, 1.00000, 0.00000, -3.31571, 25.35286, 0.00000, 1.00000, },
				{ -0.58256, -0.81279, -0.00000, 0.00000, 0.81279, -0.58256, -0.00000, 0.00000, -0.00000, -0.00000, 1.00000, 0.00000, 2.88429, 30.15285, 0.00000, 1.00000, },
				{ 0.84462, 0.53537, 0.00000, 0.00000, -0.53537, 0.84462, -0.00000, 0.00000, -0.00000, 0.00000, 1.00000, 0.00000, -8.11572, 19.05286, 0.00000, 1.00000, },
				{ 0.68857, -0.72517, -0.00000, 0.00000, 0.72517, 0.68857, 0.00000, 0.00000, -0.00000, -0.00000, 1.00000, 0.00000, -8.39071, 20.57786, 0.00000, 1.00000, },
				{ 0.68857, -0.72517, -0.00000, 0.00000, 0.72517, 0.68857, 0.00000, 0.00000, -0.00000, -0.00000, 1.00000, 0.00000, -2.99071, 26.07786, 0.00000, 1.00000, },
			},
		},
	},
}
--End Generated

function data()
	return townbuildingutil.make_building2(
		{ { -4.60, -0.10 }, { 4.60, -0.10 }, { 4.60, 9.10 }, { -4.60, 9.10 } },
		"RESIDENTIAL", 
		"B", 
		3,
		{ 3, 4 },
		generatedData,
		"construction/building/era_b/res_3_3x4_03.gtex"
	)
end
