local townbuildingutil = require "townbuildingutil"

--Model file: "building/era_b/res_1_4x4_02.mdl"

--Begin Generated
local generatedData = {
	["base"] = {
		models = {
			["building/era_b/res_1_4x4_02.mdl"] = {
				{ 1.00000, 0.00000, 0.00000, 0.00000, 0.00000, 1.00000, 0.00000, 0.00000, 0.00000, 0.00000, 1.00000, 0.00000, 0.00000, -1.30000, 0.00000, 1.00000, },
			},
		},
		curves = {
			["scaffold"] = {
				{ { 2.46924, 4.66377, 0.00000 }, { 2.46924, 4.66377, 0.00000 }, { 2.46924, 7.00210, 0.00000 }, { 2.46924, 7.00210, 0.00000 }, { 2.46924, 7.00210, 0.00000 }, { 7.15955, 7.00210, 0.00000 }, { 7.15955, 7.00210, 0.00000 }, { 7.15955, 7.00210, 0.00000 }, { 7.16638, 16.61206, 0.00000 }, { 7.16638, 16.61206, 0.00000 }, { 7.16638, 16.61206, 0.00000 }, { -7.32947, 16.61206, 0.00000 }, { -7.32947, 16.61206, 0.00000 }, { -7.32947, 16.61206, 0.00000 }, { -7.32263, 7.00210, 0.00000 }, { -7.32263, 7.00210, 0.00000 }, { -7.32263, 7.00210, 0.00000 }, { -2.55786, 6.99084, 0.00000 }, { -2.55786, 6.99084, 0.00000 }, { -2.55786, 6.99084, 0.00000 }, { -2.55786, 4.66377, 0.00000 }, { -2.55786, 4.66377, 0.00000 }, { -2.55786, 4.66377, 0.00000 }, { -0.95813, 4.66377, 0.00000 }, { -0.95813, 4.66377, 0.00000 }, { -0.95813, 4.66377, 0.00000 }, { -0.95813, 7.00210, 0.00000 }, { -0.95813, 7.00210, 0.00000 }, { -0.95813, 7.00210, 0.00000 }, { 0.86951, 7.00210, 0.00000 }, { 0.86951, 7.00210, 0.00000 }, { 0.86951, 7.00210, 0.00000 }, { 0.86951, 4.66377, 0.00000 }, { 0.86951, 4.66377, 0.00000 }, },
			},
			["shared/asphalt_01.gtex.lua;shared/dirt.gtex.lua"] = {
				{ { 4.00000, -0.00000, 0.00000 }, { 4.00000, 0.00000, 0.00000 }, { 4.00000, 6.09660, 0.00000 }, { 4.00000, 6.09660, 0.00000 }, { 4.00000, 6.09660, 0.00000 }, { 7.76636, 6.09660, 0.00000 }, { 7.76636, 6.09660, 0.00000 }, { 7.76636, 6.09661, 0.00000 }, { 7.76636, 17.51206, 0.00000 }, { 7.76636, 17.51206, 0.00000 }, { 7.76636, 17.51206, 0.00000 }, { -7.92944, 17.51207, 0.00000 }, { -7.92944, 17.51207, 0.00000 }, { -7.92944, 17.51206, 0.00000 }, { -7.92944, 6.09661, 0.00000 }, { -7.92944, 6.09660, 0.00000 }, { -7.92944, 6.09660, 0.00000 }, { -4.00000, 6.09660, 0.00000 }, { -4.00000, 6.09660, 0.00000 }, { -4.00000, 6.09660, 0.00000 }, { -4.00000, 0.00000, 0.00000 }, { -4.00000, -0.00000, 0.00000 }, },
			},
			["shared/grass_cutted_01.gtex.lua"] = {
				{ { 16.00000, 0.00000, 0.00000 }, { 16.00000, 0.00001, 0.00000 }, { 16.00000, 31.99999, 0.00000 }, { 16.00000, 32.00000, 0.00000 }, { 15.99999, 32.00000, 0.00000 }, { -15.99999, 32.00000, 0.00000 }, { -16.00000, 32.00000, 0.00000 }, { -16.00000, 31.99999, 0.00000 }, { -16.00000, 0.00001, 0.00000 }, { -16.00000, 0.00000, 0.00000 }, { -16.00000, 0.00000, 0.00000 }, { -13.00000, 0.00000, 0.00000 }, { -13.00000, 0.00000, 0.00000 }, { -13.00000, 0.00000, 0.00000 }, { -13.00000, 3.00000, 0.00000 }, { -13.00000, 3.00000, 0.00000 }, { -13.00000, 3.00000, 0.00000 }, { -4.00000, 3.00000, 0.00000 }, { -4.00000, 3.00000, 0.00000 }, { -4.00000, 3.00000, 0.00000 }, { -4.00000, 6.09660, 0.00000 }, { -4.00000, 6.09660, 0.00000 }, { -4.00000, 6.09660, 0.00000 }, { -10.00000, 6.09660, 0.00000 }, { -10.00000, 6.09660, 0.00000 }, { -10.00000, 6.09660, 0.00000 }, { -10.00000, 8.00000, 0.00000 }, { -10.00000, 8.00000, 0.00000 }, { -10.00000, 8.00000, 0.00000 }, { -13.00000, 8.00000, 0.00000 }, { -13.00000, 8.00000, 0.00000 }, { -13.00000, 8.00000, 0.00000 }, { -13.00000, 17.51206, 0.00000 }, { -13.00000, 17.51207, 0.00000 }, { -13.00000, 17.51207, 0.00000 }, { -10.00000, 17.51207, 0.00000 }, { -10.00000, 17.51207, 0.00000 }, { -10.00000, 17.51207, 0.00000 }, { -10.00000, 20.00000, 0.00000 }, { -10.00000, 20.00000, 0.00000 }, { -10.00000, 20.00000, 0.00000 }, { -7.00000, 20.00000, 0.00000 }, { -7.00000, 20.00000, 0.00000 }, { -7.00000, 20.00000, 0.00000 }, { -7.00000, 24.00000, 0.00000 }, { -7.00000, 24.00000, 0.00000 }, { -7.00000, 24.00000, 0.00000 }, { 7.00000, 24.00000, 0.00000 }, { 7.00000, 24.00000, 0.00000 }, { 7.00000, 24.00000, 0.00000 }, { 7.00000, 20.00000, 0.00000 }, { 7.00000, 20.00000, 0.00000 }, { 7.00000, 20.00000, 0.00000 }, { 10.00000, 20.00000, 0.00000 }, { 10.00000, 20.00000, 0.00000 }, { 10.00000, 20.00000, 0.00000 }, { 10.00000, 17.51207, 0.00000 }, { 10.00000, 17.51207, 0.00000 }, { 10.00000, 17.51207, 0.00000 }, { 13.00000, 17.51207, 0.00000 }, { 13.00000, 17.51207, 0.00000 }, { 13.00000, 17.51206, 0.00000 }, { 13.00000, 8.00000, 0.00000 }, { 13.00000, 8.00000, 0.00000 }, { 13.00000, 8.00000, 0.00000 }, { 10.00000, 8.00000, 0.00000 }, { 10.00000, 8.00000, 0.00000 }, { 10.00000, 8.00000, 0.00000 }, { 10.00000, 6.09660, 0.00000 }, { 10.00000, 6.09660, 0.00000 }, { 10.00000, 6.09660, 0.00000 }, { 4.00000, 6.09660, 0.00000 }, { 4.00000, 6.09660, 0.00000 }, { 4.00000, 6.09660, 0.00000 }, { 4.00000, 3.00000, 0.00000 }, { 4.00000, 3.00000, 0.00000 }, { 4.00000, 3.00000, 0.00000 }, { 13.00000, 3.00000, 0.00000 }, { 13.00000, 3.00000, 0.00000 }, { 13.00000, 3.00000, 0.00000 }, { 13.00000, 0.00000, 0.00000 }, { 13.00000, 0.00000, 0.00000 }, },
			},
			["shared/gravel_02.gtex.lua"] = {
				{ { -4.00000, -0.00000, 0.00000 }, { -4.00000, 0.00000, 0.00000 }, { -4.00000, 3.00000, 0.00000 }, { -4.00000, 3.00000, 0.00000 }, { -4.00000, 3.00000, 0.00000 }, { -13.00000, 3.00000, 0.00000 }, { -13.00000, 3.00000, 0.00000 }, { -13.00000, 3.00000, 0.00000 }, { -13.00000, 0.00000, 0.00000 }, { -13.00000, 0.00000, 0.00000 }, },
				{ { 10.00000, 6.09660, 0.00000 }, { 10.00000, 6.09660, 0.00000 }, { 10.00000, 8.00000, 0.00000 }, { 10.00000, 8.00000, 0.00000 }, { 10.00000, 8.00000, 0.00000 }, { 13.00000, 8.00000, 0.00000 }, { 13.00000, 8.00000, 0.00000 }, { 13.00000, 8.00000, 0.00000 }, { 13.00000, 17.51206, 0.00000 }, { 13.00000, 17.51206, 0.00000 }, { 13.00000, 17.51206, 0.00000 }, { 10.00000, 17.51207, 0.00000 }, { 10.00000, 17.51207, 0.00000 }, { 10.00000, 17.51207, 0.00000 }, { 10.00000, 20.00000, 0.00000 }, { 10.00000, 20.00000, 0.00000 }, { 10.00000, 20.00000, 0.00000 }, { 7.00000, 20.00000, 0.00000 }, { 7.00000, 20.00000, 0.00000 }, { 7.00000, 20.00000, 0.00000 }, { 7.00000, 24.00000, 0.00000 }, { 7.00000, 24.00000, 0.00000 }, { 7.00000, 24.00000, 0.00000 }, { -7.00000, 24.00000, 0.00000 }, { -7.00000, 24.00000, 0.00000 }, { -7.00000, 24.00000, 0.00000 }, { -7.00000, 20.00000, 0.00000 }, { -7.00000, 20.00000, 0.00000 }, { -7.00000, 20.00000, 0.00000 }, { -10.00000, 20.00000, 0.00000 }, { -10.00000, 20.00000, 0.00000 }, { -10.00000, 20.00000, 0.00000 }, { -10.00000, 17.51207, 0.00000 }, { -10.00000, 17.51207, 0.00000 }, { -10.00000, 17.51207, 0.00000 }, { -13.00000, 17.51206, 0.00000 }, { -13.00000, 17.51206, 0.00000 }, { -13.00000, 17.51206, 0.00000 }, { -13.00000, 8.00000, 0.00000 }, { -13.00000, 8.00000, 0.00000 }, { -13.00000, 8.00000, 0.00000 }, { -10.00000, 8.00000, 0.00000 }, { -10.00000, 8.00000, 0.00000 }, { -10.00000, 8.00000, 0.00000 }, { -10.00000, 6.09660, 0.00000 }, { -10.00000, 6.09660, 0.00000 }, { -10.00000, 6.09660, 0.00000 }, { -7.92944, 6.09661, 0.00000 }, { -7.92944, 6.09661, 0.00000 }, { -7.92944, 6.09661, 0.00000 }, { -7.92944, 17.51206, 0.00000 }, { -7.92944, 17.51206, 0.00000 }, { -7.92944, 17.51206, 0.00000 }, { 7.76636, 17.51206, 0.00000 }, { 7.76636, 17.51206, 0.00000 }, { 7.76636, 17.51206, 0.00000 }, { 7.76636, 6.09661, 0.00000 }, { 7.76636, 6.09660, 0.00000 }, },
				{ { 13.00000, 0.00000, 0.00000 }, { 13.00000, 0.00000, 0.00000 }, { 13.00000, 3.00000, 0.00000 }, { 13.00000, 3.00000, 0.00000 }, { 13.00000, 3.00000, 0.00000 }, { 4.00000, 3.00000, 0.00000 }, { 4.00000, 3.00000, 0.00000 }, { 4.00000, 3.00000, 0.00000 }, { 4.00000, 0.00000, 0.00000 }, { 4.00000, -0.00000, 0.00000 }, },
			},
		},
	},
	["layout_1"] = {
		models = {
			["asset/ground/garden_chair_plastic_01.mdl"] = {
				{ -0.82511, 0.56497, -0.00000, 0.00000, -0.56497, -0.82511, -0.00000, 0.00000, -0.00000, 0.00000, 1.00000, 0.00000, 10.12000, 11.76000, -0.00000, 1.00000, ignore = { 2, 10 }, },
				{ -0.04362, 0.99905, 0.00000, 0.00000, -0.99905, -0.04362, -0.00000, 0.00000, -0.00000, -0.00000, 1.00000, 0.00000, 9.51000, 12.63000, -0.00000, 1.00000, ignore = { 3, 25 }, },
				{ 0.91914, 0.39394, 0.00000, 0.00000, -0.39394, 0.91914, -0.00000, 0.00000, -0.00000, 0.00000, 1.00000, 0.00000, 10.12000, 13.67000, -0.00000, 1.00000, ignore = { 4, 25 }, },
				{ 0.91914, -0.39394, 0.00000, 0.00000, 0.39394, 0.91914, 0.00000, 0.00000, -0.00000, 0.00000, 1.00000, 0.00000, 11.16000, 13.68000, 0.00000, 1.00000, ignore = { 5, 50 }, },
				{ -0.13572, -0.99075, 0.00000, 0.00000, 0.99075, -0.13572, 0.00000, 0.00000, -0.00000, 0.00000, 1.00000, 0.00000, 11.72000, 12.63000, 0.00000, 1.00000, ignore = { 6, 10 }, },
				{ -0.73610, -0.67688, -0.00000, 0.00000, 0.67688, -0.73610, 0.00000, 0.00000, -0.00000, 0.00000, 1.00000, 0.00000, 11.28000, 11.74000, 0.00000, 1.00000, ignore = { 7, 25 }, },
			},
			["asset/ground/garden_table_wood_02.mdl"] = {
				{ 1.00000, 0.00000, 0.00000, 0.00000, 0.00000, 1.00000, -0.00000, 0.00000, -0.00000, 0.00000, 1.00000, 0.00000, 10.65000, 12.66745, 0.00000, 1.00000, },
			},
		},
		groups = {
			["era_a_garden_bench.grp"] = {
				{ -1.00000, 0.00000, -0.00000, 0.00000, -0.00000, -1.00000, 0.00000, 0.00000, -0.00000, 0.00000, 1.00000, 0.00000, -11.49000, 9.27000, 0.00000, 1.00000, ignore = { 13, 25 }, },
			},
			["era_a_garden_chair.grp"] = {
				{ 0.31565, -0.94888, 0.00000, 0.00000, 0.94888, 0.31565, 0.00000, 0.00000, -0.00000, -0.00000, 1.00000, 0.00000, -0.15390, 22.30208, 0.00000, 1.00000, seed = 768, ignore = { 9, 10 }, },
				{ -0.98714, -0.15988, -0.00000, 0.00000, 0.15988, -0.98714, 0.00000, 0.00000, -0.00000, 0.00000, 1.00000, 0.00000, -0.87635, 21.13321, 0.00000, 1.00000, seed = 768, ignore = { 10, 25 }, },
				{ -0.21303, 0.97705, -0.00000, 0.00000, -0.97705, -0.21303, -0.00000, 0.00000, -0.00000, 0.00000, 1.00000, 0.00000, -1.72003, 21.80045, -0.00000, 1.00000, seed = 768, ignore = { 11, 5 }, },
				{ 0.98388, 0.17880, 0.00000, 0.00000, -0.17880, 0.98388, -0.00000, 0.00000, -0.00000, 0.00000, 1.00000, 0.00000, -1.21845, 22.71162, -0.00000, 1.00000, seed = 768, ignore = { 12, 25 }, },
			},
			["era_a_garden_ladder.grp"] = {
				{ 0.53877, 0.84245, 0.00000, 0.00000, -0.84245, 0.53877, 0.00000, 0.00000, 0.00000, 0.00000, 1.00000, 0.00000, 12.15000, 26.58000, 0.00000, 1.00000, ignore = { 18, 25 }, },
			},
			["era_b_garden_chair.grp"] = {
				{ -0.99970, -0.02443, -0.00000, 0.00000, 0.02443, -0.99970, 0.00000, 0.00000, -0.00000, 0.00000, 1.00000, 0.00000, -10.82000, 14.63000, 0.00000, 1.00000, seed = 256, ignore = { 14, 25 }, },
				{ 0.96593, 0.25882, 0.00000, 0.00000, -0.25882, 0.96593, 0.00000, 0.00000, 0.00000, 0.00000, 1.00000, 0.00000, -11.94000, 16.21000, 0.00000, 1.00000, seed = 256, ignore = { 15, 25 }, },
				{ 0.96316, -0.26892, 0.00000, 0.00000, 0.26892, 0.96316, 0.00000, 0.00000, 0.00000, 0.00000, 1.00000, 0.00000, -10.76000, 16.09000, 0.00000, 1.00000, seed = 256, ignore = { 16, 25 }, },
				{ -0.99970, -0.02443, -0.00000, 0.00000, 0.02443, -0.99970, 0.00000, 0.00000, -0.00000, 0.00000, 1.00000, 0.00000, -11.84000, 14.51000, 0.00000, 1.00000, seed = 256, ignore = { 17, 25 }, },
			},
			["era_b_garden_swing.grp"] = {
				{ -0.08368, 0.99649, 0.00000, 0.00000, -0.99649, -0.08368, 0.00000, 0.00000, 0.00000, 0.00000, 1.00000, 0.00000, -5.18000, 21.85000, 0.00000, 1.00000, ignore = { 8, 25 }, },
			},
			["era_b_garden_table.grp"] = {
				{ 1.00000, 0.00000, 0.00000, 0.00000, 0.00000, 1.00000, 0.00000, 0.00000, 0.00000, 0.00000, 1.00000, 0.00000, -11.29000, 15.31497, 0.00000, 1.00000, seed = 256, },
			},
			["era_b_sunshade_large.grp"] = {
				{ -0.32887, -0.94438, -0.00000, 0.00000, 0.94438, -0.32887, 0.00000, 0.00000, -0.00000, 0.00000, 1.00000, 0.00000, 10.65000, 12.66745, 0.00000, 1.00000, },
				{ 0.35837, 0.93358, 0.00000, 0.00000, -0.93358, 0.35837, 0.00000, 0.00000, 0.00000, 0.00000, 1.00000, 0.00000, -11.29000, 15.31497, 0.00000, 1.00000, },
			},
			["era_b_sunshade_small.grp"] = {
				{ -0.83867, 0.54464, -0.00000, 0.00000, -0.54464, -0.83867, 0.00000, 0.00000, -0.00000, 0.00000, 1.00000, 0.00000, -0.95000, 21.96000, 0.00000, 1.00000, },
			},
			["garden_table_round.grp"] = {
				{ 0.07672, -0.99705, 0.00000, 0.00000, 0.99705, 0.07672, 0.00000, 0.00000, -0.00000, 0.00000, 1.00000, 0.00000, -0.95000, 21.96000, 0.00000, 1.00000, seed = 768, },
			},
			["random_large_tree_town.grp"] = {
				{ 0.49242, -0.87036, 0.00000, 0.00000, 0.87036, 0.49242, 0.00000, 0.00000, 0.00000, 0.00000, 1.00000, 0.00000, -12.35000, 28.59000, 0.00000, 1.00000, },
				{ 0.31761, -0.56138, 0.00000, 0.00000, 0.56138, 0.31761, 0.00000, 0.00000, 0.00000, 0.00000, 0.64500, 0.00000, -8.35000, 30.25000, 0.00000, 1.00000, },
				{ -0.95106, 0.30902, 0.00000, 0.00000, -0.30902, -0.95106, 0.00000, 0.00000, 0.00000, 0.00000, 1.00000, 0.00000, 13.15000, 29.12000, 0.00000, 1.00000, },
			},
			["random_medium_tree_town.grp"] = {
				{ 0.62660, 0.77934, 0.00000, 0.00000, -0.77934, 0.62660, -0.00000, 0.00000, -0.00000, -0.00000, 1.00000, 0.00000, -11.46000, 23.11000, 0.00000, 1.00000, },
				{ -0.68287, 0.40707, 0.00000, 0.00000, -0.40707, -0.68287, -0.00000, 0.00000, 0.00000, -0.00000, 0.79500, 0.00000, 9.09000, 29.46000, 0.00000, 1.00000, },
				{ 0.95981, -0.28067, 0.00000, 0.00000, 0.28067, 0.95981, -0.00000, 0.00000, -0.00000, 0.00000, 1.00000, 0.00000, 9.59000, 22.72000, 0.00000, 1.00000, },
			},
			["random_shrub_town.grp"] = {
				{ -0.09237, -0.99572, 0.00000, 0.00000, 0.99572, -0.09237, 0.00000, 0.00000, 0.00000, 0.00000, 1.00000, 0.00000, 14.56000, 1.61000, 0.00000, 1.00000, },
				{ -0.09237, -0.99572, 0.00000, 0.00000, 0.99572, -0.09237, 0.00000, 0.00000, 0.00000, 0.00000, 1.00000, 0.00000, -14.54000, 1.61000, 0.00000, 1.00000, },
				{ -0.87292, -0.48786, 0.00000, 0.00000, 0.48786, -0.87292, 0.00000, 0.00000, 0.00000, 0.00000, 1.00000, 0.00000, -2.88000, 28.13000, 0.00000, 1.00000, },
				{ -0.87292, -0.48786, 0.00000, 0.00000, 0.48786, -0.87292, 0.00000, 0.00000, 0.00000, 0.00000, 1.00000, 0.00000, 3.52000, 28.23000, 0.00000, 1.00000, },
				{ -0.87292, -0.48786, 0.00000, 0.00000, 0.48786, -0.87292, 0.00000, 0.00000, 0.00000, 0.00000, 1.00000, 0.00000, 1.42000, 26.93000, 0.00000, 1.00000, },
				{ -0.11840, -0.99297, 0.00000, 0.00000, 0.99297, -0.11840, 0.00000, 0.00000, 0.00000, 0.00000, 1.00000, 0.00000, 1.77000, 28.88000, 0.00000, 1.00000, },
				{ 0.41945, 0.90778, 0.00000, 0.00000, -0.90778, 0.41945, 0.00000, 0.00000, 0.00000, 0.00000, 1.00000, 0.00000, -0.84000, 27.27000, 0.00000, 1.00000, },
				{ -0.99780, 0.06627, 0.00000, 0.00000, -0.06627, -0.99780, 0.00000, 0.00000, 0.00000, 0.00000, 1.00000, 0.00000, -0.79000, 28.77000, 0.00000, 1.00000, },
				{ 0.06279, 0.99803, 0.00000, 0.00000, -0.99803, 0.06279, 0.00000, 0.00000, 0.00000, 0.00000, 1.00000, 0.00000, 14.38000, 4.14000, 0.00000, 1.00000, },
				{ 0.06279, 0.99803, 0.00000, 0.00000, -0.99803, 0.06279, 0.00000, 0.00000, 0.00000, 0.00000, 1.00000, 0.00000, -14.72000, 4.14000, 0.00000, 1.00000, },
				{ -0.99803, 0.06279, 0.00000, 0.00000, -0.06279, -0.99803, 0.00000, 0.00000, 0.00000, 0.00000, 1.00000, 0.00000, 14.38000, 5.14000, 0.00000, 1.00000, },
				{ -0.99803, 0.06279, 0.00000, 0.00000, -0.06279, -0.99803, 0.00000, 0.00000, 0.00000, 0.00000, 1.00000, 0.00000, -14.71999, 5.14000, 0.00000, 1.00000, },
				{ -0.06279, -0.99803, 0.00000, 0.00000, 0.99803, -0.06279, 0.00000, 0.00000, 0.00000, 0.00000, 1.00000, 0.00000, 14.38000, 6.14000, 0.00000, 1.00000, },
				{ -0.06279, -0.99803, 0.00000, 0.00000, 0.99803, -0.06279, 0.00000, 0.00000, 0.00000, 0.00000, 1.00000, 0.00000, -14.71999, 6.14000, 0.00000, 1.00000, },
				{ 0.99803, -0.06279, 0.00000, 0.00000, 0.06279, 0.99803, 0.00000, 0.00000, 0.00000, 0.00000, 1.00000, 0.00000, 14.38000, 7.14000, 0.00000, 1.00000, },
				{ 0.99803, -0.06279, 0.00000, 0.00000, 0.06279, 0.99803, 0.00000, 0.00000, 0.00000, 0.00000, 1.00000, 0.00000, -14.71999, 7.14000, 0.00000, 1.00000, },
				{ 0.06279, 0.99803, 0.00000, 0.00000, -0.99803, 0.06279, 0.00000, 0.00000, 0.00000, 0.00000, 1.00000, 0.00000, 14.38000, 8.14000, 0.00000, 1.00000, },
				{ 0.06279, 0.99803, 0.00000, 0.00000, -0.99803, 0.06279, 0.00000, 0.00000, 0.00000, 0.00000, 1.00000, 0.00000, -14.71999, 8.14000, 0.00000, 1.00000, },
				{ -0.99803, 0.06279, 0.00000, 0.00000, -0.06279, -0.99803, 0.00000, 0.00000, 0.00000, 0.00000, 1.00000, 0.00000, 14.38000, 9.14000, 0.00000, 1.00000, },
				{ -0.99803, 0.06279, 0.00000, 0.00000, -0.06279, -0.99803, 0.00000, 0.00000, 0.00000, 0.00000, 1.00000, 0.00000, -14.71999, 9.14000, 0.00000, 1.00000, },
				{ -0.06279, -0.99803, 0.00000, 0.00000, 0.99803, -0.06279, 0.00000, 0.00000, 0.00000, 0.00000, 1.00000, 0.00000, 14.38000, 10.14000, 0.00000, 1.00000, },
				{ -0.06279, -0.99803, 0.00000, 0.00000, 0.99803, -0.06279, 0.00000, 0.00000, 0.00000, 0.00000, 1.00000, 0.00000, -14.71999, 10.14000, 0.00000, 1.00000, },
				{ 0.99803, -0.06279, 0.00000, 0.00000, 0.06279, 0.99803, 0.00000, 0.00000, 0.00000, 0.00000, 1.00000, 0.00000, 14.38000, 11.14000, 0.00000, 1.00000, },
				{ 0.99803, -0.06279, 0.00000, 0.00000, 0.06279, 0.99803, 0.00000, 0.00000, 0.00000, 0.00000, 1.00000, 0.00000, -14.71999, 11.14000, 0.00000, 1.00000, },
				{ 0.06279, 0.99803, 0.00000, 0.00000, -0.99803, 0.06279, 0.00000, 0.00000, 0.00000, 0.00000, 1.00000, 0.00000, 14.38000, 12.14000, 0.00000, 1.00000, },
				{ 0.06279, 0.99803, 0.00000, 0.00000, -0.99803, 0.06279, 0.00000, 0.00000, 0.00000, 0.00000, 1.00000, 0.00000, -14.71999, 12.14000, 0.00000, 1.00000, },
				{ -0.99803, 0.06279, 0.00000, 0.00000, -0.06279, -0.99803, 0.00000, 0.00000, 0.00000, 0.00000, 1.00000, 0.00000, 14.38000, 13.14000, 0.00000, 1.00000, },
				{ -0.99803, 0.06279, 0.00000, 0.00000, -0.06279, -0.99803, 0.00000, 0.00000, 0.00000, 0.00000, 1.00000, 0.00000, -14.71999, 13.14000, 0.00000, 1.00000, },
				{ -0.06279, -0.99803, 0.00000, 0.00000, 0.99803, -0.06279, 0.00000, 0.00000, 0.00000, 0.00000, 1.00000, 0.00000, 14.38000, 14.14000, 0.00000, 1.00000, },
				{ -0.06279, -0.99803, 0.00000, 0.00000, 0.99803, -0.06279, 0.00000, 0.00000, 0.00000, 0.00000, 1.00000, 0.00000, -14.71999, 14.14000, 0.00000, 1.00000, },
				{ 0.99803, -0.06279, 0.00000, 0.00000, 0.06279, 0.99803, 0.00000, 0.00000, 0.00000, 0.00000, 1.00000, 0.00000, 14.38000, 15.14000, 0.00000, 1.00000, },
				{ 0.99803, -0.06279, 0.00000, 0.00000, 0.06279, 0.99803, 0.00000, 0.00000, 0.00000, 0.00000, 1.00000, 0.00000, -14.71999, 15.14000, 0.00000, 1.00000, },
				{ 0.06279, 0.99803, 0.00000, 0.00000, -0.99803, 0.06279, 0.00000, 0.00000, 0.00000, 0.00000, 1.00000, 0.00000, 14.38000, 16.14000, 0.00000, 1.00000, },
				{ 0.06279, 0.99803, 0.00000, 0.00000, -0.99803, 0.06279, 0.00000, 0.00000, 0.00000, 0.00000, 1.00000, 0.00000, -14.71999, 16.14000, 0.00000, 1.00000, },
				{ -0.99803, 0.06279, 0.00000, 0.00000, -0.06279, -0.99803, 0.00000, 0.00000, 0.00000, 0.00000, 1.00000, 0.00000, 14.38000, 17.14000, 0.00000, 1.00000, },
				{ -0.99803, 0.06279, 0.00000, 0.00000, -0.06279, -0.99803, 0.00000, 0.00000, 0.00000, 0.00000, 1.00000, 0.00000, -14.71999, 17.14000, 0.00000, 1.00000, },
				{ -0.06280, -0.99803, 0.00000, 0.00000, 0.99803, -0.06280, 0.00000, 0.00000, 0.00000, 0.00000, 1.00000, 0.00000, 14.38000, 18.14000, 0.00000, 1.00000, },
				{ -0.06280, -0.99803, 0.00000, 0.00000, 0.99803, -0.06280, 0.00000, 0.00000, 0.00000, 0.00000, 1.00000, 0.00000, -14.71999, 18.14000, 0.00000, 1.00000, },
				{ 0.99803, -0.06280, 0.00000, 0.00000, 0.06280, 0.99803, 0.00000, 0.00000, 0.00000, 0.00000, 1.00000, 0.00000, 14.38000, 19.14000, 0.00000, 1.00000, },
				{ 0.99803, -0.06280, 0.00000, 0.00000, 0.06280, 0.99803, 0.00000, 0.00000, 0.00000, 0.00000, 1.00000, 0.00000, -14.71999, 19.14000, 0.00000, 1.00000, },
			},
			["random_shrub_town_fence.grp"] = {
				{ 0.95429, 0.29887, 0.00000, 0.00000, -0.29887, 0.95429, -0.00000, 0.00000, -0.00000, -0.00000, 1.00000, 0.00000, 10.74429, 20.55286, 0.00000, 1.00000, },
				{ 0.68861, 0.72513, 0.00000, 0.00000, -0.72513, 0.68861, -0.00000, 0.00000, -0.00000, -0.00000, 1.00000, 0.00000, 11.11429, 18.65286, 0.00000, 1.00000, },
				{ -0.97985, 0.19972, -0.00000, 0.00000, -0.19972, -0.97985, 0.00000, 0.00000, -0.00000, 0.00000, 1.00000, 0.00000, 12.56428, 18.65286, 0.00000, 1.00000, },
				{ 0.97014, 0.24256, 0.00000, 0.00000, -0.24256, 0.97014, -0.00000, 0.00000, -0.00000, -0.00000, 1.00000, 0.00000, -9.41572, 20.81286, 0.00000, 1.00000, },
				{ 0.68861, 0.72513, 0.00000, 0.00000, -0.72513, 0.68861, -0.00000, 0.00000, -0.00000, -0.00000, 1.00000, 0.00000, -10.78572, 18.25286, 0.00000, 1.00000, },
				{ 0.72513, -0.68861, 0.00000, 0.00000, 0.68815, 0.72464, -0.03664, 0.00000, 0.02523, 0.02657, 0.99933, 0.00000, -12.28572, 18.25286, 0.00000, 1.00000, },
				{ -0.97014, -0.24256, -0.00000, 0.00000, 0.24256, -0.97014, -0.00000, 0.00000, -0.00000, -0.00000, 1.00000, 0.00000, -10.71571, 20.16286, 0.00000, 1.00000, },
				{ -0.20316, -0.97914, -0.00000, 0.00000, 0.97914, -0.20316, -0.00000, 0.00000, -0.00000, -0.00000, 1.00000, 0.00000, 9.58429, 20.90286, 0.00000, 1.00000, },
				{ 0.97014, 0.24256, 0.00000, 0.00000, -0.24256, 0.97014, -0.00000, 0.00000, -0.00000, -0.00000, 1.00000, 0.00000, 7.88428, 20.81286, 0.00000, 1.00000, },
				{ 0.95429, 0.29887, 0.00000, 0.00000, -0.29887, 0.95429, -0.00000, 0.00000, -0.00000, -0.00000, 1.00000, 0.00000, 10.39428, 3.85286, 0.00000, 1.00000, },
				{ 0.95429, 0.29887, 0.00000, 0.00000, -0.29887, 0.95429, -0.00000, 0.00000, -0.00000, -0.00000, 1.00000, 0.00000, -6.60571, 3.85286, 0.00000, 1.00000, },
				{ -0.96863, -0.24852, -0.00000, 0.00000, 0.24852, -0.96863, 0.00000, 0.00000, -0.00000, 0.00000, 1.00000, 0.00000, 8.49429, 3.85286, 0.00000, 1.00000, },
				{ -0.96863, -0.24852, -0.00000, 0.00000, 0.24852, -0.96863, 0.00000, 0.00000, -0.00000, 0.00000, 1.00000, 0.00000, -8.50571, 3.85286, 0.00000, 1.00000, },
				{ 0.16695, 0.98597, 0.00000, 0.00000, -0.98597, 0.16695, -0.00000, 0.00000, -0.00000, -0.00000, 1.00000, 0.00000, 6.74429, 3.85286, 0.00000, 1.00000, },
				{ 0.16695, 0.98597, 0.00000, 0.00000, -0.98597, 0.16695, -0.00000, 0.00000, -0.00000, -0.00000, 1.00000, 0.00000, -10.25571, 3.85286, 0.00000, 1.00000, },
				{ 0.16695, 0.98597, 0.00000, 0.00000, -0.98597, 0.16695, -0.00000, 0.00000, -0.00000, -0.00000, 1.00000, 0.00000, 12.09428, 3.85286, 0.00000, 1.00000, },
				{ 0.16695, 0.98597, 0.00000, 0.00000, -0.98597, 0.16695, -0.00000, 0.00000, -0.00000, -0.00000, 1.00000, 0.00000, -4.90571, 3.85286, 0.00000, 1.00000, },
				{ 0.57914, -0.81523, 0.00000, 0.00000, 0.81523, 0.57914, 0.00000, 0.00000, -0.00000, -0.00000, 1.00000, 0.00000, 4.94429, 3.85286, 0.00000, 1.00000, },
				{ 0.57914, -0.81523, 0.00000, 0.00000, 0.81523, 0.57914, 0.00000, 0.00000, -0.00000, -0.00000, 1.00000, 0.00000, -12.05571, 3.85286, 0.00000, 1.00000, },
				{ 0.24256, -0.97014, 0.00000, 0.00000, 0.97014, 0.24256, -0.00000, 0.00000, 0.00000, 0.00000, 1.00000, 0.00000, -7.86572, 20.71286, 0.00000, 1.00000, },
			},
		},
	},
}
--End Generated

function data()
	return townbuildingutil.make_building2(
		{ { -4.60, -0.10 }, { 4.60, -0.10 }, { 4.60, 9.10 }, { -4.60, 9.10 } },
		"RESIDENTIAL", 
		"B", 
		1,
		{ 4, 4 },
		generatedData,
		"construction/building/era_b/res_1_4x4_02.gtex"
	)
end
