function data()
return {
	boundingInfo = {
		bbMax = { 7.1750206947327, 1.1990090608597, 3.5276365280151, },
		bbMin = { -4.1322312355042, -1.1954486370087, -0.0082157254219055, },
	},
	collider = {
		params = {
			halfExtents = { 5.6536259651184, 1.1972289085388, 1.7679260969162, },
		},
		transf = { 1, 0, 0, 0, 0, 1, 0, 0, 0, 0, 1, 0, 0, 0, 0, 1, },
		type = "BOX",
	},
	lods = {
		{
			node = {
				children = {
					{
						children = {
							{
								materials = { "vehicle/tram/st_petersburg_v2/st_petersburg.mtl", },
								mesh = "vehicle/tram/st_petersburg_v2/back_body_lod0.msh",
								name = "back_body",
								transf = { 1, 0, -1.7484555314695e-07, 0, 0, 1, 0, 0, 1.7484555314695e-07, 0, 1, 0, 4.2229890823364e-05, -3.6007356818413e-11, -2.9010637642157e-11, 1, },
							},
							{
								children = {
									{
										materials = { "vehicle/tram/st_petersburg_v2/st_petersburg_glass.mtl", "vehicle/tram/st_petersburg_v2/st_petersburg_int_glass.mtl", },
										mesh = "vehicle/tram/st_petersburg_v2/back_glass1_lft_lod0.msh",
										name = "back_glass1_lft",
										transf = { 1, 0, 0, 0, 0, 1, 0, 0, 0, 0, 1, 0, 2.9060831069946, 0.72899997234344, 2.0090000629425, 1, },
									},
									{
										materials = { "vehicle/tram/st_petersburg_v2/st_petersburg_glass.mtl", "vehicle/tram/st_petersburg_v2/st_petersburg_int_glass.mtl", },
										mesh = "vehicle/tram/st_petersburg_v2/back_glass2_lft_lod0.msh",
										name = "back_glass2_lft",
										transf = { 1, 0, 0, 0, 0, 1, 0, 0, 0, 0, 1, 0, 2.3899998664856, 1.1132316589355, 2.0120000839233, 1, },
									},
									{
										materials = { "vehicle/tram/st_petersburg_v2/st_petersburg_glass.mtl", "vehicle/tram/st_petersburg_v2/st_petersburg_int_glass.mtl", },
										mesh = "vehicle/tram/st_petersburg_v2/back_glass3_lft_lod0.msh",
										name = "back_glass3_lft",
										transf = { 1, 0, 0, 0, 0, 1, 0, 0, 0, 0, 1, 0, 1.7099999189377, 1.1132566928864, 2.0120000839233, 1, },
									},
									{
										materials = { "vehicle/tram/st_petersburg_v2/st_petersburg_glass.mtl", "vehicle/tram/st_petersburg_v2/st_petersburg_int_glass.mtl", },
										mesh = "vehicle/tram/st_petersburg_v2/back_glass4_lft_lod0.msh",
										name = "back_glass4_lft",
										transf = { 1, 0, 0, 0, 0, 1, 0, 0, 0, 0, 1, 0, 1.0320000648499, 1.1132817268372, 2.0120000839233, 1, },
									},
									{
										materials = { "vehicle/tram/st_petersburg_v2/st_petersburg_glass.mtl", "vehicle/tram/st_petersburg_v2/st_petersburg_int_glass.mtl", },
										mesh = "vehicle/tram/st_petersburg_v2/back_glass5_lft_lod0.msh",
										name = "back_glass5_lft",
										transf = { 1, 0, 0, 0, 0, 1, 0, 0, 0, 0, 1, 0, 0.33199998736382, 1.1133073568344, 2.0120000839233, 1, },
									},
									{
										materials = { "vehicle/tram/st_petersburg_v2/st_petersburg_glass.mtl", "vehicle/tram/st_petersburg_v2/st_petersburg_int_glass.mtl", },
										mesh = "vehicle/tram/st_petersburg_v2/back_glass6_lft_lod0.msh",
										name = "back_glass6_lft",
										transf = { 1, 0, 0, 0, 0, 1, 0, 0, 0, 0, 1, 0, -0.34900000691414, 1.1133323907852, 2.0120000839233, 1, },
									},
									{
										materials = { "vehicle/tram/st_petersburg_v2/st_petersburg_glass.mtl", "vehicle/tram/st_petersburg_v2/st_petersburg_int_glass.mtl", },
										mesh = "vehicle/tram/st_petersburg_v2/back_glass7_lft_lod0.msh",
										name = "back_glass7_lft",
										transf = { 1, 0, 0, 0, 0, 1, 0, 0, 0, 0, 1, 0, -1.027999997139, 1.1133573055267, 2.0120000839233, 1, },
									},
									{
										materials = { "vehicle/tram/st_petersburg_v2/st_petersburg_glass.mtl", "vehicle/tram/st_petersburg_v2/st_petersburg_int_glass.mtl", },
										mesh = "vehicle/tram/st_petersburg_v2/back_glass8_lft_lod0.msh",
										name = "back_glass8_lft",
										transf = { 1, 0, 0, 0, 0, 1, 0, 0, 0, 0, 1, 0, -1.7109998464584, 1.1133825778961, 2.0120000839233, 1, },
									},
									{
										materials = { "vehicle/tram/st_petersburg_v2/st_petersburg_int_glass.mtl", "vehicle/tram/st_petersburg_v2/st_petersburg_glass.mtl", },
										mesh = "vehicle/tram/st_petersburg_v2/back_glass9_lft_lod0.msh",
										name = "back_glass9_lft",
										transf = { 1, 0, 0, 0, 0, 1, 0, 0, 0, 0, 1, 0, -2.375, 1.0916242599487, 2.0020000934601, 1, },
									},
									{
										materials = { "vehicle/tram/st_petersburg_v2/st_petersburg_glass.mtl", "vehicle/tram/st_petersburg_v2/st_petersburg_int_glass.mtl", },
										mesh = "vehicle/tram/st_petersburg_v2/back_glass10_lft_lod0.msh",
										name = "back_glass10_lft",
										transf = { 1, 0, 0, 0, 0, 1, 0, 0, 0, 0, 1, 0, -2.9044833183289, 0.72899997234344, 2.0090000629425, 1, },
									},
									{
										materials = { "vehicle/tram/st_petersburg_v2/st_petersburg_glass.mtl", "vehicle/tram/st_petersburg_v2/st_petersburg_int_glass.mtl", },
										mesh = "vehicle/tram/st_petersburg_v2/back_glass1_rgt_lod0.msh",
										name = "back_glass1_rgt",
										transf = { 1, 0, 0, 0, 0, 1, 0, 0, 0, 0, 1, 0, 2.9060711860657, -0.72699993848801, 2.0090000629425, 1, },
									},
									{
										materials = { "vehicle/tram/st_petersburg_v2/st_petersburg_glass.mtl", "vehicle/tram/st_petersburg_v2/st_petersburg_int_glass.mtl", },
										mesh = "vehicle/tram/st_petersburg_v2/back_glass2_rgt_lod0.msh",
										name = "back_glass2_rgt",
										transf = { 1, 0, 0, 0, 0, 1, 0, 0, 0, 0, 1, 0, 2.3899998664856, -1.1130561828613, 2.0120000839233, 1, },
									},
									{
										materials = { "vehicle/tram/st_petersburg_v2/st_petersburg_glass.mtl", "vehicle/tram/st_petersburg_v2/st_petersburg_int_glass.mtl", },
										mesh = "vehicle/tram/st_petersburg_v2/back_glass3_rgt_lod0.msh",
										name = "back_glass3_rgt",
										transf = { 1, 0, 0, 0, 0, 1, 0, 0, 0, 0, 1, 0, 1.7099999189377, -1.1130557060242, 2.0120000839233, 1, },
									},
									{
										materials = { "vehicle/tram/st_petersburg_v2/st_petersburg_glass.mtl", "vehicle/tram/st_petersburg_v2/st_petersburg_int_glass.mtl", },
										mesh = "vehicle/tram/st_petersburg_v2/back_glass4_rgt_lod0.msh",
										name = "back_glass4_rgt",
										transf = { 1, 0, 0, 0, 0, 1, 0, 0, 0, 0, 1, 0, 1.0320000648499, -1.1130554676056, 2.0120000839233, 1, },
									},
									{
										materials = { "vehicle/tram/st_petersburg_v2/st_petersburg_glass.mtl", "vehicle/tram/st_petersburg_v2/st_petersburg_int_glass.mtl", },
										mesh = "vehicle/tram/st_petersburg_v2/back_glass5_rgt_lod0.msh",
										name = "back_glass5_rgt",
										transf = { 1, 0, 0, 0, 0, 1, 0, 0, 0, 0, 1, 0, 0.33199998736382, -1.1130549907684, 2.0120000839233, 1, },
									},
									{
										materials = { "vehicle/tram/st_petersburg_v2/st_petersburg_glass.mtl", "vehicle/tram/st_petersburg_v2/st_petersburg_int_glass.mtl", },
										mesh = "vehicle/tram/st_petersburg_v2/back_glass6_rgt_lod0.msh",
										name = "back_glass6_rgt",
										transf = { 1, 0, 0, 0, 0, 1, 0, 0, 0, 0, 1, 0, -0.34900000691414, -1.1130545139313, 2.0120000839233, 1, },
									},
									{
										materials = { "vehicle/tram/st_petersburg_v2/st_petersburg_glass.mtl", "vehicle/tram/st_petersburg_v2/st_petersburg_int_glass.mtl", },
										mesh = "vehicle/tram/st_petersburg_v2/back_glass7_rgt_lod0.msh",
										name = "back_glass7_rgt",
										transf = { 1, 0, 0, 0, 0, 1, 0, 0, 0, 0, 1, 0, -1.027999997139, -1.1130542755127, 2.0120000839233, 1, },
									},
									{
										materials = { "vehicle/tram/st_petersburg_v2/st_petersburg_glass.mtl", "vehicle/tram/st_petersburg_v2/st_petersburg_int_glass.mtl", },
										mesh = "vehicle/tram/st_petersburg_v2/back_glass8_rgt_lod0.msh",
										name = "back_glass8_rgt",
										transf = { 1, 0, 0, 0, 0, 1, 0, 0, 0, 0, 1, 0, -1.7109998464584, -1.1130537986755, 2.0120000839233, 1, },
									},
									{
										materials = { "vehicle/tram/st_petersburg_v2/st_petersburg_glass.mtl", "vehicle/tram/st_petersburg_v2/st_petersburg_int_glass.mtl", },
										mesh = "vehicle/tram/st_petersburg_v2/back_glass9_rgt_lod0.msh",
										name = "back_glass9_rgt",
										transf = { 1, 0, 0, 0, 0, 1, 0, 0, 0, 0, 1, 0, -2.404000043869, -1.1130534410477, 2.0120000839233, 1, },
									},
									{
										materials = { "vehicle/tram/st_petersburg_v2/st_petersburg_glass.mtl", "vehicle/tram/st_petersburg_v2/st_petersburg_int_glass.mtl", },
										mesh = "vehicle/tram/st_petersburg_v2/back_glass10_rgt_lod0.msh",
										name = "back_glass10_rgt",
										transf = { 1, 0, 0, 0, 0, 1, 0, 0, 0, 0, 1, 0, -2.9044902324677, -0.72699993848801, 2.0090000629425, 1, },
									},
								},
								name = "back_glass_grp",
								transf = { 1, 0, 0, 0, 0, 1, 0, 0, 0, 0, 1, 0, 0, 0, 0, 1, },
							},
							{
								materials = { "vehicle/tram/st_petersburg_v2/st_petersburg_int.mtl", },
								mesh = "vehicle/tram/st_petersburg_v2/back_interior_lod0.msh",
								name = "back_interior",
								transf = { 1, 0, -1.7484555314695e-07, 0, 0, 1, 0, 0, 1.7484555314695e-07, 0, 1, 0, 0.073210567235947, -1.6302336007357e-05, -3.3029007084906e-08, 1, },
							},
							{
								materials = { "vehicle/tram/st_petersburg_v2/st_petersburg.mtl", },
								mesh = "vehicle/tram/st_petersburg_v2/back_w1_lod0.msh",
								name = "back_w1",
								transf = { 1, 0, 0, 0, 0, 1, 0, 0, 0, 0, 1, 0, 1.0859000682831, -7.4655283242464e-05, 0.32789841294289, 1, },
							},
							{
								materials = { "vehicle/tram/st_petersburg_v2/st_petersburg.mtl", },
								mesh = "vehicle/tram/st_petersburg_v2/back_w2_lod0.msh",
								name = "back_w2",
								transf = { 1, 0, 0, 0, 0, 1, 0, 0, 0, 0, 1, 0, -1.0810267925262, -7.4655283242464e-05, 0.32789847254753, 1, },
							},
							{
								animations = {
									close_doors_right = {
										params = {
											id = "vehicle/tram/st_petersburg_v2/close_doors_right/back_d1.ani",
										},
										type = "FILE_REF",
									},
									open_doors_right = {
										params = {
											id = "vehicle/tram/st_petersburg_v2/open_doors_right/back_d1.ani",
										},
										type = "FILE_REF",
									},
								},
								children = {
									{
										materials = { "vehicle/tram/st_petersburg_v2/st_petersburg_glass.mtl", },
										mesh = "vehicle/tram/st_petersburg_v2/back_d1_glass_lod0.msh",
										name = "back_d1_glass",
										transf = { 1, 0, 1.7484555314695e-07, 0, 0, 1, 0, 0, -1.7484555314695e-07, 0, 1, 0, -0.0083693284541368, 0.35815143585205, 2.0570001602173, 1, },
									},
								},
								materials = { "vehicle/tram/st_petersburg_v2/st_petersburg.mtl", },
								mesh = "vehicle/tram/st_petersburg_v2/back_d1_lod0.msh",
								name = "back_d1",
								transf = { 1, 0, -1.7484555314695e-07, 0, 0, 1, 0, 0, 1.7484555314695e-07, 0, 1, 0, 2.8767528533936, -0.35515144467354, -3.3029007084906e-08, 1, },
							},
							{
								animations = {
									close_doors_right = {
										params = {
											id = "vehicle/tram/st_petersburg_v2/close_doors_right/back_d2.ani",
										},
										type = "FILE_REF",
									},
									open_doors_right = {
										params = {
											id = "vehicle/tram/st_petersburg_v2/open_doors_right/back_d2.ani",
										},
										type = "FILE_REF",
									},
								},
								children = {
									{
										materials = { "vehicle/tram/st_petersburg_v2/st_petersburg_glass.mtl", },
										mesh = "vehicle/tram/st_petersburg_v2/back_d2_glass_lod0.msh",
										name = "back_d2_glass",
										transf = { 1, 0, 1.7484555314695e-07, 0, 0, 1, 0, 0, -1.7484555314695e-07, 0, 1, 0, 0.0083684902638197, -0.3526816368103, 2.0569999217987, 1, },
									},
								},
								materials = { "vehicle/tram/st_petersburg_v2/st_petersburg.mtl", },
								mesh = "vehicle/tram/st_petersburg_v2/back_d2_lod0.msh",
								name = "back_d2",
								transf = { 1, 0, -1.7484555314695e-07, 0, 0, 1, 0, 0, 1.7484555314695e-07, 0, 1, 0, -2.8782429695129, 0.35568159818649, -3.3029007084906e-08, 1, },
							},
							{
								animations = {
									close_doors_right = {
										params = {
											id = "vehicle/tram/st_petersburg_v2/close_doors_right/back_d3.ani",
										},
										type = "FILE_REF",
									},
									open_doors_right = {
										params = {
											id = "vehicle/tram/st_petersburg_v2/open_doors_right/back_d3.ani",
										},
										type = "FILE_REF",
									},
								},
								materials = { "vehicle/tram/st_petersburg_v2/st_petersburg.mtl", },
								mesh = "vehicle/tram/st_petersburg_v2/back_d3_lod0.msh",
								name = "back_d3",
								transf = { 1, 0, -1.7484555314695e-07, 0, 0, 1, 0, 0, 1.7484555314695e-07, 0, 1, 0, 3.5307097434998, -1.1116552352905, -3.6227302047109e-08, 1, },
							},
							{
								animations = {
									close_doors_right = {
										params = {
											id = "vehicle/tram/st_petersburg_v2/close_doors_right/back_d4.ani",
										},
										type = "FILE_REF",
									},
									open_doors_right = {
										params = {
											id = "vehicle/tram/st_petersburg_v2/open_doors_right/back_d4.ani",
										},
										type = "FILE_REF",
									},
								},
								materials = { "vehicle/tram/st_petersburg_v2/st_petersburg.mtl", },
								mesh = "vehicle/tram/st_petersburg_v2/back_d4_lod0.msh",
								name = "back_d4",
								transf = { 1, 0, -1.7484555314695e-07, 0, 0, 1, 0, 0, 1.7484555314695e-07, 0, 1, 0, -3.5428476333618, -1.1116552352905, -3.6227302047109e-08, 1, },
							},
							{
								name = "back_comp",
								transf = { 1, 0, 0, 0, 0, 1, 0, 0, 0, 0, 1, 0, 0, 0, 0, 1, },
							},
						},
						name = "back_grp",
						transf = { 1, 0, 0, 0, 0, 1, 0, 0, 0, 0, 1, 0, 0, 0, 0, 1, },
					},
					{
						children = {
							{
								materials = { "vehicle/tram/st_petersburg_v2/st_petersburg.mtl", },
								mesh = "vehicle/tram/st_petersburg_v2/front_b1_lod0.msh",
								name = "front_b1",
								transf = { 1, 0, -1.7484555314695e-07, 0, 0, 1, 0, 0, 1.7484555314695e-07, 0, 1, 0, 0, -1.5527475625277e-05, -3.6227302047109e-08, 1, },
							},
						},
						name = "front_grp",
						transf = { 1, 0, 0, 0, 0, 1, 0, 0, 0, 0, 1, 0, 3.9976997375488, 0, 0, 1, },
					},
					{
						children = {
							{
								children = {
									{
										children = {
											{
												children = {
													{
														animations = {
															drive = {
																params = {
																	id = "animal/draft_horse/drive/horse_spine_root.ani",
																},
																type = "FILE_REF",
															},
														},
														children = {
															{
																animations = {
																	drive = {
																		params = {
																			id = "animal/draft_horse/drive/horse_spine_1.ani",
																		},
																		type = "FILE_REF",
																	},
																},
																children = {
																	{
																		animations = {
																			drive = {
																				params = {
																					id = "animal/draft_horse/drive/horse_spine_2.ani",
																				},
																				type = "FILE_REF",
																			},
																		},
																		children = {
																			{
																				animations = {
																					drive = {
																						params = {
																							id = "animal/draft_horse/drive/horse_head.ani",
																						},
																						type = "FILE_REF",
																					},
																				},
																				children = {
																					{
																						animations = {
																							drive = {
																								params = {
																									id = "animal/draft_horse/drive/horse_ear_r.ani",
																								},
																								type = "FILE_REF",
																							},
																						},
																						name = "horse_ear_r",
																						transf = { -0.18784956634045, -0.18406708538532, 0.96479624509811, 0, -0.97633600234985, -0.072162374854088, -0.20386378467083, 0, 0.10714659839869, -0.98026114702225, -0.16615563631058, 0, -0.049271158874035, -0.083038687705994, 0.079029269516468, 1, },
																					},
																					{
																						animations = {
																							drive = {
																								params = {
																									id = "animal/draft_horse/drive/horse_ear_l.ani",
																								},
																								type = "FILE_REF",
																							},
																						},
																						name = "horse_ear_l",
																						transf = { -0.18784956634045, 0.18406708538532, 0.96479624509811, 0, 0.97633600234985, -0.072162374854088, 0.20386378467083, 0, 0.10714659839869, 0.98026114702225, -0.16615563631058, 0, -0.049271158874035, 0.083038687705994, 0.079029269516468, 1, },
																					},
																				},
																				name = "horse_head",
																				transf = { -0.0072449250146747, -1.3545483135689e-34, -0.99997371435165, 0, 1.2434904542036e-33, 1, -1.4446762434702e-34, 0, 0.99997371435165, -1.2445045935877e-33, -0.0072449250146747, 0, 0.16471049189568, 0, 0, 1, },
																			},
																		},
																		name = "horse_spine_2",
																		transf = { 0.98641234636307, -3.5168917532481e-33, -0.16428858041763, 0, 3.2109946950436e-33, 1, -2.1275196950426e-33, 0, 0.16428858041763, 1.5710818116656e-33, 0.98641234636307, 0, 0.20375268161297, -6.5424870201025e-34, -1.4210854397565e-16, 1, },
																	},
																},
																name = "horse_spine_1",
																transf = { 0.78080987930298, 3.3599827265385e-33, 0.62476861476898, 0, -3.2784430915258e-33, 1, -1.2807006360434e-33, 0, -0.62476861476898, -1.0482845562282e-33, 0.78080987930298, 0, 0.21820586919785, -1.2174591547635e-34, -5.6843417590259e-16, 1, },
															},
														},
														name = "horse_spine_root",
														transf = { 0.87973493337631, 5.5794058760063e-34, 0.4754644036293, 0, -9.3576081867322e-34, 1, 5.5794063351837e-34, 0, -0.4754644036293, -9.3576081867322e-34, 0.87973493337631, 0, 0.085640989243984, 0, 0.00010856980952667, 1, },
													},
													{
														animations = {
															drive = {
																params = {
																	id = "animal/draft_horse/drive/horse_frontleg_root_r.ani",
																},
																type = "FILE_REF",
															},
														},
														children = {
															{
																animations = {
																	drive = {
																		params = {
																			id = "animal/draft_horse/drive/horse_frontleg_hip_r.ani",
																		},
																		type = "FILE_REF",
																	},
																},
																children = {
																	{
																		animations = {
																			drive = {
																				params = {
																					id = "animal/draft_horse/drive/horse_frontleg_leg1_r.ani",
																				},
																				type = "FILE_REF",
																			},
																		},
																		children = {
																			{
																				animations = {
																					drive = {
																						params = {
																							id = "animal/draft_horse/drive/horse_frontleg_leg2_r.ani",
																						},
																						type = "FILE_REF",
																					},
																				},
																				children = {
																					{
																						animations = {
																							drive = {
																								params = {
																									id = "animal/draft_horse/drive/horse_frontleg_foot_r.ani",
																								},
																								type = "FILE_REF",
																							},
																						},
																						name = "horse_frontleg_foot_r",
																						transf = { 0.63230329751968, 0, 0.77472084760666, 0, 0, 1, 0, 0, -0.77472084760666, 0, 0.63230329751968, 0, 0.32551920413971, 0, 2.1316281596347e-16, 1, },
																					},
																				},
																				name = "horse_frontleg_leg2_r",
																				transf = { 0.97976720333099, 0, -0.200140401721, 0, 0, 1, 0, 0, 0.200140401721, 0, 0.97976720333099, 0, 0.38695278763771, 0, 3.5527134670423e-16, 1, },
																			},
																		},
																		name = "horse_frontleg_leg1_r",
																		transf = { 0.762131690979, 0, 0.64742201566696, 0, 0, 1, 0, 0, -0.64742201566696, 0, 0.762131690979, 0, 0.31260177493095, 0, 2.1316281596347e-16, 1, },
																	},
																},
																name = "horse_frontleg_hip_r",
																transf = { 0.069403439760208, 0, -0.99758869409561, 0, 0, 1, 0, 0, 0.99758869409561, 0, 0.069403439760208, 0, 0.51489353179932, 0, 0, 1, },
															},
														},
														name = "horse_frontleg_root_r",
														transf = { 0.71916663646698, 0, -0.69483762979507, 0, 0, 1, 0, 0, 0.69483762979507, 0, 0.71916663646698, 0, -0.074687391519547, -0.1075262054801, -0.022625209763646, 1, },
													},
													{
														animations = {
															drive = {
																params = {
																	id = "animal/draft_horse/drive/horse_frontleg_root_l.ani",
																},
																type = "FILE_REF",
															},
														},
														children = {
															{
																animations = {
																	drive = {
																		params = {
																			id = "animal/draft_horse/drive/horse_frontleg_hip_l.ani",
																		},
																		type = "FILE_REF",
																	},
																},
																children = {
																	{
																		animations = {
																			drive = {
																				params = {
																					id = "animal/draft_horse/drive/horse_frontleg_leg1_l.ani",
																				},
																				type = "FILE_REF",
																			},
																		},
																		children = {
																			{
																				animations = {
																					drive = {
																						params = {
																							id = "animal/draft_horse/drive/horse_frontleg_leg2_l.ani",
																						},
																						type = "FILE_REF",
																					},
																				},
																				children = {
																					{
																						animations = {
																							drive = {
																								params = {
																									id = "animal/draft_horse/drive/horse_frontleg_foot_l.ani",
																								},
																								type = "FILE_REF",
																							},
																						},
																						name = "horse_frontleg_foot_l",
																						transf = { 0.63230329751968, 0, 0.77472084760666, 0, 0, 1, 0, 0, -0.77472084760666, 0, 0.63230329751968, 0, 0.32551920413971, 0, 2.1316281596347e-16, 1, },
																					},
																				},
																				name = "horse_frontleg_leg2_l",
																				transf = { 0.97976720333099, 0, -0.200140401721, 0, 0, 1, 0, 0, 0.200140401721, 0, 0.97976720333099, 0, 0.38695278763771, 0, -1.4210854397565e-16, 1, },
																			},
																		},
																		name = "horse_frontleg_leg1_l",
																		transf = { 0.762131690979, 0, 0.64742201566696, 0, 0, 1, 0, 0, -0.64742201566696, 0, 0.762131690979, 0, 0.31260177493095, 0, 1.4210854397565e-16, 1, },
																	},
																},
																name = "horse_frontleg_hip_l",
																transf = { 0.069403439760208, 0, -0.99758869409561, 0, 0, 1, 0, 0, 0.99758869409561, 0, 0.069403439760208, 0, 0.51489353179932, 0, 1.4210854397565e-16, 1, },
															},
														},
														name = "horse_frontleg_root_l",
														transf = { 0.71916663646698, 0, -0.69483762979507, 0, 0, 1, 0, 0, 0.69483762979507, 0, 0.71916663646698, 0, -0.099591188132763, 0.1075262054801, -0.022625209763646, 1, },
													},
												},
												name = "horse_root_front",
												transf = { 1, 0, 0, 0, 0, 1, 0, 0, 0, 0, 1, 0, 0.42831289768219, 0, 0.08383920788765, 1, },
											},
											{
												children = {
													{
														animations = {
															drive = {
																params = {
																	id = "animal/draft_horse/drive/horse_tail_root.ani",
																},
																type = "FILE_REF",
															},
														},
														children = {
															{
																animations = {
																	drive = {
																		params = {
																			id = "animal/draft_horse/drive/horse_tail1.ani",
																		},
																		type = "FILE_REF",
																	},
																},
																children = {
																	{
																		animations = {
																			drive = {
																				params = {
																					id = "animal/draft_horse/drive/horse_tail2.ani",
																				},
																				type = "FILE_REF",
																			},
																		},
																		name = "horse_tail2",
																		transf = { 0.99927711486816, 2.3891741948207e-32, -0.038016166538, 0, -2.3865889888696e-32, 1, 1.1338342800162e-33, 0, 0.038016166538, -2.2572508331837e-34, 0.99927711486816, 0, 0.39126193523407, 6.5302953988101e-34, 2.8421708795129e-16, 1, },
																	},
																},
																name = "horse_tail1",
																transf = { 0.35692319273949, -1.6690342865517e-33, 0.93413364887238, 0, 2.0890406221524e-33, 1, 9.8851709697363e-34, 0, -0.93413364887238, 1.5986186851886e-33, 0.35692319273949, 0, 0.18898175656796, 0, 0, 1, },
															},
														},
														name = "horse_tail_root",
														transf = { -0.94864237308502, 0, -0.31635057926178, 0, 0, 1, -0, 0, 0.31635057926178, 0, -0.94864237308502, 0, -0.14508210122585, 0, -0.026099974289536, 1, },
													},
													{
														animations = {
															drive = {
																params = {
																	id = "animal/draft_horse/drive/horse_backleg_root_r.ani",
																},
																type = "FILE_REF",
															},
														},
														children = {
															{
																animations = {
																	drive = {
																		params = {
																			id = "animal/draft_horse/drive/horse_backleg_hip_r.ani",
																		},
																		type = "FILE_REF",
																	},
																},
																children = {
																	{
																		animations = {
																			drive = {
																				params = {
																					id = "animal/draft_horse/drive/horse_backleg_leg1_r.ani",
																				},
																				type = "FILE_REF",
																			},
																		},
																		children = {
																			{
																				animations = {
																					drive = {
																						params = {
																							id = "animal/draft_horse/drive/horse_backleg_leg2_r.ani",
																						},
																						type = "FILE_REF",
																					},
																				},
																				children = {
																					{
																						animations = {
																							drive = {
																								params = {
																									id = "animal/draft_horse/drive/horse_backleg_foot_r.ani",
																								},
																								type = "FILE_REF",
																							},
																						},
																						name = "horse_backleg_foot_r",
																						transf = { 0.87525993585587, -0.0162492711097, 0.48337978124619, 0, 0.052130904048681, 0.99678242206573, -0.060886081308126, 0, -0.48083513975143, 0.078490175306797, 0.87329077720642, 0, 0.41367524862289, -3.5527135993912e-17, 1.4210854397565e-16, 1, },
																					},
																				},
																				name = "horse_backleg_leg2_r",
																				transf = { 0.87849831581116, 0, 0.47774547338486, 0, 0, 1, 1.3877787807814e-17, 0, -0.47774547338486, -1.2143064331838e-17, 0.87849831581116, 0, 0.42221334576607, 1.7763567996956e-17, 0, 1, },
																			},
																		},
																		name = "horse_backleg_leg1_r",
																		transf = { 0.56606984138489, 0.077824413776398, -0.82067549228668, 0, -0.09089445322752, 0.99535602331161, 0.031693883240223, 0, 0.81933093070984, 0.056653894484043, 0.57051485776901, 0, 0.33454445004463, -3.5527135993912e-17, 8.8817836676057e-17, 1, },
																	},
																},
																name = "horse_backleg_hip_r",
																transf = { 0.34594562649727, 0.057113129645586, 0.93651467561722, 0, -0.17367528378963, 0.98479443788528, 0.0040976512245834, 0, -0.92204034328461, -0.16406701505184, 0.35060447454453, 0, 0.33253580331802, -3.5527135993912e-17, 0, 1, },
															},
														},
														name = "horse_backleg_root_r",
														transf = { -0.70659518241882, -0.17367528378963, -0.68597388267517, 0, -0.12461183220148, 0.98480296134949, -0.12097515910864, 0, 0.69655954837799, 1.3877787807814e-17, -0.71749901771545, 0, 0.099077254533768, -0.11977700144053, -0.043746303766966, 1, },
													},
													{
														animations = {
															drive = {
																params = {
																	id = "animal/draft_horse/drive/horse_backleg_root_l.ani",
																},
																type = "FILE_REF",
															},
														},
														children = {
															{
																animations = {
																	drive = {
																		params = {
																			id = "animal/draft_horse/drive/horse_backleg_hip_l.ani",
																		},
																		type = "FILE_REF",
																	},
																},
																children = {
																	{
																		animations = {
																			drive = {
																				params = {
																					id = "animal/draft_horse/drive/horse_backleg_leg1_l.ani",
																				},
																				type = "FILE_REF",
																			},
																		},
																		children = {
																			{
																				animations = {
																					drive = {
																						params = {
																							id = "animal/draft_horse/drive/horse_backleg_leg2_l.ani",
																						},
																						type = "FILE_REF",
																					},
																				},
																				children = {
																					{
																						animations = {
																							drive = {
																								params = {
																									id = "animal/draft_horse/drive/horse_backleg_foot_l.ani",
																								},
																								type = "FILE_REF",
																							},
																						},
																						name = "horse_backleg_foot_l",
																						transf = { 0.87525993585587, 0.0162492711097, 0.48337978124619, 0, -0.052130904048681, 0.99678242206573, 0.060886081308126, 0, -0.48083513975143, -0.078490175306797, 0.87329077720642, 0, 0.41367524862289, -1.7763567996956e-17, -2.8421708795129e-16, 1, },
																					},
																				},
																				name = "horse_backleg_leg2_l",
																				transf = { 0.87849831581116, 4.1633363423443e-17, 0.47774547338486, 0, 1.3877787807814e-17, 1, -5.5511151231258e-17, 0, -0.47774547338486, 4.8572257327351e-17, 0.87849831581116, 0, 0.42221334576607, -8.8817836676057e-17, -5.6843417590259e-16, 1, },
																			},
																		},
																		name = "horse_backleg_leg1_l",
																		transf = { 0.56606984138489, -0.077824413776398, -0.82067549228668, 0, 0.09089445322752, 0.99535602331161, -0.031693883240223, 0, 0.81933093070984, -0.056653894484043, 0.57051485776901, 0, 0.33454445004463, -7.1054271987823e-17, -1.9539925127524e-16, 1, },
																	},
																},
																name = "horse_backleg_hip_l",
																transf = { 0.34594562649727, -0.057113129645586, 0.93651467561722, 0, 0.17367528378963, 0.98479443788528, -0.0040976512245834, 0, -0.92204034328461, 0.16406701505184, 0.35060447454453, 0, 0.33253580331802, -3.5527135993912e-17, -2.8421708795129e-16, 1, },
															},
														},
														name = "horse_backleg_root_l",
														transf = { -0.70659518241882, 0.17367528378963, -0.68597388267517, 0, 0.12461183220148, 0.98480296134949, 0.12097515910864, 0, 0.69655954837799, -6.9388939039072e-18, -0.71749901771545, 0, 0.099077254533768, 0.11977700144053, -0.043746303766966, 1, },
													},
												},
												name = "horse_root_back",
												transf = { 1, 0, 0, 0, 0, 1, 0, 0, 0, 0, 1, 0, -0.55755078792572, 0, 0.10966540873051, 1, },
											},
										},
										name = "horse_root",
										skin = "animal/draft_horse/horse_body_lod0.msh",
										skinMaterials = { "animal/draft_horse/horse.mtl", },
										transf = { 1, 0, 0, 0, 0, 1, 0, 0, 0, 0, 1, 0, 0.009646731428802, 0, 1.390242934227, 1, },
									},
									{
										materials = { "animal/draft_horse/horse_harness.mtl", },
										mesh = "animal/draft_horse/horse_harness_lod1.msh",
										name = "horse_harness",
										transf = { 1, 0, 0, 0, 0, 1, 0, 0, 0, 0, 1, 0, 0, 0, 0, 1, },
									},
								},
								name = "left_horse",
								transf = { 1, 0, 0, 0, 0, 1, 0, 0, 0, 0, 1, 0, 0, 0.5, 0, 1, },
							},
							{
								children = {
									{
										children = {
											{
												children = {
													{
														animations = {
															drive = {
																params = {
																	id = "animal/draft_horse/drive/horse_spine_root.ani",
																},
																type = "FILE_REF",
															},
														},
														children = {
															{
																animations = {
																	drive = {
																		params = {
																			id = "animal/draft_horse/drive/horse_spine_1.ani",
																		},
																		type = "FILE_REF",
																	},
																},
																children = {
																	{
																		animations = {
																			drive = {
																				params = {
																					id = "animal/draft_horse/drive/horse_spine_2.ani",
																				},
																				type = "FILE_REF",
																			},
																		},
																		children = {
																			{
																				animations = {
																					drive = {
																						params = {
																							id = "animal/draft_horse/drive/horse_head.ani",
																						},
																						type = "FILE_REF",
																					},
																				},
																				children = {
																					{
																						animations = {
																							drive = {
																								params = {
																									id = "animal/draft_horse/drive/horse_ear_r.ani",
																								},
																								type = "FILE_REF",
																							},
																						},
																						name = "horse_ear_r",
																						transf = { -0.18784956634045, -0.18406708538532, 0.96479624509811, 0, -0.97633600234985, -0.072162374854088, -0.20386378467083, 0, 0.10714659839869, -0.98026114702225, -0.16615563631058, 0, -0.049271158874035, -0.083038687705994, 0.079029269516468, 1, },
																					},
																					{
																						animations = {
																							drive = {
																								params = {
																									id = "animal/draft_horse/drive/horse_ear_l.ani",
																								},
																								type = "FILE_REF",
																							},
																						},
																						name = "horse_ear_l",
																						transf = { -0.18784956634045, 0.18406708538532, 0.96479624509811, 0, 0.97633600234985, -0.072162374854088, 0.20386378467083, 0, 0.10714659839869, 0.98026114702225, -0.16615563631058, 0, -0.049271158874035, 0.083038687705994, 0.079029269516468, 1, },
																					},
																				},
																				name = "horse_head",
																				transf = { -0.0072449250146747, -1.3545483135689e-34, -0.99997371435165, 0, 1.2434904542036e-33, 1, -1.4446762434702e-34, 0, 0.99997371435165, -1.2445045935877e-33, -0.0072449250146747, 0, 0.16471049189568, 0, 0, 1, },
																			},
																		},
																		name = "horse_spine_2",
																		transf = { 0.98641234636307, -3.5168917532481e-33, -0.16428858041763, 0, 3.2109946950436e-33, 1, -2.1275196950426e-33, 0, 0.16428858041763, 1.5710818116656e-33, 0.98641234636307, 0, 0.20375268161297, -6.5424870201025e-34, -1.4210854397565e-16, 1, },
																	},
																},
																name = "horse_spine_1",
																transf = { 0.78080987930298, 3.3599827265385e-33, 0.62476861476898, 0, -3.2784430915258e-33, 1, -1.2807006360434e-33, 0, -0.62476861476898, -1.0482845562282e-33, 0.78080987930298, 0, 0.21820586919785, -1.2174591547635e-34, -5.6843417590259e-16, 1, },
															},
														},
														name = "horse_spine_root",
														transf = { 0.87973493337631, 5.5794058760063e-34, 0.4754644036293, 0, -9.3576081867322e-34, 1, 5.5794063351837e-34, 0, -0.4754644036293, -9.3576081867322e-34, 0.87973493337631, 0, 0.085640989243984, 0, 0.00010856980952667, 1, },
													},
													{
														animations = {
															drive = {
																params = {
																	id = "animal/draft_horse/drive/horse_frontleg_root_r.ani",
																},
																type = "FILE_REF",
															},
														},
														children = {
															{
																animations = {
																	drive = {
																		params = {
																			id = "animal/draft_horse/drive/horse_frontleg_hip_r.ani",
																		},
																		type = "FILE_REF",
																	},
																},
																children = {
																	{
																		animations = {
																			drive = {
																				params = {
																					id = "animal/draft_horse/drive/horse_frontleg_leg1_r.ani",
																				},
																				type = "FILE_REF",
																			},
																		},
																		children = {
																			{
																				animations = {
																					drive = {
																						params = {
																							id = "animal/draft_horse/drive/horse_frontleg_leg2_r.ani",
																						},
																						type = "FILE_REF",
																					},
																				},
																				children = {
																					{
																						animations = {
																							drive = {
																								params = {
																									id = "animal/draft_horse/drive/horse_frontleg_foot_r.ani",
																								},
																								type = "FILE_REF",
																							},
																						},
																						name = "horse_frontleg_foot_r",
																						transf = { 0.63230329751968, 0, 0.77472084760666, 0, 0, 1, 0, 0, -0.77472084760666, 0, 0.63230329751968, 0, 0.32551920413971, 0, 2.1316281596347e-16, 1, },
																					},
																				},
																				name = "horse_frontleg_leg2_r",
																				transf = { 0.97976720333099, 0, -0.200140401721, 0, 0, 1, 0, 0, 0.200140401721, 0, 0.97976720333099, 0, 0.38695278763771, 0, 3.5527134670423e-16, 1, },
																			},
																		},
																		name = "horse_frontleg_leg1_r",
																		transf = { 0.762131690979, 0, 0.64742201566696, 0, 0, 1, 0, 0, -0.64742201566696, 0, 0.762131690979, 0, 0.31260177493095, 0, 2.1316281596347e-16, 1, },
																	},
