local townbuildingutil = require "townbuildingutil"

--Model file: "building/era_c/com_1_2x2_01.mdl"

--Begin Generated
local generatedData = {
	["base"] = {
		models = {
			["building/era_c/com_1_1x1_02.mdl"] = {
				{ 1.00000, 0.00000, 0.00000, 0.00000, 0.00000, 1.00000, 0.00000, 0.00000, 0.00000, 0.00000, 1.00000, 0.00000, -4.15000, 16.50000, 0.00000, 1.00000, },
			},
			["building/era_c/com_1_2x2_01.mdl"] = {
				{ 1.00000, 0.00000, 0.00000, 0.00000, 0.00000, 1.00000, 0.00000, 0.00000, 0.00000, 0.00000, 1.00000, 0.00000, 1.95000, -1.93802, -0.00368, 1.00000, },
				{ 1.00000, 0.00000, 0.00000, 0.00000, 0.00000, 1.00000, 0.00000, 0.00000, 0.00000, 0.00000, 1.00000, 0.00000, -6.74000, -1.93802, -0.00368, 1.00000, },
			},
		},
		curves = {
			["scaffold"] = {
				{ { -0.65121, 19.81891, 0.00000 }, { -0.65121, 19.81891, 0.00000 }, { -0.65671, 23.28613, 0.00000 }, { -0.65671, 23.28613, 0.00000 }, { -0.65672, 23.28613, 0.00000 }, { -3.47801, 23.28613, 0.00000 }, { -3.47801, 23.28613, 0.00000 }, { -3.47801, 23.28613, 0.00000 }, { -3.47801, 23.58678, 0.00000 }, { -3.47801, 23.58678, 0.00000 }, { -3.47801, 23.58678, 0.00000 }, { -6.03802, 23.58678, 0.00000 }, { -6.03802, 23.58678, 0.00000 }, { -6.03802, 23.58678, 0.00000 }, { -6.03809, 23.28613, 0.00000 }, { -6.03809, 23.28613, 0.00000 }, { -6.03809, 23.28613, 0.00000 }, { -7.62396, 23.28613, 0.00000 }, { -7.62396, 23.28613, 0.00000 }, { -7.62396, 23.28613, 0.00000 }, { -7.62398, 19.81891, 0.00000 }, { -7.62398, 19.81891, 0.00000 }, },
				{ { 0.73193, 2.07685, 0.00000 }, { 0.73193, 2.07685, 0.00000 }, { 0.73743, 11.98000, 0.00000 }, { 0.73743, 11.98001, 0.00000 }, { 0.73743, 11.98001, 0.00000 }, { 1.95430, 11.98641, 0.00000 }, { 1.95430, 11.98641, 0.00000 }, { 1.95430, 11.98641, 0.00000 }, { 1.95430, 13.25891, 0.00000 }, { 1.95430, 13.25891, 0.00000 }, { 1.95430, 13.25891, 0.00000 }, { 6.85429, 13.25890, 0.00000 }, { 6.85429, 13.25890, 0.00000 }, { 6.85429, 13.25890, 0.00000 }, { 6.85429, 11.98641, 0.00000 }, { 6.85429, 11.98641, 0.00000 }, { 6.85429, 11.98641, 0.00000 }, { 7.53828, 11.98641, 0.00000 }, { 7.53828, 11.98641, 0.00000 }, { 7.53828, 11.98641, 0.00000 }, { 7.53828, 11.23410, 0.00000 }, { 7.53828, 11.23410, 0.00000 }, { 7.53828, 11.23410, 0.00000 }, { 8.00000, 11.23410, 0.00000 }, { 8.00000, 11.23410, 0.00000 }, { 8.00000, 11.23410, 0.00000 }, { 7.99916, 8.83414, 0.00000 }, { 7.99916, 8.83414, 0.00000 }, { 7.99916, 8.83414, 0.00000 }, { 7.53828, 8.83414, 0.00000 }, { 7.53828, 8.83414, 0.00000 }, { 7.53828, 8.83414, 0.00000 }, { 7.53828, 2.07685, 0.00000 }, { 7.53828, 2.07685, 0.00000 }, },
				{ { -7.95805, 2.07685, 0.00000 }, { -7.95805, 2.07685, 0.00000 }, { -7.95256, 11.98000, 0.00000 }, { -7.95256, 11.98001, 0.00000 }, { -7.95256, 11.98001, 0.00000 }, { -6.73569, 11.98641, 0.00000 }, { -6.73569, 11.98641, 0.00000 }, { -6.73569, 11.98641, 0.00000 }, { -6.73569, 13.25891, 0.00000 }, { -6.73569, 13.25891, 0.00000 }, { -6.73569, 13.25891, 0.00000 }, { -1.83569, 13.25890, 0.00000 }, { -1.83569, 13.25890, 0.00000 }, { -1.83569, 13.25890, 0.00000 }, { -1.83569, 11.98641, 0.00000 }, { -1.83569, 11.98641, 0.00000 }, { -1.83569, 11.98641, 0.00000 }, { -1.15170, 11.98641, 0.00000 }, { -1.15170, 11.98641, 0.00000 }, { -1.15170, 11.98641, 0.00000 }, { -1.15170, 11.23410, 0.00000 }, { -1.15170, 11.23410, 0.00000 }, { -1.15170, 11.23410, 0.00000 }, { -0.68999, 11.23410, 0.00000 }, { -0.68999, 11.23410, 0.00000 }, { -0.68999, 11.23410, 0.00000 }, { -0.69083, 8.83414, 0.00000 }, { -0.69083, 8.83414, 0.00000 }, { -0.69083, 8.83414, 0.00000 }, { -1.15170, 8.83414, 0.00000 }, { -1.15170, 8.83414, 0.00000 }, { -1.15170, 8.83414, 0.00000 }, { -1.15170, 2.07685, 0.00000 }, { -1.15170, 2.07685, 0.00000 }, },
			},
			["shared/asphalt_02.gtex.lua;shared/dirt.gtex.lua"] = {
				{ { -8.00000, 2.08000, -0.00000 }, { -8.00000, 2.08000, -0.00000 }, { -8.00000, 13.08006, 0.00000 }, { -8.00000, 13.08006, 0.00000 }, { -8.00000, 13.08006, 0.00000 }, { -8.00000, 14.00891, 0.00000 }, { -8.00000, 14.00891, 0.00000 }, { -8.00000, 14.00891, 0.00000 }, { 8.00000, 14.00891, 0.00000 }, { 8.00000, 14.00891, 0.00000 }, { 8.00000, 14.00891, 0.00000 }, { 8.00000, 0.00000, -0.00000 }, { 8.00000, -0.00000, -0.00000 }, { -8.00000, 2.08000, -0.00000 }, { -8.00000, 0.00000, 0.00000 }, { -8.00000, 0.00000, 0.00000 }, },
			},
			["shared/asphalt_03.gtex.lua;shared/dirt.gtex.lua"] = {
				{ { 8.00000, 19.00000, 0.00000 }, { 8.00000, 19.00000, 0.00000 }, { 2.00000, 19.00000, 0.00000 }, { 2.00000, 19.00000, 0.00000 }, { 2.00000, 19.00000, 0.00000 }, { 2.00000, 24.00000, 0.00000 }, { 2.00000, 24.00000, 0.00000 }, { 2.00000, 24.00000, 0.00000 }, { -8.00000, 24.00000, 0.00000 }, { -8.00000, 24.00000, 0.00000 }, { -8.00000, 24.00000, 0.00000 }, { -8.00000, 14.00891, 0.00000 }, { -8.00000, 14.00891, 0.00000 }, { -8.00000, 14.00891, 0.00000 }, { 8.00000, 14.00891, 0.00000 }, { 8.00000, 14.00891, 0.00000 }, },
			},
			["shared/grass_cutted_01.gtex.lua"] = {
				{ { 8.00000, 19.00000, 0.00000 }, { 8.00000, 19.00000, 0.00000 }, { 8.00000, 24.00000, 0.00000 }, { 8.00000, 24.00000, 0.00000 }, { 8.00000, 24.00000, 0.00000 }, { 2.00000, 24.00000, 0.00000 }, { 2.00000, 24.00000, 0.00000 }, { 2.00000, 24.00000, 0.00000 }, { 2.00000, 19.00000, 0.00000 }, { 2.00000, 19.00000, 0.00000 }, },
			},
		},
	},
	["layout_1"] = {
		models = {
			["asset/commercial/all_eras/era_c_com_wall.mdl"] = {
				{ -1.00000, -0.00000, 0.00000, 0.00000, 0.00000, -1.00000, -0.00000, 0.00000, 0.00000, -0.00000, 1.00000, 0.00000, -0.16500, 2.84700, 0.00000, 1.00000, },
				{ -1.00000, -0.00000, 0.00000, 0.00000, 0.00000, -1.00000, -0.00000, 0.00000, 0.00000, -0.00000, 1.00000, 0.00000, -6.20000, 23.85000, 0.00000, 1.00000, },
				{ -1.00000, -0.00000, 0.00000, 0.00000, 0.00000, -1.00000, -0.00000, 0.00000, 0.00000, -0.00000, 1.00000, 0.00000, -3.19999, 23.85000, 0.00000, 1.00000, },
				{ -1.00000, -0.00000, 0.00000, 0.00000, 0.00000, -1.00000, -0.00000, 0.00000, 0.00000, -0.00000, 1.00000, 0.00000, -0.19999, 23.85000, 0.00000, 1.00000, },
				{ -1.00000, -0.00000, 0.00000, 0.00000, 0.00000, -1.00000, -0.00000, 0.00000, 0.00000, -0.00000, 1.00000, 0.00000, 2.80001, 23.85000, 0.00000, 1.00000, },
				{ -1.13500, -0.00000, 0.00000, 0.00000, 0.00000, -1.00000, -0.00000, 0.00000, 0.00000, -0.00000, 1.00000, 0.00000, 6.00001, 23.85000, 0.00000, 1.00000, },
				{ -0.00000, 1.00000, 0.00000, 0.00000, -1.00000, -0.00000, -0.00000, 0.00000, -0.00000, -0.00000, 1.00000, 0.00000, -7.84999, 22.50000, 0.00000, 1.00000, },
				{ -0.00000, 1.00000, 0.00000, 0.00000, -1.00000, -0.00000, -0.00000, 0.00000, -0.00000, -0.00000, 1.00000, 0.00000, 7.85001, 22.50000, 0.00000, 1.00000, },
				{ -0.00000, 1.00000, 0.00000, 0.00000, -1.00000, -0.00000, -0.00000, 0.00000, -0.00000, -0.00000, 1.00000, 0.00000, -7.84999, 19.50000, 0.00000, 1.00000, },
				{ -0.00000, 1.00000, 0.00000, 0.00000, -1.00000, -0.00000, -0.00000, 0.00000, -0.00000, -0.00000, 1.00000, 0.00000, 7.85001, 19.50000, 0.00000, 1.00000, },
				{ -0.00000, 1.00000, 0.00000, 0.00000, -1.00000, -0.00000, -0.00000, 0.00000, -0.00000, -0.00000, 1.00000, 0.00000, -7.84999, 16.50000, 0.00000, 1.00000, },
				{ -0.00000, 1.00000, 0.00000, 0.00000, -1.00000, -0.00000, -0.00000, 0.00000, -0.00000, -0.00000, 1.00000, 0.00000, 7.85001, 16.50000, 0.00000, 1.00000, },
				{ -0.00000, 1.00000, 0.00000, 0.00000, -1.00000, -0.00000, -0.00000, 0.00000, -0.00000, -0.00000, 1.00000, 0.00000, -7.84999, 13.50000, 0.00000, 1.00000, },
				{ -0.00000, 1.25987, 0.00000, 0.00000, -1.00000, -0.00000, -0.00000, 0.00000, -0.00000, -0.00000, 1.00000, 0.00000, 7.85001, 13.10500, 0.00000, 1.00000, },
				{ -0.00000, 1.00000, 0.00000, 0.00000, -1.00000, -0.00000, -0.00000, 0.00000, -0.00000, -0.00000, 1.00000, 0.00000, -7.84999, 10.50000, 0.00000, 1.00000, },
				{ -0.00000, 1.00000, 0.00000, 0.00000, -1.00000, -0.00000, -0.00000, 0.00000, -0.00000, -0.00000, 1.00000, 0.00000, -7.84999, 7.50000, 0.00000, 1.00000, },
				{ -0.00000, 1.14344, 0.00000, 0.00000, -1.00000, -0.00000, -0.00000, 0.00000, -0.00000, -0.00000, 1.00000, 0.00000, -7.84999, 4.28000, 0.00000, 1.00000, },
			},
			["asset/commercial/era_c/com_2_to_4_wall_awning_01_end.mdl"] = {
				{ 0.90500, 0.00000, 0.00000, 0.00000, 0.00000, 0.90500, -0.00000, 0.00000, -0.00000, 0.00000, 0.90500, 0.00000, 5.48500, 2.53000, 1.25000, 1.00000, align = { 1.95000, -1.93802 }, },
			},
			["asset/commercial/era_c/com_2_to_4_wall_awning_01_repeat.mdl"] = {
				{ 0.90500, 0.00000, 0.00000, 0.00000, 0.00000, 0.90500, -0.00000, 0.00000, -0.00000, 0.00000, 0.90500, 0.00000, 5.48500, 2.53000, 1.25000, 1.00000, align = { 1.95000, -1.93802 }, },
				{ 0.90500, 0.00000, 0.00000, 0.00000, 0.00000, 0.90500, -0.00000, 0.00000, -0.00000, 0.00000, 0.90500, 0.00000, 2.77000, 2.53000, 1.25000, 1.00000, align = { 1.95000, -1.93802 }, },
			},
			["asset/commercial/era_c/com_2_to_4_wall_awning_01_start.mdl"] = {
				{ 0.90500, 0.00000, 0.00000, 0.00000, 0.00000, 0.90500, -0.00000, 0.00000, -0.00000, 0.00000, 0.90500, 0.00000, 2.77000, 2.53000, 1.25000, 1.00000, align = { 1.95000, -1.93802 }, },
			},
			["asset/commercial/era_c/com_2_to_4_wall_awning_02_end.mdl"] = {
				{ 1.00000, 0.00000, 0.00000, 0.00000, 0.00000, 1.00000, 0.00000, 0.00000, 0.00000, 0.00000, 1.00000, 0.00000, -3.50000, 2.54000, 0.00000, 1.00000, align = { -6.74000, -1.93802 }, },
			},
			["asset/commercial/era_c/com_2_to_4_wall_awning_02_repeat.mdl"] = {
				{ 0.84497, 0.00000, 0.00000, 0.00000, 0.00000, 1.00000, 0.00000, 0.00000, 0.00000, 0.00000, 1.00000, 0.00000, -5.84000, 2.54000, 0.00000, 1.00000, align = { -6.74000, -1.93802 }, },
				{ 0.85764, 0.00000, 0.00000, 0.00000, 0.00000, 1.00000, 0.00000, 0.00000, 0.00000, 0.00000, 1.00000, 0.00000, -3.28500, 2.54000, 0.00000, 1.00000, align = { -6.74000, -1.93802 }, },
			},
			["asset/commercial/era_c/com_2_to_4_wall_awning_02_start.mdl"] = {
				{ 1.00000, 0.00000, 0.00000, 0.00000, 0.00000, 1.00000, 0.00000, 0.00000, 0.00000, 0.00000, 1.00000, 0.00000, -5.61000, 2.54000, 0.00000, 1.00000, align = { -6.74000, -1.93802 }, },
			},
			["asset/commercial/era_c/com_2_to_4_wall_sign_01_02.mdl"] = {
				{ -0.00000, -0.60517, -0.00000, 0.00000, 0.60517, -0.00000, 0.00000, 0.00000, -0.00000, 0.00000, 0.60517, 0.00000, 1.33500, 9.79000, 1.92226, 1.00000, align = { 1.95000, -1.93802 }, },
				{ -0.00000, -0.60517, -0.00000, 0.00000, 0.60517, -0.00000, 0.00000, 0.00000, -0.00000, 0.00000, 0.60517, 0.00000, 1.33500, 4.27000, 1.92226, 1.00000, align = { 1.95000, -1.93802 }, },
				{ 0.68686, 0.00000, 0.00000, 0.00000, 0.00000, 0.68686, 0.00000, 0.00000, 0.00000, 0.00000, 0.68686, 0.00000, 2.77500, 2.67500, 1.62226, 1.00000, align = { 1.95000, -1.93802 }, },
				{ 0.68686, 0.00000, 0.00000, 0.00000, 0.00000, 0.68686, 0.00000, 0.00000, 0.00000, 0.00000, 0.68686, 0.00000, 5.49500, 2.67500, 1.62226, 1.00000, align = { 1.95000, -1.93802 }, },
				{ -0.00000, 0.60517, 0.00000, 0.00000, -0.60517, -0.00000, 0.00000, 0.00000, 0.00000, 0.00000, 0.60517, 0.00000, 6.95500, 4.27000, 1.92226, 1.00000, align = { 1.95000, -1.93802 }, },
				{ -0.00000, -0.60517, -0.00000, 0.00000, 0.60517, -0.00000, 0.00000, 0.00000, -0.00000, 0.00000, 0.60517, 0.00000, 1.33500, 7.03000, 1.92226, 1.00000, align = { 1.95000, -1.93802 }, },
				{ -0.00000, 0.60517, 0.00000, 0.00000, -0.60517, -0.00000, 0.00000, 0.00000, 0.00000, 0.00000, 0.60517, 0.00000, 6.95500, 7.03000, 1.92226, 1.00000, align = { 1.95000, -1.93802 }, },
				{ 1.36169, 0.00000, 0.00000, 0.00000, 0.00000, 1.36169, 0.00000, 0.00000, 0.00000, 0.00000, 1.36169, 0.00000, 4.05000, 2.26000, 1.71726, 1.00000, align = { 1.95000, -1.93802 }, },
			},
			["asset/commercial/era_c/com_2_to_4_wall_sign_05.mdl"] = {
				{ 0.80000, 0.00000, 0.00000, 0.00000, 0.00000, 0.80000, 0.00000, 0.00000, 0.00000, 0.00000, 0.80000, 0.00000, -5.91000, 2.64413, 1.12000, 1.00000, align = { -6.74000, -1.93802 }, },
				{ 0.80000, 0.00000, 0.00000, 0.00000, 0.00000, 0.80000, 0.00000, 0.00000, 0.00000, 0.00000, 0.80000, 0.00000, -3.19000, 2.64413, 1.12000, 1.00000, align = { -6.74000, -1.93802 }, },
				{ -0.00000, -0.71200, -0.00000, 0.00000, 0.71200, -0.00000, 0.00000, 0.00000, -0.00000, 0.00000, 0.71200, 0.00000, -7.36000, 4.26913, 1.38500, 1.00000, align = { -6.74000, -1.93802 }, },
				{ -0.00000, -0.71200, -0.00000, 0.00000, 0.71200, -0.00000, 0.00000, 0.00000, -0.00000, 0.00000, 0.71200, 0.00000, -7.36000, 7.02913, 1.38500, 1.00000, align = { -6.74000, -1.93802 }, },
				{ -0.00000, -0.71200, -0.00000, 0.00000, 0.71200, -0.00000, 0.00000, 0.00000, -0.00000, 0.00000, 0.71200, 0.00000, -7.36000, 9.78913, 1.38500, 1.00000, align = { -6.74000, -1.93802 }, },
				{ -0.00000, 0.71200, -0.00000, 0.00000, -0.71200, -0.00000, 0.00000, 0.00000, -0.00000, 0.00000, 0.71200, 0.00000, -1.74500, 7.02913, 1.38500, 1.00000, align = { -6.74000, -1.93802 }, },
				{ -0.00000, 0.71200, -0.00000, 0.00000, -0.71200, -0.00000, 0.00000, 0.00000, -0.00000, 0.00000, 0.71200, 0.00000, -1.74500, 4.26913, 1.38500, 1.00000, align = { -6.74000, -1.93802 }, },
			},
			["asset/ground/container_waste3_open.mdl"] = {
				{ -1.00000, 0.00000, -0.00000, 0.00000, -0.00000, -1.00000, 0.00000, 0.00000, -0.00000, 0.00000, 1.00000, 0.00000, 5.54230, 14.13226, 0.00000, 1.00000, },
			},
			["asset/industry/cardboard_box_01.mdl"] = {
				{ 0.28234, 0.95931, 0.00000, 0.00000, -0.95931, 0.28234, 0.00000, 0.00000, 0.00000, 0.00000, 1.00000, 0.00000, 2.10000, 15.39098, 0.00000, 1.00000, },
				{ -0.08716, 0.99619, -0.00000, 0.00000, -0.99619, -0.08716, 0.00000, 0.00000, -0.00000, 0.00000, 1.00000, 0.00000, 2.10000, 14.65098, 0.00000, 1.00000, },
				{ 0.99649, 0.08368, 0.00000, 0.00000, -0.08368, 0.99649, 0.00000, 0.00000, -0.00000, -0.00000, 1.00000, 0.00000, 4.10000, 13.99098, 0.00000, 1.00000, },
				{ -0.06279, -0.99803, -0.00000, 0.00000, 0.99803, -0.06279, 0.00000, 0.00000, -0.00000, 0.00000, 1.00000, 0.00000, 3.64000, 13.99098, 0.50000, 1.00000, },
				{ 0.99705, -0.07672, 0.00000, 0.00000, 0.07672, 0.99705, 0.00000, 0.00000, -0.00000, -0.00000, 1.00000, 0.00000, 3.44000, 14.11098, 0.00000, 1.00000, },
				{ 0.99756, 0.06976, 0.00000, 0.00000, -0.06976, 0.99756, 0.00000, 0.00000, -0.00000, -0.00000, 1.00000, 0.00000, 2.76000, 13.83099, 0.00000, 1.00000, },
				{ -0.08716, 0.99619, -0.00000, 0.00000, -0.29790, -0.02606, 0.95424, 0.00000, 0.95061, 0.08317, 0.29904, 0.00000, 2.55000, 14.97098, 0.41000, 1.00000, },
				{ 0.99973, 0.01383, 0.01875, 0.00000, -0.02092, 0.88705, 0.46119, 0.00000, -0.01026, -0.46146, 0.88710, 0.00000, 5.07240, 14.40793, 1.04465, 1.00000, },
			},
			["asset/industry/pallet_01.mdl"] = {
				{ 0.99978, -0.02094, 0.00000, 0.00000, 0.02094, 0.99978, 0.00000, 0.00000, 0.00000, 0.00000, 1.00000, 0.00000, -1.31000, 18.88197, 0.29500, 1.00000, },
				{ 0.98481, -0.17365, 0.00000, 0.00000, 0.17365, 0.98481, 0.00000, 0.00000, 0.00000, 0.00000, 1.00000, 0.00000, -1.31000, 18.88197, 0.14500, 1.00000, },
				{ 1.00000, 0.00000, 0.00000, 0.00000, 0.00000, 1.00000, 0.00000, 0.00000, 0.00000, 0.00000, 1.00000, 0.00000, -1.31000, 18.88197, 0.00000, 1.00000, },
			},
			["asset/industry/wooden_box_02.mdl"] = {
				{ 0.99322, -0.11627, 0.00000, 0.00000, 0.11627, 0.99322, 0.00000, 0.00000, 0.00000, 0.00000, 1.00000, 0.00000, -4.95743, 15.39166, 0.00000, 1.00000, },
				{ 0.99818, 0.06028, 0.00000, 0.00000, -0.06028, 0.99818, 0.00000, 0.00000, 0.00000, 0.00000, 1.00000, 0.00000, -3.03273, 15.27180, 0.00000, 1.00000, },
				{ 0.99818, 0.06028, 0.00000, 0.00000, -0.06028, 0.99818, 0.00000, 0.00000, 0.00000, 0.00000, 1.00000, 0.00000, -3.03273, 13.97180, 0.00000, 1.00000, },
				{ 0.99584, -0.09110, 0.00000, 0.00000, 0.09110, 0.99584, 0.00000, 0.00000, 0.00000, 0.00000, 1.00000, 0.00000, -3.03273, 13.97180, 0.91000, 1.00000, },
				{ 0.99715, 0.07538, 0.00000, 0.00000, -0.07538, 0.99715, 0.00000, 0.00000, 0.00000, 0.00000, 1.00000, 0.00000, -4.06743, 14.03166, 0.00000, 1.00000, },
				{ 0.99572, -0.09239, 0.00000, 0.00000, 0.09239, 0.99572, 0.00000, 0.00000, 0.00000, 0.00000, 1.00000, 0.00000, -4.06743, 14.03166, 0.91000, 1.00000, },
				{ 1.00000, 0.00000, 0.00000, 0.00000, 0.00000, 1.00000, 0.00000, 0.00000, 0.00000, 0.00000, 1.00000, 0.00000, -5.09305, 13.93896, 0.00000, 1.00000, },
				{ 0.99577, -0.09184, 0.00000, 0.00000, 0.09184, 0.99577, 0.00000, 0.00000, 0.00000, 0.00000, 1.00000, 0.00000, -5.09305, 13.93896, 0.91000, 1.00000, },
				{ 0.99918, 0.04049, 0.00000, 0.00000, -0.04049, 0.99918, 0.00000, 0.00000, 0.00000, 0.00000, 1.00000, 0.00000, -6.11527, 13.99420, 0.00000, 1.00000, },
				{ 0.99450, -0.10473, 0.00000, 0.00000, 0.10473, 0.99450, 0.00000, 0.00000, 0.00000, 0.00000, 1.00000, 0.00000, -6.11527, 13.99420, 0.91000, 1.00000, },
			},
			["asset/vegetation/hedge_m.mdl"] = {
				{ -0.00000, -0.75000, 0.00000, 0.00000, 0.75000, -0.00000, 0.00000, 0.00000, 0.00000, 0.00000, 0.75000, 0.00000, -0.66445, 3.50760, 0.00000, 1.00000, },
				{ -0.00000, 0.75000, 0.00000, 0.00000, -0.75000, -0.00000, 0.00000, 0.00000, 0.00000, 0.00000, 0.75000, 0.00000, 0.27555, 3.50760, 0.00000, 1.00000, },
			},
			["station/rail/asset/cargo_pallet_jack.mdl"] = {
				{ -0.04816, 1.14899, 0.00000, 0.00000, -1.14899, -0.04816, 0.00000, 0.00000, 0.00000, 0.00000, 1.15000, 0.00000, -0.00000, 20.79000, 0.00000, 1.00000, },
			},
		},
		groups = {
			["era_c_com_random_trash_container.grp"] = {
				{ 0.99998, 0.00698, -0.00000, 0.00000, -0.00698, 0.99998, 0.00000, 0.00000, 0.00000, -0.00000, 1.00000, 0.00000, -5.16770, 19.29065, 0.00000, 1.00000, },
			},
			["random_medium_tree_town.grp"] = {
				{ -0.86068, -0.50915, 0.00000, 0.00000, 0.50915, -0.86068, -0.00000, 0.00000, 0.00000, -0.00000, 1.00000, 0.00000, 3.75000, 22.00000, 0.00000, 1.00000, },
				{ -0.74370, 0.09702, 0.00000, 0.00000, -0.09702, -0.74370, -0.00000, 0.00000, 0.00000, -0.00000, 0.75000, 0.00000, 6.13734, 21.05000, 0.00000, 1.00000, },
			},
		},
	},
	["layout_2"] = {
		models = {
			["asset/commercial/all_eras/era_c_com_wall.mdl"] = {
				{ -1.00000, -0.00000, 0.00000, 0.00000, 0.00000, -1.00000, -0.00000, 0.00000, 0.00000, -0.00000, 1.00000, 0.00000, -0.16500, 2.84700, 0.00000, 1.00000, },
				{ -1.00000, -0.00000, 0.00000, 0.00000, 0.00000, -1.00000, -0.00000, 0.00000, 0.00000, -0.00000, 1.00000, 0.00000, -6.20000, 23.85000, 0.00000, 1.00000, },
				{ -1.00000, -0.00000, 0.00000, 0.00000, 0.00000, -1.00000, -0.00000, 0.00000, 0.00000, -0.00000, 1.00000, 0.00000, -3.19999, 23.85000, 0.00000, 1.00000, },
				{ -1.00000, -0.00000, 0.00000, 0.00000, 0.00000, -1.00000, -0.00000, 0.00000, 0.00000, -0.00000, 1.00000, 0.00000, -0.19999, 23.85000, 0.00000, 1.00000, },
				{ -1.00000, -0.00000, 0.00000, 0.00000, 0.00000, -1.00000, -0.00000, 0.00000, 0.00000, -0.00000, 1.00000, 0.00000, 2.80001, 23.85000, 0.00000, 1.00000, },
				{ -1.13500, -0.00000, 0.00000, 0.00000, 0.00000, -1.00000, -0.00000, 0.00000, 0.00000, -0.00000, 1.00000, 0.00000, 6.00001, 23.85000, 0.00000, 1.00000, },
				{ -0.00000, 1.00000, 0.00000, 0.00000, -1.00000, -0.00000, -0.00000, 0.00000, -0.00000, -0.00000, 1.00000, 0.00000, -7.84999, 22.50000, 0.00000, 1.00000, },
				{ -0.00000, 1.00000, 0.00000, 0.00000, -1.00000, -0.00000, -0.00000, 0.00000, -0.00000, -0.00000, 1.00000, 0.00000, 7.85001, 22.50000, 0.00000, 1.00000, },
				{ -0.00000, 1.00000, 0.00000, 0.00000, -1.00000, -0.00000, -0.00000, 0.00000, -0.00000, -0.00000, 1.00000, 0.00000, -7.84999, 19.50000, 0.00000, 1.00000, },
				{ -0.00000, 1.00000, 0.00000, 0.00000, -1.00000, -0.00000, -0.00000, 0.00000, -0.00000, -0.00000, 1.00000, 0.00000, 7.85001, 19.50000, 0.00000, 1.00000, },
				{ -0.00000, 1.00000, 0.00000, 0.00000, -1.00000, -0.00000, -0.00000, 0.00000, -0.00000, -0.00000, 1.00000, 0.00000, -7.84999, 16.50000, 0.00000, 1.00000, },
				{ -0.00000, 1.00000, 0.00000, 0.00000, -1.00000, -0.00000, -0.00000, 0.00000, -0.00000, -0.00000, 1.00000, 0.00000, 7.85001, 16.50000, 0.00000, 1.00000, },
				{ -0.00000, 1.00000, 0.00000, 0.00000, -1.00000, -0.00000, -0.00000, 0.00000, -0.00000, -0.00000, 1.00000, 0.00000, -7.84999, 13.50000, 0.00000, 1.00000, },
				{ -0.00000, 1.25987, 0.00000, 0.00000, -1.00000, -0.00000, -0.00000, 0.00000, -0.00000, -0.00000, 1.00000, 0.00000, 7.85001, 13.10500, 0.00000, 1.00000, },
				{ -0.00000, 1.00000, 0.00000, 0.00000, -1.00000, -0.00000, -0.00000, 0.00000, -0.00000, -0.00000, 1.00000, 0.00000, -7.84999, 10.50000, 0.00000, 1.00000, },
				{ -0.00000, 1.00000, 0.00000, 0.00000, -1.00000, -0.00000, -0.00000, 0.00000, -0.00000, -0.00000, 1.00000, 0.00000, -7.84999, 7.50000, 0.00000, 1.00000, },
				{ -0.00000, 1.14344, 0.00000, 0.00000, -1.00000, -0.00000, -0.00000, 0.00000, -0.00000, -0.00000, 1.00000, 0.00000, -7.84999, 4.28000, 0.00000, 1.00000, },
			},
			["asset/commercial/era_c/com_2_to_4_wall_awning_01_end.mdl"] = {
				{ 0.90500, 0.00000, 0.00000, 0.00000, 0.00000, 0.90500, -0.00000, 0.00000, -0.00000, 0.00000, 0.90500, 0.00000, -3.18500, 2.53000, 1.25000, 1.00000, align = { -6.74000, -1.93802 }, },
				{ 0.90500, 0.00000, 0.00000, 0.00000, 0.00000, 0.90500, -0.00000, 0.00000, -0.00000, 0.00000, 0.90500, 0.00000, 5.48500, 2.53000, 1.25000, 1.00000, align = { 1.95000, -1.93802 }, },
			},
			["asset/commercial/era_c/com_2_to_4_wall_awning_01_repeat.mdl"] = {
				{ 0.90500, 0.00000, 0.00000, 0.00000, 0.00000, 0.90500, -0.00000, 0.00000, -0.00000, 0.00000, 0.90500, 0.00000, -5.90000, 2.53000, 1.25000, 1.00000, align = { -6.74000, -1.93802 }, },
				{ 0.90500, 0.00000, 0.00000, 0.00000, 0.00000, 0.90500, -0.00000, 0.00000, -0.00000, 0.00000, 0.90500, 0.00000, -3.18500, 2.53000, 1.25000, 1.00000, align = { -6.74000, -1.93802 }, },
				{ 0.90500, 0.00000, 0.00000, 0.00000, 0.00000, 0.90500, -0.00000, 0.00000, -0.00000, 0.00000, 0.90500, 0.00000, 2.77000, 2.53000, 1.25000, 1.00000, align = { 1.95000, -1.93802 }, },
				{ 0.90500, 0.00000, 0.00000, 0.00000, 0.00000, 0.90500, -0.00000, 0.00000, -0.00000, 0.00000, 0.90500, 0.00000, 5.48500, 2.53000, 1.25000, 1.00000, align = { 1.95000, -1.93802 }, },
			},
			["asset/commercial/era_c/com_2_to_4_wall_awning_01_start.mdl"] = {
				{ 0.90500, 0.00000, 0.00000, 0.00000, 0.00000, 0.90500, -0.00000, 0.00000, -0.00000, 0.00000, 0.90500, 0.00000, -5.90000, 2.53000, 1.25000, 1.00000, align = { -6.74000, -1.93802 }, },
				{ 0.90500, 0.00000, 0.00000, 0.00000, 0.00000, 0.90500, -0.00000, 0.00000, -0.00000, 0.00000, 0.90500, 0.00000, 2.77000, 2.53000, 1.25000, 1.00000, align = { 1.95000, -1.93802 }, },
			},
			["asset/commercial/era_c/com_2_to_4_wall_sign_01.mdl"] = {
				{ -0.00000, -0.60517, 0.00000, 0.00000, 0.60517, -0.00000, 0.00000, 0.00000, 0.00000, 0.00000, 0.60517, 0.00000, 1.33500, 9.79000, 1.92226, 1.00000, align = { 1.95000, -1.93802 }, },
				{ -0.00000, -0.60517, 0.00000, 0.00000, 0.60517, -0.00000, 0.00000, 0.00000, 0.00000, 0.00000, 0.60517, 0.00000, 1.33500, 4.27000, 1.92226, 1.00000, align = { 1.95000, -1.93802 }, },
				{ 0.68686, 0.00000, 0.00000, 0.00000, 0.00000, 0.68686, 0.00000, 0.00000, 0.00000, 0.00000, 0.68686, 0.00000, 2.77500, 2.67500, 1.62226, 1.00000, align = { 1.95000, -1.93802 }, },
				{ 0.68686, 0.00000, 0.00000, 0.00000, 0.00000, 0.68686, 0.00000, 0.00000, 0.00000, 0.00000, 0.68686, 0.00000, 5.49500, 2.67500, 1.62226, 1.00000, align = { 1.95000, -1.93802 }, },
				{ 0.00000, 0.60517, 0.00000, 0.00000, -0.60517, 0.00000, 0.00000, 0.00000, 0.00000, 0.00000, 0.60517, 0.00000, 6.95500, 4.27000, 1.92226, 1.00000, align = { 1.95000, -1.93802 }, },
				{ -0.00000, -0.60517, 0.00000, 0.00000, 0.60517, -0.00000, 0.00000, 0.00000, 0.00000, 0.00000, 0.60517, 0.00000, 1.33500, 7.03000, 1.92226, 1.00000, align = { 1.95000, -1.93802 }, },
				{ 0.00000, 0.60517, 0.00000, 0.00000, -0.60517, 0.00000, 0.00000, 0.00000, 0.00000, 0.00000, 0.60517, 0.00000, 6.95500, 7.03000, 1.92226, 1.00000, align = { 1.95000, -1.93802 }, },
				{ 1.36169, 0.00000, 0.00000, 0.00000, 0.00000, 1.36169, 0.00000, 0.00000, 0.00000, 0.00000, 1.36169, 0.00000, 4.05000, 2.26000, 1.71726, 1.00000, align = { 1.95000, -1.93802 }, },
			},
			["asset/commercial/era_c/com_2_to_4_wall_sign_05_02.mdl"] = {
				{ -0.00000, -0.71200, 0.00000, 0.00000, 0.71200, -0.00000, 0.00000, 0.00000, 0.00000, 0.00000, 0.71200, 0.00000, -7.36000, 9.78913, 1.38500, 1.00000, align = { -6.74000, -1.93802 }, },
				{ -0.00000, -0.71200, 0.00000, 0.00000, 0.71200, -0.00000, 0.00000, 0.00000, 0.00000, 0.00000, 0.71200, 0.00000, -7.36000, 7.02913, 1.38500, 1.00000, align = { -6.74000, -1.93802 }, },
				{ -0.00000, -0.71200, 0.00000, 0.00000, 0.71200, -0.00000, 0.00000, 0.00000, 0.00000, 0.00000, 0.71200, 0.00000, -7.36000, 4.26913, 1.38500, 1.00000, align = { -6.74000, -1.93802 }, },
				{ 0.80000, 0.00000, 0.00000, 0.00000, 0.00000, 0.80000, 0.00000, 0.00000, 0.00000, 0.00000, 0.80000, 0.00000, -5.91000, 2.64413, 1.12000, 1.00000, align = { -6.74000, -1.93802 }, },
				{ -0.00000, 0.71200, 0.00000, 0.00000, -0.71200, -0.00000, 0.00000, 0.00000, 0.00000, 0.00000, 0.71200, 0.00000, -1.74500, 4.26913, 1.38500, 1.00000, align = { -6.74000, -1.93802 }, },
				{ -0.00000, 0.71200, 0.00000, 0.00000, -0.71200, -0.00000, 0.00000, 0.00000, 0.00000, 0.00000, 0.71200, 0.00000, -1.74500, 7.02913, 1.38500, 1.00000, align = { -6.74000, -1.93802 }, },
				{ 0.80000, 0.00000, 0.00000, 0.00000, 0.00000, 0.80000, 0.00000, 0.00000, 0.00000, 0.00000, 0.80000, 0.00000, -3.19000, 2.64413, 1.12000, 1.00000, align = { -6.74000, -1.93802 }, },
				{ 1.80400, 0.00000, 0.00000, 0.00000, 0.00000, 1.73923, -0.47906, 0.00000, 0.00000, 0.47906, 1.73923, 0.00000, -4.61000, 1.10413, -0.04000, 1.00000, align = { -6.74000, -1.93802 }, },
			},
			["asset/ground/container_waste3_open.mdl"] = {
				{ -1.00000, 0.00000, -0.00000, 0.00000, -0.00000, -1.00000, 0.00000, 0.00000, -0.00000, 0.00000, 1.00000, 0.00000, -3.35770, 14.13226, 0.00000, 1.00000, },
			},
			["asset/industry/cardboard_box_01.mdl"] = {
				{ 0.28234, 0.95931, 0.00000, 0.00000, -0.95931, 0.28234, 0.00000, 0.00000, 0.00000, 0.00000, 1.00000, 0.00000, -6.80000, 15.39098, 0.00000, 1.00000, },
				{ -0.08716, 0.99619, -0.00000, 0.00000, -0.99619, -0.08716, 0.00000, 0.00000, -0.00000, 0.00000, 1.00000, 0.00000, -6.80000, 14.65098, 0.00000, 1.00000, },
				{ 0.99649, 0.08368, 0.00000, 0.00000, -0.08368, 0.99649, 0.00000, 0.00000, -0.00000, -0.00000, 1.00000, 0.00000, -4.80000, 13.99098, 0.00000, 1.00000, },
				{ -0.06279, -0.99803, -0.00000, 0.00000, 0.99803, -0.06279, 0.00000, 0.00000, -0.00000, 0.00000, 1.00000, 0.00000, -5.26000, 13.99098, 0.50000, 1.00000, },
				{ 0.99705, -0.07672, 0.00000, 0.00000, 0.07672, 0.99705, 0.00000, 0.00000, -0.00000, -0.00000, 1.00000, 0.00000, -5.46000, 14.11098, 0.00000, 1.00000, },
				{ 0.99756, 0.06976, 0.00000, 0.00000, -0.06976, 0.99756, 0.00000, 0.00000, -0.00000, -0.00000, 1.00000, 0.00000, -6.14000, 13.83099, 0.00000, 1.00000, },
				{ -0.08716, 0.99619, -0.00000, 0.00000, -0.29790, -0.02606, 0.95424, 0.00000, 0.95061, 0.08317, 0.29904, 0.00000, -6.35000, 14.97098, 0.41000, 1.00000, },
				{ 0.99973, 0.01383, 0.01875, 0.00000, -0.02092, 0.88705, 0.46119, 0.00000, -0.01026, -0.46146, 0.88710, 0.00000, -3.82760, 14.40793, 1.04465, 1.00000, },
			},
			["asset/industry/pallet_01.mdl"] = {
				{ 0.99978, -0.02094, 0.00000, 0.00000, 0.02094, 0.99978, 0.00000, 0.00000, 0.00000, 0.00000, 1.00000, 0.00000, 6.05000, 14.38197, 0.29500, 1.00000, },
				{ 0.98481, -0.17365, 0.00000, 0.00000, 0.17365, 0.98481, 0.00000, 0.00000, 0.00000, 0.00000, 1.00000, 0.00000, 6.05000, 14.38197, 0.14500, 1.00000, },
				{ 1.00000, 0.00000, 0.00000, 0.00000, 0.00000, 1.00000, 0.00000, 0.00000, 0.00000, 0.00000, 1.00000, 0.00000, 6.05000, 14.38197, 0.00000, 1.00000, },
				{ 1.00000, 0.00000, 0.00000, 0.00000, 0.00000, 0.52101, -0.85355, 0.00000, 0.00000, 0.85355, 0.52101, 0.00000, 4.46000, 13.45197, 0.50000, 1.00000, },
			},
			["asset/industry/wooden_box_02.mdl"] = {
				{ 0.99322, -0.11627, 0.00000, 0.00000, 0.11627, 0.99322, 0.00000, 0.00000, 0.00000, 0.00000, 1.00000, 0.00000, 5.10257, 17.66166, 0.00000, 1.00000, },
				{ 0.99818, 0.06028, 0.00000, 0.00000, -0.06028, 0.99818, 0.00000, 0.00000, 0.00000, 0.00000, 1.00000, 0.00000, 6.38727, 17.35180, 0.00000, 1.00000, },
				{ 0.99818, 0.06028, 0.00000, 0.00000, -0.06028, 0.99818, 0.00000, 0.00000, 0.00000, 0.00000, 1.00000, 0.00000, 6.38727, 16.05180, 0.00000, 1.00000, },
				{ 0.99715, 0.07538, 0.00000, 0.00000, -0.07538, 0.99715, 0.00000, 0.00000, 0.00000, 0.00000, 1.00000, 0.00000, 5.35257, 16.11166, 0.00000, 1.00000, },
				{ 1.00000, 0.00000, 0.00000, 0.00000, 0.00000, 1.00000, 0.00000, 0.00000, 0.00000, 0.00000, 1.00000, 0.00000, 4.32695, 16.01896, 0.00000, 1.00000, },
				{ 0.99918, 0.04049, 0.00000, 0.00000, -0.04049, 0.99918, 0.00000, 0.00000, 0.00000, 0.00000, 1.00000, 0.00000, 3.30473, 16.07420, 0.00000, 1.00000, },
			},
			["asset/vegetation/hedge_m.mdl"] = {
				{ -0.00000, -0.75000, 0.00000, 0.00000, 0.75000, -0.00000, 0.00000, 0.00000, 0.00000, 0.00000, 0.75000, 0.00000, -0.66445, 3.50760, 0.00000, 1.00000, },
				{ -0.00000, 0.75000, 0.00000, 0.00000, -0.75000, -0.00000, 0.00000, 0.00000, 0.00000, 0.00000, 0.75000, 0.00000, 0.27555, 3.50760, 0.00000, 1.00000, },
			},
			["station/rail/asset/cargo_pallet_jack.mdl"] = {
				{ 1.10545, 0.31698, 0.00000, 0.00000, -0.31698, 1.10545, 0.00000, 0.00000, 0.00000, 0.00000, 1.15000, 0.00000, 3.60000, 14.35000, 0.00000, 1.00000, },
			},
			["station/rail/asset/era_c_street_pillar.mdl"] = {
				{ -1.00000, -0.00000, -0.00000, 0.00000, 0.00000, -1.00000, 0.00000, 0.00000, -0.00000, 0.00000, 1.00000, 0.00000, -8.00000, 0.18000, 0.00000, 1.00000, },
				{ 1.00000, 0.00000, 0.00000, 0.00000, -0.00000, 1.00000, 0.00000, 0.00000, 0.00000, 0.00000, 1.00000, 0.00000, -6.00000, 0.18000, 0.00000, 1.00000, },
				{ -1.00000, -0.00000, -0.00000, 0.00000, 0.00000, -1.00000, 0.00000, 0.00000, -0.00000, 0.00000, 1.00000, 0.00000, -4.00000, 0.18000, 0.00000, 1.00000, },
				{ 1.00000, 0.00000, 0.00000, 0.00000, -0.00000, 1.00000, 0.00000, 0.00000, 0.00000, 0.00000, 1.00000, 0.00000, -2.00000, 0.18000, 0.00000, 1.00000, },
				{ -1.00000, -0.00000, -0.00000, 0.00000, 0.00000, -1.00000, 0.00000, 0.00000, -0.00000, 0.00000, 1.00000, 0.00000, 0.00000, 0.18000, 0.00000, 1.00000, },
				{ 1.00000, 0.00000, 0.00000, 0.00000, -0.00000, 1.00000, 0.00000, 0.00000, 0.00000, 0.00000, 1.00000, 0.00000, 2.00000, 0.18000, 0.00000, 1.00000, },
				{ -1.00000, -0.00000, -0.00000, 0.00000, 0.00000, -1.00000, 0.00000, 0.00000, -0.00000, 0.00000, 1.00000, 0.00000, 4.00000, 0.18000, 0.00000, 1.00000, },
				{ 1.00000, 0.00000, 0.00000, 0.00000, -0.00000, 1.00000, 0.00000, 0.00000, 0.00000, 0.00000, 1.00000, 0.00000, 6.00000, 0.18000, 0.00000, 1.00000, },
				{ -1.00000, -0.00000, -0.00000, 0.00000, 0.00000, -1.00000, 0.00000, 0.00000, -0.00000, 0.00000, 1.00000, 0.00000, 8.00000, 0.18000, 0.00000, 1.00000, },
			},
		},
		groups = {
			["era_c_com_random_trash_container.grp"] = {
				{ 0.00698, 0.99998, -0.00000, 0.00000, -0.99998, 0.00698, 0.00000, 0.00000, 0.00000, 0.00000, 1.00000, 0.00000, -6.72770, 17.21065, 0.00000, 1.00000, },
			},
			["random_large_tree_town.grp"] = {
				{ 0.90183, -0.43209, 0.00000, 0.00000, 0.43209, 0.90183, 0.00000, 0.00000, 0.00000, 0.00000, 1.00000, 0.00000, 4.80000, 21.45000, 0.00000, 1.00000, },
			},
		},
	},
}
--End Generated

function data()
	return townbuildingutil.make_building2(
		{ { -4.60, -0.10 }, { 4.60, -0.10 }, { 4.60, 9.10 }, { -4.60, 9.10 } },
		"COMMERCIAL", 
		"C", 
		1,
		{ 2, 3 },
		generatedData,
		"construction/building/era_c/com_1_2x3_02.gtex"
	)
end
