local townbuildingutil = require "townbuildingutil"

--Model file: "building/era_c/com_1_2x2_04.mdl"

--Begin Generated
local generatedData = {
	["base"] = {
		models = {
			["building/era_c/com_1_2x2_04.mdl"] = {
				{ 1.00000, 0.00000, 0.00000, 0.00000, 0.00000, 1.00000, 0.00000, 0.00000, 0.00000, 0.00000, 1.00000, 0.00000, 8.90750, 0.81903, 0.00000, 1.00000, },
			},
		},
		curves = {
			["scaffold"] = {
				{ { 16.40100, 3.14103, 0.00000 }, { 16.40100, 3.14104, 0.00000 }, { 16.35645, 16.07227, 0.00000 }, { 16.35645, 16.07227, 0.00000 }, { 16.35645, 16.07227, 0.00000 }, { 10.07770, 16.07233, 0.00000 }, { 10.07770, 16.07233, 0.00000 }, { 10.07770, 16.07233, 0.00000 }, { 10.07770, 15.36309, 0.00000 }, { 10.07770, 15.36309, 0.00000 }, { 10.07770, 15.36309, 0.00000 }, { 2.02740, 15.36309, 0.00000 }, { 2.02740, 15.36309, 0.00000 }, { 2.02740, 15.36309, 0.00000 }, { 2.02740, 10.18033, 0.00000 }, { 2.02740, 10.18032, 0.00000 }, { 2.02740, 10.18032, 0.00000 }, { 5.18738, 10.18032, 0.00000 }, { 5.18738, 10.18032, 0.00000 }, { 5.18738, 10.18033, 0.00000 }, { 5.18738, 12.20303, 0.00000 }, { 5.18738, 12.20303, 0.00000 }, { 5.18738, 12.20303, 0.00000 }, { 10.07770, 12.20303, 0.00000 }, { 10.07770, 12.20303, 0.00000 }, { 10.07770, 12.20303, 0.00000 }, { 10.08319, 3.14104, 0.00000 }, { 10.08319, 3.14103, 0.00000 }, },
			},
			["shared/asphalt_01.gtex.lua;shared/dirt.gtex.lua"] = {
				{ { 14.27502, 16.87500, 0.00000 }, { 14.27502, 16.87500, 0.00000 }, { 14.27502, 24.20000, 0.00000 }, { 14.27502, 24.20000, 0.00000 }, { 14.27502, 24.20000, 0.00000 }, { 0.30005, 24.20000, 0.00000 }, { 0.30005, 24.20000, 0.00000 }, { 0.30005, 24.20000, 0.00000 }, { 0.30005, 16.87500, 0.00000 }, { 0.30005, 16.87500, 0.00000 }, },
				{ { -11.54993, 3.51250, 0.00000 }, { -11.54993, 3.51250, 0.00000 }, { -11.54993, 26.60000, 0.00000 }, { -11.54993, 26.60000, 0.00000 }, { -11.54993, 26.60000, 0.00000 }, { -0.79999, 26.60000, 0.00000 }, { -0.79999, 26.60000, 0.00000 }, { -0.79999, 26.60000, 0.00000 }, { -0.79999, 32.00000, 0.00000 }, { -0.79999, 32.00000, 0.00000 }, { -0.79999, 32.00000, 0.00000 }, { -16.00000, 32.00000, 0.00000 }, { -16.00000, 32.00000, 0.00000 }, { -16.00000, 32.00000, 0.00000 }, { -16.00000, 3.51250, 0.00000 }, { -16.00000, 3.51250, 0.00000 }, },
				{ { -1.90002, 3.51250, 0.00000 }, { -1.90002, 3.51250, 0.00000 }, { -1.90002, 22.20000, 0.00000 }, { -1.90002, 22.20000, 0.00000 }, { -1.90002, 22.20000, 0.00000 }, { -9.62500, 22.20000, 0.00000 }, { -9.62500, 22.20000, 0.00000 }, { -9.62500, 22.20000, 0.00000 }, { -9.62500, 3.51250, 0.00000 }, { -9.62500, 3.51250, 0.00000 }, },
			},
			["shared/asphalt_02.gtex.lua;shared/dirt.gtex.lua"] = {
				{ { 2.12500, 0.00000, 0.00000 }, { 2.12500, 0.00000, 0.00000 }, { 2.12500, 3.51250, 0.00000 }, { 2.12500, 3.51250, 0.00000 }, { 2.12500, 3.51250, 0.00000 }, { -16.00000, 3.51250, 0.00000 }, { -16.00000, 3.51250, 0.00000 }, { -16.00000, 3.51250, 0.00000 }, { -16.00000, 0.00000, 0.00000 }, { -16.00000, 0.00000, 0.00000 }, },
				{ { 10.51251, 0.00000, 0.00000 }, { 10.51251, 0.00000, 0.00000 }, { 10.51251, 3.51250, 0.00000 }, { 10.51251, 3.51250, 0.00000 }, { 10.51251, 3.51250, 0.00000 }, { 2.12500, 3.51250, 0.00000 }, { 2.12500, 3.51250, 0.00000 }, { 2.12500, 3.51250, 0.00000 }, { 2.12500, 0.00000, 0.00000 }, { 2.12500, 0.00000, 0.00000 }, },
				{ { 16.00000, 16.87500, 0.00000 }, { 16.00000, 16.87500, 0.00000 }, { 16.00000, 26.60000, 0.00000 }, { 16.00000, 26.60000, 0.00000 }, { 16.00000, 26.60000, 0.00000 }, { -11.54992, 26.60000, 0.00000 }, { -11.54993, 26.60000, 0.00000 }, { -11.54993, 26.60000, 0.00000 }, { -11.54993, 3.51250, 0.00000 }, { -11.54993, 3.51250, 0.00000 }, { -11.54993, 3.51250, 0.00000 }, { -9.62500, 3.51250, 0.00000 }, { -9.62500, 3.51250, 0.00000 }, { -9.62500, 3.51250, 0.00000 }, { -9.62500, 22.19999, 0.00000 }, { -9.62500, 22.20000, 0.00000 }, { -9.62500, 22.20000, 0.00000 }, { -1.90003, 22.20000, 0.00000 }, { -1.90002, 22.20000, 0.00000 }, { -1.90002, 22.20000, 0.00000 }, { -1.90002, 16.87500, 0.00000 }, { -1.90002, 16.87500, 0.00000 }, { -1.90002, 16.87500, 0.00000 }, { 0.30005, 16.87500, 0.00000 }, { 0.30005, 16.87500, 0.00000 }, { 0.30005, 16.87500, 0.00000 }, { 0.30005, 24.20000, 0.00000 }, { 0.30005, 24.20000, 0.00000 }, { 0.30005, 24.20000, 0.00000 }, { 14.27502, 24.20000, 0.00000 }, { 14.27502, 24.20000, 0.00000 }, { 14.27502, 24.20000, 0.00000 }, { 14.27502, 16.87500, 0.00000 }, { 14.27502, 16.87500, 0.00000 }, },
				{ { 16.00000, 0.00000, 0.00000 }, { 16.00000, 0.00000, 0.00000 }, { 16.00000, 16.87500, 0.00000 }, { 16.00000, 16.87500, 0.00000 }, { 16.00000, 16.87500, 0.00000 }, { -1.90002, 16.87500, 0.00000 }, { -1.90002, 16.87500, 0.00000 }, { -1.90002, 16.87500, 0.00000 }, { -1.90002, 3.51250, 0.00000 }, { -1.90002, 3.51250, 0.00000 }, { -1.90002, 3.51250, 0.00000 }, { 2.12500, 3.51250, 0.00000 }, { 2.12500, 3.51250, 0.00000 }, { 2.12500, 3.51250, 0.00000 }, { 2.12500, 10.25000, 0.00000 }, { 2.12500, 10.25000, 0.00000 }, { 2.12500, 10.25000, 0.00000 }, { 5.07495, 10.25000, 0.00000 }, { 5.07495, 10.25000, 0.00000 }, { 5.07495, 10.25000, 0.00000 }, { 5.07495, 12.52500, 0.00000 }, { 5.07495, 12.52500, 0.00000 }, { 5.07495, 12.52500, 0.00000 }, { 10.51251, 12.52500, 0.00000 }, { 10.51251, 12.52500, 0.00000 }, { 10.51251, 12.52500, 0.00000 }, { 10.51251, 0.00000, 0.00000 }, { 10.51251, 0.00000, 0.00000 }, },
			},
			["shared/asphalt_03.gtex.lua;shared/dirt.gtex.lua"] = {
				{ { 16.00000, 26.60000, 0.00000 }, { 16.00000, 26.60000, 0.00000 }, { 16.00000, 32.00000, 0.00000 }, { 16.00000, 32.00000, 0.00000 }, { 16.00000, 32.00000, 0.00000 }, { -0.79998, 32.00000, 0.00000 }, { -0.79999, 32.00000, 0.00000 }, { -0.79999, 32.00000, 0.00000 }, { -0.79999, 26.60000, 0.00000 }, { -0.79999, 26.60000, 0.00000 }, },
			},
			["shared/grass_cutted_01.gtex.lua"] = {
				{ { 10.51251, 3.51250, 0.00000 }, { 10.51251, 3.51250, 0.00000 }, { 10.51251, 12.52500, 0.00000 }, { 10.51251, 12.52500, 0.00000 }, { 10.51251, 12.52500, 0.00000 }, { 5.07495, 12.52500, 0.00000 }, { 5.07495, 12.52500, 0.00000 }, { 5.07495, 12.52500, 0.00000 }, { 5.07495, 10.25000, 0.00000 }, { 5.07495, 10.25000, 0.00000 }, { 5.07495, 10.25000, 0.00000 }, { 2.12500, 10.25000, 0.00000 }, { 2.12500, 10.25000, 0.00000 }, { 2.12500, 10.25000, 0.00000 }, { 2.12500, 3.51250, 0.00000 }, { 2.12500, 3.51250, 0.00000 }, },
			},
		},
	},
	["layout_1"] = {
		models = {
			["asset/commercial/all_eras/era_c_com_wall.mdl"] = {
				{ -0.00000, 1.00000, 0.00000, 0.00000, -1.00000, -0.00000, -0.00000, 0.00000, -0.00000, -0.00000, 1.00000, 0.00000, 15.85002, 28.35500, 0.00000, 1.00000, },
				{ -0.00000, 0.71400, 0.00000, 0.00000, -1.00000, -0.00000, -0.00000, 0.00000, -0.00000, -0.00000, 1.00000, 0.00000, 15.85002, 30.93000, 0.00000, 1.00000, },
				{ -0.00000, 1.00000, 0.00000, 0.00000, -1.00000, -0.00000, -0.00000, 0.00000, -0.00000, -0.00000, 1.00000, 0.00000, 15.85002, 19.35500, 0.00000, 1.00000, },
				{ -0.00000, 1.00000, 0.00000, 0.00000, -1.00000, -0.00000, -0.00000, 0.00000, -0.00000, -0.00000, 1.00000, 0.00000, 15.85002, 25.35500, 0.00000, 1.00000, },
				{ -0.00000, 1.00000, 0.00000, 0.00000, -1.00000, -0.00000, -0.00000, 0.00000, -0.00000, -0.00000, 1.00000, 0.00000, 15.85002, 16.34500, 0.00000, 1.00000, },
				{ 0.00000, -1.00000, 0.00000, 0.00000, 1.00000, 0.00000, -0.00000, 0.00000, 0.00000, 0.00000, 1.00000, 0.00000, 15.85002, 22.35500, 0.00000, 1.00000, },
				{ -0.00000, 1.00000, 0.00000, 0.00000, -1.00000, -0.00000, -0.00000, 0.00000, -0.00000, -0.00000, 1.00000, 0.00000, -0.53998, 28.35500, 0.00000, 1.00000, },
				{ -0.00000, 0.71206, 0.00000, 0.00000, -1.00000, -0.00000, -0.00000, 0.00000, -0.00000, -0.00000, 1.00000, 0.00000, -0.53998, 30.92500, 0.00000, 1.00000, },
				{ -0.00000, 1.00000, 0.00000, 0.00000, -1.00000, -0.00000, -0.00000, 0.00000, -0.00000, -0.00000, 1.00000, 0.00000, -15.84997, 1.50000, 0.00000, 1.00000, },
				{ -0.00000, 1.00000, 0.00000, 0.00000, -1.00000, -0.00000, -0.00000, 0.00000, -0.00000, -0.00000, 1.00000, 0.00000, -15.84998, 28.51000, 0.00000, 1.00000, },
				{ -0.00000, 0.66093, 0.00000, 0.00000, -1.00000, -0.00000, -0.00000, 0.00000, -0.00000, -0.00000, 1.00000, 0.00000, -15.84998, 31.00500, 0.00000, 1.00000, },
				{ -0.00000, 1.00000, 0.00000, 0.00000, -1.00000, -0.00000, -0.00000, 0.00000, -0.00000, -0.00000, 1.00000, 0.00000, -15.84998, 19.51000, 0.00000, 1.00000, },
				{ -0.00000, 1.00000, 0.00000, 0.00000, -1.00000, -0.00000, -0.00000, 0.00000, -0.00000, -0.00000, 1.00000, 0.00000, -15.84998, 25.51000, 0.00000, 1.00000, },
				{ -0.00000, 1.00000, 0.00000, 0.00000, -1.00000, -0.00000, -0.00000, 0.00000, -0.00000, -0.00000, 1.00000, 0.00000, -15.84997, 4.50000, 0.00000, 1.00000, },
				{ -0.00000, 1.00000, 0.00000, 0.00000, -1.00000, -0.00000, -0.00000, 0.00000, -0.00000, -0.00000, 1.00000, 0.00000, -15.84997, 7.50000, 0.00000, 1.00000, },
				{ -0.00000, 1.00000, 0.00000, 0.00000, -1.00000, -0.00000, -0.00000, 0.00000, -0.00000, -0.00000, 1.00000, 0.00000, -15.84998, 10.50000, 0.00000, 1.00000, },
				{ -0.00000, 1.00000, 0.00000, 0.00000, -1.00000, -0.00000, -0.00000, 0.00000, -0.00000, -0.00000, 1.00000, 0.00000, -15.84998, 16.50000, 0.00000, 1.00000, },
				{ 0.00000, -1.00000, 0.00000, 0.00000, 1.00000, 0.00000, -0.00000, 0.00000, 0.00000, 0.00000, 1.00000, 0.00000, -15.84998, 13.50000, 0.00000, 1.00000, },
				{ 0.00000, -1.00000, 0.00000, 0.00000, 1.00000, 0.00000, -0.00000, 0.00000, 0.00000, 0.00000, 1.00000, 0.00000, -15.84998, 22.51000, 0.00000, 1.00000, },
				{ 1.00000, 0.00000, 0.00000, 0.00000, -0.00000, 1.00000, -0.00000, 0.00000, -0.00000, 0.00000, 1.00000, 0.00000, 9.91003, 26.70500, 0.00000, 1.00000, },
				{ 1.00000, 0.00000, 0.00000, 0.00000, -0.00000, 1.00000, -0.00000, 0.00000, -0.00000, 0.00000, 1.00000, 0.00000, -14.19997, 31.85000, 0.00000, 1.00000, },
				{ -1.43212, -0.00000, 0.00000, 0.00000, 0.00000, -1.00000, -0.00000, 0.00000, 0.00000, -0.00000, 1.00000, 0.00000, 13.56003, 26.70500, 0.00000, 1.00000, },
				{ -1.00000, -0.00000, 0.00000, 0.00000, 0.00000, -1.00000, -0.00000, 0.00000, 0.00000, -0.00000, 1.00000, 0.00000, -11.19995, 31.85000, 0.00000, 1.00000, },
				{ 1.00000, 0.00000, 0.00000, 0.00000, -0.00000, 1.00000, -0.00000, 0.00000, -0.00000, 0.00000, 1.00000, 0.00000, -8.19995, 31.85000, 0.00000, 1.00000, },
				{ -1.00000, -0.00000, 0.00000, 0.00000, 0.00000, -1.00000, -0.00000, 0.00000, 0.00000, -0.00000, 1.00000, 0.00000, -5.19995, 31.85000, 0.00000, 1.00000, },
				{ 1.00000, 0.00000, 0.00000, 0.00000, -0.00000, 1.00000, -0.00000, 0.00000, -0.00000, 0.00000, 1.00000, 0.00000, -2.19995, 31.85000, 0.00000, 1.00000, },
				{ -1.00000, -0.00000, 0.00000, 0.00000, 0.00000, -1.00000, -0.00000, 0.00000, 0.00000, -0.00000, 1.00000, 0.00000, 6.91003, 26.70500, 0.00000, 1.00000, },
				{ 1.00000, 0.00000, 0.00000, 0.00000, -0.00000, 1.00000, -0.00000, 0.00000, -0.00000, 0.00000, 1.00000, 0.00000, 3.91003, 26.70500, 0.00000, 1.00000, },
				{ -1.00000, -0.00000, 0.00000, 0.00000, 0.00000, -1.00000, -0.00000, 0.00000, 0.00000, -0.00000, 1.00000, 0.00000, 0.91003, 26.70500, 0.00000, 1.00000, },
			},
			["asset/commercial/era_c/com_2_to_4_ground_chair_01.mdl"] = {
				{ 0.99924, -0.03888, -0.00000, 0.00000, 0.03888, 0.99924, 0.00000, 0.00000, -0.00000, -0.00000, 1.00000, 0.00000, -13.08769, 26.21320, 0.00000, 1.00000, },
				{ 0.99744, -0.07149, -0.00000, 0.00000, 0.07149, 0.99744, 0.00000, 0.00000, -0.00000, -0.00000, 1.00000, 0.00000, -13.08769, 26.91320, 0.00000, 1.00000, },
				{ 0.99866, 0.05183, 0.00000, 0.00000, -0.05183, 0.99866, 0.00000, 0.00000, -0.00000, -0.00000, 1.00000, 0.00000, -13.08769, 27.65320, 0.00000, 1.00000, },
				{ 0.99620, -0.08709, -0.00000, 0.00000, 0.08709, 0.99620, 0.00000, 0.00000, -0.00000, -0.00000, 1.00000, 0.00000, -13.08769, 28.41320, 0.00000, 1.00000, },
				{ 0.99774, -0.06717, -0.00000, 0.00000, 0.06717, 0.99774, 0.00000, 0.00000, -0.00000, -0.00000, 1.00000, 0.00000, -13.80769, 26.21320, 0.00000, 1.00000, },
				{ 0.99848, 0.05510, 0.00000, 0.00000, -0.05510, 0.99848, -0.00000, 0.00000, -0.00000, 0.00000, 1.00000, 0.00000, -14.60769, 26.21320, 0.00000, 1.00000, },
				{ 1.00000, -0.00000, 0.00000, 0.00000, 0.00000, 1.00000, -0.00000, 0.00000, -0.00000, 0.00000, 1.00000, 0.00000, -13.80769, 28.41320, 0.00000, 1.00000, },
				{ 0.98823, 0.15299, 0.00000, 0.00000, -0.15299, 0.98823, -0.00000, 0.00000, -0.00000, 0.00000, 1.00000, 0.00000, -14.60769, 29.39320, 0.00000, 1.00000, },
				{ 0.99872, -0.05060, -0.00000, 0.00000, 0.05060, 0.99872, 0.00000, 0.00000, -0.00000, -0.00000, 1.00000, 0.00000, -14.60769, 28.41320, 0.00000, 1.00000, },
				{ 0.99405, 0.10891, 0.00000, 0.00000, -0.10891, 0.99405, -0.00000, 0.00000, -0.00000, 0.00000, 1.00000, 0.00000, -14.60769, 27.65320, 0.00000, 1.00000, },
				{ 0.99444, -0.10534, -0.00000, 0.00000, 0.10534, 0.99444, 0.00000, 0.00000, -0.00000, -0.00000, 1.00000, 0.00000, -14.60769, 26.91320, 0.00000, 1.00000, },
				{ 0.99745, 0.07133, 0.00000, 0.00000, -0.07133, 0.99745, 0.00000, 0.00000, 0.00000, -0.00000, 1.00000, 0.00000, -13.80769, 26.91320, 0.00000, 1.00000, },
				{ 0.99661, -0.08229, -0.00000, 0.00000, 0.08229, 0.99661, 0.00000, 0.00000, -0.00000, -0.00000, 1.00000, 0.00000, -13.80769, 27.65320, 0.00000, 1.00000, },
				{ 0.99705, -0.07672, 0.00000, 0.00000, 0.07672, 0.99705, 0.00000, 0.00000, -0.00000, -0.00000, 1.00000, 0.00000, 3.41392, 8.67784, 0.00000, 1.00000, },
				{ 0.99297, 0.11840, 0.00000, 0.00000, -0.11840, 0.99297, 0.00000, 0.00000, -0.00000, -0.00000, 1.00000, 0.00000, 3.48158, 7.71020, -0.00000, 1.00000, },
				{ -0.99122, -0.13226, -0.00000, 0.00000, 0.13226, -0.99122, 0.00000, 0.00000, -0.00000, 0.00000, 1.00000, 0.00000, 4.66087, 8.76503, 0.00000, 1.00000, },
				{ -0.99961, -0.02792, -0.00000, 0.00000, 0.02792, -0.99961, 0.00000, 0.00000, -0.00000, 0.00000, 1.00000, 0.00000, 4.72226, 7.88718, 0.00000, 1.00000, },
			},
			["asset/commercial/era_c/com_2_to_4_ground_sun_shade_01.mdl"] = {
				{ 0.99756, 0.06976, 0.00000, 0.00000, -0.06976, 0.99756, 0.00000, 0.00000, 0.00000, 0.00000, 1.00000, 0.00000, 4.06757, 8.18077, 0.00000, 1.00000, },
				{ 1.00000, 0.00000, 0.00000, 0.00000, 0.00000, 1.00000, 0.00000, 0.00000, 0.00000, 0.00000, 1.00000, 0.00000, -4.34500, 20.61816, 0.00000, 1.00000, },
			},
			["asset/commercial/era_c/com_2_to_4_ground_table_01.mdl"] = {
				{ 0.99996, 0.00873, 0.00000, 0.00000, -0.00873, 0.99996, 0.00000, 0.00000, 0.00000, 0.00000, 1.00000, 0.00000, -4.37619, 6.31935, 0.00000, 1.00000, },
				{ 0.99756, 0.06976, 0.00000, 0.00000, -0.06976, 0.99756, 0.00000, 0.00000, 0.00000, 0.00000, 1.00000, 0.00000, 4.06892, 8.19896, 0.00000, 1.00000, },
			},
			["asset/commercial/era_c/com_2_to_4_wall_awning_02_end_02.mdl"] = {
				{ -0.00000, -1.07000, 0.00000, 0.00000, 1.07000, -0.00000, 0.00000, 0.00000, 0.00000, 0.00000, 1.07000, 0.00000, 2.11000, 12.77000, 0.00000, 1.00000, align = { 8.90750, 0.81903 }, },
				{ 1.07000, 0.00000, 0.00000, 0.00000, 0.00000, 1.07000, 0.00000, 0.00000, 0.00000, 0.00000, 1.07000, 0.00000, 13.22000, 3.46000, 0.00000, 1.00000, align = { 8.90750, 0.81903 }, },
				{ 1.07000, 0.00000, 0.00000, 0.00000, -0.00000, 1.07000, 0.00000, 0.00000, -0.00000, -0.00000, 1.07000, 0.00000, 12.06000, 20.44000, 0.00000, 1.00000, },
				{ 1.02720, 0.00000, 0.00000, 0.00000, -0.00000, 1.02720, 0.00000, 0.00000, -0.00000, -0.00000, 1.02720, 0.00000, 5.32000, 20.44000, 0.00000, 1.00000, },
				{ -1.07000, 0.00000, 0.00000, 0.00000, -0.00000, -1.07000, -0.00000, 0.00000, -0.00000, -0.00000, 1.07000, 0.00000, 2.42000, 20.44000, 0.00000, 1.00000, },
			},
			["asset/commercial/era_c/com_2_to_4_wall_awning_02_repeat_02.mdl"] = {
				{ -0.00000, -1.07000, 0.00000, 0.00000, 1.07000, -0.00000, 0.00000, 0.00000, 0.00000, 0.00000, 1.07000, 0.00000, 2.11000, 12.77000, 0.00000, 1.00000, align = { 8.90750, 0.81903 }, },
				{ 1.07000, 0.00000, 0.00000, 0.00000, 0.00000, 1.07000, 0.00000, 0.00000, 0.00000, 0.00000, 1.07000, 0.00000, 13.22000, 3.46000, 0.00000, 1.00000, align = { 8.90750, 0.81903 }, },
				{ -1.07000, 0.00000, 0.00000, 0.00000, -0.00000, -1.07000, 0.00000, 0.00000, 0.00000, 0.00000, 1.07000, 0.00000, 12.05000, 20.44000, 0.00000, 1.00000, },
				{ -1.07000, 0.00000, 0.00000, 0.00000, -0.00000, -1.07000, 0.00000, 0.00000, 0.00000, 0.00000, 1.07000, 0.00000, 8.84000, 20.44000, 0.00000, 1.00000, },
				{ -1.07000, 0.00000, 0.00000, 0.00000, -0.00000, -1.07000, 0.00000, 0.00000, 0.00000, 0.00000, 1.07000, 0.00000, 5.63000, 20.44000, 0.00000, 1.00000, },
				{ 1.07000, -0.00000, 0.00000, 0.00000, 0.00000, 1.07000, 0.00000, 0.00000, -0.00000, -0.00000, 1.07000, 0.00000, 12.06000, 20.44000, 0.00000, 1.00000, },
				{ 1.07000, -0.00000, 0.00000, 0.00000, 0.00000, 1.07000, 0.00000, 0.00000, -0.00000, -0.00000, 1.07000, 0.00000, 8.85000, 20.44000, 0.00000, 1.00000, },
				{ 1.07000, -0.00000, 0.00000, 0.00000, 0.00000, 1.07000, 0.00000, 0.00000, -0.00000, -0.00000, 1.07000, 0.00000, 5.64000, 20.44000, 0.00000, 1.00000, },
				{ -1.07000, 0.00000, 0.00000, 0.00000, -0.00000, -1.07000, 0.00000, 0.00000, 0.00000, 0.00000, 1.07000, 0.00000, 2.42000, 20.44000, 0.00000, 1.00000, },
				{ 1.07000, -0.00000, 0.00000, 0.00000, 0.00000, 1.07000, 0.00000, 0.00000, -0.00000, -0.00000, 1.07000, 0.00000, 2.43000, 20.44000, 0.00000, 1.00000, },
			},
			["asset/commercial/era_c/com_2_to_4_wall_awning_02_start_02.mdl"] = {
				{ -0.00000, -1.07000, 0.00000, 0.00000, 1.07000, -0.00000, 0.00000, 0.00000, 0.00000, 0.00000, 1.07000, 0.00000, 2.11000, 12.77000, 0.00000, 1.00000, align = { 8.90750, 0.81903 }, },
				{ 1.07000, 0.00000, 0.00000, 0.00000, 0.00000, 1.07000, 0.00000, 0.00000, 0.00000, 0.00000, 1.07000, 0.00000, 13.22000, 3.46000, 0.00000, 1.00000, align = { 8.90750, 0.81903 }, },
				{ -1.07000, -0.00000, -0.00000, 0.00000, -0.00000, -1.07000, 0.00000, 0.00000, -0.00000, 0.00000, 1.07000, 0.00000, 12.05000, 20.44000, 0.00000, 1.00000, },
				{ -1.02720, -0.00000, -0.00000, 0.00000, -0.00000, -1.02720, 0.00000, 0.00000, -0.00000, 0.00000, 1.02720, 0.00000, 5.31000, 20.44000, 0.00000, 1.00000, },
				{ 1.07000, -0.00000, 0.00000, 0.00000, 0.00000, 1.07000, 0.00000, 0.00000, -0.00000, -0.00000, 1.07000, 0.00000, 2.43000, 20.44000, 0.00000, 1.00000, },
			},
			["asset/commercial/era_c/com_2_to_4_wall_sign_05.mdl"] = {
				{ 1.40220, 0.00000, 0.00000, 0.00000, 0.00000, 1.40220, 0.00000, 0.00000, 0.00000, 0.00000, 1.40220, 0.00000, 13.24317, 3.44000, -0.18228, 1.00000, align = { 8.90750, 0.81903 }, },
				{ -0.00000, -1.40220, 0.00000, 0.00000, 1.40220, -0.00000, 0.00000, 0.00000, 0.00000, 0.00000, 1.40220, 0.00000, 10.49317, 5.87000, -0.18228, 1.00000, align = { 8.90750, 0.81903 }, },
				{ -0.00000, -1.40220, 0.00000, 0.00000, 1.40220, -0.00000, 0.00000, 0.00000, 0.00000, 0.00000, 1.40220, 0.00000, 10.49317, 9.87000, -0.18228, 1.00000, align = { 8.90750, 0.81903 }, },
				{ -0.00000, 1.40220, 0.00000, 0.00000, -1.40220, -0.00000, 0.00000, 0.00000, 0.00000, 0.00000, 1.40220, 0.00000, 16.00317, 5.75000, -0.18228, 1.00000, align = { 8.90750, 0.81903 }, },
				{ -0.00000, 1.40220, 0.00000, 0.00000, -1.40220, -0.00000, 0.00000, 0.00000, 0.00000, 0.00000, 1.40220, 0.00000, 16.00317, 9.55000, -0.18228, 1.00000, align = { 8.90750, 0.81903 }, },
				{ -0.00000, 1.40220, 0.00000, 0.00000, -1.40220, -0.00000, 0.00000, 0.00000, 0.00000, 0.00000, 1.40220, 0.00000, 16.00317, 13.36000, -0.18228, 1.00000, align = { 8.90750, 0.81903 }, },
			},
			["asset/ground/garden_bench_ratan_01_end.mdl"] = {
				{ -0.04536, -0.99897, 0.00000, 0.00000, 0.99897, -0.04536, 0.00000, 0.00000, 0.00000, 0.00000, 1.00000, 0.00000, 8.32163, 7.93514, 0.00000, 1.00000, },
				{ 1.00000, 0.00000, 0.00000, 0.00000, 0.00000, 1.00000, 0.00000, 0.00000, 0.00000, 0.00000, 1.00000, 0.00000, -13.58733, 15.28827, 0.00000, 1.00000, },
				{ 1.00000, 0.00000, 0.00000, 0.00000, 0.00000, 1.00000, 0.00000, 0.00000, 0.00000, 0.00000, 1.00000, 0.00000, -14.38265, 16.60488, 0.00000, 1.00000, },
				{ 1.00000, 0.00000, 0.00000, 0.00000, 0.00000, 1.00000, 0.00000, 0.00000, 0.00000, 0.00000, 1.00000, 0.00000, -12.79233, 13.83827, 0.00000, 1.00000, },
				{ 1.00000, 0.00000, 0.00000, 0.00000, 0.00000, 1.00000, 0.00000, 0.00000, 0.00000, 0.00000, 1.00000, 0.00000, -12.62233, 19.87827, 0.00000, 1.00000, },
			},
			["asset/ground/garden_bench_ratan_01_repeat.mdl"] = {
				{ -0.04536, -0.99897, 0.00000, 0.00000, 0.99897, -0.04536, 0.00000, 0.00000, 0.00000, 0.00000, 1.00000, 0.00000, 8.33967, 8.33240, 0.00000, 1.00000, },
				{ -0.04536, -0.99897, 0.00000, 0.00000, 0.99897, -0.04536, 0.00000, 0.00000, 0.00000, 0.00000, 1.00000, 0.00000, 8.37573, 9.12656, 0.00000, 1.00000, },
				{ 0.99897, -0.04536, 0.00000, 0.00000, 0.04536, 0.99897, -0.00000, 0.00000, -0.00000, 0.00000, 1.00000, 0.00000, 7.66652, 9.90241, 0.00000, 1.00000, },
				{ 1.00000, 0.00000, 0.00000, 0.00000, 0.00000, 1.00000, 0.00000, 0.00000, 0.00000, 0.00000, 1.00000, 0.00000, -13.98500, 15.28827, 0.00000, 1.00000, },
				{ 1.00000, 0.00000, 0.00000, 0.00000, 0.00000, 1.00000, 0.00000, 0.00000, 0.00000, 0.00000, 1.00000, 0.00000, -13.19000, 13.83827, 0.00000, 1.00000, },
				{ 1.00000, 0.00000, 0.00000, 0.00000, 0.00000, 1.00000, 0.00000, 0.00000, 0.00000, 0.00000, 1.00000, 0.00000, -13.02000, 19.87827, 0.00000, 1.00000, },
				{ 1.00000, 0.00000, 0.00000, 0.00000, 0.00000, 1.00000, 0.00000, 0.00000, 0.00000, 0.00000, 1.00000, 0.00000, -13.98498, 13.83827, 0.00000, 1.00000, },
				{ 1.00000, 0.00000, 0.00000, 0.00000, 0.00000, 1.00000, 0.00000, 0.00000, 0.00000, 0.00000, 1.00000, 0.00000, -13.81498, 19.87827, 0.00000, 1.00000, },
				{ -0.00000, 1.00000, 0.00000, 0.00000, -1.00000, -0.00000, 0.00000, 0.00000, 0.00000, 0.00000, 1.00000, 0.00000, -14.55786, 19.13460, 0.00000, 1.00000, },
			},
			["asset/ground/garden_bench_ratan_01_start.mdl"] = {
				{ -0.04536, -0.99897, 0.00000, 0.00000, 0.99897, -0.04536, 0.00000, 0.00000, 0.00000, 0.00000, 1.00000, 0.00000, 8.39377, 9.52383, 0.00000, 1.00000, },
				{ 0.99897, -0.04536, 0.00000, 0.00000, 0.04536, 0.99897, -0.00000, 0.00000, -0.00000, 0.00000, 1.00000, 0.00000, 7.26930, 9.92049, 0.00000, 1.00000, },
				{ 1.00000, 0.00000, 0.00000, 0.00000, 0.00000, 1.00000, 0.00000, 0.00000, 0.00000, 0.00000, 1.00000, 0.00000, -14.38265, 15.28827, 0.00000, 1.00000, },
				{ 1.00000, 0.00000, 0.00000, 0.00000, 0.00000, 1.00000, 0.00000, 0.00000, 0.00000, 0.00000, 1.00000, 0.00000, -14.38265, 16.60488, 0.00000, 1.00000, },
				{ 1.00000, 0.00000, 0.00000, 0.00000, 0.00000, 1.00000, 0.00000, 0.00000, 0.00000, 0.00000, 1.00000, 0.00000, -14.38265, 13.83827, 0.00000, 1.00000, },
				{ 1.00000, 0.00000, 0.00000, 0.00000, 0.00000, 1.00000, 0.00000, 0.00000, 0.00000, 0.00000, 1.00000, 0.00000, -14.21265, 19.87827, 0.00000, 1.00000, },
				{ -0.00000, 1.00000, 0.00000, 0.00000, -1.00000, -0.00000, 0.00000, 0.00000, 0.00000, 0.00000, 1.00000, 0.00000, -14.55790, 18.73697, 0.00000, 1.00000, },
			},
			["asset/ground/garden_bench_stone_01.mdl"] = {
				{ 0.99996, 0.00909, 0.00000, 0.00000, -0.00909, 0.99996, 0.00000, 0.00000, 0.00000, 0.00000, 1.00000, 0.00000, -14.06000, 8.83185, 0.00000, 1.00000, },
				{ 0.99983, -0.01816, 0.00000, 0.00000, 0.01816, 0.99983, 0.00000, 0.00000, 0.00000, 0.00000, 1.00000, 0.00000, -14.06000, 8.21185, 0.00000, 1.00000, },
				{ 0.99947, -0.03241, 0.00000, 0.00000, 0.03241, 0.99947, 0.00000, 0.00000, 0.00000, 0.00000, 1.00000, 0.00000, -14.06000, 7.59185, 0.00000, 1.00000, },
				{ 0.99998, 0.00698, 0.00000, 0.00000, -0.00698, 0.99998, 0.00000, 0.00000, 0.00000, 0.00000, 1.00000, 0.00000, -14.06000, 6.93185, 0.00000, 1.00000, },
				{ 0.99962, -0.02746, 0.00000, 0.00000, 0.02746, 0.99962, 0.00000, 0.00000, 0.00000, 0.00000, 1.00000, 0.00000, -14.06000, 6.29185, 0.00000, 1.00000, },
				{ 0.99993, 0.01181, 0.00000, 0.00000, -0.01181, 0.99993, 0.00000, 0.00000, 0.00000, 0.00000, 1.00000, 0.00000, -14.06000, 5.63185, 0.00000, 1.00000, },
			},
			["asset/ground/garden_bench_wood_02.mdl"] = {
				{ 0.99961, 0.02792, 0.00000, 0.00000, -0.02792, 0.99961, 0.00000, 0.00000, 0.00000, 0.00000, 1.00000, 0.00000, -14.09780, 9.58677, 0.00000, 1.00000, },
				{ 0.99999, 0.00349, 0.00000, 0.00000, -0.00349, 0.99999, 0.00000, 0.00000, 0.00000, 0.00000, 1.00000, 0.00000, -14.09780, 10.15869, 0.00000, 1.00000, },
				{ 0.99961, 0.02792, 0.00000, 0.00000, -0.02792, 0.99961, 0.00000, 0.00000, 0.00000, 0.00000, 1.00000, 0.00000, -14.09780, 10.65869, 0.00000, 1.00000, },
				{ 0.99961, 0.02792, 0.00000, 0.00000, -0.02792, 0.99961, 0.00000, 0.00000, 0.00000, 0.00000, 1.00000, 0.00000, -14.09780, 11.20869, 0.00000, 1.00000, },
				{ 0.99999, 0.00349, 0.00000, 0.00000, -0.00349, 0.99999, 0.00000, 0.00000, 0.00000, 0.00000, 1.00000, 0.00000, -14.09780, 11.75869, 0.00000, 1.00000, },
				{ 0.99961, 0.02792, 0.00000, 0.00000, -0.02792, 0.99961, 0.00000, 0.00000, 0.00000, 0.00000, 1.00000, 0.00000, -14.09780, 12.30869, 0.00000, 1.00000, },
				{ 0.99999, 0.00349, 0.00000, 0.00000, -0.00349, 0.99999, 0.00000, 0.00000, 0.00000, 0.00000, 1.00000, 0.00000, -14.09780, 12.75869, 0.00000, 1.00000, },
				{ 0.00698, -0.99998, 0.00000, 0.00000, 0.99998, 0.00698, -0.00000, 0.00000, 0.00000, 0.00000, 1.00000, 0.00000, 8.51493, 4.90439, 0.00000, 1.00000, },
				{ 0.00349, 0.99999, 0.00000, 0.00000, -0.99999, 0.00349, 0.00000, 0.00000, 0.00000, 0.00000, 1.00000, 0.00000, 6.64081, 4.89166, 0.00000, 1.00000, },
			},
			["asset/ground/garden_chair_metal_01.mdl"] = {
				{ 0.99901, -0.04451, 0.00000, 0.00000, 0.04451, 0.99901, 0.00000, 0.00000, 0.00000, 0.00000, 1.00000, 0.00000, -9.71000, 29.22490, 0.00000, 1.00000, },
				{ 0.99994, 0.01133, 0.00000, 0.00000, -0.01133, 0.99994, 0.00000, 0.00000, 0.00000, 0.00000, 1.00000, 0.00000, -8.49000, 29.22490, 0.00000, 1.00000, },
				{ 0.98741, -0.15821, 0.00000, 0.00000, 0.15821, 0.98741, 0.00000, 0.00000, 0.00000, 0.00000, 1.00000, 0.00000, -9.71000, 28.54490, 0.00000, 1.00000, },
				{ 0.99438, -0.10589, 0.00000, 0.00000, 0.10589, 0.99438, 0.00000, 0.00000, 0.00000, 0.00000, 1.00000, 0.00000, -9.71000, 27.86490, 0.00000, 1.00000, },
				{ 0.99962, -0.02758, 0.00000, 0.00000, 0.02758, 0.99962, 0.00000, 0.00000, 0.00000, 0.00000, 1.00000, 0.00000, -10.39000, 29.22490, 0.00000, 1.00000, },
				{ 0.99408, -0.10862, 0.00000, 0.00000, 0.10862, 0.99408, 0.00000, 0.00000, 0.00000, 0.00000, 1.00000, 0.00000, -10.39000, 28.54490, 0.00000, 1.00000, },
				{ 0.99963, -0.02736, 0.00000, 0.00000, 0.02736, 0.99963, 0.00000, 0.00000, 0.00000, 0.00000, 1.00000, 0.00000, -10.39000, 27.86490, 0.00000, 1.00000, },
				{ 0.99314, -0.11696, 0.00000, 0.00000, 0.11696, 0.99314, 0.00000, 0.00000, 0.00000, 0.00000, 1.00000, 0.00000, -11.07000, 29.22490, 0.00000, 1.00000, },
				{ 0.99987, -0.01587, 0.00000, 0.00000, 0.01587, 0.99987, 0.00000, 0.00000, 0.00000, 0.00000, 1.00000, 0.00000, -11.07000, 28.54490, 0.00000, 1.00000, },
				{ 0.99922, -0.03953, 0.00000, 0.00000, 0.03953, 0.99922, 0.00000, 0.00000, 0.00000, 0.00000, 1.00000, 0.00000, -11.73000, 29.22490, 0.00000, 1.00000, },
				{ 0.98967, -0.14336, 0.00000, 0.00000, 0.14336, 0.98967, 0.00000, 0.00000, 0.00000, 0.00000, 1.00000, 0.00000, -11.73000, 28.54490, 0.00000, 1.00000, },
				{ 0.99437, -0.10599, 0.00000, 0.00000, 0.10599, 0.99437, 0.00000, 0.00000, 0.00000, 0.00000, 1.00000, 0.00000, -11.73000, 27.86490, 0.00000, 1.00000, },
			},
			["asset/ground/garden_chair_plastic_01.mdl"] = {
				{ -0.04346, 0.99905, 0.00000, 0.00000, -0.99905, -0.04346, 0.00000, 0.00000, 0.00000, 0.00000, 1.00000, 0.00000, -14.74748, 21.28221, 0.00000, 1.00000, },
				{ 0.04334, 0.99906, 0.00000, 0.00000, -0.99906, 0.04334, 0.00000, 0.00000, 0.00000, 0.00000, 1.00000, 0.00000, -14.74748, 24.99196, 0.00000, 1.00000, },
				{ -0.04032, 0.99919, 0.00000, 0.00000, -0.99919, -0.04032, 0.00000, 0.00000, 0.00000, 0.00000, 1.00000, 0.00000, -14.01751, 21.28221, 0.00000, 1.00000, },
				{ 0.03947, 0.99922, 0.00000, 0.00000, -0.99922, 0.03947, 0.00000, 0.00000, 0.00000, 0.00000, 1.00000, 0.00000, -13.26479, 21.28221, 0.00000, 1.00000, },
				{ 0.04122, 0.99915, 0.00000, 0.00000, -0.99915, 0.04122, 0.00000, 0.00000, 0.00000, 0.00000, 1.00000, 0.00000, -12.48479, 21.28221, 0.00000, 1.00000, },
				{ -0.05164, 0.99867, 0.00000, 0.00000, -0.99867, -0.05164, 0.00000, 0.00000, 0.00000, 0.00000, 1.00000, 0.00000, -14.74748, 22.12221, 0.00000, 1.00000, },
				{ 0.05301, 0.99859, 0.00000, 0.00000, -0.99859, 0.05301, 0.00000, 0.00000, 0.00000, 0.00000, 1.00000, 0.00000, -13.99304, 22.12221, 0.00000, 1.00000, },
				{ -0.04737, 0.99888, 0.00000, 0.00000, -0.99888, -0.04737, 0.00000, 0.00000, 0.00000, 0.00000, 1.00000, 0.00000, -13.26240, 22.12221, 0.00000, 1.00000, },
				{ -0.02793, 0.99961, 0.00000, 0.00000, -0.99961, -0.02793, 0.00000, 0.00000, 0.00000, 0.00000, 1.00000, 0.00000, -14.74748, 22.94221, 0.00000, 1.00000, },
				{ -0.03490, 0.99939, 0.00000, 0.00000, -0.99939, -0.03490, 0.00000, 0.00000, 0.00000, 0.00000, 1.00000, 0.00000, -14.06398, 22.94221, 0.00000, 1.00000, },
				{ 0.07107, 0.99747, 0.00000, 0.00000, -0.99747, 0.07107, 0.00000, 0.00000, 0.00000, 0.00000, 1.00000, 0.00000, -13.19913, 22.94221, 0.00000, 1.00000, },
				{ -0.03434, 0.99941, 0.00000, 0.00000, -0.99941, -0.03434, 0.00000, 0.00000, 0.00000, 0.00000, 1.00000, 0.00000, -12.41913, 22.94221, 0.00000, 1.00000, },
				{ 0.04341, 0.99906, 0.00000, 0.00000, -0.99906, 0.04341, 0.00000, 0.00000, 0.00000, 0.00000, 1.00000, 0.00000, -14.74748, 23.78221, 0.00000, 1.00000, },
				{ -0.06082, 0.99815, 0.00000, 0.00000, -0.99815, -0.06082, 0.00000, 0.00000, 0.00000, 0.00000, 1.00000, 0.00000, -14.04452, 23.78221, 0.00000, 1.00000, },
				{ 0.03900, 0.99924, 0.00000, 0.00000, -0.99924, 0.03900, 0.00000, 0.00000, 0.00000, 0.00000, 1.00000, 0.00000, -13.29357, 23.78221, 0.00000, 1.00000, },
			},
			["asset/ground/garden_chair_wood_01.mdl"] = {
				{ -0.08020, 0.99678, -0.00000, 0.00000, -0.99678, -0.08020, 0.00000, 0.00000, -0.00000, 0.00000, 1.00000, 0.00000, 3.12620, 4.56416, 0.00000, 1.00000, },
				{ 0.13226, 0.99122, -0.00000, 0.00000, -0.99122, 0.13226, -0.00000, 0.00000, -0.00000, 0.00000, 1.00000, 0.00000, 3.18109, 5.52979, -0.00000, 1.00000, },
				{ 0.08020, -0.99678, -0.00000, 0.00000, 0.99678, 0.08020, 0.00000, 0.00000, -0.00000, -0.00000, 1.00000, 0.00000, 4.14615, 4.57484, 0.00000, 1.00000, },
				{ 0.07324, -0.99731, -0.00000, 0.00000, 0.99731, 0.07324, 0.00000, 0.00000, -0.00000, -0.00000, 1.00000, 0.00000, 4.20104, 5.54047, -0.00000, 1.00000, },
				{ 1.00000, 0.00000, 0.00000, 0.00000, 0.00000, 1.00000, 0.00000, 0.00000, 0.00000, 0.00000, 1.00000, 0.00000, -5.52000, 29.13987, 0.00000, 1.00000, },
				{ 0.91212, 0.40992, 0.00000, 0.00000, -0.40992, 0.91212, 0.00000, 0.00000, 0.00000, 0.00000, 1.00000, 0.00000, -4.24000, 29.13987, 0.00000, 1.00000, },
				{ 0.99756, 0.06976, 0.00000, 0.00000, -0.06976, 0.99756, 0.00000, 0.00000, 0.00000, 0.00000, 1.00000, 0.00000, -6.06500, 29.13987, 0.00000, 1.00000, },
				{ 0.99756, 0.06976, 0.00000, 0.00000, -0.06976, 0.99756, 0.00000, 0.00000, 0.00000, 0.00000, 1.00000, 0.00000, -6.61001, 29.13987, 0.00000, 1.00000, },
				{ 0.99996, 0.00863, 0.00000, 0.00000, -0.00863, 0.99996, 0.00000, 0.00000, 0.00000, 0.00000, 1.00000, 0.00000, -7.15499, 29.13987, 0.00000, 1.00000, },
				{ 0.99756, 0.06976, 0.00000, 0.00000, -0.06976, 0.99756, 0.00000, 0.00000, 0.00000, 0.00000, 1.00000, 0.00000, -5.52001, 28.43947, 0.00000, 1.00000, },
				{ 0.99891, -0.04668, 0.00000, 0.00000, 0.04668, 0.99891, 0.00000, 0.00000, 0.00000, 0.00000, 1.00000, 0.00000, -6.06500, 28.43947, 0.00000, 1.00000, },
				{ 0.99940, -0.03467, 0.00000, 0.00000, 0.03467, 0.99940, 0.00000, 0.00000, 0.00000, 0.00000, 1.00000, 0.00000, -6.61001, 28.43947, 0.00000, 1.00000, },
				{ 0.99756, 0.06976, 0.00000, 0.00000, -0.06976, 0.99756, 0.00000, 0.00000, 0.00000, 0.00000, 1.00000, 0.00000, -7.15499, 28.43947, 0.00000, 1.00000, },
				{ 0.99756, 0.06976, 0.00000, 0.00000, -0.06976, 0.99756, 0.00000, 0.00000, 0.00000, 0.00000, 1.00000, 0.00000, -5.52001, 27.73907, 0.00000, 1.00000, },
				{ 0.99756, 0.06976, 0.00000, 0.00000, -0.06976, 0.99756, 0.00000, 0.00000, 0.00000, 0.00000, 1.00000, 0.00000, -6.06500, 27.73907, 0.00000, 1.00000, },
				{ 0.99996, -0.00867, 0.00000, 0.00000, 0.00867, 0.99996, 0.00000, 0.00000, 0.00000, 0.00000, 1.00000, 0.00000, -7.15499, 27.73907, 0.00000, 1.00000, },
			},
			["asset/ground/garden_sun_pavillion_01.mdl"] = {
				{ 0.99926, 0.03839, 0.00000, 0.00000, -0.03839, 0.99926, 0.00000, 0.00000, 0.00000, 0.00000, 1.00000, 0.00000, -7.30000, 20.64901, 0.00000, 1.00000, },
			},
			["asset/ground/garden_sunshade_large_01.mdl"] = {
				{ 0.43209, 0.90183, 0.00000, 0.00000, -0.90183, 0.43209, 0.00000, 0.00000, 0.00000, 0.00000, 1.00000, 0.00000, 3.68000, 5.07484, 0.00000, 1.00000, },
				{ -0.00000, 1.00000, 0.00000, 0.00000, -1.00000, -0.00000, 0.00000, 0.00000, 0.00000, 0.00000, 1.00000, 0.00000, -6.07000, 12.92149, 0.00000, 1.00000, },
			},
			["asset/ground/garden_sunshade_large_02.mdl"] = {
				{ -0.00000, 1.00000, 0.00000, 0.00000, -1.00000, -0.00000, 0.00000, 0.00000, 0.00000, 0.00000, 1.00000, 0.00000, -6.07000, 15.77397, 0.00000, 1.00000, },
			},
			["asset/ground/garden_sunshade_large_closed_01.mdl"] = {
				{ 0.01854, 0.54505, -0.83820, 0.00000, 0.02850, 0.83771, 0.54536, 0.00000, 0.99942, -0.03400, -0.00000, 0.00000, -4.71000, 13.75061, 0.00000, 1.00000, },
				{ 0.00918, 0.43985, -0.89803, 0.00000, 0.01873, 0.89783, 0.43994, 0.00000, 0.99978, -0.02086, -0.00000, 0.00000, -4.71000, 13.35969, 0.00000, 1.00000, },
				{ 0.00195, 0.20069, -0.97965, 0.00000, 0.00950, 0.97961, 0.20070, 0.00000, 0.99995, -0.00969, -0.00000, 0.00000, -4.71000, 12.97937, 0.00000, 1.00000, },
				{ 0.00195, 0.20069, -0.97965, 0.00000, 0.00950, 0.97961, 0.20070, 0.00000, 0.99995, -0.00969, -0.00000, 0.00000, -4.71000, 12.29437, 0.00000, 1.00000, },
				{ 0.00044, 0.25560, -0.96678, 0.00000, 0.00167, 0.96678, 0.25560, 0.00000, 1.00000, -0.00173, 0.00000, 0.00000, -4.71000, 12.57667, 0.00000, 1.00000, },
				{ 0.00044, 0.25560, -0.96678, 0.00000, 0.00167, 0.96678, 0.25560, 0.00000, 1.00000, -0.00173, 0.00000, 0.00000, -4.71000, 11.89167, 0.00000, 1.00000, },
				{ -0.03176, 0.26411, -0.96397, 0.00000, 0.02938, 0.96429, 0.26323, 0.00000, 0.99906, -0.01996, -0.03838, 0.00000, -4.71000, 12.78467, 0.14000, 1.00000, },
				{ -0.03176, 0.26411, -0.96397, 0.00000, 0.02938, 0.96429, 0.26323, 0.00000, 0.99906, -0.01996, -0.03838, 0.00000, -4.71000, 12.45467, 0.14000, 1.00000, },
				{ -0.03176, 0.26411, -0.96397, 0.00000, 0.02938, 0.96429, 0.26323, 0.00000, 0.99906, -0.01996, -0.03838, 0.00000, -4.71000, 12.09967, 0.14000, 1.00000, },
				{ -0.03570, 0.26536, -0.96349, 0.00000, 0.01494, 0.96414, 0.26499, 0.00000, 0.99925, -0.00493, -0.03839, 0.00000, -4.71000, 13.15386, 0.14000, 1.00000, },
				{ -0.02518, 0.44315, -0.89609, 0.00000, 0.03568, 0.89620, 0.44220, 0.00000, 0.99905, -0.02084, -0.03838, 0.00000, -4.71000, 13.53971, 0.14000, 1.00000, },
			},
			["asset/ground/garden_sunshade_large_closed_02.mdl"] = {
				{ 0.00000, 0.87618, 0.48199, 0.00000, 0.00000, -0.48199, 0.87618, 0.00000, 1.00000, 0.00000, -0.00000, 0.00000, -4.74000, 16.56958, 0.00000, 1.00000, },
				{ 0.05009, 0.87618, 0.47938, 0.00000, 0.09105, -0.48199, 0.87143, 0.00000, 0.99459, 0.00000, -0.10392, 0.00000, -4.74000, 16.72141, 0.25521, 1.00000, },
				{ 0.00000, 0.95611, 0.29300, 0.00000, 0.00000, -0.29300, 0.95611, 0.00000, 1.00000, 0.00000, -0.00000, 0.00000, -4.74000, 16.24963, 0.00000, 1.00000, },
				{ 0.01510, 0.95611, 0.29261, 0.00000, 0.04926, -0.29300, 0.95484, 0.00000, 0.99867, 0.00000, -0.05153, 0.00000, -4.74000, 16.34949, 0.14043, 1.00000, },
				{ 0.00000, 0.35641, 0.93433, 0.00000, 0.00000, -0.93433, 0.35641, 0.00000, 1.00000, 0.00000, -0.00000, 0.00000, -4.74000, 15.92427, 0.00000, 1.00000, },
				{ 0.03152, 0.35641, 0.93380, 0.00000, 0.01202, -0.93433, 0.35621, 0.00000, 0.99943, 0.00000, -0.03373, 0.00000, -4.74000, 16.01626, 0.12529, 1.00000, },
				{ 0.00000, -0.27421, 0.96167, 0.00000, -0.00000, -0.96167, -0.27421, 0.00000, 1.00000, 0.00000, -0.00000, 0.00000, -4.74000, 15.56599, 0.00000, 1.00000, },
				{ 0.06001, -0.27421, 0.95980, 0.00000, -0.01711, -0.96167, -0.27367, 0.00000, 0.99805, 0.00000, -0.06240, 0.00000, -4.74000, 15.74073, 0.22581, 1.00000, },
				{ -0.00000, -0.22623, -0.97407, 0.00000, -0.00000, 0.97407, -0.22623, 0.00000, 1.00000, 0.00000, -0.00000, 0.00000, -4.74000, 15.19631, 0.00000, 1.00000, },
				{ -0.08488, -0.22623, -0.97037, 0.00000, -0.01971, 0.97407, -0.22537, 0.00000, 0.99620, 0.00000, -0.08714, 0.00000, -4.74000, 15.31512, 0.22393, 1.00000, },
				{ -0.00000, 0.76363, -0.64566, 0.00000, 0.00000, 0.64566, 0.76363, 0.00000, 1.00000, 0.00000, -0.00000, 0.00000, -4.74000, 14.83852, 0.00000, 1.00000, },
				{ -0.05243, 0.76363, -0.64353, 0.00000, 0.06201, 0.64566, 0.76110, 0.00000, 0.99670, 0.00000, -0.08120, 0.00000, -4.74000, 14.99695, 0.22036, 1.00000, },
			},
			["asset/ground/garden_sunshade_small_01.mdl"] = {
				{ 0.01745, -0.99985, 0.00000, 0.00000, 0.99985, 0.01745, 0.00000, 0.00000, 0.00000, 0.00000, 1.00000, 0.00000, -8.51000, 15.86142, 0.00000, 1.00000, },
			},
			["asset/ground/garden_sunshade_small_02.mdl"] = {
				{ 0.33216, -0.94322, 0.00000, 0.00000, 0.94322, 0.33216, 0.00000, 0.00000, 0.00000, 0.00000, 1.00000, 0.00000, -8.51000, 13.31391, 0.00000, 1.00000, },
			},
			["asset/ground/garden_table_metal_01.mdl"] = {
				{ -0.01047, 0.99995, -0.00000, 0.00000, -0.99995, -0.01047, 0.00000, 0.00000, -0.00000, 0.00000, 1.00000, 0.00000, 3.68000, 5.07000, 0.00000, 1.00000, },
				{ -0.00000, -1.00000, 0.00000, 0.00000, 1.00000, -0.00000, 0.00000, 0.00000, 0.00000, 0.00000, 1.00000, 0.00000, -6.50000, 6.40000, 0.00000, 1.00000, },
			},
			["asset/ground/garden_table_ratan_01.mdl"] = {
				{ -0.04536, -0.99897, 0.00000, 0.00000, 0.99897, -0.04536, 0.00000, 0.00000, 0.00000, 0.00000, 1.00000, 0.00000, 7.14767, 8.26641, 0.00000, 1.00000, },
				{ 1.00000, 0.00000, 0.00000, 0.00000, 0.00000, 1.00000, 0.00000, 0.00000, 0.00000, 0.00000, 1.00000, 0.00000, -12.90000, 18.69050, 0.00000, 1.00000, },
			},
			["asset/ground/garden_table_round_metal_01.mdl"] = {
				{ 1.00000, 0.00000, 0.00000, 0.00000, 0.00000, 1.00000, 0.00000, 0.00000, 0.00000, 0.00000, 1.00000, 0.00000, -8.15000, 9.10000, 0.00000, 1.00000, },
			},
			["asset/ground/garden_table_round_wood_01.mdl"] = {
				{ 1.00000, 0.00000, 0.00000, 0.00000, 0.00000, 1.00000, 0.00000, 0.00000, 0.00000, 0.00000, 1.00000, 0.00000, -6.90000, 9.15000, 0.00000, 1.00000, },
			},
			["asset/ground/garden_table_wood_01.mdl"] = {
				{ -0.00000, -1.00000, 0.00000, 0.00000, 1.00000, -0.00000, 0.00000, 0.00000, 0.00000, 0.00000, 1.00000, 0.00000, -8.40000, 6.40000, 0.00000, 1.00000, },
				{ 0.00349, -0.99999, 0.00000, 0.00000, 0.99999, 0.00349, -0.00000, 0.00000, 0.00000, 0.00000, 1.00000, 0.00000, 7.58866, 4.91100, 0.00000, 1.00000, },
			},
			["asset/ground/garden_table_wood_02.mdl"] = {
				{ 0.90631, 0.42262, 0.00000, 0.00000, -0.42262, 0.90631, 0.00000, 0.00000, 0.00000, 0.00000, 1.00000, 0.00000, -4.70000, 9.45000, 0.00000, 1.00000, },
			},
			["asset/industry/cardboard_box_01.mdl"] = {
				{ -0.08368, 0.99649, 0.00000, 0.00000, -0.99649, -0.08368, 0.00000, 0.00000, 0.00000, -0.00000, 1.00000, 0.00000, 13.60000, 30.72384, 0.00000, 1.00000, },
				{ 0.99803, -0.06279, -0.00000, 0.00000, 0.06279, 0.99803, 0.00000, 0.00000, -0.00000, -0.00000, 1.00000, 0.00000, 13.60000, 30.26384, 0.50000, 1.00000, },
				{ 0.07672, 0.99705, 0.00000, 0.00000, -0.99705, 0.07672, 0.00000, 0.00000, 0.00000, -0.00000, 1.00000, 0.00000, 13.48000, 30.06384, 0.00000, 1.00000, },
				{ -0.06976, 0.99756, 0.00000, 0.00000, -0.99756, -0.06976, 0.00000, 0.00000, 0.00000, -0.00000, 1.00000, 0.00000, 13.44000, 29.05384, 0.00000, 1.00000, },
				{ -0.99619, -0.08716, 0.00000, 0.00000, 0.02606, -0.29790, 0.95424, 0.00000, -0.08317, 0.95061, 0.29904, 0.00000, 12.30000, 29.52384, 0.41000, 1.00000, },
				{ -0.99619, -0.08716, 0.00000, 0.00000, 0.08716, -0.99619, -0.00000, 0.00000, 0.00000, -0.00000, 1.00000, 0.00000, 12.62000, 29.07384, 0.00000, 1.00000, },
