local townbuildingutil = require "townbuildingutil"

--Model file: "building/era_c/com_3_3x4_01.mdl"

--Begin Generated
local generatedData = {
	["base"] = {
		models = {
			["building/era_c/com_3_3x4_01.mdl"] = {
				{ 1.00000, 0.00000, 0.00000, 0.00000, 0.00000, 1.00000, 0.00000, 0.00000, 0.00000, 0.00000, 1.00000, 0.00000, 0.00000, 0.00000, 0.00000, 1.00000, },
			},
		},
		curves = {
			["scaffold"] = {
				{ { 8.70038, 0.92221, 0.00000 }, { 8.70038, 0.92221, 0.00000 }, { 8.70038, 7.92221, 0.00000 }, { 8.70038, 7.92221, 0.00000 }, { 8.70038, 7.92221, 0.00000 }, { 10.91846, 7.92221, 0.00000 }, { 10.91846, 7.92221, 0.00000 }, { 10.91846, 7.92221, 0.00000 }, { 10.91846, 24.08228, 0.00000 }, { 10.91846, 24.08228, 0.00000 }, { 10.91846, 24.08228, 0.00000 }, { 7.11523, 24.08228, 0.00000 }, { 7.11523, 24.08228, 0.00000 }, { 7.11523, 24.08228, 0.00000 }, { 7.11523, 31.08228, 0.00000 }, { 7.11523, 31.08228, 0.00000 }, { 7.11523, 31.08228, 0.00000 }, { -7.04480, 31.08228, 0.00000 }, { -7.04480, 31.08228, 0.00000 }, { -7.04480, 31.08228, 0.00000 }, { -7.04480, 24.08225, 0.00000 }, { -7.04480, 24.08225, 0.00000 }, { -7.04480, 24.08225, 0.00000 }, { -10.84796, 24.08225, 0.00000 }, { -10.84796, 24.08225, 0.00000 }, { -10.84796, 24.08225, 0.00000 }, { -10.84796, 7.92221, 0.00000 }, { -10.84796, 7.92221, 0.00000 }, { -10.84796, 7.92221, 0.00000 }, { -8.62988, 7.92222, 0.00000 }, { -8.62988, 7.92222, 0.00000 }, { -8.62988, 7.92221, 0.00000 }, { -8.62988, 0.92224, 0.00000 }, { -8.62988, 0.92224, 0.00000 }, },
			},
			["shared/asphalt_02.gtex.lua;shared/dirt.gtex.lua"] = {
				{ { 16.00000, 0.00000, -0.00001 }, { 16.00000, 0.00000, -0.00001 }, { 16.00000, 32.00000, -0.00001 }, { 16.00000, 32.00000, -0.00001 }, { 16.00000, 32.00000, -0.00001 }, { -16.00000, 32.00000, -0.00001 }, { -16.00000, 32.00000, -0.00001 }, { -16.00000, 32.00000, -0.00001 }, { -16.00000, 0.00000, -0.00001 }, { -16.00000, 0.00000, -0.00001 }, },
			},
		},
	},
	["layout_1"] = {
		models = {
			["asset/commercial/era_c/com_2_to_4_ground_chair_01.mdl"] = {
				{ 0.99144, -0.13053, 0.00000, 0.00000, 0.13053, 0.99144, 0.00000, 0.00000, 0.00000, 0.00000, 1.00000, 0.00000, -7.23000, 2.57000, 4.58794, 1.00000, align = { 0.00000, 0.00000 }, },
				{ 0.99144, 0.13053, 0.00000, 0.00000, -0.13053, 0.99144, 0.00000, 0.00000, 0.00000, 0.00000, 1.00000, 0.00000, -3.85000, 2.57000, 4.58794, 1.00000, align = { 0.00000, 0.00000 }, },
				{ 0.99863, -0.05234, 0.00000, 0.00000, 0.05234, 0.99863, 0.00000, 0.00000, 0.00000, 0.00000, 1.00000, 0.00000, -0.52000, 2.57000, 4.58794, 1.00000, align = { 0.00000, 0.00000 }, },
				{ 0.83867, 0.54464, 0.00000, 0.00000, -0.54464, 0.83867, 0.00000, 0.00000, 0.00000, 0.00000, 1.00000, 0.00000, -5.43000, 6.57000, 12.58794, 1.00000, align = { 0.00000, 0.00000 }, },
				{ 0.99905, 0.04362, 0.00000, 0.00000, -0.04362, 0.99905, 0.00000, 0.00000, 0.00000, 0.00000, 1.00000, 0.00000, -2.78000, 6.57000, 12.58794, 1.00000, align = { 0.00000, 0.00000 }, },
				{ 0.97237, -0.23345, 0.00000, 0.00000, 0.23345, 0.97237, 0.00000, 0.00000, 0.00000, 0.00000, 1.00000, 0.00000, 2.29000, 6.57000, 12.58794, 1.00000, align = { 0.00000, 0.00000 }, },
				{ 0.97237, -0.23345, 0.00000, 0.00000, 0.23345, 0.97237, 0.00000, 0.00000, 0.00000, 0.00000, 1.00000, 0.00000, 4.92000, 6.36000, 12.58794, 1.00000, align = { 0.00000, 0.00000 }, },
				{ -0.06627, -0.99780, -0.00000, 0.00000, 0.99780, -0.06627, 0.00000, 0.00000, -0.00000, 0.00000, 1.00000, 0.00000, -8.19950, 22.34021, 29.37186, 1.00000, align = { 0.00000, 0.00000 }, },
				{ -0.06627, -0.99780, -0.00000, 0.00000, 0.99780, -0.06627, 0.00000, 0.00000, -0.00000, 0.00000, 1.00000, 0.00000, 9.65050, 22.34021, 29.37186, 1.00000, align = { 0.00000, 0.00000 }, },
				{ 0.09895, -0.99509, 0.00000, 0.00000, 0.99509, 0.09895, 0.00000, 0.00000, 0.00000, 0.00000, 1.00000, 0.00000, -8.24692, 18.98485, 29.37186, 1.00000, align = { 0.00000, 0.00000 }, },
				{ 0.09895, -0.99509, 0.00000, 0.00000, 0.99509, 0.09895, 0.00000, 0.00000, 0.00000, 0.00000, 1.00000, 0.00000, 9.60308, 18.98485, 29.37186, 1.00000, align = { 0.00000, 0.00000 }, },
				{ 0.09278, -0.99569, 0.00000, 0.00000, 0.99569, 0.09278, 0.00000, 0.00000, 0.00000, 0.00000, 1.00000, 0.00000, -8.25862, 15.74976, 29.37186, 1.00000, align = { 0.00000, 0.00000 }, },
				{ 0.09278, -0.99569, 0.00000, 0.00000, 0.99569, 0.09278, 0.00000, 0.00000, 0.00000, 0.00000, 1.00000, 0.00000, 9.59138, 15.74976, 29.37186, 1.00000, align = { 0.00000, 0.00000 }, },
				{ 0.05889, -0.99826, 0.00000, 0.00000, 0.99826, 0.05889, 0.00000, 0.00000, 0.00000, 0.00000, 1.00000, 0.00000, -8.24354, 12.59098, 29.37186, 1.00000, align = { 0.00000, 0.00000 }, },
				{ 0.05889, -0.99826, 0.00000, 0.00000, 0.99826, 0.05889, 0.00000, 0.00000, 0.00000, 0.00000, 1.00000, 0.00000, 9.60646, 12.59098, 29.37186, 1.00000, align = { 0.00000, 0.00000 }, },
				{ 0.17126, -0.98523, 0.00000, 0.00000, 0.98523, 0.17126, 0.00000, 0.00000, 0.00000, 0.00000, 1.00000, 0.00000, -9.19231, 22.38181, 29.37186, 1.00000, align = { 0.00000, 0.00000 }, },
				{ 0.17126, -0.98523, 0.00000, 0.00000, 0.98523, 0.17126, 0.00000, 0.00000, 0.00000, 0.00000, 1.00000, 0.00000, 8.65769, 22.38181, 29.37186, 1.00000, align = { 0.00000, 0.00000 }, },
				{ 0.02094, -0.99978, 0.00000, 0.00000, 0.99978, 0.02094, 0.00000, 0.00000, 0.00000, 0.00000, 1.00000, 0.00000, -9.17244, 19.02531, 29.37186, 1.00000, align = { 0.00000, 0.00000 }, },
				{ 0.02094, -0.99978, 0.00000, 0.00000, 0.99978, 0.02094, 0.00000, 0.00000, 0.00000, 0.00000, 1.00000, 0.00000, 8.67756, 19.02531, 29.37186, 1.00000, align = { 0.00000, 0.00000 }, },
				{ 0.10525, -0.99445, 0.00000, 0.00000, 0.99445, 0.10525, 0.00000, 0.00000, 0.00000, 0.00000, 1.00000, 0.00000, -9.16797, 15.71246, 29.37186, 1.00000, align = { 0.00000, 0.00000 }, },
				{ 0.10525, -0.99445, 0.00000, 0.00000, 0.99445, 0.10525, 0.00000, 0.00000, 0.00000, 0.00000, 1.00000, 0.00000, 8.68203, 15.71246, 29.37186, 1.00000, align = { 0.00000, 0.00000 }, },
				{ 0.00556, -0.99998, 0.00000, 0.00000, 0.99998, 0.00556, 0.00000, 0.00000, 0.00000, 0.00000, 1.00000, 0.00000, -9.14601, 12.55748, 29.37186, 1.00000, align = { 0.00000, 0.00000 }, },
				{ 0.00556, -0.99998, 0.00000, 0.00000, 0.99998, 0.00556, 0.00000, 0.00000, 0.00000, 0.00000, 1.00000, 0.00000, 8.70399, 12.55748, 29.37186, 1.00000, align = { 0.00000, 0.00000 }, },
				{ 0.86163, -0.50754, 0.00000, 0.00000, 0.50754, 0.86163, 0.00000, 0.00000, 0.00000, 0.00000, 1.00000, 0.00000, 2.92921, 2.85282, 4.58794, 1.00000, align = { 0.00000, 0.00000 }, },
				{ 0.64145, 0.76717, 0.00000, 0.00000, -0.76717, 0.64145, 0.00000, 0.00000, 0.00000, 0.00000, 1.00000, 0.00000, 5.89474, 2.08019, 4.58794, 1.00000, align = { 0.00000, 0.00000 }, },
				{ -0.99144, 0.13053, -0.00000, 0.00000, -0.13053, -0.99144, 0.00000, 0.00000, -0.00000, 0.00000, 1.00000, 0.00000, -5.96000, 2.57000, 4.58794, 1.00000, align = { 0.00000, 0.00000 }, },
				{ -0.99144, -0.13053, -0.00000, 0.00000, 0.13053, -0.99144, 0.00000, 0.00000, -0.00000, 0.00000, 1.00000, 0.00000, -2.58000, 2.57000, 4.58794, 1.00000, align = { 0.00000, 0.00000 }, },
				{ -0.99863, 0.05234, -0.00000, 0.00000, -0.05234, -0.99863, 0.00000, 0.00000, -0.00000, 0.00000, 1.00000, 0.00000, 0.75000, 2.57000, 4.58794, 1.00000, align = { 0.00000, 0.00000 }, },
				{ -0.83867, -0.54464, -0.00000, 0.00000, 0.54464, -0.83867, 0.00000, 0.00000, -0.00000, 0.00000, 1.00000, 0.00000, -4.16000, 6.57000, 12.58794, 1.00000, align = { 0.00000, 0.00000 }, },
				{ -0.99905, -0.04362, -0.00000, 0.00000, 0.04362, -0.99905, 0.00000, 0.00000, -0.00000, 0.00000, 1.00000, 0.00000, -1.51000, 6.57000, 12.58794, 1.00000, align = { 0.00000, 0.00000 }, },
				{ -0.97237, 0.23345, -0.00000, 0.00000, -0.23345, -0.97237, 0.00000, 0.00000, -0.00000, 0.00000, 1.00000, 0.00000, 3.56000, 6.57000, 12.58794, 1.00000, align = { 0.00000, 0.00000 }, },
				{ -0.97237, 0.23345, -0.00000, 0.00000, -0.23345, -0.97237, 0.00000, 0.00000, -0.00000, 0.00000, 1.00000, 0.00000, 6.19000, 6.36000, 12.58794, 1.00000, align = { 0.00000, 0.00000 }, },
				{ 0.01962, 0.99981, 0.00000, 0.00000, -0.99981, 0.01962, 0.00000, 0.00000, 0.00000, -0.00000, 1.00000, 0.00000, -8.23088, 21.07827, 29.37186, 1.00000, align = { 0.00000, 0.00000 }, },
				{ 0.01962, 0.99981, 0.00000, 0.00000, -0.99981, 0.01962, 0.00000, 0.00000, 0.00000, -0.00000, 1.00000, 0.00000, 9.61912, 21.07827, 29.37186, 1.00000, align = { 0.00000, 0.00000 }, },
				{ -0.03993, 0.99920, 0.00000, 0.00000, -0.99920, -0.03993, -0.00000, 0.00000, 0.00000, -0.00000, 1.00000, 0.00000, -8.25007, 17.69821, 29.37186, 1.00000, align = { 0.00000, 0.00000 }, },
				{ -0.03993, 0.99920, 0.00000, 0.00000, -0.99920, -0.03993, -0.00000, 0.00000, 0.00000, -0.00000, 1.00000, 0.00000, 9.59993, 17.69821, 29.37186, 1.00000, align = { 0.00000, 0.00000 }, },
				{ -0.05247, 0.99862, 0.00000, 0.00000, -0.99862, -0.05247, -0.00000, 0.00000, 0.00000, -0.00000, 1.00000, 0.00000, -8.25806, 14.47225, 29.37186, 1.00000, align = { 0.00000, 0.00000 }, },
				{ -0.05247, 0.99862, 0.00000, 0.00000, -0.99862, -0.05247, -0.00000, 0.00000, 0.00000, -0.00000, 1.00000, 0.00000, 9.59194, 14.47225, 29.37186, 1.00000, align = { 0.00000, 0.00000 }, },
				{ -0.16521, 0.98626, 0.00000, 0.00000, -0.98626, -0.16521, -0.00000, 0.00000, 0.00000, -0.00000, 1.00000, 0.00000, -8.27533, 11.31920, 29.37186, 1.00000, align = { 0.00000, 0.00000 }, },
				{ -0.16521, 0.98626, 0.00000, 0.00000, -0.98626, -0.16521, -0.00000, 0.00000, 0.00000, -0.00000, 1.00000, 0.00000, 9.57467, 11.31920, 29.37186, 1.00000, align = { 0.00000, 0.00000 }, },
				{ 0.06627, 0.99780, 0.00000, 0.00000, -0.99780, 0.06627, 0.00000, 0.00000, 0.00000, -0.00000, 1.00000, 0.00000, -9.14714, 21.08332, 29.37186, 1.00000, align = { 0.00000, 0.00000 }, },
				{ 0.06627, 0.99780, 0.00000, 0.00000, -0.99780, 0.06627, 0.00000, 0.00000, 0.00000, -0.00000, 1.00000, 0.00000, 8.70286, 21.08332, 29.37186, 1.00000, align = { 0.00000, 0.00000 }, },
				{ 0.06627, 0.99780, 0.00000, 0.00000, -0.99780, 0.06627, 0.00000, 0.00000, 0.00000, -0.00000, 1.00000, 0.00000, -9.14714, 17.68332, 29.37186, 1.00000, align = { 0.00000, 0.00000 }, },
				{ 0.06627, 0.99780, 0.00000, 0.00000, -0.99780, 0.06627, 0.00000, 0.00000, 0.00000, -0.00000, 1.00000, 0.00000, 8.70286, 17.68332, 29.37186, 1.00000, align = { 0.00000, 0.00000 }, },
				{ 0.06627, 0.99780, 0.00000, 0.00000, -0.99780, 0.06627, 0.00000, 0.00000, 0.00000, -0.00000, 1.00000, 0.00000, -9.14714, 14.43332, 29.37186, 1.00000, align = { 0.00000, 0.00000 }, },
				{ 0.06627, 0.99780, 0.00000, 0.00000, -0.99780, 0.06627, 0.00000, 0.00000, 0.00000, -0.00000, 1.00000, 0.00000, 8.70286, 14.43332, 29.37186, 1.00000, align = { 0.00000, 0.00000 }, },
				{ 0.06627, 0.99780, 0.00000, 0.00000, -0.99780, 0.06627, 0.00000, 0.00000, 0.00000, -0.00000, 1.00000, 0.00000, -9.14714, 11.28332, 29.37186, 1.00000, align = { 0.00000, 0.00000 }, },
				{ 0.06627, 0.99780, 0.00000, 0.00000, -0.99780, 0.06627, 0.00000, 0.00000, 0.00000, -0.00000, 1.00000, 0.00000, 8.70286, 11.28332, 29.37186, 1.00000, align = { 0.00000, 0.00000 }, },
				{ -0.86163, 0.50754, -0.00000, 0.00000, -0.50754, -0.86163, 0.00000, 0.00000, -0.00000, 0.00000, 1.00000, 0.00000, 4.05571, 2.26640, 4.58794, 1.00000, align = { 0.00000, 0.00000 }, },
				{ -0.64145, -0.76717, -0.00000, 0.00000, 0.76717, -0.64145, -0.00000, 0.00000, -0.00000, -0.00000, 1.00000, 0.00000, 6.65728, 3.09579, 4.58794, 1.00000, align = { 0.00000, 0.00000 }, },
			},
			["asset/commercial/era_c/com_2_to_4_ground_table_02.mdl"] = {
				{ -0.01396, -0.99990, -0.00000, 0.00000, 0.99990, -0.01396, 0.00000, 0.00000, -0.00000, 0.00000, 1.00000, 0.00000, -8.75671, 21.82794, 29.37186, 1.00000, align = { 0.00000, 0.00000 }, },
				{ -0.01396, -0.99990, -0.00000, 0.00000, 0.99990, -0.01396, 0.00000, 0.00000, -0.00000, 0.00000, 1.00000, 0.00000, 9.09329, 21.82794, 29.37186, 1.00000, align = { 0.00000, 0.00000 }, },
				{ 0.01222, -0.99993, 0.00000, 0.00000, 0.99993, 0.01222, -0.00000, 0.00000, 0.00000, 0.00000, 1.00000, 0.00000, -8.79925, 18.42738, 29.37186, 1.00000, align = { 0.00000, 0.00000 }, },
				{ 0.01222, -0.99993, 0.00000, 0.00000, 0.99993, 0.01222, -0.00000, 0.00000, 0.00000, 0.00000, 1.00000, 0.00000, 9.05075, 18.42738, 29.37186, 1.00000, align = { 0.00000, 0.00000 }, },
				{ 0.01222, -0.99993, 0.00000, 0.00000, 0.99993, 0.01222, -0.00000, 0.00000, 0.00000, 0.00000, 1.00000, 0.00000, -8.71417, 15.17850, 29.37186, 1.00000, align = { 0.00000, 0.00000 }, },
				{ 0.01222, -0.99993, 0.00000, 0.00000, 0.99993, 0.01222, -0.00000, 0.00000, 0.00000, 0.00000, 1.00000, 0.00000, 9.13583, 15.17850, 29.37186, 1.00000, align = { 0.00000, 0.00000 }, },
				{ 0.99993, 0.01222, 0.00000, 0.00000, -0.01222, 0.99993, -0.00000, 0.00000, -0.00000, 0.00000, 1.00000, 0.00000, 5.88000, 19.20000, 29.37186, 1.00000, align = { 0.00000, 0.00000 }, },
				{ 0.99993, 0.01222, 0.00000, 0.00000, -0.01222, 0.99993, -0.00000, 0.00000, -0.00000, 0.00000, 1.00000, 0.00000, 5.88000, 21.38000, 29.37186, 1.00000, align = { 0.00000, 0.00000 }, },
				{ -0.01396, -0.99990, -0.00000, 0.00000, 0.99990, -0.01396, 0.00000, 0.00000, -0.00000, 0.00000, 1.00000, 0.00000, -8.75671, 12.02794, 29.37186, 1.00000, align = { 0.00000, 0.00000 }, },
				{ -0.01396, -0.99990, -0.00000, 0.00000, 0.99990, -0.01396, 0.00000, 0.00000, -0.00000, 0.00000, 1.00000, 0.00000, 9.09329, 12.02794, 29.37186, 1.00000, align = { 0.00000, 0.00000 }, },
			},
			["asset/ground/garden_bench_wood_01.mdl"] = {
				{ 1.00000, 0.00000, 0.00000, 0.00000, 0.00000, 1.00000, 0.00000, 0.00000, 0.00000, 0.00000, 1.00000, 0.00000, -3.26000, 7.51000, 20.85930, 1.00000, align = { 0.00000, 0.00000 }, },
				{ 0.99692, -0.07846, 0.00000, 0.00000, 0.07846, 0.99692, 0.00000, 0.00000, 0.00000, 0.00000, 1.00000, 0.00000, 3.54000, 7.51000, 20.85930, 1.00000, align = { 0.00000, 0.00000 }, },
			},
			["asset/ground/garden_chair_metal_01.mdl"] = {
				{ 0.88295, 0.46947, 0.00000, 0.00000, -0.46947, 0.88295, 0.00000, 0.00000, 0.00000, 0.00000, 1.00000, 0.00000, -4.07000, 7.35000, 26.50754, 1.00000, align = { 0.00000, 0.00000 }, },
				{ 0.13053, -0.99144, 0.00000, 0.00000, 0.99144, 0.13053, 0.00000, 0.00000, 0.00000, 0.00000, 1.00000, 0.00000, -2.58000, 6.58000, 26.50754, 1.00000, align = { 0.00000, 0.00000 }, },
			},
			["asset/ground/garden_chair_plastic_01.mdl"] = {
				{ 0.94264, -0.33381, 0.00000, 0.00000, 0.33381, 0.94264, 0.00000, 0.00000, 0.00000, 0.00000, 1.00000, 0.00000, -3.38000, 7.32000, 15.30050, 1.00000, align = { 0.00000, 0.00000 }, },
				{ 0.66783, 0.74431, 0.00000, 0.00000, -0.74431, 0.66783, 0.00000, 0.00000, 0.00000, 0.00000, 1.00000, 0.00000, -4.59000, 6.83000, 15.30050, 1.00000, align = { 0.00000, 0.00000 }, },
				{ 0.66783, 0.74431, 0.00000, 0.00000, -0.00779, 0.00699, -0.99995, 0.00000, -0.74427, 0.66780, 0.01047, 0.00000, 4.37000, 7.16000, 15.50151, 1.00000, align = { 0.00000, 0.00000 }, },
			},
			["asset/ground/garden_table_round_wood_01.mdl"] = {
				{ 0.99144, -0.13053, 0.00000, 0.00000, 0.13053, 0.99144, 0.00000, 0.00000, 0.00000, 0.00000, 1.00000, 0.00000, -6.64000, 2.57000, 4.58794, 1.00000, align = { 0.00000, 0.00000 }, },
				{ 0.99144, 0.13053, 0.00000, 0.00000, -0.13053, 0.99144, 0.00000, 0.00000, 0.00000, 0.00000, 1.00000, 0.00000, -3.26000, 2.57000, 4.58794, 1.00000, align = { 0.00000, 0.00000 }, },
				{ 0.99863, -0.05234, 0.00000, 0.00000, 0.05234, 0.99863, 0.00000, 0.00000, 0.00000, 0.00000, 1.00000, 0.00000, 0.07000, 2.57000, 4.58794, 1.00000, align = { 0.00000, 0.00000 }, },
				{ 0.83867, 0.54464, 0.00000, 0.00000, -0.54464, 0.83867, 0.00000, 0.00000, 0.00000, 0.00000, 1.00000, 0.00000, -4.84000, 6.57000, 12.58794, 1.00000, align = { 0.00000, 0.00000 }, },
				{ 0.99905, 0.04362, 0.00000, 0.00000, -0.04362, 0.99905, 0.00000, 0.00000, 0.00000, 0.00000, 1.00000, 0.00000, -2.19000, 6.57000, 12.58794, 1.00000, align = { 0.00000, 0.00000 }, },
				{ 0.99905, 0.04362, 0.00000, 0.00000, -0.04362, 0.99905, 0.00000, 0.00000, 0.00000, 0.00000, 1.00000, 0.00000, -3.65000, 6.56000, 26.48744, 1.00000, align = { 0.00000, 0.00000 }, },
				{ 0.31068, -0.95052, 0.00000, 0.00000, 0.95052, 0.31068, 0.00000, 0.00000, 0.00000, 0.00000, 1.00000, 0.00000, 3.60000, 6.92000, 26.48744, 1.00000, align = { 0.00000, 0.00000 }, },
				{ 0.97237, -0.23345, 0.00000, 0.00000, 0.23345, 0.97237, 0.00000, 0.00000, 0.00000, 0.00000, 1.00000, 0.00000, 2.88000, 6.57000, 12.58794, 1.00000, align = { 0.00000, 0.00000 }, },
				{ 0.97237, -0.23345, 0.00000, 0.00000, 0.23345, 0.97237, 0.00000, 0.00000, 0.00000, 0.00000, 1.00000, 0.00000, 5.51000, 6.36000, 12.58794, 1.00000, align = { 0.00000, 0.00000 }, },
				{ 0.86163, -0.50754, 0.00000, 0.00000, 0.50754, 0.86163, 0.00000, 0.00000, 0.00000, 0.00000, 1.00000, 0.00000, 3.45254, 2.58039, 4.58794, 1.00000, align = { 0.00000, 0.00000 }, },
				{ 0.64145, 0.76717, 0.00000, 0.00000, -0.76717, 0.64145, 0.00000, 0.00000, 0.00000, 0.00000, 1.00000, 0.00000, 6.24899, 2.55201, 4.58794, 1.00000, align = { 0.00000, 0.00000 }, },
			},
			["asset/industry/cardboard_box_01.mdl"] = {
				{ -0.00000, 1.00000, -0.00000, 0.00000, -1.00000, -0.00000, 0.00000, 0.00000, -0.00000, 0.00000, 1.00000, 0.00000, 5.98000, 24.52500, 12.72362, 1.00000, align = { 0.00000, 0.00000 }, },
				{ -0.10065, -0.75835, -0.00000, 0.00000, 0.75835, -0.10065, 0.00000, 0.00000, -0.00000, 0.00000, 0.76500, 0.00000, 5.97000, 25.10500, 12.72362, 1.00000, align = { 0.00000, 0.00000 }, },
			},
			["asset/industry/pallet_01.mdl"] = {
				{ 1.00000, 0.00000, 0.00000, 0.00000, 0.00000, 1.00000, 0.00000, 0.00000, 0.00000, 0.00000, 1.00000, 0.00000, 5.93000, 25.02000, 12.58291, 1.00000, align = { 0.00000, 0.00000 }, },
			},
			["street/street_asset_mix/trash_standing_c.mdl"] = {
				{ 1.00000, 0.00000, 0.00000, 0.00000, 0.00000, 1.00000, 0.00000, 0.00000, 0.00000, 0.00000, 1.00000, 0.00000, -1.02500, 9.63000, 29.39698, 1.00000, align = { 0.00000, 0.00000 }, },
			},
		},
		groups = {
			["era_c_com_2_to_4_wall_sign_large.grp"] = {
				{ -0.00000, -1.00000, 0.00000, 0.00000, 1.00000, -0.00000, 0.00000, 0.00000, 0.00000, 0.00000, 1.00000, 0.00000, -10.66000, 15.88000, 16.58291, 1.00000, },
			},
			["garden_sunshade_large_02.grp"] = {
				{ 0.99144, -0.13053, 0.00000, 0.00000, 0.13053, 0.99144, 0.00000, 0.00000, 0.00000, 0.00000, 1.00000, 0.00000, -6.64000, 2.57000, 4.58794, 1.00000, },
				{ 0.99144, 0.13053, 0.00000, 0.00000, -0.13053, 0.99144, 0.00000, 0.00000, 0.00000, 0.00000, 1.00000, 0.00000, -3.26000, 2.57000, 4.58794, 1.00000, },
				{ 0.99863, -0.05234, 0.00000, 0.00000, 0.05234, 0.99863, 0.00000, 0.00000, 0.00000, 0.00000, 1.00000, 0.00000, 0.07000, 2.57000, 4.58794, 1.00000, },
				{ 0.86163, -0.50754, 0.00000, 0.00000, 0.50754, 0.86163, 0.00000, 0.00000, 0.00000, 0.00000, 1.00000, 0.00000, 3.45254, 2.58039, 4.58794, 1.00000, },
				{ 0.64145, 0.76717, 0.00000, 0.00000, -0.76717, 0.64145, 0.00000, 0.00000, 0.00000, 0.00000, 1.00000, 0.00000, 6.24899, 2.55201, 4.58794, 1.00000, },
			},
		},
	},
}
--End Generated

function data()
	return townbuildingutil.make_building2(
		{ { -4.60, -0.10 }, { 4.60, -0.10 }, { 4.60, 9.10 }, { -4.60, 9.10 } },
		"COMMERCIAL", 
		"C", 
		3,
		{ 4, 4 },
		generatedData,
		"construction/building/era_c/com_3_4x4_03.gtex"
	)
end
