local townbuildingutil = require "townbuildingutil"

--Model file: "building/era_c/com_3_1x2_02.mdl"

--Begin Generated
local generatedData = {
	["base"] = {
		models = {
			["building/era_c/com_3_1x2_02.mdl"] = {
				{ 1.00000, 0.00000, 0.00000, 0.00000, 0.00000, 1.00000, 0.00000, 0.00000, 0.00000, 0.00000, 1.00000, 0.00000, 0.00000, 0.00000, 0.00000, 1.00000, },
			},
		},
		curves = {
			["scaffold"] = {
				{ { 2.29692, 0.57233, 0.00000 }, { 2.29692, 0.57233, 0.00000 }, { 2.29692, 1.66595, 0.00000 }, { 2.29692, 1.66595, 0.00000 }, { 2.29692, 1.66595, 0.00000 }, { 3.29694, 1.66595, 0.00000 }, { 3.29694, 1.66595, 0.00000 }, { 3.29694, 1.66595, 0.00000 }, { 3.29693, 9.37238, 0.00000 }, { 3.29693, 9.37238, 0.00000 }, { 3.29693, 9.37238, 0.00000 }, { 2.07050, 9.37238, 0.00000 }, { 2.07050, 9.37238, 0.00000 }, { 2.07050, 9.37238, 0.00000 }, { 2.07050, 15.05231, 0.00000 }, { 2.07050, 15.05231, 0.00000 }, { 2.07050, 15.05231, 0.00000 }, { -3.08950, 15.05234, 0.00000 }, { -3.08950, 15.05234, 0.00000 }, { -3.08950, 15.05234, 0.00000 }, { -3.08950, 6.31927, 0.00000 }, { -3.08950, 6.31927, 0.00000 }, { -3.08950, 6.31927, 0.00000 }, { -3.23782, 6.31927, 0.00000 }, { -3.23782, 6.31927, 0.00000 }, { -3.23782, 6.31927, 0.00000 }, { -3.23782, 2.42773, 0.00000 }, { -3.23782, 2.42773, 0.00000 }, { -3.23782, 2.42773, 0.00000 }, { -2.31683, 2.42773, 0.00000 }, { -2.31683, 2.42773, 0.00000 }, { -2.31683, 2.42773, 0.00000 }, { -2.31683, 1.66595, 0.00000 }, { -2.31683, 1.66595, 0.00000 }, { -2.31683, 1.66595, 0.00000 }, { -1.31681, 1.66595, 0.00000 }, { -1.31681, 1.66595, 0.00000 }, { -1.31681, 1.66595, 0.00000 }, { -1.31684, 0.57233, 0.00000 }, { -1.31684, 0.57233, 0.00000 }, },
			},
			["shared/asphalt_02.gtex.lua;shared/dirt.gtex.lua"] = {
				{ { 8.00000, 0.00000, -0.00001 }, { 8.00000, 0.00000, -0.00001 }, { 8.00000, 16.00000, -0.00001 }, { 8.00000, 16.00000, -0.00001 }, { 8.00000, 16.00000, -0.00001 }, { -8.00000, 16.00000, -0.00001 }, { -8.00000, 16.00000, -0.00001 }, { -8.00000, 16.00000, -0.00001 }, { -8.00000, 0.00000, -0.00001 }, { -8.00000, 0.00000, -0.00001 }, },
			},
		},
	},
	["layout_1"] = {
		models = {
			["asset/ground/garden_chair_plastic_01.mdl"] = {
				{ 0.93042, -0.36650, 0.00000, 0.00000, 0.36650, 0.93042, 0.00000, 0.00000, 0.00000, 0.00000, 1.00000, 0.00000, -2.46000, 5.56000, 4.09648, 1.00000, align = { 0.00000, 0.00000 }, },
				{ 0.19081, -0.98163, 0.00000, 0.00000, 0.98163, 0.19081, 0.00000, 0.00000, 0.00000, 0.00000, 1.00000, 0.00000, -2.46000, 5.56000, 9.69045, 1.00000, align = { 0.00000, 0.00000 }, },
				{ -0.45399, -0.89101, 0.00000, 0.00000, 0.89101, -0.45399, 0.00000, 0.00000, 0.00000, 0.00000, 1.00000, 0.00000, -2.40000, 2.83500, 9.69045, 1.00000, align = { 0.00000, 0.00000 }, },
			},
		},
		groups = {
			["era_c_com_2_to_4_wall_store_sign.grp"] = {
				{ -0.00000, 1.00000, 0.00000, 0.00000, -1.00000, -0.00000, 0.00000, 0.00000, 0.00000, 0.00000, 1.00000, 0.00000, 1.90000, 1.22000, 2.65327, 1.00000, align = { 0.00000, 0.00000 }, },
			},
		},
	},
}
--End Generated

function data()
	return townbuildingutil.make_building2(
		{ { -4.60, -0.10 }, { 4.60, -0.10 }, { 4.60, 9.10 }, { -4.60, 9.10 } },
		"COMMERCIAL", 
		"C", 
		3,
		{ 2, 2 },
		generatedData,
		"construction/building/era_c/com_3_2x2_01.gtex"
	)
end
