local townbuildingutil = require "townbuildingutil"

--Model file: "building/era_c/com_1_2x3_02.mdl"

--Begin Generated
local generatedData = {
	["base"] = {
		models = {
			["building/era_c/com_1_2x3_02.mdl"] = {
				{ 1.00000, 0.00000, 0.00000, 0.00000, 0.00000, 1.00000, 0.00000, 0.00000, 0.00000, 0.00000, 1.00000, 0.00000, -7.50000, -6.66292, 0.00000, 1.00000, },
			},
		},
		curves = {
			["scaffold"] = {
				{ { -3.30670, -0.07997, 0.00000 }, { -3.30670, -0.07997, 0.00000 }, { -3.30670, 12.02690, 0.00000 }, { -3.30670, 12.02690, 0.00000 }, { -3.30670, 12.02690, 0.00000 }, { -12.07501, 12.03000, 0.00000 }, { -12.07501, 12.03000, 0.00000 }, { -12.07501, 12.03000, 0.00000 }, { -12.05524, -0.08000, 0.00000 }, { -12.05524, -0.08000, 0.00000 }, },
			},
			["shared/asphalt_01.gtex.lua;shared/dirt.gtex.lua"] = {
				{ { 12.00000, 14.00000, 0.00000 }, { 12.00000, 14.00000, 0.00000 }, { 12.00000, 30.00000, 0.00000 }, { 12.00000, 30.00000, 0.00000 }, { 12.00000, 30.00000, 0.00000 }, { -12.00000, 30.00000, 0.00000 }, { -12.00000, 30.00000, 0.00000 }, { -12.00000, 30.00000, 0.00000 }, { -12.00000, 12.60000, 0.00000 }, { -12.00000, 12.60000, 0.00000 }, { -12.00000, 12.60000, 0.00000 }, { -2.00000, 12.60000, 0.00000 }, { -2.00000, 12.60000, 0.00000 }, { -2.00000, 12.60000, 0.00000 }, { -2.00000, 24.00000, 0.00000 }, { -2.00000, 24.00000, 0.00000 }, { -2.00000, 24.00000, 0.00000 }, { 6.00000, 24.00000, 0.00000 }, { 6.00000, 24.00000, 0.00000 }, { 6.00000, 24.00000, 0.00000 }, { 6.00000, 14.00000, 0.00000 }, { 6.00000, 14.00000, 0.00000 }, },
			},
			["shared/asphalt_02.gtex.lua;shared/dirt.gtex.lua"] = {
				{ { 6.00000, 0.00000, 0.00000 }, { 6.00000, 0.00000, 0.00000 }, { 6.00000, 23.99999, 0.00000 }, { 6.00000, 24.00000, 0.00000 }, { 6.00000, 24.00000, 0.00000 }, { -2.00000, 24.00000, 0.00000 }, { -2.00000, 24.00000, 0.00000 }, { -2.00000, 24.00000, 0.00000 }, { -2.00000, 12.60000, 0.00000 }, { -2.00000, 12.60000, 0.00000 }, { -2.00000, 12.60000, 0.00000 }, { -12.00000, 12.60000, 0.00000 }, { -12.00000, 12.60000, 0.00000 }, { -12.00000, 12.60000, 0.00000 }, { -12.00000, 0.00000, 0.00000 }, { -12.00000, 0.00000, 0.00000 }, },
			},
			["shared/grass_cutted_01.gtex.lua"] = {
				{ { 12.00000, 0.00000, 0.00000 }, { 12.00000, 0.00000, 0.00000 }, { 12.00000, 14.00000, 0.00000 }, { 12.00000, 14.00000, 0.00000 }, { 12.00000, 14.00000, 0.00000 }, { 6.00000, 14.00000, 0.00000 }, { 6.00000, 14.00000, 0.00000 }, { 6.00000, 14.00000, 0.00000 }, { 6.00000, 0.00000, 0.00000 }, { 6.00000, 0.00000, 0.00000 }, },
			},
		},
	},
	["layout_1"] = {
		models = {
			["asset/commercial/all_eras/era_c_com_wall.mdl"] = {
				{ -0.00000, 0.73500, 0.00000, 0.00000, -1.00000, -0.00000, -0.00000, 0.00000, -0.00000, -0.00000, 1.00000, 0.00000, -11.81999, 4.90000, 0.00000, 1.00000, },
				{ 0.00000, -1.00000, 0.00000, 0.00000, 1.00000, 0.00000, -0.00000, 0.00000, 0.00000, 0.00000, 1.00000, 0.00000, -11.81998, 7.50000, 0.00000, 1.00000, },
				{ -0.00000, 1.00000, 0.00000, 0.00000, -1.00000, -0.00000, -0.00000, 0.00000, -0.00000, -0.00000, 1.00000, 0.00000, -11.81998, 10.50000, 0.00000, 1.00000, },
				{ 0.00000, -1.00000, 0.00000, 0.00000, 1.00000, 0.00000, -0.00000, 0.00000, 0.00000, 0.00000, 1.00000, 0.00000, -11.81998, 13.50000, 0.00000, 1.00000, },
				{ -0.00000, 1.00000, 0.00000, 0.00000, -1.00000, -0.00000, -0.00000, 0.00000, -0.00000, -0.00000, 1.00000, 0.00000, -11.81998, 16.50000, 0.00000, 1.00000, },
				{ 0.00000, -1.00000, 0.00000, 0.00000, 1.00000, 0.00000, -0.00000, 0.00000, 0.00000, 0.00000, 1.00000, 0.00000, -11.81998, 19.50000, 0.00000, 1.00000, },
				{ -0.00000, 1.00000, 0.00000, 0.00000, -1.00000, -0.00000, -0.00000, 0.00000, -0.00000, -0.00000, 1.00000, 0.00000, -11.81998, 22.50000, 0.00000, 1.00000, },
				{ -0.00000, 1.00000, 0.00000, 0.00000, -1.00000, -0.00000, -0.00000, 0.00000, -0.00000, -0.00000, 1.00000, 0.00000, -11.81998, 25.50000, 0.00000, 1.00000, },
				{ -0.00000, 1.00000, 0.00000, 0.00000, -1.00000, -0.00000, -0.00000, 0.00000, -0.00000, -0.00000, 1.00000, 0.00000, -11.81998, 28.50000, 0.00000, 1.00000, },
				{ 1.00000, 0.00000, 0.00000, 0.00000, -0.00000, 1.00000, -0.00000, 0.00000, -0.00000, 0.00000, 1.00000, 0.00000, -10.49998, 30.15000, 0.00000, 1.00000, },
				{ -1.00000, -0.00000, 0.00000, 0.00000, 0.00000, -1.00000, -0.00000, 0.00000, 0.00000, -0.00000, 1.00000, 0.00000, -7.49998, 30.15000, 0.00000, 1.00000, },
				{ 1.00000, 0.00000, 0.00000, 0.00000, -0.00000, 1.00000, -0.00000, 0.00000, -0.00000, 0.00000, 1.00000, 0.00000, -4.49998, 30.15000, 0.00000, 1.00000, },
				{ -1.00000, -0.00000, 0.00000, 0.00000, 0.00000, -1.00000, -0.00000, 0.00000, 0.00000, -0.00000, 1.00000, 0.00000, -1.49998, 30.15000, 0.00000, 1.00000, },
				{ 1.00000, 0.00000, 0.00000, 0.00000, -0.00000, 1.00000, -0.00000, 0.00000, -0.00000, 0.00000, 1.00000, 0.00000, 1.50002, 30.15000, 0.00000, 1.00000, },
				{ -1.00000, -0.00000, 0.00000, 0.00000, 0.00000, -1.00000, -0.00000, 0.00000, 0.00000, -0.00000, 1.00000, 0.00000, 4.50002, 30.15000, 0.00000, 1.00000, },
				{ 1.00000, 0.00000, 0.00000, 0.00000, -0.00000, 1.00000, -0.00000, 0.00000, -0.00000, 0.00000, 1.00000, 0.00000, 7.50002, 30.15000, 0.00000, 1.00000, },
				{ 1.00000, 0.00000, 0.00000, 0.00000, -0.00000, 1.00000, -0.00000, 0.00000, -0.00000, 0.00000, 1.00000, 0.00000, 10.50002, 30.15000, 0.00000, 1.00000, },
				{ -0.00000, 1.00000, 0.00000, 0.00000, -1.00000, -0.00000, -0.00000, 0.00000, -0.00000, -0.00000, 1.00000, 0.00000, 11.85002, 28.50000, 0.00000, 1.00000, },
				{ -0.00000, 1.00000, 0.00000, 0.00000, -1.00000, -0.00000, -0.00000, 0.00000, -0.00000, -0.00000, 1.00000, 0.00000, 11.85002, 25.50000, 0.00000, 1.00000, },
				{ -0.00000, 1.00000, 0.00000, 0.00000, -1.00000, -0.00000, -0.00000, 0.00000, -0.00000, -0.00000, 1.00000, 0.00000, 11.85002, 22.50000, 0.00000, 1.00000, },
				{ 0.00000, -1.00000, 0.00000, 0.00000, 1.00000, 0.00000, -0.00000, 0.00000, 0.00000, 0.00000, 1.00000, 0.00000, 11.85002, 19.50000, 0.00000, 1.00000, },
				{ -0.00000, 1.00000, 0.00000, 0.00000, -1.00000, -0.00000, -0.00000, 0.00000, -0.00000, -0.00000, 1.00000, 0.00000, 11.85002, 16.50000, 0.00000, 1.00000, },
				{ 0.00000, -1.00000, 0.00000, 0.00000, 1.00000, 0.00000, -0.00000, 0.00000, 0.00000, 0.00000, 1.00000, 0.00000, 11.85002, 13.50000, 0.00000, 1.00000, },
				{ -0.00000, 1.00000, 0.00000, 0.00000, -1.00000, -0.00000, -0.00000, 0.00000, -0.00000, -0.00000, 1.00000, 0.00000, 11.85002, 10.50000, 0.00000, 1.00000, },
				{ 0.00000, -1.00000, 0.00000, 0.00000, 1.00000, 0.00000, -0.00000, 0.00000, 0.00000, 0.00000, 1.00000, 0.00000, 11.85002, 7.50000, 0.00000, 1.00000, },
				{ -0.00000, 1.00000, 0.00000, 0.00000, -1.00000, -0.00000, -0.00000, 0.00000, -0.00000, -0.00000, 1.00000, 0.00000, 11.85001, 4.50000, 0.00000, 1.00000, },
				{ -0.00000, 1.00000, 0.00000, 0.00000, -1.00000, -0.00000, -0.00000, 0.00000, -0.00000, -0.00000, 1.00000, 0.00000, 11.85001, 1.50000, 0.00000, 1.00000, },
			},
			["asset/commercial/era_c/com_2_to_4_ground_chair_01.mdl"] = {
				{ 0.05510, -0.99848, 0.00000, 0.00000, 0.99848, 0.05510, 0.00000, 0.00000, 0.00000, 0.00000, 1.00000, 0.00000, -5.60000, 23.65320, 0.00000, 1.00000, },
				{ -0.10534, -0.99444, -0.00000, 0.00000, 0.99444, -0.10534, 0.00000, 0.00000, -0.00000, 0.00000, 1.00000, 0.00000, -4.90000, 23.65320, 0.00000, 1.00000, },
				{ 0.10891, -0.99405, 0.00000, 0.00000, 0.99405, 0.10891, -0.00000, 0.00000, 0.00000, 0.00000, 1.00000, 0.00000, -4.16000, 23.65320, 0.00000, 1.00000, },
				{ -0.05060, -0.99872, -0.00000, 0.00000, 0.99872, -0.05060, 0.00000, 0.00000, -0.00000, 0.00000, 1.00000, 0.00000, -3.40000, 23.65320, 0.00000, 1.00000, },
				{ -0.06717, -0.99774, -0.00000, 0.00000, 0.99774, -0.06717, 0.00000, 0.00000, -0.00000, 0.00000, 1.00000, 0.00000, -5.60000, 22.85320, 0.00000, 1.00000, },
				{ -0.08229, -0.99661, -0.00000, 0.00000, 0.99661, -0.08229, 0.00000, 0.00000, -0.00000, 0.00000, 1.00000, 0.00000, -4.16000, 22.85320, 0.00000, 1.00000, },
				{ -0.00000, -1.00000, -0.00000, 0.00000, 1.00000, -0.00000, 0.00000, 0.00000, -0.00000, 0.00000, 1.00000, 0.00000, -3.40000, 22.85320, 0.00000, 1.00000, },
				{ 0.07133, -0.99745, 0.00000, 0.00000, 0.99745, 0.07133, 0.00000, 0.00000, -0.00000, -0.00000, 1.00000, 0.00000, -4.90000, 22.85320, 0.00000, 1.00000, },
				{ -0.03888, -0.99924, -0.00000, 0.00000, 0.99924, -0.03888, 0.00000, 0.00000, -0.00000, 0.00000, 1.00000, 0.00000, -5.60000, 22.13320, 0.00000, 1.00000, },
				{ -0.07149, -0.99744, -0.00000, 0.00000, 0.99744, -0.07149, 0.00000, 0.00000, -0.00000, 0.00000, 1.00000, 0.00000, -4.90000, 22.13320, 0.00000, 1.00000, },
				{ 0.05183, -0.99866, 0.00000, 0.00000, 0.99866, 0.05183, 0.00000, 0.00000, 0.00000, 0.00000, 1.00000, 0.00000, -4.16000, 22.13320, 0.00000, 1.00000, },
				{ -0.08709, -0.99620, -0.00000, 0.00000, 0.99620, -0.08709, 0.00000, 0.00000, -0.00000, 0.00000, 1.00000, 0.00000, -3.40000, 22.13320, 0.00000, 1.00000, },
				{ 0.15299, -0.98823, 0.00000, 0.00000, 0.98823, 0.15299, -0.00000, 0.00000, 0.00000, 0.00000, 1.00000, 0.00000, -2.42000, 23.65320, 0.00000, 1.00000, },
				{ 0.99985, -0.01745, 0.00000, 0.00000, 0.01745, 0.99985, 0.00000, 0.00000, -0.00000, -0.00000, 1.00000, 0.00000, 7.61557, 4.73482, -0.00000, 1.00000, },
				{ 0.97742, -0.21132, 0.00000, 0.00000, 0.21132, 0.97742, 0.00000, 0.00000, -0.00000, -0.00000, 1.00000, 0.00000, 7.67986, 5.70268, 0.00000, 1.00000, },
				{ -0.99415, 0.10800, -0.00000, 0.00000, -0.10800, -0.99415, 0.00000, 0.00000, -0.00000, 0.00000, 1.00000, 0.00000, 8.86879, 4.74178, 0.00000, 1.00000, },
				{ -0.99415, 0.10800, -0.00000, 0.00000, -0.10800, -0.99415, 0.00000, 0.00000, -0.00000, 0.00000, 1.00000, 0.00000, 8.86879, 4.74178, 0.00000, 1.00000, },
				{ -0.99999, 0.00349, -0.00000, 0.00000, -0.00349, -0.99999, 0.00000, 0.00000, -0.00000, 0.00000, 1.00000, 0.00000, 8.92711, 5.61984, 0.00000, 1.00000, },
			},
			["asset/commercial/era_c/com_2_to_4_ground_sun_shade_01.mdl"] = {
				{ 1.00000, 0.00000, 0.00000, 0.00000, 0.00000, 1.00000, 0.00000, 0.00000, 0.00000, 0.00000, 1.00000, 0.00000, 9.25000, 22.99150, 0.00000, 1.00000, },
				{ 0.99780, -0.06627, 0.00000, 0.00000, 0.06627, 0.99780, 0.00000, 0.00000, 0.00000, 0.00000, 1.00000, 0.00000, 8.26000, 5.12150, 0.00000, 1.00000, },
			},
			["asset/commercial/era_c/com_2_to_4_ground_table_01.mdl"] = {
				{ 0.99780, -0.06627, 0.00000, 0.00000, 0.06627, 0.99780, 0.00000, 0.00000, 0.00000, 0.00000, 1.00000, 0.00000, 8.26381, 5.13935, 0.00000, 1.00000, },
				{ 0.99996, 0.00873, 0.00000, 0.00000, -0.00873, 0.99996, 0.00000, 0.00000, 0.00000, 0.00000, 1.00000, 0.00000, -7.29620, 19.77935, 0.00000, 1.00000, },
			},
			["asset/commercial/era_c/com_2_to_4_wall_awning_02_end_02.mdl"] = {
				{ -0.00000, 1.14500, -0.00000, 0.00000, -1.14500, -0.00000, 0.00000, 0.00000, -0.00000, 0.00000, 1.14500, 0.00000, -3.38000, 5.45000, 0.00000, 1.00000, align = { -7.50000, -6.66292 }, },
				{ -0.00000, 1.14500, -0.00000, 0.00000, -1.14500, -0.00000, 0.00000, 0.00000, -0.00000, 0.00000, 1.14500, 0.00000, -3.38000, 9.73000, 0.00000, 1.00000, align = { -7.50000, -6.66292 }, },
			},
			["asset/commercial/era_c/com_2_to_4_wall_awning_02_repeat_02.mdl"] = {
				{ -0.00000, 1.14500, -0.00000, 0.00000, -1.14500, -0.00000, 0.00000, 0.00000, -0.00000, 0.00000, 1.14500, 0.00000, -3.38000, 5.45000, 0.00000, 1.00000, align = { -7.50000, -6.66292 }, },
				{ -0.00000, 1.14500, -0.00000, 0.00000, -1.14500, -0.00000, 0.00000, 0.00000, -0.00000, 0.00000, 1.14500, 0.00000, -3.38000, 9.73000, 0.00000, 1.00000, align = { -7.50000, -6.66292 }, },
			},
			["asset/commercial/era_c/com_2_to_4_wall_awning_02_start_02.mdl"] = {
				{ -0.00000, 1.14500, -0.00000, 0.00000, -1.14500, -0.00000, 0.00000, 0.00000, -0.00000, 0.00000, 1.14500, 0.00000, -3.38000, 5.45000, 0.00000, 1.00000, align = { -7.50000, -6.66292 }, },
				{ -0.00000, 1.14500, -0.00000, 0.00000, -1.14500, -0.00000, 0.00000, 0.00000, -0.00000, 0.00000, 1.14500, 0.00000, -3.38000, 9.73000, 0.00000, 1.00000, align = { -7.50000, -6.66292 }, },
			},
			["asset/commercial/era_c/com_2_to_4_wall_sign_05.mdl"] = {
				{ 1.40220, 0.00000, 0.00000, 0.00000, 0.00000, 1.40220, 0.00000, 0.00000, 0.00000, 0.00000, 1.40220, 0.00000, -9.53683, -0.04000, -0.12228, 1.00000, align = { -7.50000, -6.66292 }, },
				{ -0.00000, -1.40220, 0.00000, 0.00000, 1.40220, -0.00000, 0.00000, 0.00000, 0.00000, 0.00000, 1.40220, 0.00000, -12.00683, 2.15000, -0.12228, 1.00000, align = { -7.50000, -6.66292 }, },
				{ 1.04856, 0.93096, 0.00000, 0.00000, -0.93096, 1.04856, 0.00000, 0.00000, 0.00000, 0.00000, 1.40220, 0.00000, -5.21683, 1.59000, -0.12228, 1.00000, align = { -7.50000, -6.66292 }, },
			},
			["asset/ground/garden_bench_ratan_01_end.mdl"] = {
				{ 1.00000, 0.00000, 0.00000, 0.00000, 0.00000, 1.00000, 0.00000, 0.00000, 0.00000, 0.00000, 1.00000, 0.00000, -9.23733, 28.00000, 0.00000, 1.00000, },
				{ 1.00000, 0.00000, 0.00000, 0.00000, 0.00000, 1.00000, 0.00000, 0.00000, 0.00000, 0.00000, 1.00000, 0.00000, -10.03265, 29.31660, 0.00000, 1.00000, },
				{ 1.00000, 0.00000, 0.00000, 0.00000, 0.00000, 1.00000, 0.00000, 0.00000, 0.00000, 0.00000, 1.00000, 0.00000, -8.44233, 26.55000, 0.00000, 1.00000, },
				{ 1.00000, 0.00000, 0.00000, 0.00000, 0.00000, 1.00000, 0.00000, 0.00000, 0.00000, 0.00000, 1.00000, 0.00000, -8.44233, 25.17000, 0.00000, 1.00000, },
			},
			["asset/ground/garden_bench_ratan_01_repeat.mdl"] = {
				{ 1.00000, 0.00000, 0.00000, 0.00000, 0.00000, 1.00000, 0.00000, 0.00000, 0.00000, 0.00000, 1.00000, 0.00000, -9.63500, 28.00000, 0.00000, 1.00000, },
				{ 1.00000, 0.00000, 0.00000, 0.00000, 0.00000, 1.00000, 0.00000, 0.00000, 0.00000, 0.00000, 1.00000, 0.00000, -8.84000, 26.55000, 0.00000, 1.00000, },
				{ 1.00000, 0.00000, 0.00000, 0.00000, 0.00000, 1.00000, 0.00000, 0.00000, 0.00000, 0.00000, 1.00000, 0.00000, -8.84000, 25.17000, 0.00000, 1.00000, },
				{ 1.00000, 0.00000, 0.00000, 0.00000, 0.00000, 1.00000, 0.00000, 0.00000, 0.00000, 0.00000, 1.00000, 0.00000, -9.63498, 26.55000, 0.00000, 1.00000, },
				{ 1.00000, 0.00000, 0.00000, 0.00000, 0.00000, 1.00000, 0.00000, 0.00000, 0.00000, 0.00000, 1.00000, 0.00000, -9.63498, 25.17000, 0.00000, 1.00000, },
				{ -0.00000, 1.00000, 0.00000, 0.00000, -1.00000, -0.00000, 0.00000, 0.00000, 0.00000, 0.00000, 1.00000, 0.00000, -10.37786, 24.42633, 0.00000, 1.00000, },
			},
			["asset/ground/garden_bench_ratan_01_start.mdl"] = {
				{ 1.00000, 0.00000, 0.00000, 0.00000, 0.00000, 1.00000, 0.00000, 0.00000, 0.00000, 0.00000, 1.00000, 0.00000, -10.03265, 28.00000, 0.00000, 1.00000, },
				{ 1.00000, 0.00000, 0.00000, 0.00000, 0.00000, 1.00000, 0.00000, 0.00000, 0.00000, 0.00000, 1.00000, 0.00000, -10.03265, 29.31660, 0.00000, 1.00000, },
				{ 1.00000, 0.00000, 0.00000, 0.00000, 0.00000, 1.00000, 0.00000, 0.00000, 0.00000, 0.00000, 1.00000, 0.00000, -10.03265, 26.55000, 0.00000, 1.00000, },
				{ 1.00000, 0.00000, 0.00000, 0.00000, 0.00000, 1.00000, 0.00000, 0.00000, 0.00000, 0.00000, 1.00000, 0.00000, -10.03265, 25.17000, 0.00000, 1.00000, },
				{ -0.00000, 1.00000, 0.00000, 0.00000, -1.00000, -0.00000, 0.00000, 0.00000, 0.00000, 0.00000, 1.00000, 0.00000, -10.37790, 24.02870, 0.00000, 1.00000, },
			},
			["asset/ground/garden_bench_stone_01.mdl"] = {
				{ 0.99996, 0.00909, 0.00000, 0.00000, -0.00909, 0.99996, 0.00000, 0.00000, 0.00000, 0.00000, 1.00000, 0.00000, -10.00000, 16.52185, 0.00000, 1.00000, },
				{ 0.99983, -0.01816, 0.00000, 0.00000, 0.01816, 0.99983, 0.00000, 0.00000, 0.00000, 0.00000, 1.00000, 0.00000, -10.00000, 15.90185, 0.00000, 1.00000, },
				{ 0.99947, -0.03241, 0.00000, 0.00000, 0.03241, 0.99947, 0.00000, 0.00000, 0.00000, 0.00000, 1.00000, 0.00000, -10.00000, 15.28185, 0.00000, 1.00000, },
				{ 0.99998, 0.00698, 0.00000, 0.00000, -0.00698, 0.99998, 0.00000, 0.00000, 0.00000, 0.00000, 1.00000, 0.00000, -10.00000, 14.62185, 0.00000, 1.00000, },
				{ 0.99962, -0.02746, 0.00000, 0.00000, 0.02746, 0.99962, 0.00000, 0.00000, 0.00000, 0.00000, 1.00000, 0.00000, -10.00000, 13.98185, 0.00000, 1.00000, },
				{ 0.99993, 0.01181, 0.00000, 0.00000, -0.01181, 0.99993, 0.00000, 0.00000, 0.00000, 0.00000, 1.00000, 0.00000, -10.00000, 13.32185, 0.00000, 1.00000, },
			},
			["asset/ground/garden_bench_wood_02.mdl"] = {
				{ 0.99961, 0.02792, 0.00000, 0.00000, -0.02792, 0.99961, 0.00000, 0.00000, 0.00000, 0.00000, 1.00000, 0.00000, -6.52780, 13.27677, 0.00000, 1.00000, },
				{ 0.99999, 0.00349, 0.00000, 0.00000, -0.00349, 0.99999, 0.00000, 0.00000, 0.00000, 0.00000, 1.00000, 0.00000, -6.52780, 13.84869, 0.00000, 1.00000, },
				{ 0.99961, 0.02792, 0.00000, 0.00000, -0.02792, 0.99961, 0.00000, 0.00000, 0.00000, 0.00000, 1.00000, 0.00000, -6.52780, 14.34869, 0.00000, 1.00000, },
				{ 0.99961, 0.02792, 0.00000, 0.00000, -0.02792, 0.99961, 0.00000, 0.00000, 0.00000, 0.00000, 1.00000, 0.00000, -6.52780, 14.89869, 0.00000, 1.00000, },
				{ 0.99999, 0.00349, 0.00000, 0.00000, -0.00349, 0.99999, 0.00000, 0.00000, 0.00000, 0.00000, 1.00000, 0.00000, -6.52780, 15.44869, 0.00000, 1.00000, },
				{ 0.99961, 0.02792, 0.00000, 0.00000, -0.02792, 0.99961, 0.00000, 0.00000, 0.00000, 0.00000, 1.00000, 0.00000, -6.52780, 15.99869, 0.00000, 1.00000, },
				{ 0.99999, 0.00349, 0.00000, 0.00000, -0.00349, 0.99999, 0.00000, 0.00000, 0.00000, 0.00000, 1.00000, 0.00000, -6.52780, 16.44869, 0.00000, 1.00000, },
			},
			["asset/ground/garden_chair_metal_01.mdl"] = {
				{ 0.99901, -0.04451, 0.00000, 0.00000, 0.04451, 0.99901, 0.00000, 0.00000, 0.00000, 0.00000, 1.00000, 0.00000, -3.56000, 26.97490, 0.00000, 1.00000, },
				{ 0.99994, 0.01133, 0.00000, 0.00000, -0.01133, 0.99994, 0.00000, 0.00000, 0.00000, 0.00000, 1.00000, 0.00000, -2.34000, 26.97490, 0.00000, 1.00000, },
				{ 0.98741, -0.15821, 0.00000, 0.00000, 0.15821, 0.98741, 0.00000, 0.00000, 0.00000, 0.00000, 1.00000, 0.00000, -3.56000, 26.29490, 0.00000, 1.00000, },
				{ 0.99438, -0.10589, 0.00000, 0.00000, 0.10589, 0.99438, 0.00000, 0.00000, 0.00000, 0.00000, 1.00000, 0.00000, -3.56000, 25.61490, 0.00000, 1.00000, },
				{ 0.99662, -0.08214, 0.00000, 0.00000, 0.08214, 0.99662, 0.00000, 0.00000, 0.00000, 0.00000, 1.00000, 0.00000, -3.56000, 24.89490, 0.00000, 1.00000, },
				{ 0.99962, -0.02758, 0.00000, 0.00000, 0.02758, 0.99962, 0.00000, 0.00000, 0.00000, 0.00000, 1.00000, 0.00000, -4.24000, 26.97490, 0.00000, 1.00000, },
				{ 0.99408, -0.10862, 0.00000, 0.00000, 0.10862, 0.99408, 0.00000, 0.00000, 0.00000, 0.00000, 1.00000, 0.00000, -4.24000, 26.29490, 0.00000, 1.00000, },
				{ 0.99963, -0.02736, 0.00000, 0.00000, 0.02736, 0.99963, 0.00000, 0.00000, 0.00000, 0.00000, 1.00000, 0.00000, -4.24000, 25.61490, 0.00000, 1.00000, },
				{ 0.99969, -0.02507, 0.00000, 0.00000, 0.02507, 0.99969, 0.00000, 0.00000, 0.00000, 0.00000, 1.00000, 0.00000, -4.24000, 24.89490, 0.00000, 1.00000, },
				{ 0.99314, -0.11696, 0.00000, 0.00000, 0.11696, 0.99314, 0.00000, 0.00000, 0.00000, 0.00000, 1.00000, 0.00000, -4.92000, 26.97490, 0.00000, 1.00000, },
				{ 0.99987, -0.01587, 0.00000, 0.00000, 0.01587, 0.99987, 0.00000, 0.00000, 0.00000, 0.00000, 1.00000, 0.00000, -4.92000, 26.29490, 0.00000, 1.00000, },
				{ 0.98837, -0.15207, 0.00000, 0.00000, 0.15207, 0.98837, 0.00000, 0.00000, 0.00000, 0.00000, 1.00000, 0.00000, -4.92000, 25.61490, 0.00000, 1.00000, },
				{ 0.99922, -0.03953, 0.00000, 0.00000, 0.03953, 0.99922, 0.00000, 0.00000, 0.00000, 0.00000, 1.00000, 0.00000, -5.58000, 26.97490, 0.00000, 1.00000, },
				{ 0.98967, -0.14336, 0.00000, 0.00000, 0.14336, 0.98967, 0.00000, 0.00000, 0.00000, 0.00000, 1.00000, 0.00000, -5.58000, 26.29490, 0.00000, 1.00000, },
				{ 0.99437, -0.10599, 0.00000, 0.00000, 0.10599, 0.99437, 0.00000, 0.00000, 0.00000, 0.00000, 1.00000, 0.00000, -5.58000, 25.61490, 0.00000, 1.00000, },
			},
			["asset/ground/garden_chair_plastic_01.mdl"] = {
				{ 0.99905, 0.04346, 0.00000, 0.00000, -0.04346, 0.99905, 0.00000, 0.00000, 0.00000, 0.00000, 1.00000, 0.00000, -0.61000, 29.16739, 0.00000, 1.00000, },
				{ 0.99906, -0.04334, 0.00000, 0.00000, 0.04334, 0.99906, 0.00000, 0.00000, 0.00000, 0.00000, 1.00000, 0.00000, 3.09975, 29.16739, 0.00000, 1.00000, },
				{ 0.99919, 0.04032, 0.00000, 0.00000, -0.04032, 0.99919, 0.00000, 0.00000, 0.00000, 0.00000, 1.00000, 0.00000, -0.61000, 28.43742, 0.00000, 1.00000, },
				{ 0.99922, -0.03947, 0.00000, 0.00000, 0.03947, 0.99922, 0.00000, 0.00000, 0.00000, 0.00000, 1.00000, 0.00000, -0.61000, 27.68470, 0.00000, 1.00000, },
				{ 0.99915, -0.04122, 0.00000, 0.00000, 0.04122, 0.99915, 0.00000, 0.00000, 0.00000, 0.00000, 1.00000, 0.00000, -0.61000, 26.90470, 0.00000, 1.00000, },
				{ 0.99867, 0.05164, 0.00000, 0.00000, -0.05164, 0.99867, 0.00000, 0.00000, 0.00000, 0.00000, 1.00000, 0.00000, 0.23000, 29.16739, 0.00000, 1.00000, },
				{ 0.99859, -0.05301, 0.00000, 0.00000, 0.05301, 0.99859, 0.00000, 0.00000, 0.00000, 0.00000, 1.00000, 0.00000, 0.23000, 28.41295, 0.00000, 1.00000, },
				{ 0.99888, 0.04737, 0.00000, 0.00000, -0.04737, 0.99888, 0.00000, 0.00000, 0.00000, 0.00000, 1.00000, 0.00000, 0.23000, 27.68231, 0.00000, 1.00000, },
				{ 0.99932, 0.03686, 0.00000, 0.00000, -0.03686, 0.99932, 0.00000, 0.00000, 0.00000, 0.00000, 1.00000, 0.00000, 0.23000, 26.90230, 0.00000, 1.00000, },
				{ 0.99961, 0.02793, 0.00000, 0.00000, -0.02793, 0.99961, 0.00000, 0.00000, 0.00000, 0.00000, 1.00000, 0.00000, 1.05000, 29.16739, 0.00000, 1.00000, },
				{ 0.99939, 0.03490, 0.00000, 0.00000, -0.03490, 0.99939, 0.00000, 0.00000, 0.00000, 0.00000, 1.00000, 0.00000, 1.05000, 28.48389, 0.00000, 1.00000, },
				{ 0.99747, -0.07107, 0.00000, 0.00000, 0.07107, 0.99747, 0.00000, 0.00000, 0.00000, 0.00000, 1.00000, 0.00000, 1.05000, 27.61904, 0.00000, 1.00000, },
				{ 0.99941, 0.03434, 0.00000, 0.00000, -0.03434, 0.99941, 0.00000, 0.00000, 0.00000, 0.00000, 1.00000, 0.00000, 1.05000, 26.83904, 0.00000, 1.00000, },
				{ 0.99906, -0.04341, 0.00000, 0.00000, 0.04341, 0.99906, 0.00000, 0.00000, 0.00000, 0.00000, 1.00000, 0.00000, 1.89000, 29.16739, 0.00000, 1.00000, },
				{ 0.99815, 0.06082, 0.00000, 0.00000, -0.06082, 0.99815, 0.00000, 0.00000, 0.00000, 0.00000, 1.00000, 0.00000, 1.89000, 28.46443, 0.00000, 1.00000, },
				{ 0.99924, -0.03900, 0.00000, 0.00000, 0.03900, 0.99924, 0.00000, 0.00000, 0.00000, 0.00000, 1.00000, 0.00000, 1.89000, 27.71348, 0.00000, 1.00000, },
				{ -0.03434, 0.99941, -0.00000, 0.00000, -0.99941, -0.03434, 0.00000, 0.00000, 0.00000, 0.00000, 1.00000, 0.00000, 7.59983, 2.38136, 0.00000, 1.00000, },
				{ -0.11438, 0.99344, -0.00000, 0.00000, -0.99344, -0.11438, -0.00000, 0.00000, -0.00000, 0.00000, 1.00000, 0.00000, 7.67709, 1.67039, 0.00000, 1.00000, },
				{ 0.06572, -0.99784, -0.00000, 0.00000, 0.99784, 0.06572, -0.00000, 0.00000, 0.00000, -0.00000, 1.00000, 0.00000, 9.18927, 1.79763, -0.00000, 1.00000, },
				{ 0.07964, -0.99682, -0.00000, 0.00000, 0.99682, 0.07964, -0.00000, 0.00000, 0.00000, -0.00000, 1.00000, 0.00000, 9.11004, 2.47338, 0.00000, 1.00000, },
			},
			["asset/ground/garden_chair_wood_01.mdl"] = {
				{ 0.71691, 0.69717, 0.00000, 0.00000, -0.69717, 0.71691, 0.00000, 0.00000, 0.00000, 0.00000, 1.00000, 0.00000, 7.53724, 11.40427, 0.00000, 1.00000, },
				{ 0.84805, 0.52992, 0.00000, 0.00000, -0.52992, 0.84805, 0.00000, 0.00000, 0.00000, 0.00000, 1.00000, 0.00000, 8.31626, 11.97749, 0.00000, 1.00000, },
				{ -0.71691, -0.69717, -0.00000, 0.00000, 0.69717, -0.71691, 0.00000, 0.00000, -0.00000, 0.00000, 1.00000, 0.00000, 8.19561, 10.62520, 0.00000, 1.00000, },
				{ -0.72176, -0.69214, -0.00000, 0.00000, 0.69214, -0.72176, 0.00000, 0.00000, -0.00000, 0.00000, 1.00000, 0.00000, 8.97462, 11.19842, 0.00000, 1.00000, },
				{ 1.00000, 0.00000, 0.00000, 0.00000, 0.00000, 1.00000, 0.00000, 0.00000, 0.00000, 0.00000, 1.00000, 0.00000, -3.62000, 29.43987, 0.00000, 1.00000, },
				{ 0.91212, 0.40992, 0.00000, 0.00000, -0.40992, 0.91212, 0.00000, 0.00000, 0.00000, 0.00000, 1.00000, 0.00000, -2.34000, 29.43987, 0.00000, 1.00000, },
				{ 0.99756, 0.06976, 0.00000, 0.00000, -0.06976, 0.99756, 0.00000, 0.00000, 0.00000, 0.00000, 1.00000, 0.00000, -4.16500, 29.43987, 0.00000, 1.00000, },
				{ 0.99756, 0.06976, 0.00000, 0.00000, -0.06976, 0.99756, 0.00000, 0.00000, 0.00000, 0.00000, 1.00000, 0.00000, -4.71001, 29.43987, 0.00000, 1.00000, },
				{ 0.99996, 0.00863, 0.00000, 0.00000, -0.00863, 0.99996, 0.00000, 0.00000, 0.00000, 0.00000, 1.00000, 0.00000, -5.25499, 29.43987, 0.00000, 1.00000, },
				{ 0.99756, 0.06976, 0.00000, 0.00000, -0.06976, 0.99756, 0.00000, 0.00000, 0.00000, 0.00000, 1.00000, 0.00000, -3.62001, 28.73947, 0.00000, 1.00000, },
				{ 0.99891, -0.04668, 0.00000, 0.00000, 0.04668, 0.99891, 0.00000, 0.00000, 0.00000, 0.00000, 1.00000, 0.00000, -4.16500, 28.73947, 0.00000, 1.00000, },
				{ 0.99940, -0.03467, 0.00000, 0.00000, 0.03467, 0.99940, 0.00000, 0.00000, 0.00000, 0.00000, 1.00000, 0.00000, -4.71001, 28.73947, 0.00000, 1.00000, },
				{ 0.99756, 0.06976, 0.00000, 0.00000, -0.06976, 0.99756, 0.00000, 0.00000, 0.00000, 0.00000, 1.00000, 0.00000, -5.25499, 28.73947, 0.00000, 1.00000, },
				{ 0.99756, 0.06976, 0.00000, 0.00000, -0.06976, 0.99756, 0.00000, 0.00000, 0.00000, 0.00000, 1.00000, 0.00000, -3.62001, 28.03906, 0.00000, 1.00000, },
				{ 0.99756, 0.06976, 0.00000, 0.00000, -0.06976, 0.99756, 0.00000, 0.00000, 0.00000, 0.00000, 1.00000, 0.00000, -4.16500, 28.03906, 0.00000, 1.00000, },
				{ 0.99983, 0.01866, 0.00000, 0.00000, -0.01866, 0.99983, 0.00000, 0.00000, 0.00000, 0.00000, 1.00000, 0.00000, -4.71001, 28.03906, 0.00000, 1.00000, },
				{ 0.99996, -0.00867, 0.00000, 0.00000, 0.00867, 0.99996, 0.00000, 0.00000, 0.00000, 0.00000, 1.00000, 0.00000, -5.25499, 28.03906, 0.00000, 1.00000, },
			},
			["asset/ground/garden_sun_pavillion_01.mdl"] = {
				{ 0.99926, 0.03839, 0.00000, 0.00000, -0.03839, 0.99926, 0.00000, 0.00000, 0.00000, 0.00000, 1.00000, 0.00000, 9.20000, 19.82235, 0.00000, 1.00000, },
				{ 0.99824, -0.05931, 0.00000, 0.00000, 0.05931, 0.99824, 0.00000, 0.00000, 0.00000, 0.00000, 1.00000, 0.00000, 9.20000, 16.72235, 0.00000, 1.00000, },
			},
			["asset/ground/garden_sunshade_large_01.mdl"] = {
				{ -0.00000, 1.00000, 0.00000, 0.00000, -1.00000, -0.00000, 0.00000, 0.00000, 0.00000, 0.00000, 1.00000, 0.00000, 9.39000, 28.54484, 0.00000, 1.00000, },
			},
			["asset/ground/garden_sunshade_large_02.mdl"] = {
				{ 0.76380, 0.64546, 0.00000, 0.00000, -0.64546, 0.76380, 0.00000, 0.00000, 0.00000, 0.00000, 1.00000, 0.00000, 8.28000, 11.30000, 0.00000, 1.00000, },
				{ -0.00000, 1.00000, 0.00000, 0.00000, -1.00000, -0.00000, 0.00000, 0.00000, 0.00000, 0.00000, 1.00000, 0.00000, 9.39000, 25.99732, 0.00000, 1.00000, },
			},
			["asset/ground/garden_sunshade_large_closed_01.mdl"] = {
				{ 0.01854, 0.54505, -0.83820, 0.00000, 0.02850, 0.83771, 0.54536, 0.00000, 0.99942, -0.03400, -0.00000, 0.00000, 5.35000, 29.43395, 0.00000, 1.00000, },
				{ 0.00918, 0.43985, -0.89803, 0.00000, 0.01873, 0.89783, 0.43994, 0.00000, 0.99978, -0.02086, -0.00000, 0.00000, 5.35000, 29.04303, 0.00000, 1.00000, },
				{ 0.00195, 0.20069, -0.97965, 0.00000, 0.00950, 0.97961, 0.20070, 0.00000, 0.99995, -0.00969, -0.00000, 0.00000, 5.35000, 28.66271, 0.00000, 1.00000, },
				{ 0.00044, 0.25560, -0.96678, 0.00000, 0.00167, 0.96678, 0.25560, 0.00000, 1.00000, -0.00173, 0.00000, 0.00000, 5.35000, 28.26002, 0.00000, 1.00000, },
				{ -0.03176, 0.26411, -0.96397, 0.00000, 0.02938, 0.96429, 0.26323, 0.00000, 0.99906, -0.01996, -0.03838, 0.00000, 5.35000, 28.46802, 0.14000, 1.00000, },
				{ -0.03570, 0.26536, -0.96349, 0.00000, 0.01494, 0.96414, 0.26499, 0.00000, 0.99925, -0.00493, -0.03839, 0.00000, 5.35000, 28.83721, 0.14000, 1.00000, },
				{ -0.02518, 0.44315, -0.89609, 0.00000, 0.03568, 0.89620, 0.44220, 0.00000, 0.99905, -0.02084, -0.03838, 0.00000, 5.35000, 29.22306, 0.14000, 1.00000, },
			},
			["asset/ground/garden_sunshade_large_closed_02.mdl"] = {
				{ 0.00000, 0.87618, 0.48199, 0.00000, 0.00000, -0.48199, 0.87618, 0.00000, 1.00000, 0.00000, -0.00000, 0.00000, 5.32000, 26.85293, 0.00000, 1.00000, },
				{ 0.05009, 0.87618, 0.47938, 0.00000, 0.09105, -0.48199, 0.87143, 0.00000, 0.99459, 0.00000, -0.10392, 0.00000, 5.32000, 27.00476, 0.25521, 1.00000, },
				{ 0.00000, 0.95611, 0.29300, 0.00000, 0.00000, -0.29300, 0.95611, 0.00000, 1.00000, 0.00000, -0.00000, 0.00000, 5.32000, 26.53298, 0.00000, 1.00000, },
				{ 0.01510, 0.95611, 0.29261, 0.00000, 0.04926, -0.29300, 0.95484, 0.00000, 0.99867, 0.00000, -0.05153, 0.00000, 5.32000, 26.63283, 0.14043, 1.00000, },
				{ 0.00000, 0.35641, 0.93433, 0.00000, 0.00000, -0.93433, 0.35641, 0.00000, 1.00000, 0.00000, -0.00000, 0.00000, 5.32000, 26.20762, 0.00000, 1.00000, },
				{ 0.03152, 0.35641, 0.93380, 0.00000, 0.01202, -0.93433, 0.35621, 0.00000, 0.99943, 0.00000, -0.03373, 0.00000, 5.32000, 26.29961, 0.12529, 1.00000, },
				{ 0.00000, -0.27421, 0.96167, 0.00000, -0.00000, -0.96167, -0.27421, 0.00000, 1.00000, 0.00000, -0.00000, 0.00000, 5.32000, 25.84934, 0.00000, 1.00000, },
				{ 0.06001, -0.27421, 0.95980, 0.00000, -0.01711, -0.96167, -0.27367, 0.00000, 0.99805, 0.00000, -0.06240, 0.00000, 5.32000, 26.02408, 0.22581, 1.00000, },
				{ -0.00000, -0.22623, -0.97407, 0.00000, -0.00000, 0.97407, -0.22623, 0.00000, 1.00000, 0.00000, -0.00000, 0.00000, 5.32000, 25.47966, 0.00000, 1.00000, },
				{ -0.08488, -0.22623, -0.97037, 0.00000, -0.01971, 0.97407, -0.22537, 0.00000, 0.99620, 0.00000, -0.08714, 0.00000, 5.32000, 25.59847, 0.22393, 1.00000, },
				{ -0.00000, 0.76363, -0.64566, 0.00000, 0.00000, 0.64566, 0.76363, 0.00000, 1.00000, 0.00000, -0.00000, 0.00000, 5.32000, 25.12186, 0.00000, 1.00000, },
				{ -0.05243, 0.76363, -0.64353, 0.00000, 0.06201, 0.64566, 0.76110, 0.00000, 0.99670, 0.00000, -0.08120, 0.00000, 5.32000, 25.28030, 0.22036, 1.00000, },
			},
			["asset/ground/garden_table_metal_01.mdl"] = {
				{ 0.76380, 0.64546, 0.00000, 0.00000, -0.64546, 0.76380, 0.00000, 0.00000, 0.00000, 0.00000, 1.00000, 0.00000, 8.28000, 11.30000, 0.00000, 1.00000, },
				{ -0.00000, -1.00000, 0.00000, 0.00000, 1.00000, -0.00000, 0.00000, 0.00000, 0.00000, 0.00000, 1.00000, 0.00000, -10.26400, 19.81463, 0.00000, 1.00000, },
			},
			["asset/ground/garden_table_ratan_01.mdl"] = {
				{ 1.00000, 0.00000, 0.00000, 0.00000, 0.00000, 1.00000, 0.00000, 0.00000, 0.00000, 0.00000, 1.00000, 0.00000, -8.72000, 23.98223, 0.00000, 1.00000, },
			},
			["asset/ground/garden_table_round_metal_01.mdl"] = {
				{ 1.00000, 0.00000, 0.00000, 0.00000, 0.00000, 1.00000, 0.00000, 0.00000, 0.00000, 0.00000, 1.00000, 0.00000, -5.67400, 20.53012, 0.00000, 1.00000, },
			},
			["asset/ground/garden_table_round_wood_01.mdl"] = {
				{ 1.00000, 0.00000, 0.00000, 0.00000, 0.00000, 1.00000, 0.00000, 0.00000, 0.00000, 0.00000, 1.00000, 0.00000, -5.67400, 19.08260, 0.00000, 1.00000, },
			},
			["asset/ground/garden_table_wood_01.mdl"] = {
				{ -0.00000, -1.00000, 0.00000, 0.00000, 1.00000, -0.00000, 0.00000, 0.00000, 0.00000, 0.00000, 1.00000, 0.00000, -8.74400, 19.83508, 0.00000, 1.00000, },
				{ 0.08716, -0.99619, 0.00000, 0.00000, 0.99619, 0.08716, 0.00000, 0.00000, 0.00000, 0.00000, 1.00000, 0.00000, 8.39000, 2.06968, 0.00000, 1.00000, },
			},
			["asset/ground/garden_table_wood_02.mdl"] = {
				{ 1.00000, 0.00000, 0.00000, 0.00000, 0.00000, 1.00000, 0.00000, 0.00000, 0.00000, 0.00000, 1.00000, 0.00000, 8.20000, 8.30216, 0.00000, 1.00000, },
				{ 1.00000, 0.00000, 0.00000, 0.00000, 0.00000, 1.00000, 0.00000, 0.00000, 0.00000, 0.00000, 1.00000, 0.00000, -3.90000, 19.85000, 0.00000, 1.00000, },
			},
			["asset/vegetation/hedge_m.mdl"] = {
				{ 1.00000, 0.00000, 0.00000, 0.00000, -0.00000, 1.00000, -0.00000, 0.00000, -0.00000, -0.00000, 1.00000, 0.00000, 10.89251, 10.37454, 0.00000, 1.00000, },
				{ -1.00000, 0.00000, -0.00000, 0.00000, -0.00000, -1.00000, 0.00000, 0.00000, -0.00000, 0.00000, 1.00000, 0.00000, 10.89251, 9.37455, 0.00000, 1.00000, },
				{ 1.00000, 0.00000, 0.00000, 0.00000, -0.00000, 1.00000, -0.00000, 0.00000, -0.00000, -0.00000, 1.00000, 0.00000, 10.89251, 8.37455, 0.00000, 1.00000, },
				{ -1.00000, 0.00000, -0.00000, 0.00000, -0.00000, -1.00000, 0.00000, 0.00000, -0.00000, 0.00000, 1.00000, 0.00000, 10.89251, 7.37455, 0.00000, 1.00000, },
				{ 1.00000, 0.00000, 0.00000, 0.00000, -0.00000, 1.00000, -0.00000, 0.00000, -0.00000, -0.00000, 1.00000, 0.00000, 10.89251, 6.37455, 0.00000, 1.00000, },
				{ 1.00000, 0.00000, 0.00000, 0.00000, -0.00000, 1.00000, -0.00000, 0.00000, -0.00000, -0.00000, 1.00000, 0.00000, 10.89251, 4.37455, 0.00000, 1.00000, },
				{ -1.00000, 0.00000, -0.00000, 0.00000, -0.00000, -1.00000, 0.00000, 0.00000, -0.00000, 0.00000, 1.00000, 0.00000, 10.89251, 5.37455, 0.00000, 1.00000, },
				{ -1.00000, 0.00000, -0.00000, 0.00000, -0.00000, -1.00000, 0.00000, 0.00000, -0.00000, 0.00000, 1.00000, 0.00000, 10.89251, 3.37454, 0.00000, 1.00000, },
				{ -1.00000, 0.00000, -0.00000, 0.00000, -0.00000, -1.00000, 0.00000, 0.00000, -0.00000, 0.00000, 1.00000, 0.00000, 10.89251, 1.07455, 0.00000, 1.00000, },
				{ 1.00000, 0.00000, 0.00000, 0.00000, -0.00000, 1.00000, -0.00000, 0.00000, -0.00000, -0.00000, 1.00000, 0.00000, 10.89251, 2.37455, 0.00000, 1.00000, },
				{ -1.00000, 0.00000, -0.00000, 0.00000, -0.00000, -1.00000, 0.00000, 0.00000, -0.00000, 0.00000, 1.00000, 0.00000, 10.89251, 11.37454, 0.00000, 1.00000, },
				{ 1.00000, 0.00000, 0.00000, 0.00000, -0.00000, 1.00000, -0.00000, 0.00000, -0.00000, -0.00000, 1.00000, 0.00000, 10.89251, 12.37455, 0.00000, 1.00000, },
				{ -0.00000, 1.00000, -0.00000, 0.00000, -1.00000, -0.00000, 0.00000, 0.00000, -0.00000, 0.00000, 1.00000, 0.00000, -8.89999, 31.13205, 0.00000, 1.00000, },
				{ -0.00000, -1.00000, -0.00000, 0.00000, 1.00000, -0.00000, 0.00000, 0.00000, -0.00000, 0.00000, 1.00000, 0.00000, -7.89999, 31.13205, 0.00000, 1.00000, },
				{ -0.00000, 1.00000, -0.00000, 0.00000, -1.00000, -0.00000, 0.00000, 0.00000, -0.00000, 0.00000, 1.00000, 0.00000, -6.89999, 31.13205, 0.00000, 1.00000, },
				{ -0.00000, -1.00000, -0.00000, 0.00000, 1.00000, -0.00000, 0.00000, 0.00000, -0.00000, 0.00000, 1.00000, 0.00000, -5.89999, 31.13205, 0.00000, 1.00000, },
				{ -0.00000, 1.00000, -0.00000, 0.00000, -1.00000, -0.00000, 0.00000, 0.00000, -0.00000, 0.00000, 1.00000, 0.00000, -4.89999, 31.13205, 0.00000, 1.00000, },
				{ -0.00000, 1.00000, -0.00000, 0.00000, -1.00000, -0.00000, 0.00000, 0.00000, -0.00000, 0.00000, 1.00000, 0.00000, -2.89999, 31.13205, 0.00000, 1.00000, },
				{ -0.00000, -1.00000, -0.00000, 0.00000, 1.00000, -0.00000, 0.00000, 0.00000, -0.00000, 0.00000, 1.00000, 0.00000, -3.89999, 31.13205, 0.00000, 1.00000, },
				{ -0.00000, -1.00000, -0.00000, 0.00000, 1.00000, -0.00000, 0.00000, 0.00000, -0.00000, 0.00000, 1.00000, 0.00000, -1.89999, 31.13205, 0.00000, 1.00000, },
				{ -0.00000, -1.00000, -0.00000, 0.00000, 1.00000, -0.00000, 0.00000, 0.00000, -0.00000, 0.00000, 1.00000, 0.00000, 0.10001, 31.13205, 0.00000, 1.00000, },
				{ -0.00000, 1.00000, -0.00000, 0.00000, -1.00000, -0.00000, 0.00000, 0.00000, -0.00000, 0.00000, 1.00000, 0.00000, 1.10001, 31.13205, 0.00000, 1.00000, },
				{ -0.00000, -1.00000, -0.00000, 0.00000, 1.00000, -0.00000, 0.00000, 0.00000, -0.00000, 0.00000, 1.00000, 0.00000, 2.10001, 31.13205, 0.00000, 1.00000, },
				{ -0.00000, 1.00000, -0.00000, 0.00000, -1.00000, -0.00000, 0.00000, 0.00000, -0.00000, 0.00000, 1.00000, 0.00000, -0.89999, 31.13205, 0.00000, 1.00000, },
				{ -0.00000, 1.00000, -0.00000, 0.00000, -1.00000, -0.00000, 0.00000, 0.00000, -0.00000, 0.00000, 1.00000, 0.00000, 3.10001, 31.13205, 0.00000, 1.00000, },
				{ -0.00000, -1.00000, -0.00000, 0.00000, 1.00000, -0.00000, 0.00000, 0.00000, -0.00000, 0.00000, 1.00000, 0.00000, 4.10001, 31.13205, 0.00000, 1.00000, },
				{ -0.00000, 1.00000, -0.00000, 0.00000, -1.00000, -0.00000, 0.00000, 0.00000, -0.00000, 0.00000, 1.00000, 0.00000, 5.10001, 31.13205, 0.00000, 1.00000, },
				{ -0.00000, -1.00000, -0.00000, 0.00000, 1.00000, -0.00000, 0.00000, 0.00000, -0.00000, 0.00000, 1.00000, 0.00000, 6.10001, 31.13205, 0.00000, 1.00000, },
				{ -0.00000, 1.00000, -0.00000, 0.00000, -1.00000, -0.00000, 0.00000, 0.00000, -0.00000, 0.00000, 1.00000, 0.00000, 7.10001, 31.13205, 0.00000, 1.00000, },
				{ -0.00000, 1.00000, -0.00000, 0.00000, -1.00000, -0.00000, 0.00000, 0.00000, -0.00000, 0.00000, 1.00000, 0.00000, 8.84001, 31.13205, 0.00000, 1.00000, },
				{ -0.00000, -1.00000, -0.00000, 0.00000, 1.00000, -0.00000, 0.00000, 0.00000, -0.00000, 0.00000, 1.00000, 0.00000, 8.10001, 31.13205, 0.00000, 1.00000, },
				{ -0.00000, -1.00000, -0.00000, 0.00000, 1.00000, -0.00000, 0.00000, 0.00000, -0.00000, 0.00000, 1.00000, 0.00000, 9.84001, 31.13205, 0.00000, 1.00000, },
				{ -0.00000, 1.00000, -0.00000, 0.00000, -1.00000, -0.00000, 0.00000, 0.00000, -0.00000, 0.00000, 1.00000, 0.00000, 9.10001, 31.13205, 0.00000, 1.00000, },
				{ -0.00000, 1.00000, -0.00000, 0.00000, -1.00000, -0.00000, 0.00000, 0.00000, -0.00000, 0.00000, 1.00000, 0.00000, 10.84001, 31.13205, 0.00000, 1.00000, },
				{ -0.00000, -1.00000, -0.00000, 0.00000, 1.00000, -0.00000, 0.00000, 0.00000, -0.00000, 0.00000, 1.00000, 0.00000, -9.89999, 31.13205, 0.00000, 1.00000, },
				{ -0.00000, 1.00000, -0.00000, 0.00000, -1.00000, -0.00000, 0.00000, 0.00000, -0.00000, 0.00000, 1.00000, 0.00000, -10.90000, 31.13205, 0.00000, 1.00000, },
			},
			["street/street_asset_mix/trash_standing_c.mdl"] = {
				{ -0.00000, 1.00000, 0.00000, 0.00000, -1.00000, -0.00000, 0.00000, 0.00000, 0.00000, 0.00000, 1.00000, 0.00000, -2.84000, 4.49000, 0.00000, 1.00000, },
			},
		},
		groups = {
			["random_shrub_town.grp"] = {
				{ -0.53265, 0.27620, 0.00000, 0.00000, -0.27620, -0.53265, -0.00000, 0.00000, 0.00000, -0.00000, 0.60000, 0.00000, 6.30000, 14.00000, 0.00000, 1.00000, },
				{ -0.55354, 0.23150, 0.00000, 0.00000, -0.23150, -0.55354, -0.00000, 0.00000, 0.00000, -0.00000, 0.60000, 0.00000, 7.75000, 14.00000, 0.00000, 1.00000, },
				{ -0.59747, -0.05502, 0.00000, 0.00000, 0.05502, -0.59747, -0.00000, 0.00000, 0.00000, -0.00000, 0.60000, 0.00000, 8.65000, 14.00000, 0.00000, 1.00000, },
				{ -0.53245, 0.27658, 0.00000, 0.00000, -0.27658, -0.53245, -0.00000, 0.00000, 0.00000, -0.00000, 0.60000, 0.00000, 10.00000, 14.00000, 0.00000, 1.00000, },
				{ -0.46299, -0.38163, 0.00000, 0.00000, 0.38163, -0.46299, -0.00000, 0.00000, 0.00000, -0.00000, 0.60000, 0.00000, 6.90000, 14.00000, 0.00000, 1.00000, },
				{ -0.39853, 0.44852, 0.00000, 0.00000, -0.44852, -0.39853, -0.00000, 0.00000, 0.00000, -0.00000, 0.60000, 0.00000, 10.85000, 14.00000, 0.00000, 1.00000, },
				{ -0.07073, 0.59582, 0.00000, 0.00000, -0.59582, -0.07073, -0.00000, 0.00000, 0.00000, -0.00000, 0.60000, 0.00000, 9.30000, 14.00000, 0.00000, 1.00000, },
				{ -0.55354, 0.23150, 0.00000, 0.00000, -0.23150, -0.55354, -0.00000, 0.00000, 0.00000, -0.00000, 0.60000, 0.00000, 11.23819, 14.00000, 0.00000, 1.00000, },
			},
		},
	},
	["layout_2"] = {
		models = {
			["asset/commercial/all_eras/era_c_com_wall.mdl"] = {
				{ -0.00000, 0.73500, 0.00000, 0.00000, -1.00000, -0.00000, -0.00000, 0.00000, -0.00000, -0.00000, 1.00000, 0.00000, -11.81999, 4.90000, 0.00000, 1.00000, },
				{ 0.00000, -1.00000, 0.00000, 0.00000, 1.00000, 0.00000, -0.00000, 0.00000, 0.00000, 0.00000, 1.00000, 0.00000, -11.81998, 7.50000, 0.00000, 1.00000, },
				{ -0.00000, 1.00000, 0.00000, 0.00000, -1.00000, -0.00000, -0.00000, 0.00000, -0.00000, -0.00000, 1.00000, 0.00000, -11.81998, 10.50000, 0.00000, 1.00000, },
				{ 0.00000, -1.00000, 0.00000, 0.00000, 1.00000, 0.00000, -0.00000, 0.00000, 0.00000, 0.00000, 1.00000, 0.00000, -11.81998, 13.50000, 0.00000, 1.00000, },
				{ -0.00000, 1.00000, 0.00000, 0.00000, -1.00000, -0.00000, -0.00000, 0.00000, -0.00000, -0.00000, 1.00000, 0.00000, -11.81998, 16.50000, 0.00000, 1.00000, },
				{ 0.00000, -1.00000, 0.00000, 0.00000, 1.00000, 0.00000, -0.00000, 0.00000, 0.00000, 0.00000, 1.00000, 0.00000, -11.81998, 19.50000, 0.00000, 1.00000, },
				{ -0.00000, 1.00000, 0.00000, 0.00000, -1.00000, -0.00000, -0.00000, 0.00000, -0.00000, -0.00000, 1.00000, 0.00000, -11.81998, 22.50000, 0.00000, 1.00000, },
