local townbuildingutil = require "townbuildingutil"

--Model file: "building/era_c/com_1_2x3_03.mdl"

--Begin Generated
local generatedData = {
	["base"] = {
		models = {
			["building/era_c/com_1_1x1_03.mdl"] = {
				{ 1.00000, 0.00000, 0.00000, 0.00000, 0.00000, 1.00000, 0.00000, 0.00000, 0.00000, 0.00000, 1.00000, 0.00000, -8.68921, 13.55447, -0.00011, 1.00000, },
				{ 1.00000, 0.00000, 0.00000, 0.00000, 0.00000, 1.00000, 0.00000, 0.00000, 0.00000, 0.00000, 1.00000, 0.00000, -2.68921, 13.55447, -0.00011, 1.00000, },
			},
			["building/era_c/com_1_2x3_03.mdl"] = {
				{ 1.00000, 0.00000, 0.00000, 0.00000, 0.00000, 1.00000, 0.00000, 0.00000, 0.00000, 0.00000, 1.00000, 0.00000, 8.30000, -2.82759, 0.00000, 1.00000, },
			},
		},
		curves = {
			["scaffold"] = {
				{ { -6.00035, 14.74900, 0.00000 }, { -6.00035, 14.74900, 0.00000 }, { -6.00035, 17.74900, 0.00000 }, { -6.00035, 17.74900, 0.00000 }, { -6.00035, 17.74900, 0.00000 }, { -7.50035, 17.74901, 0.00000 }, { -7.50035, 17.74901, 0.00000 }, { -7.50035, 17.74901, 0.00000 }, { -7.50035, 20.84903, 0.00000 }, { -7.50035, 20.84903, 0.00000 }, { -7.50035, 20.84903, 0.00000 }, { -12.05243, 20.84903, 0.00000 }, { -12.05243, 20.84903, 0.00000 }, { -12.05243, 20.84903, 0.00000 }, { -12.05243, 14.74900, 0.00000 }, { -12.05243, 14.74900, 0.00000 }, },
				{ { -0.00035, 14.74900, 0.00000 }, { -0.00035, 14.74900, 0.00000 }, { -0.00035, 17.74900, 0.00000 }, { -0.00035, 17.74900, 0.00000 }, { -0.00035, 17.74900, 0.00000 }, { -1.50035, 17.74901, 0.00000 }, { -1.50035, 17.74901, 0.00000 }, { -1.50035, 17.74901, 0.00000 }, { -1.50035, 20.84903, 0.00000 }, { -1.50035, 20.84903, 0.00000 }, { -1.50035, 20.84903, 0.00000 }, { -6.05243, 20.84903, 0.00000 }, { -6.05243, 20.84903, 0.00000 }, { -6.05243, 20.84903, 0.00000 }, { -6.05243, 14.74900, 0.00000 }, { -6.05243, 14.74900, 0.00000 }, },
				{ { 10.53036, 2.85991, 0.00000 }, { 10.53036, 2.85991, 0.00000 }, { 10.53035, 3.95352, 0.00000 }, { 10.53035, 3.95352, 0.00000 }, { 10.53035, 3.95352, 0.00000 }, { 11.53040, 3.95355, 0.00000 }, { 11.53040, 3.95355, 0.00000 }, { 11.53040, 3.95355, 0.00000 }, { 11.53035, 12.06635, 0.00000 }, { 11.53035, 12.06635, 0.00000 }, { 11.53035, 12.06635, 0.00000 }, { 10.53035, 12.06635, 0.00000 }, { 10.53035, 12.06635, 0.00000 }, { 10.53035, 12.06635, 0.00000 }, { 10.53035, 15.30834, 0.00000 }, { 10.53035, 15.30834, 0.00000 }, { 10.53035, 15.30834, 0.00000 }, { 5.91750, 15.30834, 0.00000 }, { 5.91750, 15.30834, 0.00000 }, { 5.91750, 15.30834, 0.00000 }, { 5.89781, 12.03569, 0.00000 }, { 5.89781, 12.03569, 0.00000 }, { 5.89781, 12.03569, 0.00000 }, { 4.91753, 12.06633, 0.00000 }, { 4.91753, 12.06633, 0.00000 }, { 4.91753, 12.06633, 0.00000 }, { 4.91750, 3.95354, 0.00000 }, { 4.91750, 3.95354, 0.00000 }, { 4.91750, 3.95354, 0.00000 }, { 5.91750, 3.95354, 0.00000 }, { 5.91750, 3.95354, 0.00000 }, { 5.91750, 3.95354, 0.00000 }, { 5.91750, 2.85991, 0.00000 }, { 5.91750, 2.85991, 0.00000 }, },
			},
			["shared/asphalt_02.gtex.lua;shared/dirt.gtex.lua"] = {
				{ { 12.00000, 0.00000, 0.00000 }, { 12.00000, 0.00000, 0.00000 }, { 12.00000, 14.75168, 0.00000 }, { 12.00000, 14.75169, 0.00000 }, { 12.00000, 14.75169, 0.00000 }, { -12.00099, 14.75168, 0.00000 }, { -12.00099, 14.75168, 0.00000 }, { -12.00099, 14.75168, 0.00000 }, { -12.00099, 3.26000, 0.00000 }, { -12.00099, 3.26000, 0.00000 }, { -12.00099, 3.26000, 0.00000 }, { -5.72610, 3.26000, 0.00000 }, { -5.72610, 3.26000, 0.00000 }, { -5.72610, 3.26000, 0.00000 }, { -5.72610, 0.00000, 0.00000 }, { -5.72610, 0.00000, 0.00000 }, },
			},
			["shared/asphalt_03.gtex.lua;shared/dirt.gtex.lua"] = {
				{ { 12.00000, 14.75168, 0.00000 }, { 12.00000, 14.75169, 0.00000 }, { 12.00000, 24.00000, 0.00000 }, { 12.00000, 24.00000, 0.00000 }, { 12.00000, 24.00000, 0.00000 }, { -12.00000, 24.00000, 0.00000 }, { -12.00000, 24.00000, 0.00000 }, { -12.00000, 24.00000, 0.00000 }, { -12.00099, 14.75169, 0.00000 }, { -12.00099, 14.75168, 0.00000 }, },
			},
			["shared/grass_cutted_01.gtex.lua"] = {
				{ { -5.72610, 0.00000, 0.00000 }, { -5.72610, 0.00000, 0.00000 }, { -5.72610, 3.26000, 0.00000 }, { -5.72610, 3.26000, 0.00000 }, { -5.72611, 3.26000, 0.00000 }, { -12.00099, 3.26000, 0.00000 }, { -12.00099, 3.26000, 0.00000 }, { -12.00099, 3.26000, 0.00000 }, { -12.00000, 0.00000, 0.00000 }, { -12.00000, 0.00000, 0.00000 }, },
			},
		},
	},
	["layout_1"] = {
		models = {
			["asset/commercial/all_eras/era_c_com_wall.mdl"] = {
				{ -1.00000, -0.00000, 0.00000, 0.00000, 0.00000, -1.00000, -0.00000, 0.00000, 0.00000, -0.00000, 1.00000, 0.00000, 1.80001, 14.73000, 0.00000, 1.00000, },
				{ -1.00000, -0.00000, 0.00000, 0.00000, 0.00000, -1.00000, -0.00000, 0.00000, 0.00000, -0.00000, 1.00000, 0.00000, 4.80001, 14.73000, 0.00000, 1.00000, },
				{ 1.00000, 0.00000, 0.00000, 0.00000, -0.00000, 1.00000, -0.00000, 0.00000, -0.00000, 0.00000, 1.00000, 0.00000, -1.20000, 23.85000, 0.00000, 1.00000, },
				{ -1.00000, -0.00000, 0.00000, 0.00000, 0.00000, -1.00000, -0.00000, 0.00000, 0.00000, -0.00000, 1.00000, 0.00000, -4.20000, 23.85000, 0.00000, 1.00000, },
				{ 1.00000, 0.00000, 0.00000, 0.00000, -0.00000, 1.00000, -0.00000, 0.00000, -0.00000, 0.00000, 1.00000, 0.00000, -7.20000, 23.85000, 0.00000, 1.00000, },
				{ -1.00000, -0.00000, 0.00000, 0.00000, 0.00000, -1.00000, -0.00000, 0.00000, 0.00000, -0.00000, 1.00000, 0.00000, -10.20000, 23.85000, 0.00000, 1.00000, },
				{ -0.00000, 1.00000, 0.00000, 0.00000, -1.00000, -0.00000, -0.00000, 0.00000, -0.00000, -0.00000, 1.00000, 0.00000, -11.85098, 22.50000, 0.00000, 1.00000, },
				{ 0.00000, -1.00000, 0.00000, 0.00000, 1.00000, 0.00000, -0.00000, 0.00000, 0.00000, 0.00000, 1.00000, 0.00000, -11.85098, 19.50000, 0.00000, 1.00000, },
				{ -0.00000, 1.00000, 0.00000, 0.00000, -1.00000, -0.00000, -0.00000, 0.00000, -0.00000, -0.00000, 1.00000, 0.00000, -11.85098, 16.50000, 0.00000, 1.00000, },
				{ 0.00000, -1.00000, 0.00000, 0.00000, 1.00000, 0.00000, -0.00000, 0.00000, 0.00000, 0.00000, 1.00000, 0.00000, -11.85098, 13.50000, 0.00000, 1.00000, },
				{ -0.00000, 1.00000, 0.00000, 0.00000, -1.00000, -0.00000, -0.00000, 0.00000, -0.00000, -0.00000, 1.00000, 0.00000, -11.85098, 10.50000, 0.00000, 1.00000, },
				{ 0.00000, -1.00000, 0.00000, 0.00000, 1.00000, 0.00000, -0.00000, 0.00000, 0.00000, 0.00000, 1.00000, 0.00000, -11.85098, 7.50000, 0.00000, 1.00000, },
				{ -0.00000, 1.00000, 0.00000, 0.00000, -1.00000, -0.00000, -0.00000, 0.00000, -0.00000, -0.00000, 1.00000, 0.00000, -11.85099, 4.50000, 0.00000, 1.00000, },
				{ -1.00000, -0.00000, 0.00000, 0.00000, 0.00000, -1.00000, -0.00000, 0.00000, 0.00000, -0.00000, 1.00000, 0.00000, -10.20000, 3.16000, 0.00000, 1.00000, },
				{ 1.00000, 0.00000, 0.00000, 0.00000, -0.00000, 1.00000, -0.00000, 0.00000, -0.00000, 0.00000, 1.00000, 0.00000, -7.20000, 3.16000, 0.00000, 1.00000, },
				{ -0.00000, 1.00000, 0.00000, 0.00000, -1.00000, -0.00000, -0.00000, 0.00000, -0.00000, -0.00000, 1.00000, 0.00000, 11.82901, 5.77000, 0.00000, 1.00000, },
				{ 1.00000, 0.00000, 0.00000, 0.00000, -0.00000, 1.00000, -0.00000, 0.00000, -0.00000, 0.00000, 1.00000, 0.00000, 10.47901, 4.11000, 0.00000, 1.00000, },
				{ 0.00000, -1.00000, 0.00000, 0.00000, 1.00000, 0.00000, -0.00000, 0.00000, 0.00000, 0.00000, 1.00000, 0.00000, 11.82902, 8.77000, 0.00000, 1.00000, },
				{ -0.00000, 1.00000, 0.00000, 0.00000, -1.00000, -0.00000, -0.00000, 0.00000, -0.00000, -0.00000, 1.00000, 0.00000, 11.82902, 11.77000, 0.00000, 1.00000, },
				{ 0.00000, -1.00000, 0.00000, 0.00000, 1.00000, 0.00000, -0.00000, 0.00000, 0.00000, 0.00000, 1.00000, 0.00000, 11.82902, 14.77000, 0.00000, 1.00000, },
				{ -0.00000, 1.00000, 0.00000, 0.00000, -1.00000, -0.00000, -0.00000, 0.00000, -0.00000, -0.00000, 1.00000, 0.00000, 11.82902, 17.77000, 0.00000, 1.00000, },
				{ -0.00000, 1.00000, 0.00000, 0.00000, -1.00000, -0.00000, -0.00000, 0.00000, -0.00000, -0.00000, 1.00000, 0.00000, 11.82902, 20.77000, 0.00000, 1.00000, },
			},
			["asset/commercial/era_c/com_2_to_4_wall_awning_02_end.mdl"] = {
				{ 1.00000, 0.00000, 0.00000, 0.00000, 0.00000, 1.00000, 0.00000, 0.00000, 0.00000, 0.00000, 1.00000, 0.00000, 8.24000, 3.22000, 0.00000, 1.00000, align = { 8.30000, -2.82759 }, },
				{ -0.00000, -1.15500, -0.00000, 0.00000, 1.15500, -0.00000, 0.00000, 0.00000, -0.00000, 0.00000, 1.15500, 0.00000, 5.24000, 6.26000, 0.00000, 1.00000, align = { 8.30000, -2.82759 }, },
			},
			["asset/commercial/era_c/com_2_to_4_wall_awning_02_repeat.mdl"] = {
				{ 1.00000, 0.00000, 0.00000, 0.00000, 0.00000, 1.00000, 0.00000, 0.00000, 0.00000, 0.00000, 1.00000, 0.00000, 8.24000, 3.22000, 0.00000, 1.00000, align = { 8.30000, -2.82759 }, },
				{ -0.00000, -1.15500, -0.00000, 0.00000, 1.15500, -0.00000, 0.00000, 0.00000, -0.00000, 0.00000, 1.15500, 0.00000, 5.24000, 9.72000, 0.00000, 1.00000, align = { 8.30000, -2.82759 }, },
				{ -0.00000, -1.15500, -0.00000, 0.00000, 1.15500, -0.00000, 0.00000, 0.00000, -0.00000, 0.00000, 1.15500, 0.00000, 5.24000, 6.26000, 0.00000, 1.00000, align = { 8.30000, -2.82759 }, },
			},
			["asset/commercial/era_c/com_2_to_4_wall_awning_02_start.mdl"] = {
				{ 1.00000, 0.00000, 0.00000, 0.00000, 0.00000, 1.00000, 0.00000, 0.00000, 0.00000, 0.00000, 1.00000, 0.00000, 8.24000, 3.22000, 0.00000, 1.00000, align = { 8.30000, -2.82759 }, },
				{ -0.00000, -1.15500, -0.00000, 0.00000, 1.15500, -0.00000, 0.00000, 0.00000, -0.00000, 0.00000, 1.15500, 0.00000, 5.24000, 9.72000, 0.00000, 1.00000, align = { 8.30000, -2.82759 }, },
			},
			["asset/commercial/era_c/com_2_to_4_wall_sign_01_02.mdl"] = {
				{ 1.40000, 0.00000, 0.00000, 0.00000, 0.00000, 1.40000, 0.00000, 0.00000, 0.00000, 0.00000, 1.40000, 0.00000, -2.68921, 14.57701, 0.44989, 1.00000, align = { -2.68921, 13.55447 }, },
			},
			["asset/commercial/era_c/com_2_to_4_wall_sign_05.mdl"] = {
				{ 1.40220, 0.00000, 0.00000, 0.00000, 0.00000, 1.40220, 0.00000, 0.00000, 0.00000, 0.00000, 1.40220, 0.00000, 8.22317, 3.26000, -0.38228, 1.00000, align = { 8.30000, -2.82759 }, },
				{ -0.00000, 1.16850, 0.00000, 0.00000, -1.16850, -0.00000, 0.00000, 0.00000, 0.00000, 0.00000, 1.16850, 0.00000, 11.20317, 6.32000, -0.08412, 1.00000, align = { 8.30000, -2.82759 }, },
				{ -0.00000, 1.16850, 0.00000, 0.00000, -1.16850, -0.00000, 0.00000, 0.00000, 0.00000, 0.00000, 1.16850, 0.00000, 11.20317, 9.72000, -0.08412, 1.00000, align = { 8.30000, -2.82759 }, },
			},
			["asset/commercial/era_c/com_2_to_4_wall_sign_05_02.mdl"] = {
				{ 1.65200, 0.00000, 0.00000, 0.00000, 0.00000, 1.65200, 0.00000, 0.00000, 0.00000, 0.00000, 1.65200, 0.00000, -8.68921, 14.57701, -0.85011, 1.00000, align = { -8.68921, 13.55447 }, },
			},
			["asset/ground/container_waste3_open.mdl"] = {
				{ -1.00000, 0.00000, -0.00000, 0.00000, -0.00000, -1.00000, 0.00000, 0.00000, -0.00000, 0.00000, 1.00000, 0.00000, -8.22770, 21.38226, 0.00000, 1.00000, },
			},
			["asset/ground/garden_bench_wood_01.mdl"] = {
				{ -0.00000, 1.00000, 0.00000, 0.00000, -1.00000, -0.00000, 0.00000, 0.00000, 0.00000, 0.00000, 1.00000, 0.00000, -10.66000, 6.16994, 0.00000, 1.00000, },
				{ -1.00000, -0.00000, -0.00000, 0.00000, -0.00000, -1.00000, 0.00000, 0.00000, -0.00000, 0.00000, 1.00000, 0.00000, -8.80000, 4.16994, 0.00000, 1.00000, },
			},
			["asset/ground/garden_chair_plastic_01.mdl"] = {
				{ 1.13646, 0.17593, 0.00000, 0.00000, -0.17593, 1.13646, 0.00000, 0.00000, -0.00000, -0.00000, 1.15000, 0.00000, -4.05000, 23.19738, 0.00000, 1.00000, },
				{ 1.12651, -0.23124, 0.00000, 0.00000, 0.23124, 1.12651, -0.00000, 0.00000, -0.00000, 0.00000, 1.15000, 0.00000, -2.89999, 22.89739, 0.00000, 1.00000, },
			},
			["asset/industry/cardboard_box_01.mdl"] = {
				{ 0.28234, 0.95931, 0.00000, 0.00000, -0.95931, 0.28234, 0.00000, 0.00000, 0.00000, 0.00000, 1.00000, 0.00000, -10.70000, 22.99098, 0.00000, 1.00000, },
				{ -0.08716, 0.99619, -0.00000, 0.00000, -0.99619, -0.08716, 0.00000, 0.00000, -0.00000, 0.00000, 1.00000, 0.00000, -10.70000, 22.25098, 0.00000, 1.00000, },
				{ 0.99649, 0.08368, 0.00000, 0.00000, -0.08368, 0.99649, 0.00000, 0.00000, -0.00000, -0.00000, 1.00000, 0.00000, -8.24000, 23.01098, 0.00000, 1.00000, },
				{ -0.06279, -0.99803, -0.00000, 0.00000, 0.99803, -0.06279, 0.00000, 0.00000, -0.00000, 0.00000, 1.00000, 0.00000, -8.70000, 23.01098, 0.50000, 1.00000, },
				{ 0.99705, -0.07672, 0.00000, 0.00000, 0.07672, 0.99705, 0.00000, 0.00000, -0.00000, -0.00000, 1.00000, 0.00000, -8.90000, 23.13099, 0.00000, 1.00000, },
				{ 0.99756, 0.06976, 0.00000, 0.00000, -0.06976, 0.99756, 0.00000, 0.00000, -0.00000, -0.00000, 1.00000, 0.00000, -10.04000, 21.43098, 0.00000, 1.00000, },
				{ -0.08716, 0.99619, -0.00000, 0.00000, -0.29790, -0.02606, 0.95424, 0.00000, 0.95061, 0.08317, 0.29904, 0.00000, -10.25000, 22.57098, 0.41000, 1.00000, },
				{ 0.99973, 0.01383, 0.01875, 0.00000, -0.02322, 0.66015, 0.75078, 0.00000, -0.00199, -0.75101, 0.66029, 0.00000, -8.64760, 21.72793, 0.94465, 1.00000, },
			},
			["asset/industry/pallet_01.mdl"] = {
				{ 0.99978, -0.02094, 0.00000, 0.00000, 0.02094, 0.99978, 0.00000, 0.00000, 0.00000, 0.00000, 1.00000, 0.00000, 6.05000, 16.78197, 0.29500, 1.00000, },
				{ 0.98481, -0.17365, 0.00000, 0.00000, 0.17365, 0.98481, 0.00000, 0.00000, 0.00000, 0.00000, 1.00000, 0.00000, 6.05000, 16.78197, 0.14500, 1.00000, },
				{ 1.00000, 0.00000, 0.00000, 0.00000, 0.00000, 1.00000, 0.00000, 0.00000, 0.00000, 0.00000, 1.00000, 0.00000, 6.05000, 16.78197, 0.00000, 1.00000, },
				{ 0.90778, 0.41945, 0.00000, 0.00000, -0.41945, 0.90778, 0.00000, 0.00000, 0.00000, 0.00000, 1.00000, 0.00000, 7.54000, 17.49197, 0.00000, 1.00000, },
				{ -0.00000, -1.00000, 0.00000, 0.00000, 0.52101, -0.00000, -0.85355, 0.00000, 0.85355, -0.00000, 0.52101, 0.00000, 10.52000, 12.73197, 0.50000, 1.00000, },
			},
			["asset/industry/wooden_box_02.mdl"] = {
				{ 0.99322, -0.11627, 0.00000, 0.00000, 0.11627, 0.99322, 0.00000, 0.00000, 0.00000, 0.00000, 1.00000, 0.00000, 9.06257, 17.66166, 0.00000, 1.00000, },
				{ 0.89938, 0.43716, 0.00000, 0.00000, -0.43716, 0.89938, 0.00000, 0.00000, 0.00000, 0.00000, 1.00000, 0.00000, 7.51257, 17.51166, 0.20000, 1.00000, },
				{ 0.99818, 0.06028, 0.00000, 0.00000, -0.06028, 0.99818, 0.00000, 0.00000, 0.00000, 0.00000, 1.00000, 0.00000, 10.34727, 17.35180, 0.00000, 1.00000, },
				{ 0.99818, 0.06028, 0.00000, 0.00000, -0.06028, 0.99818, 0.00000, 0.00000, 0.00000, 0.00000, 1.00000, 0.00000, 10.34727, 16.05180, 0.00000, 1.00000, },
				{ 0.99715, 0.07538, 0.00000, 0.00000, -0.07538, 0.99715, 0.00000, 0.00000, 0.00000, 0.00000, 1.00000, 0.00000, 9.31257, 16.11166, 0.00000, 1.00000, },
				{ 1.00000, 0.00000, 0.00000, 0.00000, 0.00000, 1.00000, 0.00000, 0.00000, 0.00000, 0.00000, 1.00000, 0.00000, 8.28695, 16.01896, 0.00000, 1.00000, },
				{ 0.99918, 0.04049, 0.00000, 0.00000, -0.04049, 0.99918, 0.00000, 0.00000, 0.00000, 0.00000, 1.00000, 0.00000, 7.26473, 16.07420, 0.00000, 1.00000, },
			},
			["asset/vegetation/hedge_m.mdl"] = {
				{ -0.00000, 0.75000, -0.00000, 0.00000, -0.75000, -0.00000, 0.00000, 0.00000, -0.00000, 0.00000, 0.75000, 0.00000, 5.57000, 15.41204, 0.00000, 1.00000, },
				{ -0.00000, 0.75000, -0.00000, 0.00000, -0.75000, -0.00000, 0.00000, 0.00000, -0.00000, 0.00000, 0.75000, 0.00000, 3.89000, 15.41204, 0.00000, 1.00000, },
				{ 0.00000, -0.75000, 0.00000, 0.00000, 0.75000, 0.00000, 0.00000, 0.00000, -0.00000, -0.00000, 0.75000, 0.00000, 3.05000, 15.41204, 0.00000, 1.00000, },
				{ 0.00000, -0.75000, 0.00000, 0.00000, 0.75000, 0.00000, 0.00000, 0.00000, -0.00000, -0.00000, 0.75000, 0.00000, 4.79000, 15.41204, 0.00000, 1.00000, },
				{ 0.00000, -0.75000, 0.00000, 0.00000, 0.75000, 0.00000, 0.00000, 0.00000, -0.00000, -0.00000, 0.75000, 0.00000, 2.15000, 15.41204, 0.00000, 1.00000, },
				{ -0.00000, 0.75000, -0.00000, 0.00000, -0.75000, -0.00000, 0.00000, 0.00000, -0.00000, 0.00000, 0.75000, 0.00000, 1.09000, 15.41204, 0.00000, 1.00000, },
			},
			["station/rail/asset/cargo_pallet_jack.mdl"] = {
				{ 0.50773, -1.03185, 0.00000, 0.00000, 1.03185, 0.50773, 0.00000, 0.00000, 0.00000, 0.00000, 1.15000, 0.00000, 7.34000, 17.89000, 0.00000, 1.00000, },
			},
			["station/rail/asset/era_c_street_pillar.mdl"] = {
				{ 1.00000, 0.00000, 0.00000, 0.00000, 0.00000, 1.00000, 0.00000, 0.00000, 0.00000, 0.00000, 1.00000, 0.00000, -3.48000, 3.17000, 0.00000, 1.00000, },
				{ 1.00000, 0.00000, 0.00000, 0.00000, 0.00000, 1.00000, 0.00000, 0.00000, 0.00000, 0.00000, 1.00000, 0.00000, 2.52000, 3.17000, 0.00000, 1.00000, },
				{ 1.00000, 0.00000, 0.00000, 0.00000, 0.00000, 1.00000, 0.00000, 0.00000, 0.00000, 0.00000, 1.00000, 0.00000, -1.48000, 3.17000, 0.00000, 1.00000, },
				{ 1.00000, 0.00000, 0.00000, 0.00000, 0.00000, 1.00000, 0.00000, 0.00000, 0.00000, 0.00000, 1.00000, 0.00000, 4.52000, 3.17000, 0.00000, 1.00000, },
				{ 1.00000, 0.00000, 0.00000, 0.00000, 0.00000, 1.00000, 0.00000, 0.00000, 0.00000, 0.00000, 1.00000, 0.00000, 0.52000, 3.17000, 0.00000, 1.00000, },
			},
			["street/street_asset_mix/trash_standing_c.mdl"] = {
				{ -0.55484, 0.83195, -0.00000, 0.00000, -0.83195, -0.55484, 0.00000, 0.00000, -0.00000, 0.00000, 1.00000, 0.00000, -10.63000, 4.41000, 0.00000, 1.00000, },
				{ 1.00000, 0.00000, 0.00000, 0.00000, 0.00000, 1.00000, 0.00000, 0.00000, 0.00000, 0.00000, 1.00000, 0.00000, 6.35000, 2.57000, 0.00000, 1.00000, },
			},
		},
		groups = {
			["com_2_to_4_asset_wall_sign_02.grp"] = {
				{ 0.37500, 0.00000, 0.00000, 0.00000, 0.00000, 0.37500, 0.00000, 0.00000, 0.00000, 0.00000, 0.37500, 0.00000, -4.55000, 14.80000, 1.27000, 1.00000, align = { -2.68921, 13.55447 }, },
				{ 0.37500, 0.00000, 0.00000, 0.00000, 0.00000, 0.37500, 0.00000, 0.00000, 0.00000, 0.00000, 0.37500, 0.00000, -0.82000, 14.80000, 1.27000, 1.00000, align = { -2.68921, 13.55447 }, },
			},
			["era_c_com_random_trash_container.grp"] = {
				{ 0.00000, -1.00000, 0.00000, 0.00000, 1.00000, 0.00000, 0.00000, 0.00000, -0.00000, -0.00000, 1.00000, 0.00000, 10.97230, 20.75452, 0.00000, 1.00000, },
			},
			["mailbox_new.grp"] = {
				{ 1.00000, 0.00000, 0.00000, 0.00000, 0.00000, 1.00000, 0.00000, 0.00000, 0.00000, 0.00000, 1.00000, 0.00000, 11.16000, 3.47500, 0.00000, 1.00000, },
			},
			["random_shrub_town.grp"] = {
				{ -0.28811, -0.69246, 0.00000, 0.00000, 0.69246, -0.28811, -0.00000, 0.00000, 0.00000, 0.00000, 0.75000, 0.00000, -10.89707, 1.35746, -0.00000, 1.00000, },
				{ -0.74258, 0.10527, 0.00000, 0.00000, -0.10527, -0.74258, -0.00000, 0.00000, 0.00000, -0.00000, 0.75000, 0.00000, -9.71707, 1.62724, -0.00000, 1.00000, },
				{ -0.74618, 0.07560, 0.00000, 0.00000, -0.07560, -0.74618, -0.00000, 0.00000, 0.00000, -0.00000, 0.75000, 0.00000, -7.49707, 1.28805, -0.00000, 1.00000, },
				{ 0.51372, 0.54644, 0.00000, 0.00000, -0.54644, 0.51372, -0.00000, 0.00000, -0.00000, -0.00000, 0.75000, 0.00000, -8.59707, 1.50856, -0.00000, 1.00000, },
				{ 0.34840, 0.66417, 0.00000, 0.00000, -0.66417, 0.34840, -0.00000, 0.00000, -0.00000, -0.00000, 0.75000, 0.00000, -6.67707, 1.52330, -0.00000, 1.00000, },
			},
		},
	},
	["layout_2"] = {
		models = {
			["asset/commercial/all_eras/era_c_com_wall.mdl"] = {
				{ 1.00000, 0.00000, 0.00000, 0.00000, -0.00000, 1.00000, -0.00000, 0.00000, -0.00000, 0.00000, 1.00000, 0.00000, -1.20000, 23.85000, 0.00000, 1.00000, },
				{ -1.00000, -0.00000, 0.00000, 0.00000, 0.00000, -1.00000, -0.00000, 0.00000, 0.00000, -0.00000, 1.00000, 0.00000, -4.20000, 23.85000, 0.00000, 1.00000, },
				{ 1.00000, 0.00000, 0.00000, 0.00000, -0.00000, 1.00000, -0.00000, 0.00000, -0.00000, 0.00000, 1.00000, 0.00000, -7.20000, 23.85000, 0.00000, 1.00000, },
				{ -1.00000, -0.00000, 0.00000, 0.00000, 0.00000, -1.00000, -0.00000, 0.00000, 0.00000, -0.00000, 1.00000, 0.00000, -10.20000, 23.85000, 0.00000, 1.00000, },
				{ -0.00000, 1.00000, 0.00000, 0.00000, -1.00000, -0.00000, -0.00000, 0.00000, -0.00000, -0.00000, 1.00000, 0.00000, -11.85098, 22.50000, 0.00000, 1.00000, },
				{ 0.00000, -1.00000, 0.00000, 0.00000, 1.00000, 0.00000, -0.00000, 0.00000, 0.00000, 0.00000, 1.00000, 0.00000, -11.85098, 19.50000, 0.00000, 1.00000, },
				{ -0.00000, 1.00000, 0.00000, 0.00000, -1.00000, -0.00000, -0.00000, 0.00000, -0.00000, -0.00000, 1.00000, 0.00000, -11.85098, 16.50000, 0.00000, 1.00000, },
				{ 0.00000, -1.00000, 0.00000, 0.00000, 1.00000, 0.00000, -0.00000, 0.00000, 0.00000, 0.00000, 1.00000, 0.00000, -11.85098, 13.50000, 0.00000, 1.00000, },
				{ -0.00000, 1.00000, 0.00000, 0.00000, -1.00000, -0.00000, -0.00000, 0.00000, -0.00000, -0.00000, 1.00000, 0.00000, -11.85098, 10.50000, 0.00000, 1.00000, },
				{ 0.00000, -1.00000, 0.00000, 0.00000, 1.00000, 0.00000, -0.00000, 0.00000, 0.00000, 0.00000, 1.00000, 0.00000, -11.85098, 7.50000, 0.00000, 1.00000, },
				{ -0.00000, 1.00000, 0.00000, 0.00000, -1.00000, -0.00000, -0.00000, 0.00000, -0.00000, -0.00000, 1.00000, 0.00000, -11.85099, 4.50000, 0.00000, 1.00000, },
				{ -1.00000, -0.00000, 0.00000, 0.00000, 0.00000, -1.00000, -0.00000, 0.00000, 0.00000, -0.00000, 1.00000, 0.00000, -10.20000, 3.16000, 0.00000, 1.00000, },
				{ 1.00000, 0.00000, 0.00000, 0.00000, -0.00000, 1.00000, -0.00000, 0.00000, -0.00000, 0.00000, 1.00000, 0.00000, -7.20000, 3.16000, 0.00000, 1.00000, },
				{ -0.00000, 1.00000, 0.00000, 0.00000, -1.00000, -0.00000, -0.00000, 0.00000, -0.00000, -0.00000, 1.00000, 0.00000, 11.82901, 5.77000, 0.00000, 1.00000, },
				{ 1.00000, 0.00000, 0.00000, 0.00000, -0.00000, 1.00000, -0.00000, 0.00000, -0.00000, 0.00000, 1.00000, 0.00000, 10.47901, 4.11000, 0.00000, 1.00000, },
				{ 0.00000, -1.00000, 0.00000, 0.00000, 1.00000, 0.00000, -0.00000, 0.00000, 0.00000, 0.00000, 1.00000, 0.00000, 11.82902, 8.77000, 0.00000, 1.00000, },
				{ -0.00000, 1.00000, 0.00000, 0.00000, -1.00000, -0.00000, -0.00000, 0.00000, -0.00000, -0.00000, 1.00000, 0.00000, 11.82902, 11.77000, 0.00000, 1.00000, },
				{ 0.00000, -1.00000, 0.00000, 0.00000, 1.00000, 0.00000, -0.00000, 0.00000, 0.00000, 0.00000, 1.00000, 0.00000, 11.82902, 14.77000, 0.00000, 1.00000, },
				{ -0.00000, 1.00000, 0.00000, 0.00000, -1.00000, -0.00000, -0.00000, 0.00000, -0.00000, -0.00000, 1.00000, 0.00000, 11.82902, 17.77000, 0.00000, 1.00000, },
				{ -0.00000, 1.00000, 0.00000, 0.00000, -1.00000, -0.00000, -0.00000, 0.00000, -0.00000, -0.00000, 1.00000, 0.00000, 11.82902, 20.77000, 0.00000, 1.00000, },
				{ -1.00000, -0.00000, 0.00000, 0.00000, 0.00000, -1.00000, -0.00000, 0.00000, 0.00000, -0.00000, 1.00000, 0.00000, 1.80001, 14.73000, 0.00000, 1.00000, },
				{ -1.00000, -0.00000, 0.00000, 0.00000, 0.00000, -1.00000, -0.00000, 0.00000, 0.00000, -0.00000, 1.00000, 0.00000, 4.80001, 14.73000, 0.00000, 1.00000, },
			},
			["asset/commercial/era_c/com_2_to_4_wall_awning_02_end.mdl"] = {
				{ 1.00000, 0.00000, 0.00000, 0.00000, 0.00000, 1.00000, 0.00000, 0.00000, 0.00000, 0.00000, 1.00000, 0.00000, 8.24000, 3.22000, 0.00000, 1.00000, align = { 8.30000, -2.82759 }, },
				{ -0.00000, -1.15500, -0.00000, 0.00000, 1.15500, -0.00000, 0.00000, 0.00000, -0.00000, 0.00000, 1.15500, 0.00000, 5.24000, 6.26000, 0.00000, 1.00000, align = { 8.30000, -2.82759 }, },
			},
			["asset/commercial/era_c/com_2_to_4_wall_awning_02_repeat.mdl"] = {
				{ 1.00000, 0.00000, 0.00000, 0.00000, 0.00000, 1.00000, 0.00000, 0.00000, 0.00000, 0.00000, 1.00000, 0.00000, 8.24000, 3.22000, 0.00000, 1.00000, align = { 8.30000, -2.82759 }, },
				{ -0.00000, -1.15500, -0.00000, 0.00000, 1.15500, -0.00000, 0.00000, 0.00000, -0.00000, 0.00000, 1.15500, 0.00000, 5.24000, 9.72000, 0.00000, 1.00000, align = { 8.30000, -2.82759 }, },
				{ -0.00000, -1.15500, -0.00000, 0.00000, 1.15500, -0.00000, 0.00000, 0.00000, -0.00000, 0.00000, 1.15500, 0.00000, 5.24000, 6.26000, 0.00000, 1.00000, align = { 8.30000, -2.82759 }, },
			},
			["asset/commercial/era_c/com_2_to_4_wall_awning_02_start.mdl"] = {
				{ 1.00000, 0.00000, 0.00000, 0.00000, 0.00000, 1.00000, 0.00000, 0.00000, 0.00000, 0.00000, 1.00000, 0.00000, 8.24000, 3.22000, 0.00000, 1.00000, align = { 8.30000, -2.82759 }, },
				{ -0.00000, -1.15500, -0.00000, 0.00000, 1.15500, -0.00000, 0.00000, 0.00000, -0.00000, 0.00000, 1.15500, 0.00000, 5.24000, 9.72000, 0.00000, 1.00000, align = { 8.30000, -2.82759 }, },
			},
			["asset/commercial/era_c/com_2_to_4_wall_sign_05.mdl"] = {
				{ 1.40220, 0.00000, 0.00000, 0.00000, 0.00000, 1.40220, 0.00000, 0.00000, 0.00000, 0.00000, 1.40220, 0.00000, 8.22317, 3.26000, -0.38228, 1.00000, align = { 8.30000, -2.82759 }, },
				{ -0.00000, 1.16850, 0.00000, 0.00000, -1.16850, -0.00000, 0.00000, 0.00000, 0.00000, 0.00000, 1.16850, 0.00000, 11.20317, 6.32000, -0.08412, 1.00000, align = { 8.30000, -2.82759 }, },
				{ -0.00000, 1.16850, 0.00000, 0.00000, -1.16850, -0.00000, 0.00000, 0.00000, 0.00000, 0.00000, 1.16850, 0.00000, 11.20317, 9.72000, -0.08412, 1.00000, align = { 8.30000, -2.82759 }, },
			},
			["asset/ground/container_waste3_open.mdl"] = {
				{ 0.00000, 1.00000, -0.00000, 0.00000, -1.00000, 0.00000, -0.00000, 0.00000, 0.00000, 0.00000, 1.00000, 0.00000, -10.73284, 22.47005, 0.00768, 1.00000, },
			},
			["asset/ground/garden_bench_wood_01.mdl"] = {
				{ -0.00000, 1.00000, 0.00000, 0.00000, -1.00000, -0.00000, 0.00000, 0.00000, 0.00000, 0.00000, 1.00000, 0.00000, -10.66000, 6.16994, 0.00000, 1.00000, },
				{ -1.00000, -0.00000, -0.00000, 0.00000, -0.00000, -1.00000, 0.00000, 0.00000, -0.00000, 0.00000, 1.00000, 0.00000, -8.80000, 4.16994, 0.00000, 1.00000, },
			},
			["asset/industry/cardboard_box_01.mdl"] = {
				{ 0.28234, 0.95931, 0.00000, 0.00000, -0.95931, 0.28234, 0.00000, 0.00000, 0.00000, 0.00000, 1.00000, 0.00000, -8.48000, 21.93098, 0.00000, 1.00000, },
				{ -0.08716, 0.99619, -0.00000, 0.00000, -0.99619, -0.08716, 0.00000, 0.00000, -0.00000, 0.00000, 1.00000, 0.00000, -8.48000, 21.19098, 0.00000, 1.00000, },
				{ 0.99649, 0.08368, 0.00000, 0.00000, -0.08368, 0.99649, 0.00000, 0.00000, -0.00000, -0.00000, 1.00000, 0.00000, -8.94000, 23.01098, 0.00000, 1.00000, },
				{ -0.06279, -0.99803, -0.00000, 0.00000, 0.99803, -0.06279, 0.00000, 0.00000, -0.00000, 0.00000, 1.00000, 0.00000, -9.40000, 23.01098, 0.50000, 1.00000, },
				{ 0.99705, -0.07672, 0.00000, 0.00000, 0.07672, 0.99705, 0.00000, 0.00000, -0.00000, -0.00000, 1.00000, 0.00000, -9.60000, 23.13099, 0.00000, 1.00000, },
				{ 0.99756, 0.06976, 0.00000, 0.00000, -0.06976, 0.99756, 0.00000, 0.00000, -0.00000, -0.00000, 1.00000, 0.00000, -9.46000, 21.59098, 0.00000, 1.00000, },
				{ -0.08716, 0.99619, -0.00000, 0.00000, -0.29790, -0.02606, 0.95424, 0.00000, 0.95061, 0.08317, 0.29904, 0.00000, -8.03000, 21.51098, 0.41000, 1.00000, },
				{ 0.01383, -0.99973, 0.01875, 0.00000, 0.66015, 0.02322, 0.75078, 0.00000, -0.75101, 0.00199, 0.66029, 0.00000, -10.38717, 22.88995, 0.95232, 1.00000, },
			},
			["asset/industry/pallet_01.mdl"] = {
				{ 0.99978, -0.02094, 0.00000, 0.00000, 0.02094, 0.99978, 0.00000, 0.00000, 0.00000, 0.00000, 1.00000, 0.00000, 0.99000, 16.70197, 0.29500, 1.00000, },
				{ 0.98398, 0.17829, 0.00000, 0.00000, -0.17829, 0.98398, 0.00000, 0.00000, 0.00000, 0.00000, 1.00000, 0.00000, 0.99000, 16.70197, 0.73500, 1.00000, },
				{ 0.98481, -0.17365, 0.00000, 0.00000, 0.17365, 0.98481, 0.00000, 0.00000, 0.00000, 0.00000, 1.00000, 0.00000, 0.99000, 16.70197, 0.14500, 1.00000, },
				{ 0.99995, 0.00988, 0.00000, 0.00000, -0.00988, 0.99995, 0.00000, 0.00000, 0.00000, 0.00000, 1.00000, 0.00000, 0.99000, 16.70197, 0.58500, 1.00000, },
				{ 1.00000, 0.00000, 0.00000, 0.00000, 0.00000, 1.00000, 0.00000, 0.00000, 0.00000, 0.00000, 1.00000, 0.00000, 0.99000, 16.70197, 0.00000, 1.00000, },
				{ 0.98495, 0.17283, 0.00000, 0.00000, -0.17283, 0.98495, 0.00000, 0.00000, 0.00000, 0.00000, 1.00000, 0.00000, 0.99000, 16.70197, 0.44000, 1.00000, },
				{ 0.90778, 0.41945, 0.00000, 0.00000, -0.41945, 0.90778, 0.00000, 0.00000, 0.00000, 0.00000, 1.00000, 0.00000, 7.54000, 17.49197, 0.00000, 1.00000, },
			},
			["asset/industry/wooden_box_02.mdl"] = {
				{ 0.99322, -0.11627, 0.00000, 0.00000, 0.11627, 0.99322, 0.00000, 0.00000, 0.00000, 0.00000, 1.00000, 0.00000, 9.06257, 17.66166, 0.00000, 1.00000, },
				{ 0.89938, 0.43716, 0.00000, 0.00000, -0.43716, 0.89938, 0.00000, 0.00000, 0.00000, 0.00000, 1.00000, 0.00000, 7.51257, 17.51166, 0.20000, 1.00000, },
				{ 0.99818, 0.06028, 0.00000, 0.00000, -0.06028, 0.99818, 0.00000, 0.00000, 0.00000, 0.00000, 1.00000, 0.00000, 10.34727, 17.35180, 0.00000, 1.00000, },
				{ 0.99818, 0.06028, 0.00000, 0.00000, -0.06028, 0.99818, 0.00000, 0.00000, 0.00000, 0.00000, 1.00000, 0.00000, 10.34727, 16.05180, 0.00000, 1.00000, },
				{ 0.99908, -0.04297, 0.00000, 0.00000, 0.04297, 0.99908, 0.00000, 0.00000, 0.00000, 0.00000, 1.00000, 0.00000, 10.34727, 16.05180, 0.98000, 1.00000, },
				{ 0.99715, 0.07538, 0.00000, 0.00000, -0.07538, 0.99715, 0.00000, 0.00000, 0.00000, 0.00000, 1.00000, 0.00000, 9.31257, 16.11166, 0.00000, 1.00000, },
				{ 0.98931, -0.14580, 0.00000, 0.00000, 0.14580, 0.98931, 0.00000, 0.00000, 0.00000, 0.00000, 1.00000, 0.00000, 9.31257, 16.11166, 0.98000, 1.00000, },
				{ 1.00000, 0.00000, 0.00000, 0.00000, 0.00000, 1.00000, 0.00000, 0.00000, 0.00000, 0.00000, 1.00000, 0.00000, 8.28695, 16.01896, 0.00000, 1.00000, },
				{ 0.99742, -0.07172, 0.00000, 0.00000, 0.07172, 0.99742, 0.00000, 0.00000, 0.00000, 0.00000, 1.00000, 0.00000, 8.28695, 16.01896, 0.98000, 1.00000, },
				{ 0.99918, 0.04049, 0.00000, 0.00000, -0.04049, 0.99918, 0.00000, 0.00000, 0.00000, 0.00000, 1.00000, 0.00000, 7.26473, 16.07420, 0.00000, 1.00000, },
				{ 0.99494, -0.10048, 0.00000, 0.00000, 0.10048, 0.99494, 0.00000, 0.00000, 0.00000, 0.00000, 1.00000, 0.00000, 7.26473, 16.07420, 0.98000, 1.00000, },
			},
			["asset/vegetation/hedge_m.mdl"] = {
				{ -0.00000, 0.75000, -0.00000, 0.00000, -0.75000, -0.00000, 0.00000, 0.00000, -0.00000, 0.00000, 0.75000, 0.00000, 5.57000, 15.41204, 0.00000, 1.00000, },
				{ -0.00000, 0.75000, -0.00000, 0.00000, -0.75000, -0.00000, 0.00000, 0.00000, -0.00000, 0.00000, 0.75000, 0.00000, 3.89000, 15.41204, 0.00000, 1.00000, },
				{ 0.00000, -0.75000, 0.00000, 0.00000, 0.75000, 0.00000, 0.00000, 0.00000, -0.00000, -0.00000, 0.75000, 0.00000, 3.05000, 15.41204, 0.00000, 1.00000, },
				{ 0.00000, -0.75000, 0.00000, 0.00000, 0.75000, 0.00000, 0.00000, 0.00000, -0.00000, -0.00000, 0.75000, 0.00000, 4.79000, 15.41204, 0.00000, 1.00000, },
				{ 0.00000, -0.75000, 0.00000, 0.00000, 0.75000, 0.00000, 0.00000, 0.00000, -0.00000, -0.00000, 0.75000, 0.00000, 2.15000, 15.41204, 0.00000, 1.00000, },
				{ -0.00000, 0.75000, -0.00000, 0.00000, -0.75000, -0.00000, 0.00000, 0.00000, -0.00000, 0.00000, 0.75000, 0.00000, 1.09000, 15.41204, 0.00000, 1.00000, },
			},
			["station/rail/asset/cargo_pallet_jack.mdl"] = {
				{ -0.39709, -1.07927, 0.00000, 0.00000, 1.07927, -0.39709, 0.00000, 0.00000, 0.00000, 0.00000, 1.15000, 0.00000, -0.36000, 18.63000, 0.00000, 1.00000, },
			},
			["station/rail/asset/era_c_street_pillar.mdl"] = {
				{ 1.00000, 0.00000, 0.00000, 0.00000, 0.00000, 1.00000, 0.00000, 0.00000, 0.00000, 0.00000, 1.00000, 0.00000, -3.48000, 3.17000, 0.00000, 1.00000, },
				{ 1.00000, 0.00000, 0.00000, 0.00000, 0.00000, 1.00000, 0.00000, 0.00000, 0.00000, 0.00000, 1.00000, 0.00000, 2.52000, 3.17000, 0.00000, 1.00000, },
				{ 1.00000, 0.00000, 0.00000, 0.00000, 0.00000, 1.00000, 0.00000, 0.00000, 0.00000, 0.00000, 1.00000, 0.00000, -1.48000, 3.17000, 0.00000, 1.00000, },
				{ 1.00000, 0.00000, 0.00000, 0.00000, 0.00000, 1.00000, 0.00000, 0.00000, 0.00000, 0.00000, 1.00000, 0.00000, 4.52000, 3.17000, 0.00000, 1.00000, },
				{ 1.00000, 0.00000, 0.00000, 0.00000, 0.00000, 1.00000, 0.00000, 0.00000, 0.00000, 0.00000, 1.00000, 0.00000, 0.52000, 3.17000, 0.00000, 1.00000, },
			},
			["street/street_asset_mix/trash_standing_c.mdl"] = {
				{ -0.55484, 0.83195, -0.00000, 0.00000, -0.83195, -0.55484, 0.00000, 0.00000, -0.00000, 0.00000, 1.00000, 0.00000, -10.63000, 4.41000, 0.00000, 1.00000, },
				{ 1.00000, 0.00000, 0.00000, 0.00000, 0.00000, 1.00000, 0.00000, 0.00000, 0.00000, 0.00000, 1.00000, 0.00000, 6.35000, 2.57000, 0.00000, 1.00000, },
			},
		},
		groups = {
			["era_c_com_2_to_4_wall_sign_small_2.grp"] = {
				{ 1.40000, 0.00000, 0.00000, 0.00000, 0.00000, 1.40000, 0.00000, 0.00000, 0.00000, 0.00000, 1.40000, 0.00000, -8.74922, 14.57701, 0.44989, 1.00000, align = { -8.68921, 13.55447 }, },
				{ 1.40000, 0.00000, 0.00000, 0.00000, 0.00000, 1.40000, 0.00000, 0.00000, 0.00000, 0.00000, 1.40000, 0.00000, -2.68921, 14.57701, 0.44989, 1.00000, align = { -2.68921, 13.55447 }, },
			},
			["era_c_com_random_trash_container.grp"] = {
				{ -0.07672, -0.99705, 0.00000, 0.00000, 0.99705, -0.07672, 0.00000, 0.00000, -0.00000, 0.00000, 1.00000, 0.00000, 10.82230, 19.65452, 0.00000, 1.00000, },
			},
			["mailbox_new.grp"] = {
				{ 1.00000, 0.00000, 0.00000, 0.00000, 0.00000, 1.00000, 0.00000, 0.00000, 0.00000, 0.00000, 1.00000, 0.00000, 11.16000, 3.47500, 0.00000, 1.00000, },
			},
			["random_shrub_town.grp"] = {
				{ -0.28811, -0.69246, 0.00000, 0.00000, 0.69246, -0.28811, -0.00000, 0.00000, 0.00000, 0.00000, 0.75000, 0.00000, -10.89707, 1.35746, -0.00000, 1.00000, },
				{ -0.74258, 0.10527, 0.00000, 0.00000, -0.10527, -0.74258, -0.00000, 0.00000, 0.00000, -0.00000, 0.75000, 0.00000, -9.71707, 1.62724, -0.00000, 1.00000, },
				{ -0.74618, 0.07560, 0.00000, 0.00000, -0.07560, -0.74618, -0.00000, 0.00000, 0.00000, -0.00000, 0.75000, 0.00000, -7.49707, 1.28805, -0.00000, 1.00000, },
				{ 0.51372, 0.54644, 0.00000, 0.00000, -0.54644, 0.51372, -0.00000, 0.00000, -0.00000, -0.00000, 0.75000, 0.00000, -8.59707, 1.50856, -0.00000, 1.00000, },
				{ 0.34840, 0.66417, 0.00000, 0.00000, -0.66417, 0.34840, -0.00000, 0.00000, -0.00000, -0.00000, 0.75000, 0.00000, -6.67707, 1.52330, -0.00000, 1.00000, },
			},
		},
	},
}
--End Generated

function data()
	return townbuildingutil.make_building2(
		{ { -4.60, -0.10 }, { 4.60, -0.10 }, { 4.60, 9.10 }, { -4.60, 9.10 } },
		"COMMERCIAL", 
		"C", 
		1,
		{ 3, 3 },
		generatedData,
		"construction/building/era_c/com_1_3x3_01.gtex"
	)
end
