local townbuildingutil = require "townbuildingutil"

--Model file: "building/era_c/com_1_2x2_02.mdl"

--Begin Generated
local generatedData = {
	["base"] = {
		models = {
			["building/era_c/com_1_1x1_03.mdl"] = {
				{ 1.00000, 0.00000, 0.00000, 0.00000, 0.00000, 1.00000, 0.00000, 0.00000, 0.00000, 0.00000, 1.00000, 0.00000, -8.59999, 16.88547, -0.00011, 1.00000, },
			},
			["building/era_c/com_1_2x2_02.mdl"] = {
				{ 1.00000, 0.00000, 0.00000, 0.00000, 0.00000, 1.00000, 0.00000, 0.00000, 0.00000, 0.00000, 1.00000, 0.00000, 0.00000, 3.61270, -0.00000, 1.00000, },
			},
		},
		curves = {
			["scaffold"] = {
				{ { 2.47166, 4.94998, 0.00000 }, { 2.47166, 4.94998, 0.00000 }, { 2.47166, 5.63670, 0.00000 }, { 2.47166, 5.63670, 0.00000 }, { 2.47166, 5.63670, 0.00000 }, { 5.31741, 5.64335, 0.00000 }, { 5.31741, 5.64335, 0.00000 }, { 5.31741, 5.64335, 0.00000 }, { 5.31738, 14.97670, 0.00000 }, { 5.31738, 14.97670, 0.00000 }, { 5.31738, 14.97670, 0.00000 }, { 2.46657, 14.98324, 0.00000 }, { 2.46657, 14.98324, 0.00000 }, { 2.46657, 14.98324, 0.00000 }, { 2.47166, 16.47701, 0.00000 }, { 2.47166, 16.47701, 0.00000 }, { 2.47166, 16.47701, 0.00000 }, { -2.68156, 16.47701, 0.00000 }, { -2.68156, 16.47701, 0.00000 }, { -2.68156, 16.47701, 0.00000 }, { -2.66800, 14.98000, 0.00000 }, { -2.66800, 14.98000, 0.00000 }, { -2.66800, 14.98000, 0.00000 }, { -5.52901, 14.97307, 0.00000 }, { -5.52901, 14.97307, 0.00000 }, { -5.52901, 14.97307, 0.00000 }, { -5.53314, 5.63680, 0.00000 }, { -5.53314, 5.63680, 0.00000 }, { -5.53314, 5.63680, 0.00000 }, { -2.68156, 5.63668, 0.00000 }, { -2.68156, 5.63668, 0.00000 }, { -2.68156, 5.63668, 0.00000 }, { -2.68155, 4.94998, 0.00000 }, { -2.68155, 4.94998, 0.00000 }, },
				{ { -5.60112, 17.90000, 0.00000 }, { -5.60112, 17.90000, 0.00000 }, { -5.60112, 20.90000, 0.00000 }, { -5.60112, 20.90000, 0.00000 }, { -5.60112, 20.90000, 0.00000 }, { -7.10112, 20.90001, 0.00000 }, { -7.10112, 20.90001, 0.00000 }, { -7.10112, 20.90001, 0.00000 }, { -7.10112, 24.00003, 0.00000 }, { -7.10112, 24.00003, 0.00000 }, { -7.10112, 24.00003, 0.00000 }, { -11.65320, 24.00003, 0.00000 }, { -11.65320, 24.00003, 0.00000 }, { -11.65320, 24.00003, 0.00000 }, { -11.65320, 17.90000, 0.00000 }, { -11.65320, 17.90000, 0.00000 }, },
			},
			["shared/asphalt_02.gtex.lua;shared/dirt.gtex.lua"] = {
				{ { 10.00000, 0.00000, 0.00000 }, { 10.00000, 0.00000, 0.00000 }, { 10.00000, 13.00000, 0.00000 }, { 10.00000, 13.00000, 0.00000 }, { 10.00000, 13.00000, 0.00000 }, { -10.00000, 13.00000, 0.00000 }, { -10.00000, 13.00000, 0.00000 }, { -10.00000, 13.00000, 0.00000 }, { -10.00000, 0.00000, 0.00000 }, { -10.00000, 0.00000, 0.00000 }, },
			},
			["shared/asphalt_03.gtex.lua;shared/dirt.gtex.lua"] = {
				{ { 12.00000, 15.00000, 0.00000 }, { 12.00000, 15.00000, 0.00000 }, { 11.99902, 24.00000, 0.00000 }, { 11.99902, 24.00000, 0.00000 }, { 11.99902, 24.00000, 0.00000 }, { -12.00000, 24.00000, 0.00000 }, { -12.00000, 24.00000, 0.00000 }, { -12.00000, 24.00000, 0.00000 }, { -12.00000, 15.00000, 0.00000 }, { -12.00000, 15.00000, 0.00000 }, },
			},
			["shared/grass_cutted_01.gtex.lua"] = {
				{ { 12.00000, 0.00000, 0.00000 }, { 12.00000, 0.00000, 0.00000 }, { 12.00000, 15.00000, 0.00000 }, { 12.00000, 15.00000, 0.00000 }, { 12.00000, 15.00000, 0.00000 }, { -12.00000, 15.00000, 0.00000 }, { -12.00000, 15.00000, 0.00000 }, { -12.00000, 15.00000, 0.00000 }, { -12.00000, 0.00000, 0.00000 }, { -12.00000, 0.00000, 0.00000 }, { -12.00000, 0.00000, 0.00000 }, { -10.00000, -0.00000, 0.00000 }, { -10.00000, -0.00000, 0.00000 }, { -10.00000, -0.00000, 0.00000 }, { -10.00000, 13.00000, 0.00000 }, { -10.00000, 13.00000, 0.00000 }, { -10.00000, 13.00000, 0.00000 }, { 10.00000, 13.00000, 0.00000 }, { 10.00000, 13.00000, 0.00000 }, { 10.00000, 13.00000, 0.00000 }, { 10.00000, 0.00000, 0.00000 }, { 10.00000, 0.00000, 0.00000 }, },
			},
		},
	},
	["layout_1"] = {
		models = {
			["asset/commercial/all_eras/era_c_com_wall.mdl"] = {
				{ -0.00000, 1.00000, 0.00000, 0.00000, -1.00000, -0.00000, -0.00000, 0.00000, -0.00000, -0.00000, 1.00000, 0.00000, 11.84902, 16.50000, 0.00000, 1.00000, },
				{ 0.00000, -1.00000, 0.00000, 0.00000, 1.00000, 0.00000, -0.00000, 0.00000, 0.00000, 0.00000, 1.00000, 0.00000, 11.84902, 13.50000, 0.00000, 1.00000, },
				{ 0.00000, -1.00000, 0.00000, 0.00000, 1.00000, 0.00000, -0.00000, 0.00000, 0.00000, 0.00000, 1.00000, 0.00000, 11.84902, 7.50000, 0.00000, 1.00000, },
				{ 0.00000, -1.00000, 0.00000, 0.00000, 1.00000, 0.00000, -0.00000, 0.00000, 0.00000, 0.00000, 1.00000, 0.00000, 11.84902, 19.50000, 0.00000, 1.00000, },
				{ -0.00000, 1.00000, 0.00000, 0.00000, -1.00000, -0.00000, -0.00000, 0.00000, -0.00000, -0.00000, 1.00000, 0.00000, 11.84901, 4.50000, 0.00000, 1.00000, },
				{ -0.00000, 1.00000, 0.00000, 0.00000, -1.00000, -0.00000, -0.00000, 0.00000, -0.00000, -0.00000, 1.00000, 0.00000, 11.84902, 10.50000, 0.00000, 1.00000, },
				{ -0.00000, 1.00000, 0.00000, 0.00000, -1.00000, -0.00000, -0.00000, 0.00000, -0.00000, -0.00000, 1.00000, 0.00000, 11.84902, 22.50000, 0.00000, 1.00000, },
				{ -0.00000, 1.00000, 0.00000, 0.00000, -1.00000, -0.00000, -0.00000, 0.00000, -0.00000, -0.00000, 1.00000, 0.00000, 11.84901, 1.50000, 0.00000, 1.00000, },
				{ -0.00000, 1.00000, 0.00000, 0.00000, -1.00000, -0.00000, -0.00000, 0.00000, -0.00000, -0.00000, 1.00000, 0.00000, -11.85098, 16.50000, 0.00000, 1.00000, },
				{ 0.00000, -1.00000, 0.00000, 0.00000, 1.00000, 0.00000, -0.00000, 0.00000, 0.00000, 0.00000, 1.00000, 0.00000, -11.85098, 13.50000, 0.00000, 1.00000, },
				{ 0.00000, -1.00000, 0.00000, 0.00000, 1.00000, 0.00000, -0.00000, 0.00000, 0.00000, 0.00000, 1.00000, 0.00000, -11.85098, 7.50000, 0.00000, 1.00000, },
				{ 0.00000, -1.00000, 0.00000, 0.00000, 1.00000, 0.00000, -0.00000, 0.00000, 0.00000, 0.00000, 1.00000, 0.00000, -11.85098, 19.50000, 0.00000, 1.00000, },
				{ -0.00000, 1.00000, 0.00000, 0.00000, -1.00000, -0.00000, -0.00000, 0.00000, -0.00000, -0.00000, 1.00000, 0.00000, -11.85099, 4.50000, 0.00000, 1.00000, },
				{ -0.00000, 1.00000, 0.00000, 0.00000, -1.00000, -0.00000, -0.00000, 0.00000, -0.00000, -0.00000, 1.00000, 0.00000, -11.85098, 10.50000, 0.00000, 1.00000, },
				{ -0.00000, 1.00000, 0.00000, 0.00000, -1.00000, -0.00000, -0.00000, 0.00000, -0.00000, -0.00000, 1.00000, 0.00000, -11.85098, 22.50000, 0.00000, 1.00000, },
				{ -0.00000, 1.00000, 0.00000, 0.00000, -1.00000, -0.00000, -0.00000, 0.00000, -0.00000, -0.00000, 1.00000, 0.00000, -11.85099, 1.50000, 0.00000, 1.00000, },
				{ 1.12750, 0.00000, 0.00000, 0.00000, -0.00000, 1.00000, -0.00000, 0.00000, -0.00000, 0.00000, 1.00000, 0.00000, 4.03902, 15.10000, 0.00000, 1.00000, },
				{ 1.12750, 0.00000, 0.00000, 0.00000, -0.00000, 1.00000, -0.00000, 0.00000, -0.00000, 0.00000, 1.00000, 0.00000, 4.03902, 23.85000, 0.00000, 1.00000, },
				{ -1.00000, -0.00000, 0.00000, 0.00000, 0.00000, -1.00000, -0.00000, 0.00000, 0.00000, -0.00000, 1.00000, 0.00000, -4.20098, 15.10000, 0.00000, 1.00000, },
				{ -1.00000, -0.00000, 0.00000, 0.00000, 0.00000, -1.00000, -0.00000, 0.00000, 0.00000, -0.00000, 1.00000, 0.00000, 7.21902, 15.10000, 0.00000, 1.00000, },
				{ -1.00000, -0.00000, 0.00000, 0.00000, 0.00000, -1.00000, -0.00000, 0.00000, 0.00000, -0.00000, 1.00000, 0.00000, 7.21902, 23.85000, 0.00000, 1.00000, },
				{ 1.00000, 0.00000, 0.00000, 0.00000, -0.00000, 1.00000, -0.00000, 0.00000, -0.00000, 0.00000, 1.00000, 0.00000, -7.20098, 15.10000, 0.00000, 1.00000, },
				{ 1.00000, 0.00000, 0.00000, 0.00000, -0.00000, 1.00000, -0.00000, 0.00000, -0.00000, 0.00000, 1.00000, 0.00000, -1.20098, 13.65000, 0.00000, 1.00000, },
				{ 1.00000, 0.00000, 0.00000, 0.00000, -0.00000, 1.00000, -0.00000, 0.00000, -0.00000, 0.00000, 1.00000, 0.00000, 10.21902, 15.10000, 0.00000, 1.00000, },
				{ 1.00000, 0.00000, 0.00000, 0.00000, -0.00000, 1.00000, -0.00000, 0.00000, -0.00000, 0.00000, 1.00000, 0.00000, 10.21902, 23.85000, 0.00000, 1.00000, },
				{ 1.00000, 0.00000, 0.00000, 0.00000, -0.00000, 1.00000, -0.00000, 0.00000, -0.00000, 0.00000, 1.00000, 0.00000, -10.20098, 15.10000, 0.00000, 1.00000, },
			},
			["asset/commercial/era_c/com_2_to_4_wall_awning_02_end.mdl"] = {
				{ 1.15500, -0.00000, 0.00000, 0.00000, 0.00000, 1.15500, 0.00000, 0.00000, -0.00000, -0.00000, 1.15500, 0.00000, -0.11000, 5.35000, 0.00000, 1.00000, align = { 0.00000, 3.61270 }, },
				{ -0.00000, -1.15500, -0.00000, 0.00000, 1.15500, -0.00000, 0.00000, 0.00000, -0.00000, 0.00000, 1.15500, 0.00000, -5.27000, 8.55000, 0.00000, 1.00000, align = { 0.00000, 3.61270 }, },
				{ 0.00000, 1.15500, 0.00000, 0.00000, -1.15500, 0.00000, 0.00000, 0.00000, -0.00000, -0.00000, 1.15500, 0.00000, 5.05000, 12.01000, 0.00000, 1.00000, align = { 0.00000, 3.61270 }, },
			},
			["asset/commercial/era_c/com_2_to_4_wall_awning_02_repeat.mdl"] = {
				{ 1.15500, -0.00000, 0.00000, 0.00000, 0.00000, 1.15500, 0.00000, 0.00000, -0.00000, -0.00000, 1.15500, 0.00000, -0.11000, 5.35000, 0.00000, 1.00000, align = { 0.00000, 3.61270 }, },
				{ -0.00000, -1.15500, -0.00000, 0.00000, 1.15500, -0.00000, 0.00000, 0.00000, -0.00000, 0.00000, 1.15500, 0.00000, -5.27000, 12.01000, 0.00000, 1.00000, align = { 0.00000, 3.61270 }, },
				{ -0.00000, -1.15500, -0.00000, 0.00000, 1.15500, -0.00000, 0.00000, 0.00000, -0.00000, 0.00000, 1.15500, 0.00000, -5.27000, 8.55000, 0.00000, 1.00000, align = { 0.00000, 3.61270 }, },
				{ 0.00000, 1.15500, 0.00000, 0.00000, -1.15500, 0.00000, 0.00000, 0.00000, -0.00000, -0.00000, 1.15500, 0.00000, 5.05000, 8.55000, -0.00000, 1.00000, align = { 0.00000, 3.61270 }, },
				{ 0.00000, 1.15500, 0.00000, 0.00000, -1.15500, 0.00000, 0.00000, 0.00000, -0.00000, -0.00000, 1.15500, 0.00000, 5.05000, 12.01000, 0.00000, 1.00000, align = { 0.00000, 3.61270 }, },
			},
			["asset/commercial/era_c/com_2_to_4_wall_awning_02_start.mdl"] = {
				{ 1.15500, -0.00000, 0.00000, 0.00000, 0.00000, 1.15500, 0.00000, 0.00000, -0.00000, -0.00000, 1.15500, 0.00000, -0.11000, 5.35000, 0.00000, 1.00000, align = { 0.00000, 3.61270 }, },
				{ -0.00000, -1.15500, -0.00000, 0.00000, 1.15500, -0.00000, 0.00000, 0.00000, -0.00000, 0.00000, 1.15500, 0.00000, -5.27000, 12.01000, 0.00000, 1.00000, align = { 0.00000, 3.61270 }, },
				{ 0.00000, 1.15500, 0.00000, 0.00000, -1.15500, 0.00000, 0.00000, 0.00000, -0.00000, -0.00000, 1.15500, 0.00000, 5.05000, 8.55000, -0.00000, 1.00000, align = { 0.00000, 3.61270 }, },
			},
			["asset/commercial/era_c/com_2_to_4_wall_sign_05.mdl"] = {
				{ 1.45000, 0.00000, 0.00000, 0.00000, 0.00000, 1.45000, 0.00000, 0.00000, 0.00000, 0.00000, 1.45000, 0.00000, 0.00000, 5.21956, 0.10000, 1.00000, align = { 0.00000, 3.61270 }, },
			},
			["asset/ground/container_waste3_open.mdl"] = {
				{ 0.00000, 1.00000, -0.00000, 0.00000, -1.00000, 0.00000, -0.00000, 0.00000, 0.00000, 0.00000, 1.00000, 0.00000, -10.79284, 16.37595, 0.00768, 1.00000, },
			},
			["asset/industry/cardboard_box_01.mdl"] = {
				{ 0.28234, 0.95931, 0.00000, 0.00000, -0.95931, 0.28234, 0.00000, 0.00000, 0.00000, 0.00000, 1.00000, 0.00000, -8.43000, 16.48689, 0.00000, 1.00000, },
				{ -0.08716, 0.99619, -0.00000, 0.00000, -0.99619, -0.08716, 0.00000, 0.00000, -0.00000, 0.00000, 1.00000, 0.00000, -8.43000, 15.74688, 0.00000, 1.00000, },
				{ 0.99649, 0.08368, 0.00000, 0.00000, -0.08368, 0.99649, 0.00000, 0.00000, -0.00000, -0.00000, 1.00000, 0.00000, -9.04000, 17.19689, 0.00000, 1.00000, },
				{ -0.06279, -0.99803, -0.00000, 0.00000, 0.99803, -0.06279, 0.00000, 0.00000, -0.00000, 0.00000, 1.00000, 0.00000, -9.50000, 17.19689, 0.50000, 1.00000, },
				{ 0.99705, -0.07672, 0.00000, 0.00000, 0.07672, 0.99705, 0.00000, 0.00000, -0.00000, -0.00000, 1.00000, 0.00000, -9.70000, 17.31689, 0.00000, 1.00000, },
				{ 0.99756, 0.06976, 0.00000, 0.00000, -0.06976, 0.99756, 0.00000, 0.00000, -0.00000, -0.00000, 1.00000, 0.00000, -9.41000, 16.14688, 0.00000, 1.00000, },
				{ -0.08716, 0.99619, -0.00000, 0.00000, -0.29790, -0.02606, 0.95424, 0.00000, 0.95061, 0.08317, 0.29904, 0.00000, -7.98000, 16.06688, 0.41000, 1.00000, },
				{ 0.01383, -0.99973, 0.01875, 0.00000, 0.66015, 0.02322, 0.75078, 0.00000, -0.75101, 0.00199, 0.66029, 0.00000, -10.44716, 16.79585, 0.95232, 1.00000, },
			},
			["asset/industry/pallet_01.mdl"] = {
				{ 0.99978, -0.02094, 0.00000, 0.00000, 0.02094, 0.99978, 0.00000, 0.00000, 0.00000, 0.00000, 1.00000, 0.00000, 1.51000, 16.92197, 0.29500, 1.00000, },
				{ 0.98398, 0.17829, 0.00000, 0.00000, -0.17829, 0.98398, 0.00000, 0.00000, 0.00000, 0.00000, 1.00000, 0.00000, 1.51000, 16.92197, 0.73500, 1.00000, },
				{ 0.98481, -0.17365, 0.00000, 0.00000, 0.17365, 0.98481, 0.00000, 0.00000, 0.00000, 0.00000, 1.00000, 0.00000, 1.51000, 16.92197, 0.14500, 1.00000, },
				{ 0.99995, 0.00988, 0.00000, 0.00000, -0.00988, 0.99995, 0.00000, 0.00000, 0.00000, 0.00000, 1.00000, 0.00000, 1.51000, 16.92197, 0.58500, 1.00000, },
				{ 1.00000, 0.00000, 0.00000, 0.00000, 0.00000, 1.00000, 0.00000, 0.00000, 0.00000, 0.00000, 1.00000, 0.00000, 1.51000, 16.92197, 0.00000, 1.00000, },
				{ 0.98495, 0.17283, 0.00000, 0.00000, -0.17283, 0.98495, 0.00000, 0.00000, 0.00000, 0.00000, 1.00000, 0.00000, 1.51000, 16.92197, 0.44000, 1.00000, },
				{ 0.90778, 0.41945, 0.00000, 0.00000, -0.41945, 0.90778, 0.00000, 0.00000, 0.00000, 0.00000, 1.00000, 0.00000, 8.05000, 17.54197, 0.00000, 1.00000, },
			},
			["asset/industry/wooden_box_01.mdl"] = {
				{ 1.00000, 0.00000, 0.00000, 0.00000, 0.00000, 1.00000, 0.00000, 0.00000, 0.00000, 0.00000, 1.00000, 0.00000, 4.27000, 17.53000, 0.00000, 1.00000, },
				{ 1.00000, 0.00000, 0.00000, 0.00000, 0.00000, 1.00000, 0.00000, 0.00000, 0.00000, 0.00000, 1.00000, 0.00000, 5.29000, 17.53000, 0.00000, 1.00000, },
				{ 1.00000, 0.00000, 0.00000, 0.00000, 0.00000, 1.00000, 0.00000, 0.00000, 0.00000, 0.00000, 1.00000, 0.00000, 6.30000, 17.53000, 0.00000, 1.00000, },
				{ 1.00000, 0.00000, 0.00000, 0.00000, 0.00000, 1.00000, 0.00000, 0.00000, 0.00000, 0.00000, 1.00000, 0.00000, 4.27000, 16.21000, 0.00000, 1.00000, },
				{ 1.00000, 0.00000, 0.00000, 0.00000, 0.00000, 1.00000, 0.00000, 0.00000, 0.00000, 0.00000, 1.00000, 0.00000, 5.29000, 16.21000, 0.00000, 1.00000, },
				{ 1.00000, 0.00000, 0.00000, 0.00000, 0.00000, 1.00000, 0.00000, 0.00000, 0.00000, 0.00000, 1.00000, 0.00000, 6.30000, 16.21000, 0.00000, 1.00000, },
			},
			["asset/industry/wooden_box_02.mdl"] = {
				{ 0.99322, -0.11627, 0.00000, 0.00000, 0.11627, 0.99322, 0.00000, 0.00000, 0.00000, 0.00000, 1.00000, 0.00000, 9.57257, 17.71166, 0.00000, 1.00000, },
				{ 0.89938, 0.43716, 0.00000, 0.00000, -0.43716, 0.89938, 0.00000, 0.00000, 0.00000, 0.00000, 1.00000, 0.00000, 8.02257, 17.56166, 0.20000, 1.00000, },
				{ 0.99818, 0.06028, 0.00000, 0.00000, -0.06028, 0.99818, 0.00000, 0.00000, 0.00000, 0.00000, 1.00000, 0.00000, 10.85727, 17.40180, 0.00000, 1.00000, },
				{ 0.99818, 0.06028, 0.00000, 0.00000, -0.06028, 0.99818, 0.00000, 0.00000, 0.00000, 0.00000, 1.00000, 0.00000, 10.85727, 16.10180, 0.00000, 1.00000, },
				{ 0.99908, -0.04297, 0.00000, 0.00000, 0.04297, 0.99908, 0.00000, 0.00000, 0.00000, 0.00000, 1.00000, 0.00000, 10.85727, 16.10180, 0.98000, 1.00000, },
				{ 0.99715, 0.07538, 0.00000, 0.00000, -0.07538, 0.99715, 0.00000, 0.00000, 0.00000, 0.00000, 1.00000, 0.00000, 9.82257, 16.16166, 0.00000, 1.00000, },
				{ 0.98931, -0.14580, 0.00000, 0.00000, 0.14580, 0.98931, 0.00000, 0.00000, 0.00000, 0.00000, 1.00000, 0.00000, 9.82257, 16.16166, 0.98000, 1.00000, },
				{ 1.00000, 0.00000, 0.00000, 0.00000, 0.00000, 1.00000, 0.00000, 0.00000, 0.00000, 0.00000, 1.00000, 0.00000, 8.79695, 16.06896, 0.00000, 1.00000, },
				{ 0.99742, -0.07172, 0.00000, 0.00000, 0.07172, 0.99742, 0.00000, 0.00000, 0.00000, 0.00000, 1.00000, 0.00000, 8.79695, 16.06896, 0.98000, 1.00000, },
				{ 0.99918, 0.04049, 0.00000, 0.00000, -0.04049, 0.99918, 0.00000, 0.00000, 0.00000, 0.00000, 1.00000, 0.00000, 7.77473, 16.12420, 0.00000, 1.00000, },
				{ 0.99494, -0.10048, 0.00000, 0.00000, 0.10048, 0.99494, 0.00000, 0.00000, 0.00000, 0.00000, 1.00000, 0.00000, 7.77473, 16.12420, 0.98000, 1.00000, },
			},
			["asset/vegetation/hedge_m.mdl"] = {
				{ 0.68000, 0.00000, 0.00000, 0.00000, 0.00000, 0.68000, 0.00000, 0.00000, 0.00000, 0.00000, 0.68000, 0.00000, 11.18555, 14.10760, 0.00000, 1.00000, },
				{ 0.68000, 0.00000, 0.00000, 0.00000, 0.00000, 0.68000, 0.00000, 0.00000, 0.00000, 0.00000, 0.68000, 0.00000, 11.18555, 13.02760, 0.00000, 1.00000, },
				{ -0.68000, -0.00000, 0.00000, 0.00000, 0.00000, -0.68000, 0.00000, 0.00000, 0.00000, 0.00000, 0.68000, 0.00000, 11.18555, 12.14760, 0.00000, 1.00000, },
				{ 0.68000, 0.00000, 0.00000, 0.00000, 0.00000, 0.68000, 0.00000, 0.00000, 0.00000, 0.00000, 0.68000, 0.00000, 11.18555, 11.00760, 0.00000, 1.00000, },
				{ -0.68000, -0.00000, 0.00000, 0.00000, 0.00000, -0.68000, 0.00000, 0.00000, 0.00000, 0.00000, 0.68000, 0.00000, 11.18555, 4.65760, 0.00000, 1.00000, },
				{ 0.68000, 0.00000, 0.00000, 0.00000, 0.00000, 0.68000, 0.00000, 0.00000, 0.00000, 0.00000, 0.68000, 0.00000, 11.18555, 9.85760, 0.00000, 1.00000, },
				{ 0.68000, 0.00000, 0.00000, 0.00000, 0.00000, 0.68000, 0.00000, 0.00000, 0.00000, 0.00000, 0.68000, 0.00000, 11.18555, 3.81760, 0.00000, 1.00000, },
				{ 0.68000, 0.00000, 0.00000, 0.00000, 0.00000, 0.68000, 0.00000, 0.00000, 0.00000, 0.00000, 0.68000, 0.00000, 11.18555, 9.05760, 0.00000, 1.00000, },
				{ -0.68000, -0.00000, 0.00000, 0.00000, 0.00000, -0.68000, 0.00000, 0.00000, 0.00000, 0.00000, 0.68000, 0.00000, 11.18555, 3.01760, 0.00000, 1.00000, },
				{ 0.68000, 0.00000, 0.00000, 0.00000, 0.00000, 0.68000, 0.00000, 0.00000, 0.00000, 0.00000, 0.68000, 0.00000, 11.18555, 8.05760, 0.00000, 1.00000, },
				{ 0.68000, 0.00000, 0.00000, 0.00000, 0.00000, 0.68000, 0.00000, 0.00000, 0.00000, 0.00000, 0.68000, 0.00000, 11.18555, 2.01760, 0.00000, 1.00000, },
				{ -0.68000, -0.00000, 0.00000, 0.00000, 0.00000, -0.68000, 0.00000, 0.00000, 0.00000, 0.00000, 0.68000, 0.00000, 11.18555, 7.20760, 0.00000, 1.00000, },
				{ 0.68000, 0.00000, 0.00000, 0.00000, 0.00000, 0.68000, 0.00000, 0.00000, 0.00000, 0.00000, 0.68000, 0.00000, 11.18555, 1.16760, 0.00000, 1.00000, },
				{ 0.68000, 0.00000, 0.00000, 0.00000, 0.00000, 0.68000, 0.00000, 0.00000, 0.00000, 0.00000, 0.68000, 0.00000, 11.18555, 6.34760, 0.00000, 1.00000, },
				{ 0.68000, 0.00000, 0.00000, 0.00000, 0.00000, 0.68000, 0.00000, 0.00000, 0.00000, 0.00000, 0.68000, 0.00000, 11.18555, 0.84760, 0.00000, 1.00000, },
				{ 0.68000, 0.00000, 0.00000, 0.00000, 0.00000, 0.68000, 0.00000, 0.00000, 0.00000, 0.00000, 0.68000, 0.00000, 11.18555, 5.30760, 0.00000, 1.00000, },
				{ -0.68000, -0.00000, 0.00000, 0.00000, 0.00000, -0.68000, 0.00000, 0.00000, 0.00000, 0.00000, 0.68000, 0.00000, -11.23445, 14.10760, 0.00000, 1.00000, },
				{ 0.68000, 0.00000, 0.00000, 0.00000, 0.00000, 0.68000, 0.00000, 0.00000, 0.00000, 0.00000, 0.68000, 0.00000, -11.23445, 13.02760, 0.00000, 1.00000, },
				{ -0.68000, -0.00000, 0.00000, 0.00000, 0.00000, -0.68000, 0.00000, 0.00000, 0.00000, 0.00000, 0.68000, 0.00000, -11.23445, 12.14760, 0.00000, 1.00000, },
				{ 0.68000, 0.00000, 0.00000, 0.00000, 0.00000, 0.68000, 0.00000, 0.00000, 0.00000, 0.00000, 0.68000, 0.00000, -11.23445, 11.00760, 0.00000, 1.00000, },
				{ -0.68000, -0.00000, 0.00000, 0.00000, 0.00000, -0.68000, 0.00000, 0.00000, 0.00000, 0.00000, 0.68000, 0.00000, -11.23445, 4.65760, 0.00000, 1.00000, },
				{ -0.68000, -0.00000, 0.00000, 0.00000, 0.00000, -0.68000, 0.00000, 0.00000, 0.00000, 0.00000, 0.68000, 0.00000, -11.23445, 9.85760, 0.00000, 1.00000, },
				{ 0.68000, 0.00000, 0.00000, 0.00000, 0.00000, 0.68000, 0.00000, 0.00000, 0.00000, 0.00000, 0.68000, 0.00000, -11.23445, 3.81760, 0.00000, 1.00000, },
				{ 0.68000, 0.00000, 0.00000, 0.00000, 0.00000, 0.68000, 0.00000, 0.00000, 0.00000, 0.00000, 0.68000, 0.00000, -11.23445, 9.05760, 0.00000, 1.00000, },
				{ -0.68000, -0.00000, 0.00000, 0.00000, 0.00000, -0.68000, 0.00000, 0.00000, 0.00000, 0.00000, 0.68000, 0.00000, -11.23445, 3.01760, 0.00000, 1.00000, },
				{ 0.68000, 0.00000, 0.00000, 0.00000, 0.00000, 0.68000, 0.00000, 0.00000, 0.00000, 0.00000, 0.68000, 0.00000, -11.23445, 8.05760, 0.00000, 1.00000, },
				{ 0.68000, 0.00000, 0.00000, 0.00000, 0.00000, 0.68000, 0.00000, 0.00000, 0.00000, 0.00000, 0.68000, 0.00000, -11.23445, 2.01760, 0.00000, 1.00000, },
				{ -0.68000, -0.00000, 0.00000, 0.00000, 0.00000, -0.68000, 0.00000, 0.00000, 0.00000, 0.00000, 0.68000, 0.00000, -11.23445, 7.20760, 0.00000, 1.00000, },
				{ -0.68000, -0.00000, 0.00000, 0.00000, 0.00000, -0.68000, 0.00000, 0.00000, 0.00000, 0.00000, 0.68000, 0.00000, -11.23445, 1.16760, 0.00000, 1.00000, },
				{ 0.68000, 0.00000, 0.00000, 0.00000, 0.00000, 0.68000, 0.00000, 0.00000, 0.00000, 0.00000, 0.68000, 0.00000, -11.23445, 6.34760, 0.00000, 1.00000, },
				{ 0.68000, 0.00000, 0.00000, 0.00000, 0.00000, 0.68000, 0.00000, 0.00000, 0.00000, 0.00000, 0.68000, 0.00000, -11.23445, 0.84760, 0.00000, 1.00000, },
				{ -0.68000, -0.00000, 0.00000, 0.00000, 0.00000, -0.68000, 0.00000, 0.00000, 0.00000, 0.00000, 0.68000, 0.00000, -11.23445, 5.30760, 0.00000, 1.00000, },
				{ -0.00000, 0.68000, 0.00000, 0.00000, -0.68000, -0.00000, -0.00000, 0.00000, -0.00000, -0.00000, 0.68000, 0.00000, -6.09111, 14.57427, 0.00000, 1.00000, },
				{ -0.00000, -0.68000, 0.00000, 0.00000, 0.68000, -0.00000, 0.00000, 0.00000, 0.00000, 0.00000, 0.68000, 0.00000, -6.82111, 14.57427, 0.00000, 1.00000, },
				{ -0.00000, 0.68000, 0.00000, 0.00000, -0.68000, -0.00000, -0.00000, 0.00000, -0.00000, -0.00000, 0.68000, 0.00000, -7.70111, 14.57427, 0.00000, 1.00000, },
				{ -0.00000, -0.68000, 0.00000, 0.00000, 0.68000, -0.00000, 0.00000, 0.00000, 0.00000, 0.00000, 0.68000, 0.00000, -8.84111, 14.57427, 0.00000, 1.00000, },
				{ -0.00000, 0.68000, 0.00000, 0.00000, -0.68000, -0.00000, -0.00000, 0.00000, -0.00000, -0.00000, 0.68000, 0.00000, -9.99111, 14.57427, 0.00000, 1.00000, },
				{ -0.00000, -0.68000, 0.00000, 0.00000, 0.68000, -0.00000, 0.00000, 0.00000, 0.00000, 0.00000, 0.68000, 0.00000, -10.89111, 14.57427, 0.00000, 1.00000, },
				{ -0.00000, 0.68000, 0.00000, 0.00000, -0.68000, -0.00000, -0.00000, 0.00000, -0.00000, -0.00000, 0.68000, 0.00000, 10.86889, 14.57427, 0.00000, 1.00000, },
				{ -0.00000, -0.68000, 0.00000, 0.00000, 0.68000, -0.00000, 0.00000, 0.00000, 0.00000, 0.00000, 0.68000, 0.00000, 10.01889, 14.57427, 0.00000, 1.00000, },
				{ -0.00000, 0.68000, 0.00000, 0.00000, -0.68000, -0.00000, -0.00000, 0.00000, -0.00000, -0.00000, 0.68000, 0.00000, 9.13889, 14.57427, 0.00000, 1.00000, },
				{ -0.00000, -0.68000, 0.00000, 0.00000, 0.68000, -0.00000, 0.00000, 0.00000, 0.00000, 0.00000, 0.68000, 0.00000, 7.99889, 14.57427, 0.00000, 1.00000, },
				{ -0.00000, 0.68000, 0.00000, 0.00000, -0.68000, -0.00000, -0.00000, 0.00000, -0.00000, -0.00000, 0.68000, 0.00000, 6.84889, 14.57427, 0.00000, 1.00000, },
				{ -0.00000, -0.68000, 0.00000, 0.00000, 0.68000, -0.00000, 0.00000, 0.00000, 0.00000, 0.00000, 0.68000, 0.00000, 6.04889, 14.57427, 0.00000, 1.00000, },
			},
			["station/rail/asset/cargo_pallet_jack.mdl"] = {
				{ -0.00401, -1.14999, -0.00000, 0.00000, 1.14999, -0.00401, -0.00000, 0.00000, -0.00000, -0.00000, 1.15000, 0.00000, 3.01000, 16.38000, 0.00000, 1.00000, },
			},
			["station/rail/asset/era_c_street_pillar.mdl"] = {
				{ -1.00000, -0.00000, -0.00000, 0.00000, 0.00000, -1.00000, 0.00000, 0.00000, -0.00000, 0.00000, 1.00000, 0.00000, -10.00570, 0.18000, 0.00000, 1.00000, },
				{ 1.00000, 0.00000, 0.00000, 0.00000, -0.00000, 1.00000, 0.00000, 0.00000, 0.00000, 0.00000, 1.00000, 0.00000, -8.00570, 0.18000, 0.00000, 1.00000, },
				{ -1.00000, -0.00000, -0.00000, 0.00000, 0.00000, -1.00000, 0.00000, 0.00000, -0.00000, 0.00000, 1.00000, 0.00000, -6.00570, 0.18000, 0.00000, 1.00000, },
				{ 1.00000, 0.00000, 0.00000, 0.00000, -0.00000, 1.00000, 0.00000, 0.00000, 0.00000, 0.00000, 1.00000, 0.00000, -4.00570, 0.18000, 0.00000, 1.00000, },
				{ -1.00000, -0.00000, -0.00000, 0.00000, 0.00000, -1.00000, 0.00000, 0.00000, -0.00000, 0.00000, 1.00000, 0.00000, -2.00570, 0.18000, 0.00000, 1.00000, },
				{ 1.00000, 0.00000, 0.00000, 0.00000, -0.00000, 1.00000, 0.00000, 0.00000, 0.00000, 0.00000, 1.00000, 0.00000, -0.00570, 0.18000, 0.00000, 1.00000, },
				{ -0.00000, 1.00000, -0.00000, 0.00000, -1.00000, -0.00000, 0.00000, 0.00000, -0.00000, 0.00000, 1.00000, 0.00000, 1.99430, 0.18000, 0.00000, 1.00000, },
				{ -1.00000, -0.00000, -0.00000, 0.00000, 0.00000, -1.00000, 0.00000, 0.00000, -0.00000, 0.00000, 1.00000, 0.00000, 3.99430, 0.18000, 0.00000, 1.00000, },
				{ 0.00000, -1.00000, 0.00000, 0.00000, 1.00000, 0.00000, 0.00000, 0.00000, 0.00000, 0.00000, 1.00000, 0.00000, 5.99430, 0.18000, 0.00000, 1.00000, },
				{ 1.00000, 0.00000, 0.00000, 0.00000, -0.00000, 1.00000, 0.00000, 0.00000, 0.00000, 0.00000, 1.00000, 0.00000, 7.99430, 0.18000, 0.00000, 1.00000, },
				{ -0.00000, 1.00000, -0.00000, 0.00000, -1.00000, -0.00000, 0.00000, 0.00000, -0.00000, 0.00000, 1.00000, 0.00000, 9.99430, 0.18000, 0.00000, 1.00000, },
			},
			["street/street_asset_mix/trash_standing_c.mdl"] = {
				{ 1.00000, 0.00000, 0.00000, 0.00000, 0.00000, 1.00000, 0.00000, 0.00000, 0.00000, 0.00000, 1.00000, 0.00000, -2.22000, 4.45000, 0.00000, 1.00000, },
			},
		},
		groups = {
			["com_2_to_4_asset_wall_sign_03.grp"] = {
				{ 0.72600, 0.00000, 0.00000, 0.00000, 0.00000, 0.72600, 0.00000, 0.00000, 0.00000, 0.00000, 0.72600, 0.00000, -3.92000, 5.85000, -1.01000, 1.00000, align = { 0.00000, 3.61270 }, },
			},
			["era_c_com_random_trash_container.grp"] = {
				{ 0.99705, -0.07672, 0.00000, 0.00000, 0.07672, 0.99705, 0.00000, 0.00000, -0.00000, 0.00000, 1.00000, 0.00000, 3.63230, 22.70452, 0.00000, 1.00000, },
				{ 0.99912, 0.04188, 0.00000, 0.00000, -0.04188, 0.99912, 0.00000, 0.00000, -0.00000, -0.00000, 1.00000, 0.00000, 6.31230, 22.68452, 0.00000, 1.00000, },
				{ 0.99978, -0.02094, 0.00000, 0.00000, 0.02094, 0.99978, 0.00000, 0.00000, -0.00000, -0.00000, 1.00000, 0.00000, 9.06230, 22.68452, 0.00000, 1.00000, },
			},
			["mailbox_new.grp"] = {
				{ 1.00000, 0.00000, 0.00000, 0.00000, 0.00000, 1.00000, 0.00000, 0.00000, 0.00000, 0.00000, 1.00000, 0.00000, 3.35000, 5.08500, 0.00000, 1.00000, },
			},
		},
	},
	["layout_2"] = {
		models = {
			["asset/commercial/all_eras/era_c_com_wall.mdl"] = {
				{ -0.00000, 1.00000, 0.00000, 0.00000, -1.00000, -0.00000, -0.00000, 0.00000, -0.00000, -0.00000, 1.00000, 0.00000, 11.84902, 16.50000, 0.00000, 1.00000, },
				{ 0.00000, -1.00000, 0.00000, 0.00000, 1.00000, 0.00000, -0.00000, 0.00000, 0.00000, 0.00000, 1.00000, 0.00000, 11.84902, 13.50000, 0.00000, 1.00000, },
				{ 0.00000, -1.00000, 0.00000, 0.00000, 1.00000, 0.00000, -0.00000, 0.00000, 0.00000, 0.00000, 1.00000, 0.00000, 11.84902, 7.50000, 0.00000, 1.00000, },
				{ 0.00000, -1.00000, 0.00000, 0.00000, 1.00000, 0.00000, -0.00000, 0.00000, 0.00000, 0.00000, 1.00000, 0.00000, 11.84902, 19.50000, 0.00000, 1.00000, },
				{ -0.00000, 1.00000, 0.00000, 0.00000, -1.00000, -0.00000, -0.00000, 0.00000, -0.00000, -0.00000, 1.00000, 0.00000, 11.84901, 4.50000, 0.00000, 1.00000, },
				{ -0.00000, 1.00000, 0.00000, 0.00000, -1.00000, -0.00000, -0.00000, 0.00000, -0.00000, -0.00000, 1.00000, 0.00000, 11.84902, 10.50000, 0.00000, 1.00000, },
				{ -0.00000, 1.00000, 0.00000, 0.00000, -1.00000, -0.00000, -0.00000, 0.00000, -0.00000, -0.00000, 1.00000, 0.00000, 11.84902, 22.50000, 0.00000, 1.00000, },
				{ -0.00000, 1.00000, 0.00000, 0.00000, -1.00000, -0.00000, -0.00000, 0.00000, -0.00000, -0.00000, 1.00000, 0.00000, 11.84901, 1.50000, 0.00000, 1.00000, },
				{ -0.00000, 1.00000, 0.00000, 0.00000, -1.00000, -0.00000, -0.00000, 0.00000, -0.00000, -0.00000, 1.00000, 0.00000, -11.85098, 16.50000, 0.00000, 1.00000, },
				{ 0.00000, -1.00000, 0.00000, 0.00000, 1.00000, 0.00000, -0.00000, 0.00000, 0.00000, 0.00000, 1.00000, 0.00000, -11.85098, 13.50000, 0.00000, 1.00000, },
				{ 0.00000, -1.00000, 0.00000, 0.00000, 1.00000, 0.00000, -0.00000, 0.00000, 0.00000, 0.00000, 1.00000, 0.00000, -11.85098, 7.50000, 0.00000, 1.00000, },
				{ 0.00000, -1.00000, 0.00000, 0.00000, 1.00000, 0.00000, -0.00000, 0.00000, 0.00000, 0.00000, 1.00000, 0.00000, -11.85098, 19.50000, 0.00000, 1.00000, },
				{ -0.00000, 1.00000, 0.00000, 0.00000, -1.00000, -0.00000, -0.00000, 0.00000, -0.00000, -0.00000, 1.00000, 0.00000, -11.85099, 4.50000, 0.00000, 1.00000, },
				{ -0.00000, 1.00000, 0.00000, 0.00000, -1.00000, -0.00000, -0.00000, 0.00000, -0.00000, -0.00000, 1.00000, 0.00000, -11.85098, 10.50000, 0.00000, 1.00000, },
				{ -0.00000, 1.00000, 0.00000, 0.00000, -1.00000, -0.00000, -0.00000, 0.00000, -0.00000, -0.00000, 1.00000, 0.00000, -11.85098, 22.50000, 0.00000, 1.00000, },
				{ -0.00000, 1.00000, 0.00000, 0.00000, -1.00000, -0.00000, -0.00000, 0.00000, -0.00000, -0.00000, 1.00000, 0.00000, -11.85099, 1.50000, 0.00000, 1.00000, },
				{ 1.12750, 0.00000, 0.00000, 0.00000, -0.00000, 1.00000, -0.00000, 0.00000, -0.00000, 0.00000, 1.00000, 0.00000, 4.03902, 15.10000, 0.00000, 1.00000, },
				{ 1.12750, 0.00000, 0.00000, 0.00000, -0.00000, 1.00000, -0.00000, 0.00000, -0.00000, 0.00000, 1.00000, 0.00000, 4.03902, 23.85000, 0.00000, 1.00000, },
				{ -1.00000, -0.00000, 0.00000, 0.00000, 0.00000, -1.00000, -0.00000, 0.00000, 0.00000, -0.00000, 1.00000, 0.00000, -4.20098, 15.10000, 0.00000, 1.00000, },
				{ -1.00000, -0.00000, 0.00000, 0.00000, 0.00000, -1.00000, -0.00000, 0.00000, 0.00000, -0.00000, 1.00000, 0.00000, 7.21902, 15.10000, 0.00000, 1.00000, },
				{ -1.00000, -0.00000, 0.00000, 0.00000, 0.00000, -1.00000, -0.00000, 0.00000, 0.00000, -0.00000, 1.00000, 0.00000, 7.21902, 23.85000, 0.00000, 1.00000, },
				{ 1.00000, 0.00000, 0.00000, 0.00000, -0.00000, 1.00000, -0.00000, 0.00000, -0.00000, 0.00000, 1.00000, 0.00000, -7.20098, 15.10000, 0.00000, 1.00000, },
				{ 1.00000, 0.00000, 0.00000, 0.00000, -0.00000, 1.00000, -0.00000, 0.00000, -0.00000, 0.00000, 1.00000, 0.00000, -1.20098, 13.65000, 0.00000, 1.00000, },
				{ 1.00000, 0.00000, 0.00000, 0.00000, -0.00000, 1.00000, -0.00000, 0.00000, -0.00000, 0.00000, 1.00000, 0.00000, 10.21902, 15.10000, 0.00000, 1.00000, },
				{ 1.00000, 0.00000, 0.00000, 0.00000, -0.00000, 1.00000, -0.00000, 0.00000, -0.00000, 0.00000, 1.00000, 0.00000, 10.21902, 23.85000, 0.00000, 1.00000, },
				{ 1.00000, 0.00000, 0.00000, 0.00000, -0.00000, 1.00000, -0.00000, 0.00000, -0.00000, 0.00000, 1.00000, 0.00000, -10.20098, 15.10000, 0.00000, 1.00000, },
			},
			["asset/commercial/era_c/com_2_to_4_wall_awning_01_end.mdl"] = {
				{ -0.00000, -0.93000, 0.00000, 0.00000, 0.93000, -0.00000, -0.00000, 0.00000, 0.00000, -0.00000, 0.93000, 0.00000, -5.26000, 7.51000, 0.76000, 1.00000, align = { 0.00000, 3.61270 }, },
				{ -0.00000, 0.93000, -0.00000, 0.00000, -0.93000, -0.00000, -0.00000, 0.00000, -0.00000, -0.00000, 0.93000, 0.00000, 5.04270, 13.09000, 0.76000, 1.00000, align = { 0.00000, 3.61270 }, },
				{ 0.93000, 0.00000, 0.00000, 0.00000, 0.00000, 0.93000, 0.00000, 0.00000, 0.00000, 0.00000, 0.93000, 0.00000, -0.10000, 5.30000, 0.54000, 1.00000, align = { 0.00000, 3.61270 }, },
			},
			["asset/commercial/era_c/com_2_to_4_wall_awning_01_repeat.mdl"] = {
				{ -0.00000, -0.93000, 0.00000, 0.00000, 0.93000, -0.00000, -0.00000, 0.00000, 0.00000, -0.00000, 0.93000, 0.00000, -5.26000, 10.30000, 0.76000, 1.00000, align = { 0.00000, 3.61270 }, },
				{ -0.00000, -0.93000, 0.00000, 0.00000, 0.93000, -0.00000, -0.00000, 0.00000, 0.00000, -0.00000, 0.93000, 0.00000, -5.26000, 13.09000, 0.76000, 1.00000, align = { 0.00000, 3.61270 }, },
				{ -0.00000, -0.93000, 0.00000, 0.00000, 0.93000, -0.00000, -0.00000, 0.00000, 0.00000, -0.00000, 0.93000, 0.00000, -5.26000, 7.51000, 0.76000, 1.00000, align = { 0.00000, 3.61270 }, },
				{ -0.00000, 0.93000, 0.00000, 0.00000, -0.93000, -0.00000, -0.00000, 0.00000, -0.00000, -0.00000, 0.93000, 0.00000, 5.04270, 10.30000, 0.76000, 1.00000, align = { 0.00000, 3.61270 }, },
				{ -0.00000, 0.93000, -0.00000, 0.00000, -0.93000, -0.00000, -0.00000, 0.00000, -0.00000, -0.00000, 0.93000, 0.00000, 5.04270, 7.51000, 0.76000, 1.00000, align = { 0.00000, 3.61270 }, },
				{ -0.00000, 0.93000, -0.00000, 0.00000, -0.93000, -0.00000, -0.00000, 0.00000, -0.00000, -0.00000, 0.93000, 0.00000, 5.04270, 13.09000, 0.76000, 1.00000, align = { 0.00000, 3.61270 }, },
				{ 0.93000, 0.00000, 0.00000, 0.00000, 0.00000, 0.93000, 0.00000, 0.00000, 0.00000, 0.00000, 0.93000, 0.00000, -0.10000, 5.30000, 0.54000, 1.00000, align = { 0.00000, 3.61270 }, },
			},
			["asset/commercial/era_c/com_2_to_4_wall_awning_01_start.mdl"] = {
				{ -0.00000, -0.93000, 0.00000, 0.00000, 0.93000, -0.00000, -0.00000, 0.00000, 0.00000, -0.00000, 0.93000, 0.00000, -5.26000, 13.09000, 0.76000, 1.00000, align = { 0.00000, 3.61270 }, },
				{ -0.00000, 0.93000, -0.00000, 0.00000, -0.93000, -0.00000, -0.00000, 0.00000, -0.00000, -0.00000, 0.93000, 0.00000, 5.04270, 7.51000, 0.76000, 1.00000, align = { 0.00000, 3.61270 }, },
				{ 0.93000, 0.00000, 0.00000, 0.00000, 0.00000, 0.93000, 0.00000, 0.00000, 0.00000, 0.00000, 0.93000, 0.00000, -0.10000, 5.30000, 0.54000, 1.00000, align = { 0.00000, 3.61270 }, },
			},
			["asset/commercial/era_c/com_2_to_4_wall_sign_01.mdl"] = {
				{ -0.00000, 0.76468, -0.00000, 0.00000, -0.76468, -0.00000, 0.00000, 0.00000, -0.00000, 0.00000, 0.76468, 0.00000, 5.04000, 8.25772, 2.08000, 1.00000, align = { 0.00000, 3.61270 }, },
				{ -0.00000, 0.76468, -0.00000, 0.00000, -0.76468, -0.00000, 0.00000, 0.00000, -0.00000, 0.00000, 0.76468, 0.00000, 5.04000, 12.33772, 2.08000, 1.00000, align = { 0.00000, 3.61270 }, },
				{ -0.00000, -0.76468, -0.00000, 0.00000, 0.76468, -0.00000, 0.00000, 0.00000, -0.00000, 0.00000, 0.76468, 0.00000, -5.26000, 8.25772, 2.08000, 1.00000, align = { 0.00000, 3.61270 }, },
				{ -0.00000, -0.76468, -0.00000, 0.00000, 0.76468, -0.00000, 0.00000, 0.00000, -0.00000, 0.00000, 0.76468, 0.00000, -5.26000, 12.33772, 2.08000, 1.00000, align = { 0.00000, 3.61270 }, },
				{ 1.20540, 0.00000, 0.00000, 0.00000, 0.00000, 1.20540, 0.00000, 0.00000, 0.00000, 0.00000, 1.20540, 0.00000, -0.08000, 5.39772, 1.19000, 1.00000, align = { 0.00000, 3.61270 }, },
			},
			["asset/ground/container_waste3_open.mdl"] = {
				{ 0.00000, 1.00000, -0.00000, 0.00000, -1.00000, 0.00000, -0.00000, 0.00000, 0.00000, 0.00000, 1.00000, 0.00000, -4.75284, 19.85595, 0.00768, 1.00000, },
			},
			["asset/ground/garden_bench_wood_01.mdl"] = {
				{ -0.00000, 1.00000, -0.00000, 0.00000, -1.00000, -0.00000, 0.00000, 0.00000, -0.00000, 0.00000, 1.00000, 0.00000, -9.46000, 4.81994, 0.00000, 1.00000, },
				{ -0.00000, 1.00000, -0.00000, 0.00000, -1.00000, -0.00000, 0.00000, 0.00000, -0.00000, 0.00000, 1.00000, 0.00000, -9.46000, 2.36994, 0.00000, 1.00000, },
				{ 0.00000, -1.00000, 0.00000, 0.00000, 1.00000, 0.00000, 0.00000, 0.00000, 0.00000, 0.00000, 1.00000, 0.00000, 9.44000, 4.81994, 0.00000, 1.00000, },
				{ 0.00000, -1.00000, 0.00000, 0.00000, 1.00000, 0.00000, 0.00000, 0.00000, 0.00000, 0.00000, 1.00000, 0.00000, 9.44000, 2.36994, 0.00000, 1.00000, },
			},
			["asset/ground/garden_chair_plastic_01.mdl"] = {
				{ -0.90483, 0.42578, 0.00000, 0.00000, -0.42578, -0.90483, 0.00000, 0.00000, 0.00000, 0.00000, 1.00000, 0.00000, 0.78000, 16.92739, 0.00000, 1.00000, },
				{ -0.41310, -0.91068, 0.00000, 0.00000, 0.91068, -0.41310, 0.00000, 0.00000, 0.00000, 0.00000, 1.00000, 0.00000, 2.50000, 16.92739, 0.00000, 1.00000, },
			},
			["asset/ground/garden_table_round_wood_01.mdl"] = {
				{ 1.00000, 0.00000, 0.00000, 0.00000, 0.00000, 1.00000, 0.00000, 0.00000, 0.00000, 0.00000, 1.00000, 0.00000, 1.72000, 17.19720, 0.00000, 1.00000, },
			},
			["asset/industry/cardboard_box_01.mdl"] = {
				{ 0.28234, 0.95931, 0.00000, 0.00000, -0.95931, 0.28234, 0.00000, 0.00000, 0.00000, 0.00000, 1.00000, 0.00000, -2.73000, 20.58688, 0.00000, 1.00000, },
				{ -0.08716, 0.99619, -0.00000, 0.00000, -0.99619, -0.08716, 0.00000, 0.00000, -0.00000, 0.00000, 1.00000, 0.00000, -2.73000, 19.84689, 0.00000, 1.00000, },
				{ 0.99649, 0.08368, 0.00000, 0.00000, -0.08368, 0.99649, 0.00000, 0.00000, -0.00000, -0.00000, 1.00000, 0.00000, -3.34000, 21.29688, 0.00000, 1.00000, },
				{ -0.06279, -0.99803, -0.00000, 0.00000, 0.99803, -0.06279, 0.00000, 0.00000, -0.00000, 0.00000, 1.00000, 0.00000, -3.80000, 21.29688, 0.50000, 1.00000, },
				{ 0.99705, -0.07672, 0.00000, 0.00000, 0.07672, 0.99705, 0.00000, 0.00000, -0.00000, -0.00000, 1.00000, 0.00000, -4.00000, 21.41688, 0.00000, 1.00000, },
				{ 0.99756, 0.06976, 0.00000, 0.00000, -0.06976, 0.99756, 0.00000, 0.00000, -0.00000, -0.00000, 1.00000, 0.00000, -3.71000, 20.24688, 0.00000, 1.00000, },
				{ -0.08716, 0.99619, -0.00000, 0.00000, -0.29790, -0.02606, 0.95424, 0.00000, 0.95061, 0.08317, 0.29904, 0.00000, -2.28000, 20.16689, 0.41000, 1.00000, },
				{ 0.01383, -0.99973, 0.01875, 0.00000, 0.66015, 0.02322, 0.75078, 0.00000, -0.75101, 0.00199, 0.66029, 0.00000, -4.40716, 20.27585, 0.95232, 1.00000, },
			},
			["asset/industry/pallet_01.mdl"] = {
				{ 0.99978, -0.02094, 0.00000, 0.00000, 0.02094, 0.99978, 0.00000, 0.00000, 0.00000, 0.00000, 1.00000, 0.00000, -5.87000, 16.08197, 0.29500, 1.00000, },
				{ 0.99919, 0.04027, 0.00000, 0.00000, -0.04027, 0.99919, 0.00000, 0.00000, 0.00000, 0.00000, 1.00000, 0.00000, -7.27000, 16.08197, 0.29500, 1.00000, },
				{ 0.98398, 0.17829, 0.00000, 0.00000, -0.17829, 0.98398, 0.00000, 0.00000, 0.00000, 0.00000, 1.00000, 0.00000, -5.87000, 16.08197, 0.73500, 1.00000, },
				{ 0.99890, -0.04695, 0.00000, 0.00000, 0.04695, 0.99890, 0.00000, 0.00000, 0.00000, 0.00000, 1.00000, 0.00000, -7.27000, 16.08197, 0.73500, 1.00000, },
				{ 0.98481, -0.17365, 0.00000, 0.00000, 0.17365, 0.98481, 0.00000, 0.00000, 0.00000, 0.00000, 1.00000, 0.00000, -5.87000, 16.08197, 0.14500, 1.00000, },
				{ 0.99475, -0.10234, 0.00000, 0.00000, 0.10234, 0.99475, 0.00000, 0.00000, 0.00000, 0.00000, 1.00000, 0.00000, -7.27000, 16.08197, 0.14500, 1.00000, },
				{ 0.99995, 0.00988, 0.00000, 0.00000, -0.00988, 0.99995, 0.00000, 0.00000, 0.00000, 0.00000, 1.00000, 0.00000, -5.87000, 16.08197, 0.58500, 1.00000, },
				{ 0.99704, 0.07688, 0.00000, 0.00000, -0.07688, 0.99704, 0.00000, 0.00000, 0.00000, 0.00000, 1.00000, 0.00000, -7.27000, 16.08197, 0.58500, 1.00000, },
				{ 1.00000, 0.00000, 0.00000, 0.00000, 0.00000, 1.00000, 0.00000, 0.00000, 0.00000, 0.00000, 1.00000, 0.00000, -5.87000, 16.08197, 0.00000, 1.00000, },
				{ 0.99807, 0.06202, 0.00000, 0.00000, -0.06202, 0.99807, 0.00000, 0.00000, 0.00000, 0.00000, 1.00000, 0.00000, -7.27000, 16.08197, 0.00000, 1.00000, },
				{ 0.98495, 0.17283, 0.00000, 0.00000, -0.17283, 0.98495, 0.00000, 0.00000, 0.00000, 0.00000, 1.00000, 0.00000, -5.87000, 16.08197, 0.44000, 1.00000, },
				{ 0.99687, 0.07902, 0.00000, 0.00000, -0.07902, 0.99687, 0.00000, 0.00000, 0.00000, 0.00000, 1.00000, 0.00000, -7.27000, 16.08197, 0.44000, 1.00000, },
				{ 0.90778, 0.41945, 0.00000, 0.00000, -0.41945, 0.90778, 0.00000, 0.00000, 0.00000, 0.00000, 1.00000, 0.00000, 8.05000, 17.54197, 0.00000, 1.00000, },
			},
			["asset/industry/wooden_box_01.mdl"] = {
				{ 1.00000, 0.00000, 0.00000, 0.00000, 0.00000, 1.00000, 0.00000, 0.00000, 0.00000, 0.00000, 1.00000, 0.00000, 4.27000, 16.26000, 0.92000, 1.00000, },
				{ 1.00000, 0.00000, 0.00000, 0.00000, 0.00000, 1.00000, 0.00000, 0.00000, 0.00000, 0.00000, 1.00000, 0.00000, 5.29000, 16.26000, 0.92000, 1.00000, },
				{ 1.00000, 0.00000, 0.00000, 0.00000, 0.00000, 1.00000, 0.00000, 0.00000, 0.00000, 0.00000, 1.00000, 0.00000, 6.30000, 16.26000, 0.92000, 1.00000, },
				{ 1.00000, 0.00000, 0.00000, 0.00000, 0.00000, 1.00000, 0.00000, 0.00000, 0.00000, 0.00000, 1.00000, 0.00000, 4.27000, 16.21000, 0.00000, 1.00000, },
				{ 1.00000, 0.00000, 0.00000, 0.00000, 0.00000, 1.00000, 0.00000, 0.00000, 0.00000, 0.00000, 1.00000, 0.00000, 4.27000, 17.36000, 0.00000, 1.00000, },
				{ 1.00000, 0.00000, 0.00000, 0.00000, 0.00000, 1.00000, 0.00000, 0.00000, 0.00000, 0.00000, 1.00000, 0.00000, 5.29000, 16.21000, 0.00000, 1.00000, },
