local townbuildingutil = require "townbuildingutil"

--Model file: "building/era_c/com_3_2x3_01.mdl"

--Begin Generated
local generatedData = {
	["base"] = {
		models = {
			["building/era_c/com_3_2x3_01.mdl"] = {
				{ 1.00000, 0.00000, 0.00000, 0.00000, 0.00000, 1.00000, 0.00000, 0.00000, 0.00000, 0.00000, 1.00000, 0.00000, 0.00000, 0.00000, 0.00000, 1.00000, },
			},
		},
		curves = {
			["scaffold"] = {
				{ { 7.06458, 0.97443, 0.00000 }, { 7.06458, 0.97443, 0.00000 }, { 7.06456, 22.03900, 0.00000 }, { 7.06456, 22.03900, 0.00000 }, { 7.06456, 22.03900, 0.00000 }, { -7.10774, 22.03903, 0.00000 }, { -7.10774, 22.03903, 0.00000 }, { -7.10774, 22.03903, 0.00000 }, { -7.10777, 0.97443, 0.00000 }, { -7.10777, 0.97443, 0.00000 }, },
			},
			["shared/asphalt_02.gtex.lua;shared/dirt.gtex.lua"] = {
				{ { 12.00000, 0.00000, -0.00001 }, { 12.00000, 0.00000, -0.00001 }, { 12.00000, 24.00000, -0.00001 }, { 12.00000, 24.00000, -0.00001 }, { 12.00000, 24.00000, -0.00001 }, { -12.00000, 24.00000, -0.00001 }, { -12.00000, 24.00000, -0.00001 }, { -12.00000, 24.00000, -0.00001 }, { -12.00000, 0.00000, -0.00001 }, { -12.00000, 0.00000, -0.00001 }, },
			},
		},
	},
	["layout_1"] = {
		models = {
			["asset/commercial/era_c/com_sign_wok_on_pillar.mdl"] = {
				{ 0.45000, 0.00000, 0.00000, 0.00000, 0.00000, 0.45000, 0.00000, 0.00000, 0.00000, 0.00000, 0.45000, 0.00000, -4.10000, 4.66000, 7.32663, 1.00000, align = { 0.00000, 0.00000 }, },
			},
			["asset/ground/garden_chair_plastic_01.mdl"] = {
				{ 0.95372, -0.30071, 0.00000, 0.00000, 0.30071, 0.95372, 0.00000, 0.00000, 0.00000, 0.00000, 1.00000, 0.00000, 0.64500, 11.47000, 24.16080, 1.00000, align = { 0.00000, 0.00000 }, },
				{ 0.95372, -0.30071, 0.00000, 0.00000, 0.30071, 0.95372, 0.00000, 0.00000, 0.00000, 0.00000, 1.00000, 0.00000, 5.21000, 11.57000, 29.74673, 1.00000, align = { 0.00000, 0.00000 }, },
				{ 0.61429, 0.78908, 0.00000, 0.00000, -0.78908, 0.61429, 0.00000, 0.00000, 0.00000, 0.00000, 1.00000, 0.00000, -5.21000, 11.54000, 29.74673, 1.00000, align = { 0.00000, 0.00000 }, },
			},
			["asset/ground/garden_chair_wood_01.mdl"] = {
				{ 1.00000, 0.00000, 0.00000, 0.00000, 0.00000, 1.00000, 0.00000, 0.00000, 0.00000, 0.00000, 1.00000, 0.00000, 5.96000, 10.40000, 4.64925, 1.00000, align = { 0.00000, 0.00000 }, },
				{ 1.00000, 0.00000, 0.00000, 0.00000, 0.00000, 1.00000, 0.00000, 0.00000, 0.00000, 0.00000, 1.00000, 0.00000, 5.44000, 3.14000, 4.64925, 1.00000, align = { 0.00000, 0.00000 }, },
				{ -0.10106, 0.99488, 0.00000, 0.00000, -0.99488, -0.10106, 0.00000, 0.00000, 0.00000, 0.00000, 1.00000, 0.00000, 2.37369, 2.62392, 4.64925, 1.00000, align = { 0.00000, 0.00000 }, },
				{ -0.12187, -0.99255, 0.00000, 0.00000, 0.99255, -0.12187, 0.00000, 0.00000, 0.00000, 0.00000, 1.00000, 0.00000, 0.82722, 2.39366, 4.64925, 1.00000, align = { 0.00000, 0.00000 }, },
				{ 0.33381, -0.94264, 0.00000, 0.00000, 0.94264, 0.33381, 0.00000, 0.00000, 0.00000, 0.00000, 1.00000, 0.00000, -2.26333, 2.48518, 4.64925, 1.00000, align = { 0.00000, 0.00000 }, },
				{ 0.82413, 0.56641, 0.00000, 0.00000, -0.56641, 0.82413, 0.00000, 0.00000, 0.00000, 0.00000, 1.00000, 0.00000, -5.82050, 3.07116, 4.64925, 1.00000, align = { 0.00000, 0.00000 }, },
				{ -0.96593, 0.25882, 0.00000, 0.00000, -0.25882, -0.96593, 0.00000, 0.00000, 0.00000, 0.00000, 1.00000, 0.00000, 5.81000, 9.27500, 4.64925, 1.00000, align = { 0.00000, 0.00000 }, },
				{ -0.96593, 0.25882, 0.00000, 0.00000, -0.25882, -0.96593, 0.00000, 0.00000, 0.00000, 0.00000, 1.00000, 0.00000, 5.29000, 2.01500, 4.64925, 1.00000, align = { 0.00000, 0.00000 }, },
				{ -0.15988, -0.98714, -0.00000, 0.00000, 0.98714, -0.15988, -0.00000, 0.00000, -0.00000, -0.00000, 1.00000, 0.00000, 3.50808, 2.58838, 4.64925, 1.00000, align = { 0.00000, 0.00000 }, },
				{ 0.37461, 0.92718, 0.00000, 0.00000, -0.92718, 0.37461, 0.00000, 0.00000, 0.00000, -0.00000, 1.00000, 0.00000, -0.27112, 2.67965, 4.64925, 1.00000, align = { 0.00000, 0.00000 }, },
				{ -0.07846, 0.99692, -0.00000, 0.00000, -0.99692, -0.07846, 0.00000, 0.00000, -0.00000, 0.00000, 1.00000, 0.00000, -3.37387, 2.25104, 4.64925, 1.00000, align = { 0.00000, 0.00000 }, },
				{ -0.94264, -0.33381, 0.00000, 0.00000, 0.33381, -0.94264, 0.00000, 0.00000, 0.00000, 0.00000, 1.00000, 0.00000, -5.30691, 2.05906, 4.64925, 1.00000, align = { 0.00000, 0.00000 }, },
			},
			["asset/ground/garden_table_round_wood_01.mdl"] = {
				{ 1.00000, 0.00000, 0.00000, 0.00000, 0.00000, 1.00000, 0.00000, 0.00000, 0.00000, 0.00000, 1.00000, 0.00000, 5.87000, 9.90200, 4.64925, 1.00000, align = { 0.00000, 0.00000 }, },
				{ 1.00000, 0.00000, 0.00000, 0.00000, 0.00000, 1.00000, 0.00000, 0.00000, 0.00000, 0.00000, 1.00000, 0.00000, 5.35000, 2.64200, 4.64925, 1.00000, align = { 0.00000, 0.00000 }, },
				{ -0.10106, 0.99488, 0.00000, 0.00000, -0.99488, -0.10106, 0.00000, 0.00000, 0.00000, 0.00000, 1.00000, 0.00000, 2.87823, 2.58471, 4.64925, 1.00000, align = { 0.00000, 0.00000 }, },
				{ -0.12187, -0.99255, 0.00000, 0.00000, 0.99255, -0.12187, 0.00000, 0.00000, 0.00000, 0.00000, 1.00000, 0.00000, 0.34390, 2.54369, 4.64925, 1.00000, align = { 0.00000, 0.00000 }, },
				{ 0.33381, -0.94264, 0.00000, 0.00000, 0.94264, 0.33381, 0.00000, 0.00000, 0.00000, 0.00000, 1.00000, 0.00000, -2.76280, 2.40378, 4.64925, 1.00000, align = { 0.00000, 0.00000 }, },
				{ 0.82413, 0.56641, 0.00000, 0.00000, -0.56641, 0.82413, 0.00000, 0.00000, 0.00000, 0.00000, 1.00000, 0.00000, -5.61260, 2.60977, 4.64925, 1.00000, align = { 0.00000, 0.00000 }, },
			},
			["asset/industry/cardboard_box_01.mdl"] = {
				{ 0.87000, 0.00000, 0.00000, 0.00000, 0.00000, 0.87000, 0.00000, 0.00000, 0.00000, 0.00000, 0.87000, 0.00000, -0.52800, 11.47200, 32.56181, 1.00000, align = { 0.00000, 0.00000 }, },
			},
			["asset/industry/pallet_01.mdl"] = {
				{ -0.41151, 0.00000, -0.91140, 0.00000, 0.00000, 1.00000, 0.00000, 0.00000, 0.91140, 0.00000, -0.41151, 0.00000, -7.34000, 16.00000, 0.50251, 1.00000, align = { 0.00000, 0.00000 }, },
			},
		},
		groups = {
			["com_2_to_4_asset_wall_store_sign_01.grp"] = {
				{ -0.00000, 1.00000, 0.00000, 0.00000, -1.00000, -0.00000, 0.00000, 0.00000, 0.00000, 0.00000, 1.00000, 0.00000, 6.62000, 11.88000, 31.84925, 1.00000, align = { 0.00000, 0.00000 }, },
				{ 0.00000, -1.00000, 0.00000, 0.00000, 1.00000, 0.00000, 0.00000, 0.00000, 0.00000, 0.00000, 1.00000, 0.00000, -6.69000, 21.30000, 31.84925, 1.00000, align = { 0.00000, 0.00000 }, },
			},
		},
	},
}
--End Generated

function data()
	return townbuildingutil.make_building2(
		{ { -4.60, -0.10 }, { 4.60, -0.10 }, { 4.60, 9.10 }, { -4.60, 9.10 } },
		"COMMERCIAL", 
		"C", 
		3,
		{ 3, 3 },
		generatedData,
		"construction/building/era_c/com_3_3x3_01.gtex"
	)
end
