local townbuildingutil = require "townbuildingutil"

--Model file: "building/era_c/com_3_2x3_02.mdl"

--Begin Generated
local generatedData = {
	["base"] = {
		models = {
			["building/era_c/com_3_2x3_02.mdl"] = {
				{ 1.00000, 0.00000, 0.00000, 0.00000, 0.00000, 1.00000, 0.00000, 0.00000, 0.00000, 0.00000, 1.00000, 0.00000, 0.00000, 0.00000, 0.00000, 1.00000, },
			},
		},
		curves = {
			["scaffold"] = {
				{ { 7.07797, 6.85770, 0.00000 }, { 7.07797, 6.85770, 0.00000 }, { 7.07800, 23.01775, 0.00000 }, { 7.07800, 23.01776, 0.00000 }, { 7.07800, 23.01776, 0.00000 }, { -7.08197, 23.01776, 0.00000 }, { -7.08197, 23.01776, 0.00000 }, { -7.08197, 23.01776, 0.00000 }, { -7.08197, 6.85773, 0.00000 }, { -7.08197, 6.85773, 0.00000 }, { -7.08197, 6.85773, 0.00000 }, { -6.69202, 6.85773, 0.00000 }, { -6.69202, 6.85773, 0.00000 }, { -6.69202, 6.85773, 0.00000 }, { -1.00201, 1.16772, 0.00000 }, { -1.00201, 1.16772, 0.00000 }, { -1.00201, 1.16772, 0.00000 }, { 4.68799, 6.85773, 0.00000 }, { 4.68799, 6.85773, 0.00000 }, },
			},
			["shared/asphalt_02.gtex.lua;shared/dirt.gtex.lua"] = {
				{ { 12.00000, 0.00000, -0.00001 }, { 12.00000, 0.00000, -0.00001 }, { 12.00000, 32.00000, -0.00001 }, { 12.00000, 32.00000, -0.00001 }, { 12.00000, 32.00000, -0.00001 }, { -12.00000, 32.00000, -0.00001 }, { -12.00000, 32.00000, -0.00001 }, { -12.00000, 32.00000, -0.00001 }, { -12.00000, 0.00000, -0.00001 }, { -12.00000, 0.00000, -0.00001 }, },
			},
		},
	},
	["layout_1"] = {
		models = {
			["asset/commercial/era_c/com_sign_music.mdl"] = {
				{ 0.40000, 0.00000, 0.00000, 0.00000, 0.00000, 0.40000, 0.00000, 0.00000, 0.00000, 0.00000, 0.40000, 0.00000, -0.25000, 9.94500, 40.46733, 1.00000, align = { 0.00000, 0.00000 }, },
				{ -0.40000, -0.00000, 0.00000, 0.00000, 0.00000, -0.40000, 0.00000, 0.00000, 0.00000, 0.00000, 0.40000, 0.00000, 4.12000, 19.91500, 40.46733, 1.00000, align = { 0.00000, 0.00000 }, },
			},
			["asset/commercial/era_c/com_sign_pin_king.mdl"] = {
				{ 0.40000, 0.00000, 0.00000, 0.00000, 0.00000, 0.40000, 0.00000, 0.00000, 0.00000, 0.00000, 0.40000, 0.00000, 4.12000, 9.94500, 40.46733, 1.00000, align = { 0.00000, 0.00000 }, },
				{ -0.40000, -0.00000, 0.00000, 0.00000, 0.00000, -0.40000, -0.00000, 0.00000, 0.00000, -0.00000, 0.40000, 0.00000, -0.25000, 19.91500, 40.46733, 1.00000, align = { 0.00000, 0.00000 }, },
			},
			["asset/ground/garden_chair_wood_01.mdl"] = {
				{ 0.74314, 0.66913, 0.00000, 0.00000, -0.66913, 0.74314, 0.00000, 0.00000, 0.00000, 0.00000, 1.00000, 0.00000, 1.00870, 6.55280, 15.38693, 1.00000, align = { 0.00000, 0.00000 }, },
				{ 0.74314, 0.66913, 0.00000, 0.00000, -0.66913, 0.74314, 0.00000, 0.00000, 0.00000, 0.00000, 1.00000, 0.00000, -1.26130, 4.52280, 15.38693, 1.00000, align = { 0.00000, 0.00000 }, },
				{ 0.70463, -0.70957, 0.00000, 0.00000, 0.70957, 0.70463, 0.00000, 0.00000, 0.00000, 0.00000, 1.00000, 0.00000, -3.77648, 7.58585, 15.38693, 1.00000, align = { 0.00000, 0.00000 }, },
				{ 0.74314, 0.66913, 0.00000, 0.00000, -0.66913, 0.74314, 0.00000, 0.00000, 0.00000, 0.00000, 1.00000, 0.00000, 1.88117, 7.25764, 15.38693, 1.00000, align = { 0.00000, 0.00000 }, },
				{ 0.74314, 0.66913, 0.00000, 0.00000, -0.66913, 0.74314, 0.00000, 0.00000, 0.00000, 0.00000, 1.00000, 0.00000, -0.38883, 5.22764, 15.38693, 1.00000, align = { 0.00000, 0.00000 }, },
				{ 0.70463, -0.70957, 0.00000, 0.00000, 0.70957, 0.70463, 0.00000, 0.00000, 0.00000, 0.00000, 1.00000, 0.00000, -3.02986, 6.74885, 15.38693, 1.00000, align = { 0.00000, 0.00000 }, },
				{ -0.77273, -0.63473, 0.00000, 0.00000, 0.63473, -0.77273, 0.00000, 0.00000, 0.00000, 0.00000, 1.00000, 0.00000, 2.48789, 6.40447, 15.38693, 1.00000, align = { 0.00000, 0.00000 }, },
				{ -0.66393, -0.74780, 0.00000, 0.00000, 0.74780, -0.66393, 0.00000, 0.00000, 0.00000, 0.00000, 1.00000, 0.00000, 0.19789, 4.24447, 15.38693, 1.00000, align = { 0.00000, 0.00000 }, },
				{ -0.77934, 0.62660, 0.00000, 0.00000, -0.62660, -0.77934, 0.00000, 0.00000, 0.00000, 0.00000, 1.00000, 0.00000, -3.87237, 5.97118, 15.38693, 1.00000, align = { 0.00000, 0.00000 }, },
				{ -0.77273, -0.63473, 0.00000, 0.00000, 0.63473, -0.77273, 0.00000, 0.00000, 0.00000, 0.00000, 1.00000, 0.00000, 1.81912, 5.53318, 15.38693, 1.00000, align = { 0.00000, 0.00000 }, },
				{ -0.66393, -0.74780, 0.00000, 0.00000, 0.74780, -0.66393, 0.00000, 0.00000, 0.00000, 0.00000, 1.00000, 0.00000, -0.47088, 3.37318, 15.38693, 1.00000, align = { 0.00000, 0.00000 }, },
				{ -0.67172, 0.74080, 0.00000, 0.00000, -0.74080, -0.67172, 0.00000, 0.00000, 0.00000, 0.00000, 1.00000, 0.00000, -4.75529, 6.72659, 15.38693, 1.00000, align = { 0.00000, 0.00000 }, },
			},
			["asset/ground/garden_table_metal_01.mdl"] = {
				{ 0.74314, 0.66913, 0.00000, 0.00000, -0.66913, 0.74314, 0.00000, 0.00000, 0.00000, 0.00000, 1.00000, 0.00000, 1.85311, 6.45190, 15.38693, 1.00000, align = { 0.00000, 0.00000 }, },
				{ 0.74314, 0.66913, 0.00000, 0.00000, -0.66913, 0.74314, 0.00000, 0.00000, 0.00000, 0.00000, 1.00000, 0.00000, -0.41689, 4.42190, 15.38693, 1.00000, align = { 0.00000, 0.00000 }, },
				{ 0.70463, -0.70957, 0.00000, 0.00000, 0.70957, 0.70463, 0.00000, 0.00000, 0.00000, 0.00000, 1.00000, 0.00000, -3.83601, 6.73752, 15.38693, 1.00000, align = { 0.00000, 0.00000 }, },
			},
		},
		groups = {
			["com_2_to_4_asset_roof_sign_01.grp"] = {
				{ -0.00000, -1.00000, 0.00000, 0.00000, 1.00000, -0.00000, 0.00000, 0.00000, 0.00000, 0.00000, 1.00503, 0.00000, -4.55000, 14.80000, 26.52261, 1.00000, align = { 0.00000, 0.00000 }, },
			},
			["com_2_to_4_asset_wall_store_sign_01.grp"] = {
				{ 1.00000, 0.00000, 0.00000, 0.00000, 0.00000, 1.00000, 0.00000, 0.00000, 0.00000, 0.00000, 1.00000, 0.00000, 5.95000, 6.96000, 7.62814, 1.00000, align = { 0.00000, 0.00000 }, },
			},
		},
	},
}
--End Generated

function data()
	return townbuildingutil.make_building2(
		{ { -4.60, -0.10 }, { 4.60, -0.10 }, { 4.60, 9.10 }, { -4.60, 9.10 } },
		"COMMERCIAL", 
		"C", 
		3,
		{ 3, 4 },
		generatedData,
		"construction/building/era_c/com_3_3x4_01.gtex"
	)
end
