local townbuildingutil = require "townbuildingutil"

--Model file: "building/era_c/com_3_2x2_01.mdl"

--Begin Generated
local generatedData = {
	["base"] = {
		models = {
			["building/era_c/com_3_2x2_01.mdl"] = {
				{ 1.00000, 0.00000, 0.00000, 0.00000, 0.00000, 1.00000, 0.00000, 0.00000, 0.00000, 0.00000, 1.00000, 0.00000, 0.00000, 0.00000, 0.00000, 1.00000, },
			},
		},
		curves = {
			["scaffold"] = {
				{ { 7.08341, 0.89334, 0.00000 }, { 7.08341, 0.89334, 0.00000 }, { 7.08342, 15.09079, 0.00000 }, { 7.08342, 15.09079, 0.00000 }, { 7.08341, 15.09079, 0.00000 }, { -7.11404, 15.09082, 0.00000 }, { -7.11404, 15.09082, 0.00000 }, { -7.11404, 15.09082, 0.00000 }, { -7.11404, 0.89342, 0.00000 }, { -7.11404, 0.89342, 0.00000 }, },
			},
			["shared/asphalt_02.gtex.lua;shared/dirt.gtex.lua"] = {
				{ { 8.00000, 0.00000, -0.00001 }, { 8.00000, 0.00000, -0.00001 }, { 8.00000, 16.00000, -0.00001 }, { 8.00000, 16.00000, -0.00001 }, { 8.00000, 16.00000, -0.00001 }, { -8.00000, 16.00000, -0.00001 }, { -8.00000, 16.00000, -0.00001 }, { -8.00000, 16.00000, -0.00001 }, { -8.00000, 0.00000, -0.00001 }, { -8.00000, 0.00000, -0.00001 }, },
			},
		},
	},
	["layout_1"] = {
		models = {
			["asset/commercial/era_c/com_2_to_4_wall_sign_02.mdl"] = {
				{ -0.00000, 1.00000, 0.00000, 0.00000, -1.00000, -0.00000, 0.00000, 0.00000, 0.00000, 0.00000, 1.00000, 0.00000, 5.00000, 11.23000, 25.91960, 1.00000, align = { 0.00000, 0.00000 }, },
			},
			["asset/commercial/era_c/com_2_to_4_wall_sign_03_02.mdl"] = {
				{ -0.00000, -1.00000, 0.00000, 0.00000, 1.00000, -0.00000, 0.00000, 0.00000, 0.00000, 0.00000, 1.00000, 0.00000, -5.58000, 8.21000, 13.66834, 1.00000, align = { 0.00000, 0.00000 }, },
			},
			["asset/ground/garden_chair_metal_01.mdl"] = {
				{ 0.92050, 0.39073, 0.00000, 0.00000, -0.39073, 0.92050, 0.00000, 0.00000, 0.00000, 0.00000, 1.00000, 0.00000, -4.67500, 4.22000, 15.73668, 1.00000, align = { 0.00000, 0.00000 }, },
			},
			["asset/ground/garden_chair_plastic_01.mdl"] = {
				{ 0.92050, 0.39073, 0.00000, 0.00000, -0.39073, 0.92050, 0.00000, 0.00000, 0.00000, 0.00000, 1.00000, 0.00000, -4.67500, 4.22000, 7.34673, 1.00000, align = { 0.00000, 0.00000 }, },
				{ 0.99996, 0.00873, 0.00000, 0.00000, -0.00873, 0.99996, 0.00000, 0.00000, 0.00000, 0.00000, 1.00000, 0.00000, 3.44000, 4.28000, 21.34874, 1.00000, align = { 0.00000, 0.00000 }, },
			},
			["asset/ground/garden_chair_wood_01.mdl"] = {
				{ 0.99540, -0.09585, 0.00000, 0.00000, 0.09585, 0.99540, 0.00000, 0.00000, 0.00000, 0.00000, 1.00000, 0.00000, -3.57000, 4.31000, 18.53869, 1.00000, align = { 0.00000, 0.00000 }, },
				{ 0.99540, -0.09585, 0.00000, 0.00000, 0.09585, 0.99540, 0.00000, 0.00000, 0.00000, 0.00000, 1.00000, 0.00000, 4.22000, 4.31000, 12.93065, 1.00000, align = { 0.00000, 0.00000 }, },
				{ 0.99144, -0.13053, 0.00000, 0.00000, 0.13053, 0.99144, 0.00000, 0.00000, 0.00000, 0.00000, 1.00000, 0.00000, -3.69000, 4.39000, 26.94070, 1.00000, align = { 0.00000, 0.00000 }, },
			},
		},
		groups = {
			["com_2_to_4_asset_wall_store_sign_01.grp"] = {
				{ 1.00000, 0.00000, 0.00000, 0.00000, 0.00000, 1.00000, 0.00000, 0.00000, 0.00000, 0.00000, 1.00000, 0.00000, 0.00000, 3.63000, 11.75879, 1.00000, align = { 0.00000, 0.00000 }, },
				{ 1.00000, 0.00000, 0.00000, 0.00000, 0.00000, 1.00000, 0.00000, 0.00000, 0.00000, 0.00000, 1.00000, 0.00000, 0.00000, 3.63000, 24.26130, 1.00000, align = { 0.00000, 0.00000 }, },
			},
		},
	},
}
--End Generated

function data()
	return townbuildingutil.make_building2(
		{ { -4.60, -0.10 }, { 4.60, -0.10 }, { 4.60, 9.10 }, { -4.60, 9.10 } },
		"COMMERCIAL", 
		"C", 
		3,
		{ 2, 2 },
		generatedData,
		"construction/building/era_c/com_3_2x2_02.gtex"
	)
end
