local townbuildingutil = require "townbuildingutil"

--Model file: "building/era_c/com_3_1x2_03.mdl"

--Begin Generated
local generatedData = {
	["base"] = {
		models = {
			["building/era_c/com_3_1x2_03.mdl"] = {
				{ 1.00000, 0.00000, 0.00000, 0.00000, 0.00000, 1.00000, 0.00000, 0.00000, 0.00000, 0.00000, 1.00000, 0.00000, 0.00000, 0.00000, 0.00000, 1.00000, },
			},
		},
		curves = {
			["scaffold"] = {
				{ { 3.15273, 0.27904, 0.00000 }, { 3.15273, 0.27904, 0.00000 }, { 3.15273, 14.42003, 0.00000 }, { 3.15273, 14.42003, 0.00000 }, { 3.15273, 14.42003, 0.00000 }, { -2.45060, 14.42003, 0.00000 }, { -2.45060, 14.42003, 0.00000 }, { -2.45060, 14.42003, 0.00000 }, { -3.03750, 0.27904, 0.00000 }, { -3.03750, 0.27904, 0.00000 }, },
			},
			["shared/asphalt_02.gtex.lua;shared/dirt.gtex.lua"] = {
				{ { 4.00000, 0.00000, -0.00001 }, { 4.00000, 0.00000, -0.00001 }, { 4.00000, 16.00000, -0.00001 }, { 4.00000, 16.00000, -0.00001 }, { 4.00000, 16.00000, -0.00001 }, { -4.00000, 16.00000, -0.00001 }, { -4.00000, 16.00000, -0.00001 }, { -4.00000, 16.00000, -0.00001 }, { -4.00000, 0.00000, -0.00001 }, { -4.00000, 0.00000, -0.00001 }, },
			},
		},
	},
	["layout_1"] = {
		models = {
			["asset/ground/garden_chair_plastic_01.mdl"] = {
				{ 0.09063, 0.99588, 0.00000, 0.00000, -0.99588, 0.09063, 0.00000, 0.00000, 0.00000, 0.00000, 1.00000, 0.00000, -1.10000, 2.14000, 10.19296, 1.00000, align = { 0.00000, 0.00000 }, },
				{ 0.99705, -0.07672, 0.00000, 0.00000, 0.07672, 0.99705, 0.00000, 0.00000, 0.00000, 0.00000, 1.00000, 0.00000, 0.77500, 2.26000, 10.19296, 1.00000, align = { 0.00000, 0.00000 }, },
				{ 0.85717, 0.51504, 0.00000, 0.00000, -0.51504, 0.85717, 0.00000, 0.00000, 0.00000, 0.00000, 1.00000, 0.00000, -0.62000, 2.03000, 21.39095, 1.00000, align = { 0.00000, 0.00000 }, },
				{ 0.89879, -0.43837, 0.00000, 0.00000, 0.43837, 0.89879, 0.00000, 0.00000, 0.00000, 0.00000, 1.00000, 0.00000, 0.54000, 2.22000, 21.39095, 1.00000, align = { 0.00000, 0.00000 }, },
			},
			["asset/ground/garden_chair_wood_01.mdl"] = {
				{ 0.41945, 0.90778, 0.00000, 0.00000, -0.90778, 0.41945, 0.00000, 0.00000, 0.00000, 0.00000, 1.00000, 0.00000, -0.77500, 2.05500, 7.39698, 1.00000, align = { 0.00000, 0.00000 }, },
				{ 0.57643, -0.81714, 0.00000, 0.00000, 0.81714, 0.57643, 0.00000, 0.00000, 0.00000, 0.00000, 1.00000, 0.00000, 0.48500, 2.09500, 7.39698, 1.00000, align = { 0.00000, 0.00000 }, },
				{ 1.00000, 0.00000, 0.00000, 0.00000, 0.00000, 1.00000, 0.00000, 0.00000, 0.00000, 0.00000, 1.00000, 0.00000, -0.77500, 2.05500, 18.58291, 1.00000, align = { 0.00000, 0.00000 }, },
				{ 1.00000, 0.00000, 0.00000, 0.00000, 0.00000, 1.00000, 0.00000, 0.00000, 0.00000, 0.00000, 1.00000, 0.00000, -0.09000, 2.05500, 18.58291, 1.00000, align = { 0.00000, 0.00000 }, },
			},
			["asset/industry/cardboard_box_01.mdl"] = {
				{ 0.60000, 0.00000, 0.00000, 0.00000, 0.00000, 0.60000, 0.00000, 0.00000, 0.00000, 0.00000, 0.60302, 0.00000, -0.73800, 2.06000, 12.99498, 1.00000, align = { 0.00000, 0.00000 }, },
				{ -0.60000, -0.00000, 0.00000, 0.00000, 0.00000, -0.60000, 0.00000, 0.00000, 0.00000, 0.00000, 0.60302, 0.00000, -1.15500, 2.13500, 12.99498, 1.00000, align = { 0.00000, 0.00000 }, },
				{ 0.53221, -0.27705, 0.00000, 0.00000, 0.27705, 0.53221, 0.00000, 0.00000, 0.00000, 0.00000, 0.60302, 0.00000, -0.89600, 2.15500, 13.30050, 1.00000, align = { 0.00000, 0.00000 }, },
			},
		},
		groups = {
			["era_c_com_2_to_4_wall_store_sign.grp"] = {
				{ -0.00000, 1.00000, 0.00000, 0.00000, -1.00000, -0.00000, 0.00000, 0.00000, 0.00000, 0.00000, 1.00000, 0.00000, 2.80000, 3.98000, 16.23115, 1.00000, align = { 0.00000, 0.00000 }, },
			},
			["garden_sunshade_small.grp"] = {
				{ 1.00000, 0.00000, 0.00000, 0.00000, 0.00000, 1.00000, 0.00000, 0.00000, 0.00000, 0.00000, 1.00000, 0.00000, -0.81000, 1.19000, 19.01508, 1.00000, align = { 0.00000, 0.00000 }, },
				{ 1.00000, 0.00000, 0.00000, 0.00000, 0.00000, 1.00000, 0.00000, 0.00000, 0.00000, 0.00000, 1.00000, 0.00000, -0.04000, 1.19000, 21.50251, 1.00000, align = { 0.00000, 0.00000 }, },
			},
		},
	},
}
--End Generated

function data()
	return townbuildingutil.make_building2(
		{ { -4.60, -0.10 }, { 4.60, -0.10 }, { 4.60, 9.10 }, { -4.60, 9.10 } },
		"COMMERCIAL", 
		"C", 
		3,
		{ 1, 2 },
		generatedData,
		"construction/building/era_c/com_3_1x2_02.gtex"
	)
end
