local townbuildingutil = require "townbuildingutil"

--Model file: "building/era_c/com_4_2x2_02.mdl"

--Begin Generated
local generatedData = {
	["base"] = {
		models = {
			["building/era_c/com_4_2x2_02.mdl"] = {
				{ 1.00000, 0.00000, 0.00000, 0.00000, 0.00000, 1.00000, 0.00000, 0.00000, 0.00000, 0.00000, 1.00000, 0.00000, 0.00000, 0.00000, 0.00000, 1.00000, },
			},
		},
		curves = {
			["scaffold"] = {
				{ { 7.07822, 0.94014, 0.00000 }, { 7.07822, 0.94014, 0.00000 }, { 7.07822, 15.10017, 0.00000 }, { 7.07822, 15.10017, 0.00000 }, { 7.07822, 15.10017, 0.00000 }, { -7.08178, 15.10017, 0.00000 }, { -7.08178, 15.10017, 0.00000 }, { -7.08178, 15.10017, 0.00000 }, { -7.08181, 0.94014, 0.00000 }, { -7.08181, 0.94014, 0.00000 }, },
			},
			["shared/asphalt_02.gtex.lua;shared/dirt.gtex.lua"] = {
				{ { 8.00000, 0.00000, 0.02500 }, { 8.00000, 0.00000, 0.02500 }, { 8.00000, 16.00000, 0.02500 }, { 8.00000, 16.00000, 0.02500 }, { 8.00000, 16.00000, 0.02500 }, { -8.00000, 16.00000, 0.02500 }, { -8.00000, 16.00000, 0.02500 }, { -8.00000, 16.00000, 0.02500 }, { -8.00000, 0.00000, 0.02500 }, { -8.00000, 0.00000, 0.02500 }, },
			},
		},
	},
	["layout_1"] = {
		models = {
			["asset/commercial/era_c/com_sign_lift_gym.mdl"] = {
				{ -0.00000, 0.60000, 0.00000, 0.00000, -0.60000, -0.00000, 0.00000, 0.00000, 0.00000, 0.00000, 0.60000, 0.00000, 2.64000, 10.34000, 56.10050, 1.00000, align = { 0.00000, 0.00000 }, },
			},
			["asset/ground/garden_chair_plastic_01.mdl"] = {
				{ 1.00000, 0.00000, 0.00000, 0.00000, 0.00000, 1.00000, 0.00000, 0.00000, 0.00000, 0.00000, 1.00000, 0.00000, 6.14500, 5.51500, 21.40201, 1.00000, align = { 0.00000, 0.00000 }, },
				{ 0.53877, 0.84245, 0.00000, 0.00000, -0.84245, 0.53877, 0.00000, 0.00000, 0.00000, 0.00000, 1.00000, 0.00000, -1.26600, 4.88600, 29.80100, 1.00000, align = { 0.00000, 0.00000 }, },
				{ 0.97851, 0.20620, 0.00000, 0.00000, -0.20620, 0.97851, 0.00000, 0.00000, 0.00000, 0.00000, 1.00000, 0.00000, -1.26600, 4.88600, 38.21105, 1.00000, align = { 0.00000, 0.00000 }, },
				{ 0.98876, -0.14954, 0.00000, 0.00000, 0.14954, 0.98876, 0.00000, 0.00000, 0.00000, 0.00000, 1.00000, 0.00000, -0.29100, 4.88600, 38.21105, 1.00000, align = { 0.00000, 0.00000 }, },
			},
			["asset/ground/garden_chair_wood_01.mdl"] = {
				{ 1.00000, 0.00000, 0.00000, 0.00000, 0.00000, 1.00000, 0.00000, 0.00000, 0.00000, 0.00000, 1.00000, 0.00000, 5.51000, 5.51500, 26.96482, 1.00000, align = { 0.00000, 0.00000 }, },
				{ 1.00000, 0.00000, 0.00000, 0.00000, 0.00000, 1.00000, 0.00000, 0.00000, 0.00000, 0.00000, 1.00000, 0.00000, 5.51000, 5.50100, 35.40302, 1.00000, align = { 0.00000, 0.00000 }, },
				{ 0.93042, -0.36650, 0.00000, 0.00000, 0.36650, 0.93042, 0.00000, 0.00000, 0.00000, 0.00000, 1.00000, 0.00000, 6.21000, 5.51500, 26.96482, 1.00000, align = { 0.00000, 0.00000 }, },
				{ 0.93042, -0.36650, 0.00000, 0.00000, 0.36650, 0.93042, 0.00000, 0.00000, 0.00000, 0.00000, 1.00000, 0.00000, 0.35000, 5.03000, 21.38693, 1.00000, align = { 0.00000, 0.00000 }, },
				{ 0.99985, -0.01745, 0.00000, 0.00000, 0.01745, 0.99985, 0.00000, 0.00000, 0.00000, 0.00000, 1.00000, 0.00000, -1.22000, 5.03000, 21.38693, 1.00000, align = { 0.00000, 0.00000 }, },
			},
			["asset/ground/garden_table_round_metal_01.mdl"] = {
				{ 1.00000, 0.00000, 0.00000, 0.00000, 0.00000, 1.00000, 0.00000, 0.00000, 0.00000, 0.00000, 1.00000, 0.00000, 6.14500, 4.82000, 21.40201, 1.00000, align = { 0.00000, 0.00000 }, },
				{ 1.00000, 0.00000, 0.00000, 0.00000, 0.00000, 1.00000, 0.00000, 0.00000, 0.00000, 0.00000, 1.00000, 0.00000, 5.89500, 4.43500, 35.41206, 1.00000, align = { 0.00000, 0.00000 }, },
			},
			["asset/ground/garden_table_round_wood_01.mdl"] = {
				{ 1.00000, 0.00000, 0.00000, 0.00000, 0.00000, 1.00000, 0.00000, 0.00000, 0.00000, 0.00000, 1.00503, 0.00000, 5.83000, 4.60000, 26.96482, 1.00000, align = { 0.00000, 0.00000 }, },
			},
		},
		groups = {
			["com_2_to_4_asset_wall_store_sign_01.grp"] = {
				{ -0.00000, -1.00000, 0.00000, 0.00000, 1.00000, -0.00000, 0.00000, 0.00000, 0.00000, 0.00000, 1.00000, 0.00000, -1.97000, 1.57000, 9.04523, 1.00000, align = { 0.00000, 0.00000 }, },
			},
		},
	},
}
--End Generated

function data()
	return townbuildingutil.make_building2(
		{ { -4.60, -0.10 }, { 4.60, -0.10 }, { 4.60, 9.10 }, { -4.60, 9.10 } },
		"COMMERCIAL", 
		"C", 
		4,
		{ 2, 2 },
		generatedData,
		"construction/building/era_c/com_4_2x2_01.gtex"
	)
end
