local townbuildingutil = require "townbuildingutil"

--Model file: "building/era_c/com_2_3x3_02.mdl"

--Begin Generated
local generatedData = {
	["base"] = {
		models = {
			["building/era_c/com_2_3x3_02.mdl"] = {
				{ 1.00000, 0.00000, 0.00000, 0.00000, 0.00000, 1.00000, 0.00000, 0.00000, 0.00000, 0.00000, 1.00000, 0.00000, 0.00000, -0.60000, 0.00000, 1.00000, },
			},
		},
		curves = {
			["scaffold"] = {
				{ { 2.84076, 3.80253, -0.00002 }, { 2.84076, 3.80253, -0.00002 }, { 2.84076, 4.72500, -0.00002 }, { 2.84076, 4.72500, -0.00002 }, { 2.84076, 4.72500, -0.00002 }, { 7.35999, 5.78263, -0.00002 }, { 7.35999, 5.78263, -0.00002 }, { 7.35999, 5.78263, -0.00002 }, { 11.14838, 5.78263, -0.00002 }, { 11.14838, 5.78263, -0.00002 }, { 11.14838, 5.78263, -0.00002 }, { 11.14838, 22.43937, -0.00002 }, { 11.14838, 22.43937, -0.00002 }, { 11.14838, 22.43937, -0.00002 }, { -11.10760, 22.43937, -0.00002 }, { -11.10760, 22.43937, -0.00002 }, { -11.10760, 22.43936, -0.00002 }, { -11.10760, 0.28104, -0.00002 }, { -11.10760, 0.28104, -0.00002 }, },
			},
			["shared/asphalt_02.gtex.lua;shared/dirt.gtex.lua"] = {
				{ { 16.00000, -0.05000, 0.00000 }, { 16.00000, -0.05000, 0.00000 }, { 16.00000, 3.88132, 0.00000 }, { 16.00000, 3.88132, 0.00000 }, { 16.00000, 3.88132, 0.00000 }, { 11.98749, 3.88132, 0.00000 }, { 11.98749, 3.88132, 0.00000 }, { 11.98749, 3.88132, 0.00000 }, { 11.98749, 0.97500, 0.00000 }, { 11.98749, 0.97500, 0.00000 }, { 11.98749, 0.97500, 0.00000 }, { 3.77502, 0.97500, 0.00000 }, { 3.77502, 0.97500, 0.00000 }, { 3.77502, 0.97500, 0.00000 }, { 3.77502, 0.00000, 0.00000 }, { 3.77502, 0.00000, 0.00000 }, },
				{ { 16.00000, 3.88132, 0.00000 }, { 16.00000, 3.88133, 0.00000 }, { 16.00000, 32.00000, 0.00000 }, { 16.00000, 32.00000, 0.00000 }, { 16.00000, 32.00000, 0.00000 }, { -3.50598, 32.00250, 0.00000 }, { -3.50598, 32.00250, 0.00000 }, { -3.50598, 32.00250, 0.00000 }, { -3.50598, 21.36455, 0.00000 }, { -3.50598, 21.36455, 0.00000 }, { -3.50598, 21.36455, 0.00000 }, { -10.79999, 21.36455, 0.00000 }, { -10.79999, 21.36455, 0.00000 }, { -10.79999, 21.36455, 0.00000 }, { -10.79999, 11.14500, 0.00000 }, { -10.79999, 11.14500, 0.00000 }, { -10.79999, 11.14500, 0.00000 }, { -15.99994, 11.14500, 0.00000 }, { -15.99994, 11.14500, 0.00000 }, { -15.99994, 11.14500, 0.00000 }, { -16.00000, 0.00000, 0.00000 }, { -16.00000, 0.00000, 0.00000 }, { -16.00000, 0.00000, 0.00000 }, { 3.77502, 0.00000, 0.00000 }, { 3.77502, 0.00000, 0.00000 }, { 3.77502, 0.00000, 0.00000 }, { 3.77502, 2.99816, 0.00000 }, { 3.77502, 2.99816, 0.00000 }, { 3.77502, 2.99816, 0.00000 }, { 7.46008, 3.88132, 0.00000 }, { 7.46008, 3.88132, 0.00000 }, { 7.46008, 3.88132, 0.00000 }, { 11.98749, 3.88132, 0.00000 }, { 11.98749, 3.88132, 0.00000 }, },
			},
			["shared/asphalt_03.gtex.lua;shared/dirt.gtex.lua"] = {
				{ { -3.50598, 21.36455, 0.00000 }, { -3.50598, 21.36455, 0.00000 }, { -3.50598, 32.00250, 0.00000 }, { -3.50598, 32.00250, 0.00000 }, { -3.50598, 32.00250, 0.00000 }, { -10.79999, 32.00000, 0.00000 }, { -10.79999, 32.00000, 0.00000 }, { -10.79999, 32.00000, 0.00000 }, { -10.79999, 21.36455, 0.00000 }, { -10.79999, 21.36455, 0.00000 }, },
			},
			["shared/grass_cutted_01.gtex.lua"] = {
				{ { -10.79999, 11.14500, 0.00000 }, { -10.79999, 11.14500, 0.00000 }, { -10.79999, 32.00000, 0.00000 }, { -10.79999, 32.00000, 0.00000 }, { -10.79999, 32.00000, 0.00000 }, { -16.00000, 32.00000, 0.00000 }, { -16.00000, 32.00000, 0.00000 }, { -16.00000, 32.00000, 0.00000 }, { -15.99994, 11.14500, 0.00000 }, { -15.99994, 11.14500, 0.00000 }, },
				{ { 11.98749, 0.97500, 0.00000 }, { 11.98749, 0.97500, 0.00000 }, { 11.98749, 3.88132, 0.00000 }, { 11.98749, 3.88132, 0.00000 }, { 11.98749, 3.88132, 0.00000 }, { 7.46008, 3.88132, 0.00000 }, { 7.46008, 3.88132, 0.00000 }, { 7.46008, 3.88132, 0.00000 }, { 3.77502, 2.99816, 0.00000 }, { 3.77502, 2.99816, 0.00000 }, { 3.77502, 2.99816, 0.00000 }, { 3.77502, 0.97500, 0.00000 }, { 3.77502, 0.97500, 0.00000 }, },
			},
		},
	},
	["layout_1"] = {
		models = {
			["asset/commercial/all_eras/era_c_com_wall.mdl"] = {
				{ 0.00000, 1.00000, 0.00000, 0.00000, -1.00000, 0.00000, -0.00000, 0.00000, -0.00000, -0.00000, 1.00000, 0.00000, 14.84004, 26.79000, 0.00000, 1.00000, },
				{ 0.00000, 1.00000, 0.00000, 0.00000, -1.00000, 0.00000, -0.00000, 0.00000, -0.00000, -0.00000, 1.00000, 0.00000, 14.84004, 17.79000, 0.00000, 1.00000, },
				{ 0.00000, 1.00000, 0.00000, 0.00000, -1.00000, 0.00000, -0.00000, 0.00000, -0.00000, -0.00000, 1.00000, 0.00000, 14.84004, 8.79000, 0.00000, 1.00000, },
				{ 0.00000, 0.86932, 0.00000, 0.00000, -1.00000, 0.00000, -0.00000, 0.00000, -0.00000, -0.00000, 1.00000, 0.00000, 14.84004, 29.59000, 0.00000, 1.00000, },
				{ 0.00000, 1.00000, 0.00000, 0.00000, -1.00000, 0.00000, -0.00000, 0.00000, -0.00000, -0.00000, 1.00000, 0.00000, 14.84004, 20.79000, 0.00000, 1.00000, },
				{ 0.00000, 1.00000, 0.00000, 0.00000, -1.00000, 0.00000, -0.00000, 0.00000, -0.00000, -0.00000, 1.00000, 0.00000, 14.84004, 11.79000, 0.00000, 1.00000, },
				{ 0.00000, 1.00000, 0.00000, 0.00000, -1.00000, 0.00000, -0.00000, 0.00000, -0.00000, -0.00000, 1.00000, 0.00000, 14.84004, 23.79000, 0.00000, 1.00000, },
				{ 0.00000, 1.00000, 0.00000, 0.00000, -1.00000, 0.00000, -0.00000, 0.00000, -0.00000, -0.00000, 1.00000, 0.00000, 14.84004, 14.79000, 0.00000, 1.00000, },
				{ -1.00000, 0.00000, 0.00000, 0.00000, -0.00000, -1.00000, -0.00000, 0.00000, 0.00000, -0.00000, 1.00000, 0.00000, -14.49996, 11.14000, 0.00000, 1.00000, },
				{ -0.00000, -1.00000, 0.00000, 0.00000, 1.00000, -0.00000, -0.00000, 0.00000, 0.00000, 0.00000, 1.00000, 0.00000, -15.84996, 12.79000, 0.00000, 1.00000, },
				{ 0.00000, 1.00000, 0.00000, 0.00000, -1.00000, 0.00000, -0.00000, 0.00000, -0.00000, -0.00000, 1.00000, 0.00000, -3.47996, 26.79000, 0.00000, 1.00000, },
				{ 0.00000, 1.00000, 0.00000, 0.00000, -1.00000, 0.00000, -0.00000, 0.00000, -0.00000, -0.00000, 1.00000, 0.00000, -10.87996, 26.79000, 0.00000, 1.00000, },
				{ 1.00000, -0.00000, 0.00000, 0.00000, 0.00000, 1.00000, -0.00000, 0.00000, -0.00000, 0.00000, 1.00000, 0.00000, 7.18504, 30.74000, 0.00000, 1.00000, },
				{ 0.00000, 1.23500, 0.00000, 0.00000, -1.00000, 0.00000, -0.00000, 0.00000, -0.00000, -0.00000, 1.00000, 0.00000, -3.47996, 30.15000, 0.00000, 1.00000, },
				{ 0.00000, 1.23500, 0.00000, 0.00000, -1.00000, 0.00000, -0.00000, 0.00000, -0.00000, -0.00000, 1.00000, 0.00000, -10.87996, 30.15000, 0.00000, 1.00000, },
				{ 1.00000, -0.00000, 0.00000, 0.00000, 0.00000, 1.00000, -0.00000, 0.00000, -0.00000, 0.00000, 1.00000, 0.00000, 10.18504, 30.74000, 0.00000, 1.00000, },
				{ 1.00000, -0.00000, 0.00000, 0.00000, 0.00000, 1.00000, -0.00000, 0.00000, -0.00000, 0.00000, 1.00000, 0.00000, 13.18504, 30.74000, 0.00000, 1.00000, },
				{ -0.65720, 0.00000, 0.00000, 0.00000, -0.00000, -1.00000, -0.00000, 0.00000, 0.00000, -0.00000, 1.00000, 0.00000, -12.01996, 11.14000, 0.00000, 1.00000, },
				{ 0.00000, 0.98000, 0.00000, 0.00000, -1.00000, 0.00000, -0.00000, 0.00000, -0.00000, -0.00000, 1.00000, 0.00000, -3.47996, 23.81000, 0.00000, 1.00000, },
				{ 0.00000, 0.98000, 0.00000, 0.00000, -1.00000, 0.00000, -0.00000, 0.00000, -0.00000, -0.00000, 1.00000, 0.00000, -10.87996, 23.81000, 0.00000, 1.00000, },
				{ 1.00000, -0.00000, 0.00000, 0.00000, 0.00000, 1.00000, -0.00000, 0.00000, -0.00000, 0.00000, 1.00000, 0.00000, 4.18504, 30.74000, 0.00000, 1.00000, },
				{ 1.00000, -0.00000, 0.00000, 0.00000, 0.00000, 1.00000, -0.00000, 0.00000, -0.00000, 0.00000, 1.00000, 0.00000, 1.18504, 30.74000, 0.00000, 1.00000, },
				{ 1.00000, -0.00000, 0.00000, 0.00000, 0.00000, 1.00000, -0.00000, 0.00000, -0.00000, 0.00000, 1.00000, 0.00000, -1.81496, 30.74000, 0.00000, 1.00000, },
				{ -0.00000, -1.00000, 0.00000, 0.00000, 1.00000, -0.00000, -0.00000, 0.00000, 0.00000, 0.00000, 1.00000, 0.00000, -15.84998, 15.78999, 0.00000, 1.00000, },
				{ -0.00000, -1.00000, 0.00000, 0.00000, 1.00000, -0.00000, -0.00000, 0.00000, 0.00000, 0.00000, 1.00000, 0.00000, -15.84998, 18.78999, 0.00000, 1.00000, },
				{ -0.00000, -1.00000, 0.00000, 0.00000, 1.00000, -0.00000, -0.00000, 0.00000, 0.00000, 0.00000, 1.00000, 0.00000, -15.84998, 21.78999, 0.00000, 1.00000, },
				{ -0.00000, -1.00000, 0.00000, 0.00000, 1.00000, -0.00000, -0.00000, 0.00000, 0.00000, 0.00000, 1.00000, 0.00000, -15.84998, 24.78999, 0.00000, 1.00000, },
				{ -0.00000, -1.00000, 0.00000, 0.00000, 1.00000, -0.00000, -0.00000, 0.00000, 0.00000, 0.00000, 1.00000, 0.00000, -15.84998, 27.78999, 0.00000, 1.00000, },
				{ -0.00000, -0.89500, 0.00000, 0.00000, 1.00000, -0.00000, -0.00000, 0.00000, 0.00000, 0.00000, 1.00000, 0.00000, -15.84998, 30.64999, 0.00000, 1.00000, },
			},
			["asset/commercial/era_c/com_2_to_4_ground_chair_01.mdl"] = {
				{ -0.05510, 0.99848, -0.00000, 0.00000, -0.99848, -0.05510, 0.00000, 0.00000, -0.00000, 0.00000, 1.00000, 0.00000, 10.02823, 23.85958, -0.00000, 1.00000, },
				{ 0.10534, 0.99444, 0.00000, 0.00000, -0.99444, 0.10534, 0.00000, 0.00000, 0.00000, -0.00000, 1.00000, 0.00000, 9.32824, 23.85958, -0.00000, 1.00000, },
				{ -0.10891, 0.99405, -0.00000, 0.00000, -0.99405, -0.10891, 0.00000, 0.00000, -0.00000, 0.00000, 1.00000, 0.00000, 8.58823, 23.85958, -0.00000, 1.00000, },
				{ -0.15299, 0.98823, -0.00000, 0.00000, -0.98823, -0.15299, 0.00000, 0.00000, -0.00000, 0.00000, 1.00000, 0.00000, 6.84823, 23.85958, -0.00000, 1.00000, },
				{ 0.08709, 0.99620, 0.00000, 0.00000, -0.99620, 0.08709, 0.00000, 0.00000, 0.00000, -0.00000, 1.00000, 0.00000, 7.82824, 25.37959, -0.00000, 1.00000, },
				{ 0.05060, 0.99872, 0.00000, 0.00000, -0.99872, 0.05060, 0.00000, 0.00000, 0.00000, -0.00000, 1.00000, 0.00000, 7.82824, 23.85958, -0.00000, 1.00000, },
				{ 0.06717, 0.99774, 0.00000, 0.00000, -0.99774, 0.06717, 0.00000, 0.00000, 0.00000, -0.00000, 1.00000, 0.00000, 10.02823, 24.65958, -0.00000, 1.00000, },
				{ 0.08229, 0.99661, 0.00000, 0.00000, -0.99661, 0.08229, 0.00000, 0.00000, 0.00000, -0.00000, 1.00000, 0.00000, 8.58823, 24.65958, -0.00000, 1.00000, },
				{ 0.00000, 1.00000, 0.00000, 0.00000, -1.00000, 0.00000, -0.00000, 0.00000, -0.00000, -0.00000, 1.00000, 0.00000, 7.82824, 24.65958, -0.00000, 1.00000, },
				{ -0.07133, 0.99745, -0.00000, 0.00000, -0.99745, -0.07133, 0.00000, 0.00000, -0.00000, 0.00000, 1.00000, 0.00000, 9.32824, 24.65958, -0.00000, 1.00000, },
			},
			["asset/commercial/era_c/com_2_to_4_ground_table_01.mdl"] = {
				{ 0.99792, 0.06453, 0.00000, 0.00000, -0.06453, 0.99792, 0.00000, 0.00000, 0.00000, 0.00000, 1.00000, 0.00000, 9.25000, 28.50000, 0.00000, 1.00000, },
			},
			["asset/commercial/era_c/com_2_to_4_wall_awning_02_end_02.mdl"] = {
				{ 1.07000, 0.00000, 0.00000, 0.00000, -0.00000, 1.07000, 0.00000, 0.00000, -0.00000, -0.00000, 1.07000, 0.00000, 8.91000, 26.59000, 0.00000, 1.00000, align = { 0.00000, -0.60000 }, },
				{ 1.02720, 0.00000, 0.00000, 0.00000, -0.00000, 1.02720, 0.00000, 0.00000, -0.00000, -0.00000, 1.02720, 0.00000, 2.17000, 26.59000, 0.00000, 1.00000, align = { 0.00000, -0.60000 }, },
				{ -1.07000, 0.00000, -0.00000, 0.00000, -0.00000, -1.07000, 0.00000, 0.00000, -0.00000, 0.00000, 1.07000, 0.00000, -0.73000, 26.59000, -0.00000, 1.00000, align = { 0.00000, -0.60000 }, },
				{ -0.00000, 1.00000, 0.00000, 0.00000, -1.00000, -0.00000, 0.00000, 0.00000, 0.00000, 0.00000, 1.00000, 0.00000, 11.06000, 14.64000, 0.00000, 1.00000, align = { 0.00000, -0.60000 }, },
			},
			["asset/commercial/era_c/com_2_to_4_wall_awning_02_repeat_02.mdl"] = {
				{ -1.07000, 0.00000, -0.00000, 0.00000, -0.00000, -1.07000, 0.00000, 0.00000, -0.00000, 0.00000, 1.07000, 0.00000, 8.90000, 26.59000, 0.00000, 1.00000, align = { 0.00000, -0.60000 }, },
				{ -1.07000, 0.00000, -0.00000, 0.00000, -0.00000, -1.07000, 0.00000, 0.00000, -0.00000, 0.00000, 1.07000, 0.00000, 5.69000, 26.59000, 0.00000, 1.00000, align = { 0.00000, -0.60000 }, },
				{ -1.07000, 0.00000, -0.00000, 0.00000, -0.00000, -1.07000, 0.00000, 0.00000, -0.00000, 0.00000, 1.07000, 0.00000, 2.48000, 26.59000, 0.00000, 1.00000, align = { 0.00000, -0.60000 }, },
				{ 1.07000, -0.00000, 0.00000, 0.00000, 0.00000, 1.07000, 0.00000, 0.00000, -0.00000, -0.00000, 1.07000, 0.00000, 8.91000, 26.59000, 0.00000, 1.00000, align = { 0.00000, -0.60000 }, },
				{ 1.07000, -0.00000, 0.00000, 0.00000, 0.00000, 1.07000, 0.00000, 0.00000, -0.00000, -0.00000, 1.07000, 0.00000, 5.70000, 26.59000, 0.00000, 1.00000, align = { 0.00000, -0.60000 }, },
				{ 1.07000, -0.00000, 0.00000, 0.00000, 0.00000, 1.07000, 0.00000, 0.00000, -0.00000, -0.00000, 1.07000, 0.00000, 2.49000, 26.59000, 0.00000, 1.00000, align = { 0.00000, -0.60000 }, },
				{ -1.07000, 0.00000, -0.00000, 0.00000, -0.00000, -1.07000, 0.00000, 0.00000, -0.00000, 0.00000, 1.07000, 0.00000, -0.73000, 26.59000, 0.00000, 1.00000, align = { 0.00000, -0.60000 }, },
				{ 1.07000, -0.00000, 0.00000, 0.00000, 0.00000, 1.07000, 0.00000, 0.00000, -0.00000, -0.00000, 1.07000, 0.00000, -0.72000, 26.59000, 0.00000, 1.00000, align = { 0.00000, -0.60000 }, },
				{ -0.00000, 1.00000, 0.00000, 0.00000, -1.00000, -0.00000, 0.00000, 0.00000, 0.00000, 0.00000, 1.00000, 0.00000, 11.06000, 8.64000, 0.00000, 1.00000, align = { 0.00000, -0.60000 }, },
				{ -0.00000, 1.00000, 0.00000, 0.00000, -1.00000, -0.00000, 0.00000, 0.00000, 0.00000, 0.00000, 1.00000, 0.00000, 11.06000, 11.64000, 0.00000, 1.00000, align = { 0.00000, -0.60000 }, },
				{ -0.00000, 1.00000, 0.00000, 0.00000, -1.00000, -0.00000, 0.00000, 0.00000, 0.00000, 0.00000, 1.00000, 0.00000, 11.06000, 14.64000, 0.00000, 1.00000, align = { 0.00000, -0.60000 }, },
			},
			["asset/commercial/era_c/com_2_to_4_wall_awning_02_start_02.mdl"] = {
				{ -1.07000, -0.00000, -0.00000, 0.00000, -0.00000, -1.07000, 0.00000, 0.00000, -0.00000, 0.00000, 1.07000, 0.00000, 8.90000, 26.59000, 0.00000, 1.00000, align = { 0.00000, -0.60000 }, },
				{ -1.02720, -0.00000, -0.00000, 0.00000, -0.00000, -1.02720, 0.00000, 0.00000, -0.00000, 0.00000, 1.02720, 0.00000, 2.16000, 26.59000, 0.00000, 1.00000, align = { 0.00000, -0.60000 }, },
				{ 1.07000, -0.00000, 0.00000, 0.00000, 0.00000, 1.07000, 0.00000, 0.00000, -0.00000, -0.00000, 1.07000, 0.00000, -0.72000, 26.59000, 0.00000, 1.00000, align = { 0.00000, -0.60000 }, },
				{ -0.00000, 1.00000, 0.00000, 0.00000, -1.00000, -0.00000, 0.00000, 0.00000, 0.00000, 0.00000, 1.00000, 0.00000, 11.06000, 8.64000, 0.00000, 1.00000, align = { 0.00000, -0.60000 }, },
			},
			["asset/commercial/era_c/com_2_to_4_wall_sign_05.mdl"] = {
				{ 1.03283, 0.23845, 0.00000, 0.00000, -0.23845, 1.03283, 0.00000, 0.00000, 0.00000, 0.00000, 1.06000, 0.00000, 5.02450, 5.35167, 0.46772, 1.00000, align = { 0.00000, -0.60000 }, },
				{ 1.06000, 0.00000, 0.00000, 0.00000, 0.00000, 1.06000, 0.00000, 0.00000, 0.00000, 0.00000, 1.06000, 0.00000, 9.22317, 5.86500, 0.46772, 1.00000, align = { 0.00000, -0.60000 }, },
				{ -0.00000, 1.06000, 0.00000, 0.00000, -1.06000, -0.00000, 0.00000, 0.00000, 0.00000, 0.00000, 1.06000, 0.00000, 11.09317, 9.18500, 0.46772, 1.00000, align = { 0.00000, -0.60000 }, },
				{ -0.00000, 1.06000, 0.00000, 0.00000, -1.06000, -0.00000, 0.00000, 0.00000, 0.00000, 0.00000, 1.06000, 0.00000, 11.09317, 14.13500, 0.46772, 1.00000, align = { 0.00000, -0.60000 }, },
				{ -1.06000, -0.00000, 0.00000, 0.00000, 0.00000, -1.06000, 0.00000, 0.00000, 0.00000, 0.00000, 1.06000, 0.00000, 8.66317, 22.40500, 0.46772, 1.00000, align = { 0.00000, -0.60000 }, },
				{ -1.06000, -0.00000, 0.00000, 0.00000, 0.00000, -1.06000, 0.00000, 0.00000, 0.00000, 0.00000, 1.06000, 0.00000, 4.50317, 21.77500, 0.46772, 1.00000, align = { 0.00000, -0.60000 }, },
				{ -1.06000, -0.00000, 0.00000, 0.00000, 0.00000, -1.06000, 0.00000, 0.00000, 0.00000, 0.00000, 1.06000, 0.00000, 0.77317, 22.40500, 0.46772, 1.00000, align = { 0.00000, -0.60000 }, },
				{ -1.06000, -0.00000, 0.00000, 0.00000, 0.00000, -1.06000, 0.00000, 0.00000, 0.00000, 0.00000, 1.06000, 0.00000, -2.49683, 22.40500, 0.46772, 1.00000, align = { 0.00000, -0.60000 }, },
			},
			["asset/commercial/era_c/com_2_to_4_wall_store_sign_02_02.mdl"] = {
				{ 1.01875, 0.25400, 0.00000, 0.00000, -0.25400, 1.01875, 0.00000, 0.00000, 0.00000, 0.00000, 1.04994, 0.00000, 1.78653, 3.54678, 4.29628, 1.00000, align = { 0.00000, -0.60000 }, },
				{ -1.02209, -0.00000, -0.00000, 0.00000, 0.00000, -1.02209, 0.00000, 0.00000, -0.00000, 0.00000, 1.02209, 0.00000, 2.00000, 22.34000, 4.45628, 1.00000, align = { 0.00000, -0.60000 }, },
				{ -1.02209, -0.00000, -0.00000, 0.00000, 0.00000, -1.02209, 0.00000, 0.00000, -0.00000, 0.00000, 1.02209, 0.00000, -10.45000, 22.34000, 4.45628, 1.00000, align = { 0.00000, -0.60000 }, },
				{ 0.46533, 0.11775, 0.00000, 0.00000, -0.11775, 0.46533, 0.00000, 0.00000, 0.00000, 0.00000, 0.48000, 0.00000, -7.17619, 0.88093, 0.97920, 1.00000, align = { -7.19738, 0.96469 }, },
				{ 0.46533, 0.11775, 0.00000, 0.00000, -0.11775, 0.46533, 0.00000, 0.00000, 0.00000, 0.00000, 0.48000, 0.00000, -0.88448, 2.47297, 0.97920, 1.00000, align = { -0.90568, 2.55673 }, },
			},
			["asset/commercial/era_c/com_pillar.mdl"] = {
				{ 0.46533, 0.11775, 0.00000, 0.00000, -0.11775, 0.46533, 0.00000, 0.00000, 0.00000, 0.00000, 0.48000, 0.00000, -7.19738, 0.96469, 0.00000, 1.00000, align = { -7.19738, 0.96469 }, },
				{ 0.46533, 0.11775, 0.00000, 0.00000, -0.11775, 0.46533, 0.00000, 0.00000, 0.00000, 0.00000, 0.48000, 0.00000, -0.90568, 2.55673, 0.00000, 1.00000, align = { -0.90568, 2.55673 }, },
			},
			["asset/ground/garden_bench_ratan_01_end.mdl"] = {
				{ 0.98629, 0.16505, 0.00000, 0.00000, -0.16505, 0.98629, 0.00000, 0.00000, 0.00000, 0.00000, 1.00000, 0.00000, -2.10795, 9.61972, 15.88342, 1.00000, align = { 0.00000, -0.60000 }, },
				{ 0.98629, 0.16505, 0.00000, 0.00000, -0.16505, 0.98629, 0.00000, 0.00000, 0.00000, 0.00000, 1.00000, 0.00000, -5.16113, 9.07096, 15.88342, 1.00000, align = { 0.00000, -0.60000 }, },
			},
			["asset/ground/garden_bench_ratan_01_repeat.mdl"] = {
				{ 0.98629, 0.16505, 0.00000, 0.00000, -0.16505, 0.98629, 0.00000, 0.00000, 0.00000, 0.00000, 1.00000, 0.00000, -2.49754, 9.55453, 15.88342, 1.00000, align = { 0.00000, -0.60000 }, },
				{ 0.98629, 0.16505, 0.00000, 0.00000, -0.16505, 0.98629, 0.00000, 0.00000, 0.00000, 0.00000, 1.00000, 0.00000, -5.55071, 9.00577, 15.88342, 1.00000, align = { 0.00000, -0.60000 }, },
			},
			["asset/ground/garden_bench_ratan_01_start.mdl"] = {
				{ 0.98629, 0.16505, 0.00000, 0.00000, -0.16505, 0.98629, 0.00000, 0.00000, 0.00000, 0.00000, 1.00000, 0.00000, -5.94293, 8.94013, 15.88342, 1.00000, align = { 0.00000, -0.60000 }, },
				{ 0.98629, 0.16505, 0.00000, 0.00000, -0.16505, 0.98629, 0.00000, 0.00000, 0.00000, 0.00000, 1.00000, 0.00000, -2.88975, 9.48889, 15.88342, 1.00000, align = { 0.00000, -0.60000 }, },
			},
			["asset/ground/garden_bench_wood_01.mdl"] = {
				{ 0.00000, -1.00000, 0.00000, 0.00000, 1.00000, 0.00000, 0.00000, 0.00000, 0.00000, 0.00000, 1.00000, 0.00000, -11.62667, 6.10327, 0.00000, 1.00000, },
				{ 0.00000, -1.00000, 0.00000, 0.00000, 1.00000, 0.00000, 0.00000, 0.00000, 0.00000, 0.00000, 1.00000, 0.00000, -11.62667, 9.51327, 0.00000, 1.00000, },
				{ 0.00000, -1.00000, 0.00000, 0.00000, 1.00000, 0.00000, 0.00000, 0.00000, 0.00000, 0.00000, 1.00000, 0.00000, -11.62667, 2.62327, 0.00000, 1.00000, },
				{ 1.00000, 0.00000, 0.00000, 0.00000, -0.00000, 1.00000, 0.00000, 0.00000, 0.00000, 0.00000, 1.00000, 0.00000, -13.92667, 10.29327, 0.00000, 1.00000, },
			},
			["asset/ground/garden_chair_metal_01.mdl"] = {
				{ -0.00000, 1.00000, 0.00000, 0.00000, -1.00000, -0.00000, 0.00000, 0.00000, 0.00000, 0.00000, 1.00000, 0.00000, -9.47178, 3.07500, 13.08500, 1.00000, align = { 0.00000, -0.60000 }, },
				{ -0.25545, -0.96682, 0.00000, 0.00000, 0.96682, -0.25545, 0.00000, 0.00000, 0.00000, 0.00000, 1.00000, 0.00000, -7.86000, 2.92500, 13.08500, 1.00000, align = { 0.00000, -0.60000 }, },
				{ -0.15134, 0.98848, 0.00000, 0.00000, -0.98848, -0.15134, 0.00000, 0.00000, 0.00000, 0.00000, 1.00000, 0.00000, -6.53774, 3.38746, 13.08500, 1.00000, align = { 0.00000, -0.60000 }, },
				{ -0.84551, -0.53396, -0.00000, 0.00000, 0.53396, -0.84551, 0.00000, 0.00000, -0.00000, 0.00000, 1.00000, 0.00000, -5.47975, 2.76753, 13.08500, 1.00000, align = { 0.00000, -0.60000 }, },
				{ 0.94777, 0.31896, 0.00000, 0.00000, -0.31896, 0.94777, 0.00000, 0.00000, 0.00000, 0.00000, 1.00000, 0.00000, -6.01400, 4.35504, 13.08500, 1.00000, align = { 0.00000, -0.60000 }, },
				{ 0.31896, -0.94777, 0.00000, 0.00000, 0.94777, 0.31896, 0.00000, 0.00000, 0.00000, 0.00000, 1.00000, 0.00000, -5.06396, 3.88344, 13.08500, 1.00000, align = { 0.00000, -0.60000 }, },
				{ -0.00000, 1.00000, 0.00000, 0.00000, -1.00000, -0.00000, 0.00000, 0.00000, 0.00000, 0.00000, 1.00000, 0.00000, -3.72563, 4.39500, 13.08500, 1.00000, align = { 0.00000, -0.60000 }, },
				{ -1.00000, -0.00000, -0.00000, 0.00000, -0.00000, -1.00000, 0.00000, 0.00000, -0.00000, 0.00000, 1.00000, 0.00000, -2.87000, 3.52437, 13.08500, 1.00000, align = { 0.00000, -0.60000 }, },
				{ 1.00000, 0.00000, 0.00000, 0.00000, 0.00000, 1.00000, 0.00000, 0.00000, 0.00000, 0.00000, 1.00000, 0.00000, -2.87000, 5.14500, 13.08500, 1.00000, align = { 0.00000, -0.60000 }, },
				{ -0.34480, -0.93868, 0.00000, 0.00000, 0.93868, -0.34480, 0.00000, 0.00000, 0.00000, 0.00000, 1.00000, 0.00000, -2.12000, 4.39500, 13.08500, 1.00000, align = { 0.00000, -0.60000 }, },
				{ 0.16179, 0.98682, 0.00000, 0.00000, -0.98682, 0.16179, 0.00000, 0.00000, 0.00000, -0.00000, 1.00000, 0.00000, -0.57500, 5.04500, 13.08500, 1.00000, align = { 0.00000, -0.60000 }, },
				{ -1.00000, -0.00000, -0.00000, 0.00000, -0.00000, -1.00000, 0.00000, 0.00000, -0.00000, 0.00000, 1.00000, 0.00000, 0.23000, 4.19850, 13.08500, 1.00000, align = { 0.00000, -0.60000 }, },
				{ 1.00000, 0.00000, 0.00000, 0.00000, 0.00000, 1.00000, 0.00000, 0.00000, 0.00000, 0.00000, 1.00000, 0.00000, 0.23000, 5.79500, 13.08500, 1.00000, align = { 0.00000, -0.60000 }, },
				{ -0.00000, -1.00000, 0.00000, 0.00000, 1.00000, -0.00000, 0.00000, 0.00000, 0.00000, 0.00000, 1.00000, 0.00000, 0.98000, 5.04500, 13.08500, 1.00000, align = { 0.00000, -0.60000 }, },
				{ -0.00000, 1.00000, 0.00000, 0.00000, -1.00000, -0.00000, 0.00000, 0.00000, 0.00000, 0.00000, 1.00000, 0.00000, 5.67500, 19.99500, 10.27500, 1.00000, align = { 0.00000, -0.60000 }, },
				{ -1.00000, -0.00000, -0.00000, 0.00000, -0.00000, -1.00000, 0.00000, 0.00000, -0.00000, 0.00000, 1.00000, 0.00000, 6.48000, 19.20572, 10.27500, 1.00000, align = { 0.00000, -0.60000 }, },
				{ 1.00000, 0.00000, 0.00000, 0.00000, 0.00000, 1.00000, 0.00000, 0.00000, 0.00000, 0.00000, 1.00000, 0.00000, 6.48000, 20.74500, 10.27500, 1.00000, align = { 0.00000, -0.60000 }, },
				{ -0.00000, -1.00000, 0.00000, 0.00000, 1.00000, -0.00000, 0.00000, 0.00000, 0.00000, 0.00000, 1.00000, 0.00000, 7.23000, 19.99500, 10.27500, 1.00000, align = { 0.00000, -0.60000 }, },
				{ -0.00000, 1.00000, 0.00000, 0.00000, -1.00000, -0.00000, 0.00000, 0.00000, 0.00000, 0.00000, 1.00000, 0.00000, 3.12500, 19.99500, 10.27500, 1.00000, align = { 0.00000, -0.60000 }, },
				{ -1.00000, -0.00000, -0.00000, 0.00000, -0.00000, -1.00000, 0.00000, 0.00000, -0.00000, 0.00000, 1.00000, 0.00000, 3.93000, 19.20572, 10.27500, 1.00000, align = { 0.00000, -0.60000 }, },
				{ 1.00000, 0.00000, 0.00000, 0.00000, 0.00000, 1.00000, 0.00000, 0.00000, 0.00000, 0.00000, 1.00000, 0.00000, 3.93000, 20.74500, 10.27500, 1.00000, align = { 0.00000, -0.60000 }, },
				{ -0.00000, -1.00000, 0.00000, 0.00000, 1.00000, -0.00000, 0.00000, 0.00000, 0.00000, 0.00000, 1.00000, 0.00000, 4.68000, 19.99500, 10.27500, 1.00000, align = { 0.00000, -0.60000 }, },
				{ -0.00000, 1.00000, 0.00000, 0.00000, -1.00000, -0.00000, 0.00000, 0.00000, 0.00000, 0.00000, 1.00000, 0.00000, 5.71715, 16.85500, 10.27500, 1.00000, align = { 0.00000, -0.60000 }, },
				{ -0.98853, -0.15099, -0.00000, 0.00000, 0.15099, -0.98853, 0.00000, 0.00000, -0.00000, 0.00000, 1.00000, 0.00000, 6.65000, 15.93000, 10.27500, 1.00000, align = { 0.00000, -0.60000 }, },
				{ 1.00000, 0.00000, 0.00000, 0.00000, 0.00000, 1.00000, 0.00000, 0.00000, 0.00000, 0.00000, 1.00000, 0.00000, 6.65000, 17.60500, 10.27500, 1.00000, align = { 0.00000, -0.60000 }, },
				{ -0.22801, -0.97366, 0.00000, 0.00000, 0.97366, -0.22801, 0.00000, 0.00000, 0.00000, 0.00000, 1.00000, 0.00000, 7.40000, 16.85500, 10.27500, 1.00000, align = { 0.00000, -0.60000 }, },
				{ -0.00000, 1.00000, 0.00000, 0.00000, -1.00000, -0.00000, 0.00000, 0.00000, 0.00000, 0.00000, 1.00000, 0.00000, 3.16715, 16.85500, 10.27500, 1.00000, align = { 0.00000, -0.60000 }, },
				{ -0.98853, -0.15099, -0.00000, 0.00000, 0.15099, -0.98853, 0.00000, 0.00000, -0.00000, 0.00000, 1.00000, 0.00000, 4.10000, 15.93000, 10.27500, 1.00000, align = { 0.00000, -0.60000 }, },
				{ 1.00000, 0.00000, 0.00000, 0.00000, 0.00000, 1.00000, 0.00000, 0.00000, 0.00000, 0.00000, 1.00000, 0.00000, 4.10000, 17.60500, 10.27500, 1.00000, align = { 0.00000, -0.60000 }, },
				{ -0.22801, -0.97366, 0.00000, 0.00000, 0.97366, -0.22801, 0.00000, 0.00000, 0.00000, 0.00000, 1.00000, 0.00000, 4.85000, 16.85500, 10.27500, 1.00000, align = { 0.00000, -0.60000 }, },
				{ 0.22532, 0.97429, 0.00000, 0.00000, -0.97429, 0.22532, 0.00000, 0.00000, 0.00000, -0.00000, 1.00000, 0.00000, 5.77500, 13.69500, 10.27500, 1.00000, align = { 0.00000, -0.60000 }, },
				{ -1.00000, -0.00000, -0.00000, 0.00000, -0.00000, -1.00000, 0.00000, 0.00000, -0.00000, 0.00000, 1.00000, 0.00000, 6.58000, 12.80840, 10.27500, 1.00000, align = { 0.00000, -0.60000 }, },
				{ 1.00000, 0.00000, 0.00000, 0.00000, 0.00000, 1.00000, 0.00000, 0.00000, 0.00000, 0.00000, 1.00000, 0.00000, 6.58000, 14.44500, 10.27500, 1.00000, align = { 0.00000, -0.60000 }, },
				{ -0.00000, -1.00000, 0.00000, 0.00000, 1.00000, -0.00000, 0.00000, 0.00000, 0.00000, 0.00000, 1.00000, 0.00000, 7.33000, 13.69500, 10.27500, 1.00000, align = { 0.00000, -0.60000 }, },
				{ 0.22532, 0.97429, 0.00000, 0.00000, -0.97429, 0.22532, 0.00000, 0.00000, 0.00000, -0.00000, 1.00000, 0.00000, 3.22500, 13.69500, 10.27500, 1.00000, align = { 0.00000, -0.60000 }, },
				{ -1.00000, -0.00000, -0.00000, 0.00000, -0.00000, -1.00000, 0.00000, 0.00000, -0.00000, 0.00000, 1.00000, 0.00000, 4.03000, 12.80840, 10.27500, 1.00000, align = { 0.00000, -0.60000 }, },
				{ 1.00000, 0.00000, 0.00000, 0.00000, 0.00000, 1.00000, 0.00000, 0.00000, 0.00000, 0.00000, 1.00000, 0.00000, 4.03000, 14.44500, 10.27500, 1.00000, align = { 0.00000, -0.60000 }, },
				{ -0.00000, -1.00000, 0.00000, 0.00000, 1.00000, -0.00000, 0.00000, 0.00000, 0.00000, 0.00000, 1.00000, 0.00000, 4.78000, 13.69500, 10.27500, 1.00000, align = { 0.00000, -0.60000 }, },
				{ -0.00000, 1.00000, 0.00000, 0.00000, -1.00000, -0.00000, 0.00000, 0.00000, 0.00000, 0.00000, 1.00000, 0.00000, 5.79073, 10.59500, 10.27500, 1.00000, align = { 0.00000, -0.60000 }, },
				{ -0.98613, -0.16599, -0.00000, 0.00000, 0.16599, -0.98613, 0.00000, 0.00000, -0.00000, 0.00000, 1.00000, 0.00000, 6.63000, 9.67000, 10.27500, 1.00000, align = { 0.00000, -0.60000 }, },
				{ 1.00000, 0.00000, 0.00000, 0.00000, 0.00000, 1.00000, 0.00000, 0.00000, 0.00000, 0.00000, 1.00000, 0.00000, 6.63000, 11.34500, 10.27500, 1.00000, align = { 0.00000, -0.60000 }, },
				{ -0.00000, -1.00000, 0.00000, 0.00000, 1.00000, -0.00000, 0.00000, 0.00000, 0.00000, 0.00000, 1.00000, 0.00000, 7.38000, 10.59500, 10.27500, 1.00000, align = { 0.00000, -0.60000 }, },
				{ -0.06627, 0.99780, 0.00000, 0.00000, -0.99780, -0.06627, 0.00000, 0.00000, 0.00000, 0.00000, 1.00000, 0.00000, 5.85754, 7.29689, 10.27500, 1.00000, align = { 0.00000, -0.60000 }, },
				{ -0.93849, -0.34530, -0.00000, 0.00000, 0.34530, -0.93849, 0.00000, 0.00000, -0.00000, 0.00000, 1.00000, 0.00000, 6.89790, 6.80059, 10.27500, 1.00000, align = { 0.00000, -0.60000 }, },
				{ 0.93849, 0.34530, 0.00000, 0.00000, -0.34530, 0.93849, 0.00000, 0.00000, 0.00000, 0.00000, 1.00000, 0.00000, 6.40585, 8.13795, 10.27500, 1.00000, align = { 0.00000, -0.60000 }, },
				{ 0.44151, -0.89726, 0.00000, 0.00000, 0.89726, 0.44151, 0.00000, 0.00000, 0.00000, 0.00000, 1.00000, 0.00000, 7.36869, 7.69305, 10.27500, 1.00000, align = { 0.00000, -0.60000 }, },
				{ -0.99987, 0.01587, 0.00000, 0.00000, -0.01587, -0.99987, 0.00000, 0.00000, 0.00000, 0.00000, 1.00000, 0.00000, 4.93823, 24.45616, -0.00000, 1.00000, },
				{ -0.99901, 0.04451, 0.00000, 0.00000, -0.04451, -0.99901, 0.00000, 0.00000, 0.00000, 0.00000, 1.00000, 0.00000, 3.57823, 23.77616, -0.00000, 1.00000, },
				{ -0.99994, -0.01133, 0.00000, 0.00000, 0.01133, -0.99994, 0.00000, 0.00000, 0.00000, 0.00000, 1.00000, 0.00000, 2.35823, 23.77616, 0.00000, 1.00000, },
				{ -0.98741, 0.15821, 0.00000, 0.00000, -0.15821, -0.98741, 0.00000, 0.00000, 0.00000, 0.00000, 1.00000, 0.00000, 3.57823, 24.45616, 0.00000, 1.00000, },
				{ -0.99962, 0.02758, 0.00000, 0.00000, -0.02758, -0.99962, 0.00000, 0.00000, 0.00000, 0.00000, 1.00000, 0.00000, 4.25823, 23.77616, -0.00000, 1.00000, },
				{ -0.99408, 0.10862, 0.00000, 0.00000, -0.10862, -0.99408, 0.00000, 0.00000, 0.00000, 0.00000, 1.00000, 0.00000, 4.25823, 24.45616, -0.00000, 1.00000, },
				{ -0.99963, 0.02736, 0.00000, 0.00000, -0.02736, -0.99963, 0.00000, 0.00000, 0.00000, 0.00000, 1.00000, 0.00000, 4.25823, 25.13616, 0.00000, 1.00000, },
				{ -0.99314, 0.11696, 0.00000, 0.00000, -0.11696, -0.99314, 0.00000, 0.00000, 0.00000, 0.00000, 1.00000, 0.00000, 4.93823, 23.77616, -0.00000, 1.00000, },
				{ -0.99438, 0.10589, 0.00000, 0.00000, -0.10589, -0.99438, 0.00000, 0.00000, 0.00000, 0.00000, 1.00000, 0.00000, 3.57823, 25.13616, 0.00000, 1.00000, },
				{ -0.99922, 0.03953, 0.00000, 0.00000, -0.03953, -0.99922, 0.00000, 0.00000, 0.00000, 0.00000, 1.00000, 0.00000, 5.59823, 23.77616, -0.00000, 1.00000, },
				{ -0.98967, 0.14336, 0.00000, 0.00000, -0.14336, -0.98967, 0.00000, 0.00000, 0.00000, 0.00000, 1.00000, 0.00000, 5.59823, 24.45616, -0.00000, 1.00000, },
				{ -0.99437, 0.10599, 0.00000, 0.00000, -0.10599, -0.99437, 0.00000, 0.00000, 0.00000, 0.00000, 1.00000, 0.00000, 5.59823, 25.13616, -0.00000, 1.00000, },
			},
			["asset/ground/garden_chair_wood_01.mdl"] = {
				{ -0.98481, -0.17365, 0.00000, 0.00000, 0.17365, -0.98481, 0.00000, 0.00000, 0.00000, 0.00000, 1.00000, 0.00000, 10.11000, 19.20000, 7.48744, 1.00000, align = { 0.00000, -0.60000 }, },
				{ 1.00000, 0.00000, 0.00000, 0.00000, 0.00000, 1.00000, 0.00000, 0.00000, 0.00000, 0.00000, 1.00000, 0.00000, 10.11000, 9.31000, 7.48744, 1.00000, align = { 0.00000, -0.60000 }, },
				{ 0.98481, 0.17365, 0.00000, 0.00000, -0.17365, 0.98481, 0.00000, 0.00000, 0.00000, 0.00000, 1.00000, 0.00000, 10.11000, 14.29000, 7.48744, 1.00000, align = { 0.00000, -0.60000 }, },
				{ 1.00000, 0.00000, 0.00000, 0.00000, 0.00000, 1.00000, 0.00000, 0.00000, 0.00000, 0.00000, 1.00000, 0.00000, 10.11000, 17.59000, 7.48744, 1.00000, align = { 0.00000, -0.60000 }, },
				{ 1.00000, 0.00000, 0.00000, 0.00000, 0.00000, 1.00000, 0.00000, 0.00000, 0.00000, 0.00000, 1.00000, 0.00000, 10.11000, 20.79000, 7.48744, 1.00000, align = { 0.00000, -0.60000 }, },
				{ -1.00000, 0.00000, 0.00000, 0.00000, -0.00000, -1.00000, 0.00000, 0.00000, 0.00000, 0.00000, 1.00000, 0.00000, 10.11000, 7.72000, 7.48744, 1.00000, align = { 0.00000, -0.60000 }, },
				{ -0.97630, 0.21644, 0.00000, 0.00000, -0.21644, -0.97630, 0.00000, 0.00000, 0.00000, 0.00000, 1.00000, 0.00000, 10.11000, 12.70000, 7.48744, 1.00000, align = { 0.00000, -0.60000 }, },
				{ -1.00000, 0.00000, 0.00000, 0.00000, -0.00000, -1.00000, 0.00000, 0.00000, 0.00000, 0.00000, 1.00000, 0.00000, 10.11000, 16.00000, 7.48744, 1.00000, align = { 0.00000, -0.60000 }, },
				{ -1.00000, 0.00000, 0.00000, 0.00000, -0.00000, -1.00000, 0.00000, 0.00000, 0.00000, 0.00000, 1.00000, 0.00000, -0.61177, 23.86119, 0.00000, 1.00000, },
				{ -0.91212, -0.40992, 0.00000, 0.00000, 0.40992, -0.91212, 0.00000, 0.00000, 0.00000, 0.00000, 1.00000, 0.00000, -1.89177, 23.86119, 0.00000, 1.00000, },
				{ -0.99756, -0.06976, 0.00000, 0.00000, 0.06976, -0.99756, 0.00000, 0.00000, 0.00000, 0.00000, 1.00000, 0.00000, 0.47824, 23.86119, 0.00000, 1.00000, },
				{ -0.99940, 0.03467, 0.00000, 0.00000, -0.03467, -0.99940, 0.00000, 0.00000, 0.00000, 0.00000, 1.00000, 0.00000, 0.47824, 24.56159, 0.00000, 1.00000, },
				{ -0.99891, 0.04668, 0.00000, 0.00000, -0.04668, -0.99891, 0.00000, 0.00000, 0.00000, 0.00000, 1.00000, 0.00000, -0.06677, 24.56159, 0.00000, 1.00000, },
				{ -0.99756, -0.06976, 0.00000, 0.00000, 0.06976, -0.99756, 0.00000, 0.00000, 0.00000, 0.00000, 1.00000, 0.00000, -0.61175, 24.56159, 0.00000, 1.00000, },
				{ -0.99756, -0.06976, 0.00000, 0.00000, 0.06976, -0.99756, 0.00000, 0.00000, 0.00000, 0.00000, 1.00000, 0.00000, -0.06677, 25.26199, 0.00000, 1.00000, },
				{ -0.99996, -0.00863, 0.00000, 0.00000, 0.00863, -0.99996, 0.00000, 0.00000, 0.00000, 0.00000, 1.00000, 0.00000, 1.02323, 23.86119, 0.00000, 1.00000, },
				{ -0.99996, 0.00867, 0.00000, 0.00000, -0.00867, -0.99996, 0.00000, 0.00000, 0.00000, 0.00000, 1.00000, 0.00000, 1.02323, 25.26199, 0.00000, 1.00000, },
				{ -0.99756, -0.06976, 0.00000, 0.00000, 0.06976, -0.99756, 0.00000, 0.00000, 0.00000, 0.00000, 1.00000, 0.00000, -0.61175, 25.26199, 0.00000, 1.00000, },
				{ -0.99756, -0.06976, 0.00000, 0.00000, 0.06976, -0.99756, 0.00000, 0.00000, 0.00000, 0.00000, 1.00000, 0.00000, 1.02323, 24.56159, 0.00000, 1.00000, },
				{ -0.99756, -0.06976, 0.00000, 0.00000, 0.06976, -0.99756, 0.00000, 0.00000, 0.00000, 0.00000, 1.00000, 0.00000, -0.06677, 23.86119, 0.00000, 1.00000, },
			},
			["asset/ground/garden_sunshade_small_01.mdl"] = {
				{ 0.83485, -0.55048, 0.00000, 0.00000, 0.55048, 0.83485, 0.00000, 0.00000, 0.00000, 0.00000, 1.00000, 0.00000, -8.61000, 2.91000, 13.08500, 1.00000, align = { 0.00000, -0.60000 }, },
				{ 0.35837, 0.93358, 0.00000, 0.00000, -0.93358, 0.35837, 0.00000, 0.00000, 0.00000, 0.00000, 1.00000, 0.00000, -5.77000, 3.63000, 13.08500, 1.00000, align = { 0.00000, -0.60000 }, },
				{ 0.49009, 0.87167, 0.00000, 0.00000, -0.87167, 0.49009, 0.00000, 0.00000, 0.00000, 0.00000, 1.00000, 0.00000, -2.87000, 4.38000, 13.08500, 1.00000, align = { 0.00000, -0.60000 }, },
				{ -0.71499, -0.69914, 0.00000, 0.00000, 0.69914, -0.71499, 0.00000, 0.00000, 0.00000, 0.00000, 1.00000, 0.00000, 0.23000, 5.03000, 13.08500, 1.00000, align = { 0.00000, -0.60000 }, },
				{ -0.11292, 0.99360, 0.00000, 0.00000, -0.99360, -0.11292, 0.00000, 0.00000, 0.00000, 0.00000, 1.00000, 0.00000, 6.48000, 19.98000, 10.27500, 1.00000, align = { 0.00000, -0.60000 }, },
				{ 0.96895, -0.24727, 0.00000, 0.00000, 0.24727, 0.96895, 0.00000, 0.00000, 0.00000, 0.00000, 1.00000, 0.00000, 3.93000, 19.98000, 10.27500, 1.00000, align = { 0.00000, -0.60000 }, },
				{ -0.99263, 0.12118, 0.00000, 0.00000, -0.12118, -0.99263, 0.00000, 0.00000, 0.00000, 0.00000, 1.00000, 0.00000, 6.65000, 16.84000, 10.27500, 1.00000, align = { 0.00000, -0.60000 }, },
				{ 0.31962, -0.94755, 0.00000, 0.00000, 0.94755, 0.31962, 0.00000, 0.00000, 0.00000, 0.00000, 1.00000, 0.00000, 4.10000, 16.84000, 10.27500, 1.00000, align = { 0.00000, -0.60000 }, },
				{ -0.21408, 0.97682, 0.00000, 0.00000, -0.97682, -0.21408, 0.00000, 0.00000, 0.00000, 0.00000, 1.00000, 0.00000, 6.58000, 13.68000, 10.27500, 1.00000, align = { 0.00000, -0.60000 }, },
				{ 0.99752, -0.07042, 0.00000, 0.00000, 0.07042, 0.99752, 0.00000, 0.00000, 0.00000, 0.00000, 1.00000, 0.00000, 4.03000, 13.68000, 10.27500, 1.00000, align = { 0.00000, -0.60000 }, },
				{ 0.85092, -0.52530, 0.00000, 0.00000, 0.52530, 0.85092, 0.00000, 0.00000, 0.00000, 0.00000, 1.00000, 0.00000, 6.63000, 10.58000, 10.27500, 1.00000, align = { 0.00000, -0.60000 }, },
				{ -0.62273, 0.78244, 0.00000, 0.00000, -0.78244, -0.62273, 0.00000, 0.00000, 0.00000, 0.00000, 1.00000, 0.00000, 6.67000, 7.42000, 10.27500, 1.00000, align = { 0.00000, -0.60000 }, },
			},
			["asset/ground/garden_table_metal_01.mdl"] = {
				{ -0.00000, -1.00000, -0.00000, 0.00000, 1.00000, -0.00000, 0.00000, 0.00000, -0.00000, 0.00000, 1.00000, 0.00000, 7.45000, 28.40000, 0.00000, 1.00000, },
			},
			["asset/ground/garden_table_round_metal_01.mdl"] = {
				{ 1.00000, 0.00000, 0.00000, 0.00000, 0.00000, 1.00000, 0.00000, 0.00000, 0.00000, 0.00000, 1.00000, 0.00000, -8.61000, 2.91000, 13.08500, 1.00000, align = { 0.00000, -0.60000 }, },
				{ 0.94777, 0.31896, 0.00000, 0.00000, -0.31896, 0.94777, 0.00000, 0.00000, 0.00000, 0.00000, 1.00000, 0.00000, -5.77000, 3.63000, 13.08500, 1.00000, align = { 0.00000, -0.60000 }, },
				{ 1.00000, 0.00000, 0.00000, 0.00000, 0.00000, 1.00000, 0.00000, 0.00000, 0.00000, 0.00000, 1.00000, 0.00000, -2.87000, 4.38000, 13.08500, 1.00000, align = { 0.00000, -0.60000 }, },
				{ 1.00000, 0.00000, 0.00000, 0.00000, 0.00000, 1.00000, 0.00000, 0.00000, 0.00000, 0.00000, 1.00000, 0.00000, 0.23000, 5.03000, 13.08500, 1.00000, align = { 0.00000, -0.60000 }, },
				{ 1.00000, 0.00000, 0.00000, 0.00000, 0.00000, 1.00000, 0.00000, 0.00000, 0.00000, 0.00000, 1.00000, 0.00000, 6.48000, 19.98000, 10.27500, 1.00000, align = { 0.00000, -0.60000 }, },
				{ 1.00000, 0.00000, 0.00000, 0.00000, 0.00000, 1.00000, 0.00000, 0.00000, 0.00000, 0.00000, 1.00000, 0.00000, 3.93000, 19.98000, 10.27500, 1.00000, align = { 0.00000, -0.60000 }, },
				{ 1.00000, 0.00000, 0.00000, 0.00000, 0.00000, 1.00000, 0.00000, 0.00000, 0.00000, 0.00000, 1.00000, 0.00000, 6.65000, 16.84000, 10.27500, 1.00000, align = { 0.00000, -0.60000 }, },
				{ 1.00000, 0.00000, 0.00000, 0.00000, 0.00000, 1.00000, 0.00000, 0.00000, 0.00000, 0.00000, 1.00000, 0.00000, 4.10000, 16.84000, 10.27500, 1.00000, align = { 0.00000, -0.60000 }, },
				{ 1.00000, 0.00000, 0.00000, 0.00000, 0.00000, 1.00000, 0.00000, 0.00000, 0.00000, 0.00000, 1.00000, 0.00000, 6.58000, 13.68000, 10.27500, 1.00000, align = { 0.00000, -0.60000 }, },
				{ 1.00000, 0.00000, 0.00000, 0.00000, 0.00000, 1.00000, 0.00000, 0.00000, 0.00000, 0.00000, 1.00000, 0.00000, 4.03000, 13.68000, 10.27500, 1.00000, align = { 0.00000, -0.60000 }, },
				{ 1.00000, 0.00000, 0.00000, 0.00000, 0.00000, 1.00000, 0.00000, 0.00000, 0.00000, 0.00000, 1.00000, 0.00000, 6.63000, 10.58000, 10.27500, 1.00000, align = { 0.00000, -0.60000 }, },
				{ 0.93849, 0.34530, 0.00000, 0.00000, -0.34530, 0.93849, 0.00000, 0.00000, 0.00000, 0.00000, 1.00000, 0.00000, 6.67000, 7.42000, 10.27500, 1.00000, align = { 0.00000, -0.60000 }, },
				{ 1.00000, 0.00000, 0.00000, 0.00000, 0.00000, 1.00000, 0.00000, 0.00000, 0.00000, 0.00000, 1.00000, 0.00000, 0.75000, 28.99000, 0.00000, 1.00000, },
			},
			["asset/ground/garden_table_round_wood_01.mdl"] = {
				{ 1.00000, 0.00000, 0.00000, 0.00000, 0.00000, 1.00000, 0.00000, 0.00000, 0.00000, 0.00000, 1.00000, 0.00000, 10.01000, 8.65000, 7.48744, 1.00000, align = { 0.00000, -0.60000 }, },
				{ 1.00000, 0.00000, 0.00000, 0.00000, 0.00000, 1.00000, 0.00000, 0.00000, 0.00000, 0.00000, 1.00000, 0.00000, 10.01000, 13.63000, 7.48744, 1.00000, align = { 0.00000, -0.60000 }, },
				{ 1.00000, 0.00000, 0.00000, 0.00000, 0.00000, 1.00000, 0.00000, 0.00000, 0.00000, 0.00000, 1.00000, 0.00000, 10.01000, 16.93000, 7.48744, 1.00000, align = { 0.00000, -0.60000 }, },
				{ 1.00000, 0.00000, 0.00000, 0.00000, 0.00000, 1.00000, 0.00000, 0.00000, 0.00000, 0.00000, 1.00000, 0.00000, 10.01000, 20.13000, 7.48744, 1.00000, align = { 0.00000, -0.60000 }, },
				{ 1.00000, 0.00000, 0.00000, 0.00000, 0.00000, 1.00000, 0.00000, 0.00000, 0.00000, 0.00000, 1.00000, 0.00000, 2.00000, 29.04000, 0.00000, 1.00000, },
			},
			["asset/ground/garden_table_wood_01.mdl"] = {
				{ -0.00000, -1.00000, -0.00000, 0.00000, 1.00000, -0.00000, 0.00000, 0.00000, -0.00000, 0.00000, 1.00000, 0.00000, 5.55000, 28.40000, 0.00000, 1.00000, },
			},
			["asset/ground/garden_table_wood_02.mdl"] = {
				{ 0.90631, 0.42262, 0.00000, 0.00000, -0.42262, 0.90631, 0.00000, 0.00000, 0.00000, 0.00000, 1.00000, 0.00000, -1.26000, 28.70000, 0.00000, 1.00000, },
			},
			["asset/industry/cardboard_box_01.mdl"] = {
