local townbuildingutil = require "townbuildingutil"

--Model file: "building/era_c/ind_2_1x1_03.mdl"

--Begin Generated
local generatedData = {
	["base"] = {
		models = {
			["building/era_c/ind_2_1x1_03.mdl"] = {
				{ 1.00000, 0.00000, 0.00000, 0.00000, 0.00000, 1.00000, 0.00000, 0.00000, 0.00000, 0.00000, 1.00000, 0.00000, 0.00000, 7.30000, 0.00000, 1.00000, },
			},
		},
		curves = {
			["scaffold"] = {
				{ { 0.58896, 8.32820, 0.00000 }, { 0.58896, 8.32820, 0.00000 }, { 0.58896, 9.17134, 0.00000 }, { 0.58896, 9.17134, 0.00000 }, { 0.58896, 9.17134, 0.00000 }, { 3.05657, 9.17134, 0.00000 }, { 3.05657, 9.17134, 0.00000 }, { 3.05657, 9.17134, 0.00000 }, { 3.05658, 14.38826, 0.00000 }, { 3.05658, 14.38826, 0.00000 }, { 3.05657, 14.38826, 0.00000 }, { -3.47107, 14.38826, 0.00000 }, { -3.47107, 14.38826, 0.00000 }, { -3.47107, 14.38826, 0.00000 }, { -3.47107, 8.32820, 0.00000 }, { -3.47107, 8.32820, 0.00000 }, },
			},
			["shared/asphalt_02.gtex.lua;shared/dirt.gtex.lua;shared/asphalt_03.gtex.lua"] = {
				{ { 4.00000, 0.00000, -0.00000 }, { 4.00000, 0.00000, -0.00000 }, { 4.00000, 16.00000, -0.00000 }, { 4.00000, 16.00000, -0.00000 }, { 4.00000, 16.00000, -0.00000 }, { -4.00000, 16.00000, -0.00000 }, { -4.00000, 16.00000, -0.00000 }, { -4.00000, 16.00000, -0.00000 }, { -4.00000, 0.00000, -0.00000 }, { -4.00000, 0.00000, -0.00000 }, },
			},
		},
	},
	["layout_1"] = {
		models = {
			["asset/ground/barrel_steel.mdl"] = {
				{ 0.99255, -0.12187, 0.00000, 0.00000, 0.12187, 0.99255, 0.00000, 0.00000, 0.00000, 0.00000, 1.00000, 0.00000, -3.45000, 8.51000, 0.00000, 1.00000, },
				{ 0.12187, -0.99255, 0.00000, 0.00000, 0.99255, 0.12187, 0.00000, 0.00000, 0.00000, 0.00000, 1.00000, 0.00000, 0.94000, 14.75000, 0.00000, 1.00000, },
				{ 0.12187, -0.99255, 0.00000, 0.00000, 0.99255, 0.12187, 0.00000, 0.00000, 0.00000, 0.00000, 1.00000, 0.00000, 0.02000, 14.82000, 0.00000, 1.00000, },
				{ 0.12187, -0.99255, 0.00000, 0.00000, 0.99255, 0.12187, 0.00000, 0.00000, 0.00000, 0.00000, 1.00000, 0.00000, 0.51000, 15.58000, 0.00000, 1.00000, },
				{ 0.87879, -0.14706, -0.45399, 0.00000, -0.44776, 0.07493, -0.89101, 0.00000, 0.16505, 0.98629, -0.00000, 0.00000, -3.54000, 8.98000, 0.40000, 1.00000, },
				{ -0.46555, -0.75971, -0.45399, 0.00000, 0.23721, 0.38709, -0.89101, 0.00000, 0.85264, -0.52250, -0.00000, 0.00000, 1.38000, 15.48000, 0.40000, 1.00000, },
			},
			["asset/ground/container_small_steel.mdl"] = {
				{ 0.99255, -0.12187, 0.00000, 0.00000, 0.12187, 0.99255, 0.00000, 0.00000, 0.00000, 0.00000, 1.00000, 0.00000, -0.30000, 7.52000, 0.00000, 1.00000, },
			},
		},
		groups = {
			["era_c_ind_random_decoration.grp"] = {
				{ -0.00000, 1.00000, 0.00000, 0.00000, -1.00000, -0.00000, 0.00000, 0.00000, 0.00000, 0.00000, 1.00000, 0.00000, -2.40000, 7.19000, 0.00000, 1.00000, },
				{ -0.00000, 1.00000, 0.00000, 0.00000, -1.00000, -0.00000, 0.00000, 0.00000, 0.00000, 0.00000, 1.00000, 0.00000, -2.40000, 5.08000, 0.00000, 1.00000, },
				{ 0.06976, 0.99756, 0.00000, 0.00000, -0.99756, 0.06976, 0.00000, 0.00000, 0.00000, 0.00000, 1.00000, 0.00000, -2.39000, 2.98000, 0.00000, 1.00000, },
			},
		},
	},
}
--End Generated

function data()
	return townbuildingutil.make_building2(
		{ { -4.60, -0.10 }, { 4.60, -0.10 }, { 4.60, 9.10 }, { -4.60, 9.10 } },
		"INDUSTRIAL", 
		"C", 
		2,
		{ 1, 2 },
		generatedData,
		"construction/building/era_c/ind_2_1x2_01.gtex"
	)
end
