local townbuildingutil = require "townbuildingutil"

--Model file: "building/era_c/ind_1_1x2_02.mdl"

--Begin Generated
local generatedData = {
	["base"] = {
		models = {
			["building/era_c/ind_1_1x2_02.mdl"] = {
				{ 1.00000, 0.00000, 0.00000, 0.00000, 0.00000, 1.00000, 0.00000, 0.00000, 0.00000, 0.00000, 1.00000, 0.00000, 4.30000, 0.65000, 0.00000, 1.00000, },
			},
		},
		curves = {
			["scaffold"] = {
				{ { 7.68415, 4.89475, 0.00000 }, { 7.68415, 4.89475, 0.00000 }, { 7.67744, 15.68717, 0.00000 }, { 7.67744, 15.68718, 0.00000 }, { 7.67744, 15.68718, 0.00000 }, { 0.80814, 15.69474, 0.00000 }, { 0.80814, 15.69474, 0.00000 }, { 0.80814, 15.69474, 0.00000 }, { 0.80814, 4.89475, 0.00000 }, { 0.80814, 4.89475, 0.00000 }, },
			},
			["shared/asphalt_02.gtex.lua;shared/dirt.gtex.lua;shared/asphalt_03.gtex.lua"] = {
				{ { 8.00000, 0.00000, 0.00000 }, { 8.00000, 0.00000, 0.00000 }, { 8.00000, 16.00000, 0.00000 }, { 8.00000, 16.00000, 0.00000 }, { 8.00000, 16.00000, 0.00000 }, { -8.00000, 16.00000, 0.00000 }, { -8.00000, 16.00000, 0.00000 }, { -8.00000, 16.00000, 0.00000 }, { -8.00000, 0.00000, 0.00000 }, { -8.00000, 0.00000, 0.00000 }, },
			},
		},
	},
	["layout_1"] = {
		models = {
			["asset/ground/barrel_steel.mdl"] = {
				{ 0.67507, 0.73775, 0.00000, 0.00000, -0.73775, 0.67507, 0.00000, 0.00000, 0.00000, 0.00000, 1.00000, 0.00000, -7.28000, 2.44000, 0.00000, 1.00000, },
				{ 0.71842, 0.69561, 0.00000, 0.00000, -0.69561, 0.71842, 0.00000, 0.00000, 0.00000, 0.00000, 1.00000, 0.00000, -6.88000, 1.68000, 0.00000, 1.00000, },
				{ 0.88312, 0.46915, 0.00000, 0.00000, -0.46915, 0.88312, 0.00000, 0.00000, 0.00000, 0.00000, 1.00000, 0.00000, -7.32000, 0.92000, 0.00000, 1.00000, },
				{ 0.64311, 0.76577, 0.00000, 0.00000, -0.76577, 0.64311, 0.00000, 0.00000, 0.00000, 0.00000, 1.00000, 0.00000, -6.40000, 2.44000, 0.00000, 1.00000, },
				{ 0.70524, 0.70897, 0.00000, 0.00000, -0.70897, 0.70524, 0.00000, 0.00000, 0.00000, 0.00000, 1.00000, 0.00000, -6.00000, 1.68000, 0.00000, 1.00000, },
				{ 0.76856, 0.63978, 0.00000, 0.00000, -0.63978, 0.76856, 0.00000, 0.00000, 0.00000, 0.00000, 1.00000, 0.00000, -6.44000, 0.92000, 0.00000, 1.00000, },
				{ 0.89706, 0.44190, 0.00000, 0.00000, -0.44190, 0.89706, 0.00000, 0.00000, 0.00000, 0.00000, 1.00000, 0.00000, -5.52000, 2.44000, 0.00000, 1.00000, },
				{ 0.56784, 0.82314, 0.00000, 0.00000, -0.82314, 0.56784, 0.00000, 0.00000, 0.00000, 0.00000, 1.00000, 0.00000, -5.12000, 1.68000, 0.00000, 1.00000, },
				{ 0.83828, 0.54524, 0.00000, 0.00000, -0.54524, 0.83828, 0.00000, 0.00000, 0.00000, 0.00000, 1.00000, 0.00000, -5.56000, 0.92000, 0.00000, 1.00000, },
				{ 0.54914, 0.83573, 0.00000, 0.00000, -0.83573, 0.54914, 0.00000, 0.00000, 0.00000, 0.00000, 1.00000, 0.00000, -4.64000, 2.44000, 0.00000, 1.00000, },
				{ 0.10091, 0.99490, 0.00000, 0.00000, -0.99490, 0.10091, 0.00000, 0.00000, 0.00000, 0.00000, 1.00000, 0.00000, -4.24000, 1.68000, 0.00000, 1.00000, },
				{ 0.80682, 0.59080, 0.00000, 0.00000, -0.59080, 0.80682, 0.00000, 0.00000, 0.00000, 0.00000, 1.00000, 0.00000, -4.68000, 0.92000, 0.00000, 1.00000, },
				{ 1.00000, 0.00000, 0.00000, 0.00000, 0.00000, 1.00000, 0.00000, 0.00000, 0.00000, 0.00000, 1.00000, 0.00000, -3.76000, 2.44000, 0.00000, 1.00000, },
				{ 0.65442, 0.75613, 0.00000, 0.00000, -0.75613, 0.65442, 0.00000, 0.00000, 0.00000, 0.00000, 1.00000, 0.00000, -3.36000, 1.68000, 0.00000, 1.00000, },
				{ 0.71587, 0.69823, 0.00000, 0.00000, -0.69823, 0.71587, 0.00000, 0.00000, 0.00000, 0.00000, 1.00000, 0.00000, -3.80000, 0.92000, 0.00000, 1.00000, },
			},
			["asset/ground/container_fluid.mdl"] = {
				{ 0.99996, -0.00849, 0.00000, 0.00000, 0.00849, 0.99996, 0.00000, 0.00000, 0.00000, 0.00000, 1.00000, 0.00000, -2.16119, 14.68018, 0.00000, 1.00000, },
				{ 0.99994, -0.01111, 0.00000, 0.00000, 0.01111, 0.99994, 0.00000, 0.00000, 0.00000, 0.00000, 1.00000, 0.00000, -2.14274, 12.83794, 0.00000, 1.00000, },
				{ 0.99994, -0.01111, 0.00000, 0.00000, 0.01111, 0.99994, 0.00000, 0.00000, 0.00000, 0.00000, 1.00000, 0.00000, -1.27500, 13.84500, 1.84000, 1.00000, },
				{ 1.00000, 0.00000, 0.00000, 0.00000, 0.00000, 1.00000, 0.00000, 0.00000, 0.00000, 0.00000, 1.00000, 0.00000, -0.30000, 14.80930, 0.00000, 1.00000, },
				{ 0.99992, -0.01281, 0.00000, 0.00000, 0.01281, 0.99992, 0.00000, 0.00000, 0.00000, 0.00000, 1.00000, 0.00000, -0.30154, 12.86988, 0.00000, 1.00000, },
			},
			["asset/ground/container_hexagon.mdl"] = {
				{ -0.00000, -1.00000, 0.00000, 0.00000, 1.00000, -0.00000, 0.00000, 0.00000, 0.00000, 0.00000, 1.00000, 0.00000, -5.35398, 7.36418, 0.00000, 1.00000, },
				{ 0.04362, -0.99905, 0.00000, 0.00000, 0.99905, 0.04362, 0.00000, 0.00000, 0.00000, 0.00000, 1.00000, 0.00000, -5.35398, 9.95845, 0.00000, 1.00000, },
			},
			["asset/ground/garden_chair_plastic_01.mdl"] = {
				{ 0.88701, -0.46175, 0.00000, 0.00000, 0.46175, 0.88701, 0.00000, 0.00000, 0.00000, 0.00000, 1.00000, 0.00000, 3.57200, 11.17800, 0.00000, 1.00000, },
			},
			["station/air/asset/handrail_3m.mdl"] = {
				{ 0.00000, 1.00000, 0.00000, 0.00000, -1.00000, 0.00000, 0.00000, 0.00000, 0.00000, 0.00000, 1.00000, 0.00000, 0.86446, 9.03406, 0.00000, 1.00000, },
			},
			["station/air/asset/handrail_6m.mdl"] = {
				{ 1.00000, 0.00000, 0.00000, 0.00000, 0.00000, 1.00000, 0.00000, 0.00000, 0.00000, 0.00000, 1.00000, 0.00000, -4.91612, 11.63522, 0.00000, 1.00000, },
				{ 0.00000, 1.00000, 0.00000, 0.00000, -1.00000, 0.00000, 0.00000, 0.00000, 0.00000, 0.00000, 1.00000, 0.00000, -7.86411, 8.44904, 0.00000, 1.00000, },
			},
		},
		groups = {
			["era_c_ind_random_decoration.grp"] = {
				{ 1.00000, 0.00000, 0.00000, 0.00000, 0.00000, 1.00000, 0.00000, 0.00000, 0.00000, 0.00000, 1.00000, 0.00000, 6.82000, 3.50000, 0.00000, 1.00000, },
				{ 0.99813, -0.06105, 0.00000, 0.00000, 0.06105, 0.99813, 0.00000, 0.00000, 0.00000, 0.00000, 1.00000, 0.00000, 4.74000, 3.50000, 0.00000, 1.00000, },
			},
		},
	},
}
--End Generated

function data()
	return townbuildingutil.make_building2(
		{ { -4.60, -0.10 }, { 4.60, -0.10 }, { 4.60, 9.10 }, { -4.60, 9.10 } },
		"INDUSTRIAL", 
		"C", 
		1,
		{ 2, 2 },
		generatedData,
		"construction/building/era_c/ind_1_2x2_02.gtex"
	)
end
