local townbuildingutil = require "townbuildingutil"

--Model file: "building/era_c/ind_2_1x2_03.mdl"

--Begin Generated
local generatedData = {
	["base"] = {
		models = {
			["building/era_c/ind_2_1x2_03.mdl"] = {
				{ 1.00000, 0.00000, 0.00000, 0.00000, 0.00000, 1.00000, 0.00000, 0.00000, 0.00000, 0.00000, 1.00000, 0.00000, -3.38000, 0.00000, 0.00000, 1.00000, },
			},
		},
		curves = {
			["scaffold"] = {
				{ { -0.38554, 1.27498, 0.00000 }, { -0.38554, 1.27498, 0.00000 }, { -0.38554, 15.16311, 0.00000 }, { -0.38554, 15.16312, 0.00000 }, { -0.38554, 15.16312, 0.00000 }, { -6.43018, 15.16312, 0.00000 }, { -6.43018, 15.16312, 0.00000 }, { -6.43018, 15.16312, 0.00000 }, { -6.43018, 11.24458, 0.00000 }, { -6.43018, 11.24457, 0.00000 }, { -6.43018, 11.24457, 0.00000 }, { -4.65001, 11.24457, 0.00000 }, { -4.65001, 11.24457, 0.00000 }, { -4.65001, 11.24457, 0.00000 }, { -4.65001, 6.58000, 0.00000 }, { -4.65001, 6.58000, 0.00000 }, { -4.65001, 6.58000, 0.00000 }, { -6.10700, 6.58000, 0.00000 }, { -6.10700, 6.58000, 0.00000 }, { -6.10700, 6.58000, 0.00000 }, { -6.10700, 2.93466, 0.00000 }, { -6.10700, 2.93466, 0.00000 }, { -6.10700, 2.93466, 0.00000 }, { -3.75666, 2.93466, 0.00000 }, { -3.75666, 2.93466, 0.00000 }, { -3.75666, 2.93466, 0.00000 }, { -3.75666, 1.27498, 0.00000 }, { -3.75666, 1.27498, 0.00000 }, },
			},
			["shared/asphalt_02.gtex.lua;shared/dirt.gtex.lua;shared/asphalt_03.gtex.lua"] = {
				{ { 8.00000, 0.00000, 0.00000 }, { 8.00000, 0.00000, 0.00000 }, { 8.00000, 16.00000, 0.00000 }, { 8.00000, 16.00000, 0.00000 }, { 8.00000, 16.00000, 0.00000 }, { -8.00000, 16.00000, 0.00000 }, { -8.00000, 16.00000, 0.00000 }, { -8.00000, 16.00000, 0.00000 }, { -8.00000, 0.00000, 0.00000 }, { -8.00000, 0.00000, 0.00000 }, },
			},
		},
	},
	["layout_1"] = {
		models = {
			["asset/ground/barrel_steel.mdl"] = {
				{ -0.36624, 0.93052, 0.00000, 0.00000, -0.93052, -0.36624, 0.00000, 0.00000, 0.00000, 0.00000, 1.00000, 0.00000, 0.70000, 3.55000, 0.00000, 1.00000, },
				{ 0.76414, 0.64505, -0.00000, 0.00000, -0.64505, 0.76414, 0.00000, 0.00000, 0.00000, -0.00000, 1.00000, 0.00000, 1.16000, 2.80000, 0.00000, 1.00000, },
				{ 0.99996, 0.00877, -0.00000, 0.00000, -0.00877, 0.99996, 0.00000, 0.00000, 0.00000, -0.00000, 1.00000, 0.00000, 0.80000, 2.01000, 0.00000, 1.00000, },
				{ 0.84578, -0.53353, -0.00000, 0.00000, 0.53353, 0.84578, 0.00000, 0.00000, 0.00000, -0.00000, 1.00000, 0.00000, 1.56000, 3.56000, 0.00000, 1.00000, },
				{ 0.85755, 0.51440, -0.00000, 0.00000, -0.51440, 0.85755, 0.00000, 0.00000, 0.00000, -0.00000, 1.00000, 0.00000, 2.02000, 2.81000, 0.00000, 1.00000, },
				{ -0.54904, 0.83579, 0.00000, 0.00000, -0.83579, -0.54904, 0.00000, 0.00000, 0.00000, 0.00000, 1.00000, 0.00000, 1.66000, 2.02000, 0.00000, 1.00000, },
				{ -0.27048, -0.96273, 0.00000, 0.00000, 0.96273, -0.27048, 0.00000, 0.00000, 0.00000, 0.00000, 1.00000, 0.00000, 2.42000, 3.56000, 0.00000, 1.00000, },
				{ 0.69650, 0.71755, -0.00000, 0.00000, -0.71755, 0.69650, 0.00000, 0.00000, 0.00000, -0.00000, 1.00000, 0.00000, 2.88000, 2.81000, 0.00000, 1.00000, },
				{ 0.40425, 0.91465, -0.00000, 0.00000, -0.91465, 0.40425, 0.00000, 0.00000, 0.00000, -0.00000, 1.00000, 0.00000, 2.52000, 2.02000, 0.00000, 1.00000, },
				{ 0.39746, 0.91762, -0.00000, 0.00000, -0.91762, 0.39746, 0.00000, 0.00000, 0.00000, -0.00000, 1.00000, 0.00000, 3.24000, 3.56000, 0.00000, 1.00000, },
				{ 0.98271, 0.18517, -0.00000, 0.00000, -0.18517, 0.98271, 0.00000, 0.00000, 0.00000, -0.00000, 1.00000, 0.00000, 3.70000, 2.81000, 0.00000, 1.00000, },
				{ -0.12319, 0.99238, 0.00000, 0.00000, -0.99238, -0.12319, 0.00000, 0.00000, 0.00000, 0.00000, 1.00000, 0.00000, 3.34000, 2.02000, 0.00000, 1.00000, },
				{ 0.68769, 0.72600, -0.00000, 0.00000, -0.72600, 0.68769, 0.00000, 0.00000, 0.00000, -0.00000, 1.00000, 0.00000, 4.12000, 3.56000, 0.00000, 1.00000, },
				{ 0.99295, 0.11856, -0.00000, 0.00000, -0.11856, 0.99295, 0.00000, 0.00000, 0.00000, -0.00000, 1.00000, 0.00000, 4.58000, 2.81000, 0.00000, 1.00000, },
				{ 0.88884, -0.45823, -0.00000, 0.00000, 0.45823, 0.88884, 0.00000, 0.00000, 0.00000, -0.00000, 1.00000, 0.00000, 4.22000, 2.02000, 0.00000, 1.00000, },
				{ -0.27563, -0.96126, 0.00000, 0.00000, 0.96126, -0.27563, 0.00000, 0.00000, 0.00000, 0.00000, 1.00000, 0.00000, 5.00000, 3.56000, 0.00000, 1.00000, },
				{ -0.22165, 0.97513, 0.00000, 0.00000, -0.97513, -0.22165, 0.00000, 0.00000, 0.00000, 0.00000, 1.00000, 0.00000, 5.46000, 2.81000, 0.00000, 1.00000, },
				{ 0.20469, 0.97883, -0.00000, 0.00000, -0.97883, 0.20469, 0.00000, 0.00000, 0.00000, -0.00000, 1.00000, 0.00000, 5.10000, 2.02000, 0.00000, 1.00000, },
			},
			["asset/industry/pipes_small_curved_vertical.mdl"] = {
				{ -0.00000, -1.00000, -0.00000, 0.00000, 1.00000, -0.00000, 0.00000, 0.00000, -0.00000, 0.00000, 1.00000, 0.00000, 3.05000, 8.09750, 10.51500, 1.00000, align = { 3.05000, 9.70000 }, },
				{ -0.00000, 1.00000, -0.00000, 0.00000, -1.00000, -0.00000, 0.00000, 0.00000, -0.00000, 0.00000, 1.00000, 0.00000, 3.05000, 11.60750, 10.51500, 1.00000, align = { 3.05000, 9.70000 }, },
			},
			["asset/industry/pipes_small_straight.mdl"] = {
				{ -0.00000, -1.17000, -0.00000, 0.00000, 1.00000, -0.00000, 0.00000, 0.00000, -0.00000, 0.00000, 1.00000, 0.00000, 3.05000, 8.09750, 10.51500, 1.00000, align = { 3.05000, 9.70000 }, },
				{ -0.00000, -0.00000, 1.00000, 0.00000, 1.00000, -0.00000, 0.00000, 0.00000, 0.00000, 1.00000, 0.00000, 0.00000, 3.05000, 7.15687, 10.51500, 1.00000, align = { 3.05000, 9.70000 }, },
				{ -0.00000, -0.00000, 1.00000, 0.00000, 1.00000, -0.00000, 0.00000, 0.00000, 0.00000, 1.00000, 0.00000, 0.00000, 3.05000, 7.15687, 7.51500, 1.00000, align = { 3.05000, 9.70000 }, },
				{ -0.00000, -0.00000, 1.00000, 0.00000, 1.00000, -0.00000, 0.00000, 0.00000, 0.00000, 1.00000, 0.00000, 0.00000, 3.05000, 7.15687, 4.51500, 1.00000, align = { 3.05000, 9.70000 }, },
				{ -0.00000, -0.00000, 1.00000, 0.00000, 1.00000, -0.00000, 0.00000, 0.00000, 0.00000, 1.00000, 0.00000, 0.00000, 3.05000, 7.15687, 1.51500, 1.00000, align = { 3.05000, 9.70000 }, },
				{ -0.00000, -0.00000, 1.00000, 0.00000, 1.00000, -0.00000, 0.00000, 0.00000, 0.00000, 1.00000, 0.00000, 0.00000, 3.05000, 11.66687, 10.51500, 1.00000, align = { 3.05000, 9.70000 }, },
				{ -0.00000, -0.00000, 1.00000, 0.00000, 1.00000, -0.00000, 0.00000, 0.00000, 0.00000, 1.00000, 0.00000, 0.00000, 3.05000, 11.66687, 7.51500, 1.00000, align = { 3.05000, 9.70000 }, },
				{ 1.32500, -0.00000, 0.00000, 0.00000, -0.00000, -0.00000, -1.00000, 0.00000, 0.00000, 1.00000, -0.00000, 0.00000, 3.05000, 11.66687, 3.38000, 1.00000, align = { 3.05000, 9.70000 }, },
				{ -0.00000, -0.00000, 1.00000, 0.00000, 1.00000, -0.00000, 0.00000, 0.00000, 0.00000, 1.00000, 0.00000, 0.00000, 3.05000, 11.66687, 4.51500, 1.00000, align = { 3.05000, 9.70000 }, },
				{ -0.00000, -0.00000, 1.00000, 0.00000, 1.00000, -0.00000, 0.00000, 0.00000, 0.00000, 1.00000, 0.00000, 0.00000, 3.05000, 11.66687, 1.51500, 1.00000, align = { 3.05000, 9.70000 }, },
			},
			["asset/industry/silo_catwalk_corner_supported.mdl"] = {
				{ 1.00000, 0.00000, 0.00000, 0.00000, 0.00000, 1.00000, 0.00000, 0.00000, 0.00000, 0.00000, 1.00000, 0.00000, 0.33929, 15.18497, 0.00000, 1.00000, align = { 3.05000, 9.70000 }, },
			},
			["asset/industry/silo_catwalk_ladder.mdl"] = {
				{ 1.00000, 0.00000, 0.00000, 0.00000, 0.00000, 1.00000, 0.00000, 0.00000, 0.00000, 0.00000, 1.00000, 0.00000, 6.71404, 15.18497, 0.00000, 1.00000, align = { 3.05000, 9.70000 }, },
				{ -0.00000, -1.00000, -0.00000, 0.00000, 1.00000, -0.00000, 0.00000, 0.00000, -0.00000, 0.00000, 1.00000, 0.00000, 0.33892, 13.31023, 0.00000, 1.00000, align = { 3.05000, 9.70000 }, },
			},
			["asset/industry/silo_catwalk_staight.mdl"] = {
				{ 1.00000, 0.00000, 0.00000, 0.00000, 0.00000, 1.00000, 0.00000, 0.00000, 0.00000, 0.00000, 1.00000, 0.00000, 3.33904, 15.18497, 0.00000, 1.00000, align = { 3.05000, 9.70000 }, },
			},
			["asset/industry/silo_catwalk_staight_supported.mdl"] = {
				{ 1.00000, 0.00000, 0.00000, 0.00000, 0.00000, 1.00000, 0.00000, 0.00000, 0.00000, 0.00000, 1.00000, 0.00000, 5.58904, 15.18497, 0.00000, 1.00000, align = { 3.05000, 9.70000 }, },
			},
		},
		groups = {
			["silo_vertical.grp"] = {
				{ 1.00000, 0.00000, 0.00000, 0.00000, 0.00000, 1.00000, 0.00000, 0.00000, 0.00000, 0.00000, 1.00000, 0.00000, 3.05000, 7.60000, 0.00000, 1.00000, align = { 3.05000, 9.70000 }, seed = 1, },
				{ 1.00000, 0.00000, 0.00000, 0.00000, 0.00000, 1.00000, 0.00000, 0.00000, 0.00000, 0.00000, 1.00000, 0.00000, 3.05000, 12.10000, 0.00000, 1.00000, align = { 3.05000, 9.70000 }, seed = 1, },
			},
		},
	},
}
--End Generated

function data()
	return townbuildingutil.make_building2(
		{ { -4.60, -0.10 }, { 4.60, -0.10 }, { 4.60, 9.10 }, { -4.60, 9.10 } },
		"INDUSTRIAL", 
		"C", 
		2,
		{ 2, 2 },
		generatedData,
		"construction/building/era_c/ind_2_2x2_02.gtex"
	)
end
