local townbuildingutil = require "townbuildingutil"

--Model file: "building/era_c/ind_1_2x2_01.mdl"

--Begin Generated
local generatedData = {
	["base"] = {
		models = {
			["building/era_c/ind_1_2x2_01.mdl"] = {
				{ 1.00000, 0.00000, 0.00000, 0.00000, 0.00000, 1.00000, 0.00000, 0.00000, 0.00000, 0.00000, 1.00000, 0.00000, 0.00000, 0.00000, 0.00000, 1.00000, },
			},
		},
		curves = {
			["scaffold"] = {
				{ { 7.01765, 2.66623, 0.00000 }, { 7.01765, 2.66623, 0.00000 }, { 7.01765, 10.64737, 0.00000 }, { 7.01765, 10.64737, 0.00000 }, { 7.01765, 10.64737, 0.00000 }, { 0.64326, 10.64737, 0.00000 }, { 0.64326, 10.64737, 0.00000 }, { 0.64326, 10.64737, 0.00000 }, { 0.64326, 14.92715, 0.00000 }, { 0.64326, 14.92715, 0.00000 }, { 0.64326, 14.92715, 0.00000 }, { -6.43796, 14.92718, 0.00000 }, { -6.43796, 14.92718, 0.00000 }, { -6.43796, 14.92718, 0.00000 }, { -6.43796, 11.54068, 0.00000 }, { -6.43796, 11.54068, 0.00000 }, { -6.43796, 11.54068, 0.00000 }, { -5.49240, 11.54068, 0.00000 }, { -5.49240, 11.54068, 0.00000 }, { -5.49240, 11.54068, 0.00000 }, { -5.49240, 9.66513, 0.00000 }, { -5.49240, 9.66513, 0.00000 }, { -5.49240, 9.66513, 0.00000 }, { -5.49240, 8.36279, 0.00000 }, { -5.49240, 8.36279, 0.00000 }, { -5.49240, 8.36279, 0.00000 }, { -7.44537, 8.36279, 0.00000 }, { -7.44537, 8.36279, 0.00000 }, { -7.44537, 8.36279, 0.00000 }, { -7.44537, 0.81293, 0.00000 }, { -7.44537, 0.81293, 0.00000 }, { -7.44537, 0.81293, 0.00000 }, { -4.02008, 0.81293, 0.00000 }, { -4.02008, 0.81293, 0.00000 }, { -4.02008, 0.81293, 0.00000 }, { -4.02867, 9.66513, 0.00000 }, { -4.02867, 9.66513, 0.00000 }, { -4.02867, 9.66513, 0.00000 }, { 1.20447, 9.66513, 0.00000 }, { 1.20447, 9.66513, 0.00000 }, { 1.20447, 9.66513, 0.00000 }, { 1.20447, 2.66626, 0.00000 }, { 1.20447, 2.66626, 0.00000 }, },
			},
			["shared/asphalt_02.gtex.lua;shared/dirt.gtex.lua;shared/asphalt_03.gtex.lua"] = {
				{ { 8.00000, 0.00000, -0.00000 }, { 8.00000, 0.00000, -0.00000 }, { 8.00000, 23.99999, -0.00000 }, { 8.00000, 24.00000, -0.00000 }, { 8.00000, 24.00000, -0.00000 }, { -8.00000, 24.00000, -0.00000 }, { -8.00000, 24.00000, -0.00000 }, { -8.00000, 23.99999, -0.00000 }, { -8.00000, 0.00000, -0.00000 }, { -8.00000, 0.00000, -0.00000 }, },
			},
		},
	},
	["layout_1"] = {
		models = {
			["asset/construction/scaffolding/era_b_normal.mdl"] = {
				{ 0.00000, 1.00000, 0.00000, 0.00000, -1.00000, 0.00000, 0.00000, 0.00000, 0.00000, 0.00000, 1.00000, 0.00000, -4.08928, 22.25679, 0.00000, 1.00000, align = { -4.08928, 22.25679 }, },
				{ 0.00000, 1.00000, 0.00000, 0.00000, -1.00000, 0.00000, 0.00000, 0.00000, 0.00000, 0.00000, 1.00000, 0.00000, -0.57428, 22.25679, 0.00000, 1.00000, align = { -0.50176, 22.25679 }, },
			},
			["asset/ground/barrel_steel.mdl"] = {
				{ -0.98542, 0.17013, 0.00000, 0.00000, -0.17013, -0.98542, -0.00000, 0.00000, 0.00000, -0.00000, 1.00000, 0.00000, -5.29389, 22.40638, 0.00000, 1.00000, align = { -4.08928, 22.25679 }, },
				{ -0.79184, 0.61073, 0.00000, 0.00000, -0.61073, -0.79184, -0.00000, 0.00000, 0.00000, -0.00000, 1.00000, 0.00000, -3.27242, 22.34990, 0.00000, 1.00000, align = { -4.08928, 22.25679 }, },
				{ -0.99997, -0.00085, -0.00744, 0.00000, 0.00749, -0.11320, -0.99354, 0.00000, 0.00000, -0.99357, 0.11320, 0.00000, -4.14012, 22.81956, 2.45376, 1.00000, align = { -4.08928, 22.25679 }, },
				{ -0.36390, -0.93144, 0.00000, 0.00000, 0.93144, -0.36390, -0.00000, 0.00000, 0.00000, 0.00000, 1.00000, 0.00000, -4.29345, 22.32824, 0.00000, 1.00000, align = { -4.08928, 22.25679 }, },
				{ -0.98685, 0.01830, 0.16062, 0.00000, -0.16166, -0.11171, -0.98050, 0.00000, 0.00000, -0.99357, 0.11320, 0.00000, -5.20017, 22.80854, 2.37078, 1.00000, align = { -4.08928, 22.25679 }, },
				{ -0.41897, 0.10279, 0.90216, 0.00000, -0.90800, -0.04743, -0.41627, 0.00000, -0.00000, -0.99357, 0.11320, 0.00000, -3.24361, 22.81106, 2.39285, 1.00000, align = { -4.08928, 22.25679 }, },
				{ -0.99997, -0.00085, -0.00744, 0.00000, 0.00749, -0.11320, -0.99354, 0.00000, 0.00000, -0.99357, 0.11320, 0.00000, -0.62511, 22.81956, 2.45376, 1.00000, align = { -0.50176, 22.25679 }, },
				{ -0.41897, 0.10279, 0.90216, 0.00000, -0.90800, -0.04743, -0.41627, 0.00000, -0.00000, -0.99357, 0.11320, 0.00000, 0.27140, 22.81106, 2.39285, 1.00000, align = { -0.50176, 22.25679 }, },
				{ -0.36390, -0.93144, 0.00000, 0.00000, 0.93144, -0.36390, -0.00000, 0.00000, 0.00000, 0.00000, 1.00000, 0.00000, -0.77844, 22.32824, 0.00000, 1.00000, align = { -0.50176, 22.25679 }, },
				{ -0.79184, 0.61073, 0.00000, 0.00000, -0.61073, -0.79184, -0.00000, 0.00000, 0.00000, -0.00000, 1.00000, 0.00000, 0.24258, 22.34990, 0.00000, 1.00000, align = { -0.50176, 22.25679 }, },
				{ -0.98542, 0.17013, 0.00000, 0.00000, -0.17013, -0.98542, -0.00000, 0.00000, 0.00000, -0.00000, 1.00000, 0.00000, -1.77888, 22.40638, 0.00000, 1.00000, align = { -0.50176, 22.25679 }, },
				{ 1.00000, 0.00000, 0.00000, 0.00000, 0.00000, 1.00000, 0.00000, 0.00000, 0.00000, 0.00000, 1.00000, 0.00000, 7.18000, 9.28000, 0.00000, 1.00000, },
				{ 1.00000, 0.00000, 0.00000, 0.00000, 0.00000, 1.00000, 0.00000, 0.00000, 0.00000, 0.00000, 1.00000, 0.00000, 7.05000, 8.17000, 0.00000, 1.00000, },
				{ 1.00000, 0.00000, 0.00000, 0.00000, 0.00000, 1.00000, 0.00000, 0.00000, 0.00000, 0.00000, 1.00000, 0.00000, 7.28000, 7.29000, 0.00000, 1.00000, },
				{ 1.00000, 0.00000, 0.00000, 0.00000, 0.00000, 1.00000, 0.00000, 0.00000, 0.00000, 0.00000, 1.00000, 0.00000, 2.14000, 11.30000, 0.00000, 1.00000, },
				{ -0.97887, 0.20448, 0.00000, 0.00000, -0.20448, -0.97887, 0.00000, 0.00000, 0.00000, 0.00000, 1.00000, 0.00000, -5.74461, 16.69871, 0.00000, 1.00000, },
				{ -0.09688, -0.99530, 0.00000, 0.00000, 0.99530, -0.09688, 0.00000, 0.00000, 0.00000, 0.00000, 1.00000, 0.00000, -5.74985, 18.31259, 0.00000, 1.00000, },
				{ -0.93435, 0.35636, 0.00000, 0.00000, -0.35636, -0.93435, 0.00000, 0.00000, 0.00000, 0.00000, 1.00000, 0.00000, -5.74105, 19.91145, 0.00000, 1.00000, },
				{ -0.99436, 0.10607, 0.00000, 0.00000, -0.10607, -0.99436, 0.00000, 0.00000, 0.00000, 0.00000, 1.00000, 0.00000, -3.75358, 16.72083, 0.00000, 1.00000, },
				{ -0.76508, 0.64393, 0.00000, 0.00000, -0.64393, -0.76508, 0.00000, 0.00000, 0.00000, 0.00000, 1.00000, 0.00000, -3.74139, 18.31690, 0.00000, 1.00000, },
				{ -0.27980, 0.96006, 0.00000, 0.00000, -0.96006, -0.27980, 0.00000, 0.00000, 0.00000, 0.00000, 1.00000, 0.00000, -3.72604, 19.87539, 0.00000, 1.00000, },
				{ -0.84877, 0.52877, 0.00000, 0.00000, -0.52877, -0.84877, 0.00000, 0.00000, 0.00000, 0.00000, 1.00000, 0.00000, -1.79426, 16.72745, 0.00000, 1.00000, },
				{ -0.95338, -0.30176, 0.00000, 0.00000, 0.30176, -0.95338, 0.00000, 0.00000, 0.00000, 0.00000, 1.00000, 0.00000, -1.78326, 18.30840, 0.00000, 1.00000, },
				{ -0.97070, 0.24030, 0.00000, 0.00000, -0.24030, -0.97070, 0.00000, 0.00000, 0.00000, 0.00000, 1.00000, 0.00000, -1.77945, 19.90437, 0.00000, 1.00000, },
				{ -0.58466, 0.81128, 0.00000, 0.00000, -0.81128, -0.58466, 0.00000, 0.00000, 0.00000, 0.00000, 1.00000, 0.00000, 0.15934, 16.69700, 0.00000, 1.00000, },
				{ -0.48409, 0.87502, 0.00000, 0.00000, -0.87502, -0.48409, 0.00000, 0.00000, 0.00000, 0.00000, 1.00000, 0.00000, 0.14974, 18.34252, 0.00000, 1.00000, },
				{ 0.69953, -0.71461, 0.00000, 0.00000, 0.71461, 0.69953, 0.00000, 0.00000, 0.00000, 0.00000, 1.00000, 0.00000, 0.13221, 19.95164, 0.00000, 1.00000, },
				{ -0.72038, 0.69358, 0.00000, 0.00000, -0.69358, -0.72038, 0.00000, 0.00000, 0.00000, 0.00000, 1.00000, 0.00000, -4.73936, 16.62974, 0.00000, 1.00000, },
				{ -0.79827, -0.60230, 0.00000, 0.00000, 0.60230, -0.79827, 0.00000, 0.00000, 0.00000, 0.00000, 1.00000, 0.00000, -4.74846, 18.25920, 0.00000, 1.00000, },
				{ -0.80912, -0.58764, 0.00000, 0.00000, 0.58764, -0.80912, 0.00000, 0.00000, 0.00000, 0.00000, 1.00000, 0.00000, -4.75525, 19.87688, 0.00000, 1.00000, },
				{ -0.40706, -0.91340, 0.00000, 0.00000, 0.91340, -0.40706, 0.00000, 0.00000, 0.00000, 0.00000, 1.00000, 0.00000, -2.75811, 16.65938, 0.00000, 1.00000, },
				{ -0.38379, 0.92342, 0.00000, 0.00000, -0.92342, -0.38379, 0.00000, 0.00000, 0.00000, 0.00000, 1.00000, 0.00000, -2.75020, 18.28337, 0.00000, 1.00000, },
				{ 0.23283, 0.97252, 0.00000, 0.00000, -0.97252, 0.23283, 0.00000, 0.00000, 0.00000, 0.00000, 1.00000, 0.00000, -2.74386, 19.87490, 0.00000, 1.00000, },
				{ -0.99736, -0.07262, 0.00000, 0.00000, 0.07262, -0.99736, 0.00000, 0.00000, 0.00000, 0.00000, 1.00000, 0.00000, -0.78004, 16.62309, 0.00000, 1.00000, },
				{ -0.38263, -0.92390, 0.00000, 0.00000, 0.92390, -0.38263, 0.00000, 0.00000, 0.00000, 0.00000, 1.00000, 0.00000, -0.78202, 18.23626, 0.00000, 1.00000, },
				{ -0.26868, -0.96323, 0.00000, 0.00000, 0.96323, -0.26868, 0.00000, 0.00000, 0.00000, 0.00000, 1.00000, 0.00000, -0.79813, 19.87607, 0.00000, 1.00000, },
				{ -0.78554, 0.61881, 0.00000, 0.00000, -0.61881, -0.78554, 0.00000, 0.00000, 0.00000, 0.00000, 1.00000, 0.00000, 1.16218, 16.62604, 0.00000, 1.00000, },
				{ -0.68573, 0.72786, 0.00000, 0.00000, -0.72786, -0.68573, 0.00000, 0.00000, 0.00000, 0.00000, 1.00000, 0.00000, 1.15618, 18.26235, 0.00000, 1.00000, },
				{ -0.06957, 0.99758, 0.00000, 0.00000, -0.99758, -0.06957, 0.00000, 0.00000, 0.00000, 0.00000, 1.00000, 0.00000, 1.16079, 19.85806, 0.00000, 1.00000, },
				{ -0.90811, 0.41873, 0.00000, 0.00000, -0.41873, -0.90811, 0.00000, 0.00000, 0.00000, 0.00000, 1.00000, 0.00000, -5.28956, 17.51343, 0.00000, 1.00000, },
				{ -0.98847, -0.15145, 0.00000, 0.00000, 0.15145, -0.98847, 0.00000, 0.00000, 0.00000, 0.00000, 1.00000, 0.00000, -5.29277, 19.13579, 0.00000, 1.00000, },
				{ -0.60544, 0.79589, 0.00000, 0.00000, -0.79589, -0.60544, 0.00000, 0.00000, 0.00000, 0.00000, 1.00000, 0.00000, -3.27871, 17.49029, 0.00000, 1.00000, },
				{ -0.99308, 0.11745, 0.00000, 0.00000, -0.11745, -0.99308, 0.00000, 0.00000, 0.00000, 0.00000, 1.00000, 0.00000, -3.28845, 19.12839, 0.00000, 1.00000, },
				{ -0.96187, 0.27350, 0.00000, 0.00000, -0.27350, -0.96187, 0.00000, 0.00000, 0.00000, 0.00000, 1.00000, 0.00000, -1.32667, 17.50511, 0.00000, 1.00000, },
				{ -0.99893, 0.04620, 0.00000, 0.00000, -0.04620, -0.99893, 0.00000, 0.00000, 0.00000, 0.00000, 1.00000, 0.00000, -1.34364, 19.16430, 0.00000, 1.00000, },
				{ -0.99342, 0.11451, 0.00000, 0.00000, -0.11451, -0.99342, 0.00000, 0.00000, 0.00000, 0.00000, 1.00000, 0.00000, 0.60424, 17.52646, 0.00000, 1.00000, },
				{ -0.55795, 0.82987, 0.00000, 0.00000, -0.82987, -0.55795, 0.00000, 0.00000, 0.00000, 0.00000, 1.00000, 0.00000, 0.61689, 19.12332, 0.00000, 1.00000, },
				{ -0.19955, 0.97989, 0.00000, 0.00000, -0.97989, -0.19955, 0.00000, 0.00000, 0.00000, 0.00000, 1.00000, 0.00000, 0.60687, 20.75317, 0.00000, 1.00000, },
				{ -0.83936, -0.54358, 0.00000, 0.00000, 0.54358, -0.83936, 0.00000, 0.00000, 0.00000, 0.00000, 1.00000, 0.00000, -4.29723, 17.46123, 0.00000, 1.00000, },
				{ -0.84844, -0.52929, 0.00000, 0.00000, 0.52929, -0.84844, 0.00000, 0.00000, 0.00000, 0.00000, 1.00000, 0.00000, -4.29010, 19.06384, 0.00000, 1.00000, },
				{ -0.16576, 0.98617, 0.00000, 0.00000, -0.98617, -0.16576, 0.00000, 0.00000, 0.00000, 0.00000, 1.00000, 0.00000, -2.28455, 17.45200, 0.00000, 1.00000, },
				{ -0.84814, -0.52977, 0.00000, 0.00000, 0.52977, -0.84814, 0.00000, 0.00000, 0.00000, 0.00000, 1.00000, 0.00000, -2.30393, 19.09943, 0.00000, 1.00000, },
				{ -0.98685, 0.01830, 0.16062, 0.00000, -0.16166, -0.11171, -0.98050, 0.00000, -0.00000, -0.99357, 0.11320, 0.00000, -1.68516, 22.80854, 2.37078, 1.00000, },
				{ -0.39900, -0.91695, 0.00000, 0.00000, 0.91695, -0.39900, 0.00000, 0.00000, 0.00000, 0.00000, 1.00000, 0.00000, -0.32831, 17.43269, 0.00000, 1.00000, },
				{ -0.91975, -0.39250, 0.00000, 0.00000, 0.39250, -0.91975, 0.00000, 0.00000, 0.00000, 0.00000, 1.00000, 0.00000, -0.32685, 19.05653, 0.00000, 1.00000, },
				{ -0.84010, -0.54243, 0.00000, 0.00000, 0.54243, -0.84010, 0.00000, 0.00000, 0.00000, 0.00000, 1.00000, 0.00000, 1.60558, 17.45440, 0.00000, 1.00000, },
				{ 0.71037, -0.70383, 0.00000, 0.00000, 0.70383, 0.71037, 0.00000, 0.00000, 0.00000, 0.00000, 1.00000, 0.00000, 1.58587, 19.10629, 0.00000, 1.00000, },
				{ 0.67601, -0.73689, 0.00000, 0.00000, 0.73689, 0.67601, 0.00000, 0.00000, 0.00000, 0.00000, 1.00000, 0.00000, 1.60053, 20.67072, 0.00000, 1.00000, },
				{ 1.00000, 0.00000, 0.00000, 0.00000, 0.00000, 1.00000, 0.00000, 0.00000, 0.00000, 0.00000, 1.00000, 0.00000, 0.75844, 14.08463, 0.00000, 1.00000, },
				{ 1.00000, 0.00000, 0.00000, 0.00000, 0.00000, 1.00000, 0.00000, 0.00000, 0.00000, 0.00000, 1.00000, 0.00000, 0.65135, 15.66069, 0.00000, 1.00000, },
			},
		},
		groups = {
			["era_c_ind_random_decoration.grp"] = {
				{ -1.00000, -0.00000, 0.00000, 0.00000, 0.00000, -1.00000, -0.00000, 0.00000, 0.00000, -0.00000, 1.00000, 0.00000, 6.00000, 12.20000, 0.00000, 1.00000, },
				{ -0.99985, -0.01745, 0.00000, 0.00000, 0.01745, -0.99985, -0.00000, 0.00000, 0.00000, -0.00000, 1.00000, 0.00000, 3.93000, 12.20000, 0.00000, 1.00000, },
			},
		},
	},
}
--End Generated

function data()
	return townbuildingutil.make_building2(
		{ { -4.60, -0.10 }, { 4.60, -0.10 }, { 4.60, 9.10 }, { -4.60, 9.10 } },
		"INDUSTRIAL", 
		"C", 
		1,
		{ 2, 3 },
		generatedData,
		"construction/building/era_c/ind_1_2x3_02.gtex"
	)
end
