local townbuildingutil = require "townbuildingutil"

--Model file: "building/era_c/ind_1_2x3_02.mdl"

--Begin Generated
local generatedData = {
	["base"] = {
		models = {
			["building/era_c/ind_1_2x3_02.mdl"] = {
				{ 1.00000, 0.00000, 0.00000, 0.00000, 0.00000, 1.00000, 0.00000, 0.00000, 0.00000, 0.00000, 1.00000, 0.00000, -8.10000, 2.60000, 0.00000, 1.00000, },
			},
		},
		curves = {
			["scaffold"] = {
				{ { -1.37613, 5.92293, 0.00000 }, { -1.37613, 5.92293, 0.00000 }, { -1.37613, 15.56786, 0.00000 }, { -1.37613, 15.56786, 0.00000 }, { -1.37613, 15.56786, 0.00000 }, { -5.65002, 15.56786, 0.00000 }, { -5.65002, 15.56786, 0.00000 }, { -5.65002, 15.56786, 0.00000 }, { -5.65002, 17.33033, 0.00000 }, { -5.65002, 17.33033, 0.00000 }, { -5.65002, 17.33033, 0.00000 }, { -3.42093, 17.33033, 0.00000 }, { -3.42093, 17.33033, 0.00000 }, { -3.42093, 17.33033, 0.00000 }, { -3.42093, 23.45553, 0.00000 }, { -3.42093, 23.45553, 0.00000 }, { -3.42093, 23.45553, 0.00000 }, { -5.92404, 23.45553, 0.00000 }, { -5.92404, 23.45553, 0.00000 }, { -5.92404, 23.45553, 0.00000 }, { -5.92404, 24.78704, 0.00000 }, { -5.92404, 24.78704, 0.00000 }, { -5.92404, 24.78704, 0.00000 }, { -14.39395, 24.78704, 0.00000 }, { -14.39395, 24.78704, 0.00000 }, { -14.39395, 24.78704, 0.00000 }, { -14.39395, 5.92293, 0.00000 }, { -14.39395, 5.92293, 0.00000 }, },
			},
			["shared/asphalt_02.gtex.lua;shared/dirt.gtex.lua;shared/asphalt_03.gtex.lua"] = {
				{ { 16.00000, 0.00000, 0.00000 }, { 16.00000, 0.00001, 0.00000 }, { 16.00000, 31.99999, 0.00000 }, { 16.00000, 32.00000, 0.00000 }, { 15.99999, 32.00000, 0.00000 }, { -15.99999, 32.00000, 0.00000 }, { -16.00000, 32.00000, 0.00000 }, { -16.00000, 31.99999, 0.00000 }, { -16.00000, 0.00001, 0.00000 }, { -16.00000, 0.00000, 0.00000 }, },
			},
		},
	},
	["layout_1"] = {
		models = {
			["asset/ground/container_big_steel.mdl"] = {
				{ 0.99540, -0.09585, 0.00000, 0.00000, 0.09585, 0.99540, 0.00000, 0.00000, 0.00000, 0.00000, 1.00000, 0.00000, 11.77500, 26.70000, 0.00000, 1.00000, },
				{ -0.09585, -0.99540, 0.00000, 0.00000, 0.99540, -0.09585, 0.00000, 0.00000, 0.00000, 0.00000, 1.00000, 0.00000, 11.60000, 6.45000, -0.00000, 1.00000, },
				{ 0.99905, 0.04362, 0.00000, 0.00000, -0.04362, 0.99905, 0.00000, 0.00000, 0.00000, 0.00000, 1.00000, 0.00000, 8.02500, 26.90000, 0.00000, 1.00000, },
				{ 0.04362, -0.99905, 0.00000, 0.00000, 0.99905, 0.04362, 0.00000, 0.00000, 0.00000, 0.00000, 1.00000, 0.00000, 11.20000, 2.75000, 0.00000, 1.00000, },
			},
			["asset/ground/container_small_steel.mdl"] = {
				{ 0.99999, -0.00458, -0.00000, 0.00000, 0.00458, 0.99999, -0.00000, 0.00000, 0.00000, 0.00000, 1.00000, 0.00000, 4.68000, 28.95250, 0.00000, 1.00000, },
				{ -0.99999, 0.00415, 0.00000, 0.00000, -0.00415, -0.99999, 0.00000, 0.00000, 0.00000, 0.00000, 1.00000, 0.00000, 3.40193, 28.95266, 0.00000, 1.00000, },
				{ -0.99999, 0.00376, 0.00000, 0.00000, -0.00376, -0.99999, 0.00000, 0.00000, 0.00000, 0.00000, 1.00000, 0.00000, 1.98552, 28.95263, 0.00000, 1.00000, },
				{ 1.00000, -0.00120, -0.00000, 0.00000, 0.00120, 1.00000, -0.00000, 0.00000, 0.00000, 0.00000, 1.00000, 0.00000, 4.59100, 27.20248, -0.00000, 1.00000, },
				{ 0.99999, -0.00458, -0.00000, 0.00000, 0.00458, 0.99999, -0.00000, 0.00000, 0.00000, 0.00000, 1.00000, 0.00000, 3.38194, 27.20231, -0.00000, 1.00000, },
				{ 0.99999, -0.00480, -0.00000, 0.00000, 0.00480, 0.99999, -0.00000, 0.00000, 0.00000, 0.00000, 1.00000, 0.00000, 1.96400, 27.20229, -0.00000, 1.00000, },
				{ 0.99999, -0.00363, -0.00000, 0.00000, 0.00363, 0.99999, -0.00000, 0.00000, 0.00000, 0.00000, 1.00000, 0.00000, 0.81325, 28.95738, -0.00000, 1.00000, },
				{ -0.99999, 0.00361, 0.00000, 0.00000, -0.00361, -0.99999, 0.00000, 0.00000, 0.00000, 0.00000, 1.00000, 0.00000, -0.49304, 28.95762, 0.00000, 1.00000, },
				{ 1.00000, -0.00314, -0.00000, 0.00000, 0.00314, 1.00000, -0.00000, 0.00000, 0.00000, 0.00000, 1.00000, 0.00000, -1.85122, 28.95741, -0.00000, 1.00000, },
				{ 0.99999, -0.00369, -0.00000, 0.00000, 0.00369, 0.99999, -0.00000, 0.00000, 0.00000, 0.00000, 1.00000, 0.00000, -3.30000, 28.96000, 0.00000, 1.00000, },
				{ -0.99998, 0.00603, 0.00000, 0.00000, -0.00603, -0.99998, 0.00000, 0.00000, 0.00000, 0.00000, 1.00000, 0.00000, -0.61529, 27.20783, 0.00000, 1.00000, },
				{ -0.19672, -0.98046, 0.00000, 0.00000, 0.98046, -0.19672, 0.00000, 0.00000, 0.00000, 0.00000, 1.00000, 0.00000, -3.50000, 21.40000, 0.14400, 1.00000, },
				{ 1.00000, -0.00256, -0.00000, 0.00000, 0.00256, 1.00000, -0.00000, 0.00000, 0.00000, 0.00000, 1.00000, 0.00000, -1.95656, 27.20744, -0.00000, 1.00000, },
			},
			["asset/industry/pallet_01.mdl"] = {
				{ 0.98163, -0.19081, 0.00000, 0.00000, 0.19081, 0.98163, 0.00000, 0.00000, 0.00000, 0.00000, 1.00000, 0.00000, -3.50000, 21.40000, 0.00000, 1.00000, },
				{ 0.99996, -0.00873, 0.00000, 0.00000, 0.00873, 0.99996, 0.00000, 0.00000, 0.00000, 0.00000, 1.00000, 0.00000, -4.98000, 17.58000, 0.00000, 1.00000, },
				{ 0.99692, 0.07846, 0.00000, 0.00000, -0.07846, 0.99692, 0.00000, 0.00000, 0.00000, 0.00000, 1.00000, 0.00000, -4.98000, 17.58000, 0.14500, 1.00000, },
				{ 0.99996, -0.00873, 0.00000, 0.00000, 0.00873, 0.99996, 0.00000, 0.00000, 0.00000, 0.00000, 1.00000, 0.00000, -4.98000, 17.58000, 0.28900, 1.00000, },
				{ 0.99692, 0.07846, 0.00000, 0.00000, -0.07846, 0.99692, 0.00000, 0.00000, 0.00000, 0.00000, 1.00000, 0.00000, -4.98000, 17.58000, 0.43300, 1.00000, },
			},
			["station/rail/asset/cargo_pallet_jack.mdl"] = {
				{ 0.20791, 0.97815, 0.00000, 0.00000, -0.97815, 0.20791, 0.00000, 0.00000, 0.00000, 0.00000, 1.00000, 0.00000, -3.54751, 21.03753, 0.00000, 1.00000, },
			},
		},
		groups = {
			["era_c_ind_random_decoration.grp"] = {
				{ 1.00000, 0.00000, 0.00000, 0.00000, 0.00000, 1.00000, 0.00000, 0.00000, 0.00000, 0.00000, 1.00000, 0.00000, -13.28000, 4.92000, 0.00000, 1.00000, },
			},
			["silo_horizontal.grp"] = {
				{ 1.00000, 0.00000, 0.00000, 0.00000, 0.00000, 1.00000, 0.00000, 0.00000, 0.00000, 0.00000, 1.00000, 0.00000, -11.55000, 26.20000, 0.00000, 1.00000, seed = 1, },
				{ 1.00000, 0.00000, 0.00000, 0.00000, 0.00000, 1.00000, 0.00000, 0.00000, 0.00000, 0.00000, 1.00000, 0.00000, -11.55000, 29.90000, 0.00000, 1.00000, seed = 1, },
			},
		},
	},
}
--End Generated

function data()
	return townbuildingutil.make_building2(
		{ { -4.60, -0.10 }, { 4.60, -0.10 }, { 4.60, 9.10 }, { -4.60, 9.10 } },
		"INDUSTRIAL", 
		"C", 
		1,
		{ 4, 4 },
		generatedData,
		"construction/building/era_c/ind_1_4x4_01.gtex"
	)
end
