local townbuildingutil = require "townbuildingutil"

--Model file: "building/era_c/ind_4_4x4_03.mdl"

--Begin Generated
local generatedData = {
	["base"] = {
		models = {
			["building/era_c/ind_4_4x4_03.mdl"] = {
				{ 1.00000, 0.00000, 0.00000, 0.00000, 0.00000, 1.00000, 0.00000, 0.00000, 0.00000, 0.00000, 1.00000, 0.00000, 0.00000, 0.00000, 0.00000, 1.00000, },
			},
		},
		curves = {
			["scaffold"] = {
				{ { 1.51038, 1.11942, 0.00000 }, { 1.51038, 1.11942, 0.00000 }, { 1.51038, 2.56000, 0.00000 }, { 1.51038, 2.56000, 0.00000 }, { 1.51038, 2.56000, 0.00000 }, { 8.38477, 2.56436, 0.00000 }, { 8.38477, 2.56436, 0.00000 }, { 8.38477, 2.56436, 0.00000 }, { 8.38477, 5.18607, 0.00000 }, { 8.38477, 5.18607, 0.00000 }, { 8.38477, 5.18607, 0.00000 }, { 11.25269, 5.18607, 0.00000 }, { 11.25269, 5.18607, 0.00000 }, { 11.25269, 5.18607, 0.00000 }, { 11.25269, 6.76776, 0.00000 }, { 11.25269, 6.76776, 0.00000 }, { 11.25269, 6.76776, 0.00000 }, { 14.25635, 6.76776, 0.00000 }, { 14.25635, 6.76776, 0.00000 }, { 14.25635, 6.76776, 0.00000 }, { 14.25635, 23.20239, 0.00000 }, { 14.25635, 23.20239, 0.00000 }, { 14.25635, 23.20239, 0.00000 }, { 11.77344, 23.20239, 0.00000 }, { 11.77344, 23.20239, 0.00000 }, { 11.77344, 23.20239, 0.00000 }, { 11.77344, 25.29957, 0.00000 }, { 11.77344, 25.29957, 0.00000 }, { 11.77344, 25.29957, 0.00000 }, { 11.17249, 25.29957, 0.00000 }, { 11.17249, 25.29957, 0.00000 }, { 11.17249, 25.29957, 0.00000 }, { 11.17249, 26.73807, 0.00000 }, { 11.17249, 26.73807, 0.00000 }, { 11.17249, 26.73807, 0.00000 }, { 10.42224, 26.73807, 0.00000 }, { 10.42224, 26.73807, 0.00000 }, { 10.42224, 26.73807, 0.00000 }, { 10.43292, 31.52917, 0.00000 }, { 10.43292, 31.52917, 0.00000 }, { 10.43292, 31.52917, 0.00000 }, { 5.76556, 31.52917, 0.00000 }, { 5.76556, 31.52917, 0.00000 }, { 5.76556, 31.52917, 0.00000 }, { 5.76556, 27.05360, 0.00000 }, { 5.76556, 27.05360, 0.00000 }, { 5.76556, 27.05360, 0.00000 }, { 0.87292, 27.04285, 0.00000 }, { 0.87292, 27.04285, 0.00000 }, { 0.87292, 27.04285, 0.00000 }, { 0.87292, 31.52917, 0.00000 }, { 0.87292, 31.52917, 0.00000 }, { 0.87292, 31.52917, 0.00000 }, { -3.78375, 31.52917, 0.00000 }, { -3.78375, 31.52917, 0.00000 }, { -3.78375, 31.52917, 0.00000 }, { -3.78375, 27.05360, 0.00000 }, { -3.78375, 27.05360, 0.00000 }, { -3.78375, 27.05360, 0.00000 }, { -8.50342, 27.05360, 0.00000 }, { -8.50342, 27.05360, 0.00000 }, { -8.50342, 27.05360, 0.00000 }, { -8.50342, 31.52379, 0.00000 }, { -8.50342, 31.52379, 0.00000 }, { -8.50342, 31.52379, 0.00000 }, { -13.14941, 31.53456, 0.00000 }, { -13.14941, 31.53456, 0.00000 }, { -13.14941, 31.53456, 0.00000 }, { -13.14941, 26.73807, 0.00000 }, { -13.14941, 26.73807, 0.00000 }, { -13.14941, 26.73807, 0.00000 }, { -14.56079, 26.73807, 0.00000 }, { -14.56079, 26.73807, 0.00000 }, { -14.56079, 26.73807, 0.00000 }, { -14.56079, 5.18607, 0.00000 }, { -14.56079, 5.18607, 0.00000 }, { -14.56079, 5.18607, 0.00000 }, { -11.73291, 5.49602, 0.00000 }, { -11.73291, 5.49602, 0.00000 }, { -11.73291, 5.49602, 0.00000 }, { -11.69287, 2.56436, 0.00000 }, { -11.69287, 2.56436, 0.00000 }, { -11.69287, 2.56436, 0.00000 }, { -4.81854, 2.75430, 0.00000 }, { -4.81854, 2.75430, 0.00000 }, { -4.81854, 2.75430, 0.00000 }, { -4.81848, 1.11942, 0.00000 }, { -4.81848, 1.11942, 0.00000 }, },
			},
			["shared/asphalt_02.gtex.lua;shared/dirt.gtex.lua;shared/asphalt_03.gtex.lua"] = {
				{ { 16.00000, 0.00000, -0.00001 }, { 16.00000, 0.00000, -0.00001 }, { 16.00000, 32.00000, -0.00001 }, { 16.00000, 32.00000, -0.00001 }, { 16.00000, 32.00000, -0.00001 }, { -16.00000, 32.00000, -0.00001 }, { -16.00000, 32.00000, -0.00001 }, { -16.00000, 32.00000, -0.00001 }, { -16.00000, 0.00000, -0.00001 }, { -16.00000, 0.00000, -0.00001 }, },
			},
		},
	},
	["layout_1"] = {
		models = {
			["asset/ground/container_hexagon.mdl"] = {
				{ 1.00000, 0.00000, 0.00000, 0.00000, 0.00000, 1.00000, 0.00000, 0.00000, 0.00000, 0.00000, 1.00000, 0.00000, 13.36000, 25.92000, 0.00000, 1.00000, },
			},
			["asset/ground/container_small_steel.mdl"] = {
				{ 0.55696, 0.83054, 0.00000, 0.00000, -0.83054, 0.55696, 0.00000, 0.00000, 0.00000, -0.00000, 1.00000, 0.00000, 12.39080, 8.53608, 1.33700, 1.00000, },
			},
			["asset/industry/pallet_01.mdl"] = {
				{ -0.83389, 0.55194, -0.00000, 0.00000, -0.55194, -0.83389, 0.00000, 0.00000, -0.00000, 0.00000, 1.00000, 0.00000, 12.39080, 8.53608, 1.19300, 1.00000, },
				{ -0.99813, 0.06105, -0.00000, 0.00000, -0.06105, -0.99813, 0.00000, 0.00000, -0.00000, 0.00000, 1.00000, 0.00000, 11.79000, 14.91000, 1.19300, 1.00000, },
				{ -0.99985, 0.01745, -0.00000, 0.00000, -0.01745, -0.99985, 0.00000, 0.00000, -0.00000, 0.00000, 1.00000, 0.00000, 11.80500, 16.35500, 1.19300, 1.00000, },
				{ -0.99985, 0.01745, -0.00000, 0.00000, -0.01745, -0.99985, 0.00000, 0.00000, -0.00000, 0.00000, 1.00000, 0.00000, 2.38500, 1.99500, -0.00004, 1.00000, },
				{ -0.99985, 0.01745, -0.00000, 0.00000, -0.01745, -0.99985, 0.00000, 0.00000, -0.00000, 0.00000, 1.00000, 0.00000, 3.50500, 1.99500, -0.00004, 1.00000, },
				{ -0.99357, 0.11320, -0.00000, 0.00000, -0.11320, -0.99357, 0.00000, 0.00000, -0.00000, 0.00000, 1.00000, 0.00000, 4.72500, 1.99500, -0.00004, 1.00000, },
			},
			["asset/industry/wooden_box_02.mdl"] = {
				{ 1.00000, 0.00000, 0.00000, 0.00000, 0.00000, 1.00000, 0.00000, 0.00000, 0.00000, 0.00000, 1.00000, 0.00000, 11.70000, 15.00000, 1.32500, 1.00000, },
				{ 1.00000, 0.00000, 0.00000, 0.00000, 0.00000, 1.00000, 0.00000, 0.00000, 0.00000, 0.00000, 1.00000, 0.00000, 11.70000, 16.34000, 1.32500, 1.00000, },
				{ 1.00000, 0.00000, 0.00000, 0.00000, 0.00000, 1.00000, 0.00000, 0.00000, 0.00000, 0.00000, 1.00000, 0.00000, 2.28000, 1.98000, 0.13196, 1.00000, },
				{ -0.99357, -0.11320, 0.00000, 0.00000, 0.11320, -0.99357, 0.00000, 0.00000, 0.00000, 0.00000, 1.00000, 0.00000, 3.46000, 1.98000, 0.13196, 1.00000, },
				{ -0.97815, -0.20791, 0.00000, 0.00000, 0.20791, -0.97815, 0.00000, 0.00000, 0.00000, 0.00000, 1.00000, 0.00000, 4.68000, 1.98000, 0.13196, 1.00000, },
				{ 0.99756, -0.06976, 0.00000, 0.00000, 0.06976, 0.99756, 0.00000, 0.00000, 0.00000, 0.00000, 1.00000, 0.00000, 11.70000, 16.34000, 2.21613, 1.00000, },
				{ 0.99756, -0.06976, 0.00000, 0.00000, 0.06976, 0.99756, 0.00000, 0.00000, 0.00000, 0.00000, 1.00000, 0.00000, 2.28000, 1.98000, 1.02310, 1.00000, },
				{ -1.00000, -0.00000, 0.00000, 0.00000, 0.00000, -1.00000, 0.00000, 0.00000, 0.00000, 0.00000, 1.00000, 0.00000, 3.46000, 1.98000, 1.02310, 1.00000, },
				{ -0.99756, 0.06976, 0.00000, 0.00000, -0.06976, -0.99756, 0.00000, 0.00000, 0.00000, 0.00000, 1.00000, 0.00000, 3.46000, 1.98000, 1.91423, 1.00000, },
			},
			["asset/industry/wooden_box_04.mdl"] = {
				{ 1.00000, 0.00000, 0.00000, 0.00000, 0.00000, 1.00000, 0.00000, 0.00000, 0.00000, 0.00000, 1.00000, 0.00000, -6.84000, 28.30000, 0.00000, 1.00000, },
				{ 1.00000, 0.00000, 0.00000, 0.00000, 0.00000, 1.00000, 0.00000, 0.00000, 0.00000, 0.00000, 1.00000, 0.00000, -5.20000, 28.30000, 0.00000, 1.00000, },
			},
			["station/rail/asset/cargo_pallet_jack.mdl"] = {
				{ -0.56641, -0.82413, 0.00000, 0.00000, 0.82413, -0.56641, 0.00000, 0.00000, 0.00000, 0.00000, 1.00000, 0.00000, 12.57341, 8.85278, 1.19300, 1.00000, },
			},
		},
	},
}
--End Generated

function data()
	return townbuildingutil.make_building2(
		{ { -4.60, -0.10 }, { 4.60, -0.10 }, { 4.60, 9.10 }, { -4.60, 9.10 } },
		"INDUSTRIAL", 
		"C", 
		4,
		{ 4, 4 },
		generatedData,
		"construction/building/era_c/ind_4_4x4_04.gtex"
	)
end
