local townbuildingutil = require "townbuildingutil"

--Model file: "building/era_c/ind_1_2x2_02.mdl"

--Begin Generated
local generatedData = {
	["base"] = {
		models = {
			["building/era_c/ind_1_2x2_02.mdl"] = {
				{ 1.00000, 0.00000, 0.00000, 0.00000, 0.00000, 1.00000, 0.00000, 0.00000, 0.00000, 0.00000, 1.00000, 0.00000, -3.80000, 2.25000, 0.00000, 1.00000, },
			},
		},
		curves = {
			["scaffold"] = {
				{ { 3.05196, 4.24609, 0.00000 }, { 3.05196, 4.24609, 0.00000 }, { 3.05196, 9.80609, 0.00000 }, { 3.05196, 9.80609, 0.00000 }, { 3.05196, 9.80609, 0.00000 }, { -2.10802, 9.80609, 0.00000 }, { -2.10802, 9.80609, 0.00000 }, { -2.10802, 9.80609, 0.00000 }, { -2.10800, 4.24609, 0.00000 }, { -2.10800, 4.24609, 0.00000 }, },
				{ { -5.46585, 6.04688, 0.00000 }, { -5.46585, 6.04688, 0.00000 }, { -5.46585, 12.01468, 0.00000 }, { -5.46585, 12.01468, 0.00000 }, { -5.46585, 12.01468, 0.00000 }, { 1.94925, 12.01468, 0.00000 }, { 1.94925, 12.01468, 0.00000 }, { 1.94925, 12.01468, 0.00000 }, { 1.94925, 17.26572, 0.00000 }, { 1.94925, 17.26572, 0.00000 }, { 1.94925, 17.26572, 0.00000 }, { -10.77832, 17.26572, 0.00000 }, { -10.77832, 17.26572, 0.00000 }, { -10.77832, 17.26572, 0.00000 }, { -10.77832, 12.01468, 0.00000 }, { -10.77832, 12.01468, 0.00000 }, { -10.77832, 12.01468, 0.00000 }, { -10.26010, 12.01468, 0.00000 }, { -10.26010, 12.01468, 0.00000 }, { -10.26010, 12.01468, 0.00000 }, { -10.26010, 6.04688, 0.00000 }, { -10.26010, 6.04688, 0.00000 }, },
			},
			["shared/asphalt_02.gtex.lua;shared/dirt.gtex.lua;shared/asphalt_03.gtex.lua"] = {
				{ { 12.00000, 0.00000, 0.00000 }, { 12.00000, 0.00000, 0.00000 }, { 12.00000, 23.99999, 0.00000 }, { 12.00000, 24.00000, 0.00000 }, { 12.00000, 24.00000, 0.00000 }, { -12.00000, 24.00000, 0.00000 }, { -12.00000, 24.00000, 0.00000 }, { -12.00000, 23.99999, 0.00000 }, { -12.00000, 0.00000, 0.00000 }, { -12.00000, 0.00000, 0.00000 }, },
			},
		},
	},
	["layout_1"] = {
		models = {
			["asset/ground/container_big_steel.mdl"] = {
				{ 1.00000, 0.00000, 0.00000, 0.00000, 0.00000, 1.00000, 0.00000, 0.00000, 0.00000, 0.00000, 1.00000, 0.00000, 9.50949, 11.78000, 0.00000, 1.00000, },
			},
			["asset/industry/cardboard_box_01.mdl"] = {
				{ -0.00000, 1.00000, 0.00000, 0.00000, -1.00000, -0.00000, 0.00000, 0.00000, 0.00000, 0.00000, 1.00000, 0.00000, -0.68000, 6.17000, 0.14000, 1.00000, },
				{ -0.04990, -0.99875, 0.00000, 0.00000, 0.99875, -0.04990, 0.00000, 0.00000, 0.00000, 0.00000, 1.00000, 0.00000, -0.68000, 5.52500, 0.14000, 1.00000, },
				{ 0.25814, 0.96611, 0.00000, 0.00000, -0.96611, 0.25814, 0.00000, 0.00000, 0.00000, -0.00000, 1.00000, 0.00000, 0.74000, 6.09000, 0.14000, 1.00000, },
				{ -0.39073, -0.92050, -0.00000, 0.00000, 0.92050, -0.39073, -0.00000, 0.00000, -0.00000, -0.00000, 1.00000, 0.00000, 0.95042, 6.66521, 0.65000, 1.00000, },
				{ 0.25814, 0.96611, 0.00000, 0.00000, -0.96611, 0.25814, 0.00000, 0.00000, 0.00000, -0.00000, 1.00000, 0.00000, 0.91000, 6.68000, 0.14000, 1.00000, },
				{ -0.15712, 0.98758, -0.00000, 0.00000, -0.98758, -0.15712, 0.00000, 0.00000, -0.00000, 0.00000, 1.00000, 0.00000, 2.95399, 20.64000, 0.00000, 1.00000, },
				{ 0.17777, -0.98407, 0.00000, 0.00000, 0.98407, 0.17777, 0.00000, 0.00000, -0.00000, -0.00000, 1.00000, 0.00000, 2.78400, 20.01000, 0.00000, 1.00000, },
				{ -0.39073, -0.92050, -0.00000, 0.00000, 0.92050, -0.39073, -0.00000, 0.00000, -0.00000, -0.00000, 1.00000, 0.00000, 0.69958, 6.10479, 0.65000, 1.00000, },
				{ -0.00000, 1.00000, 0.00000, 0.00000, -1.00000, -0.00000, 0.00000, 0.00000, 0.00000, 0.00000, 1.00000, 0.00000, -0.68000, 7.45000, 0.14000, 1.00000, },
			},
			["asset/industry/ind_shelter_01.mdl"] = {
				{ 1.00000, 0.00000, 0.00000, 0.00000, 0.00000, 1.00000, 0.00000, 0.00000, 0.00000, 0.00000, 1.00000, 0.00000, 0.41400, 22.34000, 0.00000, 1.00000, },
			},
			["asset/industry/ind_shelter_02.mdl"] = {
				{ 1.00000, 0.00000, 0.00000, 0.00000, 0.00000, 1.00000, 0.00000, 0.00000, 0.00000, 0.00000, 1.00000, 0.00000, 7.41400, 22.34000, 0.00000, 1.00000, },
			},
			["asset/industry/pallet_01.mdl"] = {
				{ 1.00000, 0.00000, 0.00000, 0.00000, 0.00000, 1.00000, 0.00000, 0.00000, 0.00000, 0.00000, 1.00000, 0.00000, -0.68000, 5.93500, 0.00000, 1.00000, },
				{ 0.96815, -0.25038, 0.00000, 0.00000, 0.25038, 0.96815, 0.00000, 0.00000, 0.00000, 0.00000, 1.00000, 0.00000, 0.80133, 6.26847, 0.00000, 1.00000, },
				{ 1.00000, 0.00000, 0.00000, 0.00000, 0.00000, 1.00000, 0.00000, 0.00000, 0.00000, 0.00000, 1.00000, 0.00000, -0.68000, 7.21500, 0.00000, 1.00000, },
			},
			["asset/industry/wooden_box_04.mdl"] = {
				{ 1.00000, 0.00000, 0.00000, 0.00000, 0.00000, 1.00000, 0.00000, 0.00000, 0.00000, 0.00000, 1.00000, 0.00000, -1.66600, 20.18000, 0.00000, 1.00000, },
				{ 1.00000, 0.00000, 0.00000, 0.00000, 0.00000, 1.00000, 0.00000, 0.00000, 0.00000, 0.00000, 1.00000, 0.00000, -0.06600, 20.18000, 0.00000, 1.00000, },
				{ 1.00000, 0.00000, 0.00000, 0.00000, 0.00000, 1.00000, 0.00000, 0.00000, 0.00000, 0.00000, 1.00000, 0.00000, 1.44400, 20.18000, 0.00000, 1.00000, },
			},
			["station/air/asset/handrail_3m.mdl"] = {
				{ 1.00000, 0.00000, 0.00000, 0.00000, 0.00000, 1.00000, 0.00000, 0.00000, 0.00000, 0.00000, 1.00000, 0.00000, 9.72405, 23.78439, 0.00000, 1.00000, },
			},
			["station/air/asset/handrail_6m.mdl"] = {
				{ 1.00000, 0.00000, 0.00000, 0.00000, 0.00000, 1.00000, 0.00000, 0.00000, 0.00000, 0.00000, 1.00000, 0.00000, -0.91297, 23.78439, 0.00000, 1.00000, },
				{ 0.00000, 1.00000, 0.00000, 0.00000, -1.00000, 0.00000, 0.00000, 0.00000, 0.00000, 0.00000, 1.00000, 0.00000, 11.20888, 14.57500, 0.00000, 1.00000, },
				{ 1.00000, 0.00000, 0.00000, 0.00000, 0.00000, 1.00000, 0.00000, 0.00000, 0.00000, 0.00000, 1.00000, 0.00000, 5.12611, 23.78439, 0.00000, 1.00000, },
				{ 0.00000, 1.00000, 0.00000, 0.00000, -1.00000, 0.00000, 0.00000, 0.00000, 0.00000, 0.00000, 1.00000, 0.00000, 11.20888, 20.61408, 0.00000, 1.00000, },
				{ 0.00000, 1.00000, 0.00000, 0.00000, -1.00000, 0.00000, 0.00000, 0.00000, 0.00000, 0.00000, 1.00000, 0.00000, -10.54832, 20.61408, 0.00000, 1.00000, },
				{ 1.00000, 0.00000, 0.00000, 0.00000, 0.00000, 1.00000, 0.00000, 0.00000, 0.00000, 0.00000, 1.00000, 0.00000, -6.99779, 23.78439, 0.00000, 1.00000, },
				{ 0.00000, 1.00000, 0.00000, 0.00000, -1.00000, 0.00000, 0.00000, 0.00000, 0.00000, 0.00000, 1.00000, 0.00000, 11.20888, 8.49018, 0.00000, 1.00000, },
			},
			["station/rail/asset/cargo_lamps.mdl"] = {
				{ 1.00000, 0.00000, 0.00000, 0.00000, 0.00000, 1.00000, 0.00000, 0.00000, 0.00000, 0.00000, 1.00000, 0.00000, 5.42871, 17.06122, 0.00000, 1.00000, },
				{ 1.00000, 0.00000, 0.00000, 0.00000, 0.00000, 1.00000, 0.00000, 0.00000, 0.00000, 0.00000, 1.00000, 0.00000, 5.42871, 6.22378, 0.00000, 1.00000, },
			},
			["station/rail/asset/cargo_pallet_jack.mdl"] = {
				{ -0.50000, 0.86603, 0.00000, 0.00000, -0.86603, -0.50000, 0.00000, 0.00000, 0.00000, 0.00000, 1.00000, 0.00000, -0.23000, 4.35000, 0.00000, 1.00000, },
			},
		},
		groups = {
			["era_c_ind_random_decoration.grp"] = {
				{ 1.00000, 0.00000, 0.00000, 0.00000, 0.00000, 1.00000, 0.00000, 0.00000, 0.00000, 0.00000, 1.00000, 0.00000, 10.05949, 6.78000, 0.00000, 1.00000, },
				{ -0.00000, 1.00000, 0.00000, 0.00000, -1.00000, -0.00000, 0.00000, 0.00000, 0.00000, 0.00000, 1.00000, 0.00000, -8.79757, 18.40000, 0.00000, 1.00000, },
			},
		},
	},
}
--End Generated

function data()
	return townbuildingutil.make_building2(
		{ { -4.60, -0.10 }, { 4.60, -0.10 }, { 4.60, 9.10 }, { -4.60, 9.10 } },
		"INDUSTRIAL", 
		"C", 
		1,
		{ 3, 3 },
		generatedData,
		"construction/building/era_c/ind_1_3x3_01.gtex"
	)
end
