local townbuildingutil = require "townbuildingutil"

--Model file: "building/era_c/ind_1_1x2_01.mdl"

--Begin Generated
local generatedData = {
	["base"] = {
		models = {
			["building/era_c/ind_1_1x2_01.mdl"] = {
				{ 1.00000, 0.00000, 0.00000, 0.00000, 0.00000, 1.00000, 0.00000, 0.00000, 0.00000, 0.00000, 1.00000, 0.00000, 0.00000, 1.23000, 0.88000, 1.00000, },
			},
		},
		curves = {
			["scaffold"] = {
				{ { 3.45837, 5.79934, 0.00000 }, { 3.45837, 5.79934, 0.00000 }, { 3.45837, 13.65933, 0.00000 }, { 3.45837, 13.65933, 0.00000 }, { 3.45837, 13.65933, 0.00000 }, { -3.20163, 13.65932, 0.00000 }, { -3.20163, 13.65932, 0.00000 }, { -3.20163, 13.65932, 0.00000 }, { -3.20163, 5.79934, 0.00000 }, { -3.20163, 5.79934, 0.00000 }, },
			},
			["shared/asphalt_02.gtex.lua;shared/dirt.gtex.lua;shared/asphalt_03.gtex.lua"] = {
				{ { 4.00000, 0.00000, -0.00000 }, { 4.00000, 0.00000, -0.00000 }, { 4.00000, 16.00000, -0.00000 }, { 4.00000, 16.00000, -0.00000 }, { 4.00000, 16.00000, -0.00000 }, { -4.00000, 16.00000, -0.00000 }, { -4.00000, 16.00000, -0.00000 }, { -4.00000, 16.00000, -0.00000 }, { -4.00000, 0.00000, -0.00000 }, { -4.00000, 0.00000, -0.00000 }, },
			},
		},
	},
	["layout_1"] = {
		models = {
			["asset/industry/pallet_01.mdl"] = {
				{ 0.99497, 0.10017, 0.00000, 0.00000, -0.10017, 0.99497, 0.00000, 0.00000, 0.00000, 0.00000, 1.00000, 0.00000, -2.61000, 7.98000, 0.00000, 1.00000, },
				{ 0.99861, 0.05273, 0.00000, 0.00000, -0.05273, 0.99861, 0.00000, 0.00000, 0.00000, 0.00000, 1.00000, 0.00000, -1.28000, 7.98000, 0.00000, 1.00000, },
				{ 0.99459, 0.10390, 0.00000, 0.00000, -0.10390, 0.99459, 0.00000, 0.00000, 0.00000, 0.00000, 1.00000, 0.00000, -1.03000, 9.40500, 0.00000, 1.00000, },
				{ 0.99714, 0.07560, 0.00000, 0.00000, -0.07560, 0.99714, 0.00000, 0.00000, 0.00000, 0.00000, 1.00000, 0.00000, 0.09000, 9.40500, 0.00000, 1.00000, },
				{ 0.99993, 0.01153, 0.00000, 0.00000, -0.01153, 0.99993, 0.00000, 0.00000, 0.00000, 0.00000, 1.00000, 0.00000, 1.19000, 9.40500, 0.00000, 1.00000, },
				{ 0.99588, 0.09063, 0.00000, 0.00000, -0.09063, 0.99588, 0.00000, 0.00000, 0.00000, 0.00000, 1.00000, 0.00000, 2.89500, 9.40500, 0.00000, 1.00000, },
				{ 0.12187, 0.00000, 0.99255, 0.00000, 0.00000, 1.00000, 0.00000, 0.00000, -0.99255, 0.00000, 0.12187, 0.00000, 2.01500, 9.40500, 0.51000, 1.00000, },
				{ 0.99874, -0.05020, 0.00000, 0.00000, 0.05020, 0.99874, 0.00000, 0.00000, 0.00000, 0.00000, 1.00000, 0.00000, 2.92000, 7.98000, 0.00000, 1.00000, },
			},
			["asset/industry/wooden_box_02.mdl"] = {
				{ 0.99476, 0.10222, 0.00000, 0.00000, -0.10222, 0.99476, 0.00000, 0.00000, 0.00000, 0.00000, 1.00000, 0.00000, -2.60000, 9.50000, 0.00000, 1.00000, },
				{ 0.98188, 0.18951, 0.00000, 0.00000, -0.18951, 0.98188, 0.00000, 0.00000, 0.00000, 0.00000, 1.00000, 0.00000, -2.60000, 8.01000, 0.14500, 1.00000, },
				{ 0.99104, 0.13359, 0.00000, 0.00000, -0.13359, 0.99104, 0.00000, 0.00000, 0.00000, 0.00000, 1.00000, 0.00000, -1.02500, 9.50000, 0.12600, 1.00000, },
				{ 0.99995, 0.01035, 0.00000, 0.00000, -0.01035, 0.99995, 0.00000, 0.00000, 0.00000, 0.00000, 1.00000, 0.00000, 2.88500, 9.50000, 0.12600, 1.00000, },
				{ 0.99613, 0.08794, 0.00000, 0.00000, -0.08794, 0.99613, 0.00000, 0.00000, 0.00000, 0.00000, 1.00000, 0.00000, 0.09500, 9.50000, 0.12600, 1.00000, },
				{ 0.98548, 0.16981, 0.00000, 0.00000, -0.16981, 0.98548, 0.00000, 0.00000, 0.00000, 0.00000, 1.00000, 0.00000, 1.14500, 9.50000, 0.12600, 1.00000, },
				{ 0.98308, 0.18319, 0.00000, 0.00000, -0.18319, 0.98308, 0.00000, 0.00000, 0.00000, 0.00000, 1.00000, 0.00000, -2.60000, 9.50000, 0.89500, 1.00000, },
				{ 0.99289, 0.11901, 0.00000, 0.00000, -0.11901, 0.99289, 0.00000, 0.00000, 0.00000, 0.00000, 1.00000, 0.00000, -2.60000, 8.01000, 1.04000, 1.00000, },
				{ 0.98029, 0.19755, 0.00000, 0.00000, -0.19755, 0.98029, 0.00000, 0.00000, 0.00000, 0.00000, 1.00000, 0.00000, -1.02500, 9.50000, 1.02100, 1.00000, },
				{ 0.99205, 0.12584, 0.00000, 0.00000, -0.12584, 0.99205, 0.00000, 0.00000, 0.00000, 0.00000, 1.00000, 0.00000, 2.88500, 9.50000, 1.02100, 1.00000, },
				{ 0.98892, 0.14842, 0.00000, 0.00000, -0.14842, 0.98892, 0.00000, 0.00000, 0.00000, 0.00000, 1.00000, 0.00000, 0.09500, 9.50000, 1.02100, 1.00000, },
				{ 0.99588, 0.09073, 0.00000, 0.00000, -0.09073, 0.99588, 0.00000, 0.00000, 0.00000, 0.00000, 1.00000, 0.00000, 1.14500, 9.50000, 1.02100, 1.00000, },
				{ 0.99913, 0.04175, 0.00000, 0.00000, -0.04175, 0.99913, 0.00000, 0.00000, 0.00000, 0.00000, 1.00000, 0.00000, -2.60000, 9.50000, 1.79000, 1.00000, },
				{ 0.99481, 0.10176, 0.00000, 0.00000, -0.10176, 0.99481, 0.00000, 0.00000, 0.00000, 0.00000, 1.00000, 0.00000, -1.02500, 9.50000, 1.91600, 1.00000, },
				{ 0.63632, 0.77143, 0.00000, 0.00000, -0.77143, 0.63632, 0.00000, 0.00000, 0.00000, 0.00000, 1.00000, 0.00000, 0.99000, 9.50000, 1.91600, 1.00000, },
				{ 0.99920, 0.04002, 0.00000, 0.00000, -0.04002, 0.99920, 0.00000, 0.00000, 0.00000, 0.00000, 1.00000, 0.00000, 2.88500, 9.50000, 1.91600, 1.00000, },
			},
			["asset/industry/wooden_box_04.mdl"] = {
				{ 0.99550, 0.09477, 0.00000, 0.00000, -0.09477, 0.99550, 0.00000, 0.00000, 0.00000, 0.00000, 1.00000, 0.00000, -2.54000, 11.16000, 0.00000, 1.00000, },
				{ 0.99900, 0.04462, 0.00000, 0.00000, -0.04462, 0.99900, 0.00000, 0.00000, 0.00000, 0.00000, 1.00000, 0.00000, -2.54000, 11.16000, 1.86000, 1.00000, },
				{ 0.99997, 0.00804, 0.00000, 0.00000, -0.00804, 0.99997, 0.00000, 0.00000, 0.00000, 0.00000, 1.00000, 0.00000, -0.83000, 11.16000, 0.00000, 1.00000, },
				{ -0.99443, -0.10541, -0.00000, 0.00000, 0.10541, -0.99443, 0.00000, 0.00000, -0.00000, 0.00000, 1.00000, 0.00000, -0.83000, 11.16000, 1.86000, 1.00000, },
				{ -0.99966, -0.02610, -0.00000, 0.00000, 0.02610, -0.99966, 0.00000, 0.00000, -0.00000, 0.00000, 1.00000, 0.00000, 0.72000, 11.16000, 0.00000, 1.00000, },
				{ 0.99541, 0.09574, 0.00000, 0.00000, -0.09574, 0.99541, 0.00000, 0.00000, 0.00000, 0.00000, 1.00000, 0.00000, 0.72000, 11.16000, 1.86000, 1.00000, },
				{ 0.99980, 0.02024, 0.00000, 0.00000, -0.02024, 0.99980, 0.00000, 0.00000, 0.00000, 0.00000, 1.00000, 0.00000, 2.46000, 11.16000, 0.00000, 1.00000, },
				{ -0.99961, 0.02785, -0.00000, 0.00000, -0.02785, -0.99961, 0.00000, 0.00000, -0.00000, 0.00000, 1.00000, 0.00000, 2.46000, 11.16000, 1.86000, 1.00000, },
			},
			["station/rail/asset/cargo_pallet_jack.mdl"] = {
				{ -0.35021, 0.93667, 0.00000, 0.00000, -0.93667, -0.35021, 0.00000, 0.00000, 0.00000, 0.00000, 1.00000, 0.00000, -1.04500, 6.80500, 0.00000, 1.00000, },
			},
		},
		groups = {
			["era_c_ind_random_decoration.grp"] = {
				{ 0.99993, 0.01189, 0.00000, 0.00000, -0.01189, 0.99993, 0.00000, 0.00000, 0.00000, 0.00000, 1.00000, 0.00000, -2.72000, 14.42000, 0.00000, 1.00000, },
				{ 0.99957, 0.02932, 0.00000, 0.00000, -0.02932, 0.99957, 0.00000, 0.00000, 0.00000, 0.00000, 1.00000, 0.00000, -0.67160, 14.42025, 0.00000, 1.00000, },
				{ 0.99992, 0.01252, 0.00000, 0.00000, -0.01252, 0.99992, 0.00000, 0.00000, 0.00000, 0.00000, 1.00000, 0.00000, 1.37557, 14.48019, 0.00000, 1.00000, },
				{ 0.99999, -0.00491, 0.00000, 0.00000, 0.00491, 0.99999, 0.00000, 0.00000, 0.00000, 0.00000, 1.00000, 0.00000, -2.79437, 5.04997, 0.00000, 1.00000, },
				{ 0.99999, -0.00479, 0.00000, 0.00000, 0.00479, 0.99999, 0.00000, 0.00000, 0.00000, 0.00000, 1.00000, 0.00000, 2.85549, 5.04997, 0.00000, 1.00000, },
			},
		},
	},
}
--End Generated

function data()
	return townbuildingutil.make_building2(
		{ { -4.60, -0.10 }, { 4.60, -0.10 }, { 4.60, 9.10 }, { -4.60, 9.10 } },
		"INDUSTRIAL", 
		"C", 
		1,
		{ 1, 2 },
		generatedData,
		"construction/building/era_c/ind_1_1x2_02.gtex"
	)
end
