local townbuildingutil = require "townbuildingutil"

--Model file: "building/era_c/ind_2_1x2_01.mdl"

--Begin Generated
local generatedData = {
	["base"] = {
		models = {
			["building/era_c/ind_2_1x2_01.mdl"] = {
				{ 1.00000, 0.00000, 0.00000, 0.00000, 0.00000, 1.00000, 0.00000, 0.00000, 0.00000, 0.00000, 1.00000, 0.00000, 0.00000, 0.00000, 0.00000, 1.00000, },
			},
		},
		curves = {
			["scaffold"] = {
				{ { 2.59435, 2.71790, 0.00000 }, { 2.59435, 2.71790, 0.00000 }, { 2.59435, 6.08740, 0.00000 }, { 2.59435, 6.08740, 0.00000 }, { 2.59435, 6.08740, 0.00000 }, { 3.26924, 6.08740, 0.00000 }, { 3.26924, 6.08740, 0.00000 }, { 3.26924, 6.08740, 0.00000 }, { 3.26924, 15.32748, 0.00000 }, { 3.26924, 15.32748, 0.00000 }, { 3.26924, 15.32748, 0.00000 }, { -3.16656, 15.32748, 0.00000 }, { -3.16656, 15.32748, 0.00000 }, { -3.16656, 15.32748, 0.00000 }, { -3.16658, 2.71790, 0.00000 }, { -3.16658, 2.71790, 0.00000 }, },
			},
			["shared/asphalt_02.gtex.lua;shared/dirt.gtex.lua;shared/asphalt_03.gtex.lua"] = {
				{ { 4.00000, 0.00000, -0.00000 }, { 4.00000, 0.00000, -0.00000 }, { 4.00000, 16.00000, -0.00000 }, { 4.00000, 16.00000, -0.00000 }, { 4.00000, 16.00000, -0.00000 }, { -4.00000, 16.00000, -0.00000 }, { -4.00000, 16.00000, -0.00000 }, { -4.00000, 16.00000, -0.00000 }, { -4.00000, 0.00000, -0.00000 }, { -4.00000, 0.00000, -0.00000 }, },
			},
		},
	},
	["layout_1"] = {
		models = {
			["asset/ground/garden_chair_plastic_01.mdl"] = {
				{ 0.23175, -0.97278, 0.00000, 0.00000, 0.97278, 0.23175, -0.00000, 0.00000, 0.00000, 0.00000, 1.00000, 0.00000, 1.50000, 5.59500, 0.00000, 1.00000, },
				{ -0.23514, -0.97196, 0.00000, 0.00000, 0.97196, -0.23514, 0.00000, 0.00000, 0.00000, 0.00000, 1.00000, 0.00000, 1.46000, 4.08000, 0.00000, 1.00000, },
			},
			["asset/industry/cardboard_box_01.mdl"] = {
				{ -0.03839, -0.99926, -0.00000, 0.00000, -0.99926, 0.03839, -0.00000, 0.00000, 0.00000, 0.00000, -1.00000, 0.00000, 1.49000, 4.86000, 0.49000, 1.00000, },
			},
			["asset/industry/steal_pipes_01.mdl"] = {
				{ 0.99255, 0.12187, 0.00000, 0.00000, -0.12187, 0.99255, 0.00000, 0.00000, 0.00000, 0.00000, 1.00000, 0.00000, 2.92000, 3.78000, 0.00000, 1.00000, },
			},
			["asset/industry/wood_plates_01.mdl"] = {
				{ 0.09585, 0.00000, 0.99540, 0.00000, 0.00000, 1.00000, 0.00000, 0.00000, -0.99540, 0.00000, 0.09585, 0.00000, -2.96000, 10.54000, 0.54000, 1.00000, },
			},
		},
	},
}
--End Generated

function data()
	return townbuildingutil.make_building2(
		{ { -4.60, -0.10 }, { 4.60, -0.10 }, { 4.60, 9.10 }, { -4.60, 9.10 } },
		"INDUSTRIAL", 
		"C", 
		2,
		{ 1, 2 },
		generatedData,
		"construction/building/era_c/ind_2_1x2_02.gtex"
	)
end
