local townbuildingutil = require "townbuildingutil"

--Model file: "building/era_c/ind_2_1x1_02.mdl"

--Begin Generated
local generatedData = {
	["base"] = {
		models = {
			["building/era_c/ind_2_1x1_02.mdl"] = {
				{ 1.00000, 0.00000, 0.00000, 0.00000, 0.00000, 1.00000, 0.00000, 0.00000, 0.00000, 0.00000, 1.00000, 0.00000, 0.00000, -0.80000, 0.00000, 1.00000, },
			},
		},
		curves = {
			["scaffold"] = {
				{ { 3.02863, 0.20656, 0.00000 }, { 3.02863, 0.20656, 0.00000 }, { 3.02863, 6.21242, 0.00000 }, { 3.02863, 6.21242, 0.00000 }, { 3.02863, 6.21242, 0.00000 }, { -2.99605, 6.20314, 0.00000 }, { -2.99606, 6.20314, 0.00000 }, { -2.99606, 6.20314, 0.00000 }, { -2.99606, 2.35573, 0.00000 }, { -2.99606, 2.35573, 0.00000 }, { -2.99606, 2.35573, 0.00000 }, { -1.20998, 2.35573, 0.00000 }, { -1.20998, 2.35573, 0.00000 }, { -1.20998, 2.35573, 0.00000 }, { -1.20998, 0.23232, 0.00000 }, { -1.20998, 0.23232, 0.00000 }, },
			},
			["shared/asphalt_02.gtex.lua;shared/dirt.gtex.lua;shared/asphalt_03.gtex.lua"] = {
				{ { 4.00000, 0.00000, 0.00000 }, { 4.00000, 0.00000, 0.00000 }, { 4.00000, 8.00000, 0.00000 }, { 4.00000, 8.00000, 0.00000 }, { 4.00000, 8.00000, 0.00000 }, { -4.00000, 8.00000, 0.00000 }, { -4.00000, 8.00000, 0.00000 }, { -4.00000, 8.00000, 0.00000 }, { -4.00000, 0.00000, 0.00000 }, { -4.00000, 0.00000, 0.00000 }, },
			},
		},
	},
	["layout_1"] = {
		models = {
			["asset/industry/pallet_01.mdl"] = {
				{ 1.00000, 0.00000, 0.00000, 0.00000, 0.00000, 1.00000, 0.00000, 0.00000, 0.00000, 0.00000, 1.00000, 0.00000, -1.47000, 1.70000, 0.00000, 1.00000, },
				{ 1.00000, 0.00000, 0.00000, 0.00000, 0.00000, 0.19937, -0.97992, 0.00000, 0.00000, 0.97992, 0.19937, 0.00000, -2.14000, 6.22000, 0.55000, 1.00000, },
				{ 0.99540, 0.09585, 0.00000, 0.00000, -0.09585, 0.99540, 0.00000, 0.00000, 0.00000, 0.00000, 1.00000, 0.00000, -2.58000, 1.70000, 0.00000, 1.00000, },
			},
			["asset/industry/wooden_box_02.mdl"] = {
				{ 1.00000, 0.00000, 0.00000, 0.00000, 0.00000, 1.00000, 0.00000, 0.00000, 0.00000, 0.00000, 1.00000, 0.00000, -1.47000, 1.70000, 0.14000, 1.00000, },
				{ 1.00000, 0.00000, 0.00000, 0.00000, 0.00000, 1.00000, 0.00000, 0.00000, 0.00000, 0.00000, 1.00000, 0.00000, -1.47000, 1.70000, 1.03000, 1.00000, },
				{ 0.99540, 0.09585, 0.00000, 0.00000, -0.09585, 0.99540, 0.00000, 0.00000, 0.00000, 0.00000, 1.00000, 0.00000, -2.58000, 1.70000, 0.14000, 1.00000, },
			},
		},
	},
}
--End Generated

function data()
	return townbuildingutil.make_building2(
		{ { -4.60, -0.10 }, { 4.60, -0.10 }, { 4.60, 9.10 }, { -4.60, 9.10 } },
		"INDUSTRIAL", 
		"C", 
		2,
		{ 1, 1 },
		generatedData,
		"construction/building/era_c/ind_2_1x1_01.gtex"
	)
end
