local townbuildingutil = require "townbuildingutil"

--Model file: "building/era_c/ind_2_3x3_03.mdl"

--Begin Generated
local generatedData = {
	["base"] = {
		models = {
			["building/era_c/ind_2_3x3_03.mdl"] = {
				{ 1.00000, 0.00000, 0.00000, 0.00000, 0.00000, 1.00000, 0.00000, 0.00000, 0.00000, 0.00000, 1.00000, 0.00000, 0.00000, 6.85000, 0.00000, 1.00000, },
			},
		},
		curves = {
			["scaffold"] = {
				{ { 3.84937, 11.70925, 0.00000 }, { 3.84937, 11.70925, 0.00000 }, { 3.84937, 14.52364, 0.00000 }, { 3.84937, 14.52364, 0.00000 }, { 3.84937, 14.52364, 0.00000 }, { 4.96002, 17.36550, 0.00000 }, { 4.96002, 17.36550, 0.00000 }, { 4.96002, 17.36550, 0.00000 }, { 4.96002, 21.31814, 0.00000 }, { 4.96002, 21.31814, 0.00000 }, { 4.96002, 21.31814, 0.00000 }, { 7.97806, 21.31814, 0.00000 }, { 7.97806, 21.31814, 0.00000 }, { 7.97806, 21.31814, 0.00000 }, { 7.97806, 18.56301, 0.00000 }, { 7.97806, 18.56301, 0.00000 }, { 7.97806, 18.56301, 0.00000 }, { 11.04672, 18.56301, 0.00000 }, { 11.04672, 18.56301, 0.00000 }, { 11.04672, 18.56302, 0.00000 }, { 11.04675, 27.57094, 0.00000 }, { 11.04675, 27.57094, 0.00000 }, { 11.04675, 27.57094, 0.00000 }, { 7.97806, 27.57094, 0.00000 }, { 7.97806, 27.57094, 0.00000 }, { 7.97806, 27.57094, 0.00000 }, { 7.97806, 24.34227, 0.00000 }, { 7.97806, 24.34227, 0.00000 }, { 7.97806, 24.34227, 0.00000 }, { 5.12000, 24.34227, 0.00000 }, { 5.12000, 24.34227, 0.00000 }, { 5.12000, 24.34227, 0.00000 }, { 5.12000, 28.71615, 0.00000 }, { 5.12000, 28.71615, 0.00000 }, { 5.12000, 28.71615, 0.00000 }, { -11.08658, 28.71615, 0.00000 }, { -11.08658, 28.71615, 0.00000 }, { -11.08658, 28.71615, 0.00000 }, { -11.08658, 16.90001, 0.00000 }, { -11.08658, 16.90000, 0.00000 }, { -11.08658, 16.90000, 0.00000 }, { -9.84000, 16.90000, 0.00000 }, { -9.84000, 16.90000, 0.00000 }, { -9.84000, 16.90000, 0.00000 }, { -9.21243, 12.61819, 0.00000 }, { -9.21243, 12.61819, 0.00000 }, { -9.21243, 12.61819, 0.00000 }, { -1.50836, 12.61819, 0.00000 }, { -1.50836, 12.61819, 0.00000 }, { -1.50836, 12.61819, 0.00000 }, { -1.50836, 11.70925, 0.00000 }, { -1.50836, 11.70925, 0.00000 }, },
			},
			["shared/asphalt_02.gtex.lua;shared/dirt.gtex.lua;shared/asphalt_03.gtex.lua"] = {
				{ { 16.00000, -0.00000, -0.05000 }, { 16.00000, 0.00001, -0.05000 }, { 16.00000, 31.99999, -0.05000 }, { 16.00000, 32.00000, -0.05000 }, { 15.99999, 32.00000, -0.05000 }, { -15.99999, 32.00000, -0.05000 }, { -16.00000, 32.00000, -0.05000 }, { -16.00000, 31.99999, -0.05000 }, { -16.00000, 0.00001, -0.05000 }, { -16.00000, -0.00000, -0.05000 }, },
			},
		},
	},
	["layout_1"] = {
		models = {
			["asset/construction/scaffolding/era_b_normal.mdl"] = {
				{ 0.00000, 1.00000, 0.00000, 0.00000, -1.00000, 0.00000, 0.00000, 0.00000, 0.00000, 0.00000, 1.00000, 0.00000, -10.15704, 7.89752, 0.00000, 1.00000, align = { -10.15704, 7.89752 }, },
				{ 0.00000, 1.00000, 0.00000, 0.00000, -1.00000, 0.00000, 0.00000, 0.00000, 0.00000, 0.00000, 1.00000, 0.00000, -6.92857, 7.89752, 0.00000, 1.00000, align = { -6.92857, 7.89752 }, },
				{ 0.00000, 1.00000, 0.00000, 0.00000, -1.00000, 0.00000, 0.00000, 0.00000, 0.00000, 0.00000, 1.00000, 0.00000, -3.71913, 7.89752, 0.00000, 1.00000, align = { -3.71913, 7.89752 }, },
				{ -0.00000, -1.00000, 0.00000, 0.00000, 1.00000, -0.00000, 0.00000, 0.00000, 0.00000, 0.00000, 1.00000, 0.00000, -10.32933, 4.88020, 0.00000, 1.00000, align = { -10.32933, 4.88020 }, },
				{ -0.00000, -1.00000, 0.00000, 0.00000, 1.00000, -0.00000, 0.00000, 0.00000, 0.00000, 0.00000, 1.00000, 0.00000, -7.01466, 4.88020, 0.00000, 1.00000, align = { -7.01466, 4.88020 }, },
				{ -0.00000, -1.00000, 0.00000, 0.00000, 1.00000, -0.00000, 0.00000, 0.00000, 0.00000, 0.00000, 1.00000, 0.00000, -3.71153, 4.88020, 0.00000, 1.00000, align = { -3.71153, 4.88020 }, },
			},
			["asset/ground/barrel_steel.mdl"] = {
				{ -0.99997, -0.00085, -0.00744, 0.00000, 0.00749, -0.11320, -0.99354, 0.00000, 0.00000, -0.99357, 0.11320, 0.00000, -10.28039, 8.46029, 2.45376, 1.00000, align = { -10.15704, 7.89752 }, },
				{ -0.41897, 0.10279, 0.90216, 0.00000, -0.90800, -0.04743, -0.41627, 0.00000, -0.00000, -0.99357, 0.11320, 0.00000, -9.38388, 8.45178, 2.39285, 1.00000, align = { -10.15704, 7.89752 }, },
				{ -0.41897, 0.10279, 0.90216, 0.00000, -0.90800, -0.04743, -0.41627, 0.00000, -0.00000, -0.99357, 0.11320, 0.00000, -11.21525, 8.45178, 2.39285, 1.00000, align = { -10.15704, 7.89752 }, },
				{ -0.36390, -0.93144, 0.00000, 0.00000, 0.93144, -0.36390, -0.00000, 0.00000, 0.00000, 0.00000, 1.00000, 0.00000, -10.43372, 7.96896, 0.00000, 1.00000, align = { -10.15704, 7.89752 }, },
				{ -0.79184, 0.61073, 0.00000, 0.00000, -0.61073, -0.79184, -0.00000, 0.00000, 0.00000, -0.00000, 1.00000, 0.00000, -9.41270, 7.99062, 0.00000, 1.00000, align = { -10.15704, 7.89752 }, },
				{ -0.98542, 0.17013, 0.00000, 0.00000, -0.17013, -0.98542, -0.00000, 0.00000, 0.00000, -0.00000, 1.00000, 0.00000, -11.43417, 8.04710, 0.00000, 1.00000, align = { -10.15704, 7.89752 }, },
				{ -0.99997, -0.00085, -0.00744, 0.00000, 0.00749, -0.11320, -0.99354, 0.00000, 0.00000, -0.99357, 0.11320, 0.00000, -7.05193, 8.46029, 2.45376, 1.00000, align = { -6.92857, 7.89752 }, },
				{ -0.41897, 0.10279, 0.90216, 0.00000, -0.90800, -0.04743, -0.41627, 0.00000, -0.00000, -0.99357, 0.11320, 0.00000, -6.15542, 8.45178, 2.39285, 1.00000, align = { -6.92857, 7.89752 }, },
				{ -0.36390, -0.93144, 0.00000, 0.00000, 0.93144, -0.36390, -0.00000, 0.00000, 0.00000, 0.00000, 1.00000, 0.00000, -7.20526, 7.96896, 0.00000, 1.00000, align = { -6.92857, 7.89752 }, },
				{ -0.79184, 0.61073, 0.00000, 0.00000, -0.61073, -0.79184, -0.00000, 0.00000, 0.00000, -0.00000, 1.00000, 0.00000, -6.18423, 7.99062, 0.00000, 1.00000, align = { -6.92857, 7.89752 }, },
				{ -0.98542, 0.17013, 0.00000, 0.00000, -0.17013, -0.98542, -0.00000, 0.00000, 0.00000, -0.00000, 1.00000, 0.00000, -8.20570, 8.04710, 0.00000, 1.00000, align = { -6.92857, 7.89752 }, },
				{ -0.99997, -0.00085, -0.00744, 0.00000, 0.00749, -0.11320, -0.99354, 0.00000, 0.00000, -0.99357, 0.11320, 0.00000, -4.56028, 8.46029, 2.45376, 1.00000, align = { -3.71913, 7.89752 }, },
				{ -0.41897, 0.10279, 0.90216, 0.00000, -0.90800, -0.04743, -0.41627, 0.00000, -0.00000, -0.99357, 0.11320, 0.00000, -2.94598, 8.45178, 2.39285, 1.00000, align = { -3.71913, 7.89752 }, },
				{ -0.36390, -0.93144, 0.00000, 0.00000, 0.93144, -0.36390, -0.00000, 0.00000, 0.00000, 0.00000, 1.00000, 0.00000, -3.99582, 7.96896, 0.00000, 1.00000, align = { -3.71913, 7.89752 }, },
				{ -0.79184, 0.61073, 0.00000, 0.00000, -0.61073, -0.79184, -0.00000, 0.00000, 0.00000, -0.00000, 1.00000, 0.00000, -2.97479, 7.99062, 0.00000, 1.00000, align = { -3.71913, 7.89752 }, },
				{ -0.98542, 0.17013, 0.00000, 0.00000, -0.17013, -0.98542, -0.00000, 0.00000, 0.00000, -0.00000, 1.00000, 0.00000, -4.99626, 8.04710, 0.00000, 1.00000, align = { -3.71913, 7.89752 }, },
				{ 0.99997, 0.00085, -0.00744, 0.00000, -0.00749, 0.11320, -0.99354, 0.00000, -0.00000, 0.99357, 0.11320, 0.00000, -10.20597, 4.31742, 2.45376, 1.00000, align = { -10.32933, 4.88020 }, },
				{ 0.41897, -0.10279, 0.90216, 0.00000, 0.90800, 0.04743, -0.41627, 0.00000, -0.00000, 0.99357, 0.11320, 0.00000, -11.10248, 4.32593, 2.39285, 1.00000, align = { -10.32933, 4.88020 }, },
				{ 0.36390, 0.93144, 0.00000, 0.00000, -0.93144, 0.36390, -0.00000, 0.00000, -0.00000, -0.00000, 1.00000, 0.00000, -10.05264, 4.80875, 0.00000, 1.00000, align = { -10.32933, 4.88020 }, },
				{ 0.79184, -0.61073, 0.00000, 0.00000, 0.61073, 0.79184, -0.00000, 0.00000, -0.00000, 0.00000, 1.00000, 0.00000, -11.07367, 4.78709, 0.00000, 1.00000, align = { -10.32933, 4.88020 }, },
				{ 0.98542, -0.17013, 0.00000, 0.00000, 0.17013, 0.98542, -0.00000, 0.00000, -0.00000, 0.00000, 1.00000, 0.00000, -9.05220, 4.73061, 0.00000, 1.00000, align = { -10.32933, 4.88020 }, },
				{ 0.99997, 0.00085, -0.00744, 0.00000, -0.00749, 0.11320, -0.99354, 0.00000, -0.00000, 0.99357, 0.11320, 0.00000, -6.89130, 4.31742, 2.45376, 1.00000, align = { -7.01466, 4.88020 }, },
				{ 0.99997, 0.00085, -0.00744, 0.00000, -0.00749, 0.11320, -0.99354, 0.00000, -0.00000, 0.99357, 0.11320, 0.00000, -6.04121, 4.31742, 2.45376, 1.00000, align = { -7.01466, 4.88020 }, },
				{ 0.41897, -0.10279, 0.90216, 0.00000, 0.90800, 0.04743, -0.41627, 0.00000, -0.00000, 0.99357, 0.11320, 0.00000, -7.78781, 4.32593, 2.39285, 1.00000, align = { -7.01466, 4.88020 }, },
				{ 0.36390, 0.93144, 0.00000, 0.00000, -0.93144, 0.36390, -0.00000, 0.00000, -0.00000, -0.00000, 1.00000, 0.00000, -6.88831, 4.88266, 0.00000, 1.00000, align = { -7.01466, 4.88020 }, },
				{ 0.79184, -0.61073, 0.00000, 0.00000, 0.61073, 0.79184, -0.00000, 0.00000, -0.00000, 0.00000, 1.00000, 0.00000, -7.90934, 4.86100, 0.00000, 1.00000, align = { -7.01466, 4.88020 }, },
				{ 0.98542, -0.17013, 0.00000, 0.00000, 0.17013, 0.98542, -0.00000, 0.00000, -0.00000, 0.00000, 1.00000, 0.00000, -5.88787, 4.80451, 0.00000, 1.00000, align = { -7.01466, 4.88020 }, },
				{ 0.99997, 0.00085, -0.00744, 0.00000, -0.00749, 0.11320, -0.99354, 0.00000, -0.00000, 0.99357, 0.11320, 0.00000, -3.58817, 4.31742, 2.45376, 1.00000, align = { -3.71153, 4.88020 }, },
				{ 0.41897, -0.10279, 0.90216, 0.00000, 0.90800, 0.04743, -0.41627, 0.00000, -0.00000, 0.99357, 0.11320, 0.00000, -4.48468, 4.32593, 2.39285, 1.00000, align = { -3.71153, 4.88020 }, },
				{ 0.36390, 0.93144, 0.00000, 0.00000, -0.93144, 0.36390, -0.00000, 0.00000, -0.00000, -0.00000, 1.00000, 0.00000, -3.31130, 4.67146, 0.00000, 1.00000, align = { -3.71153, 4.88020 }, },
				{ 0.79184, -0.61073, 0.00000, 0.00000, 0.61073, 0.79184, -0.00000, 0.00000, -0.00000, 0.00000, 1.00000, 0.00000, -4.33232, 4.64980, 0.00000, 1.00000, align = { -3.71153, 4.88020 }, },
				{ 0.98542, -0.17013, 0.00000, 0.00000, 0.17013, 0.98542, -0.00000, 0.00000, -0.00000, 0.00000, 1.00000, 0.00000, -3.82312, 5.33293, 0.00000, 1.00000, align = { -3.71153, 4.88020 }, },
			},
			["asset/ground/container_small_steel.mdl"] = {
				{ 0.08716, -0.99619, 0.00000, 0.00000, 0.99619, 0.08716, 0.00000, 0.00000, 0.00000, 0.00000, 1.00000, 0.00000, -11.88500, 27.04500, 0.00000, 1.00000, },
				{ -0.35021, -0.93667, 0.00000, 0.00000, 0.93667, -0.35021, 0.00000, 0.00000, 0.00000, 0.00000, 1.00000, 0.00000, -11.88500, 28.44500, 0.00000, 1.00000, },
			},
			["asset/ground/container_waste3.mdl"] = {
				{ -0.00000, -1.00000, 0.00000, 0.00000, 1.00000, -0.00000, 0.00000, 0.00000, 0.00000, 0.00000, 1.00000, 0.00000, -11.94000, 23.37000, 0.00000, 1.00000, },
			},
			["asset/ground/container_waste3_open.mdl"] = {
				{ -0.00000, -1.00000, 0.00000, 0.00000, 1.00000, -0.00000, 0.00000, 0.00000, 0.00000, 0.00000, 1.00000, 0.00000, -11.94000, 25.43000, 0.00000, 1.00000, },
			},
			["asset/industry/cardboard_box_01.mdl"] = {
				{ -0.74353, -0.13110, 0.00000, 0.00000, 0.13110, -0.74353, 0.00000, 0.00000, 0.00000, 0.00000, 0.75500, 0.00000, -11.54500, 21.86500, 0.13500, 1.00000, },
				{ -0.75454, 0.02635, 0.00000, 0.00000, -0.02635, -0.75454, 0.00000, 0.00000, 0.00000, 0.00000, 0.75500, 0.00000, -12.13831, 21.78398, 0.13500, 1.00000, },
			},
			["asset/industry/ind_shelter_02.mdl"] = {
				{ 1.00000, 0.00000, 0.00000, 0.00000, 0.00000, 1.00000, 0.00000, 0.00000, 0.00000, 0.00000, 1.00000, 0.00000, 11.65000, 4.45000, 0.00000, 1.00000, },
			},
			["asset/industry/pallet_01.mdl"] = {
				{ 0.08716, -0.99619, 0.00000, 0.00000, 0.99619, 0.08716, 0.00000, 0.00000, 0.00000, 0.00000, 1.00000, 0.00000, -11.89000, 21.72000, 0.00000, 1.00000, },
			},
			["asset/industry/pipes_small_curved_horizontal_r.mdl"] = {
				{ -0.00000, 1.00000, -0.00000, 0.00000, -1.00000, -0.00000, 0.00000, 0.00000, -0.00000, 0.00000, 1.00000, 0.00000, 9.96000, 12.23000, 0.00000, 1.00000, align = { 12.75000, 12.70000 }, },
				{ -0.00000, 1.00000, -0.00000, 0.00000, -1.00000, -0.00000, 0.00000, 0.00000, -0.00000, 0.00000, 1.00000, 0.00000, 9.96000, 9.85000, 0.00000, 1.00000, align = { 12.75000, 10.35000 }, },
				{ -0.00000, 1.00000, -0.00000, 0.00000, -1.00000, -0.00000, 0.00000, 0.00000, -0.00000, 0.00000, 1.00000, 0.00000, 9.96000, 7.53000, 0.00000, 1.00000, align = { 12.75000, 8.05000 }, },
			},
			["asset/industry/pipes_small_curved_vertical.mdl"] = {
				{ -0.00000, -1.00000, -0.00000, 0.00000, 1.00000, -0.00000, 0.00000, 0.00000, -0.00000, 0.00000, 1.00000, 0.00000, 9.96000, 12.23000, 0.00000, 1.00000, align = { 12.75000, 12.70000 }, },
				{ -0.00000, -1.00000, -0.00000, 0.00000, 1.00000, -0.00000, 0.00000, 0.00000, -0.00000, 0.00000, 1.00000, 0.00000, 9.96000, 9.85000, 0.00000, 1.00000, align = { 12.75000, 10.35000 }, },
				{ -0.00000, -1.00000, -0.00000, 0.00000, 1.00000, -0.00000, 0.00000, 0.00000, -0.00000, 0.00000, 1.00000, 0.00000, 9.96000, 7.53000, 0.00000, 1.00000, align = { 12.75000, 8.05000 }, },
			},
			["station/rail/asset/cargo_lamps.mdl"] = {
				{ 0.00000, -1.00000, 0.00000, 0.00000, 1.00000, 0.00000, 0.00000, 0.00000, 0.00000, 0.00000, 1.00000, 0.00000, -10.55161, 9.75407, 0.00000, 1.00000, },
				{ 0.00000, -1.00000, 0.00000, 0.00000, 1.00000, 0.00000, 0.00000, 0.00000, 0.00000, 0.00000, 1.00000, 0.00000, -1.18211, 9.75407, 0.00000, 1.00000, },
				{ 0.00000, -1.00000, 0.00000, 0.00000, 1.00000, 0.00000, 0.00000, 0.00000, 0.00000, 0.00000, 1.00000, 0.00000, -10.55161, 3.85187, 0.00000, 1.00000, },
				{ 0.00000, -1.00000, 0.00000, 0.00000, 1.00000, 0.00000, 0.00000, 0.00000, 0.00000, 0.00000, 1.00000, 0.00000, -1.18211, 3.85187, 0.00000, 1.00000, },
			},
		},
		groups = {
			["silo_horizontal.grp"] = {
				{ 1.00000, 0.00000, 0.00000, 0.00000, 0.00000, 1.00000, 0.00000, 0.00000, 0.00000, 0.00000, 1.00000, 0.00000, 12.75000, 12.70000, 0.00000, 1.00000, align = { 12.75000, 12.70000 }, seed = 2, },
				{ 1.00000, 0.00000, 0.00000, 0.00000, 0.00000, 1.00000, 0.00000, 0.00000, 0.00000, 0.00000, 1.00000, 0.00000, 12.75000, 10.35000, 0.00000, 1.00000, align = { 12.75000, 10.35000 }, seed = 2, },
				{ 1.00000, 0.00000, 0.00000, 0.00000, 0.00000, 1.00000, 0.00000, 0.00000, 0.00000, 0.00000, 1.00000, 0.00000, 12.75000, 8.05000, 0.00000, 1.00000, align = { 12.75000, 8.05000 }, seed = 2, },
			},
			["silo_vertical.grp"] = {
				{ -0.00000, 0.80000, 0.00000, 0.00000, -0.80000, -0.00000, -0.00000, 0.00000, 0.00000, -0.00000, 0.80000, 0.00000, 6.48000, 19.81000, -0.00000, 1.00000, seed = 1, },
				{ 0.80000, -0.00000, -0.00000, 0.00000, 0.00000, 0.80000, 0.00000, 0.00000, 0.00000, -0.00000, 0.80000, 0.00000, 6.48000, 25.82000, -0.00000, 1.00000, seed = 1, },
			},
		},
	},
}
--End Generated

function data()
	return townbuildingutil.make_building2(
		{ { -4.60, -0.10 }, { 4.60, -0.10 }, { 4.60, 9.10 }, { -4.60, 9.10 } },
		"INDUSTRIAL", 
		"C", 
		2,
		{ 4, 4 },
		generatedData,
		"construction/building/era_c/ind_2_4x4_02.gtex"
	)
end
