local townbuildingutil = require "townbuildingutil"

--Model file: "building/era_c/ind_4_1x1_01.mdl"

--Begin Generated
local generatedData = {
	["base"] = {
		models = {
			["building/era_c/ind_4_1x1_01.mdl"] = {
				{ 1.00000, 0.00000, 0.00000, 0.00000, 0.00000, 1.00000, 0.00000, 0.00000, 0.00000, 0.00000, 1.00000, 0.00000, 0.00000, 0.00000, 0.00000, 1.00000, },
			},
		},
		curves = {
			["scaffold"] = {
				{ { 2.98624, 0.90027, 0.00000 }, { 2.98624, 0.90027, 0.00000 }, { 2.98624, 7.51546, 0.00000 }, { 2.98624, 7.51546, 0.00000 }, { 2.98624, 7.51546, 0.00000 }, { -3.65164, 7.51546, 0.00000 }, { -3.65164, 7.51546, 0.00000 }, { -3.65164, 7.51546, 0.00000 }, { -3.65164, 5.44522, 0.00000 }, { -3.65164, 5.44522, 0.00000 }, { -3.65164, 5.44522, 0.00000 }, { -3.08246, 5.44522, 0.00000 }, { -3.08246, 5.44522, 0.00000 }, { -3.08246, 5.44522, 0.00000 }, { -3.08246, 3.45129, 0.00000 }, { -3.08246, 3.45129, 0.00000 }, { -3.08246, 3.45129, 0.00000 }, { -1.17044, 3.45129, 0.00000 }, { -1.17044, 3.45129, 0.00000 }, { -1.17044, 3.45129, 0.00000 }, { -1.17044, 0.90027, 0.00000 }, { -1.17044, 0.90027, 0.00000 }, },
			},
			["shared/asphalt_02.gtex.lua;shared/dirt.gtex.lua;shared/asphalt_03.gtex.lua"] = {
				{ { 4.00000, 0.00000, 0.00000 }, { 4.00000, 0.00000, 0.00000 }, { 4.00000, 8.00000, 0.00000 }, { 4.00000, 8.00000, 0.00000 }, { 4.00000, 8.00000, 0.00000 }, { -4.00000, 8.00000, 0.00000 }, { -4.00000, 8.00000, 0.00000 }, { -4.00000, 8.00000, 0.00000 }, { -4.00000, 0.00000, 0.00000 }, { -4.00000, 0.00000, 0.00000 }, },
			},
		},
	},
	["layout_1"] = {
		models = {
			["asset/industry/cardboard_box_01.mdl"] = {
				{ 0.99619, 0.08716, 0.00000, 0.00000, -0.08716, 0.99619, 0.00000, 0.00000, 0.00000, 0.00000, 1.00000, 0.00000, 3.22000, 3.22000, 0.00000, 1.00000, },
				{ -0.08716, 0.99619, 0.00000, 0.00000, -0.99619, -0.08716, 0.00000, 0.00000, 0.00000, 0.00000, 1.00000, 0.00000, -1.50000, 7.66000, 0.00000, 1.00000, },
			},
			["asset/industry/pallet_01.mdl"] = {
				{ 0.11320, 0.00000, -0.99357, 0.00000, 0.00000, 1.00000, 0.00000, 0.00000, 0.99357, 0.00000, 0.11320, 0.00000, 2.96000, 2.04000, 0.49300, 1.00000, },
			},
		},
	},
}
--End Generated

function data()
	return townbuildingutil.make_building2(
		{ { -4.60, -0.10 }, { 4.60, -0.10 }, { 4.60, 9.10 }, { -4.60, 9.10 } },
		"INDUSTRIAL", 
		"C", 
		4,
		{ 1, 1 },
		generatedData,
		"construction/building/era_c/ind_4_1x1_01.gtex"
	)
end
