local townbuildingutil = require "townbuildingutil"

--Model file: "building/era_c/ind_1_1x1_01.mdl"

--Begin Generated
local generatedData = {
	["base"] = {
		models = {
			["building/era_c/ind_1_1x1_01.mdl"] = {
				{ 1.00000, 0.00000, 0.00000, 0.00000, 0.00000, 1.00000, 0.00000, 0.00000, 0.00000, 0.00000, 1.00000, 0.00000, 0.00000, 0.00000, 0.00000, 1.00000, },
			},
		},
		curves = {
			["scaffold"] = {
				{ { 2.97824, 0.99288, 0.00000 }, { 2.97824, 0.99289, 0.00000 }, { 2.97824, 7.02392, 0.00000 }, { 2.97824, 7.02392, 0.00000 }, { 2.97824, 7.02392, 0.00000 }, { -3.00980, 7.02394, 0.00000 }, { -3.00980, 7.02394, 0.00000 }, { -3.00980, 7.02394, 0.00000 }, { -3.00980, 0.99289, 0.00000 }, { -3.00980, 0.99289, 0.00000 }, },
			},
			["shared/asphalt_02.gtex.lua;shared/dirt.gtex.lua;shared/asphalt_03.gtex.lua"] = {
				{ { 4.00000, 0.00000, 0.00000 }, { 4.00000, 0.00000, 0.00000 }, { 4.00000, 8.00000, 0.00000 }, { 4.00000, 8.00000, 0.00000 }, { 4.00000, 8.00000, 0.00000 }, { -4.00000, 8.00000, 0.00000 }, { -4.00000, 8.00000, 0.00000 }, { -4.00000, 8.00000, 0.00000 }, { -4.00000, 0.00000, 0.00000 }, { -4.00000, 0.00000, 0.00000 }, },
			},
		},
	},
	["layout_1"] = {
		models = {
			["asset/ground/barrel_steel.mdl"] = {
				{ 1.00000, 0.00000, 0.00000, 0.00000, 0.00000, 1.00000, 0.00000, 0.00000, 0.00000, 0.00000, 1.00000, 0.00000, 3.47000, 6.68000, 0.00000, 1.00000, },
				{ 1.00000, 0.00000, 0.00000, 0.00000, 0.00000, 1.00000, 0.00000, 0.00000, 0.00000, 0.00000, 1.00000, 0.00000, 3.47000, 5.86000, 0.00000, 1.00000, },
				{ 0.98769, -0.15643, 0.00000, 0.00000, -0.00000, -0.00000, 1.00000, 0.00000, -0.15643, -0.98769, -0.00000, 0.00000, 3.61000, 5.33000, 0.32000, 1.00000, },
			},
			["asset/industry/cardboard_box_01.mdl"] = {
				{ 1.00000, 0.00000, 0.00000, 0.00000, 0.00000, 1.00000, 0.00000, 0.00000, 0.00000, 0.00000, 1.00000, 0.00000, 1.01500, 1.63500, 0.14000, 1.00000, },
				{ -0.99792, 0.06453, 0.00000, 0.00000, -0.06453, -0.99792, 0.00000, 0.00000, 0.00000, 0.00000, 1.00000, 0.00000, 2.29500, 1.61500, 0.14000, 1.00000, },
				{ -0.00000, 0.00000, 1.00000, 0.00000, 0.15643, 0.98769, 0.00000, 0.00000, -0.98769, 0.15643, -0.00000, 0.00000, 1.89000, 1.53500, 0.43000, 1.00000, },
				{ -0.12187, 0.00000, 0.99255, 0.00000, 0.99059, 0.06279, 0.12163, 0.00000, -0.06232, 0.99803, -0.00765, 0.00000, 1.28600, 1.29000, 0.99000, 1.00000, },
			},
			["asset/industry/pallet_01.mdl"] = {
				{ 1.00000, 0.00000, 0.00000, 0.00000, 0.00000, 1.00000, 0.00000, 0.00000, 0.00000, 0.00000, 1.00000, 0.00000, 1.23000, 1.51000, 0.00000, 1.00000, },
				{ 1.00000, 0.00000, 0.00000, 0.00000, 0.00000, 1.00000, 0.00000, 0.00000, 0.00000, 0.00000, 1.00000, 0.00000, 2.32000, 1.51000, 0.00000, 1.00000, },
				{ -0.33545, -0.94206, 0.00000, 0.00000, -0.14087, 0.05016, 0.98876, 0.00000, -0.93147, 0.33168, -0.14954, 0.00000, 3.14000, 1.90500, 0.60000, 1.00000, },
			},
		},
	},
}
--End Generated

function data()
	return townbuildingutil.make_building2(
		{ { -4.60, -0.10 }, { 4.60, -0.10 }, { 4.60, 9.10 }, { -4.60, 9.10 } },
		"INDUSTRIAL", 
		"C", 
		1,
		{ 1, 1 },
		generatedData,
		"construction/building/era_c/ind_1_1x1_01.gtex"
	)
end
