local townbuildingutil = require "townbuildingutil"

--Model file: "building/era_c/ind_4_4x4_02.mdl"

--Begin Generated
local generatedData = {
	["base"] = {
		models = {
			["building/era_c/ind_4_4x4_02.mdl"] = {
				{ 1.00000, 0.00000, 0.00000, 0.00000, 0.00000, 1.00000, 0.00000, 0.00000, 0.00000, 0.00000, 1.00000, 0.00000, -0.40000, 0.65000, 0.00000, 1.00000, },
			},
		},
		curves = {
			["scaffold"] = {
				{ { -1.59998, 3.08060, 0.00000 }, { -1.59998, 3.08060, 0.00000 }, { -1.59998, 5.79486, 0.00000 }, { -1.59998, 5.79486, 0.00000 }, { -1.59998, 5.79486, 0.00000 }, { 10.35999, 5.79486, 0.00000 }, { 10.35999, 5.79486, 0.00000 }, { 10.35999, 5.79486, 0.00000 }, { 10.35999, 8.30869, 0.00000 }, { 10.35999, 8.30869, 0.00000 }, { 10.35999, 8.30869, 0.00000 }, { 14.43701, 8.30869, 0.00000 }, { 14.43701, 8.30869, 0.00000 }, { 14.43701, 8.30870, 0.00000 }, { 14.43707, 30.79724, 0.00000 }, { 14.43707, 30.79724, 0.00000 }, { 14.43707, 30.79724, 0.00000 }, { -2.69739, 30.79724, 0.00000 }, { -2.69739, 30.79724, 0.00000 }, { -2.69739, 30.79724, 0.00000 }, { -2.69739, 31.40370, 0.00000 }, { -2.69739, 31.40370, 0.00000 }, { -2.69739, 31.40370, 0.00000 }, { -15.21338, 31.40370, 0.00000 }, { -15.21338, 31.40370, 0.00000 }, { -15.21338, 31.40370, 0.00000 }, { -15.21338, 16.48697, 0.00000 }, { -15.21338, 16.48697, 0.00000 }, { -15.21338, 16.48697, 0.00000 }, { -14.31165, 16.48697, 0.00000 }, { -14.31165, 16.48697, 0.00000 }, { -14.31165, 16.48697, 0.00000 }, { -14.31165, 8.48602, 0.00000 }, { -14.31165, 8.48602, 0.00000 }, { -14.31165, 8.48602, 0.00000 }, { -12.66724, 8.48602, 0.00000 }, { -12.66724, 8.48602, 0.00000 }, { -12.66724, 8.48602, 0.00000 }, { -12.66724, 8.30869, 0.00000 }, { -12.66724, 8.30869, 0.00000 }, { -12.66724, 8.30869, 0.00000 }, { -12.15924, 8.30869, 0.00000 }, { -12.15924, 8.30869, 0.00000 }, { -12.15924, 8.30869, 0.00000 }, { -12.15924, 6.24530, 0.00000 }, { -12.15924, 6.24530, 0.00000 }, { -12.15924, 6.24530, 0.00000 }, { -12.95984, 6.24530, 0.00000 }, { -12.95984, 6.24530, 0.00000 }, { -12.95984, 6.24530, 0.00000 }, { -12.95984, 3.08060, 0.00000 }, { -12.95984, 3.08060, 0.00000 }, },
			},
			["shared/asphalt_02.gtex.lua;shared/dirt.gtex.lua;shared/asphalt_03.gtex.lua"] = {
				{ { 16.00000, 0.00000, -0.00001 }, { 16.00000, 0.00000, -0.00001 }, { 16.00000, 32.00000, -0.00001 }, { 16.00000, 32.00000, -0.00001 }, { 16.00000, 32.00000, -0.00001 }, { -16.00000, 32.00000, -0.00001 }, { -16.00000, 32.00000, -0.00001 }, { -16.00000, 32.00000, -0.00001 }, { -16.00000, 0.00000, -0.00001 }, { -16.00000, 0.00000, -0.00001 }, },
			},
		},
	},
	["layout_1"] = {
		models = {
			["asset/ground/garden_chair_plastic_01.mdl"] = {
				{ 0.64945, -0.76041, 0.00000, 0.00000, 0.76041, 0.64945, 0.00000, 0.00000, 0.00000, 0.00000, 1.00000, 0.00000, 12.78000, 4.94000, 0.00000, 1.00000, },
				{ 0.99996, -0.00873, 0.00000, 0.00000, 0.00873, 0.99996, 0.00000, 0.00000, 0.00000, 0.00000, 1.00000, 0.00000, 11.76000, 5.44000, 0.00000, 1.00000, },
			},
			["asset/industry/ind_shelter_02.mdl"] = {
				{ -0.00000, -1.00000, 0.00000, 0.00000, 1.00000, -0.00000, 0.00000, 0.00000, 0.00000, 0.00000, 1.00000, 0.00000, 14.42000, 3.74000, 0.00000, 1.00000, },
			},
			["asset/industry/pallet_01.mdl"] = {
				{ -0.00000, 0.00000, 1.00000, 0.00000, 0.00000, 1.00000, 0.00000, 0.00000, -1.00000, 0.00000, -0.00000, 0.00000, 0.25362, 4.06742, 0.50564, 1.00000, },
			},
			["asset/industry/wood_plates_01.mdl"] = {
				{ 0.05931, 0.99824, 0.00000, 0.00000, -0.99824, 0.05931, 0.00000, 0.00000, 0.00000, 0.00000, 1.00000, 0.00000, -13.24162, 22.80800, 1.19997, 1.00000, },
				{ -0.04536, 0.99897, 0.00000, 0.00000, -0.99897, -0.04536, 0.00000, 0.00000, 0.00000, 0.00000, 1.00000, 0.00000, -13.24162, 22.80800, 1.55336, 1.00000, },
			},
			["asset/industry/wooden_box_04.mdl"] = {
				{ 1.00000, 0.00000, 0.00000, 0.00000, 0.00000, 1.00000, 0.00000, 0.00000, 0.00000, 0.00000, 1.00000, 0.00000, -0.62000, 4.78000, 0.00000, 1.00000, },
				{ 1.00000, 0.00000, 0.00000, 0.00000, 0.00000, 1.00000, 0.00000, 0.00000, 0.00000, 0.00000, 1.00000, 0.00000, 0.99000, 4.62000, 0.00000, 1.00000, },
			},
			["station/rail/asset/cargo_pallet_jack.mdl"] = {
				{ -0.15299, 0.98823, 0.00000, 0.00000, -0.98823, -0.15299, 0.00000, 0.00000, 0.00000, 0.00000, 1.00000, 0.00000, 10.88000, 5.38000, 0.00000, 1.00000, },
				{ 0.99415, 0.10800, 0.00000, 0.00000, -0.10800, 0.99415, 0.00000, 0.00000, 0.00000, -0.00000, 1.00000, 0.00000, -12.50000, 17.14000, 1.19997, 1.00000, },
			},
		},
	},
}
--End Generated

function data()
	return townbuildingutil.make_building2(
		{ { -4.60, -0.10 }, { 4.60, -0.10 }, { 4.60, 9.10 }, { -4.60, 9.10 } },
		"INDUSTRIAL", 
		"C", 
		4,
		{ 4, 4 },
		generatedData,
		"construction/building/era_c/ind_4_4x4_03.gtex"
	)
end
