local townbuildingutil = require "townbuildingutil"

--Model file: "building/era_c/ind_1_2x2_05.mdl"

--Begin Generated
local generatedData = {
	["base"] = {
		models = {
			["building/era_c/ind_1_2x2_05.mdl"] = {
				{ 1.00000, 0.00000, 0.00000, 0.00000, 0.00000, 1.00000, 0.00000, 0.00000, 0.00000, 0.00000, 1.00000, 0.00000, 2.80000, 8.70000, 0.00000, 1.00000, },
			},
		},
		curves = {
			["scaffold"] = {
				{ { 1.34299, 10.08028, 0.00000 }, { 1.34299, 10.08028, 0.00000 }, { 1.34299, 12.98778, 0.00000 }, { 1.34299, 12.98778, 0.00000 }, { 1.34299, 12.98778, 0.00000 }, { -3.86850, 12.98778, 0.00000 }, { -3.86850, 12.98778, 0.00000 }, { -3.86850, 12.98778, 0.00000 }, { -3.86847, 10.08028, 0.00000 }, { -3.86847, 10.08028, 0.00000 }, },
				{ { 9.82663, 14.32685, 0.00000 }, { 9.82663, 14.32685, 0.00000 }, { 9.82663, 22.40105, 0.00000 }, { 9.82663, 22.40105, 0.00000 }, { 9.82663, 22.40105, 0.00000 }, { 3.31277, 22.40107, 0.00000 }, { 3.31277, 22.40107, 0.00000 }, { 3.31277, 22.40107, 0.00000 }, { 2.08774, 22.40107, 0.00000 }, { 2.08774, 22.40107, 0.00000 }, { 2.08774, 22.40107, 0.00000 }, { 2.08774, 23.69114, 0.00000 }, { 2.08774, 23.69114, 0.00000 }, { 2.08774, 23.69114, 0.00000 }, { -4.20218, 23.69114, 0.00000 }, { -4.20218, 23.69114, 0.00000 }, { -4.20218, 23.69114, 0.00000 }, { -4.20218, 18.35587, 0.00000 }, { -4.20218, 18.35587, 0.00000 }, { -4.20218, 18.35587, 0.00000 }, { 2.08777, 18.35582, 0.00000 }, { 2.08777, 18.35582, 0.00000 }, { 2.08777, 18.35582, 0.00000 }, { 2.08777, 19.56000, 0.00000 }, { 2.08777, 19.56000, 0.00000 }, { 2.08777, 19.56000, 0.00000 }, { 3.31277, 19.56000, 0.00000 }, { 3.31277, 19.56000, 0.00000 }, { 3.31277, 19.56000, 0.00000 }, { 3.31277, 14.32685, 0.00000 }, { 3.31277, 14.32685, 0.00000 }, },
			},
			["shared/asphalt_02.gtex.lua;shared/dirt.gtex.lua;shared/asphalt_03.gtex.lua"] = {
				{ { 12.00000, 0.00000, 0.00000 }, { 12.00000, 0.00001, 0.00000 }, { 12.00000, 31.99999, 0.00000 }, { 12.00000, 32.00000, 0.00000 }, { 12.00000, 32.00000, 0.00000 }, { -12.00000, 32.00000, 0.00000 }, { -12.00000, 32.00000, 0.00000 }, { -12.00000, 31.99999, 0.00000 }, { -12.00000, 0.00001, 0.00000 }, { -12.00000, 0.00000, 0.00000 }, },
			},
		},
	},
	["layout_1"] = {
		models = {
			["asset/construction/scaffolding/era_b_normal.mdl"] = {
				{ -1.00000, 0.00000, 0.00000, 0.00000, -0.00000, -1.00000, 0.00000, 0.00000, -0.00000, 0.00000, 1.00000, 0.00000, -10.42946, 10.51478, 0.00000, 1.00000, align = { -10.42946, 10.51478 }, },
				{ -1.00000, 0.00000, 0.00000, 0.00000, -0.00000, -1.00000, 0.00000, 0.00000, -0.00000, 0.00000, 1.00000, 0.00000, -10.42946, 7.28409, 0.00000, 1.00000, align = { -10.42946, 7.28409 }, },
				{ 1.00000, -0.00000, 0.00000, 0.00000, 0.00000, 1.00000, 0.00000, 0.00000, 0.00000, 0.00000, 1.00000, 0.00000, -4.99288, 10.51478, 0.00000, 1.00000, align = { -4.99288, 10.51478 }, },
				{ 1.00000, -0.00000, 0.00000, 0.00000, 0.00000, 1.00000, 0.00000, 0.00000, 0.00000, 0.00000, 1.00000, 0.00000, -4.99288, 7.28409, 0.00000, 1.00000, align = { -4.99288, 7.28409 }, },
				{ -0.00000, -1.00000, 0.00000, 0.00000, 1.00000, -0.00000, 0.00000, 0.00000, 0.00000, 0.00000, 1.00000, 0.00000, -7.74304, 4.96875, 0.00000, 1.00000, align = { -7.74304, 4.96875 }, },
			},
			["asset/ground/barrel_steel.mdl"] = {
				{ -0.26908, -0.96312, 0.00000, 0.00000, 0.96312, -0.26908, 0.00000, 0.00000, 0.00000, 0.00000, 1.00000, 0.00000, 9.15605, 22.94000, 0.00000, 1.00000, },
				{ -0.39551, 0.91846, 0.00000, 0.00000, -0.91846, -0.39551, 0.00000, 0.00000, 0.00000, 0.00000, 1.00000, 0.00000, 9.17046, 22.96654, 1.41000, 1.00000, },
				{ -0.91059, -0.41332, 0.00000, 0.00000, 0.41332, -0.91059, 0.00000, 0.00000, 0.00000, 0.00000, 1.00000, 0.00000, 9.63669, 23.70000, 0.00000, 1.00000, },
				{ 0.24648, -0.96915, 0.00000, 0.00000, 0.96915, 0.24648, 0.00000, 0.00000, 0.00000, 0.00000, 1.00000, 0.00000, 9.64193, 23.70967, 1.41000, 1.00000, },
				{ -0.99951, -0.03133, 0.00000, 0.00000, 0.03133, -0.99951, 0.00000, 0.00000, 0.00000, 0.00000, 1.00000, 0.00000, 9.17439, 24.50000, 0.00000, 1.00000, },
				{ -0.66399, -0.74774, 0.00000, 0.00000, 0.74774, -0.66399, 0.00000, 0.00000, 0.00000, 0.00000, 1.00000, 0.00000, 7.79987, 25.28000, 0.00000, 1.00000, },
				{ -0.32774, -0.94477, 0.00000, 0.00000, 0.94477, -0.32774, 0.00000, 0.00000, 0.00000, 0.00000, 1.00000, 0.00000, 7.33893, 22.94000, 0.00000, 1.00000, },
				{ 0.71018, 0.70402, 0.00000, 0.00000, -0.70402, 0.71018, 0.00000, 0.00000, 0.00000, 0.00000, 1.00000, 0.00000, 7.34918, 22.95873, 1.41000, 1.00000, },
				{ -0.99891, -0.04661, 0.00000, 0.00000, 0.04661, -0.99891, 0.00000, 0.00000, 0.00000, 0.00000, 1.00000, 0.00000, 7.79561, 23.70000, 0.00000, 1.00000, },
				{ 0.90228, 0.43115, 0.00000, 0.00000, -0.43115, 0.90228, 0.00000, 0.00000, 0.00000, 0.00000, 1.00000, 0.00000, 7.80963, 23.72502, 1.41000, 1.00000, },
				{ 0.99747, 0.07112, 0.00000, 0.00000, -0.07112, 0.99747, 0.00000, 0.00000, 0.00000, 0.00000, 1.00000, 0.00000, 7.32678, 24.50000, 0.00000, 1.00000, },
				{ -0.38918, -0.92116, 0.00000, 0.00000, 0.92116, -0.38918, 0.00000, 0.00000, 0.00000, 0.00000, 1.00000, 0.00000, 5.95696, 25.28000, 0.00000, 1.00000, },
				{ -0.92318, -0.38436, 0.00000, 0.00000, 0.38436, -0.92318, 0.00000, 0.00000, 0.00000, 0.00000, 1.00000, 0.00000, 5.58109, 22.94000, 0.00000, 1.00000, },
				{ 0.96346, 0.26785, 0.00000, 0.00000, -0.26785, 0.96346, 0.00000, 0.00000, 0.00000, 0.00000, 1.00000, 0.00000, 5.59270, 22.96110, 1.41000, 1.00000, },
				{ -0.80787, -0.58936, 0.00000, 0.00000, 0.58936, -0.80787, 0.00000, 0.00000, 0.00000, 0.00000, 1.00000, 0.00000, 6.04363, 23.70000, 0.00000, 1.00000, },
				{ 0.16833, 0.98573, 0.00000, 0.00000, -0.98573, 0.16833, 0.00000, 0.00000, 0.00000, 0.00000, 1.00000, 0.00000, 5.55143, 24.50000, 0.00000, 1.00000, },
				{ -0.98321, -0.18249, 0.00000, 0.00000, 0.18249, -0.98321, 0.00000, 0.00000, 0.00000, 0.00000, 1.00000, 0.00000, 5.92382, 24.19176, 1.41000, 1.00000, },
				{ -0.99911, -0.04229, 0.00000, 0.00000, 0.04229, -0.99911, 0.00000, 0.00000, 0.00000, 0.00000, 1.00000, 0.00000, 8.27557, 22.96000, 0.00000, 1.00000, },
				{ 0.37064, -0.92877, 0.00000, 0.00000, 0.92877, 0.37064, 0.00000, 0.00000, 0.00000, 0.00000, 1.00000, 0.00000, 8.28240, 22.97301, 1.41000, 1.00000, },
				{ 0.99620, 0.08715, 0.00000, 0.00000, -0.08715, 0.99620, 0.00000, 0.00000, 0.00000, 0.00000, 1.00000, 0.00000, 8.72506, 23.72000, 0.00000, 1.00000, },
				{ -0.32932, 0.94422, 0.00000, 0.00000, -0.94422, -0.32932, 0.00000, 0.00000, 0.00000, 0.00000, 1.00000, 0.00000, 8.73189, 23.73261, 1.41000, 1.00000, },
				{ 0.31748, 0.94827, 0.00000, 0.00000, -0.94827, 0.31748, 0.00000, 0.00000, 0.00000, 0.00000, 1.00000, 0.00000, 8.26793, 24.52000, 0.00000, 1.00000, },
				{ -0.92848, -0.37137, 0.00000, 0.00000, 0.37137, -0.92848, 0.00000, 0.00000, 0.00000, 0.00000, 1.00000, 0.00000, 6.92445, 25.30000, 0.00000, 1.00000, },
				{ 0.18574, -0.98260, 0.00000, 0.00000, 0.98260, 0.18574, 0.00000, 0.00000, 0.00000, 0.00000, 1.00000, 0.00000, 6.41834, 22.96000, 0.00000, 1.00000, },
				{ 0.02420, 0.99971, 0.00000, 0.00000, -0.99971, 0.02420, 0.00000, 0.00000, 0.00000, 0.00000, 1.00000, 0.00000, 6.43069, 22.98119, 1.41000, 1.00000, },
				{ -0.05018, 0.99874, 0.00000, 0.00000, -0.99874, -0.05018, 0.00000, 0.00000, 0.00000, 0.00000, 1.00000, 0.00000, 6.92160, 23.72000, 0.00000, 1.00000, },
				{ 0.28999, -0.95703, 0.00000, 0.00000, 0.95703, 0.28999, 0.00000, 0.00000, 0.00000, 0.00000, 1.00000, 0.00000, 6.93400, 23.74327, 1.41000, 1.00000, },
				{ -0.36141, -0.93241, 0.00000, 0.00000, 0.93241, -0.36141, 0.00000, 0.00000, 0.00000, 0.00000, 1.00000, 0.00000, 6.43983, 24.52000, 0.00000, 1.00000, },
				{ -0.69367, -0.72030, 0.00000, 0.00000, 0.72030, -0.69367, 0.00000, 0.00000, 0.00000, 0.00000, 1.00000, 0.00000, 4.65799, 22.96000, 0.00000, 1.00000, },
				{ 0.97372, -0.22773, 0.00000, 0.00000, 0.22773, 0.97372, 0.00000, 0.00000, 0.00000, 0.00000, 1.00000, 0.00000, 4.66534, 22.97425, 1.41000, 1.00000, },
				{ 0.73939, 0.67328, 0.00000, 0.00000, -0.67328, 0.73939, 0.00000, 0.00000, 0.00000, 0.00000, 1.00000, 0.00000, 5.12989, 23.72000, 0.00000, 1.00000, },
				{ -0.18505, 0.98273, 0.00000, 0.00000, -0.98273, -0.18505, 0.00000, 0.00000, 0.00000, 0.00000, 1.00000, 0.00000, 4.65140, 24.52000, 0.00000, 1.00000, },
			},
			["asset/industry/pallet_01.mdl"] = {
				{ 0.99999, -0.00534, -0.00000, 0.00000, 0.00534, 0.99999, 0.00000, 0.00000, 0.00000, -0.00000, 1.00000, 0.00000, -10.43503, 11.23964, 2.04537, 1.00000, align = { -10.42946, 10.51478 }, },
				{ 0.99999, -0.00534, -0.00000, 0.00000, 0.00534, 0.99999, 0.00000, 0.00000, 0.00000, -0.00000, 1.00000, 0.00000, -10.43503, 11.23964, -0.01084, 1.00000, align = { -10.42946, 10.51478 }, },
				{ 0.99993, -0.01207, -0.00000, 0.00000, 0.01207, 0.99993, 0.00000, 0.00000, 0.00000, -0.00000, 1.00000, 0.00000, -10.44588, 9.90145, 2.04537, 1.00000, align = { -10.42946, 10.51478 }, },
				{ 0.99993, -0.01207, -0.00000, 0.00000, 0.01207, 0.99993, 0.00000, 0.00000, 0.00000, -0.00000, 1.00000, 0.00000, -10.44588, 9.90145, -0.01084, 1.00000, align = { -10.42946, 10.51478 }, },
				{ 0.99999, -0.00534, -0.00000, 0.00000, 0.00534, 0.99999, 0.00000, 0.00000, 0.00000, -0.00000, 1.00000, 0.00000, -10.43503, 8.00895, 2.04537, 1.00000, align = { -10.42946, 7.28409 }, },
				{ 0.99999, -0.00534, -0.00000, 0.00000, 0.00534, 0.99999, 0.00000, 0.00000, 0.00000, -0.00000, 1.00000, 0.00000, -10.43503, 8.00895, -0.01084, 1.00000, align = { -10.42946, 7.28409 }, },
				{ 0.99993, -0.01207, -0.00000, 0.00000, 0.01207, 0.99993, 0.00000, 0.00000, 0.00000, -0.00000, 1.00000, 0.00000, -10.44588, 6.67075, 2.04537, 1.00000, align = { -10.42946, 7.28409 }, },
				{ -0.99999, 0.00534, 0.00000, 0.00000, -0.00534, -0.99999, -0.00000, 0.00000, 0.00000, -0.00000, 1.00000, 0.00000, -4.98731, 9.78992, 2.04537, 1.00000, align = { -4.99288, 10.51478 }, },
				{ -0.99993, 0.01207, 0.00000, 0.00000, -0.01207, -0.99993, -0.00000, 0.00000, 0.00000, -0.00000, 1.00000, 0.00000, -4.97645, 11.12811, 2.04537, 1.00000, align = { -4.99288, 10.51478 }, },
				{ -0.99999, 0.00534, 0.00000, 0.00000, -0.00534, -0.99999, -0.00000, 0.00000, 0.00000, -0.00000, 1.00000, 0.00000, -4.98731, 6.55923, 2.04537, 1.00000, align = { -4.99288, 7.28409 }, },
				{ -0.99999, 0.00534, 0.00000, 0.00000, -0.00534, -0.99999, -0.00000, 0.00000, 0.00000, -0.00000, 1.00000, 0.00000, -4.98731, 6.55923, -0.01084, 1.00000, align = { -4.99288, 7.28409 }, },
				{ -0.99993, 0.01207, 0.00000, 0.00000, -0.01207, -0.99993, -0.00000, 0.00000, 0.00000, -0.00000, 1.00000, 0.00000, -4.97645, 7.89742, 2.04537, 1.00000, align = { -4.99288, 7.28409 }, },
				{ -0.99993, 0.01207, 0.00000, 0.00000, -0.01207, -0.99993, -0.00000, 0.00000, 0.00000, -0.00000, 1.00000, 0.00000, -4.97645, 7.89742, -0.01084, 1.00000, align = { -4.99288, 7.28409 }, },
				{ 0.00534, 0.99999, 0.00000, 0.00000, -0.99999, 0.00534, -0.00000, 0.00000, -0.00000, -0.00000, 1.00000, 0.00000, -8.46790, 4.96317, 2.04537, 1.00000, align = { -7.74304, 4.96875 }, },
				{ 0.01207, 0.99993, 0.00000, 0.00000, -0.99993, 0.01207, -0.00000, 0.00000, -0.00000, -0.00000, 1.00000, 0.00000, -7.12971, 4.95232, 2.04537, 1.00000, align = { -7.74304, 4.96875 }, },
				{ 0.01207, 0.99993, 0.00000, 0.00000, -0.99993, 0.01207, -0.00000, 0.00000, -0.00000, -0.00000, 1.00000, 0.00000, -7.12971, 4.95232, -0.01084, 1.00000, align = { -7.74304, 4.96875 }, },
				{ 1.00000, 0.00000, 0.00000, 0.00000, 0.00000, 1.00000, 0.00000, 0.00000, 0.00000, 0.00000, 1.00000, 0.00000, 0.80000, 13.67500, 0.00000, 1.00000, },
				{ 1.00000, 0.00000, 0.00000, 0.00000, 0.00000, 1.00000, 0.00000, 0.00000, 0.00000, 0.00000, 1.00000, 0.00000, 0.80000, 13.67500, 0.57000, 1.00000, },
				{ 1.00000, 0.00000, 0.00000, 0.00000, 0.00000, 1.00000, 0.00000, 0.00000, 0.00000, 0.00000, 1.00000, 0.00000, 0.80000, 13.67500, 0.14000, 1.00000, },
				{ 1.00000, 0.00000, 0.00000, 0.00000, 0.00000, 1.00000, 0.00000, 0.00000, 0.00000, 0.00000, 1.00000, 0.00000, 0.80000, 13.67500, 0.71000, 1.00000, },
				{ 1.00000, 0.00000, 0.00000, 0.00000, 0.00000, 1.00000, 0.00000, 0.00000, 0.00000, 0.00000, 1.00000, 0.00000, 0.80000, 13.67500, 0.28000, 1.00000, },
				{ 1.00000, 0.00000, 0.00000, 0.00000, 0.00000, 1.00000, 0.00000, 0.00000, 0.00000, 0.00000, 1.00000, 0.00000, 0.80000, 13.67500, 0.85000, 1.00000, },
				{ 1.00000, 0.00000, 0.00000, 0.00000, 0.00000, 1.00000, 0.00000, 0.00000, 0.00000, 0.00000, 1.00000, 0.00000, 0.80000, 13.67500, 0.42500, 1.00000, },
				{ 1.00000, 0.00000, 0.00000, 0.00000, 0.00000, 1.00000, 0.00000, 0.00000, 0.00000, 0.00000, 1.00000, 0.00000, 0.80000, 13.67500, 0.99500, 1.00000, },
			},
			["asset/industry/steal_pipes_01.mdl"] = {
				{ 1.00000, 0.00000, 0.00000, 0.00000, 0.00000, 1.00000, 0.00000, 0.00000, 0.00000, 0.00000, 1.00000, 0.00000, -7.27561, 29.86000, 0.00000, 1.00000, },
				{ 1.00000, 0.00000, 0.00000, 0.00000, 0.00000, 1.00000, 0.00000, 0.00000, 0.00000, 0.00000, 1.00000, 0.00000, -4.83696, 22.06491, 0.00000, 1.00000, },
				{ 1.00000, 0.00000, 0.00000, 0.00000, 0.00000, 1.00000, 0.00000, 0.00000, 0.00000, 0.00000, 1.00000, 0.00000, -7.27561, 29.83272, 1.23500, 1.00000, },
				{ 1.00000, 0.00000, 0.00000, 0.00000, 0.00000, 1.00000, 0.00000, 0.00000, 0.00000, 0.00000, 1.00000, 0.00000, -8.46395, 29.81374, 0.00000, 1.00000, },
				{ 1.00000, 0.00000, 0.00000, 0.00000, 0.00000, 1.00000, 0.00000, 0.00000, 0.00000, 0.00000, 1.00000, 0.00000, -8.46395, 29.80579, 1.23500, 1.00000, },
				{ 1.00000, 0.00000, 0.00000, 0.00000, 0.00000, 1.00000, 0.00000, 0.00000, 0.00000, 0.00000, 1.00000, 0.00000, -8.46395, 29.81939, 2.46500, 1.00000, },
				{ 1.00000, 0.00000, 0.00000, 0.00000, 0.00000, 1.00000, 0.00000, 0.00000, 0.00000, 0.00000, 1.00000, 0.00000, -9.64000, 29.81052, 0.00000, 1.00000, },
				{ 1.00000, 0.00000, 0.00000, 0.00000, 0.00000, 1.00000, 0.00000, 0.00000, 0.00000, 0.00000, 1.00000, 0.00000, -9.80000, 23.25052, 0.00000, 1.00000, },
				{ 1.00000, 0.00000, 0.00000, 0.00000, 0.00000, 1.00000, 0.00000, 0.00000, 0.00000, 0.00000, 1.00000, 0.00000, -9.64000, 26.43162, 0.00000, 1.00000, },
				{ 1.00000, 0.00000, 0.00000, 0.00000, 0.00000, 1.00000, 0.00000, 0.00000, 0.00000, 0.00000, 1.00000, 0.00000, -9.80000, 19.87161, 0.00000, 1.00000, },
				{ 1.00000, 0.00000, 0.00000, 0.00000, 0.00000, 1.00000, 0.00000, 0.00000, 0.00000, 0.00000, 1.00000, 0.00000, -9.64000, 29.82487, 1.23500, 1.00000, },
				{ 1.00000, 0.00000, 0.00000, 0.00000, 0.00000, 1.00000, 0.00000, 0.00000, 0.00000, 0.00000, 1.00000, 0.00000, -9.80000, 23.26487, 1.23500, 1.00000, },
				{ 1.00000, 0.00000, 0.00000, 0.00000, 0.00000, 1.00000, 0.00000, 0.00000, 0.00000, 0.00000, 1.00000, 0.00000, -9.80000, 20.04487, 1.23500, 1.00000, },
				{ 1.00000, 0.00000, 0.00000, 0.00000, 0.00000, 1.00000, 0.00000, 0.00000, 0.00000, 0.00000, 1.00000, 0.00000, -9.64000, 29.80573, 2.46500, 1.00000, },
				{ 1.00000, 0.00000, 0.00000, 0.00000, 0.00000, 1.00000, 0.00000, 0.00000, 0.00000, 0.00000, 1.00000, 0.00000, -10.86504, 29.82035, 0.00000, 1.00000, },
				{ 1.00000, 0.00000, 0.00000, 0.00000, 0.00000, 1.00000, 0.00000, 0.00000, 0.00000, 0.00000, 1.00000, 0.00000, -11.02504, 23.26035, 0.00000, 1.00000, },
				{ 1.00000, 0.00000, 0.00000, 0.00000, 0.00000, 1.00000, 0.00000, 0.00000, 0.00000, 0.00000, 1.00000, 0.00000, -10.86504, 26.58522, 0.00000, 1.00000, },
				{ 1.00000, 0.00000, 0.00000, 0.00000, 0.00000, 1.00000, 0.00000, 0.00000, 0.00000, 0.00000, 1.00000, 0.00000, -11.02504, 20.02522, 0.00000, 1.00000, },
				{ 1.00000, 0.00000, 0.00000, 0.00000, 0.00000, 1.00000, 0.00000, 0.00000, 0.00000, 0.00000, 1.00000, 0.00000, -10.86504, 29.80614, 1.23500, 1.00000, },
				{ 1.00000, 0.00000, 0.00000, 0.00000, 0.00000, 1.00000, 0.00000, 0.00000, 0.00000, 0.00000, 1.00000, 0.00000, -11.02504, 23.24613, 1.23500, 1.00000, },
				{ 1.00000, 0.00000, 0.00000, 0.00000, 0.00000, 1.00000, 0.00000, 0.00000, 0.00000, 0.00000, 1.00000, 0.00000, -11.02504, 20.02613, 1.23500, 1.00000, },
				{ 1.00000, 0.00000, 0.00000, 0.00000, 0.00000, 1.00000, 0.00000, 0.00000, 0.00000, 0.00000, 1.00000, 0.00000, -10.86504, 29.79544, 2.46500, 1.00000, },
				{ 1.00000, 0.00000, 0.00000, 0.00000, 0.00000, 1.00000, 0.00000, 0.00000, 0.00000, 0.00000, 1.00000, 0.00000, -11.02504, 23.23544, 2.46500, 1.00000, },
			},
			["asset/industry/wooden_box_02.mdl"] = {
				{ -0.00632, -0.99998, -0.00000, 0.00000, 0.99998, -0.00632, -0.00000, 0.00000, -0.00000, -0.00000, 1.00000, 0.00000, -10.42362, 11.20635, 2.18174, 1.00000, align = { -10.42946, 10.51478 }, },
				{ -0.00632, -0.99998, -0.00000, 0.00000, 0.99998, -0.00632, -0.00000, 0.00000, -0.00000, -0.00000, 1.00000, 0.00000, -10.42362, 11.20635, 0.12553, 1.00000, align = { -10.42946, 10.51478 }, },
				{ -0.00632, -0.99998, -0.00000, 0.00000, 0.99998, -0.00632, -0.00000, 0.00000, -0.00000, -0.00000, 1.00000, 0.00000, -10.42362, 9.94180, 2.18174, 1.00000, align = { -10.42946, 10.51478 }, },
				{ -0.00632, -0.99998, -0.00000, 0.00000, 0.99998, -0.00632, -0.00000, 0.00000, -0.00000, -0.00000, 1.00000, 0.00000, -10.42362, 9.94180, 0.12553, 1.00000, align = { -10.42946, 10.51478 }, },
				{ -0.00632, -0.99998, -0.00000, 0.00000, 0.99998, -0.00632, -0.00000, 0.00000, -0.00000, -0.00000, 1.00000, 0.00000, -10.42362, 7.97566, 2.18174, 1.00000, align = { -10.42946, 7.28409 }, },
				{ -0.00632, -0.99998, -0.00000, 0.00000, 0.99998, -0.00632, -0.00000, 0.00000, -0.00000, -0.00000, 1.00000, 0.00000, -10.42362, 7.97566, 0.12553, 1.00000, align = { -10.42946, 7.28409 }, },
				{ -0.00632, -0.99998, -0.00000, 0.00000, 0.99998, -0.00632, -0.00000, 0.00000, -0.00000, -0.00000, 1.00000, 0.00000, -10.42362, 6.71110, 2.18174, 1.00000, align = { -10.42946, 7.28409 }, },
				{ 0.00632, 0.99998, 0.00000, 0.00000, -0.99998, 0.00632, 0.00000, 0.00000, 0.00000, 0.00000, 1.00000, 0.00000, -4.99871, 9.82321, 2.18174, 1.00000, align = { -4.99288, 10.51478 }, },
				{ 0.00632, 0.99998, 0.00000, 0.00000, -0.99998, 0.00632, 0.00000, 0.00000, 0.00000, 0.00000, 1.00000, 0.00000, -4.99871, 11.08777, 2.18174, 1.00000, align = { -4.99288, 10.51478 }, },
				{ 0.00632, 0.99998, 0.00000, 0.00000, -0.99998, 0.00632, 0.00000, 0.00000, 0.00000, 0.00000, 1.00000, 0.00000, -4.99871, 6.59252, 2.18174, 1.00000, align = { -4.99288, 7.28409 }, },
				{ 0.00632, 0.99998, 0.00000, 0.00000, -0.99998, 0.00632, 0.00000, 0.00000, 0.00000, 0.00000, 1.00000, 0.00000, -4.99871, 7.85707, 2.18174, 1.00000, align = { -4.99288, 7.28409 }, },
				{ 0.00632, 0.99998, 0.00000, 0.00000, -0.99998, 0.00632, 0.00000, 0.00000, 0.00000, 0.00000, 1.00000, 0.00000, -4.99871, 7.85707, 0.12553, 1.00000, align = { -4.99288, 7.28409 }, },
				{ 0.99998, -0.00632, 0.00000, 0.00000, 0.00632, 0.99998, 0.00000, 0.00000, 0.00000, 0.00000, 1.00000, 0.00000, -8.43461, 4.97458, 2.18174, 1.00000, align = { -7.74304, 4.96875 }, },
				{ 0.99998, -0.00632, 0.00000, 0.00000, 0.00632, 0.99998, 0.00000, 0.00000, 0.00000, 0.00000, 1.00000, 0.00000, -7.17006, 4.97458, 2.18174, 1.00000, align = { -7.74304, 4.96875 }, },
				{ 0.99998, -0.00632, 0.00000, 0.00000, 0.00632, 0.99998, 0.00000, 0.00000, 0.00000, 0.00000, 1.00000, 0.00000, -7.17006, 4.97458, 0.12553, 1.00000, align = { -7.74304, 4.96875 }, },
			},
		},
		groups = {
			["era_c_ind_random_decoration.grp"] = {
				{ 1.00000, 0.00000, 0.00000, 0.00000, 0.00000, 1.00000, 0.00000, 0.00000, 0.00000, 0.00000, 1.00000, 0.00000, 10.89000, 14.95000, 0.00000, 1.00000, },
				{ 1.00000, 0.00000, 0.00000, 0.00000, 0.00000, 1.00000, 0.00000, 0.00000, 0.00000, 0.00000, 1.00000, 0.00000, -5.15000, 18.85000, 0.00000, 1.00000, },
			},
			["silo_special.grp"] = {
				{ -0.50000, 0.86603, 0.00000, 0.00000, -0.86603, -0.50000, 0.00000, 0.00000, 0.00000, 0.00000, 1.00000, 0.00000, 8.91000, 29.00000, 0.00000, 1.00000, },
			},
		},
	},
}
--End Generated

function data()
	return townbuildingutil.make_building2(
		{ { -4.60, -0.10 }, { 4.60, -0.10 }, { 4.60, 9.10 }, { -4.60, 9.10 } },
		"INDUSTRIAL", 
		"C", 
		1,
		{ 3, 4 },
		generatedData,
		"construction/building/era_c/ind_1_3x4_01.gtex"
	)
end
