local townbuildingutil = require "townbuildingutil"

--Model file: "building/era_c/ind_2_1x2_02.mdl"

--Begin Generated
local generatedData = {
	["base"] = {
		models = {
			["building/era_c/ind_2_1x2_02.mdl"] = {
				{ 1.00000, 0.00000, 0.00000, 0.00000, 0.00000, 1.00000, 0.00000, 0.00000, 0.00000, 0.00000, 1.00000, 0.00000, 3.40000, 0.15000, 0.00000, 1.00000, },
			},
		},
		curves = {
			["scaffold"] = {
				{ { 6.94577, 1.28327, 0.00000 }, { 6.94577, 1.28327, 0.00000 }, { 6.94576, 4.53602, 0.00000 }, { 6.94576, 4.53602, 0.00000 }, { 6.94576, 4.53602, 0.00000 }, { 6.37660, 4.53602, 0.00000 }, { 6.37660, 4.53602, 0.00000 }, { 6.37660, 4.53602, 0.00000 }, { 6.37659, 8.62241, 0.00000 }, { 6.37659, 8.62241, 0.00000 }, { 6.37659, 8.62241, 0.00000 }, { 4.76406, 8.62241, 0.00000 }, { 4.76406, 8.62241, 0.00000 }, { 4.76406, 8.62241, 0.00000 }, { 4.76406, 11.15708, 0.00000 }, { 4.76406, 11.15708, 0.00000 }, { 4.76406, 11.15708, 0.00000 }, { 6.37855, 11.15708, 0.00000 }, { 6.37855, 11.15708, 0.00000 }, { 6.37855, 11.15708, 0.00000 }, { 6.37856, 14.93394, 0.00000 }, { 6.37856, 14.93394, 0.00000 }, { 6.37856, 14.93394, 0.00000 }, { 0.17976, 14.93394, 0.00000 }, { 0.17976, 14.93394, 0.00000 }, { 0.17976, 14.93394, 0.00000 }, { 0.17976, 5.23981, 0.00000 }, { 0.17976, 5.23981, 0.00000 }, { 0.17976, 5.23981, 0.00000 }, { 1.86000, 4.22000, 0.00000 }, { 1.86000, 4.22000, 0.00000 }, { 1.86000, 4.22000, 0.00000 }, { 1.86000, 1.28327, 0.00000 }, { 1.86000, 1.28327, 0.00000 }, },
			},
			["shared/asphalt_02.gtex.lua;shared/dirt.gtex.lua;shared/asphalt_03.gtex.lua"] = {
				{ { 8.00000, 0.00000, 0.00000 }, { 8.00000, 0.00000, 0.00000 }, { 8.00000, 16.00000, 0.00000 }, { 8.00000, 16.00000, 0.00000 }, { 8.00000, 16.00000, 0.00000 }, { -8.00000, 16.00000, 0.00000 }, { -8.00000, 16.00000, 0.00000 }, { -8.00000, 16.00000, 0.00000 }, { -8.00000, 0.00000, 0.00000 }, { -8.00000, 0.00000, 0.00000 }, },
			},
		},
	},
	["layout_1"] = {
		models = {
			["asset/ground/barrel_steel.mdl"] = {
				{ 1.00000, 0.00000, 0.00000, 0.00000, 0.00000, 1.00000, 0.00000, 0.00000, 0.00000, 0.00000, 1.00000, 0.00000, -5.10000, 15.20000, 0.13000, 1.00000, },
				{ 1.00000, 0.00000, 0.00000, 0.00000, 0.00000, 1.00000, 0.00000, 0.00000, 0.00000, 0.00000, 1.00000, 0.00000, -6.05000, 15.10000, 0.13000, 1.00000, },
				{ -0.46232, -0.88671, 0.00000, 0.00000, 0.88671, -0.46232, 0.00000, 0.00000, 0.00000, 0.00000, 1.00000, 0.00000, 6.95000, 14.35000, 0.00000, 1.00000, },
				{ -0.70649, -0.70772, 0.00000, 0.00000, 0.70772, -0.70649, 0.00000, 0.00000, 0.00000, 0.00000, 1.00000, 0.00000, 7.25000, 13.40000, 0.00000, 1.00000, },
				{ -0.15786, -0.98746, 0.00000, 0.00000, 0.98746, -0.15786, 0.00000, 0.00000, 0.00000, 0.00000, 1.00000, 0.00000, 6.90000, 12.50000, 0.00000, 1.00000, },
				{ -0.55537, -0.83160, 0.00000, 0.00000, 0.83160, -0.55537, 0.00000, 0.00000, 0.00000, 0.00000, 1.00000, 0.00000, 6.75000, 15.30000, 0.00000, 1.00000, },
				{ -0.83372, -0.55219, 0.00000, 0.00000, 0.55219, -0.83372, 0.00000, 0.00000, 0.00000, 0.00000, 1.00000, 0.00000, 6.95000, 5.05000, 0.00000, 1.00000, },
			},
			["asset/industry/pallet_01.mdl"] = {
				{ 0.03490, -0.99939, 0.00000, 0.00000, 0.99939, 0.03490, 0.00000, 0.00000, 0.00000, 0.00000, 1.00000, 0.00000, 1.68000, 3.27262, 0.00000, 1.00000, },
				{ 0.03490, -0.00000, 0.99939, 0.00000, 0.99939, -0.00000, -0.03490, 0.00000, 0.00000, 1.00000, -0.00000, 0.00000, 1.68000, 3.75692, 0.48430, 1.00000, },
				{ 0.00873, -0.99996, 0.00000, 0.00000, 0.99996, 0.00873, 0.00000, 0.00000, 0.00000, 0.00000, 1.00000, 0.00000, 1.92000, 2.09262, 0.00000, 1.00000, },
			},
			["asset/industry/pipes_small_curved_vertical.mdl"] = {
				{ -1.00000, -0.00000, -0.00000, 0.00000, 0.00000, -1.00000, 0.00000, 0.00000, -0.00000, 0.00000, 1.00000, 0.00000, -2.11500, 13.64000, 1.49500, 1.00000, align = { -4.04635, 13.10425 }, },
				{ -1.00000, -0.00000, -0.00000, 0.00000, 0.00000, -1.00000, 0.00000, 0.00000, -0.00000, 0.00000, 1.00000, 0.00000, -3.62000, 13.64000, 2.10000, 1.00000, align = { -4.04635, 13.10425 }, },
				{ -1.00000, -0.00000, -0.00000, 0.00000, 0.00000, -1.00000, 0.00000, 0.00000, -0.00000, 0.00000, 1.00000, 0.00000, -5.12000, 13.64000, 2.72000, 1.00000, align = { -4.04635, 13.10425 }, },
			},
			["asset/industry/pipes_small_straight.mdl"] = {
				{ -1.00000, -0.00000, -0.00000, 0.00000, 0.00000, -1.00000, 0.00000, 0.00000, -0.00000, 0.00000, 1.00000, 0.00000, -2.11500, 13.64000, 1.49500, 1.00000, align = { -4.04635, 13.10425 }, },
				{ -1.00000, -0.00000, -0.00000, 0.00000, 0.00000, -1.00000, 0.00000, 0.00000, -0.00000, 0.00000, 1.00000, 0.00000, -3.62000, 13.64000, 2.10000, 1.00000, align = { -4.04635, 13.10425 }, },
				{ -1.00000, -0.00000, -0.00000, 0.00000, 0.00000, -1.00000, 0.00000, 0.00000, -0.00000, 0.00000, 1.00000, 0.00000, -5.12000, 13.64000, 2.72000, 1.00000, align = { -4.04635, 13.10425 }, },
				{ -0.00000, 0.00000, 1.00000, 0.00000, 0.00000, -1.00000, 0.00000, 0.00000, 1.00000, 0.00000, 0.00000, 0.00000, -4.56063, 13.64000, 2.10000, 1.00000, align = { -4.04635, 13.10425 }, },
				{ -0.00000, 0.00000, 1.00000, 0.00000, 0.00000, -1.00000, 0.00000, 0.00000, 1.00000, 0.00000, 0.00000, 0.00000, -6.06063, 13.64000, 2.72000, 1.00000, align = { -4.04635, 13.10425 }, },
				{ -1.00000, -0.00000, -0.00000, 0.00000, 0.00000, -1.00000, 0.00000, 0.00000, -0.00000, 0.00000, 1.00000, 0.00000, -0.62000, 13.64000, 2.10000, 1.00000, align = { -4.04635, 13.10425 }, },
				{ -1.00000, -0.00000, -0.00000, 0.00000, 0.00000, -1.00000, 0.00000, 0.00000, -0.00000, 0.00000, 1.00000, 0.00000, -2.12000, 13.64000, 2.72000, 1.00000, align = { -4.04635, 13.10425 }, },
			},
			["asset/industry/wooden_box_01.mdl"] = {
				{ 0.03490, -0.99939, 0.00000, 0.00000, 0.99939, 0.03490, 0.00000, 0.00000, 0.00000, 0.00000, 1.00000, 0.00000, 1.68000, 3.27262, 0.13000, 1.00000, },
				{ -0.06105, -0.99813, 0.00000, 0.00000, 0.99813, -0.06105, 0.00000, 0.00000, 0.00000, 0.00000, 1.00000, 0.00000, 1.68000, 3.27262, 1.01600, 1.00000, },
				{ 0.00873, -0.99996, 0.00000, 0.00000, 0.99996, 0.00873, 0.00000, 0.00000, 0.00000, 0.00000, 1.00000, 0.00000, 1.92000, 2.09262, 0.13000, 1.00000, },
			},
		},
		groups = {
			["silo_horizontal.grp"] = {
				{ 1.00000, 0.00000, 0.00000, 0.00000, 0.00000, 1.00000, 0.00000, 0.00000, 0.00000, 0.00000, 1.00000, 0.00000, -4.12000, 13.66000, 0.00000, 1.00000, align = { -4.04635, 13.10425 }, },
			},
		},
	},
}
--End Generated

function data()
	return townbuildingutil.make_building2(
		{ { -4.60, -0.10 }, { 4.60, -0.10 }, { 4.60, 9.10 }, { -4.60, 9.10 } },
		"INDUSTRIAL", 
		"C", 
		2,
		{ 2, 2 },
		generatedData,
		"construction/building/era_c/ind_2_2x2_01.gtex"
	)
end
