local townbuildingutil = require "townbuildingutil"

--Model file: "building/era_c/res_2_1x2_02.mdl"

--Begin Generated
local generatedData = {
	["base"] = {
		models = {
			["building/era_c/res_2_1x2_02.mdl"] = {
				{ 1.00000, 0.00000, 0.00000, 0.00000, 0.00000, 1.00000, 0.00000, 0.00000, 0.00000, 0.00000, 1.00000, 0.00000, 2.14000, 0.12000, 0.00000, 1.00000, },
			},
		},
		curves = {
			["scaffold"] = {
				{ { 2.82619, 0.98494, 0.00000 }, { 2.82619, 0.98494, 0.00000 }, { 2.89000, 2.51500, 0.00000 }, { 2.89000, 2.51500, 0.00000 }, { 2.89000, 2.51500, 0.00000 }, { 4.43256, 2.51485, 0.00000 }, { 4.43256, 2.51485, 0.00000 }, { 4.43256, 2.51485, 0.00000 }, { 4.94254, 10.48267, 0.00000 }, { 4.94254, 10.48267, 0.00000 }, { 4.94254, 10.48267, 0.00000 }, { 5.51434, 10.48267, 0.00000 }, { 5.51434, 10.48267, 0.00000 }, { 5.51434, 10.48267, 0.00000 }, { 5.51434, 15.18152, 0.00000 }, { 5.51434, 15.18152, 0.00000 }, { 5.51434, 15.18152, 0.00000 }, { -0.97400, 15.18152, 0.00000 }, { -0.97400, 15.18152, 0.00000 }, { -0.97400, 15.18152, 0.00000 }, { -0.97400, 0.98494, 0.00000 }, { -0.97400, 0.98494, 0.00000 }, },
			},
			["shared/asphalt_01.gtex.lua;shared/border2.gtex.lua"] = {
				{ { 3.90000, 0.00000, 0.00000 }, { 3.90000, 0.00000, 0.00000 }, { 3.90000, 0.10000, 0.00000 }, { 3.90000, 0.10000, 0.00000 }, { 3.90000, 0.10000, 0.00000 }, { 3.90000, 1.60000, 0.00000 }, { 3.90000, 1.60000, 0.00000 }, { 3.90000, 1.60000, 0.00000 }, { 5.30000, 1.60000, 0.00000 }, { 5.30000, 1.60000, 0.00000 }, { 5.30000, 1.60000, 0.00000 }, { 5.80000, 9.50000, 0.00000 }, { 5.80000, 9.50000, 0.00000 }, { 5.80000, 9.50000, 0.00000 }, { 6.50000, 9.50000, 0.00000 }, { 6.50000, 9.50000, 0.00000 }, { 6.50000, 9.50000, 0.00000 }, { 6.50000, 16.00000, 0.00000 }, { 6.50000, 16.00000, 0.00000 }, { 6.50000, 16.00000, 0.00000 }, { -1.95000, 16.00000, 0.00000 }, { -1.95000, 16.00000, 0.00000 }, { -1.95000, 16.00000, 0.00000 }, { -1.95000, 0.10000, 0.00000 }, { -1.95000, 0.10000, 0.00000 }, { -1.95000, 0.10000, 0.00000 }, { -1.95000, 0.00000, 0.00000 }, { -1.95000, 0.00000, 0.00000 }, },
			},
			["shared/grass_cutted_01.gtex.lua"] = {
				{ { -1.95000, 0.00000, 0.00000 }, { -1.95000, 0.00000, 0.00000 }, { -1.95000, 16.00000, 0.00000 }, { -1.95000, 16.00000, 0.00000 }, { -1.95000, 16.00000, 0.00000 }, { -8.00000, 16.00000, 0.00000 }, { -8.00000, 16.00000, 0.00000 }, { -8.00000, 16.00000, 0.00000 }, { -8.00000, 0.00000, 0.00000 }, { -8.00000, 0.00000, 0.00000 }, },
			},
			["shared/gravel_02.gtex.lua;shared/border2.gtex.lua"] = {
				{ { 8.00000, 0.00000, 0.00000 }, { 8.00000, 0.00000, 0.00000 }, { 8.00000, 16.00000, 0.00000 }, { 8.00000, 16.00000, 0.00000 }, { 8.00000, 16.00000, 0.00000 }, { 6.50000, 16.00000, 0.00000 }, { 6.50000, 16.00000, 0.00000 }, { 6.50000, 16.00000, 0.00000 }, { 6.50000, 9.50000, 0.00000 }, { 6.50000, 9.50000, 0.00000 }, { 6.50000, 9.50000, 0.00000 }, { 5.80000, 9.50000, 0.00000 }, { 5.80000, 9.50000, 0.00000 }, { 5.80000, 9.50000, 0.00000 }, { 5.30000, 1.60000, 0.00000 }, { 5.30000, 1.60000, 0.00000 }, { 5.30000, 1.60000, 0.00000 }, { 3.90000, 1.60000, 0.00000 }, { 3.90000, 1.60000, 0.00000 }, { 3.90000, 1.60000, 0.00000 }, { 3.90000, 0.00000, 0.00000 }, { 3.90000, 0.00000, 0.00000 }, },
			},
		},
	},
	["layout_1"] = {
		models = {
			["asset/ground/garden_chair_plastic_01.mdl"] = {
				{ -0.37299, -0.92784, 0.00000, 0.00000, 0.92784, -0.37299, -0.00000, 0.00000, 0.00000, -0.00000, 1.00000, 0.00000, 0.37000, 3.34000, 5.70000, 1.00000, align = { 2.14000, 0.12000 }, },
			},
			["asset/ground/garden_chair_wood_01.mdl"] = {
				{ 0.89493, -0.44620, 0.00000, 0.00000, 0.44620, 0.89493, 0.00000, 0.00000, 0.00000, 0.00000, 1.00000, 0.00000, 0.41000, 11.62000, 5.68900, 1.00000, align = { 2.14000, 0.12000 }, },
				{ 0.15643, 0.98769, 0.00000, 0.00000, -0.98769, 0.15643, 0.00000, 0.00000, 0.00000, 0.00000, 1.00000, 0.00000, 3.48000, 4.79000, 2.99000, 1.00000, align = { 2.14000, 0.12000 }, },
				{ 0.15643, 0.98769, 0.00000, 0.00000, -0.98769, 0.15643, 0.00000, 0.00000, 0.00000, 0.00000, 1.00000, 0.00000, 3.59000, 6.34000, 2.99000, 1.00000, align = { 2.14000, 0.12000 }, },
			},
			["asset/ground/garden_table_round_metal_01.mdl"] = {
				{ 0.62932, 0.77715, 0.00000, 0.00000, -0.77715, 0.62932, 0.00000, 0.00000, 0.00000, 0.00000, 1.00000, 0.00000, 0.17000, 10.99000, 5.68900, 1.00000, align = { 2.14000, 0.12000 }, },
			},
		},
		groups = {
			["garden_sunshade_small.grp"] = {
				{ 0.70711, 0.70711, 0.00000, 0.00000, -0.70711, 0.70711, 0.00000, 0.00000, 0.00000, 0.00000, 1.00000, 0.00000, 4.27000, 3.72000, 2.99000, 1.00000, align = { 2.14000, 0.12000 }, },
			},
			["random_medium_tree_town.grp"] = {
				{ 0.90631, -0.42262, 0.00000, 0.00000, 0.42262, 0.90631, 0.00000, 0.00000, 0.00000, 0.00000, 1.00000, 0.00000, -5.35000, 12.20000, 0.00000, 1.00000, },
			},
			["random_shrub_town.grp"] = {
				{ 0.18417, -0.98289, 0.00000, 0.00000, 0.98289, 0.18417, -0.00000, 0.00000, -0.00000, 0.00000, 1.00000, 0.00000, -5.95500, 2.60500, 0.00000, 1.00000, },
				{ -0.85626, -0.51655, 0.00000, 0.00000, 0.51655, -0.85626, -0.00000, 0.00000, 0.00000, 0.00000, 1.00000, 0.00000, -4.13742, 2.01499, 0.00000, 1.00000, },
				{ -0.04546, 0.99897, 0.00000, 0.00000, -0.99897, -0.04546, -0.00000, 0.00000, 0.00000, -0.00000, 1.00000, 0.00000, -4.50500, 4.20500, 0.00000, 1.00000, },
				{ 0.97522, 0.22124, 0.00000, 0.00000, -0.22124, 0.97522, -0.00000, 0.00000, -0.00000, -0.00000, 1.00000, 0.00000, -5.42669, 3.91399, 0.00000, 1.00000, },
				{ 0.91657, 0.39989, 0.00000, 0.00000, -0.39989, 0.91657, -0.00000, 0.00000, -0.00000, -0.00000, 1.00000, 0.00000, -4.45229, 6.12236, 0.00000, 1.00000, },
			},
		},
	},
}
--End Generated

function data()
	return townbuildingutil.make_building2(
		{ { -4.60, -0.10 }, { 4.60, -0.10 }, { 4.60, 9.10 }, { -4.60, 9.10 } },
		"RESIDENTIAL", 
		"C", 
		2,
		{ 2, 2 },
		generatedData,
		"construction/building/era_c/res_2_2x2_02.gtex"
	)
end
