local townbuildingutil = require "townbuildingutil"

--Model file: "building/era_c/res_3_3x3_02.mdl"

--Begin Generated
local generatedData = {
	["base"] = {
		models = {
			["building/era_c/res_3_3x3_02.mdl"] = {
				{ 1.00000, 0.00000, 0.00000, 0.00000, 0.00000, 1.00000, 0.00000, 0.00000, 0.00000, 0.00000, 1.00000, 0.00000, 0.00000, 1.90000, 0.00000, 1.00000, },
			},
		},
		curves = {
			["scaffold"] = {
				{ { 1.69821, 2.89667, 0.00000 }, { 1.69821, 2.89667, 0.00000 }, { 1.69821, 6.36118, 0.00000 }, { 1.69821, 6.36118, 0.00000 }, { 1.69821, 6.36118, 0.00000 }, { 3.44443, 6.36128, 0.00000 }, { 3.44443, 6.36128, 0.00000 }, { 3.44443, 6.36128, 0.00000 }, { 3.50339, 8.69573, 0.00000 }, { 3.50339, 8.69573, 0.00000 }, { 3.50339, 8.69573, 0.00000 }, { 4.49011, 9.02351, 0.00000 }, { 4.49011, 9.02351, 0.00000 }, { 4.49011, 9.02351, 0.00000 }, { 3.92001, 10.54000, 0.00000 }, { 3.92001, 10.54000, 0.00000 }, { 3.92001, 10.54000, 0.00000 }, { 11.63913, 13.28642, 0.00000 }, { 11.63913, 13.28642, 0.00000 }, { 11.63913, 13.28642, 0.00000 }, { 7.38651, 25.28582, 0.00000 }, { 7.38651, 25.28582, 0.00000 }, { 7.38651, 25.28582, 0.00000 }, { 1.69821, 24.88358, 0.00000 }, { 1.69821, 24.88358, 0.00000 }, { 1.69821, 24.88358, 0.00000 }, { -10.29782, 24.88358, 0.00000 }, { -10.29782, 24.88358, 0.00000 }, { -10.29782, 24.88358, 0.00000 }, { -10.29782, 2.89668, 0.00000 }, { -10.29782, 2.89668, 0.00000 }, },
			},
			["shared/asphalt_01.gtex.lua;shared/border2.gtex.lua"] = {
				{ { 2.64999, 0.00000, 0.00000 }, { 2.64999, 0.00000, 0.00000 }, { 2.64999, 2.00000, 0.00000 }, { 2.64999, 2.00000, 0.00000 }, { 2.64999, 2.00000, 0.00000 }, { 2.64999, 8.56999, 0.00000 }, { 2.64999, 8.56999, 0.00000 }, { 2.64999, 8.57000, 0.00000 }, { 9.89999, 11.00000, 0.00000 }, { 9.89999, 11.00000, 0.00000 }, { 9.89999, 11.00000, 0.00000 }, { 12.60001, 11.00000, 0.00000 }, { 12.60001, 11.00000, 0.00000 }, { 12.60001, 11.00000, 0.00000 }, { 12.60001, 32.00000, 0.00000 }, { 12.60001, 32.00000, 0.00000 }, { 12.60001, 32.00000, 0.00000 }, { 1.00000, 32.00000, 0.00000 }, { 1.00000, 32.00000, 0.00000 }, { 1.00000, 32.00000, 0.00000 }, { 1.00000, 26.00000, 0.00000 }, { 1.00000, 26.00000, 0.00000 }, { 1.00000, 26.00000, 0.00000 }, { -10.00000, 26.00000, 0.00000 }, { -10.00000, 26.00000, 0.00000 }, { -10.00000, 26.00000, 0.00000 }, { -10.00000, 32.00000, 0.00000 }, { -10.00000, 32.00000, 0.00000 }, { -10.00000, 32.00000, 0.00000 }, { -12.60001, 32.00000, 0.00000 }, { -12.60001, 32.00000, 0.00000 }, { -12.60001, 32.00000, 0.00000 }, { -12.60001, 0.00001, 0.00000 }, { -12.60001, 0.00000, 0.00000 }, },
			},
			["shared/asphalt_03.gtex.lua;shared/asphalt_01.gtex.lua"] = {
				{ { 1.00000, 26.00000, 0.00000 }, { 1.00000, 26.00000, 0.00000 }, { 1.00000, 32.00000, 0.00000 }, { 1.00000, 32.00000, 0.00000 }, { 1.00000, 32.00000, 0.00000 }, { -10.00000, 32.00000, 0.00000 }, { -10.00000, 32.00000, 0.00000 }, { -10.00000, 31.99999, 0.00000 }, { -10.00000, 26.00000, 0.00000 }, { -10.00000, 26.00000, 0.00000 }, },
			},
			["shared/grass_cutted_01.gtex.lua"] = {
				{ { 9.89999, 2.00000, 0.00000 }, { 9.89999, 2.00000, 0.00000 }, { 9.89999, 11.00000, 0.00000 }, { 9.89999, 11.00000, 0.00000 }, { 9.89999, 11.00000, 0.00000 }, { 2.65000, 8.56999, 0.00000 }, { 2.64999, 8.56999, 0.00000 }, { 2.64999, 8.56999, 0.00000 }, { 2.64999, 2.00000, 0.00000 }, { 2.64999, 2.00000, 0.00000 }, },
			},
			["shared/gravel_02.gtex.lua;shared/border2.gtex.lua"] = {
				{ { 12.00000, 0.00000, 0.00000 }, { 12.00000, 0.00000, 0.00000 }, { 12.00000, 11.00000, 0.00000 }, { 12.00000, 11.00000, 0.00000 }, { 12.00000, 11.00000, 0.00000 }, { 9.89999, 11.00000, 0.00000 }, { 9.89999, 11.00000, 0.00000 }, { 9.89999, 11.00000, 0.00000 }, { 9.89999, 2.00000, 0.00000 }, { 9.89999, 2.00000, 0.00000 }, { 9.89999, 2.00000, 0.00000 }, { 2.64999, 2.00000, 0.00000 }, { 2.64999, 2.00000, 0.00000 }, { 2.64999, 2.00000, 0.00000 }, { 2.64999, 0.00000, 0.00000 }, { 2.64999, 0.00000, 0.00000 }, },
			},
		},
	},
	["layout_1"] = {
		models = {
			["asset/ground/container_waste3.mdl"] = {
				{ -0.99995, 0.01047, 0.00000, 0.00000, -0.01047, -0.99995, 0.00000, 0.00000, 0.00000, 0.00000, 1.00000, 0.00000, -8.02359, 27.14647, -0.00000, 1.00000, align = { 0.00000, 1.90000 }, },
				{ -0.99824, 0.05931, 0.00000, 0.00000, -0.05931, -0.99824, 0.00000, 0.00000, 0.00000, 0.00000, 1.00000, 0.00000, -5.38885, 27.13024, -0.00000, 1.00000, align = { 0.00000, 1.90000 }, },
			},
			["asset/ground/garden_bench_ratan_01_end.mdl"] = {
				{ 0.95372, 0.30071, 0.00000, 0.00000, -0.30071, 0.95372, 0.00000, 0.00000, 0.00000, 0.00000, 1.00000, 0.00000, 2.55000, 9.83000, 22.48500, 1.00000, align = { 0.00000, 1.90000 }, },
				{ -0.30071, 0.95372, 0.00000, 0.00000, -0.95372, -0.30071, 0.00000, 0.00000, 0.00000, 0.00000, 1.00000, 0.00000, 7.62400, 20.67400, 8.45000, 1.00000, align = { 0.00000, 1.90000 }, },
			},
			["asset/ground/garden_bench_ratan_01_start.mdl"] = {
				{ 0.95372, 0.30071, 0.00000, 0.00000, -0.30071, 0.95372, 0.00000, 0.00000, 0.00000, 0.00000, 1.00000, 0.00000, 2.55000, 9.83000, 22.48500, 1.00000, align = { 0.00000, 1.90000 }, },
				{ -0.30071, 0.95372, 0.00000, 0.00000, -0.95372, -0.30071, 0.00000, 0.00000, 0.00000, 0.00000, 1.00000, 0.00000, 7.62400, 20.67400, 8.45000, 1.00000, align = { 0.00000, 1.90000 }, },
			},
			["asset/ground/garden_chair_metal_01.mdl"] = {
				{ 0.95882, 0.28402, 0.00000, 0.00000, -0.28402, 0.95882, 0.00000, 0.00000, 0.00000, 0.00000, 1.00000, 0.00000, 1.99000, 9.83000, 11.28600, 1.00000, align = { 0.00000, 1.90000 }, },
				{ 0.73728, 0.67559, 0.00000, 0.00000, -0.67559, 0.73728, 0.00000, 0.00000, 0.00000, 0.00000, 1.00000, 0.00000, 6.97000, 22.33000, 14.05900, 1.00000, align = { 0.00000, 1.90000 }, },
			},
			["asset/ground/garden_chair_plastic_01.mdl"] = {
				{ 1.00000, 0.00000, 0.00000, 0.00000, 0.00000, 1.00000, 0.00000, 0.00000, 0.00000, 0.00000, 1.00000, 0.00000, -9.20000, 6.90000, 5.64600, 1.00000, align = { 0.00000, 1.90000 }, },
				{ 0.70711, -0.70711, 0.00000, 0.00000, 0.70579, 0.70579, 0.06105, 0.00000, -0.04317, -0.04317, 0.99813, 0.00000, -9.20000, 6.78400, 33.68400, 1.00000, align = { 0.00000, 1.90000 }, },
			},
			["asset/ground/garden_chair_wood_01.mdl"] = {
				{ 1.00000, 0.00000, 0.00000, 0.00000, 0.00000, 1.00000, 0.00000, 0.00000, 0.00000, 0.00000, 1.00000, 0.00000, -9.55000, 11.85000, 28.09000, 1.00000, align = { 0.00000, 1.90000 }, },
				{ 1.00000, 0.00000, 0.00000, 0.00000, 0.00000, 1.00000, 0.00000, 0.00000, 0.00000, 0.00000, 1.00000, 0.00000, -9.36100, 17.24700, 8.46400, 1.00000, align = { 0.00000, 1.90000 }, },
				{ -0.99978, -0.02094, 0.00000, 0.00000, 0.02094, -0.99978, 0.00000, 0.00000, 0.00000, 0.00000, 1.00000, 0.00000, -9.33819, 21.12020, 36.48400, 1.00000, align = { 0.00000, 1.90000 }, },
				{ -0.99978, -0.02094, 0.00000, 0.00000, 0.02094, -0.99978, 0.00000, 0.00000, 0.00000, 0.00000, 1.00000, 0.00000, -8.96000, 15.46000, 30.89000, 1.00000, align = { 0.00000, 1.90000 }, },
				{ -0.99317, -0.11667, 0.00000, 0.00000, 0.11667, -0.99317, 0.00000, 0.00000, 0.00000, 0.00000, 1.00000, 0.00000, -9.56500, 15.46000, 30.89000, 1.00000, align = { 0.00000, 1.90000 }, },
				{ -0.99317, -0.11667, 0.00000, 0.00000, 0.11667, -0.99317, 0.00000, 0.00000, 0.00000, 0.00000, 1.00000, 0.00000, 7.62400, 20.67400, 22.45500, 1.00000, align = { 0.00000, 1.90000 }, },
				{ -0.12014, 0.99276, 0.00000, 0.00000, -0.99276, -0.12014, 0.00000, 0.00000, 0.00000, 0.00000, 1.00000, 0.00000, 7.04000, 22.00500, 22.45500, 1.00000, align = { 0.00000, 1.90000 }, },
				{ 0.63608, 0.77162, 0.00000, 0.00000, -0.77162, 0.63608, 0.00000, 0.00000, 0.00000, 0.00000, 1.00000, 0.00000, 7.15500, 22.74000, 22.45500, 1.00000, align = { 0.00000, 1.90000 }, },
			},
			["asset/ground/garden_table_round_wood_01.mdl"] = {
				{ 1.00000, 0.00000, 0.00000, 0.00000, 0.00000, 1.00000, 0.00000, 0.00000, 0.00000, 0.00000, 1.00000, 0.00000, -9.44400, 11.00800, 28.09000, 1.00000, align = { 0.00000, 1.90000 }, },
				{ 1.00000, 0.00000, 0.00000, 0.00000, 0.00000, 1.00000, 0.00000, 0.00000, 0.00000, 0.00000, 1.00000, 0.00000, -9.25500, 16.40500, 8.46400, 1.00000, align = { 0.00000, 1.90000 }, },
				{ -0.99978, -0.02094, 0.00000, 0.00000, 0.02094, -0.99978, 0.00000, 0.00000, 0.00000, 0.00000, 1.00000, 0.00000, -9.46181, 21.95980, 36.48400, 1.00000, align = { 0.00000, 1.90000 }, },
			},
			["asset/vegetation/hedge_m.mdl"] = {
				{ -1.00000, -0.00000, 0.00000, 0.00000, 0.00000, -1.00000, 0.00000, 0.00000, 0.00000, 0.00000, 1.00000, 0.00000, 11.49734, 1.17500, -0.00000, 1.00000, },
				{ -0.00000, -1.00000, 0.00000, 0.00000, 1.00000, -0.00000, -0.00000, 0.00000, 0.00000, -0.00000, 1.00000, 0.00000, 3.57234, 0.75000, -0.00000, 1.00000, },
				{ 1.00000, 0.00000, 0.00000, 0.00000, 0.00000, 1.00000, -0.00000, 0.00000, 0.00000, 0.00000, 1.00000, 0.00000, 11.49734, 2.22500, -0.00000, 1.00000, },
				{ -0.00000, 1.00000, 0.00000, 0.00000, -1.00000, -0.00000, -0.00000, 0.00000, -0.00000, -0.00000, 1.00000, 0.00000, 4.82234, 0.75000, -0.00000, 1.00000, },
				{ -1.00000, -0.00000, 0.00000, 0.00000, 0.00000, -1.00000, 0.00000, 0.00000, 0.00000, 0.00000, 1.00000, 0.00000, 11.49734, 3.47500, -0.00000, 1.00000, },
				{ -0.00000, -1.00000, 0.00000, 0.00000, 1.00000, -0.00000, -0.00000, 0.00000, 0.00000, -0.00000, 1.00000, 0.00000, 6.07234, 0.75000, -0.00000, 1.00000, },
				{ 1.00000, 0.00000, 0.00000, 0.00000, 0.00000, 1.00000, -0.00000, 0.00000, 0.00000, 0.00000, 1.00000, 0.00000, 11.49734, 4.96500, -0.00000, 1.00000, },
				{ -0.00000, 1.00000, 0.00000, 0.00000, -1.00000, -0.00000, -0.00000, 0.00000, -0.00000, -0.00000, 1.00000, 0.00000, 7.63234, 0.75000, -0.00000, 1.00000, },
				{ -1.00000, -0.00000, 0.00000, 0.00000, 0.00000, -1.00000, 0.00000, 0.00000, 0.00000, 0.00000, 1.00000, 0.00000, 11.49734, 5.96500, -0.00000, 1.00000, },
				{ -0.00000, -1.00000, 0.00000, 0.00000, 1.00000, -0.00000, -0.00000, 0.00000, 0.00000, -0.00000, 1.00000, 0.00000, 8.69234, 0.75000, -0.00000, 1.00000, },
				{ -0.00000, -1.00000, 0.00000, 0.00000, 1.00000, -0.00000, -0.00000, 0.00000, 0.00000, -0.00000, 1.00000, 0.00000, 9.96234, 0.75000, -0.00000, 1.00000, },
				{ 1.00000, 0.00000, 0.00000, 0.00000, 0.00000, 1.00000, -0.00000, 0.00000, 0.00000, 0.00000, 1.00000, 0.00000, 11.49734, 7.42500, -0.00000, 1.00000, },
				{ -0.00000, 1.00000, 0.00000, 0.00000, -1.00000, -0.00000, -0.00000, 0.00000, -0.00000, -0.00000, 1.00000, 0.00000, 11.00234, 0.75000, -0.00000, 1.00000, },
				{ -1.00000, -0.00000, 0.00000, 0.00000, 0.00000, -1.00000, 0.00000, 0.00000, 0.00000, 0.00000, 1.00000, 0.00000, 11.49734, 8.74500, -0.00000, 1.00000, },
				{ -1.00000, -0.00000, 0.00000, 0.00000, 0.00000, -1.00000, 0.00000, 0.00000, 0.00000, 0.00000, 1.00000, 0.00000, 11.49734, 10.00500, -0.00000, 1.00000, },
			},
		},
		groups = {
			["garden_sunshade_small.grp"] = {
				{ 0.87882, 0.47716, 0.00000, 0.00000, -0.47716, 0.87882, 0.00000, 0.00000, 0.00000, 0.00000, 1.00000, 0.00000, 3.22700, 6.61000, 17.03800, 1.00000, align = { 0.00000, 1.90000 }, },
				{ -0.22665, 0.97398, 0.00000, 0.00000, -0.97398, -0.22665, 0.00000, 0.00000, 0.00000, 0.00000, 1.00000, 0.00000, 7.89800, 22.02600, 14.23400, 1.00000, align = { 0.00000, 1.90000 }, },
				{ -0.03734, -0.99930, 0.00000, 0.00000, 0.99930, -0.03734, 0.00000, 0.00000, 0.00000, 0.00000, 1.00000, 0.00000, -10.15000, 5.85000, 33.80000, 1.00000, align = { 0.00000, 1.90000 }, },
				{ -0.03734, -0.99930, 0.00000, 0.00000, 0.99930, -0.03734, 0.00000, 0.00000, 0.00000, 0.00000, 1.00000, 0.00000, -10.17500, 16.57500, 31.03000, 1.00000, align = { 0.00000, 1.90000 }, },
			},
			["random_large_tree_town.grp"] = {
				{ 0.35211, -0.54637, 0.00000, 0.00000, 0.54637, 0.35211, 0.00000, 0.00000, 0.00000, 0.00000, 0.65000, 0.00000, 8.50000, 4.00000, 0.00000, 1.00000, },
			},
		},
	},
}
--End Generated

function data()
	return townbuildingutil.make_building2(
		{ { -4.60, -0.10 }, { 4.60, -0.10 }, { 4.60, 9.10 }, { -4.60, 9.10 } },
		"RESIDENTIAL", 
		"C", 
		3,
		{ 3, 4 },
		generatedData,
		"construction/building/era_c/res_3_3x4_04.gtex"
	)
end
