local townbuildingutil = require "townbuildingutil"

--Model file: "building/era_c/res_3_3x3_01.mdl"

--Begin Generated
local generatedData = {
	["base"] = {
		models = {
			["building/era_c/res_3_3x3_01.mdl"] = {
				{ 1.00000, 0.00000, 0.00000, 0.00000, 0.00000, 1.00000, 0.00000, 0.00000, 0.00000, 0.00000, 1.00000, 0.00000, 0.00000, 4.30000, 0.00000, 1.00000, },
			},
		},
		curves = {
			["scaffold"] = {
				{ { -8.76831, 7.61375, 0.00000 }, { -8.76831, 7.61375, 0.00000 }, { 5.42072, 7.61375, 0.00000 }, { 5.42072, 7.61375, 0.00000 }, { 5.42072, 7.61375, 0.00000 }, { 5.42068, 6.04267, 0.00000 }, { 5.42068, 6.04267, 0.00000 }, { 5.42068, 6.04267, 0.00000 }, { 10.69113, 6.04268, 0.00000 }, { 10.69113, 6.04268, 0.00000 }, { 10.69113, 6.04268, 0.00000 }, { 10.69113, 9.88484, 0.00000 }, { 10.69113, 9.88484, 0.00000 }, { 10.69113, 9.88484, 0.00000 }, { 9.49957, 9.88484, 0.00000 }, { 9.49957, 9.88484, 0.00000 }, { 9.49957, 9.88484, 0.00000 }, { 9.49957, 25.50331, 0.00000 }, { 9.49957, 25.50331, 0.00000 }, { 9.49957, 25.50331, 0.00000 }, { 1.62439, 25.38517, 0.00000 }, { 1.62439, 25.38517, 0.00000 }, { 1.62439, 25.38517, 0.00000 }, { -8.85361, 26.86708, 0.00000 }, { -8.85361, 26.86708, 0.00000 }, { -8.85361, 26.86708, 0.00000 }, { -10.98001, 26.76000, 0.00000 }, { -10.98001, 26.76000, 0.00000 }, { -10.98001, 26.76000, 0.00000 }, { -10.92700, 24.46150, 0.00000 }, { -10.92700, 24.46150, 0.00000 }, { -10.92700, 24.46150, 0.00000 }, { -9.13885, 11.93977, 0.00000 }, { -9.13885, 11.93977, 0.00000 }, },
			},
			["shared/asphalt_01.gtex.lua;shared/border2.gtex.lua"] = {
				{ { 2.00000, 0.00000, 0.00000 }, { 2.00000, 0.00000, 0.00000 }, { 2.00000, 6.00000, 0.00000 }, { 2.00000, 6.00000, 0.00000 }, { 2.00000, 6.00000, 0.00000 }, { 13.00000, 6.00000, 0.00000 }, { 13.00000, 6.00000, 0.00000 }, { 13.00000, 6.00001, 0.00000 }, { 13.00000, 32.00000, 0.00000 }, { 13.00000, 32.00000, 0.00000 }, { 13.00000, 32.00000, 0.00000 }, { -13.00000, 32.00000, 0.00000 }, { -13.00000, 32.00000, 0.00000 }, { -13.00000, 32.00000, 0.00000 }, { -13.00000, 6.00001, 0.00000 }, { -13.00000, 6.00000, 0.00000 }, { -13.00000, 6.00000, 0.00000 }, { -8.00000, 6.00000, 0.00000 }, { -8.00000, 6.00000, 0.00000 }, { -8.00000, 6.00000, 0.00000 }, { -8.00000, 0.00000, 0.00000 }, { -8.00000, 0.00000, 0.00000 }, },
			},
			["shared/grass_cutted_01.gtex.lua"] = {
				{ { -8.00000, 0.00000, 0.00000 }, { -8.00000, 0.00000, 0.00000 }, { -8.00000, 6.00000, 0.00000 }, { -8.00000, 6.00000, 0.00000 }, { -8.00000, 6.00000, 0.00000 }, { -12.00000, 6.00000, 0.00000 }, { -12.00000, 6.00000, 0.00000 }, { -12.00000, 6.00000, 0.00000 }, { -12.00000, 0.00000, 0.00000 }, { -12.00000, 0.00000, 0.00000 }, },
				{ { 12.00000, 0.10000, 0.00000 }, { 12.00000, 0.10000, 0.00000 }, { 12.00000, 6.00000, 0.00000 }, { 12.00000, 6.00000, 0.00000 }, { 12.00000, 6.00000, 0.00000 }, { 2.00000, 6.00000, 0.00000 }, { 2.00000, 6.00000, 0.00000 }, { 2.00000, 6.00000, 0.00000 }, { 2.00000, 0.00000, 0.00000 }, { 2.00000, 0.00000, 0.00000 }, },
			},
		},
	},
	["layout_1"] = {
		models = {
			["asset/ground/garden_bench_ratan_01_end.mdl"] = {
				{ 1.00000, 0.00000, 0.00000, 0.00000, 0.00000, 1.00000, 0.00000, 0.00000, 0.00000, 0.00000, 1.00000, 0.00000, 8.75000, 7.45000, 16.80000, 1.00000, align = { 0.00000, 4.30000 }, },
			},
			["asset/ground/garden_bench_ratan_01_start.mdl"] = {
				{ 1.00000, 0.00000, 0.00000, 0.00000, 0.00000, 1.00000, 0.00000, 0.00000, 0.00000, 0.00000, 1.00000, 0.00000, 8.75000, 7.45000, 16.80000, 1.00000, align = { 0.00000, 4.30000 }, },
			},
			["asset/ground/garden_bench_wood_01.mdl"] = {
				{ 0.02967, 0.99956, 0.00000, 0.00000, -0.99956, 0.02967, 0.00000, 0.00000, 0.00000, 0.00000, 1.00000, 0.00000, 9.51800, 8.65000, 8.48800, 1.00000, align = { 0.00000, 4.30000 }, },
			},
			["asset/ground/garden_chair_plastic_01.mdl"] = {
				{ 0.97030, 0.24192, 0.00000, 0.00000, -0.24192, 0.97030, 0.00000, 0.00000, 0.00000, 0.00000, 1.00000, 0.00000, 9.76000, 8.86500, 19.69700, 1.00000, align = { 0.00000, 4.30000 }, },
				{ 0.59622, -0.80282, 0.00000, 0.00000, 0.80282, 0.59622, 0.00000, 0.00000, 0.00000, 0.00000, 1.00000, 0.00000, 6.27704, 8.94365, 25.44200, 1.00000, align = { 0.00000, 4.30000 }, },
				{ 0.72297, 0.69088, 0.00000, 0.00000, -0.69088, 0.72297, 0.00000, 0.00000, 0.00000, -0.00000, 1.00000, 0.00000, -0.24000, 8.96000, 28.24000, 1.00000, align = { 0.00000, 4.30000 }, },
				{ -0.25545, 0.96682, 0.00000, 0.00000, -0.96682, -0.25545, -0.00000, 0.00000, 0.00000, -0.00000, 1.00000, 0.00000, 9.41000, 7.47500, 19.69700, 1.00000, align = { 0.00000, 4.30000 }, },
			},
			["asset/ground/garden_chair_wood_01.mdl"] = {
				{ -0.99627, 0.08629, 0.00000, 0.00000, -0.08629, -0.99627, -0.00000, 0.00000, 0.00000, -0.00000, 1.00000, 0.00000, -0.22500, 24.16000, 31.04000, 1.00000, align = { 0.00000, 4.30000 }, },
				{ -0.62320, 0.78206, 0.00000, 0.00000, -0.78206, -0.62320, -0.00000, 0.00000, 0.00000, -0.00000, 1.00000, 0.00000, -5.10000, 24.26000, 25.43000, 1.00000, align = { 0.00000, 4.30000 }, },
				{ -0.98755, -0.15730, 0.00000, 0.00000, 0.15730, -0.98755, -0.00000, 0.00000, 0.00000, -0.00000, 1.00000, 0.00000, 1.46000, 24.14500, 31.04000, 1.00000, align = { 0.00000, 4.30000 }, },
			},
			["asset/ground/garden_table_round_wood_01.mdl"] = {
				{ 1.00000, 0.00000, 0.00000, 0.00000, 0.00000, 1.00000, 0.00000, 0.00000, 0.00000, 0.00000, 1.00000, 0.00000, 9.95000, 8.15000, 19.69700, 1.00000, align = { 0.00000, 4.30000 }, },
				{ 0.38430, -0.92321, 0.00000, 0.00000, 0.92321, 0.38430, 0.00000, 0.00000, 0.00000, 0.00000, 1.00000, 0.00000, 5.65296, 8.54635, 25.44200, 1.00000, align = { 0.00000, 4.30000 }, },
			},
		},
		groups = {
			["random_shrub_town.grp"] = {
				{ -0.21635, 0.97632, 0.00000, 0.00000, -0.97632, -0.21635, -0.00000, 0.00000, 0.00000, -0.00000, 1.00000, 0.00000, -9.76043, 3.20500, 0.00000, 1.00000, },
				{ 0.99998, -0.00550, 0.00000, 0.00000, 0.00550, 0.99998, -0.00000, 0.00000, -0.00000, 0.00000, 1.00000, 0.00000, 5.43957, 3.10500, 0.00000, 1.00000, },
				{ -0.12351, -0.99234, 0.00000, 0.00000, 0.99234, -0.12351, -0.00000, 0.00000, 0.00000, 0.00000, 1.00000, 0.00000, 6.93957, 2.40500, 0.00000, 1.00000, },
				{ 0.70592, -0.70829, 0.00000, 0.00000, 0.70829, 0.70592, -0.00000, 0.00000, -0.00000, 0.00000, 1.00000, 0.00000, 8.33957, 3.30500, 0.00000, 1.00000, },
			},
		},
	},
}
--End Generated

function data()
	return townbuildingutil.make_building2(
		{ { -4.60, -0.10 }, { 4.60, -0.10 }, { 4.60, 9.10 }, { -4.60, 9.10 } },
		"RESIDENTIAL", 
		"C", 
		3,
		{ 3, 4 },
		generatedData,
		"construction/building/era_c/res_3_3x4_02.gtex"
	)
end
