local townbuildingutil = require "townbuildingutil"

--Model file: "building/era_c/res_1_2x3_03.mdl"

--Begin Generated
local generatedData = {
	["base"] = {
		models = {
			["building/era_c/res_1_1x2_04.mdl"] = {
				{ 1.15000, 0.00000, 0.00000, 0.00000, 0.00000, 1.15000, 0.00000, 0.00000, 0.00000, 0.00000, 1.15000, 0.00000, -1.70000, 2.15000, 0.00000, 1.00000, },
			},
		},
		curves = {
			["scaffold"] = {
				{ { -2.71693, 3.25846, 0.00000 }, { -2.71693, 3.25846, 0.00000 }, { -2.71693, 4.56361, 0.00000 }, { -2.71693, 4.56361, 0.00000 }, { -2.71693, 4.56361, 0.00000 }, { 1.77953, 5.80012, 0.00000 }, { 1.77953, 5.80012, 0.00000 }, { 1.77953, 5.80012, 0.00000 }, { 1.77953, 14.13797, 0.00000 }, { 1.77953, 14.13797, 0.00000 }, { 1.77953, 14.13797, 0.00000 }, { -5.14505, 12.86848, 0.00000 }, { -5.14505, 12.86848, 0.00000 }, { -5.14505, 12.86848, 0.00000 }, { -5.14505, 3.50125, 0.00000 }, { -5.14505, 3.50125, 0.00000 }, },
			},
			["shared/asphalt_01.gtex.lua;shared/border2.gtex.lua"] = {
				{ { 2.20998, -0.03000, 0.00000 }, { 2.20998, -0.03000, 0.00000 }, { 2.20998, 5.21000, 0.00000 }, { 2.20998, 5.21000, 0.00000 }, { 2.20998, 5.21000, 0.00000 }, { 2.89999, 5.44000, 0.00000 }, { 2.89999, 5.44000, 0.00000 }, { 2.89999, 5.44000, 0.00000 }, { 2.89999, 15.56000, 0.00000 }, { 2.89999, 15.56000, 0.00000 }, { 2.89999, 15.56000, 0.00000 }, { -6.30002, 14.06500, 0.00000 }, { -6.30002, 14.06500, 0.00000 }, { -6.30002, 14.06500, 0.00000 }, { -6.30002, 2.68000, 0.00000 }, { -6.30002, 2.68000, 0.00000 }, { -6.30002, 2.68000, 0.00000 }, { -2.85001, 2.39250, 0.00000 }, { -2.85001, 2.39250, 0.00000 }, { -2.85001, 2.39250, 0.00000 }, { -2.85001, -0.03000, 0.00000 }, { -2.85001, -0.03000, 0.00000 }, },
			},
			["shared/dirt.gtex.lua"] = {
				{ { -6.30002, 14.06500, 0.00000 }, { -6.30002, 14.06500, 0.00000 }, { -6.30002, 24.00000, 0.00000 }, { -6.30002, 24.00000, 0.00000 }, { -6.30002, 24.00000, 0.00000 }, { -8.00000, 24.00000, 0.00000 }, { -8.00000, 24.00000, 0.00000 }, { -8.00000, 24.00000, 0.00000 }, { -8.00000, 14.06500, 0.00000 }, { -8.00000, 14.06500, 0.00000 }, },
			},
			["shared/grass_cutted_01.gtex.lua"] = {
				{ { 8.00000, 15.56000, 0.00000 }, { 8.00000, 15.56000, 0.00000 }, { 8.00000, 23.99999, 0.00000 }, { 8.00000, 24.00000, 0.00000 }, { 8.00000, 24.00000, 0.00000 }, { -6.30002, 24.00000, 0.00000 }, { -6.30002, 24.00000, 0.00000 }, { -6.30002, 24.00000, 0.00000 }, { -6.30002, 20.00000, 0.00000 }, { -6.30002, 20.00000, 0.00000 }, { -6.30002, 20.00000, 0.00000 }, { 5.00000, 20.00000, -0.00000 }, { 5.00000, 20.00000, -0.00000 }, { 5.00000, 20.00000, -0.00000 }, { 5.00000, 15.56000, -0.00000 }, { 5.00000, 15.56000, -0.00000 }, },
				{ { -2.85001, -0.03000, 0.00000 }, { -2.85001, -0.03000, 0.00000 }, { -2.85001, 2.39250, 0.00000 }, { -2.85001, 2.39250, 0.00000 }, { -2.85001, 2.39250, 0.00000 }, { -6.30002, 2.68000, 0.00000 }, { -6.30002, 2.68000, 0.00000 }, { -6.30002, 2.68000, 0.00000 }, { -6.30002, 14.06500, 0.00000 }, { -6.30002, 14.06500, 0.00000 }, { -6.30002, 14.06500, 0.00000 }, { -8.00000, 14.06500, 0.00000 }, { -8.00000, 14.06500, 0.00000 }, { -8.00000, 14.06500, 0.00000 }, { -8.00000, -0.03000, -0.00000 }, { -8.00000, -0.03000, -0.00000 }, { -8.00000, -0.03000, 0.00000 }, { -8.00000, -0.03000, -0.00000 }, { -8.00000, -0.03000, -0.00000 }, },
				{ { 8.00000, -0.11500, 0.00000 }, { 8.00000, -0.11500, 0.00000 }, { 8.00000, 15.56000, 0.00000 }, { 8.00000, 15.56000, 0.00000 }, { 8.00000, 15.56000, 0.00000 }, { 2.89999, 15.56000, 0.00000 }, { 2.89999, 15.56000, 0.00000 }, { 2.89999, 15.56000, 0.00000 }, { 2.89999, 5.44000, 0.00000 }, { 2.89999, 5.44000, 0.00000 }, { 2.89999, 5.44000, 0.00000 }, { 2.20998, 5.21000, -0.00000 }, { 2.20998, 5.21000, -0.00000 }, { 2.20998, 5.21000, 0.00000 }, { 2.20998, -0.02999, -0.00000 }, { 2.20998, -0.03000, -0.00000 }, { 2.20998, -0.03000, 0.00000 }, { 2.20998, -0.02999, -0.00000 }, { 2.20998, -0.02999, -0.00000 }, },
			},
			["shared/gravel_02.gtex.lua;shared/border2.gtex.lua"] = {
				{ { -6.30002, 14.06500, 0.00000 }, { -6.30002, 14.06500, 0.00000 }, { -6.30002, 20.00000, 0.00000 }, { -6.30002, 20.00000, 0.00000 }, { -6.30002, 20.00000, 0.00000 }, { 5.00000, 20.00000, -0.00000 }, { 5.00000, 20.00000, 0.00000 }, { 5.00000, 20.00000, -0.00000 }, { 2.89999, 15.56000, 0.00000 }, { 2.89999, 15.56000, -0.00000 }, { 5.00000, 15.56000, -0.00000 }, { 5.00000, 15.56000, -0.00000 }, { 5.00000, 15.56000, -0.00000 }, },
			},
		},
	},
	["layout_1"] = {
		models = {
			["asset/ground/garden_bench_wood_01.mdl"] = {
				{ -1.13322, -0.19574, -0.00000, 0.00000, 0.19574, -1.13322, 0.00000, 0.00000, -0.00000, 0.00000, 1.15000, 0.00000, -3.90000, 13.88993, 0.00000, 1.00000, },
			},
			["asset/ground/garden_chair_plastic_01.mdl"] = {
				{ 1.14801, -0.06759, 0.00000, 0.00000, 0.06759, 1.14801, 0.00000, 0.00000, 0.00000, 0.00000, 1.15000, 0.00000, 1.16488, 18.30890, 0.00000, 1.00000, },
				{ 1.14241, 0.13189, 0.00000, 0.00000, -0.13189, 1.14241, 0.00000, 0.00000, 0.00000, 0.00000, 1.15000, 0.00000, 0.08598, 18.39398, 0.00000, 1.00000, },
				{ -1.14616, 0.09391, 0.00000, 0.00000, -0.09391, -1.14616, 0.00000, 0.00000, 0.00000, 0.00000, 1.15000, 0.00000, -0.02607, 16.81539, 0.00000, 1.00000, },
				{ -1.14679, -0.08591, 0.00000, 0.00000, 0.08591, -1.14679, 0.00000, 0.00000, 0.00000, 0.00000, 1.15000, 0.00000, 1.19368, 16.78836, 0.00000, 1.00000, },
			},
			["asset/ground/garden_sunshade_large_01.mdl"] = {
				{ 1.14661, 0.08823, 0.00000, 0.00000, -0.08823, 1.14661, 0.00000, 0.00000, 0.00000, 0.00000, 1.15000, 0.00000, 0.59548, 17.63914, 0.00000, 1.00000, },
			},
			["asset/ground/garden_table_metal_01.mdl"] = {
				{ 1.14989, -0.01606, 0.00000, 0.00000, 0.01606, 1.14989, 0.00000, 0.00000, 0.00000, 0.00000, 1.15000, 0.00000, 0.59548, 17.63914, 0.00000, 1.00000, },
			},
			["asset/vegetation/hedge_m.mdl"] = {
				{ -0.00000, -1.00000, 0.00000, 0.00000, 1.00000, -0.00000, -0.00000, 0.00000, 0.00000, -0.00000, 1.00000, 0.00000, 2.90000, 0.60000, -0.00000, 1.00000, },
				{ -0.00000, 1.00000, 0.00000, 0.00000, -1.00000, -0.00000, 0.00000, 0.00000, 0.00000, 0.00000, 1.00000, 0.00000, 4.04999, 0.60000, -0.00000, 1.00000, },
				{ -0.00000, -1.00000, 0.00000, 0.00000, 1.00000, -0.00000, -0.00000, 0.00000, 0.00000, -0.00000, 1.00000, 0.00000, 5.44999, 0.60000, -0.00000, 1.00000, },
				{ -0.00000, 1.00000, 0.00000, 0.00000, -1.17000, -0.00000, 0.00000, 0.00000, 0.00000, 0.00000, 1.00000, 0.00000, 6.98999, 0.60000, -0.00000, 1.00000, },
				{ -1.00000, 0.00000, -0.00000, 0.00000, 0.00000, -1.17000, -0.00000, 0.00000, -0.00000, -0.00000, 1.00000, 0.00000, 7.60999, 1.32000, -0.00000, 1.00000, },
				{ 1.00000, 0.00000, 0.00000, 0.00000, 0.00000, 1.17000, 0.00000, 0.00000, 0.00000, -0.00000, 1.00000, 0.00000, 7.60999, 2.92000, -0.00000, 1.00000, },
				{ -1.00000, 0.00000, -0.00000, 0.00000, 0.00000, -1.17000, -0.00000, 0.00000, -0.00000, -0.00000, 1.00000, 0.00000, 7.60999, 4.38000, -0.00000, 1.00000, },
			},
		},
		groups = {
			["random_large_tree_town.grp"] = {
				{ 0.57358, -0.81915, 0.00000, 0.00000, 0.81915, 0.57358, 0.00000, 0.00000, 0.00000, 0.00000, 1.00000, 0.00000, -5.10000, 22.40000, 0.00000, 1.00000, },
			},
			["random_medium_tree_town.grp"] = {
				{ 1.00000, 0.00000, 0.00000, 0.00000, 0.00000, 1.00000, 0.00000, 0.00000, 0.00000, 0.00000, 1.00000, 0.00000, 5.75000, 13.70000, 0.00000, 1.00000, },
				{ 0.14608, -0.98927, 0.00000, 0.00000, 0.98927, 0.14608, 0.00000, 0.00000, 0.00000, 0.00000, 1.00000, 0.00000, 5.70000, 6.45000, 0.00000, 1.00000, },
			},
			["random_shrub_town.grp"] = {
				{ -0.63369, -0.77358, 0.00000, 0.00000, 0.77358, -0.63369, -0.00000, 0.00000, 0.00000, 0.00000, 1.00000, 0.00000, -6.77742, 1.03120, 0.00000, 1.00000, },
				{ -0.63369, -0.77358, 0.00000, 0.00000, 0.77358, -0.63369, -0.00000, 0.00000, 0.00000, 0.00000, 1.00000, 0.00000, 2.66258, 23.03120, 0.00000, 1.00000, },
				{ 0.61726, -0.78676, 0.00000, 0.00000, 0.78676, 0.61726, -0.00000, 0.00000, -0.00000, 0.00000, 1.00000, 0.00000, -5.70000, 0.90000, 0.00000, 1.00000, },
				{ 0.61726, -0.78676, 0.00000, 0.00000, 0.78676, 0.61726, -0.00000, 0.00000, -0.00000, 0.00000, 1.00000, 0.00000, 4.06000, 23.10000, 0.00000, 1.00000, },
				{ 0.90911, -0.41655, 0.00000, 0.00000, 0.41655, 0.90911, -0.00000, 0.00000, -0.00000, 0.00000, 1.00000, 0.00000, -5.05000, 1.40000, 0.00000, 1.00000, },
				{ 0.90911, -0.41655, 0.00000, 0.00000, 0.41655, 0.90911, -0.00000, 0.00000, -0.00000, 0.00000, 1.00000, 0.00000, 7.03000, 23.08000, 0.00000, 1.00000, },
				{ -0.50629, -0.86237, 0.00000, 0.00000, 0.86237, -0.50629, -0.00000, 0.00000, 0.00000, 0.00000, 1.00000, 0.00000, 7.03000, 21.68000, 0.00000, 1.00000, },
				{ 0.95467, -0.29765, 0.00000, 0.00000, 0.29765, 0.95467, -0.00000, 0.00000, -0.00000, 0.00000, 1.00000, 0.00000, 7.03000, 20.28000, 0.00000, 1.00000, },
				{ 0.82626, 0.56328, 0.00000, 0.00000, -0.56328, 0.82626, -0.00000, 0.00000, -0.00000, -0.00000, 1.00000, 0.00000, 7.03000, 16.58000, 0.00000, 1.00000, },
				{ -0.04391, -0.99904, 0.00000, 0.00000, 0.99904, -0.04391, -0.00000, 0.00000, 0.00000, 0.00000, 1.00000, 0.00000, 6.98000, 18.93000, 0.00000, 1.00000, },
				{ -0.01648, 0.99986, 0.00000, 0.00000, -0.99986, -0.01648, -0.00000, 0.00000, -0.00000, -0.00000, 1.00000, 0.00000, -4.15000, 0.90000, 0.00000, 1.00000, },
				{ -0.01648, 0.99986, 0.00000, 0.00000, -0.99986, -0.01648, -0.00000, 0.00000, -0.00000, -0.00000, 1.00000, 0.00000, 6.01000, 21.78000, 0.00000, 1.00000, },
				{ -0.07655, -0.99707, 0.00000, 0.00000, 0.99707, -0.07655, -0.00000, 0.00000, 0.00000, 0.00000, 1.00000, 0.00000, -6.15000, 1.70000, 0.00000, 1.00000, },
				{ -0.07655, -0.99707, 0.00000, 0.00000, 0.99707, -0.07655, -0.00000, 0.00000, 0.00000, 0.00000, 1.00000, 0.00000, 5.47000, 22.92000, 0.00000, 1.00000, },
			},
		},
	},
}
--End Generated

function data()
	return townbuildingutil.make_building2(
		{ { -4.60, -0.10 }, { 4.60, -0.10 }, { 4.60, 9.10 }, { -4.60, 9.10 } },
		"RESIDENTIAL", 
		"C", 
		1,
		{ 2, 3 },
		generatedData,
		"construction/building/era_c/res_1_2x3_01.gtex"
	)
end
