local townbuildingutil = require "townbuildingutil"

--Model file: "building/era_c/res_3_2x2_03.mdl"

--Begin Generated
local generatedData = {
	["base"] = {
		models = {
			["building/era_c/res_3_2x2_03.mdl"] = {
				{ 1.00000, 0.00000, 0.00000, 0.00000, 0.00000, 1.00000, 0.00000, 0.00000, 0.00000, 0.00000, 1.00000, 0.00000, 0.00000, 2.05000, 0.00000, 1.00000, },
			},
		},
		curves = {
			["scaffold"] = {
				{ { 7.41350, 3.21054, 0.00000 }, { 7.41350, 3.21054, 0.00000 }, { 7.41350, 17.11248, 0.00000 }, { 7.41350, 17.11248, 0.00000 }, { 7.41350, 17.11248, 0.00000 }, { -6.63739, 17.11248, 0.00000 }, { -6.63739, 17.11248, 0.00000 }, { -6.63739, 17.11248, 0.00000 }, { -6.63739, 3.21053, 0.00000 }, { -6.63739, 3.21053, 0.00000 }, },
			},
			["shared/asphalt_01.gtex.lua;shared/border2.gtex.lua"] = {
				{ { 8.00000, 0.00000, 0.00000 }, { 8.00000, 0.00000, 0.00000 }, { 8.00000, 1.55000, 0.00000 }, { 8.00000, 1.55000, 0.00000 }, { 8.00000, 1.55000, 0.00000 }, { 8.00000, 18.00000, 0.00000 }, { 8.00000, 18.00000, 0.00000 }, { 8.00000, 18.00000, 0.00000 }, { -8.00000, 18.00000, 0.00000 }, { -8.00000, 18.00000, 0.00000 }, { -8.00000, 18.00000, 0.00000 }, { -8.00000, 0.00000, 0.00000 }, { -8.00000, 0.00000, 0.00000 }, { -8.00000, 0.00000, 0.00000 }, },
			},
			["shared/grass_cutted_01.gtex.lua"] = {
				{ { 2.00000, 18.00000, 0.00000 }, { 2.00000, 18.00000, 0.00000 }, { 2.00000, 24.00000, 0.00000 }, { 2.00000, 24.00000, 0.00000 }, { 2.00000, 24.00000, 0.00000 }, { -8.00000, 24.00000, 0.00000 }, { -8.00000, 24.00000, 0.00000 }, { -8.00000, 24.00000, 0.00000 }, { -8.00000, 18.00000, 0.00000 }, { -8.00000, 18.00000, 0.00000 }, },
			},
			["shared/gravel_02.gtex.lua;shared/border2.gtex.lua"] = {
				{ { 8.00000, 18.00000, 0.00000 }, { 8.00000, 18.00000, 0.00000 }, { 8.00000, 24.00000, 0.00000 }, { 8.00000, 24.00000, 0.00000 }, { 8.00000, 24.00000, 0.00000 }, { 2.00000, 24.00000, 0.00000 }, { 2.00000, 24.00000, 0.00000 }, { 2.00000, 24.00000, 0.00000 }, { 2.00000, 18.00000, 0.00000 }, { 2.00000, 18.00000, 0.00000 }, },
			},
		},
	},
	["layout_1"] = {
		models = {
			["asset/ground/container_waste3.mdl"] = {
				{ -0.98163, 0.19081, 0.00000, 0.00000, -0.19081, -0.98163, -0.00000, 0.00000, 0.00000, -0.00000, 1.00000, 0.00000, 3.40000, 19.20000, -0.00000, 1.00000, align = { 0.00000, 2.05000 }, },
				{ -0.99999, -0.00349, 0.00000, 0.00000, 0.00349, -0.99999, -0.00000, 0.00000, 0.00000, -0.00000, 1.00000, 0.00000, 5.85000, 19.00000, -0.00000, 1.00000, align = { 0.00000, 2.05000 }, },
			},
			["asset/ground/garden_chair_plastic_01.mdl"] = {
				{ 0.95106, -0.30902, 0.00000, 0.00000, 0.30902, 0.95106, 0.00000, 0.00000, 0.00000, 0.00000, 1.00000, 0.00000, 3.35000, 5.18500, 27.98000, 1.00000, align = { 0.00000, 2.05000 }, },
				{ -0.26556, 0.96410, 0.00000, 0.00000, -0.96410, -0.26556, -0.00000, 0.00000, 0.00000, -0.00000, 1.00000, 0.00000, 0.21000, 14.53000, 33.59500, 1.00000, align = { 0.00000, 2.05000 }, },
				{ -0.26556, 0.96410, 0.00000, 0.00000, -0.96410, -0.26556, -0.00000, 0.00000, 0.00000, -0.00000, 1.00000, 0.00000, 0.21000, 14.53000, 22.38800, 1.00000, align = { 0.00000, 2.05000 }, },
				{ -0.76380, -0.64546, 0.00000, 0.00000, 0.64546, -0.76380, -0.00000, 0.00000, 0.00000, -0.00000, 1.00000, 0.00000, 1.45000, 14.17000, 33.59500, 1.00000, align = { 0.00000, 2.05000 }, },
			},
			["asset/ground/garden_chair_wood_01.mdl"] = {
				{ 1.00000, 0.00000, 0.00000, 0.00000, 0.00000, 1.00000, 0.00000, 0.00000, 0.00000, 0.00000, 1.00000, 0.00000, 2.96000, 5.13000, 11.16500, 1.00000, align = { 0.00000, 2.05000 }, },
				{ -0.55048, 0.83485, 0.00000, 0.00000, -0.83485, -0.55048, -0.00000, 0.00000, 0.00000, -0.00000, 1.00000, 0.00000, -0.04000, 14.60000, 16.78000, 1.00000, align = { 0.00000, 2.05000 }, },
			},
		},
		groups = {
			["garden_sunshade_small.grp"] = {
				{ 0.30902, -0.95106, 0.00000, 0.00000, 0.95106, 0.30902, 0.00000, 0.00000, 0.00000, 0.00000, 1.00000, 0.00000, -5.94600, 9.75000, 30.68400, 1.00000, align = { 0.00000, 2.05000 }, },
				{ -0.69214, -0.72176, 0.00000, 0.00000, 0.72176, -0.69214, 0.00175, 0.00000, -0.00126, 0.00121, 1.00000, 0.00000, 0.98500, 15.61500, 22.32400, 1.00000, align = { 0.00000, 2.05000 }, },
			},
			["random_large_tree_town.grp"] = {
				{ 0.70324, 0.37078, 0.00000, 0.00000, -0.37078, 0.70324, 0.00000, 0.00000, 0.00000, 0.00000, 0.79500, 0.00000, -4.85000, 22.14755, 0.00000, 1.00000, },
			},
			["random_shrub_town.grp"] = {
				{ 0.92272, 0.38547, 0.00000, 0.00000, -0.38547, 0.92272, -0.00000, 0.00000, -0.00000, -0.00000, 1.00000, 0.00000, 0.69597, 18.70954, 0.00000, 1.00000, },
				{ -0.99831, 0.05803, 0.00000, 0.00000, -0.05803, -0.99831, -0.00000, 0.00000, 0.00000, -0.00000, 1.00000, 0.00000, 0.69597, 20.68534, 0.00000, 1.00000, },
				{ 0.96350, -0.26769, 0.00000, 0.00000, 0.26769, 0.96350, -0.00000, 0.00000, -0.00000, 0.00000, 1.00000, 0.00000, 0.69597, 22.98533, 0.00000, 1.00000, },
				{ -0.38547, 0.92272, 0.00000, 0.00000, -0.92272, -0.38547, -0.00000, 0.00000, 0.00000, -0.00000, 1.00000, 0.00000, -0.80403, 18.70954, 0.00000, 1.00000, },
				{ -0.92272, -0.38547, 0.00000, 0.00000, 0.38547, -0.92272, -0.00000, 0.00000, 0.00000, 0.00000, 1.00000, 0.00000, -2.30403, 18.70954, 0.00000, 1.00000, },
				{ 0.38547, -0.92272, 0.00000, 0.00000, 0.92272, 0.38547, -0.00000, 0.00000, -0.00000, 0.00000, 1.00000, 0.00000, -3.80403, 18.70954, 0.00000, 1.00000, },
				{ 0.92272, 0.38547, 0.00000, 0.00000, -0.38547, 0.92272, -0.00000, 0.00000, -0.00000, -0.00000, 1.00000, 0.00000, -5.30403, 18.70954, 0.00000, 1.00000, },
				{ -0.38547, 0.92272, 0.00000, 0.00000, -0.92272, -0.38547, -0.00000, 0.00000, 0.00000, -0.00000, 1.00000, 0.00000, -6.80403, 18.70954, 0.00000, 1.00000, },
			},
		},
	},
}
--End Generated

function data()
	return townbuildingutil.make_building2(
		{ { -4.60, -0.10 }, { 4.60, -0.10 }, { 4.60, 9.10 }, { -4.60, 9.10 } },
		"RESIDENTIAL", 
		"C", 
		3,
		{ 2, 3 },
		generatedData,
		"construction/building/era_c/res_3_2x3_02.gtex"
	)
end
