local townbuildingutil = require "townbuildingutil"

--Model file: "building/era_c/res_1_2x3_04.mdl"

--Begin Generated
local generatedData = {
	["base"] = {
		models = {
			["building/era_c/res_1_2x3_04.mdl"] = {
				{ 1.15000, 0.00000, 0.00000, 0.00000, 0.00000, 1.15000, 0.00000, 0.00000, 0.00000, 0.00000, 1.15000, 0.00000, 0.00000, 0.60000, 0.00000, 1.00000, },
			},
		},
		curves = {
			["scaffold"] = {
				{ { 6.49325, 5.29725, 0.00000 }, { 6.49325, 5.29725, 0.00000 }, { 6.49325, 9.71551, 0.00000 }, { 6.49325, 9.71551, 0.00000 }, { 6.49325, 9.71551, 0.00000 }, { 7.47065, 9.71551, 0.00000 }, { 7.47065, 9.71551, 0.00000 }, { 7.47065, 9.71551, 0.00000 }, { 7.52329, 12.30143, 0.00000 }, { 7.52329, 12.30143, 0.00000 }, { 7.52329, 12.30143, 0.00000 }, { 5.14720, 12.31850, 0.00000 }, { 5.14720, 12.31850, 0.00000 }, { 5.14720, 12.31850, 0.00000 }, { 5.14720, 23.53306, 0.00000 }, { 5.14720, 23.53306, 0.00000 }, { 5.14713, 23.53306, 0.00000 }, { 2.59473, 23.53306, 0.00000 }, { 2.59473, 23.53306, 0.00000 }, { 2.59473, 23.53306, 0.00000 }, { -5.85107, 20.40833, 0.00000 }, { -5.85107, 20.40833, 0.00000 }, { -5.85107, 20.40833, 0.00000 }, { -5.21136, 16.62764, 0.00000 }, { -5.21136, 16.62764, 0.00000 }, { -5.21136, 16.62764, 0.00000 }, { -5.21136, 16.58327, 0.00000 }, { -5.21136, 16.58327, 0.00000 }, { -5.21136, 16.58327, 0.00000 }, { -6.19634, 16.02529, 0.00000 }, { -6.19634, 16.02529, 0.00000 }, { -6.19634, 16.02528, 0.00000 }, { -6.19634, 10.09735, 0.00000 }, { -6.19634, 10.09735, 0.00000 }, { -6.19634, 10.09735, 0.00000 }, { -5.21136, 9.10770, 0.00000 }, { -5.21136, 9.10770, 0.00000 }, { -5.21136, 9.10770, 0.00000 }, { -5.21136, 8.92342, 0.00000 }, { -5.21136, 8.92342, 0.00000 }, { -5.21136, 8.92342, 0.00000 }, { -3.83682, 8.92342, 0.00000 }, { -3.83682, 8.92342, 0.00000 }, { -3.83682, 8.92342, 0.00000 }, { -3.83682, 8.12934, 0.00000 }, { -3.83682, 8.12934, 0.00000 }, { -3.83682, 8.12934, 0.00000 }, { -1.02618, 5.29725, 0.00000 }, { -1.02611, 5.29724, 0.00000 }, },
			},
			["shared/asphalt_01.gtex.lua;shared/border2.gtex.lua"] = {
				{ { 7.53247, -0.00000, 0.00000 }, { 7.53247, 0.00000, 0.00000 }, { 7.53249, 4.43500, 0.00000 }, { 7.53249, 4.43500, 0.00000 }, { 7.53249, 4.43500, 0.00000 }, { 7.53249, 8.80500, 0.00000 }, { 7.53249, 8.80500, 0.00000 }, { 7.53249, 8.80500, 0.00000 }, { 8.51003, 8.80500, 0.00000 }, { 8.51003, 8.80500, 0.00000 }, { 8.51003, 8.80500, 0.00000 }, { 8.62500, 13.52000, 0.00000 }, { 8.62500, 13.52000, 0.00000 }, { 8.62500, 13.52000, 0.00000 }, { 6.21003, 13.52000, 0.00000 }, { 6.21003, 13.52000, 0.00000 }, { 6.21003, 13.52000, 0.00000 }, { 6.21003, 24.73250, 0.00000 }, { 6.21003, 24.73250, 0.00000 }, { 6.21003, 24.73250, 0.00000 }, { 2.41497, 24.73250, 0.00000 }, { 2.41497, 24.73250, 0.00000 }, { 2.41497, 24.73250, 0.00000 }, { -7.03799, 21.24800, 0.00000 }, { -7.03799, 21.24800, 0.00000 }, { -7.03799, 21.24800, 0.00000 }, { -6.26751, 16.68250, 0.00000 }, { -6.26751, 16.68250, 0.00000 }, { -6.26751, 16.68250, 0.00000 }, { -6.26751, 8.00000, 0.00000 }, { -6.26751, 8.00000, 0.00000 }, { -6.26751, 8.00000, 0.00000 }, { -4.88750, 8.00000, 0.00000 }, { -4.88750, 8.00000, 0.00000 }, { -4.88750, 8.00000, 0.00000 }, { -4.88750, 7.82750, 0.00000 }, { -4.88750, 7.82750, 0.00000 }, { -4.88750, 7.82750, 0.00000 }, { -1.49499, 4.43500, 0.00000 }, { -1.49499, 4.43500, 0.00000 }, { -1.49499, 4.43500, 0.00000 }, { -1.49500, 0.00000, 0.00000 }, { -1.49500, -0.00000, 0.00000 }, },
			},
			["shared/grass_cutted_01.gtex.lua"] = {
				{ { -1.49500, 0.00000, 0.00000 }, { -1.49500, 0.00000, 0.00000 }, { -1.49499, 4.43500, 0.00000 }, { -1.49499, 4.43500, 0.00000 }, { -1.49499, 4.43500, 0.00000 }, { -4.88750, 7.82750, 0.00000 }, { -4.88750, 7.82750, 0.00000 }, { -4.88750, 7.82750, 0.00000 }, { -4.88750, 8.00000, 0.00000 }, { -4.88750, 8.00000, 0.00000 }, { -4.88750, 8.00000, 0.00000 }, { -16.00000, 8.00000, 0.00000 }, { -16.00000, 8.00000, 0.00000 }, { -16.00000, 8.00000, 0.00000 }, { -16.00000, 0.00000, 0.00000 }, { -16.00000, 0.00000, 0.00000 }, },
				{ { 16.00000, 0.00000, 0.00000 }, { 16.00000, 0.00000, 0.00000 }, { 16.00000, 8.80500, 0.00000 }, { 16.00000, 8.80500, 0.00000 }, { 16.00000, 8.80500, 0.00000 }, { 7.53249, 8.80500, 0.00000 }, { 7.53249, 8.80500, 0.00000 }, { 7.53249, 8.80500, 0.00000 }, { 7.53247, 0.00000, 0.00000 }, { 7.53247, -0.00000, 0.00000 }, },
			},
			["shared/gravel_02.gtex.lua;shared/border2.gtex.lua"] = {
				{ { 16.00000, 8.80500, 0.00000 }, { 16.00000, 8.80500, 0.00000 }, { 16.00000, 27.30000, 0.00000 }, { 16.00000, 27.30000, 0.00000 }, { 16.00000, 27.30000, 0.00000 }, { 2.30000, 27.30000, 0.00000 }, { 2.30000, 27.30000, 0.00000 }, { 2.30000, 27.30000, 0.00000 }, { -8.00000, 23.60000, 0.00000 }, { -8.00000, 23.60000, 0.00000 }, { -8.00000, 23.60000, 0.00000 }, { -16.00000, 23.60000, 0.00000 }, { -16.00000, 23.60000, 0.00000 }, { -16.00000, 23.60000, 0.00000 }, { -16.00000, 8.00000, 0.00000 }, { -16.00000, 8.00000, 0.00000 }, { -16.00000, 8.00000, 0.00000 }, { -6.26752, 8.00000, 0.00000 }, { -6.26751, 8.00000, 0.00000 }, { -6.26751, 8.00000, 0.00000 }, { -6.26751, 16.68250, 0.00000 }, { -6.26751, 16.68250, 0.00000 }, { -6.26751, 16.68250, 0.00000 }, { -7.03799, 21.24800, 0.00000 }, { -7.03799, 21.24800, 0.00000 }, { -7.03799, 21.24800, 0.00000 }, { 2.41497, 24.73250, 0.00000 }, { 2.41497, 24.73250, 0.00000 }, { 2.41497, 24.73250, 0.00000 }, { 6.21003, 24.73250, 0.00000 }, { 6.21003, 24.73250, 0.00000 }, { 6.21003, 24.73249, 0.00000 }, { 6.21003, 13.52000, 0.00000 }, { 6.21003, 13.52000, 0.00000 }, { 6.21003, 13.52000, 0.00000 }, { 8.62500, 13.52000, 0.00000 }, { 8.62500, 13.52000, 0.00000 }, { 8.62500, 13.52000, 0.00000 }, { 8.51003, 8.80500, 0.00000 }, { 8.51003, 8.80500, 0.00000 }, },
			},
		},
	},
	["layout_1"] = {
		models = {
			["asset/ground/container_small_steel.mdl"] = {
				{ 0.68835, 0.72537, 0.00000, 0.00000, -0.72537, 0.68835, 0.00000, 0.00000, 0.00000, 0.00000, 1.00000, 0.00000, 10.46000, 17.00000, -0.00000, 1.00000, },
			},
			["asset/ground/container_wood.mdl"] = {
				{ 0.97887, 0.20450, 0.00000, 0.00000, -0.20450, 0.97887, 0.00000, 0.00000, 0.00000, 0.00000, 1.00000, 0.00000, 11.60000, 19.40000, -0.00000, 1.00000, },
			},
			["asset/ground/garden_bench_stone_01.mdl"] = {
				{ 0.01745, -0.99985, 0.00000, 0.00000, 0.99985, 0.01745, 0.00000, 0.00000, -0.00000, 0.00000, 1.00000, 0.00000, -4.71000, 16.45000, 2.87000, 1.00000, },
			},
			["asset/ground/garden_chair_plastic_01.mdl"] = {
				{ -1.05858, 0.44934, -0.00000, 0.00000, -0.44934, -1.05858, 0.00000, 0.00000, -0.00000, 0.00000, 1.15000, 0.00000, 7.05366, 14.08674, 0.00000, 1.00000, },
			},
			["asset/ground/garden_chair_wood_01.mdl"] = {
				{ -0.99396, -0.10973, -0.00000, 0.00000, 0.10973, -0.99396, 0.00000, 0.00000, -0.00000, 0.00000, 1.00000, 0.00000, 5.81000, 10.30000, 3.45000, 1.00000, },
				{ -0.07441, 1.14759, -0.00000, 0.00000, -1.14759, -0.07441, 0.00000, 0.00000, -0.00000, 0.00000, 1.15000, 0.00000, -12.52791, 16.38826, 0.00000, 1.00000, },
				{ -0.10603, -1.14510, -0.00000, 0.00000, 1.14510, -0.10603, 0.00000, 0.00000, -0.00000, 0.00000, 1.15000, 0.00000, -10.74817, 16.52168, 0.00000, 1.00000, },
				{ 0.09843, -1.14578, -0.00000, 0.00000, 1.14578, 0.09843, -0.00000, 0.00000, 0.00000, -0.00000, 1.15000, 0.00000, -10.76097, 17.98166, 0.00000, 1.00000, },
				{ 0.11402, 1.14433, 0.00000, 0.00000, -1.14433, 0.11402, 0.00000, 0.00000, 0.00000, -0.00000, 1.15000, 0.00000, -12.53097, 17.97826, 0.00000, 1.00000, },
				{ 0.00221, -1.15000, 0.00000, 0.00000, 1.15000, 0.00221, -0.00000, 0.00000, 0.00000, 0.00000, 1.15000, 0.00000, -10.75951, 17.22165, 0.00000, 1.00000, },
				{ -0.00221, 1.15000, -0.00000, 0.00000, -1.15000, -0.00221, 0.00000, 0.00000, -0.00000, 0.00000, 1.15000, 0.00000, -12.52950, 17.21825, 0.00000, 1.00000, },
				{ 0.09843, -1.14578, -0.00000, 0.00000, 1.14578, 0.09843, -0.00000, 0.00000, 0.00000, -0.00000, 1.15000, 0.00000, -10.89602, 15.40140, 0.00000, 1.00000, },
				{ 0.00221, -1.15000, 0.00000, 0.00000, 1.15000, 0.00221, -0.00000, 0.00000, 0.00000, 0.00000, 1.15000, 0.00000, -10.83455, 14.64150, 0.00000, 1.00000, },
				{ -0.04635, 1.14907, -0.00000, 0.00000, -1.14907, -0.04635, 0.00000, 0.00000, -0.00000, 0.00000, 1.15000, 0.00000, -12.52601, 15.39826, 0.00000, 1.00000, },
				{ -0.16224, 1.13850, -0.00000, 0.00000, -1.13850, -0.16224, 0.00000, 0.00000, -0.00000, 0.00000, 1.15000, 0.00000, -12.52455, 14.63826, 0.00000, 1.00000, },
				{ 0.54679, 1.01169, 0.00000, 0.00000, -1.01169, 0.54679, 0.00000, 0.00000, -0.00000, -0.00000, 1.15000, 0.00000, -13.32296, 13.80826, 0.00000, 1.00000, },
				{ 0.52763, -1.02182, -0.00000, 0.00000, 1.02182, 0.52763, -0.00000, 0.00000, 0.00000, 0.00000, 1.15000, 0.00000, -10.48283, 13.74218, 0.00000, 1.00000, },
			},
			["asset/ground/garden_sun_pavillion_01.mdl"] = {
				{ 0.00269, -1.40000, 0.00000, 0.00000, 1.40000, 0.00269, -0.00000, 0.00000, 0.00000, 0.00000, 1.40000, 0.00000, -11.63025, 17.66999, 0.00000, 1.00000, },
				{ 0.00269, -1.40000, 0.00000, 0.00000, 1.40000, 0.00269, -0.00000, 0.00000, 0.00000, 0.00000, 1.40000, 0.00000, -11.62352, 14.16999, 0.00000, 1.00000, },
			},
			["asset/ground/garden_table_metal_01.mdl"] = {
				{ 0.00221, -1.15000, 0.00000, 0.00000, 1.15000, 0.00221, -0.00000, 0.00000, 0.00000, 0.00000, 1.15000, 0.00000, -11.63962, 17.20997, 0.00000, 1.00000, },
				{ 0.00221, -1.15000, 0.00000, 0.00000, 1.15000, 0.00221, -0.00000, 0.00000, 0.00000, 0.00000, 1.15000, 0.00000, -11.63466, 14.62997, 0.00000, 1.00000, },
			},
			["asset/vegetation/hedge_m.mdl"] = {
				{ -0.00000, 1.00000, 0.00000, 0.00000, -1.00000, -0.00000, 0.00000, 0.00000, 0.00000, 0.00000, 1.00000, 0.00000, -14.25004, 0.60000, -0.00000, 1.00000, },
				{ -0.00000, 1.00000, 0.00000, 0.00000, -1.00000, -0.00000, 0.00000, 0.00000, 0.00000, 0.00000, 1.00000, 0.00000, 9.99998, 0.60000, -0.00000, 1.00000, },
				{ -0.00000, -1.00000, 0.00000, 0.00000, 1.00000, -0.00000, -0.00000, 0.00000, 0.00000, -0.00000, 1.00000, 0.00000, 11.45998, 0.60000, -0.00000, 1.00000, },
				{ -0.00000, -1.00000, 0.00000, 0.00000, 1.00000, -0.00000, -0.00000, 0.00000, 0.00000, -0.00000, 1.00000, 0.00000, 12.86000, 0.60000, -0.00000, 1.00000, },
				{ -0.00000, 1.00000, 0.00000, 0.00000, -1.00000, -0.00000, 0.00000, 0.00000, 0.00000, 0.00000, 1.00000, 0.00000, 14.37999, 0.60000, -0.00000, 1.00000, },
				{ -0.00000, -1.00000, 0.00000, 0.00000, 1.00000, -0.00000, -0.00000, 0.00000, 0.00000, -0.00000, 1.00000, 0.00000, 15.32999, 0.60000, -0.00000, 1.00000, },
				{ -0.00000, 1.00000, 0.00000, 0.00000, -1.00000, -0.00000, 0.00000, 0.00000, 0.00000, 0.00000, 1.00000, 0.00000, -9.45000, 0.60000, -0.00000, 1.00000, },
				{ -0.00000, 1.00000, 0.00000, 0.00000, -1.00000, -0.00000, 0.00000, 0.00000, 0.00000, 0.00000, 1.00000, 0.00000, -15.37000, 0.60000, -0.00000, 1.00000, },
				{ -0.00000, -1.00000, 0.00000, 0.00000, 1.00000, -0.00000, -0.00000, 0.00000, 0.00000, -0.00000, 1.00000, 0.00000, -8.05002, 0.60000, -0.00000, 1.00000, },
				{ -0.00000, 1.00000, 0.00000, 0.00000, -1.00000, -0.00000, 0.00000, 0.00000, 0.00000, 0.00000, 1.00000, 0.00000, -6.65002, 0.60000, -0.00000, 1.00000, },
				{ -0.00000, -1.00000, 0.00000, 0.00000, 1.00000, -0.00000, -0.00000, 0.00000, 0.00000, -0.00000, 1.00000, 0.00000, -5.25000, 0.60000, -0.00000, 1.00000, },
				{ -0.00000, 1.00000, 0.00000, 0.00000, -1.00000, -0.00000, 0.00000, 0.00000, 0.00000, 0.00000, 1.00000, 0.00000, -3.85001, 0.60000, -0.00000, 1.00000, },
				{ -0.00000, -1.00000, 0.00000, 0.00000, 1.00000, -0.00000, -0.00000, 0.00000, 0.00000, -0.00000, 1.00000, 0.00000, -2.45001, 0.60000, -0.00000, 1.00000, },
				{ -0.00000, -1.00000, 0.00000, 0.00000, 1.00000, -0.00000, -0.00000, 0.00000, 0.00000, -0.00000, 1.00000, 0.00000, -10.50005, 0.60000, -0.00000, 1.00000, },
				{ -0.00000, 1.00000, 0.00000, 0.00000, -1.00000, -0.00000, 0.00000, 0.00000, 0.00000, 0.00000, 1.00000, 0.00000, -11.90001, 0.60000, -0.00000, 1.00000, },
				{ -0.00000, 1.00000, 0.00000, 0.00000, -1.00000, -0.00000, 0.00000, 0.00000, 0.00000, 0.00000, 1.00000, 0.00000, -13.30004, 0.60000, -0.00000, 1.00000, },
				{ -0.00000, -1.00000, 0.00000, 0.00000, 1.00000, -0.00000, -0.00000, 0.00000, 0.00000, -0.00000, 1.00000, 0.00000, 8.60000, 0.60000, -0.00000, 1.00000, },
			},
			["station/air/asset/ladder_low_a.mdl"] = {
				{ 0.76828, 0.00000, -0.64011, 0.00000, 0.00000, 1.00000, 0.00000, 0.00000, 0.64011, 0.00000, 0.76828, 0.00000, 9.03000, 19.30000, 0.00000, 1.00000, },
			},
		},
		groups = {
			["garden_sunshade_small.grp"] = {
				{ -0.54902, 0.83581, 0.00000, 0.00000, -0.83581, -0.54902, -0.00000, 0.00000, 0.00000, -0.00000, 1.00000, 0.00000, 6.32500, 11.54500, 3.45000, 1.00000, },
			},
			["random_large_tree_town.grp"] = {
				{ 0.68200, 0.73135, 0.00000, 0.00000, -0.73135, 0.68200, 0.00000, 0.00000, 0.00000, 0.00000, 1.00000, 0.00000, -5.10000, 29.80000, 0.00000, 1.00000, },
				{ 0.15643, -0.98769, 0.00000, 0.00000, 0.98769, 0.15643, 0.00000, 0.00000, 0.00000, 0.00000, 1.00000, 0.00000, 0.10000, 30.90000, 0.00000, 1.00000, },
				{ -0.61884, 0.54558, 0.00000, 0.00000, -0.54558, -0.61884, 0.00000, 0.00000, 0.00000, 0.00000, 0.82500, 0.00000, 5.00000, 29.40000, 0.00000, 1.00000, },
			},
			["random_medium_tree_town.grp"] = {
				{ 1.00000, 0.00000, 0.00000, 0.00000, 0.00000, 1.00000, 0.00000, 0.00000, 0.00000, 0.00000, 1.00000, 0.00000, 14.10000, 29.90000, 0.00000, 1.00000, },
				{ 1.00000, 0.00000, 0.00000, 0.00000, 0.00000, 1.00000, 0.00000, 0.00000, 0.00000, 0.00000, 1.00000, 0.00000, 10.00000, 31.60000, 0.00000, 1.00000, },
				{ 1.00000, 0.00000, 0.00000, 0.00000, 0.00000, 1.00000, 0.00000, 0.00000, 0.00000, 0.00000, 1.00000, 0.00000, 9.50000, 28.70000, 0.00000, 1.00000, },
				{ 1.00000, 0.00000, 0.00000, 0.00000, 0.00000, 1.00000, 0.00000, 0.00000, 0.00000, 0.00000, 1.00000, 0.00000, -13.10000, 5.70000, 0.00000, 1.00000, },
			},
			["random_shrub_town.grp"] = {
				{ -0.78267, 0.06041, 0.00000, 0.00000, -0.06041, -0.78267, 0.00000, 0.00000, 0.00000, 0.00000, 0.78500, 0.00000, -11.71393, 26.51000, 0.00000, 1.00000, },
				{ -0.99703, 0.07696, 0.00000, 0.00000, -0.07696, -0.99703, 0.00000, 0.00000, 0.00000, 0.00000, 1.00000, 0.00000, -5.81390, 6.81000, 0.00000, 1.00000, },
				{ 0.64030, 0.76813, 0.00000, 0.00000, -0.76813, 0.64030, 0.00000, 0.00000, -0.00000, -0.00000, 1.00000, 0.00000, -4.06390, 5.51000, 0.00000, 1.00000, },
				{ 0.51823, 0.85524, 0.00000, 0.00000, -0.85524, 0.51823, 0.00000, 0.00000, -0.00000, -0.00000, 1.00000, 0.00000, -2.76392, 4.11000, 0.00000, 1.00000, },
				{ 0.01488, -0.78486, 0.00000, 0.00000, 0.78486, 0.01488, 0.00000, 0.00000, -0.00000, 0.00000, 0.78500, 0.00000, -14.01392, 29.39000, 0.00000, 1.00000, },
				{ -0.89169, 0.45265, 0.00000, 0.00000, -0.45265, -0.89169, 0.00000, 0.00000, 0.00000, -0.00000, 1.00000, 0.00000, -10.94391, 27.90000, 0.00000, 1.00000, },
				{ 0.78058, 0.62505, 0.00000, 0.00000, -0.62505, 0.78058, 0.00000, 0.00000, -0.00000, -0.00000, 1.00000, 0.00000, -12.18393, 28.92000, 0.00000, 1.00000, },
				{ 0.68218, 0.73119, 0.00000, 0.00000, -0.73119, 0.68218, 0.00000, 0.00000, -0.00000, -0.00000, 1.00000, 0.00000, -13.64392, 27.75000, 0.00000, 1.00000, },
			},
		},
	},
}
--End Generated

function data()
	return townbuildingutil.make_building2(
		{ { -4.60, -0.10 }, { 4.60, -0.10 }, { 4.60, 9.10 }, { -4.60, 9.10 } },
		"RESIDENTIAL", 
		"C", 
		1,
		{ 4, 4 },
		generatedData,
		"construction/building/era_c/res_1_4x4_04.gtex"
	)
end
