local townbuildingutil = require "townbuildingutil"

--Model file: "building/era_c/res_3_2x2_02.mdl"

--Begin Generated
local generatedData = {
	["base"] = {
		models = {
			["building/era_c/res_3_2x2_02.mdl"] = {
				{ 1.00000, 0.00000, 0.00000, 0.00000, 0.00000, 1.00000, 0.00000, 0.00000, 0.00000, 0.00000, 1.00000, 0.00000, -0.10000, 2.35000, 0.00000, 1.00000, },
			},
		},
		curves = {
			["scaffold"] = {
				{ { 7.10817, 3.18510, 0.00000 }, { 7.10817, 3.18511, 0.00000 }, { 7.10815, 17.40510, 0.00000 }, { 7.10815, 17.40510, 0.00000 }, { 7.10815, 17.40510, 0.00000 }, { -7.17427, 17.40510, 0.00000 }, { -7.17429, 17.40510, 0.00000 }, { -7.17429, 17.40510, 0.00000 }, { -7.17427, 3.18512, 0.00000 }, { -7.17427, 3.18512, 0.00000 }, },
			},
			["shared/asphalt_01.gtex.lua;shared/border2.gtex.lua"] = {
				{ { 1.50000, 0.00000, 0.00000 }, { 1.50000, 0.00000, 0.00000 }, { 1.50000, 2.30000, 0.00000 }, { 1.50000, 2.30000, 0.00000 }, { 1.50000, 2.30000, 0.00000 }, { 8.00000, 2.30000, 0.00000 }, { 8.00000, 2.30000, 0.00000 }, { 8.00000, 2.30000, 0.00000 }, { 8.00000, 20.00000, 0.00000 }, { 8.00000, 20.00000, 0.00000 }, { 8.00000, 20.00000, 0.00000 }, { -8.00000, 20.00000, 0.00000 }, { -8.00000, 20.00000, 0.00000 }, { -8.00000, 20.00000, 0.00000 }, { -8.00000, 2.30000, 0.00000 }, { -8.00000, 2.30000, 0.00000 }, { -8.00000, 2.30000, 0.00000 }, { -5.00000, 2.30000, 0.00000 }, { -5.00000, 2.30000, 0.00000 }, { -5.00000, 2.30000, 0.00000 }, { -5.00000, 0.00000, 0.00000 }, { -5.00000, 0.00000, 0.00000 }, },
			},
			["shared/grass_cutted_01.gtex.lua"] = {
				{ { 8.00000, 20.00000, 0.00000 }, { 8.00000, 20.00000, 0.00000 }, { 8.00000, 24.00000, 0.00000 }, { 8.00000, 24.00000, 0.00000 }, { 8.00000, 24.00000, 0.00000 }, { -8.00000, 24.00000, 0.00000 }, { -8.00000, 24.00000, 0.00000 }, { -8.00000, 24.00000, 0.00000 }, { -8.00000, 20.00000, 0.00000 }, { -8.00000, 20.00000, 0.00000 }, },
			},
			["shared/gravel_02.gtex.lua;shared/border2.gtex.lua"] = {
				{ { -5.00000, 0.00000, 0.00000 }, { -5.00000, 0.00000, 0.00000 }, { -5.00000, 2.30000, 0.00000 }, { -5.00000, 2.30000, 0.00000 }, { -5.00000, 2.30000, 0.00000 }, { -8.00000, 2.30000, 0.00000 }, { -8.00000, 2.30000, 0.00000 }, { -8.00000, 2.30000, 0.00000 }, { -8.00000, 0.00000, 0.00000 }, { -8.00000, 0.00000, 0.00000 }, },
				{ { 8.00000, 0.00000, -0.80000 }, { 8.00000, 0.00000, -0.80000 }, { 8.00000, 2.30000, -0.00000 }, { 8.00000, 2.30000, 0.00000 }, { 8.00000, 2.30000, 0.00000 }, { 1.50000, 2.30000, 0.00000 }, { 1.50000, 2.30000, 0.00000 }, { 1.50000, 2.30000, 0.00000 }, { 1.50000, 0.00000, 0.00000 }, { 1.50000, 0.00000, 0.00000 }, },
			},
		},
	},
	["layout_1"] = {
		models = {
			["asset/ground/garden_bench_ratan_01_end.mdl"] = {
				{ 0.01047, -0.99995, 0.00000, 0.00000, 0.99995, 0.01047, 0.00000, 0.00000, 0.00000, 0.00000, 1.00000, 0.00000, -5.80000, 8.42000, 30.88000, 1.00000, align = { -0.10000, 2.35000 }, },
				{ -0.99995, 0.01047, 0.00000, 0.00000, -0.01047, -0.99995, 0.00000, 0.00000, 0.00000, 0.00000, 1.00000, 0.00000, 3.70000, 15.83000, 33.66500, 1.00000, align = { -0.10000, 2.35000 }, },
			},
			["asset/ground/garden_bench_ratan_01_start.mdl"] = {
				{ 0.01047, -0.99995, 0.00000, 0.00000, 0.99995, 0.01047, 0.00000, 0.00000, 0.00000, 0.00000, 1.00000, 0.00000, -5.80000, 8.42000, 30.88000, 1.00000, align = { -0.10000, 2.35000 }, },
				{ -0.99995, 0.01047, 0.00000, 0.00000, -0.01047, -0.99995, 0.00000, 0.00000, 0.00000, 0.00000, 1.00000, 0.00000, 3.70000, 15.83000, 33.66500, 1.00000, align = { -0.10000, 2.35000 }, },
			},
			["asset/ground/garden_bench_wood_02.mdl"] = {
				{ 1.00000, 0.00000, 0.00000, 0.00000, 0.00000, 1.00000, 0.00000, 0.00000, 0.00000, 0.00000, 1.00000, 0.00000, -3.61000, 6.59200, 22.47500, 1.00000, align = { -0.10000, 2.35000 }, },
				{ 1.00000, 0.00000, 0.00000, 0.00000, 0.00000, 1.00000, 0.00000, 0.00000, 0.00000, 0.00000, 1.00000, 0.00000, 3.73500, 15.67000, 22.47500, 1.00000, align = { -0.10000, 2.35000 }, },
				{ 0.99357, 0.11320, 0.00000, 0.00000, -0.11320, 0.99357, 0.00000, 0.00000, 0.00000, 0.00000, 1.00000, 0.00000, 3.73500, 16.82500, 22.47500, 1.00000, align = { -0.10000, 2.35000 }, },
			},
			["asset/ground/garden_chair_metal_01.mdl"] = {
				{ 0.55919, -0.82904, 0.00000, 0.00000, 0.82904, 0.55919, 0.00000, 0.00000, 0.00000, 0.00000, 1.00000, 0.00000, -5.33073, 16.35780, 30.87000, 1.00000, align = { -0.10000, 2.35000 }, },
				{ 0.55919, -0.82904, 0.00000, 0.00000, 0.82904, 0.55919, 0.00000, 0.00000, 0.00000, 0.00000, 1.00000, 0.00000, 6.42927, 7.65280, 33.68000, 1.00000, align = { -0.10000, 2.35000 }, },
				{ -0.97958, -0.20108, 0.00000, 0.00000, 0.20108, -0.97958, 0.00000, 0.00000, 0.00000, 0.00000, 1.00000, 0.00000, -6.17225, 15.39504, 30.87000, 1.00000, align = { -0.10000, 2.35000 }, },
				{ -0.97958, -0.20108, 0.00000, 0.00000, 0.20108, -0.97958, 0.00000, 0.00000, 0.00000, 0.00000, 1.00000, 0.00000, 5.58775, 6.69004, 33.68000, 1.00000, align = { -0.10000, 2.35000 }, },
			},
			["asset/ground/garden_chair_plastic_01.mdl"] = {
				{ 0.33051, -0.94380, 0.00000, 0.00000, 0.94283, 0.33017, 0.04536, 0.00000, -0.04281, -0.01499, 0.99897, 0.00000, 6.55500, 4.35500, 8.52300, 1.00000, align = { -0.10000, 2.35000 }, },
				{ -0.49090, 0.87121, 0.00000, 0.00000, -0.87032, -0.49040, 0.04536, 0.00000, 0.03952, 0.02227, 0.99897, 0.00000, 2.80500, 16.23500, 16.90300, 1.00000, align = { -0.10000, 2.35000 }, },
				{ 0.99276, 0.12014, 0.00000, 0.00000, -0.12001, 0.99174, 0.04536, 0.00000, 0.00545, -0.04503, 0.99897, 0.00000, 5.05500, 4.35500, 8.52300, 1.00000, align = { -0.10000, 2.35000 }, },
				{ 0.75927, -0.65077, 0.00000, 0.00000, 0.65010, 0.75849, 0.04536, 0.00000, -0.02952, -0.03444, 0.99897, 0.00000, -2.86000, 6.58000, 11.16300, 1.00000, align = { -0.10000, 2.35000 }, },
			},
			["asset/ground/garden_table_round_metal_01.mdl"] = {
				{ 0.46947, -0.88295, 0.00000, 0.00000, 0.88295, 0.46947, 0.00000, 0.00000, 0.00000, 0.00000, 1.00000, 0.00000, -5.98702, 16.03716, 30.87000, 1.00000, align = { -0.10000, 2.35000 }, },
				{ 0.46947, -0.88295, 0.00000, 0.00000, 0.88295, 0.46947, 0.00000, 0.00000, 0.00000, 0.00000, 1.00000, 0.00000, 5.77298, 7.33216, 33.68000, 1.00000, align = { -0.10000, 2.35000 }, },
			},
			["asset/ground/garden_table_round_wood_01.mdl"] = {
				{ 1.00000, 0.00000, 0.00000, 0.00000, 0.00000, 1.00000, 0.00000, 0.00000, 0.00000, 0.00000, 1.00000, 0.00000, 5.76000, 4.03800, 8.52300, 1.00000, align = { -0.10000, 2.35000 }, },
				{ -0.98450, -0.17537, 0.00000, 0.00000, 0.17537, -0.98450, 0.00000, 0.00000, 0.00000, 0.00000, 1.00000, 0.00000, 4.04000, 16.21000, 16.90300, 1.00000, align = { -0.10000, 2.35000 }, },
			},
			["asset/industry/cardboard_box_01.mdl"] = {
				{ 0.77500, 0.00000, 0.00000, 0.00000, 0.00000, 0.77500, 0.00000, 0.00000, 0.00000, 0.00000, 0.77500, 0.00000, -2.70000, 6.44000, 16.89000, 1.00000, align = { -0.10000, 2.35000 }, },
				{ 0.77500, 0.00000, 0.00000, 0.00000, 0.00000, -0.00000, -0.77500, 0.00000, 0.00000, 0.77500, -0.00000, 0.00000, 2.59500, 15.42000, 28.43000, 1.00000, align = { -0.10000, 2.35000 }, },
				{ 0.32998, -0.70124, 0.00000, 0.00000, -0.00000, -0.00000, -0.77500, 0.00000, 0.70124, 0.32998, -0.00000, 0.00000, 2.44000, 16.30000, 28.43000, 1.00000, align = { -0.10000, 2.35000 }, },
			},
			["asset/vegetation/hedge_m.mdl"] = {
				{ -0.00000, -1.00000, 0.00000, 0.00000, 1.00000, -0.00000, -0.00000, 0.00000, 0.00000, -0.00000, 1.00000, 0.00000, 2.27000, 0.75000, 0.00000, 1.00000, },
				{ -0.00000, 1.00000, 0.00000, 0.00000, -1.00000, -0.00000, -0.00000, 0.00000, -0.00000, -0.00000, 1.00000, 0.00000, 1.17000, 0.75000, 0.00000, 1.00000, },
				{ -0.00000, 1.00000, 0.00000, 0.00000, -1.00000, -0.00000, -0.00000, 0.00000, -0.00000, -0.00000, 1.00000, 0.00000, 0.51000, 0.75000, 0.00000, 1.00000, },
				{ -0.00000, 1.00000, 0.00000, 0.00000, -1.00000, -0.00000, 0.00000, 0.00000, 0.00000, 0.00000, 1.00000, 0.00000, 3.66999, 0.75000, 0.00000, 1.00000, },
				{ -0.00000, -1.00000, 0.00000, 0.00000, 1.00000, -0.00000, -0.00000, 0.00000, 0.00000, -0.00000, 1.00000, 0.00000, 5.06999, 0.75000, 0.00000, 1.00000, },
				{ -0.00000, -1.00000, 0.00000, 0.00000, 1.00000, -0.00000, -0.00000, 0.00000, 0.00000, -0.00000, 1.00000, 0.00000, 7.33999, 0.75000, 0.00000, 1.00000, },
				{ -1.00000, 0.00000, 0.00000, 0.00000, -0.00000, -1.00000, -0.00000, 0.00000, -0.00000, -0.00000, 1.00000, 0.00000, 7.71999, 1.29000, 0.00000, 1.00000, },
				{ -1.00000, 0.00000, 0.00000, 0.00000, -0.00000, -1.00000, -0.00000, 0.00000, -0.00000, -0.00000, 1.00000, 0.00000, 7.71999, 2.23000, 0.00000, 1.00000, },
				{ -0.00000, 1.00000, 0.00000, 0.00000, -1.00000, -0.00000, 0.00000, 0.00000, 0.00000, 0.00000, 1.00000, 0.00000, 6.28999, 0.75000, 0.00000, 1.00000, },
				{ -0.00000, 1.00000, 0.00000, 0.00000, -1.00000, -0.00000, -0.00000, 0.00000, -0.00000, -0.00000, 1.00000, 0.00000, -7.05002, 0.75000, 0.00000, 1.00000, },
				{ 1.00000, 0.00000, 0.00000, 0.00000, 0.00000, 1.00000, -0.00000, 0.00000, 0.00000, 0.00000, 1.00000, 0.00000, -7.43002, 1.37000, 0.00000, 1.00000, },
				{ -1.00000, -0.00000, 0.00000, 0.00000, 0.00000, -1.00000, -0.00000, 0.00000, 0.00000, -0.00000, 1.00000, 0.00000, -7.43002, 2.15000, 0.00000, 1.00000, },
				{ -0.00000, 1.00000, 0.00000, 0.00000, -1.00000, -0.00000, -0.00000, 0.00000, -0.00000, -0.00000, 1.00000, 0.00000, -6.05002, 0.75000, 0.00000, 1.00000, },
			},
		},
		groups = {
			["random_large_tree_town.grp"] = {
				{ 0.70324, 0.37078, 0.00000, 0.00000, -0.37078, 0.70324, 0.00000, 0.00000, 0.00000, 0.00000, 0.79500, 0.00000, -6.70000, 22.44756, 0.00000, 1.00000, },
			},
			["random_medium_tree_town.grp"] = {
				{ -0.16732, -0.63327, 0.00000, 0.00000, 0.63327, -0.16732, 0.00000, 0.00000, 0.00000, 0.00000, 0.65500, 0.00000, -3.30000, 22.05000, 0.00000, 1.00000, },
			},
			["random_shrub_town.grp"] = {
				{ 0.56391, 0.82583, 0.00000, 0.00000, -0.82583, 0.56391, -0.00000, 0.00000, -0.00000, -0.00000, 1.00000, 0.00000, 6.79597, 20.45954, 0.00000, 1.00000, },
				{ 0.92272, 0.38547, 0.00000, 0.00000, -0.38547, 0.92272, -0.00000, 0.00000, -0.00000, -0.00000, 1.00000, 0.00000, 7.09597, 22.55955, 0.00000, 1.00000, },
				{ -0.70373, -0.71047, 0.00000, 0.00000, 0.71047, -0.70373, -0.00000, 0.00000, 0.00000, 0.00000, 1.00000, 0.00000, 5.37597, 22.21954, 0.00000, 1.00000, },
				{ -0.70373, -0.71047, 0.00000, 0.00000, 0.71047, -0.70373, -0.00000, 0.00000, 0.00000, 0.00000, 1.00000, 0.00000, 4.47597, 20.97954, 0.00000, 1.00000, },
				{ 0.76258, 0.13821, 0.00000, 0.00000, -0.13821, 0.76258, -0.00000, 0.00000, -0.00000, 0.00000, 0.77500, 0.00000, 2.69596, 21.05955, 0.00000, 1.00000, },
			},
		},
	},
}
--End Generated

function data()
	return townbuildingutil.make_building2(
		{ { -4.60, -0.10 }, { 4.60, -0.10 }, { 4.60, 9.10 }, { -4.60, 9.10 } },
		"RESIDENTIAL", 
		"C", 
		3,
		{ 2, 3 },
		generatedData,
		"construction/building/era_c/res_3_2x3_01.gtex"
	)
end
