local townbuildingutil = require "townbuildingutil"

--Model file: "building/era_c/res_1_2x2_04.mdl"

--Begin Generated
local generatedData = {
	["base"] = {
		models = {
			["building/era_c/res_1_2x2_04.mdl"] = {
				{ 1.15000, 0.00000, 0.00000, 0.00000, 0.00000, 1.15000, 0.00000, 0.00000, 0.00000, 0.00000, 1.15000, 0.00000, 0.00000, -1.60000, 0.00000, 1.00000, },
			},
		},
		curves = {
			["scaffold"] = {
				{ { 3.06549, 4.38990, 0.00000 }, { 3.06549, 4.38990, 0.00000 }, { 3.06549, 8.48721, 0.00000 }, { 3.06549, 8.48721, 0.00000 }, { 3.06549, 8.48721, 0.00000 }, { 5.93289, 8.48721, 0.00000 }, { 5.93289, 8.48721, 0.00000 }, { 5.93289, 8.48721, 0.00000 }, { 5.93289, 12.95597, 0.00000 }, { 5.93289, 12.95597, 0.00000 }, { 5.93289, 12.95597, 0.00000 }, { 3.06549, 12.95597, 0.00000 }, { 3.06549, 12.95597, 0.00000 }, { 3.06549, 12.95597, 0.00000 }, { 3.06549, 13.32397, 0.00000 }, { 3.06549, 13.32397, 0.00000 }, { 3.06549, 13.32397, 0.00000 }, { -6.02470, 13.32397, 0.00000 }, { -6.02470, 13.32397, 0.00000 }, { -6.02470, 13.32397, 0.00000 }, { -6.02470, 4.38990, 0.00000 }, { -6.02470, 4.38990, 0.00000 }, },
			},
			["shared/asphalt_01.gtex.lua;shared/border2.gtex.lua"] = {
				{ { -0.59750, -0.00000, 0.00000 }, { -0.59750, 0.00000, 0.00000 }, { -0.59750, 3.67000, 0.00000 }, { -0.59750, 3.67000, 0.00000 }, { -0.59750, 3.67000, 0.00000 }, { 2.96751, 3.67000, 0.00000 }, { 2.96751, 3.67000, 0.00000 }, { 2.96751, 3.67000, 0.00000 }, { 2.96751, 7.35000, 0.00000 }, { 2.96751, 7.35000, 0.00000 }, { 2.96751, 7.35000, 0.00000 }, { 5.38251, 7.35000, 0.00000 }, { 5.38251, 7.35000, 0.00000 }, { 5.38251, 7.35000, 0.00000 }, { 5.67001, 7.35000, 0.00000 }, { 5.67001, 7.35000, 0.00000 }, { 5.67001, 7.35000, 0.00000 }, { 6.13000, 7.52250, 0.00000 }, { 6.13000, 7.52250, 0.00000 }, { 6.13000, 7.52250, 0.00000 }, { 6.53250, 7.81000, 0.00000 }, { 6.53250, 7.81000, 0.00000 }, { 6.53250, 7.81000, 0.00000 }, { 6.82001, 8.15500, 0.00000 }, { 6.82001, 8.15500, 0.00000 }, { 6.82001, 8.15500, 0.00000 }, { 6.99249, 8.55750, 0.00000 }, { 6.99249, 8.55750, 0.00000 }, { 6.99249, 8.55750, 0.00000 }, { 6.99249, 8.96000, 0.00000 }, { 6.99249, 8.96000, 0.00000 }, { 6.99249, 8.96000, 0.00000 }, { 6.99249, 14.02000, 0.00000 }, { 6.99249, 14.02000, 0.00000 }, { 6.99249, 14.02000, 0.00000 }, { -6.34750, 14.02000, 0.00000 }, { -6.34750, 14.02000, 0.00000 }, { -6.34750, 14.02000, 0.00000 }, { -6.34750, 11.49000, 0.00000 }, { -6.34750, 11.49000, 0.00000 }, { -6.34750, 11.49000, 0.00000 }, { -6.46251, 6.20000, 0.00000 }, { -6.46251, 6.20000, 0.00000 }, { -6.46251, 6.20000, 0.00000 }, { -6.46251, 3.67000, 0.00000 }, { -6.46251, 3.67000, 0.00000 }, { -6.46251, 3.67000, 0.00000 }, { -3.93250, 3.67000, 0.00000 }, { -3.93250, 3.67000, 0.00000 }, { -3.93250, 3.67000, 0.00000 }, { -3.93250, 0.00000, 0.00000 }, { -3.93250, -0.00000, 0.00000 }, },
			},
			["shared/grass_cutted_01.gtex.lua"] = {
				{ { 12.00000, 3.67000, 0.00000 }, { 12.00000, 3.67000, 0.00000 }, { 12.00000, 23.05000, 0.00000 }, { 12.00000, 23.05000, 0.00000 }, { 12.00000, 23.05000, 0.00000 }, { -11.05000, 23.05000, 0.00000 }, { -11.05000, 23.05000, 0.00000 }, { -11.05000, 23.05000, 0.00000 }, { -11.05000, 3.67000, 0.00000 }, { -11.05000, 3.67000, 0.00000 }, { -11.05000, 3.67000, 0.00000 }, { -6.46251, 3.67000, 0.00000 }, { -6.46251, 3.67000, 0.00000 }, { -6.46251, 3.67000, 0.00000 }, { -6.46251, 6.20000, 0.00000 }, { -6.46251, 6.20000, 0.00000 }, { -6.46251, 6.20000, 0.00000 }, { -9.04251, 6.20000, 0.00000 }, { -9.04251, 6.20000, 0.00000 }, { -9.04251, 6.20000, 0.00000 }, { -9.04251, 11.49000, 0.00000 }, { -9.04251, 11.49000, 0.00000 }, { -9.04251, 11.49000, 0.00000 }, { -6.34750, 11.49000, 0.00000 }, { -6.34750, 11.49000, 0.00000 }, { -6.34750, 11.49000, 0.00000 }, { -6.34750, 19.50000, 0.00000 }, { -6.34750, 19.50000, 0.00000 }, { -6.34750, 19.50000, 0.00000 }, { 9.00000, 19.50000, 0.00000 }, { 9.00000, 19.50000, 0.00000 }, { 9.00000, 19.50000, 0.00000 }, { 9.00000, 8.50000, 0.00000 }, { 9.00000, 8.50000, 0.00000 }, { 9.00000, 8.50000, 0.00000 }, { 8.73001, 7.66000, 0.00000 }, { 8.73001, 7.66000, 0.00000 }, { 8.73001, 7.66000, 0.00000 }, { 8.11002, 6.96000, 0.00000 }, { 8.11002, 6.96000, 0.00000 }, { 8.11002, 6.96000, 0.00000 }, { 7.12000, 6.58000, 0.00000 }, { 7.12000, 6.58000, 0.00000 }, { 7.11999, 6.58000, 0.00000 }, { 5.67001, 6.48000, 0.00000 }, { 5.67001, 6.48000, 0.00000 }, { 5.67001, 6.48000, 0.00000 }, { 5.67001, 3.67000, 0.00000 }, { 5.67001, 3.67000, 0.00000 }, },
				{ { -3.93250, 0.00000, 0.00000 }, { -3.93250, 0.00000, 0.00000 }, { -3.93250, 3.67000, 0.00000 }, { -3.93250, 3.67000, 0.00000 }, { -3.93250, 3.67000, 0.00000 }, { -12.00000, 3.67000, 0.00000 }, { -12.00000, 3.67000, 0.00000 }, { -12.00000, 3.67000, 0.00000 }, { -12.00000, 0.00000, 0.00000 }, { -12.00000, 0.00000, 0.00000 }, },
				{ { 12.00000, 0.00000, 0.00000 }, { 12.00000, 0.00000, 0.00000 }, { 12.00000, 3.67000, 0.00000 }, { 12.00000, 3.67000, 0.00000 }, { 12.00000, 3.67000, 0.00000 }, { -0.59750, 3.67000, 0.00000 }, { -0.59750, 3.67000, 0.00000 }, { -0.59750, 3.67000, 0.00000 }, { -0.59750, 0.00000, 0.00000 }, { -0.59750, -0.00000, 0.00000 }, },
			},
			["shared/gravel_02.gtex.lua;shared/border2.gtex.lua"] = {
				{ { -6.34750, 11.49000, 0.00000 }, { -6.34750, 11.49000, 0.00000 }, { -9.04251, 11.49000, 0.00000 }, { -9.04251, 11.49000, 0.00000 }, { -9.04251, 11.49000, 0.00000 }, { -9.04251, 6.20000, 0.00000 }, { -9.04251, 6.20000, 0.00000 }, { -9.04251, 6.20000, 0.00000 }, { -6.46251, 6.20000, 0.00000 }, { -6.46251, 6.20000, 0.00000 }, },
				{ { 2.96751, 3.67000, 0.00000 }, { 2.96751, 3.67000, 0.00000 }, { 2.96751, 7.35000, 0.00000 }, { 2.96751, 7.35000, 0.00000 }, { 2.96751, 7.35000, 0.00000 }, { 5.67001, 7.35000, 0.00000 }, { 5.67001, 7.35000, 0.00000 }, { 5.67001, 7.35000, 0.00000 }, { 6.13000, 7.52250, 0.00000 }, { 6.13000, 7.52250, 0.00000 }, { 6.13000, 7.52250, 0.00000 }, { 6.53250, 7.81000, 0.00000 }, { 6.53250, 7.81000, 0.00000 }, { 6.53250, 7.81000, 0.00000 }, { 6.53250, 7.81000, 0.00000 }, { 6.53250, 7.81000, 0.00000 }, { 6.53250, 7.81000, 0.00000 }, { 6.82001, 8.15500, 0.00000 }, { 6.82001, 8.15500, 0.00000 }, { 6.82001, 8.15500, 0.00000 }, { 6.99249, 8.55750, 0.00000 }, { 6.99249, 8.55750, 0.00000 }, { 6.99249, 8.55750, 0.00000 }, { 6.99249, 14.02000, 0.00000 }, { 6.99249, 14.02000, 0.00000 }, { 6.99249, 14.02000, 0.00000 }, { 6.99249, 14.02000, 0.00000 }, { 6.99249, 14.02000, 0.00000 }, { 6.99249, 14.02000, 0.00000 }, { -6.34750, 14.02000, 0.00000 }, { -6.34750, 14.02000, 0.00000 }, { -6.34750, 14.02000, 0.00000 }, { -6.34750, 19.50000, 0.00000 }, { -6.34750, 19.50000, 0.00000 }, { -6.34750, 19.50000, 0.00000 }, { 9.00000, 19.50000, 0.00000 }, { 9.00000, 19.50000, 0.00000 }, { 9.00000, 19.50000, 0.00000 }, { 9.00000, 8.50000, 0.00000 }, { 9.00000, 8.50000, 0.00000 }, { 9.00000, 8.50000, 0.00000 }, { 9.00000, 8.50000, 0.00000 }, { 9.00000, 8.50000, 0.00000 }, { 9.00000, 8.50000, 0.00000 }, { 8.73001, 7.66000, 0.00000 }, { 8.73001, 7.66000, 0.00000 }, { 8.73001, 7.66000, 0.00000 }, { 8.11002, 6.96000, 0.00000 }, { 8.11002, 6.96000, 0.00000 }, { 8.11002, 6.96000, 0.00000 }, { 7.12000, 6.58000, 0.00000 }, { 7.12000, 6.58000, 0.00000 }, { 7.12000, 6.58000, 0.00000 }, { 6.14001, 6.49000, 0.00000 }, { 6.14001, 6.49000, 0.00000 }, { 6.14001, 6.49000, 0.00000 }, { 5.67001, 6.48000, 0.00000 }, { 5.67001, 6.48000, 0.00000 }, { 5.67001, 6.48000, 0.00000 }, { 5.67001, 3.67000, 0.00000 }, { 5.67001, 3.67000, 0.00000 }, },
			},
		},
	},
	["layout_1"] = {
		models = {
			["asset/ground/container_small_steel.mdl"] = {
				{ 0.68835, 0.72537, 0.00000, 0.00000, -0.72537, 0.68835, 0.00000, 0.00000, 0.00000, 0.00000, 1.00000, 0.00000, 8.56000, 18.82000, -0.00000, 1.00000, },
			},
			["asset/ground/container_wood.mdl"] = {
				{ -1.00000, -0.00000, 0.00000, 0.00000, 0.00000, -1.00000, 0.00000, 0.00000, 0.00000, 0.00000, 1.00000, 0.00000, 4.69000, 13.62000, -0.00000, 1.00000, },
			},
			["asset/ground/garden_bench_wood_01.mdl"] = {
				{ -0.00000, -1.15000, 0.00000, 0.00000, 1.15000, -0.00000, 0.00000, 0.00000, 0.00000, 0.00000, 1.15000, 0.00000, -6.85001, 7.88994, 0.00000, 1.00000, },
			},
			["asset/ground/garden_chair_plastic_01.mdl"] = {
				{ -0.28234, 0.95931, 0.00000, 0.00000, -0.95931, -0.28234, 0.00000, 0.00000, 0.00000, 0.00000, 1.00000, 0.00000, 3.25000, 10.19000, 3.40600, 1.00000, align = { 0.00000, -1.60000 }, },
				{ 0.78801, 0.61566, 0.00000, 0.00000, -0.61566, 0.78801, 0.00000, 0.00000, 0.00000, 0.00000, 1.00000, 0.00000, 3.73500, 11.24000, 3.40600, 1.00000, align = { 0.00000, -1.60000 }, },
				{ -0.34006, 1.09857, -0.00000, 0.00000, -1.09857, -0.34006, 0.00000, 0.00000, -0.00000, 0.00000, 1.15000, 0.00000, -2.16634, 17.04674, 0.00000, 1.00000, },
				{ 0.79441, 0.60738, 0.00000, 0.00000, -0.60738, 0.79441, 0.00000, 0.00000, 0.00000, 0.00000, 1.00000, 0.00000, -1.25000, 18.12739, 0.00000, 1.00000, },
				{ 0.91775, -0.39715, 0.00000, 0.00000, 0.39715, 0.91775, 0.00000, 0.00000, 0.00000, 0.00000, 1.00000, 0.00000, -0.18999, 18.17739, 0.00000, 1.00000, },
				{ 0.28903, -0.95732, 0.00000, 0.00000, 0.95732, 0.28903, 0.00000, 0.00000, 0.00000, 0.00000, 1.00000, 0.00000, 0.37001, 17.26739, 0.00000, 1.00000, },
				{ -0.79968, -0.60042, 0.00000, 0.00000, 0.60042, -0.79968, 0.00000, 0.00000, 0.00000, 0.00000, 1.00000, 0.00000, -0.12001, 16.28739, 0.00000, 1.00000, },
				{ 0.93728, 0.34857, 0.00000, 0.00000, -0.34857, 0.93728, 0.00000, 0.00000, 0.00000, 0.00000, 1.00000, 0.00000, -1.79999, 15.52739, 0.00000, 1.00000, },
			},
			["asset/ground/garden_table_round_wood_01.mdl"] = {
				{ 0.37461, -0.92718, 0.00000, 0.00000, 0.92718, 0.37461, 0.00000, 0.00000, 0.00000, 0.00000, 1.00000, 0.00000, 4.18000, 10.41000, 3.40600, 1.00000, align = { 0.00000, -1.60000 }, },
			},
			["asset/ground/garden_table_wood_02.mdl"] = {
				{ 1.00000, 0.00000, 0.00000, 0.00000, 0.00000, 1.00000, 0.00000, 0.00000, 0.00000, 0.00000, 1.00000, 0.00000, -0.74001, 17.19000, 0.00000, 1.00000, },
			},
			["asset/vegetation/hedge_m.mdl"] = {
				{ -0.00000, 1.00000, 0.00000, 0.00000, -1.17000, -0.00000, 0.00000, 0.00000, 0.00000, 0.00000, 1.00000, 0.00000, -5.21001, 0.60000, -0.00000, 1.00000, },
				{ -0.00000, -1.00000, 0.00000, 0.00000, 1.00000, -0.00000, -0.00000, 0.00000, 0.00000, -0.00000, 1.00000, 0.00000, -7.10001, 0.60000, -0.00000, 1.00000, },
				{ -0.00000, 1.00000, 0.00000, 0.00000, -1.00000, -0.00000, 0.00000, 0.00000, 0.00000, 0.00000, 1.00000, 0.00000, -8.50001, 0.60000, -0.00000, 1.00000, },
				{ -0.00000, 1.00000, 0.00000, 0.00000, -1.00000, -0.00000, 0.00000, 0.00000, 0.00000, 0.00000, 1.00000, 0.00000, -11.30002, 0.60000, -0.00000, 1.00000, },
				{ -1.00000, -0.00000, 0.00000, 0.00000, 0.00000, -1.00000, 0.00000, 0.00000, -0.00000, 0.00000, 1.00000, 0.00000, -11.60000, 1.05000, -0.00000, 1.00000, },
				{ -1.00000, -0.00000, 0.00000, 0.00000, 0.00000, -1.00000, 0.00000, 0.00000, -0.00000, 0.00000, 1.00000, 0.00000, -11.60000, 2.75000, -0.00000, 1.00000, },
				{ -0.00000, -1.00000, 0.00000, 0.00000, 1.00000, -0.00000, -0.00000, 0.00000, 0.00000, -0.00000, 1.00000, 0.00000, -9.90000, 0.60000, -0.00000, 1.00000, },
			},
			["station/air/asset/ladder_low_a.mdl"] = {
				{ 0.61291, 0.79015, 0.00000, 0.00000, -0.79015, 0.61291, 0.00000, 0.00000, 0.00000, 0.00000, 1.00000, 0.00000, 6.29000, 15.10000, 0.00000, 1.00000, },
			},
		},
		groups = {
			["garden_sunshade_small.grp"] = {
				{ 0.88701, 0.46175, 0.00000, 0.00000, -0.46175, 0.88701, 0.00000, 0.00000, 0.00000, 0.00000, 1.00000, 0.00000, 4.70000, 9.64000, 3.64500, 1.00000, align = { 0.00000, -1.60000 }, },
			},
			["random_medium_tree_town.grp"] = {
				{ 1.00000, 0.00000, 0.00000, 0.00000, 0.00000, 1.00000, 0.00000, 0.00000, 0.00000, 0.00000, 1.00000, 0.00000, -9.20000, 14.65000, 0.00000, 1.00000, },
				{ -0.51274, -0.61541, 0.00000, 0.00000, 0.61541, -0.51274, 0.00000, 0.00000, 0.00000, 0.00000, 0.80102, 0.00000, -8.50000, 18.00000, 0.00000, 1.00000, },
				{ 0.07687, 0.99902, 0.00000, 0.00000, -0.99902, 0.07687, 0.00000, 0.00000, 0.00000, 0.00000, 1.00197, 0.00000, -5.88000, 20.52000, 0.00000, 1.00000, },
			},
			["random_shrub_town.grp"] = {
				{ -1.00000, -0.00000, 0.00000, 0.00000, 0.00000, -1.00000, -0.00000, 0.00000, 0.00000, -0.00000, 1.00000, 0.00000, -9.38771, 6.70465, 0.00000, 1.00000, },
				{ -0.98523, -0.17123, 0.00000, 0.00000, 0.17123, -0.98523, -0.00000, 0.00000, 0.00000, -0.00000, 1.00000, 0.00000, 4.71499, 1.26500, 0.00000, 1.00000, },
				{ 0.82092, 0.57104, 0.00000, 0.00000, -0.57104, 0.82092, -0.00000, 0.00000, -0.00000, 0.00000, 1.00000, 0.00000, 6.79544, 1.29307, 0.00000, 1.00000, },
				{ 0.49406, 0.86943, 0.00000, 0.00000, -0.86943, 0.49406, -0.00000, 0.00000, -0.00000, -0.00000, 1.00000, 0.00000, 9.01544, 1.26307, 0.00000, 1.00000, },
				{ -0.00848, 0.99996, 0.00000, 0.00000, -0.99996, -0.00848, -0.00000, 0.00000, -0.00000, -0.00000, 1.00000, 0.00000, 11.03544, 1.53307, 0.00000, 1.00000, },
				{ -0.75889, -0.65121, 0.00000, 0.00000, 0.65121, -0.75889, -0.00000, 0.00000, 0.00000, -0.00000, 1.00000, 0.00000, 11.28000, 22.35000, 0.00000, 1.00000, },
				{ -0.84088, 0.54122, 0.00000, 0.00000, -0.54122, -0.84088, -0.00000, 0.00000, 0.00000, -0.00000, 1.00000, 0.00000, 10.43000, 20.58000, 0.00000, 1.00000, },
				{ 0.14320, -0.98969, 0.00000, 0.00000, 0.98969, 0.14320, -0.00000, 0.00000, 0.00000, 0.00000, 1.00000, 0.00000, 7.72000, 21.50000, 0.00000, 1.00000, },
				{ -0.75889, -0.65121, 0.00000, 0.00000, 0.65121, -0.75889, -0.00000, 0.00000, 0.00000, -0.00000, 1.00000, 0.00000, 11.00000, 18.60000, 0.00000, 1.00000, },
				{ -0.84088, 0.54122, 0.00000, 0.00000, -0.54122, -0.84088, -0.00000, 0.00000, 0.00000, -0.00000, 1.00000, 0.00000, 9.33000, 22.63000, 0.00000, 1.00000, },
				{ 0.14320, -0.98969, 0.00000, 0.00000, 0.98969, 0.14320, -0.00000, 0.00000, 0.00000, 0.00000, 1.00000, 0.00000, 7.72000, 21.50000, 0.00000, 1.00000, },
				{ 0.77014, 0.63787, 0.00000, 0.00000, -0.63787, 0.77014, -0.00000, 0.00000, -0.00000, 0.00000, 1.00000, 0.00000, 6.37000, 22.70000, 0.00000, 1.00000, },
				{ 0.27955, -0.96013, 0.00000, 0.00000, 0.96013, 0.27955, -0.00000, 0.00000, 0.00000, 0.00000, 1.00000, 0.00000, 4.37000, 22.35000, 0.00000, 1.00000, },
				{ 0.79829, 0.60228, 0.00000, 0.00000, -0.60228, 0.79829, -0.00000, 0.00000, -0.00000, 0.00000, 1.00000, 0.00000, 1.87310, 22.55845, 0.00000, 1.00000, },
				{ 0.25726, -0.96634, 0.00000, 0.00000, 0.96634, 0.25726, -0.00000, 0.00000, 0.00000, 0.00000, 1.00000, 0.00000, 10.75544, 16.62308, 0.00000, 1.00000, },
				{ -0.93117, -0.36460, 0.00000, 0.00000, 0.36460, -0.93117, -0.00000, 0.00000, 0.00000, -0.00000, 1.00000, 0.00000, 10.80544, 14.67307, 0.00000, 1.00000, },
				{ 0.81795, -0.57529, 0.00000, 0.00000, 0.57529, 0.81795, -0.00000, 0.00000, -0.00000, 0.00000, 1.00000, 0.00000, 2.35500, 1.52500, 0.00000, 1.00000, },
				{ -0.31831, -0.94799, 0.00000, 0.00000, 0.94799, -0.31831, -0.00000, 0.00000, 0.00000, 0.00000, 1.00000, 0.00000, 0.65733, 1.38500, 0.00000, 1.00000, },
				{ -0.74566, -0.66633, 0.00000, 0.00000, 0.66633, -0.74566, -0.00000, 0.00000, 0.00000, -0.00000, 1.00000, 0.00000, -7.85500, 4.23500, 0.00000, 1.00000, },
				{ 0.99459, -0.10390, 0.00000, 0.00000, 0.10390, 0.99459, -0.00000, 0.00000, -0.00000, 0.00000, 1.00000, 0.00000, -6.31500, 3.14500, 0.00000, 1.00000, },
				{ 0.99459, -0.10390, 0.00000, 0.00000, 0.10390, 0.99459, -0.00000, 0.00000, -0.00000, 0.00000, 1.00000, 0.00000, -5.03501, 3.10500, 0.00000, 1.00000, },
				{ -0.21806, -0.97594, 0.00000, 0.00000, 0.97594, -0.21806, -0.00000, 0.00000, 0.00000, 0.00000, 1.00000, 0.00000, -8.82986, 4.96044, 0.00000, 1.00000, },
			},
		},
	},
}
--End Generated

function data()
	return townbuildingutil.make_building2(
		{ { -4.60, -0.10 }, { 4.60, -0.10 }, { 4.60, 9.10 }, { -4.60, 9.10 } },
		"RESIDENTIAL", 
		"C", 
		1,
		{ 3, 3 },
		generatedData,
		"construction/building/era_c/res_1_3x3_02.gtex"
	)
end
