local townbuildingutil = require "townbuildingutil"

--Model file: "building/era_c/res_2_3x3_04.mdl"

--Begin Generated
local generatedData = {
	["base"] = {
		models = {
			["building/era_c/res_2_3x3_04.mdl"] = {
				{ 1.00000, 0.00000, 0.00000, 0.00000, 0.00000, 1.00000, 0.00000, 0.00000, 0.00000, 0.00000, 1.00000, 0.00000, 0.00000, 4.00000, 0.00000, 1.00000, },
			},
		},
		curves = {
			["scaffold"] = {
				{ { 2.43063, 5.37467, 0.00000 }, { 2.43063, 5.37467, 0.00000 }, { 2.43063, 10.25000, 0.00000 }, { 2.43063, 10.25000, 0.00000 }, { 2.43063, 10.25000, 0.00000 }, { 5.88000, 12.96292, 0.00000 }, { 5.88000, 12.96292, 0.00000 }, { 5.88000, 12.96292, 0.00000 }, { 10.61487, 12.96292, 0.00000 }, { 10.61487, 12.96292, 0.00000 }, { 10.61487, 12.96293, 0.00000 }, { 10.61487, 20.93271, 0.00000 }, { 10.61487, 20.93271, 0.00000 }, { 10.61487, 20.93271, 0.00000 }, { 7.35144, 20.93271, 0.00000 }, { 7.35144, 20.93271, 0.00000 }, { 7.35144, 20.93271, 0.00000 }, { 7.35144, 22.22308, 0.00000 }, { 7.35144, 22.22308, 0.00000 }, { 7.35144, 22.22308, 0.00000 }, { 5.97186, 22.22308, 0.00000 }, { 5.97186, 22.22308, 0.00000 }, { 5.97186, 22.22308, 0.00000 }, { 5.97186, 24.07496, 0.00000 }, { 5.97186, 24.07496, 0.00000 }, { 5.97186, 24.07496, 0.00000 }, { 4.72922, 24.07496, 0.00000 }, { 4.72922, 24.07496, 0.00000 }, { 4.72922, 24.07496, 0.00000 }, { 4.72922, 26.76227, 0.00000 }, { 4.72922, 26.76227, 0.00000 }, { 4.72922, 26.76227, 0.00000 }, { -2.28931, 26.76227, 0.00000 }, { -2.28931, 26.76227, 0.00000 }, { -2.28931, 26.76227, 0.00000 }, { -2.28931, 23.96800, 0.00000 }, { -2.28931, 23.96800, 0.00000 }, { -2.28931, 23.96800, 0.00000 }, { -4.99799, 21.10434, 0.00000 }, { -4.99799, 21.10434, 0.00000 }, { -4.99799, 21.10434, 0.00000 }, { -10.73239, 21.10434, 0.00000 }, { -10.73239, 21.10434, 0.00000 }, { -10.73239, 21.10434, 0.00000 }, { -10.73242, 13.13294, 0.00000 }, { -10.73242, 13.13294, 0.00000 }, { -10.73242, 13.13294, 0.00000 }, { -7.24500, 13.13294, 0.00000 }, { -7.24500, 13.13294, 0.00000 }, { -7.24500, 13.13294, 0.00000 }, { -7.23547, 11.83984, 0.00000 }, { -7.23547, 11.83984, 0.00000 }, { -7.23547, 11.83984, 0.00000 }, { -5.84442, 11.83984, 0.00000 }, { -5.84442, 11.83984, 0.00000 }, { -5.84442, 11.83984, 0.00000 }, { -5.84448, 9.91129, 0.00000 }, { -5.84448, 9.91129, 0.00000 }, { -5.84448, 9.91129, 0.00000 }, { -4.60001, 9.91129, 0.00000 }, { -4.60001, 9.91129, 0.00000 }, { -4.60001, 9.91129, 0.00000 }, { -4.59186, 5.37467, 0.00000 }, { -4.59186, 5.37467, 0.00000 }, },
			},
			["shared/asphalt_01.gtex.lua;shared/border2.gtex.lua"] = {
				{ { 6.00000, 0.00000, 0.00000 }, { 6.00000, 0.00000, 0.00000 }, { 6.00000, 12.20000, 0.00000 }, { 6.00000, 12.20000, 0.00000 }, { 6.00000, 12.20000, 0.00000 }, { 11.39999, 12.20000, 0.00000 }, { 11.39999, 12.20000, 0.00000 }, { 11.39999, 12.20000, 0.00000 }, { 11.39999, 21.80000, 0.00000 }, { 11.39999, 21.80000, 0.00000 }, { 11.39999, 21.80000, 0.00000 }, { 5.89999, 21.80000, 0.00000 }, { 5.89999, 21.80000, 0.00000 }, { 5.89999, 21.80000, 0.00000 }, { 5.60001, 22.10000, 0.00000 }, { 5.60001, 22.10000, 0.00000 }, { 5.60001, 22.10000, 0.00000 }, { 5.60001, 27.60000, 0.00000 }, { 5.60001, 27.60000, 0.00000 }, { 5.60001, 27.60000, 0.00000 }, { -3.10001, 27.60000, 0.00000 }, { -3.10001, 27.60000, 0.00000 }, { -3.10001, 27.60000, 0.00000 }, { -3.10001, 22.15000, 0.00000 }, { -3.10001, 22.15000, 0.00000 }, { -3.10001, 22.15000, 0.00000 }, { -3.35001, 21.95000, 0.00000 }, { -3.35001, 21.95000, 0.00000 }, { -3.35001, 21.95000, 0.00000 }, { -11.54999, 21.95000, 0.00000 }, { -11.54999, 21.95000, 0.00000 }, { -11.54999, 21.95000, 0.00000 }, { -11.54999, 12.30000, 0.00000 }, { -11.54999, 12.30000, 0.00000 }, { -11.54999, 12.30000, 0.00000 }, { -7.50000, 12.30000, 0.00000 }, { -7.50000, 12.30000, 0.00000 }, { -7.50000, 12.30000, 0.00000 }, { -7.50000, 0.00000, 0.00000 }, { -7.50000, 0.00000, 0.00000 }, { -7.50000, 0.00000, 0.00000 }, { -4.00000, 0.00000, 0.00000 }, { -4.00000, 0.00000, 0.00000 }, { -4.00000, 0.00000, 0.00000 }, { -4.00000, 4.50000, 0.00000 }, { -4.00000, 4.50000, 0.00000 }, { -4.00000, 4.50000, 0.00000 }, { 2.50000, 4.50000, 0.00000 }, { 2.50000, 4.50000, 0.00000 }, { 2.50000, 4.50000, 0.00000 }, { 2.50000, 0.00000, 0.00000 }, { 2.50000, 0.00000, 0.00000 }, },
			},
			["shared/grass_cutted_01.gtex.lua"] = {
				{ { -7.50000, 4.50000, 0.00000 }, { -7.50000, 4.50000, 0.00000 }, { -7.50000, 12.30000, 0.00000 }, { -7.50000, 12.30000, 0.00000 }, { -7.50000, 12.30000, 0.00000 }, { -11.54999, 12.30000, 0.00000 }, { -11.54999, 12.30000, 0.00000 }, { -11.54999, 12.30001, 0.00000 }, { -11.54999, 29.59999, 0.00000 }, { -11.54999, 29.60000, 0.00000 }, { -11.54998, 29.60000, 0.00000 }, { 16.00000, 29.60000, 0.00000 }, { 16.00000, 29.60000, 0.00000 }, { 16.00000, 29.60000, 0.00000 }, { 16.00000, 32.00000, 0.00000 }, { 16.00000, 32.00000, 0.00000 }, { 16.00000, 32.00000, 0.00000 }, { -16.00000, 32.00000, 0.00000 }, { -16.00000, 32.00000, 0.00000 }, { -16.00000, 32.00000, 0.00000 }, { -16.00000, 4.50000, 0.00000 }, { -16.00000, 4.50000, 0.00000 }, },
				{ { 16.00000, 12.20000, 0.00000 }, { 16.00000, 12.20000, 0.00000 }, { 16.00000, 21.80000, 0.00000 }, { 16.00000, 21.80000, 0.00000 }, { 16.00000, 21.80000, 0.00000 }, { 11.39999, 21.80000, 0.00000 }, { 11.39999, 21.80000, 0.00000 }, { 11.39999, 21.80000, 0.00000 }, { 11.39999, 12.20000, 0.00000 }, { 11.39999, 12.20000, 0.00000 }, { 11.39999, 12.20000, 0.00000 }, { 6.00000, 12.20000, 0.00000 }, { 6.00000, 12.20000, 0.00000 }, { 6.00000, 12.20000, 0.00000 }, { 6.00000, 4.50000, 0.00000 }, { 6.00000, 4.50000, 0.00000 }, },
			},
			["shared/gravel_02.gtex.lua;shared/border2.gtex.lua"] = {
				{ { 16.00000, 21.80000, 0.00000 }, { 16.00000, 21.80000, 0.00000 }, { 16.00000, 29.60000, 0.00000 }, { 16.00000, 29.60000, 0.00000 }, { 16.00000, 29.60000, 0.00000 }, { -11.54999, 29.60000, 0.00000 }, { -11.54999, 29.60000, 0.00000 }, { -11.54999, 29.60000, 0.00000 }, { -11.54999, 21.95000, 0.00000 }, { -11.54999, 21.95000, 0.00000 }, { -11.54999, 21.95000, 0.00000 }, { -3.35001, 21.95000, 0.00000 }, { -3.35001, 21.95000, 0.00000 }, { -3.35001, 21.95000, 0.00000 }, { -3.10001, 22.15000, 0.00000 }, { -3.10001, 22.15000, 0.00000 }, { -3.10001, 22.15000, 0.00000 }, { -3.10001, 27.60000, 0.00000 }, { -3.10001, 27.60000, 0.00000 }, { -3.10000, 27.60000, 0.00000 }, { 5.60000, 27.60000, 0.00000 }, { 5.60001, 27.60000, 0.00000 }, { 5.60001, 27.60000, 0.00000 }, { 5.60001, 22.10000, 0.00000 }, { 5.60001, 22.10000, 0.00000 }, { 5.60001, 22.10000, 0.00000 }, { 5.89999, 21.80000, 0.00000 }, { 5.89999, 21.80000, 0.00000 }, { 5.89999, 21.80000, 0.00000 }, { 11.39999, 21.80000, 0.00000 }, { 11.39999, 21.80000, 0.00000 }, },
				{ { -7.50000, 0.00000, 0.00000 }, { -7.50000, 0.00000, 0.00000 }, { -7.50000, 4.50000, 0.00000 }, { -7.50000, 4.50000, 0.00000 }, { -7.50000, 4.50000, 0.00000 }, { -16.00000, 4.50000, 0.00000 }, { -16.00000, 4.50000, 0.00000 }, { -16.00000, 4.50000, 0.00000 }, { -16.00000, 0.00000, 0.00000 }, { -16.00000, 0.00000, 0.00000 }, },
				{ { 16.00000, 0.00000, 0.00000 }, { 16.00000, 0.00000, 0.00000 }, { 16.00000, 4.50000, 0.00000 }, { 16.00000, 4.50000, 0.00000 }, { 16.00000, 4.50000, 0.00000 }, { 6.00000, 4.50000, 0.00000 }, { 6.00000, 4.50000, 0.00000 }, { 6.00000, 4.50000, 0.00000 }, { 6.00000, 0.00000, 0.00000 }, { 6.00000, 0.00000, 0.00000 }, },
			},
		},
	},
	["layout_1"] = {
		models = {
			["asset/ground/garden_bench_wood_02.mdl"] = {
				{ 1.00000, 0.00000, 0.00000, 0.00000, 0.00000, 1.00000, 0.00000, 0.00000, 0.00000, 0.00000, 1.00000, 0.00000, 4.43000, 12.91500, 5.69000, 1.00000, align = { 0.00000, 4.00000 }, },
				{ 0.70711, 0.70711, 0.00000, 0.00000, -0.70711, 0.70711, 0.00000, 0.00000, 0.00000, 0.00000, 1.00000, 0.00000, -3.34500, 22.23500, 8.48400, 1.00000, align = { 0.00000, 4.00000 }, },
			},
			["asset/ground/garden_chair_plastic_01.mdl"] = {
				{ 1.00000, 0.00000, 0.00000, 0.00000, 0.00000, 1.00000, 0.00000, 0.00000, 0.00000, 0.00000, 1.00000, 0.00000, 4.98400, 23.38800, 8.48500, 1.00000, align = { 0.00000, 4.00000 }, },
				{ -0.83001, 0.55775, 0.00000, 0.00000, -0.55775, -0.83001, -0.00000, 0.00000, 0.00000, -0.00000, 1.00000, 0.00000, 5.01400, 21.94800, 8.48500, 1.00000, align = { 0.00000, 4.00000 }, },
				{ -0.83001, 0.55775, 0.00000, 0.00000, -0.55775, -0.83001, -0.00000, 0.00000, 0.00000, -0.00000, 1.00000, 0.00000, 2.69000, 11.21500, 11.27500, 1.00000, align = { 0.00000, 4.00000 }, },
			},
			["asset/ground/garden_chair_wood_01.mdl"] = {
				{ 0.97992, -0.19937, 0.00000, 0.00000, 0.19937, 0.97992, 0.00000, 0.00000, 0.00000, 0.00000, 1.00000, 0.00000, -4.91000, 11.78000, 5.65500, 1.00000, align = { 0.00000, 4.00000 }, },
				{ -0.99470, -0.10279, 0.00000, 0.00000, 0.10279, -0.99470, -0.00000, 0.00000, 0.00000, -0.00000, 1.00000, 0.00000, -4.82500, 10.36500, 5.65500, 1.00000, align = { 0.00000, 4.00000 }, },
			},
			["asset/ground/garden_table_round_metal_01.mdl"] = {
				{ 1.00000, 0.00000, 0.00000, 0.00000, 0.00000, 1.00000, 0.00000, 0.00000, 0.00000, 0.00000, 1.00000, 0.00000, -5.17000, 11.05000, 5.65500, 1.00000, align = { 0.00000, 4.00000 }, },
			},
			["asset/ground/garden_table_round_wood_01.mdl"] = {
				{ 1.00000, 0.00000, 0.00000, 0.00000, 0.00000, 1.00000, 0.00000, 0.00000, 0.00000, 0.00000, 1.00000, 0.00000, 5.06500, 22.62000, 8.48500, 1.00000, align = { 0.00000, 4.00000 }, },
			},
			["asset/vegetation/hedge_m.mdl"] = {
				{ -0.00000, 1.00000, 0.00000, 0.00000, -1.00000, -0.00000, 0.00000, 0.00000, 0.00000, -0.00000, 1.00000, 0.00000, 6.64998, 0.70000, -0.00000, 1.00000, },
				{ -0.00000, -1.00000, -0.00000, 0.00000, 1.00000, -0.00000, -0.00000, 0.00000, 0.00000, -0.00000, 1.00000, 0.00000, -14.90000, 0.70000, -0.00000, 1.00000, },
				{ 1.00000, -0.00000, -0.00000, 0.00000, 0.00000, 1.00000, 0.00000, 0.00000, 0.00000, -0.00000, 1.00000, 0.00000, -15.35001, 1.77001, -0.00000, 1.00000, },
				{ 1.00000, -0.00000, -0.00000, 0.00000, 0.00000, 1.00000, 0.00000, 0.00000, 0.00000, -0.00000, 1.00000, 0.00000, 15.41999, 1.77001, -0.00000, 1.00000, },
				{ -0.00000, 1.00000, 0.00000, 0.00000, -1.00000, -0.00000, 0.00000, 0.00000, 0.00000, -0.00000, 1.00000, 0.00000, -13.50002, 0.70000, -0.00000, 1.00000, },
				{ -1.00000, -0.00000, 0.00000, 0.00000, 0.00000, -1.00000, -0.00000, 0.00000, 0.00000, -0.00000, 1.00000, 0.00000, -15.35001, 3.16999, -0.00000, 1.00000, },
				{ 1.00000, -0.00000, -0.00000, 0.00000, 0.00000, 1.00000, 0.00000, 0.00000, 0.00000, -0.00000, 1.00000, 0.00000, 15.41999, 3.16999, -0.00000, 1.00000, },
				{ -0.00000, -1.00000, -0.00000, 0.00000, 1.00000, -0.00000, -0.00000, 0.00000, 0.00000, -0.00000, 1.00000, 0.00000, -12.10003, 0.70000, -0.00000, 1.00000, },
				{ 1.00000, -0.00000, -0.00000, 0.00000, 0.00000, 1.00000, 0.00000, 0.00000, 0.00000, -0.00000, 1.00000, 0.00000, -15.35001, 4.56998, -0.00000, 1.00000, },
				{ 1.00000, -0.00000, -0.00000, 0.00000, 0.00000, 1.00000, 0.00000, 0.00000, 0.00000, -0.00000, 1.00000, 0.00000, 15.41999, 4.56998, -0.00000, 1.00000, },
				{ -0.00000, -1.00000, -0.00000, 0.00000, 1.00000, -0.00000, -0.00000, 0.00000, 0.00000, -0.00000, 1.00000, 0.00000, -10.70000, 0.70000, -0.00000, 1.00000, },
				{ -0.00000, 1.00000, 0.00000, 0.00000, -1.00000, -0.00000, 0.00000, 0.00000, 0.00000, -0.00000, 1.00000, 0.00000, -9.30001, 0.70000, -0.00000, 1.00000, },
				{ -0.00000, 1.00000, 0.00000, 0.00000, -1.00000, -0.00000, 0.00000, 0.00000, 0.00000, -0.00000, 1.00000, 0.00000, -7.90001, 0.70000, -0.00000, 1.00000, },
				{ -0.00000, -1.00000, -0.00000, 0.00000, 1.00000, -0.00000, -0.00000, 0.00000, 0.00000, -0.00000, 1.00000, 0.00000, 8.04999, 0.70000, -0.00000, 1.00000, },
				{ -0.00000, 1.00000, 0.00000, 0.00000, -1.00000, -0.00000, 0.00000, 0.00000, 0.00000, -0.00000, 1.00000, 0.00000, 9.44998, 0.70000, -0.00000, 1.00000, },
				{ -0.00000, -1.00000, -0.00000, 0.00000, 1.00000, -0.00000, -0.00000, 0.00000, 0.00000, -0.00000, 1.00000, 0.00000, 10.85000, 0.70000, -0.00000, 1.00000, },
				{ -0.00000, -1.00000, -0.00000, 0.00000, 1.00000, -0.00000, -0.00000, 0.00000, 0.00000, -0.00000, 1.00000, 0.00000, 12.25000, 0.70000, -0.00000, 1.00000, },
				{ -0.00000, 1.00000, 0.00000, 0.00000, -1.00000, -0.00000, 0.00000, 0.00000, 0.00000, -0.00000, 1.00000, 0.00000, 13.64999, 0.70000, -0.00000, 1.00000, },
				{ -0.00000, 1.00000, 0.00000, 0.00000, -1.00000, -0.00000, 0.00000, 0.00000, 0.00000, -0.00000, 1.00000, 0.00000, 15.04999, 0.70000, -0.00000, 1.00000, },
			},
		},
		groups = {
			["garden_sunshade_small.grp"] = {
				{ 0.64279, 0.76604, 0.00000, 0.00000, -0.76604, 0.64279, 0.00000, 0.00000, 0.00000, 0.00000, 1.00000, 0.00000, 3.65000, 11.43000, 11.43500, 1.00000, align = { 0.00000, 4.00000 }, },
				{ 0.64279, 0.76604, 0.00000, 0.00000, -0.76604, 0.64279, 0.00000, 0.00000, 0.00000, 0.00000, 1.00000, 0.00000, 4.17000, 11.75000, 5.80000, 1.00000, align = { 0.00000, 4.00000 }, },
			},
			["random_large_tree_town.grp"] = {
				{ 0.98163, 0.19081, 0.00000, 0.00000, -0.19081, 0.98163, 0.00000, 0.00000, 0.00000, 0.00000, 1.00000, 0.00000, -14.05000, 25.40000, 0.00000, 1.00000, },
			},
			["random_medium_tree_town.grp"] = {
				{ 0.98541, -0.17021, 0.00000, 0.00000, 0.17021, 0.98541, 0.00000, 0.00000, 0.00000, 0.00000, 1.00000, 0.00000, -14.90000, 12.50000, 0.00000, 1.00000, },
				{ -0.00698, -0.99998, 0.00000, 0.00000, 0.99998, -0.00698, 0.00000, 0.00000, 0.00000, 0.00000, 1.00000, 0.00000, 9.20000, 8.30000, 0.00000, 1.00000, },
				{ 0.37388, -0.74662, 0.00000, 0.00000, 0.74662, 0.37388, 0.00000, 0.00000, 0.00000, 0.00000, 0.83500, 0.00000, 14.40000, 15.80000, 0.00000, 1.00000, },
				{ 0.84805, 0.52992, 0.00000, 0.00000, -0.52992, 0.84805, 0.00000, 0.00000, 0.00000, 0.00000, 1.00000, 0.00000, -14.30000, 18.90000, 0.00000, 1.00000, },
				{ 0.96126, -0.27564, 0.00000, 0.00000, 0.27564, 0.96126, 0.00000, 0.00000, 0.00000, 0.00000, 1.00000, 0.00000, -13.90000, 30.20000, 0.00000, 1.00000, },
			},
			["random_shrub_town.grp"] = {
				{ -0.88391, 0.46765, 0.00000, 0.00000, -0.46765, -0.88391, 0.00000, 0.00000, 0.00000, 0.00000, 1.00000, 0.00000, -11.35001, 30.70000, 0.00000, 1.00000, },
				{ 0.95087, -0.30959, 0.00000, 0.00000, 0.30959, 0.95087, 0.00000, 0.00000, 0.00000, 0.00000, 1.00000, 0.00000, -11.35001, 28.22000, 0.00000, 1.00000, },
				{ -0.57405, 0.81882, 0.00000, 0.00000, -0.81882, -0.57405, 0.00000, 0.00000, 0.00000, 0.00000, 1.00000, 0.00000, -11.35001, 26.01000, 0.00000, 1.00000, },
				{ 0.04829, 0.99883, 0.00000, 0.00000, -0.99883, 0.04829, 0.00000, 0.00000, 0.00000, 0.00000, 1.00000, 0.00000, -11.35001, 23.84000, 0.00000, 1.00000, },
				{ -0.46765, -0.88391, 0.00000, 0.00000, 0.88391, -0.46765, -0.00000, 0.00000, 0.00000, 0.00000, 1.00000, 0.00000, -9.85001, 30.70000, 0.00000, 1.00000, },
				{ 0.88391, -0.46765, 0.00000, 0.00000, 0.46765, 0.88391, -0.00000, 0.00000, -0.00000, 0.00000, 1.00000, 0.00000, -8.35001, 30.70000, 0.00000, 1.00000, },
				{ 0.46765, 0.88391, 0.00000, 0.00000, -0.88391, 0.46765, -0.00000, 0.00000, -0.00000, -0.00000, 1.00000, 0.00000, -6.85001, 30.70000, 0.00000, 1.00000, },
				{ -0.88391, 0.46765, 0.00000, 0.00000, -0.46765, -0.88391, -0.00000, 0.00000, 0.00000, -0.00000, 1.00000, 0.00000, -5.35001, 30.70000, 0.00000, 1.00000, },
				{ -0.46765, -0.88391, 0.00000, 0.00000, 0.88391, -0.46765, -0.00000, 0.00000, 0.00000, 0.00000, 1.00000, 0.00000, -3.85001, 30.70000, 0.00000, 1.00000, },
				{ 0.50931, -0.86058, 0.00000, 0.00000, 0.86058, 0.50931, -0.00000, 0.00000, 0.00000, 0.00000, 1.00000, 0.00000, -8.65001, 5.80000, 0.00000, 1.00000, },
				{ 0.50931, -0.86058, 0.00000, 0.00000, 0.86058, 0.50931, -0.00000, 0.00000, 0.00000, 0.00000, 1.00000, 0.00000, -8.85001, 8.60000, 0.00000, 1.00000, },
				{ 0.78450, 0.62013, 0.00000, 0.00000, -0.62013, 0.78450, -0.00000, 0.00000, -0.00000, -0.00000, 1.00000, 0.00000, -8.85001, 10.15000, 0.00000, 1.00000, },
				{ -0.61407, 0.78925, 0.00000, 0.00000, -0.78925, -0.61407, -0.00000, 0.00000, 0.00000, -0.00000, 1.00000, 0.00000, -8.85001, 11.40000, 0.00000, 1.00000, },
				{ -0.72075, 0.69319, 0.00000, 0.00000, -0.69319, -0.72075, -0.00000, 0.00000, 0.00000, -0.00000, 1.00000, 0.00000, -12.95003, 11.40000, 0.00000, 1.00000, },
				{ 0.97465, 0.22375, 0.00000, 0.00000, -0.22375, 0.97465, -0.00000, 0.00000, -0.00000, 0.00000, 1.00000, 0.00000, -14.75000, 11.40000, 0.00000, 1.00000, },
				{ -0.89167, -0.45268, 0.00000, 0.00000, 0.45268, -0.89167, -0.00000, 0.00000, 0.00000, -0.00000, 1.00000, 0.00000, -11.15001, 11.40000, 0.00000, 1.00000, },
				{ 0.50931, -0.86058, 0.00000, 0.00000, 0.86058, 0.50931, -0.00000, 0.00000, 0.00000, 0.00000, 1.00000, 0.00000, -9.85001, 7.00000, 0.00000, 1.00000, },
				{ -0.28933, 0.95723, 0.00000, 0.00000, -0.95723, -0.28933, -0.00000, 0.00000, -0.00000, -0.00000, 1.00000, 0.00000, 6.75000, 5.60000, 0.00000, 1.00000, },
				{ 0.92527, -0.37931, 0.00000, 0.00000, 0.37931, 0.92527, -0.00000, 0.00000, -0.00000, 0.00000, 1.00000, 0.00000, 8.42999, 5.60000, 0.00000, 1.00000, },
				{ -0.13979, 0.99018, 0.00000, 0.00000, -0.99018, -0.13979, -0.00000, 0.00000, -0.00000, -0.00000, 1.00000, 0.00000, 10.37000, 5.60000, 0.00000, 1.00000, },
				{ -0.55947, -0.82885, 0.00000, 0.00000, 0.82885, -0.55947, -0.00000, 0.00000, 0.00000, 0.00000, 1.00000, 0.00000, 12.34999, 5.60000, 0.00000, 1.00000, },
				{ 0.91640, 0.40027, 0.00000, 0.00000, -0.40027, 0.91640, -0.00000, 0.00000, -0.00000, 0.00000, 1.00000, 0.00000, 13.68997, 5.60000, 0.00000, 1.00000, },
				{ 0.15580, -0.98779, 0.00000, 0.00000, 0.98779, 0.15580, -0.00000, 0.00000, 0.00000, 0.00000, 1.00000, 0.00000, 14.90997, 5.60000, 0.00000, 1.00000, },
				{ 0.77071, -0.63718, 0.00000, 0.00000, 0.63718, 0.77071, -0.00000, 0.00000, -0.00000, 0.00000, 1.00000, 0.00000, 6.75000, 7.60000, 0.00000, 1.00000, },
				{ 0.50931, -0.86058, 0.00000, 0.00000, 0.86058, 0.50931, -0.00000, 0.00000, 0.00000, 0.00000, 1.00000, 0.00000, 6.75000, 9.30000, 0.00000, 1.00000, },
				{ -0.98565, -0.16880, 0.00000, 0.00000, 0.16880, -0.98565, -0.00000, 0.00000, 0.00000, -0.00000, 1.00000, 0.00000, 7.04997, 11.05000, 0.00000, 1.00000, },
				{ 0.50931, -0.86058, 0.00000, 0.00000, 0.86058, 0.50931, -0.00000, 0.00000, 0.00000, 0.00000, 1.00000, 0.00000, -10.55000, 5.60000, 0.00000, 1.00000, },
				{ 0.50931, -0.86058, 0.00000, 0.00000, 0.86058, 0.50931, -0.00000, 0.00000, 0.00000, 0.00000, 1.00000, 0.00000, -12.35001, 5.60000, 0.00000, 1.00000, },
				{ 0.75336, 0.65761, 0.00000, 0.00000, -0.65761, 0.75336, -0.00000, 0.00000, -0.00000, -0.00000, 1.00000, 0.00000, -13.65001, 5.60000, 0.00000, 1.00000, },
				{ -0.13368, -0.99103, 0.00000, 0.00000, 0.99103, -0.13368, -0.00000, 0.00000, 0.00000, 0.00000, 1.00000, 0.00000, -14.35001, 6.60000, 0.00000, 1.00000, },
				{ -0.13368, -0.99103, 0.00000, 0.00000, 0.99103, -0.13368, -0.00000, 0.00000, 0.00000, 0.00000, 1.00000, 0.00000, -1.95003, 2.50000, 0.00000, 1.00000, },
				{ 0.77143, 0.63632, 0.00000, 0.00000, -0.63632, 0.77143, -0.00000, 0.00000, -0.00000, -0.00000, 1.00000, 0.00000, -0.05000, 1.50000, 0.00000, 1.00000, },
				{ 0.77143, 0.63632, 0.00000, 0.00000, -0.63632, 0.77143, -0.00000, 0.00000, -0.00000, -0.00000, 1.00000, 0.00000, -0.05000, 2.80000, 0.00000, 1.00000, },
				{ 0.88391, -0.46765, 0.00000, 0.00000, 0.46765, 0.88391, -0.00000, 0.00000, -0.00000, 0.00000, 1.00000, 0.00000, -2.35001, 30.70000, 0.00000, 1.00000, },
				{ 0.46765, 0.88391, 0.00000, 0.00000, -0.88391, 0.46765, -0.00000, 0.00000, -0.00000, -0.00000, 1.00000, 0.00000, -0.85001, 30.70000, 0.00000, 1.00000, },
				{ -0.88391, 0.46765, 0.00000, 0.00000, -0.46765, -0.88391, -0.00000, 0.00000, 0.00000, -0.00000, 1.00000, 0.00000, 0.64999, 30.70000, 0.00000, 1.00000, },
				{ -0.46765, -0.88391, 0.00000, 0.00000, 0.88391, -0.46765, -0.00000, 0.00000, 0.00000, 0.00000, 1.00000, 0.00000, 2.14999, 30.70000, 0.00000, 1.00000, },
				{ 0.88391, -0.46765, 0.00000, 0.00000, 0.46765, 0.88391, -0.00000, 0.00000, -0.00000, 0.00000, 1.00000, 0.00000, 3.64999, 30.70000, 0.00000, 1.00000, },
				{ 0.46765, 0.88391, 0.00000, 0.00000, -0.88391, 0.46765, -0.00000, 0.00000, -0.00000, -0.00000, 1.00000, 0.00000, 5.14999, 30.70000, 0.00000, 1.00000, },
				{ -0.88391, 0.46765, 0.00000, 0.00000, -0.46765, -0.88391, -0.00000, 0.00000, 0.00000, -0.00000, 1.00000, 0.00000, 6.64999, 30.70000, 0.00000, 1.00000, },
				{ -0.46765, -0.88391, 0.00000, 0.00000, 0.88391, -0.46765, -0.00000, 0.00000, 0.00000, 0.00000, 1.00000, 0.00000, 8.14999, 30.70000, 0.00000, 1.00000, },
				{ 0.88391, -0.46766, 0.00000, 0.00000, 0.46766, 0.88391, -0.00000, 0.00000, -0.00000, 0.00000, 1.00000, 0.00000, 9.64999, 30.70000, 0.00000, 1.00000, },
				{ 0.46766, 0.88391, 0.00000, 0.00000, -0.88391, 0.46766, -0.00000, 0.00000, -0.00000, -0.00000, 1.00000, 0.00000, 11.14999, 30.70000, 0.00000, 1.00000, },
				{ -0.88391, 0.46766, 0.00000, 0.00000, -0.46766, -0.88391, -0.00000, 0.00000, 0.00000, -0.00000, 1.00000, 0.00000, 12.65001, 30.70000, 0.00000, 1.00000, },
				{ -0.46766, -0.88391, 0.00000, 0.00000, 0.88391, -0.46766, -0.00000, 0.00000, 0.00000, 0.00000, 1.00000, 0.00000, 14.15001, 30.70000, 0.00000, 1.00000, },
				{ 0.88391, -0.46766, 0.00000, 0.00000, 0.46766, 0.88391, -0.00000, 0.00000, -0.00000, 0.00000, 1.00000, 0.00000, 15.15001, 30.70000, 0.00000, 1.00000, },
				{ 0.99980, -0.01978, 0.00000, 0.00000, 0.01978, 0.99980, -0.00000, 0.00000, -0.00000, 0.00000, 1.00000, 0.00000, 15.15001, 28.52000, 0.00000, 1.00000, },
				{ 0.59255, 0.80554, 0.00000, 0.00000, -0.80554, 0.59255, -0.00000, 0.00000, -0.00000, -0.00000, 1.00000, 0.00000, 15.15001, 26.36000, 0.00000, 1.00000, },
				{ -0.71059, 0.70360, 0.00000, 0.00000, -0.70360, -0.71059, -0.00000, 0.00000, 0.00000, -0.00000, 1.00000, 0.00000, 15.15001, 24.70000, 0.00000, 1.00000, },
				{ 0.93685, -0.34974, 0.00000, 0.00000, 0.34974, 0.93685, -0.00000, 0.00000, -0.00000, 0.00000, 1.00000, 0.00000, 15.15001, 23.20000, 0.00000, 1.00000, },
				{ -0.32693, -0.94505, 0.00000, 0.00000, 0.94505, -0.32693, -0.00000, 0.00000, 0.00000, 0.00000, 1.00000, 0.00000, 15.15001, 20.80000, 0.00000, 1.00000, },
				{ 0.51627, 0.85643, 0.00000, 0.00000, -0.85643, 0.51627, -0.00000, 0.00000, -0.00000, -0.00000, 1.00000, 0.00000, 13.75003, 20.80000, 0.00000, 1.00000, },
				{ 0.52870, -0.84881, 0.00000, 0.00000, 0.84881, 0.52870, -0.00000, 0.00000, -0.00000, 0.00000, 1.00000, 0.00000, 11.95001, 20.80000, 0.00000, 1.00000, },
			},
		},
	},
}
--End Generated

function data()
	return townbuildingutil.make_building2(
		{ { -4.60, -0.10 }, { 4.60, -0.10 }, { 4.60, 9.10 }, { -4.60, 9.10 } },
		"RESIDENTIAL", 
		"C", 
		2,
		{ 4, 4 },
		generatedData,
		"construction/building/era_c/res_2_4x4_02.gtex"
	)
end
