local townbuildingutil = require "townbuildingutil"

--Model file: "building/era_c/res_1_2x3_02.mdl"

--Begin Generated
local generatedData = {
	["base"] = {
		models = {
			["building/era_c/res_1_2x3_02.mdl"] = {
				{ 1.15000, 0.00000, 0.00000, 0.00000, 0.00000, 1.15000, 0.00000, 0.00000, 0.00000, 0.00000, 1.15000, 0.00000, 1.70000, -2.00000, 0.00000, 1.00000, },
			},
		},
		curves = {
			["scaffold"] = {
				{ { 5.73728, 4.94433, 0.00000 }, { 5.73728, 4.94433, 0.00000 }, { 8.13969, 17.81878, 0.00000 }, { 8.13969, 17.81878, 0.00000 }, { 8.13969, 17.81878, 0.00000 }, { 3.91100, 22.42059, 0.00000 }, { 3.91100, 22.42059, 0.00000 }, { 3.91100, 22.42059, 0.00000 }, { -3.66213, 18.44773, 0.00000 }, { -3.66213, 18.44773, 0.00000 }, { -3.66213, 18.44773, 0.00000 }, { 0.03747, 4.94431, 0.00000 }, { 0.03747, 4.94431, 0.00000 }, },
			},
			["shared/asphalt_01.gtex.lua;shared/border2.gtex.lua"] = {
				{ { 6.69498, -0.00000, 0.00000 }, { 6.69498, 0.00000, 0.00000 }, { 6.69498, 3.86500, 0.00000 }, { 6.69498, 3.86500, 0.00000 }, { 6.69498, 3.86500, 0.00000 }, { 9.34000, 18.14800, 0.00000 }, { 9.34000, 18.14800, 0.00000 }, { 9.34000, 18.14800, 0.00000 }, { 4.18799, 23.76000, 0.00000 }, { 4.18799, 23.76000, 0.00000 }, { 4.18799, 23.76000, 0.00000 }, { -2.27499, 20.31000, 0.00000 }, { -2.27499, 20.31000, 0.00000 }, { -2.27499, 20.31000, 0.00000 }, { -1.46997, 18.86100, 0.00000 }, { -1.46997, 18.86100, 0.00000 }, { -1.46997, 18.86100, 0.00000 }, { -2.62000, 18.24000, 0.00000 }, { -2.62000, 18.24000, 0.00000 }, { -2.62000, 18.24000, 0.00000 }, { -2.34399, 17.37750, 0.00000 }, { -2.34399, 17.37750, 0.00000 }, { -2.34399, 17.37750, 0.00000 }, { -4.24149, 16.89450, 0.00000 }, { -4.24149, 16.89450, 0.00000 }, { -4.24149, 16.89450, 0.00000 }, { -0.71103, 3.86500, 0.00000 }, { -0.71103, 3.86500, 0.00000 }, { -0.71103, 3.86500, 0.00000 }, { -0.71103, 0.00000, 0.00000 }, { -0.71103, -0.00000, 0.00000 }, },
			},
			["shared/grass_cutted_01.gtex.lua"] = {
				{ { -0.71103, 0.00000, 0.00000 }, { -0.71103, 0.00000, 0.00000 }, { -0.71103, 3.86500, 0.00000 }, { -0.71103, 3.86500, 0.00000 }, { -0.71103, 3.86500, 0.00000 }, { -9.72501, 3.86500, 0.00000 }, { -9.72501, 3.86500, 0.00000 }, { -9.72501, 3.86500, 0.00000 }, { -9.72501, 22.67499, 0.00000 }, { -9.72501, 22.67500, 0.00000 }, { -9.72501, 22.67500, 0.00000 }, { -16.00000, 22.67500, 0.00000 }, { -16.00000, 22.67500, 0.00000 }, { -16.00000, 22.67499, 0.00000 }, { -16.00000, 0.00000, 0.00000 }, { -16.00000, 0.00000, 0.00000 }, },
				{ { 16.00000, 0.00000, 0.00000 }, { 16.00000, 0.00001, 0.00000 }, { 16.00000, 31.99999, 0.00000 }, { 16.00000, 32.00000, 0.00000 }, { 16.00000, 32.00000, 0.00000 }, { 2.35999, 32.00000, 0.00000 }, { 2.35999, 32.00000, 0.00000 }, { 2.35999, 32.00000, 0.00000 }, { 2.35999, 25.81000, 0.00000 }, { 2.35999, 25.81000, 0.00000 }, { 2.35999, 25.81000, 0.00000 }, { 9.34000, 18.14800, 0.00000 }, { 9.34000, 18.14800, 0.00000 }, { 9.34000, 18.14800, 0.00000 }, { 6.69498, 3.86500, 0.00000 }, { 6.69498, 3.86500, 0.00000 }, { 6.69498, 3.86500, 0.00000 }, { 6.69498, 0.00000, 0.00000 }, { 6.69498, 0.00000, 0.00000 }, },
			},
			["shared/gravel_02.gtex.lua;shared/border2.gtex.lua"] = {
				{ { -0.71103, 3.86500, 0.00000 }, { -0.71103, 3.86500, 0.00000 }, { -4.24149, 16.89450, 0.00000 }, { -4.24149, 16.89450, 0.00000 }, { -4.24149, 16.89450, 0.00000 }, { -2.34399, 17.37750, 0.00000 }, { -2.34399, 17.37750, 0.00000 }, { -2.34399, 17.37750, 0.00000 }, { -2.62000, 18.24000, 0.00000 }, { -2.62000, 18.24000, 0.00000 }, { -2.61999, 18.24000, 0.00000 }, { -1.46997, 18.86100, 0.00000 }, { -1.46997, 18.86100, 0.00000 }, { -1.46997, 18.86100, 0.00000 }, { -2.27499, 20.31000, 0.00000 }, { -2.27499, 20.31000, 0.00000 }, { -2.27499, 20.31000, 0.00000 }, { 4.18799, 23.76000, 0.00000 }, { 4.18799, 23.76000, 0.00000 }, { 4.18799, 23.76000, 0.00000 }, { 2.35999, 25.81000, 0.00000 }, { 2.35999, 25.81000, 0.00000 }, { 2.35999, 25.81000, 0.00000 }, { -3.50000, 22.67500, 0.00000 }, { -3.50000, 22.67500, 0.00000 }, { -3.50000, 22.67500, 0.00000 }, { -9.72501, 22.67500, 0.00000 }, { -9.72501, 22.67500, 0.00000 }, { -9.72501, 22.67500, 0.00000 }, { -9.72501, 4.10000, 0.00000 }, { -9.72501, 4.10000, 0.00000 }, },
			},
		},
	},
	["layout_1"] = {
		models = {
			["asset/ground/garden_chair_plastic_01.mdl"] = {
				{ 0.36650, -0.93042, 0.00000, 0.00000, 0.93042, 0.36650, 0.00000, 0.00000, 0.00000, 0.00000, 1.00000, 0.00000, -2.16000, 18.02000, 3.04000, 1.00000, },
			},
			["asset/ground/garden_chair_wood_01.mdl"] = {
				{ 1.14630, 0.09223, 0.00000, 0.00000, -0.09223, 1.14630, 0.00000, 0.00000, 0.00000, 0.00000, 1.15000, 0.00000, -5.48693, 8.67252, 0.00000, 1.00000, },
				{ 1.14999, -0.00401, 0.00000, 0.00000, 0.00401, 1.14999, 0.00000, 0.00000, 0.00000, 0.00000, 1.15000, 0.00000, -4.72692, 8.66987, 0.00000, 1.00000, },
				{ 1.14451, -0.11222, 0.00000, 0.00000, 0.11222, 1.14451, 0.00000, 0.00000, 0.00000, 0.00000, 1.15000, 0.00000, -4.02690, 8.67743, 0.00000, 1.00000, },
				{ -1.14370, 0.12021, -0.00000, 0.00000, -0.12021, -1.14370, 0.00000, 0.00000, -0.00000, 0.00000, 1.15000, 0.00000, -5.49310, 6.90253, 0.00000, 1.00000, },
				{ -1.14999, 0.00401, -0.00000, 0.00000, -0.00401, -1.14999, 0.00000, 0.00000, -0.00000, 0.00000, 1.15000, 0.00000, -4.73310, 6.89989, 0.00000, 1.00000, },
				{ -1.14798, -0.06820, -0.00000, 0.00000, 0.06820, -1.14798, 0.00000, 0.00000, -0.00000, 0.00000, 1.15000, 0.00000, -3.90311, 6.89699, 0.00000, 1.00000, },
			},
			["asset/ground/garden_sun_pavillion_01.mdl"] = {
				{ 1.39999, -0.00489, 0.00000, 0.00000, 0.00489, 1.39999, 0.00000, 0.00000, 0.00000, 0.00000, 1.40000, 0.00000, -4.73997, 7.80004, 0.00000, 1.00000, },
			},
			["asset/ground/garden_table_metal_01.mdl"] = {
				{ 1.14999, -0.00401, 0.00000, 0.00000, 0.00401, 1.14999, 0.00000, 0.00000, 0.00000, 0.00000, 1.15000, 0.00000, -4.72000, 7.78971, 0.00000, 1.00000, },
			},
			["asset/vegetation/hedge_m.mdl"] = {
				{ -0.00000, 1.00000, 0.00000, 0.00000, -1.00000, -0.00000, -0.00000, 0.00000, -0.00000, -0.00000, 1.00000, 0.00000, -15.18381, 0.60000, 0.00000, 1.00000, },
				{ -0.00000, 1.00000, 0.00000, 0.00000, -1.00000, -0.00000, -0.00000, 0.00000, -0.00000, -0.00000, 1.00000, 0.00000, 7.46619, 0.60000, 0.00000, 1.00000, },
				{ 1.00000, 0.00000, 0.00000, 0.00000, 0.00000, 1.00000, -0.00000, 0.00000, 0.00000, 0.00000, 1.00000, 0.00000, 7.08619, 1.32000, 0.00000, 1.00000, },
				{ 1.00000, 0.00000, 0.00000, 0.00000, 0.00000, 1.00000, -0.00000, 0.00000, 0.00000, 0.00000, 1.00000, 0.00000, 7.08619, 2.94000, 0.00000, 1.00000, },
				{ 0.80902, 0.58779, 0.00000, 0.00000, -0.58779, 0.80902, -0.00000, 0.00000, -0.00000, 0.00000, 1.00000, 0.00000, 6.46619, 4.18000, 0.00000, 1.00000, },
				{ -0.00000, -1.00000, 0.00000, 0.00000, 1.00000, -0.00000, -0.00000, 0.00000, 0.00000, -0.00000, 1.00000, 0.00000, -14.18382, 0.60000, 0.00000, 1.00000, },
				{ -0.00000, -1.00000, 0.00000, 0.00000, 1.00000, -0.00000, -0.00000, 0.00000, 0.00000, -0.00000, 1.00000, 0.00000, 8.46618, 0.60000, 0.00000, 1.00000, },
				{ -0.00000, -1.00000, 0.00000, 0.00000, 1.00000, -0.00000, -0.00000, 0.00000, 0.00000, -0.00000, 1.00000, 0.00000, -12.78380, 0.60000, 0.00000, 1.00000, },
				{ -0.00000, -1.00000, 0.00000, 0.00000, 1.00000, -0.00000, -0.00000, 0.00000, 0.00000, -0.00000, 1.00000, 0.00000, 9.86621, 0.60000, 0.00000, 1.00000, },
				{ -0.00000, 1.00000, 0.00000, 0.00000, -1.00000, -0.00000, -0.00000, 0.00000, -0.00000, -0.00000, 1.00000, 0.00000, -11.38380, 0.60000, 0.00000, 1.00000, },
				{ -0.00000, 1.00000, 0.00000, 0.00000, -1.00000, -0.00000, -0.00000, 0.00000, -0.00000, -0.00000, 1.00000, 0.00000, 11.26620, 0.60000, 0.00000, 1.00000, },
				{ -0.00000, 1.00000, 0.00000, 0.00000, -1.00000, -0.00000, -0.00000, 0.00000, -0.00000, -0.00000, 1.00000, 0.00000, -9.98381, 0.60000, 0.00000, 1.00000, },
				{ -0.00000, 1.00000, 0.00000, 0.00000, -1.00000, -0.00000, -0.00000, 0.00000, -0.00000, -0.00000, 1.00000, 0.00000, 12.66619, 0.60000, 0.00000, 1.00000, },
				{ -0.00000, -1.00000, 0.00000, 0.00000, 1.00000, -0.00000, -0.00000, 0.00000, 0.00000, -0.00000, 1.00000, 0.00000, -8.58381, 0.60000, 0.00000, 1.00000, },
				{ -0.00000, -1.00000, 0.00000, 0.00000, 1.00000, -0.00000, -0.00000, 0.00000, 0.00000, -0.00000, 1.00000, 0.00000, 14.06619, 0.60000, 0.00000, 1.00000, },
				{ -0.00000, 1.00000, 0.00000, 0.00000, -1.00000, -0.00000, -0.00000, 0.00000, -0.00000, -0.00000, 1.00000, 0.00000, -7.18381, 0.60000, 0.00000, 1.00000, },
				{ -0.00000, 1.00000, 0.00000, 0.00000, -1.00000, -0.00000, -0.00000, 0.00000, -0.00000, -0.00000, 1.00000, 0.00000, 15.18619, 0.60000, 0.00000, 1.00000, },
				{ -0.00000, -1.00000, 0.00000, 0.00000, 1.00000, -0.00000, -0.00000, 0.00000, 0.00000, -0.00000, 1.00000, 0.00000, -5.78379, 0.60000, 0.00000, 1.00000, },
				{ -0.00000, -1.00000, 0.00000, 0.00000, 1.00000, -0.00000, -0.00000, 0.00000, 0.00000, -0.00000, 1.00000, 0.00000, -4.38380, 0.60000, 0.00000, 1.00000, },
				{ -0.00000, 1.00000, 0.00000, 0.00000, -1.00000, -0.00000, -0.00000, 0.00000, -0.00000, -0.00000, 1.00000, 0.00000, -2.98380, 0.60000, 0.00000, 1.00000, },
				{ -0.00000, 1.00000, 0.00000, 0.00000, -1.00000, -0.00000, -0.00000, 0.00000, -0.00000, -0.00000, 1.00000, 0.00000, -1.58381, 0.60000, 0.00000, 1.00000, },
				{ -1.00000, -0.00000, 0.00000, 0.00000, 0.00000, -1.00000, -0.00000, 0.00000, 0.00000, -0.00000, 1.00000, 0.00000, -1.13381, 1.15000, 0.00000, 1.00000, },
				{ 1.00000, 0.00000, 0.00000, 0.00000, 0.00000, 1.00000, -0.00000, 0.00000, 0.00000, 0.00000, 1.00000, 0.00000, -1.13381, 2.70000, 0.00000, 1.00000, },
				{ 0.85896, -0.51204, 0.00000, 0.00000, 0.51204, 0.85896, -0.00000, 0.00000, 0.00000, 0.00000, 1.00000, 0.00000, -0.56381, 4.09000, 0.00000, 1.00000, },
			},
			["station/air/asset/ladder_low_a.mdl"] = {
				{ -0.55194, -0.83389, -0.00000, 0.00000, 0.83389, -0.55194, 0.00000, 0.00000, -0.00000, 0.00000, 1.00000, 0.00000, -6.56000, 19.90000, 0.00000, 1.00000, },
			},
		},
		groups = {
			["random_large_tree_town.grp"] = {
				{ 1.00000, 0.00000, 0.00000, 0.00000, 0.00000, 1.00000, 0.00000, 0.00000, 0.00000, 0.00000, 1.00000, 0.00000, -11.30000, 28.10000, 0.00000, 1.00000, },
				{ -0.06897, -0.85723, 0.00000, 0.00000, 0.85723, -0.06897, 0.00000, 0.00000, 0.00000, 0.00000, 0.86000, 0.00000, 0.30000, 27.80000, 0.00000, 1.00000, },
				{ -0.33874, 0.94088, 0.00000, 0.00000, -0.94088, -0.33874, 0.00000, 0.00000, 0.00000, 0.00000, 1.00000, 0.00000, -3.90000, 29.80000, 0.00000, 1.00000, },
			},
			["random_medium_tree_town.grp"] = {
				{ 1.00000, 0.00000, 0.00000, 0.00000, 0.00000, 1.00000, 0.00000, 0.00000, 0.00000, 0.00000, 1.00000, 0.00000, 13.00000, 28.30000, 0.00000, 1.00000, },
				{ -0.89879, -0.43837, 0.00000, 0.00000, 0.43837, -0.89879, 0.00000, 0.00000, 0.00000, 0.00000, 1.00000, 0.00000, 4.50000, 28.80000, 0.00000, 1.00000, },
				{ -0.18304, -0.98311, 0.00000, 0.00000, 0.98311, -0.18304, 0.00000, 0.00000, 0.00000, 0.00000, 1.00000, 0.00000, -13.40000, 20.90000, 0.00000, 1.00000, },
				{ -0.18304, -0.98311, 0.00000, 0.00000, 0.98311, -0.18304, 0.00000, 0.00000, 0.00000, 0.00000, 1.00000, 0.00000, 13.60000, 20.90000, 0.00000, 1.00000, },
				{ -0.61885, 0.78551, 0.00000, 0.00000, -0.78551, -0.61885, 0.00000, 0.00000, 0.00000, 0.00000, 1.00000, 0.00000, -13.20000, 11.00000, 0.00000, 1.00000, },
				{ -0.61885, 0.78551, 0.00000, 0.00000, -0.78551, -0.61885, 0.00000, 0.00000, 0.00000, 0.00000, 1.00000, 0.00000, 13.80000, 11.00000, 0.00000, 1.00000, },
			},
			["random_shrub_town.grp"] = {
				{ 0.03844, -0.99926, 0.00000, 0.00000, 0.99926, 0.03844, 0.00000, 0.00000, -0.00000, 0.00000, 1.00000, 0.00000, -8.99393, 4.95000, 0.00000, 1.00000, },
				{ 0.99926, 0.03844, 0.00000, 0.00000, -0.03844, 0.99926, 0.00000, 0.00000, -0.00000, -0.00000, 1.00000, 0.00000, -8.99393, 6.85000, 0.00000, 1.00000, },
				{ -0.03844, 0.99926, 0.00000, 0.00000, -0.99926, -0.03844, 0.00000, 0.00000, 0.00000, -0.00000, 1.00000, 0.00000, -8.99393, 8.75000, 0.00000, 1.00000, },
				{ -0.99926, -0.03844, 0.00000, 0.00000, 0.03844, -0.99926, 0.00000, 0.00000, 0.00000, 0.00000, 1.00000, 0.00000, -8.99393, 10.65000, 0.00000, 1.00000, },
				{ 0.03844, -0.99926, 0.00000, 0.00000, 0.99926, 0.03844, 0.00000, 0.00000, -0.00000, 0.00000, 1.00000, 0.00000, -8.99393, 12.55000, 0.00000, 1.00000, },
				{ 0.99926, 0.03844, 0.00000, 0.00000, -0.03844, 0.99926, 0.00000, 0.00000, -0.00000, -0.00000, 1.00000, 0.00000, -8.99393, 14.45000, 0.00000, 1.00000, },
				{ -0.03844, 0.99926, 0.00000, 0.00000, -0.99926, -0.03844, 0.00000, 0.00000, 0.00000, -0.00000, 1.00000, 0.00000, -8.99393, 16.35000, 0.00000, 1.00000, },
				{ -0.99926, -0.03844, 0.00000, 0.00000, 0.03844, -0.99926, 0.00000, 0.00000, 0.00000, 0.00000, 1.00000, 0.00000, -8.99393, 18.25000, 0.00000, 1.00000, },
				{ 0.03844, -0.99926, 0.00000, 0.00000, 0.99926, 0.03844, 0.00000, 0.00000, -0.00000, 0.00000, 1.00000, 0.00000, -8.99393, 20.15000, 0.00000, 1.00000, },
				{ 0.99926, 0.03844, 0.00000, 0.00000, -0.03844, 0.99926, 0.00000, 0.00000, -0.00000, -0.00000, 1.00000, 0.00000, -8.99393, 22.05000, 0.00000, 1.00000, },
			},
		},
	},
}
--End Generated

function data()
	return townbuildingutil.make_building2(
		{ { -4.60, -0.10 }, { 4.60, -0.10 }, { 4.60, 9.10 }, { -4.60, 9.10 } },
		"RESIDENTIAL", 
		"C", 
		1,
		{ 4, 4 },
		generatedData,
		"construction/building/era_c/res_1_4x4_02.gtex"
	)
end
