local townbuildingutil = require "townbuildingutil"

--Model file: "building/era_c/res_2_1x2_03.mdl"

--Begin Generated
local generatedData = {
	["base"] = {
		models = {
			["building/era_c/res_2_1x2_03.mdl"] = {
				{ 1.00000, 0.00000, 0.00000, 0.00000, 0.00000, 1.00000, 0.00000, 0.00000, 0.00000, 0.00000, 1.00000, 0.00000, 0.00000, 0.00000, 0.00000, 1.00000, },
			},
		},
		curves = {
			["scaffold"] = {
				{ { 1.32248, 1.02891, 0.00000 }, { 1.32248, 1.02891, 0.00000 }, { 2.89419, 2.34301, 0.00000 }, { 2.89419, 2.34301, 0.00000 }, { 2.89419, 2.34301, 0.00000 }, { 3.25050, 4.35662, 0.00000 }, { 3.25050, 4.35662, 0.00000 }, { 3.25050, 4.35662, 0.00000 }, { 3.24664, 14.72230, 0.00000 }, { 3.24664, 14.72230, 0.00000 }, { 3.24664, 14.72230, 0.00000 }, { -3.36481, 14.72230, 0.00000 }, { -3.36481, 14.72230, 0.00000 }, { -3.36481, 14.72230, 0.00000 }, { -2.65712, 4.35662, 0.00000 }, { -2.65712, 4.35662, 0.00000 }, { -2.65712, 4.35662, 0.00000 }, { -2.30078, 2.34301, 0.00000 }, { -2.30078, 2.34301, 0.00000 }, { -2.30078, 2.34301, 0.00000 }, { -0.72906, 1.02892, 0.00000 }, { -0.72906, 1.02892, 0.00000 }, },
			},
			["shared/asphalt_01.gtex.lua;shared/border2.gtex.lua"] = {
				{ { 3.75000, 0.00000, 0.00000 }, { 3.75000, 0.00000, 0.00000 }, { 3.75000, 0.10000, 0.00000 }, { 3.75000, 0.10000, 0.00000 }, { 3.75000, 0.10000, 0.00000 }, { 3.75000, 1.85000, 0.00000 }, { 3.75000, 1.85000, 0.00000 }, { 3.75000, 1.85000, 0.00000 }, { 4.15000, 4.25000, 0.00000 }, { 4.15000, 4.25000, 0.00000 }, { 4.15000, 4.25000, 0.00000 }, { 4.15000, 16.00000, 0.00000 }, { 4.15000, 16.00000, 0.00000 }, { 4.15000, 16.00000, 0.00000 }, { -4.30000, 16.00000, 0.00000 }, { -4.30000, 16.00000, 0.00000 }, { -4.30000, 16.00000, 0.00000 }, { -3.58000, 4.22000, 0.00000 }, { -3.58000, 4.22000, 0.00000 }, { -3.58000, 4.22000, 0.00000 }, { -3.16000, 1.84000, 0.00000 }, { -3.16000, 1.84000, 0.00000 }, { -3.16000, 1.84000, 0.00000 }, { -3.16000, 0.10000, 0.00000 }, { -3.16000, 0.10000, 0.00000 }, { -3.16000, 0.10000, 0.00000 }, { -3.16000, 0.00000, 0.00000 }, { -3.16000, 0.00000, 0.00000 }, },
			},
			["shared/grass_cutted_01.gtex.lua"] = {
				{ { -3.16000, 0.00000, 0.00000 }, { -3.16000, 0.00000, 0.00000 }, { -3.16000, 1.84000, 0.00000 }, { -3.16000, 1.84000, 0.00000 }, { -3.16000, 1.84000, 0.00000 }, { -3.58000, 4.22000, 0.00000 }, { -3.58000, 4.22000, 0.00000 }, { -3.58000, 4.22000, 0.00000 }, { -4.30000, 16.00000, 0.00000 }, { -4.30000, 16.00000, 0.00000 }, { -4.30000, 16.00000, 0.00000 }, { -8.00000, 16.00000, 0.00000 }, { -8.00000, 16.00000, 0.00000 }, { -8.00000, 16.00000, 0.00000 }, { -8.00000, 0.00000, 0.00000 }, { -8.00000, 0.00000, 0.00000 }, },
				{ { 8.00000, 0.00000, 0.00000 }, { 8.00000, 0.00000, 0.00000 }, { 8.00000, 16.00000, 0.00000 }, { 8.00000, 16.00000, 0.00000 }, { 8.00000, 16.00000, 0.00000 }, { 4.15000, 16.00000, 0.00000 }, { 4.15000, 16.00000, 0.00000 }, { 4.15000, 16.00000, 0.00000 }, { 4.15000, 4.25000, 0.00000 }, { 4.15000, 4.25000, 0.00000 }, { 4.15000, 4.25000, 0.00000 }, { 3.75000, 1.85000, 0.00000 }, { 3.75000, 1.85000, 0.00000 }, { 3.75000, 1.85000, 0.00000 }, { 3.75000, 0.10000, 0.00000 }, { 3.75000, 0.10000, 0.00000 }, },
			},
		},
	},
	["layout_1"] = {
		models = {
			["asset/ground/garden_bench_wood_02.mdl"] = {
				{ 1.00000, 0.00000, 0.00000, 0.00000, 0.00000, 1.00000, 0.00000, 0.00000, 0.00000, 0.00000, 1.00000, 0.00000, -1.34000, 11.92000, 8.57000, 1.00000, align = { 0.00000, 0.00000 }, },
				{ 1.00000, 0.00000, 0.00000, 0.00000, 0.00000, 1.00000, 0.00000, 0.00000, 0.00000, 0.00000, 1.00000, 0.00000, -1.36000, 10.35000, 8.57000, 1.00000, align = { 0.00000, 0.00000 }, },
				{ 1.00000, 0.00000, 0.00000, 0.00000, 0.00000, 1.00000, 0.00000, 0.00000, 0.00000, 0.00000, 1.00000, 0.00000, 1.22000, 7.65000, 8.57000, 1.00000, align = { 0.00000, 0.00000 }, },
				{ 1.00000, 0.00000, 0.00000, 0.00000, 0.00000, 1.00000, 0.00000, 0.00000, 0.00000, 0.00000, 1.00000, 0.00000, 1.21000, 9.14000, 8.57000, 1.00000, align = { 0.00000, 0.00000 }, },
			},
			["asset/ground/garden_table_wood_01.mdl"] = {
				{ 1.00000, 0.00000, 0.00000, 0.00000, 0.00000, 1.00000, 0.00000, 0.00000, 0.00000, 0.00000, 1.00000, 0.00000, 1.21000, 8.49500, 8.57000, 1.00000, align = { 0.00000, 0.00000 }, },
				{ 1.00000, 0.00000, 0.00000, 0.00000, 0.00000, 1.00000, 0.00000, 0.00000, 0.00000, 0.00000, 1.00000, 0.00000, -1.39000, 11.20000, 8.57000, 1.00000, align = { 0.00000, 0.00000 }, },
			},
		},
		groups = {
			["garden_sunshade_large_02.grp"] = {
				{ 1.00000, 0.00000, 0.00000, 0.00000, 0.00000, 1.00000, 0.00000, 0.00000, 0.00000, 0.00000, 1.00000, 0.00000, 0.07000, 9.81000, 8.57000, 1.00000, align = { 0.00000, 0.00000 }, },
			},
			["random_shrub_town.grp"] = {
				{ -0.00000, 1.00000, 0.00000, 0.00000, -1.00000, -0.00000, 0.00000, 0.00000, 0.00000, 0.00000, 1.00000, 0.00000, -7.15500, 14.70500, 0.00000, 1.00000, },
				{ 0.95231, 0.30513, 0.00000, 0.00000, -0.30513, 0.95231, 0.00000, 0.00000, 0.00000, 0.00000, 1.00000, 0.00000, 7.29500, 14.70500, 0.00000, 1.00000, },
				{ -1.00000, 0.00000, 0.00000, 0.00000, -0.00000, -1.00000, -0.00000, 0.00000, 0.00000, -0.00000, 1.00000, 0.00000, -7.15501, 12.45500, 0.00000, 1.00000, },
				{ -0.00000, -1.00000, 0.00000, 0.00000, 1.00000, -0.00000, -0.00000, 0.00000, 0.00000, 0.00000, 1.00000, 0.00000, -7.15501, 10.20500, 0.00000, 1.00000, },
				{ 1.00000, -0.00000, 0.00000, 0.00000, 0.00000, 1.00000, -0.00000, 0.00000, -0.00000, 0.00000, 1.00000, 0.00000, -7.15501, 7.95500, 0.00000, 1.00000, },
				{ 0.00000, 1.00000, 0.00000, 0.00000, -1.00000, 0.00000, -0.00000, 0.00000, -0.00000, -0.00000, 1.00000, 0.00000, -7.15501, 5.70500, 0.00000, 1.00000, },
				{ -1.00000, 0.00000, 0.00000, 0.00000, -0.00000, -1.00000, -0.00000, 0.00000, 0.00000, -0.00000, 1.00000, 0.00000, -7.15501, 3.45500, 0.00000, 1.00000, },
				{ -0.00000, -1.00000, 0.00000, 0.00000, 1.00000, -0.00000, -0.00000, 0.00000, 0.00000, 0.00000, 1.00000, 0.00000, -7.15501, 1.20500, 0.00000, 1.00000, },
				{ -0.65245, -0.75783, 0.00000, 0.00000, 0.75783, -0.65245, -0.00000, 0.00000, 0.00000, 0.00000, 1.00000, 0.00000, 7.29500, 12.45500, 0.00000, 1.00000, },
				{ -0.11919, 0.99287, 0.00000, 0.00000, -0.99287, -0.11919, -0.00000, 0.00000, 0.00000, -0.00000, 1.00000, 0.00000, 7.29500, 10.20500, 0.00000, 1.00000, },
				{ 0.87770, 0.47921, 0.00000, 0.00000, -0.47921, 0.87770, -0.00000, 0.00000, -0.00000, -0.00000, 1.00000, 0.00000, 7.29500, 7.95500, 0.00000, 1.00000, },
				{ 0.56552, -0.82473, 0.00000, 0.00000, 0.82473, 0.56552, -0.00000, 0.00000, -0.00000, 0.00000, 1.00000, 0.00000, 7.29500, 5.70500, 0.00000, 1.00000, },
				{ -0.97650, 0.21552, 0.00000, 0.00000, -0.21552, -0.97650, -0.00000, 0.00000, 0.00000, -0.00000, 1.00000, 0.00000, 7.29500, 3.45500, 0.00000, 1.00000, },
				{ 0.22734, 0.97381, 0.00000, 0.00000, -0.97381, 0.22734, -0.00000, 0.00000, -0.00000, -0.00000, 1.00000, 0.00000, 7.29500, 1.20500, 0.00000, 1.00000, },
			},
		},
	},
}
--End Generated

function data()
	return townbuildingutil.make_building2(
		{ { -4.60, -0.10 }, { 4.60, -0.10 }, { 4.60, 9.10 }, { -4.60, 9.10 } },
		"RESIDENTIAL", 
		"C", 
		2,
		{ 2, 2 },
		generatedData,
		"construction/building/era_c/res_2_2x2_01.gtex"
	)
end
