local townbuildingutil = require "townbuildingutil"

--Model file: "building/era_c/res_3_3x3_03.mdl"

--Begin Generated
local generatedData = {
	["base"] = {
		models = {
			["building/era_c/res_3_3x3_03.mdl"] = {
				{ 1.00000, 0.00000, 0.00000, 0.00000, 0.00000, 1.00000, 0.00000, 0.00000, 0.00000, 0.00000, 1.00000, 0.00000, 0.00000, 6.00000, 0.00000, 1.00000, },
			},
		},
		curves = {
			["scaffold"] = {
				{ { 3.45871, 7.84599, 0.00000 }, { 3.45871, 7.84599, 0.00000 }, { 9.99283, 12.12195, 0.00000 }, { 9.99283, 12.12195, 0.00000 }, { 9.99283, 12.12195, 0.00000 }, { 11.83600, 17.36842, 0.00000 }, { 11.83600, 17.36842, 0.00000 }, { 11.83600, 17.36842, 0.00000 }, { 11.02530, 23.02291, 0.00000 }, { 11.02530, 23.02291, 0.00000 }, { 11.02530, 23.02291, 0.00000 }, { 7.43732, 26.33175, 0.00000 }, { 7.43732, 26.33175, 0.00000 }, { 7.43732, 26.33175, 0.00000 }, { 1.29510, 27.92211, 0.00000 }, { 1.29510, 27.92211, 0.00000 }, { 1.29510, 27.92211, 0.00000 }, { -5.10999, 27.98406, 0.00000 }, { -5.10999, 27.98406, 0.00000 }, { -5.10999, 27.98406, 0.00000 }, { -10.23822, 25.37572, 0.00000 }, { -10.23822, 25.37572, 0.00000 }, { -10.23822, 25.37572, 0.00000 }, { -11.83615, 21.39124, 0.00000 }, { -11.83615, 21.39124, 0.00000 }, { -11.83615, 21.39124, 0.00000 }, { -11.36511, 16.64102, 0.00000 }, { -11.36511, 16.64102, 0.00000 }, { -11.36511, 16.64101, 0.00000 }, { -9.77930, 12.18269, 0.00000 }, { -9.77930, 12.18269, 0.00000 }, { -9.77930, 12.18269, 0.00000 }, { -4.26895, 7.81619, 0.00000 }, { -4.26895, 7.81619, 0.00000 }, },
			},
			["shared/asphalt_01.gtex.lua;shared/border2.gtex.lua"] = {
				{ { 5.00000, 0.00000, 0.00000 }, { 5.00000, 0.00000, 0.00000 }, { 5.00000, 6.00000, 0.00000 }, { 5.00000, 6.00000, 0.00000 }, { 5.00000, 6.00000, 0.00000 }, { 12.99997, 6.00000, 0.00000 }, { 12.99997, 6.00000, 0.00000 }, { 12.99997, 6.00001, 0.00000 }, { 12.99997, 32.00000, 0.00000 }, { 12.99997, 32.00000, 0.00000 }, { 12.99997, 32.00000, 0.00000 }, { -13.00000, 32.00000, 0.00000 }, { -13.00000, 32.00000, 0.00000 }, { -13.00000, 32.00000, 0.00000 }, { -13.00000, 6.00001, 0.00000 }, { -13.00000, 6.00000, 0.00000 }, { -13.00000, 6.00000, 0.00000 }, { -5.00000, 6.00000, 0.00000 }, { -5.00000, 6.00000, 0.00000 }, { -5.00000, 6.00000, 0.00000 }, { -5.00000, 0.00000, 0.00000 }, { -5.00000, 0.00000, 0.00000 }, },
			},
			["shared/grass_cutted_01.gtex.lua"] = {
				{ { -5.00000, 0.00000, 0.00000 }, { -5.00000, 0.00000, 0.00000 }, { -5.00000, 6.00000, 0.00000 }, { -5.00000, 6.00000, 0.00000 }, { -5.00000, 6.00000, 0.00000 }, { -12.00000, 6.00000, 0.00000 }, { -12.00000, 6.00000, 0.00000 }, { -12.00000, 6.00000, 0.00000 }, { -12.00000, 0.00000, 0.00000 }, { -12.00000, 0.00000, 0.00000 }, },
				{ { 12.00000, 0.00000, 0.00000 }, { 12.00000, 0.00000, 0.00000 }, { 12.00000, 6.00000, 0.00000 }, { 12.00000, 6.00000, 0.00000 }, { 12.00000, 6.00000, 0.00000 }, { 5.00000, 6.00000, 0.00000 }, { 5.00000, 6.00000, 0.00000 }, { 5.00000, 6.00000, 0.00000 }, { 5.00000, 0.00000, 0.00000 }, { 5.00000, 0.00000, 0.00000 }, },
			},
		},
	},
	["layout_1"] = {
		groups = {
			["random_shrub_town.grp"] = {
				{ -0.21635, 0.97632, 0.00000, 0.00000, -0.97632, -0.21635, -0.00000, 0.00000, 0.00000, -0.00000, 1.00000, 0.00000, -7.11477, 2.30500, 0.00000, 1.00000, },
				{ -0.21635, 0.97632, 0.00000, 0.00000, -0.97632, -0.21635, -0.00000, 0.00000, 0.00000, -0.00000, 1.00000, 0.00000, -8.96477, 2.20500, 0.00000, 1.00000, },
				{ 0.96365, 0.26715, 0.00000, 0.00000, -0.26715, 0.96365, -0.00000, 0.00000, -0.00000, -0.00000, 1.00000, 0.00000, -8.11477, 3.60500, 0.00000, 1.00000, },
				{ -0.73194, -0.68137, 0.00000, 0.00000, 0.68137, -0.73194, -0.00000, 0.00000, 0.00000, 0.00000, 1.00000, 0.00000, 7.13523, 3.10500, 0.00000, 1.00000, },
				{ -0.96708, 0.25446, 0.00000, 0.00000, -0.25446, -0.96708, -0.00000, 0.00000, 0.00000, -0.00000, 1.00000, 0.00000, 8.63523, 3.22500, 0.00000, 1.00000, },
				{ -0.96893, -0.24733, 0.00000, 0.00000, 0.24733, -0.96893, -0.00000, 0.00000, 0.00000, 0.00000, 1.00000, 0.00000, 9.41523, 2.18500, 0.00000, 1.00000, },
				{ 0.77963, 0.62623, 0.00000, 0.00000, -0.62623, 0.77963, -0.00000, 0.00000, -0.00000, -0.00000, 1.00000, 0.00000, 10.03523, 3.30500, 0.00000, 1.00000, },
				{ -0.99845, -0.05567, 0.00000, 0.00000, 0.05567, -0.99845, -0.00000, 0.00000, 0.00000, -0.00000, 1.00000, 0.00000, 7.57523, 2.10500, 0.00000, 1.00000, },
			},
		},
	},
}
--End Generated

function data()
	return townbuildingutil.make_building2(
		{ { -4.60, -0.10 }, { 4.60, -0.10 }, { 4.60, 9.10 }, { -4.60, 9.10 } },
		"RESIDENTIAL", 
		"C", 
		3,
		{ 3, 4 },
		generatedData,
		"construction/building/era_c/res_3_3x4_03.gtex"
	)
end
