local townbuildingutil = require "townbuildingutil"

--Model file: "building/era_c/res_2_2x2_02.mdl"

--Begin Generated
local generatedData = {
	["base"] = {
		models = {
			["building/era_c/res_2_2x2_02.mdl"] = {
				{ 1.15000, 0.00000, 0.00000, 0.00000, 0.00000, 1.15000, 0.00000, 0.00000, 0.00000, 0.00000, 1.15000, 0.00000, 0.35000, 0.60000, 0.00000, 1.00000, },
			},
		},
		curves = {
			["scaffold"] = {
				{ { 8.17454, 4.76611, 0.00000 }, { 8.17454, 4.76611, 0.00000 }, { 8.17454, 16.76912, 0.00000 }, { 8.17454, 16.76912, 0.00000 }, { 8.17452, 16.76912, 0.00000 }, { -7.46956, 16.76912, 0.00000 }, { -7.46956, 16.76912, 0.00000 }, { -7.46956, 16.76912, 0.00000 }, { -7.46956, 3.22833, 0.00000 }, { -7.46956, 3.22832, 0.00000 }, { -7.46956, 3.22832, 0.00000 }, { -2.65609, 3.22831, 0.00000 }, { -2.65609, 3.22831, 0.00000 }, { -2.65609, 3.22831, 0.00000 }, { -2.65609, 4.75595, 0.00000 }, { -2.65609, 4.75595, 0.00000 }, },
			},
			["shared/asphalt_01.gtex.lua;shared/border2.gtex.lua"] = {
				{ { -1.43750, 0.00000, 0.00000 }, { -1.43750, 0.00000, 0.00000 }, { -1.43750, 3.07750, 0.00000 }, { -1.43750, 3.07750, 0.00000 }, { -1.43750, 3.07750, 0.00000 }, { -1.43750, 4.63000, 0.00000 }, { -1.43750, 4.63000, 0.00000 }, { -1.43750, 4.63000, 0.00000 }, { 9.43000, 4.63000, 0.00000 }, { 9.43000, 4.63000, 0.00000 }, { 9.43000, 4.63001, 0.00000 }, { 9.43000, 18.77500, 0.00000 }, { 9.43000, 18.77500, 0.00000 }, { 9.43000, 18.77500, 0.00000 }, { -8.39500, 18.77500, 0.00000 }, { -8.39500, 18.77500, 0.00000 }, { -8.39500, 18.77500, 0.00000 }, { -8.39500, 3.07750, 0.00000 }, { -8.39500, 3.07750, 0.00000 }, { -8.39500, 3.07750, 0.00000 }, { -8.39500, 0.00000, 0.00000 }, { -8.39500, 0.00000, 0.00000 }, },
			},
			["shared/grass_cutted_01.gtex.lua"] = {
				{ { 12.00000, 18.77500, 0.00000 }, { 12.00000, 18.77500, 0.00000 }, { 12.00000, 24.00000, 0.00000 }, { 12.00000, 24.00000, 0.00000 }, { 12.00000, 24.00000, 0.00000 }, { -12.00000, 24.00000, 0.00000 }, { -12.00000, 24.00000, 0.00000 }, { -12.00000, 24.00000, 0.00000 }, { -12.00000, 12.00000, 0.00000 }, { -12.00000, 12.00000, 0.00000 }, { -12.00000, 12.00000, 0.00000 }, { -8.39500, 12.00000, 0.00000 }, { -8.39500, 12.00000, 0.00000 }, { -8.39500, 12.00000, 0.00000 }, { -8.39500, 18.77499, 0.00000 }, { -8.39500, 18.77500, 0.00000 }, },
			},
			["shared/gravel_02.gtex.lua;shared/border2.gtex.lua"] = {
				{ { -8.39500, 0.00000, 0.00000 }, { -8.39500, 0.00000, 0.00000 }, { -8.39500, 12.00000, 0.00000 }, { -8.39500, 12.00000, 0.00000 }, { -8.39500, 12.00000, 0.00000 }, { -12.00000, 12.00000, 0.00000 }, { -12.00000, 12.00000, 0.00000 }, { -12.00000, 12.00000, 0.00000 }, { -12.00000, 0.00000, 0.00000 }, { -12.00000, 0.00000, 0.00000 }, },
				{ { 12.00000, 0.00000, 0.00000 }, { 12.00000, 0.00000, 0.00000 }, { 12.00000, 18.77500, 0.00000 }, { 12.00000, 18.77500, 0.00000 }, { 12.00000, 18.77500, 0.00000 }, { 9.42999, 18.77500, 0.00000 }, { 9.42999, 18.77500, 0.00000 }, { 9.42999, 18.77499, 0.00000 }, { 9.42999, 4.63001, 0.00000 }, { 9.42999, 4.63000, 0.00000 }, { 9.42999, 4.63000, 0.00000 }, { -1.43750, 4.63000, 0.00000 }, { -1.43750, 4.63000, 0.00000 }, { -1.43750, 4.63000, 0.00000 }, { -1.43750, 0.00000, 0.00000 }, { -1.43750, 0.00000, 0.00000 }, },
			},
		},
	},
	["layout_1"] = {
		models = {
			["asset/ground/garden_bench_ratan_01_end.mdl"] = {
				{ -0.00000, -1.00000, 0.00000, 0.00000, 1.00000, -0.00000, 0.00000, 0.00000, 0.00000, 0.00000, 1.00000, 0.00000, -4.07500, 5.39431, 13.09000, 1.00000, align = { 0.35000, 0.60000 }, },
				{ -0.00000, 1.00000, 0.00000, 0.00000, -1.00000, -0.00000, 0.00000, 0.00000, 0.00000, 0.00000, 1.00000, 0.00000, -6.36500, 6.98500, 13.09000, 1.00000, align = { 0.35000, 0.60000 }, },
			},
			["asset/ground/garden_bench_ratan_01_repeat.mdl"] = {
				{ -0.00000, -1.00000, 0.00000, 0.00000, 1.00000, -0.00000, 0.00000, 0.00000, 0.00000, 0.00000, 1.00000, 0.00000, -4.07500, 6.58733, 13.09000, 1.00000, align = { 0.35000, 0.60000 }, },
				{ -0.00000, 1.00000, 0.00000, 0.00000, -1.00000, -0.00000, 0.00000, 0.00000, 0.00000, 0.00000, 1.00000, 0.00000, -6.36500, 5.79199, 13.09000, 1.00000, align = { 0.35000, 0.60000 }, },
				{ -0.00000, -1.00000, 0.00000, 0.00000, 1.00000, -0.00000, 0.00000, 0.00000, 0.00000, 0.00000, 1.00000, 0.00000, -4.07500, 5.79199, 13.09000, 1.00000, align = { 0.35000, 0.60000 }, },
				{ -0.00000, 1.00000, 0.00000, 0.00000, -1.00000, -0.00000, 0.00000, 0.00000, 0.00000, 0.00000, 1.00000, 0.00000, -6.36500, 6.58733, 13.09000, 1.00000, align = { 0.35000, 0.60000 }, },
			},
			["asset/ground/garden_bench_ratan_01_start.mdl"] = {
				{ -0.00000, -1.00000, 0.00000, 0.00000, 1.00000, -0.00000, 0.00000, 0.00000, 0.00000, 0.00000, 1.00000, 0.00000, -4.07500, 6.98500, 13.09000, 1.00000, align = { 0.35000, 0.60000 }, },
				{ -0.00000, 1.00000, 0.00000, 0.00000, -1.00000, -0.00000, 0.00000, 0.00000, 0.00000, 0.00000, 1.00000, 0.00000, -6.36500, 5.39431, 13.09000, 1.00000, align = { 0.35000, 0.60000 }, },
			},
			["asset/ground/garden_bench_wood_02.mdl"] = {
				{ 0.01396, 0.99990, 0.00000, 0.00000, -0.99990, 0.01396, 0.00000, 0.00000, 0.00000, 0.00000, 1.00000, 0.00000, 5.61500, 10.29000, 9.88000, 1.00000, align = { 0.35000, 0.60000 }, },
				{ 0.01396, 0.99990, 0.00000, 0.00000, -0.99990, 0.01396, 0.00000, 0.00000, 0.00000, 0.00000, 1.00000, 0.00000, 5.61500, 7.81000, 9.88000, 1.00000, align = { 0.35000, 0.60000 }, },
			},
			["asset/ground/garden_table_ratan_01.mdl"] = {
				{ -0.00000, -1.00000, 0.00000, 0.00000, 1.00000, -0.00000, 0.00000, 0.00000, 0.00000, 0.00000, 1.00000, 0.00000, -5.18000, 6.13500, 13.09000, 1.00000, align = { 0.35000, 0.60000 }, },
			},
		},
		groups = {
			["garden_sunshade_large_01.grp"] = {
				{ 1.00000, 0.00000, 0.00000, 0.00000, 0.00000, 1.00000, 0.00000, 0.00000, 0.00000, 0.00000, 1.00000, 0.00000, -5.18000, 4.04500, 13.09000, 1.00000, align = { 0.35000, 0.60000 }, },
			},
			["random_large_tree_town.grp"] = {
				{ 0.57358, -0.81915, 0.00000, 0.00000, 0.81915, 0.57358, 0.00000, 0.00000, 0.00000, 0.00000, 1.00000, 0.00000, -9.30000, 21.34756, 0.00000, 1.00000, },
				{ -0.31176, -0.72044, 0.00000, 0.00000, 0.72044, -0.31176, 0.00000, 0.00000, 0.00000, 0.00000, 0.78500, 0.00000, -3.70000, 22.64756, 0.00000, 1.00000, },
			},
			["random_medium_tree_town.grp"] = {
				{ 0.90631, -0.42262, 0.00000, 0.00000, 0.42262, 0.90631, 0.00000, 0.00000, 0.00000, 0.00000, 1.00000, 0.00000, 1.10000, 21.40000, 0.00000, 1.00000, },
			},
			["random_shrub_town.grp"] = {
				{ -0.75477, 0.65599, 0.00000, 0.00000, -0.65599, -0.75477, 0.00000, 0.00000, 0.00000, -0.00000, 1.00000, 0.00000, -10.63499, 14.12500, 0.00000, 1.00000, },
				{ -0.26210, -0.96504, 0.00000, 0.00000, 0.96504, -0.26210, 0.00000, 0.00000, -0.00000, 0.00000, 1.00000, 0.00000, -9.58499, 13.22500, 0.00000, 1.00000, },
				{ -0.38116, 0.92451, 0.00000, 0.00000, -0.92451, -0.38116, 0.00000, 0.00000, 0.00000, -0.00000, 1.00000, 0.00000, -9.58499, 15.24500, 0.00000, 1.00000, },
				{ 0.86772, 0.49706, 0.00000, 0.00000, -0.49706, 0.86772, 0.00000, 0.00000, -0.00000, -0.00000, 1.00000, 0.00000, -9.94499, 17.40500, 0.00000, 1.00000, },
				{ -0.49402, 0.86945, 0.00000, 0.00000, -0.86945, -0.49402, 0.00000, 0.00000, 0.00000, -0.00000, 1.00000, 0.00000, -9.52499, 18.66500, 0.00000, 1.00000, },
				{ -0.86945, -0.49402, 0.00000, 0.00000, 0.49402, -0.86945, -0.00000, 0.00000, 0.00000, 0.00000, 1.00000, 0.00000, -7.70499, 18.66500, 0.00000, 1.00000, },
				{ 0.49402, -0.86945, 0.00000, 0.00000, 0.86945, 0.49402, -0.00000, 0.00000, -0.00000, 0.00000, 1.00000, 0.00000, -5.88499, 18.66500, 0.00000, 1.00000, },
				{ 0.86945, 0.49402, 0.00000, 0.00000, -0.49402, 0.86945, -0.00000, 0.00000, -0.00000, -0.00000, 1.00000, 0.00000, -4.06499, 18.66500, 0.00000, 1.00000, },
				{ -0.49402, 0.86945, 0.00000, 0.00000, -0.86945, -0.49402, -0.00000, 0.00000, 0.00000, -0.00000, 1.00000, 0.00000, -2.24500, 18.66500, 0.00000, 1.00000, },
				{ -0.86945, -0.49402, 0.00000, 0.00000, 0.49402, -0.86945, -0.00000, 0.00000, 0.00000, 0.00000, 1.00000, 0.00000, -0.42499, 18.66500, 0.00000, 1.00000, },
				{ 0.49402, -0.86945, 0.00000, 0.00000, 0.86945, 0.49402, -0.00000, 0.00000, -0.00000, 0.00000, 1.00000, 0.00000, 1.39500, 18.66500, 0.00000, 1.00000, },
				{ 0.86945, 0.49402, 0.00000, 0.00000, -0.49402, 0.86945, -0.00000, 0.00000, -0.00000, -0.00000, 1.00000, 0.00000, 3.21501, 18.66500, 0.00000, 1.00000, },
				{ -0.49402, 0.86945, 0.00000, 0.00000, -0.86945, -0.49402, -0.00000, 0.00000, 0.00000, -0.00000, 1.00000, 0.00000, 5.03500, 18.66500, 0.00000, 1.00000, },
				{ -0.86945, -0.49402, 0.00000, 0.00000, 0.49402, -0.86945, -0.00000, 0.00000, 0.00000, 0.00000, 1.00000, 0.00000, 6.85501, 18.66500, 0.00000, 1.00000, },
				{ 0.49402, -0.86945, 0.00000, 0.00000, 0.86945, 0.49402, -0.00000, 0.00000, -0.00000, 0.00000, 1.00000, 0.00000, 8.67500, 18.66500, 0.00000, 1.00000, },
			},
		},
	},
}
--End Generated

function data()
	return townbuildingutil.make_building2(
		{ { -4.60, -0.10 }, { 4.60, -0.10 }, { 4.60, 9.10 }, { -4.60, 9.10 } },
		"RESIDENTIAL", 
		"C", 
		2,
		{ 3, 3 },
		generatedData,
		"construction/building/era_c/res_2_3x3_01.gtex"
	)
end
