local townbuildingutil = require "townbuildingutil"

--Model file: "building/era_c/res_1_1x2_04.mdl"

--Begin Generated
local generatedData = {
	["base"] = {
		models = {
			["building/era_c/res_1_2x3_03.mdl"] = {
				{ 1.15000, 0.00000, 0.00000, 0.00000, 0.00000, 1.15000, 0.00000, 0.00000, 0.00000, 0.00000, 1.15000, 0.00000, -2.40000, -2.15000, 0.00000, 1.00000, },
			},
		},
		curves = {
			["scaffold"] = {
				{ { -1.85214, 3.43340, 0.00000 }, { -1.85214, 3.43340, 0.00000 }, { -1.85214, 5.66770, 0.00000 }, { -1.85214, 5.66770, 0.00000 }, { -1.85214, 5.66770, 0.00000 }, { 2.72366, 5.66610, 0.00000 }, { 2.72366, 5.66610, 0.00000 }, { 2.72366, 5.66610, 0.00000 }, { 2.72366, 17.77609, 0.00000 }, { 2.72366, 17.77609, 0.00000 }, { 2.72366, 17.77609, 0.00000 }, { -7.92758, 17.77609, 0.00000 }, { -7.92758, 17.77609, 0.00000 }, { -7.92758, 17.77608, 0.00000 }, { -7.92758, 5.66608, 0.00000 }, { -7.92758, 5.66608, 0.00000 }, { -7.92758, 5.66608, 0.00000 }, { -6.11700, 5.66609, 0.00000 }, { -6.11700, 5.66609, 0.00000 }, { -6.11700, 5.66609, 0.00000 }, { -6.11700, 3.43340, 0.00000 }, { -6.11700, 3.43340, 0.00000 }, },
			},
			["shared/asphalt_01.gtex.lua;shared/border2.gtex.lua"] = {
				{ { 3.32999, 7.85500, 0.00000 }, { 3.32999, 7.85500, 0.00000 }, { 3.32999, 7.85500, 0.00000 }, { 3.32999, 18.43500, 0.00000 }, { 3.32999, 18.43500, 0.00000 }, { 3.32999, 18.43500, 0.00000 }, { -8.63004, 18.43500, 0.00000 }, { -8.63004, 18.43500, 0.00000 }, { -8.63004, 18.43500, 0.00000 }, { -8.63004, 3.46500, 0.00000 }, { -8.63004, 3.46500, 0.00000 }, { -8.63004, 3.46500, 0.00000 }, { -7.02002, 3.46500, 0.00000 }, { -7.02002, 3.46500, 0.00000 }, { -7.02002, 3.46500, 0.00000 }, { -7.02002, -0.11500, 0.00000 }, { -7.02002, -0.11500, 0.00000 }, { -7.02002, -0.11500, 0.00000 }, { -1.15500, -0.11500, 0.00000 }, { -1.15500, -0.11500, 0.00000 }, { -1.15500, -0.11500, 0.00000 }, { -1.15500, -0.11500, 0.00000 }, { -1.15500, -0.11500, 0.00000 }, { -1.15500, -0.11500, 0.00000 }, { 3.32999, -0.11500, 0.00000 }, { 3.32999, -0.11500, 0.00000 }, },
			},
			["shared/grass_cutted_01.gtex.lua"] = {
				{ { 3.32999, 18.43500, 0.00000 }, { 3.32999, 18.43500, 0.00000 }, { 3.32999, 21.48500, 0.00000 }, { 3.32999, 21.48500, 0.00000 }, { 3.32998, 21.48500, 0.00000 }, { -8.63003, 21.48500, 0.00000 }, { -8.63004, 21.48500, 0.00000 }, { -8.63004, 21.48500, 0.00000 }, { -8.63004, 18.43500, 0.00000 }, { -8.63004, 18.43500, 0.00000 }, },
				{ { 4.03000, -0.00000, 0.00000 }, { 4.03000, -0.00000, 0.00000 }, { 4.03000, 3.83177, 0.00000 }, { 4.03000, 3.83177, 0.00000 }, { 4.03000, 3.83177, 0.00000 }, { 6.85086, 3.83177, 0.00000 }, { 6.85086, 3.83177, 0.00000 }, { 6.85086, 3.83178, 0.00000 }, { 6.85086, 29.95000, 0.00000 }, { 6.85086, 29.95000, 0.00000 }, { 6.85086, 29.95000, 0.00000 }, { -4.04999, 29.95000, 0.00000 }, { -4.04999, 29.95000, 0.00000 }, { -4.04999, 29.95000, 0.00000 }, { -4.04999, 24.05000, 0.00000 }, { -4.04999, 24.05000, 0.00000 }, { -4.04999, 24.05000, 0.00000 }, { -8.63004, 24.05000, 0.00000 }, { -8.63004, 24.05000, 0.00000 }, { -8.63004, 24.05000, 0.00000 }, { -8.63004, 3.46500, 0.00000 }, { -8.63004, 3.46500, 0.00000 }, { -8.63004, 3.46500, 0.00000 }, { -7.02002, 3.46500, 0.00000 }, { -7.02002, 3.46500, 0.00000 }, { -7.02002, 3.46500, 0.00000 }, { -7.02002, -0.00000, 0.00000 }, { -7.02002, -0.00000, 0.00000 }, { -7.02002, -0.00000, 0.00000 }, { -12.00000, -0.00000, 0.00000 }, { -12.00000, -0.00000, 0.00000 }, { -12.00000, 0.00000, 0.00000 }, { -12.00000, 31.99999, 0.00000 }, { -12.00000, 32.00000, 0.00000 }, { -12.00000, 32.00000, 0.00000 }, { 12.00000, 32.00000, 0.00000 }, { 12.00000, 32.00000, 0.00000 }, { 12.00000, 31.99999, 0.00000 }, { 12.00000, 0.00000, 0.00000 }, { 12.00000, -0.00000, 0.00000 }, },
			},
			["shared/gravel_02.gtex.lua;shared/border2.gtex.lua"] = {
				{ { 6.85086, 3.83177, 0.00000 }, { 6.85086, 3.83178, 0.00000 }, { 6.85086, 29.95000, 0.00000 }, { 6.85086, 29.95000, 0.00000 }, { 6.85086, 29.95000, 0.00000 }, { -4.04999, 29.95000, 0.00000 }, { -4.04999, 29.95000, 0.00000 }, { -4.04999, 29.95000, 0.00000 }, { -4.04999, 24.05000, 0.00000 }, { -4.04999, 24.05000, 0.00000 }, { -4.04999, 24.05000, 0.00000 }, { -8.63004, 24.05000, 0.00000 }, { -8.63004, 24.05000, 0.00000 }, { -8.63004, 24.05000, 0.00000 }, { -8.63004, 21.48500, 0.00000 }, { -8.63004, 21.48500, 0.00000 }, { -8.63004, 21.48500, 0.00000 }, { 3.32999, 21.48500, 0.00000 }, { 3.32999, 21.48500, 0.00000 }, { 3.32999, 21.48500, 0.00000 }, { 3.32999, 3.83177, 0.00000 }, { 3.32999, 3.83177, 0.00000 }, },
			},
		},
	},
	["layout_1"] = {
		models = {
			["asset/ground/garden_bench_stone_01.mdl"] = {
				{ 1.15000, 0.00000, 0.00000, 0.00000, 0.00000, 1.15000, 0.00000, 0.00000, 0.00000, 0.00000, 1.15000, 0.00000, -5.28000, 21.83745, 0.00000, 1.00000, },
				{ -0.00000, -1.15000, 0.00000, 0.00000, 1.15000, -0.00000, 0.00000, 0.00000, 0.00000, 0.00000, 1.15000, 0.00000, -7.89999, 22.80745, 0.00000, 1.00000, },
			},
			["asset/ground/garden_bench_wood_01.mdl"] = {
				{ -0.00000, 1.15000, 0.00000, 0.00000, -1.15000, -0.00000, 0.00000, 0.00000, 0.00000, 0.00000, 1.15000, 0.00000, 3.75000, 10.25994, 0.00000, 1.00000, },
			},
			["asset/ground/garden_chair_plastic_01.mdl"] = {
				{ 0.79746, -0.82859, 0.00000, 0.00000, 0.82859, 0.79746, 0.00000, 0.00000, 0.00000, 0.00000, 1.15000, 0.00000, -1.95999, 29.24739, 0.00000, 1.00000, },
				{ 0.92121, -0.68838, 0.00000, 0.00000, 0.68838, 0.92121, 0.00000, 0.00000, 0.00000, 0.00000, 1.15000, 0.00000, 4.56348, 27.08131, 0.00000, 1.00000, },
				{ 1.02634, -0.51877, 0.00000, 0.00000, 0.51877, 1.02634, 0.00000, 0.00000, 0.00000, 0.00000, 1.15000, 0.00000, 3.70959, 27.74626, 0.00000, 1.00000, },
				{ -0.90517, 0.70934, 0.00000, 0.00000, -0.70934, -0.90517, 0.00000, 0.00000, 0.00000, 0.00000, 1.15000, 0.00000, 2.74707, 26.49006, 0.00000, 1.00000, },
				{ -1.00468, 0.55956, 0.00000, 0.00000, -0.55956, -1.00468, 0.00000, 0.00000, 0.00000, 0.00000, 1.15000, 0.00000, 3.75049, 25.79604, 0.00000, 1.00000, },
			},
			["asset/ground/garden_sunshade_large_01.mdl"] = {
				{ 1.00581, -0.55753, 0.00000, 0.00000, 0.55753, 1.00581, 0.00000, 0.00000, 0.00000, 0.00000, 1.15000, 0.00000, 3.71942, 26.83561, 0.00000, 1.00000, },
			},
			["asset/ground/garden_table_metal_01.mdl"] = {
				{ 0.95114, -0.64640, 0.00000, 0.00000, 0.64640, 0.95114, 0.00000, 0.00000, 0.00000, 0.00000, 1.15000, 0.00000, 3.71942, 26.83561, 0.00000, 1.00000, },
			},
			["asset/ground/garden_table_round_wood_01.mdl"] = {
				{ 1.15000, 0.00000, 0.00000, 0.00000, 0.00000, 1.15000, 0.00000, 0.00000, 0.00000, 0.00000, 1.15000, 0.00000, -3.25000, 29.04719, 0.00000, 1.00000, },
			},
			["asset/vegetation/hedge_m.mdl"] = {
				{ -0.00000, 1.00000, 0.00000, 0.00000, -1.00000, -0.00000, 0.00000, 0.00000, 0.00000, 0.00000, 1.00000, 0.00000, 4.84998, 0.60000, -0.00000, 1.00000, },
				{ -0.00000, -1.00000, 0.00000, 0.00000, 1.00000, -0.00000, -0.00000, 0.00000, 0.00000, -0.00000, 1.00000, 0.00000, 6.25000, 0.60000, -0.00000, 1.00000, },
				{ -0.00000, 1.00000, 0.00000, 0.00000, -1.00000, -0.00000, 0.00000, 0.00000, 0.00000, 0.00000, 1.00000, 0.00000, 7.64999, 0.60000, -0.00000, 1.00000, },
				{ -0.00000, -1.00000, 0.00000, 0.00000, 1.00000, -0.00000, -0.00000, 0.00000, 0.00000, -0.00000, 1.00000, 0.00000, 9.04999, 0.60000, -0.00000, 1.00000, },
				{ -0.00000, -1.00000, 0.00000, 0.00000, 1.00000, -0.00000, -0.00000, 0.00000, 0.00000, -0.00000, 1.00000, 0.00000, -11.06000, 0.60000, 0.00000, 1.00000, },
				{ -0.00000, 1.00000, 0.00000, 0.00000, -1.00000, -0.00000, 0.00000, 0.00000, 0.00000, 0.00000, 1.00000, 0.00000, -9.64002, 0.60000, 0.00000, 1.00000, },
				{ -0.00000, -1.00000, 0.00000, 0.00000, 1.00000, -0.00000, -0.00000, 0.00000, 0.00000, -0.00000, 1.00000, 0.00000, -7.96002, 0.60000, 0.00000, 1.00000, },
				{ -0.00000, 1.00000, 0.00000, 0.00000, -1.17000, -0.00000, 0.00000, 0.00000, 0.00000, 0.00000, 1.00000, 0.00000, 10.68999, 0.60000, -0.00000, 1.00000, },
			},
		},
		groups = {
			["random_large_tree_town.grp"] = {
				{ 0.89000, 0.00000, 0.00000, 0.00000, 0.00000, 0.89000, 0.00000, 0.00000, 0.00000, 0.00000, 0.89000, 0.00000, -9.67221, 29.47524, 0.00000, 1.00000, },
			},
			["random_medium_tree_town.grp"] = {
				{ 1.00000, 0.00000, 0.00000, 0.00000, 0.00000, 1.00000, 0.00000, 0.00000, 0.00000, 0.00000, 1.00000, 0.00000, -6.20000, 29.70000, 0.00000, 1.00000, },
				{ -0.17365, -0.98481, 0.00000, 0.00000, 0.98481, -0.17365, 0.00000, 0.00000, 0.00000, 0.00000, 1.00000, 0.00000, -10.60000, 21.80000, 0.00000, 1.00000, },
			},
			["random_shrub_town.grp"] = {
				{ 0.88580, -0.46406, 0.00000, 0.00000, 0.46406, 0.88580, -0.00000, 0.00000, -0.00000, 0.00000, 1.00000, 0.00000, 8.98544, 5.23307, 0.00000, 1.00000, },
				{ -0.93461, -0.35566, 0.00000, 0.00000, 0.35566, -0.93461, -0.00000, 0.00000, 0.00000, -0.00000, 1.00000, 0.00000, 8.98544, 6.23307, 0.00000, 1.00000, },
				{ 0.53043, 0.84773, 0.00000, 0.00000, -0.84773, 0.53043, -0.00000, 0.00000, -0.00000, -0.00000, 1.00000, 0.00000, 8.98544, 7.23307, 0.00000, 1.00000, },
				{ 0.99996, 0.00921, 0.00000, 0.00000, -0.00921, 0.99996, -0.00000, 0.00000, -0.00000, 0.00000, 1.00000, 0.00000, 8.98544, 8.23307, 0.00000, 1.00000, },
				{ -0.63011, -0.77651, 0.00000, 0.00000, 0.77651, -0.63011, -0.00000, 0.00000, 0.00000, 0.00000, 1.00000, 0.00000, 8.98544, 9.23307, 0.00000, 1.00000, },
				{ 0.68703, 0.72663, 0.00000, 0.00000, -0.72663, 0.68703, -0.00000, 0.00000, -0.00000, -0.00000, 1.00000, 0.00000, 8.98544, 10.23307, 0.00000, 1.00000, },
				{ -0.64100, -0.76754, 0.00000, 0.00000, 0.76754, -0.64100, -0.00000, 0.00000, 0.00000, 0.00000, 1.00000, 0.00000, 8.98544, 11.23307, 0.00000, 1.00000, },
				{ 0.10388, 0.99459, 0.00000, 0.00000, -0.99459, 0.10388, -0.00000, 0.00000, -0.00000, -0.00000, 1.00000, 0.00000, 8.98544, 12.23307, 0.00000, 1.00000, },
				{ 0.56896, 0.82237, 0.00000, 0.00000, -0.82237, 0.56896, -0.00000, 0.00000, -0.00000, -0.00000, 1.00000, 0.00000, 8.98544, 13.23307, 0.00000, 1.00000, },
				{ -0.98463, -0.17464, 0.00000, 0.00000, 0.17464, -0.98463, -0.00000, 0.00000, 0.00000, -0.00000, 1.00000, 0.00000, 8.98544, 14.23307, 0.00000, 1.00000, },
				{ -0.00932, -0.99996, 0.00000, 0.00000, 0.99996, -0.00932, -0.00000, 0.00000, 0.00000, 0.00000, 1.00000, 0.00000, 8.98544, 15.23307, 0.00000, 1.00000, },
				{ 0.92653, -0.37622, 0.00000, 0.00000, 0.37622, 0.92653, -0.00000, 0.00000, -0.00000, 0.00000, 1.00000, 0.00000, 8.98544, 16.23307, 0.00000, 1.00000, },
				{ 0.21130, -0.97742, 0.00000, 0.00000, 0.97742, 0.21130, -0.00000, 0.00000, 0.00000, 0.00000, 1.00000, 0.00000, 8.98544, 17.23307, 0.00000, 1.00000, },
				{ -0.16625, 0.98608, 0.00000, 0.00000, -0.98608, -0.16625, -0.00000, 0.00000, -0.00000, -0.00000, 1.00000, 0.00000, 8.98544, 18.23307, 0.00000, 1.00000, },
				{ -0.56359, 0.82606, 0.00000, 0.00000, -0.82606, -0.56359, -0.00000, 0.00000, -0.00000, -0.00000, 1.00000, 0.00000, 8.98544, 19.23307, 0.00000, 1.00000, },
				{ -0.97950, -0.20142, 0.00000, 0.00000, 0.20142, -0.97950, -0.00000, 0.00000, 0.00000, -0.00000, 1.00000, 0.00000, 8.98544, 20.23307, 0.00000, 1.00000, },
				{ -0.05831, 0.99830, 0.00000, 0.00000, -0.99830, -0.05831, -0.00000, 0.00000, -0.00000, -0.00000, 1.00000, 0.00000, 8.98544, 21.23307, 0.00000, 1.00000, },
				{ -0.91456, 0.40445, 0.00000, 0.00000, -0.40445, -0.91456, -0.00000, 0.00000, 0.00000, -0.00000, 1.00000, 0.00000, 8.98544, 22.23307, 0.00000, 1.00000, },
				{ -0.91456, 0.40445, 0.00000, 0.00000, -0.40445, -0.91456, -0.00000, 0.00000, 0.00000, -0.00000, 1.00000, 0.00000, 8.98544, 29.88307, 0.00000, 1.00000, },
				{ -0.57385, 0.81896, 0.00000, 0.00000, -0.81896, -0.57385, -0.00000, 0.00000, -0.00000, -0.00000, 1.00000, 0.00000, 8.98544, 23.23307, 0.00000, 1.00000, },
				{ -0.57385, 0.81896, 0.00000, 0.00000, -0.81896, -0.57385, -0.00000, 0.00000, -0.00000, -0.00000, 1.00000, 0.00000, 8.98544, 30.88307, 0.00000, 1.00000, },
				{ -0.45270, 0.89166, 0.00000, 0.00000, -0.89166, -0.45270, -0.00000, 0.00000, -0.00000, -0.00000, 1.00000, 0.00000, 8.98544, 24.23307, 0.00000, 1.00000, },
				{ -0.99961, -0.02789, 0.00000, 0.00000, 0.02789, -0.99961, -0.00000, 0.00000, 0.00000, -0.00000, 1.00000, 0.00000, 8.98544, 25.23307, 0.00000, 1.00000, },
				{ 0.00678, 0.99998, 0.00000, 0.00000, -0.99998, 0.00678, -0.00000, 0.00000, -0.00000, -0.00000, 1.00000, 0.00000, 8.98544, 26.23307, 0.00000, 1.00000, },
				{ -0.09618, -0.99536, 0.00000, 0.00000, 0.99536, -0.09618, -0.00000, 0.00000, 0.00000, 0.00000, 1.00000, 0.00000, 8.98544, 27.23307, 0.00000, 1.00000, },
				{ -0.56902, 0.82232, 0.00000, 0.00000, -0.82232, -0.56902, -0.00000, 0.00000, -0.00000, -0.00000, 1.00000, 0.00000, 8.98544, 28.23307, 0.00000, 1.00000, },
				{ 0.95814, -0.28630, 0.00000, 0.00000, 0.28630, 0.95814, -0.00000, 0.00000, -0.00000, 0.00000, 1.00000, 0.00000, 8.98544, 29.23307, 0.00000, 1.00000, },
				{ -0.80026, -0.23684, 0.00000, 0.00000, 0.23684, -0.80026, -0.00000, 0.00000, 0.00000, -0.00000, 0.83457, 0.00000, -9.40000, 4.20000, 0.00000, 1.00000, },
				{ 0.50822, 0.66199, 0.00000, 0.00000, -0.66199, 0.50822, -0.00000, 0.00000, -0.00000, -0.00000, 0.83457, 0.00000, -9.50000, 2.55000, 0.00000, 1.00000, },
				{ -0.37157, 0.47754, 0.00000, 0.00000, -0.47754, -0.37157, -0.00000, 0.00000, 0.00000, -0.00000, 0.60507, 0.00000, -7.75000, 2.65000, 0.00000, 1.00000, },
				{ 0.40495, 0.52748, 0.00000, 0.00000, -0.52748, 0.40495, -0.00000, 0.00000, -0.00000, -0.00000, 0.66500, 0.00000, 4.13544, 3.03307, 0.00000, 1.00000, },
				{ -0.99922, 0.03938, 0.00000, 0.00000, -0.03938, -0.99922, -0.00000, 0.00000, 0.00000, -0.00000, 1.00000, 0.00000, 2.29544, 19.13307, 0.00000, 1.00000, },
				{ -0.99922, 0.03938, 0.00000, 0.00000, -0.03938, -0.99922, -0.00000, 0.00000, 0.00000, -0.00000, 1.00000, 0.00000, -3.40456, 19.13307, 0.00000, 1.00000, },
				{ -0.94078, -0.33903, 0.00000, 0.00000, 0.33903, -0.94078, -0.00000, 0.00000, 0.00000, -0.00000, 1.00000, 0.00000, -4.45456, 19.13307, 0.00000, 1.00000, },
				{ 0.22311, -0.97479, 0.00000, 0.00000, 0.97479, 0.22311, -0.00000, 0.00000, 0.00000, 0.00000, 1.00000, 0.00000, -5.55456, 19.13307, 0.00000, 1.00000, },
				{ -0.99403, 0.10910, 0.00000, 0.00000, -0.10910, -0.99403, -0.00000, 0.00000, 0.00000, -0.00000, 1.00000, 0.00000, -6.85456, 19.13307, 0.00000, 1.00000, },
				{ 1.00000, -0.00313, 0.00000, 0.00000, 0.00313, 1.00000, -0.00000, 0.00000, -0.00000, 0.00000, 1.00000, 0.00000, -2.50456, 19.13307, 0.00000, 1.00000, },
				{ -0.29607, 0.38051, 0.00000, 0.00000, -0.38051, -0.29607, -0.00000, 0.00000, 0.00000, -0.00000, 0.48213, 0.00000, 4.88544, 2.28307, 0.00000, 1.00000, },
				{ -0.63766, -0.18871, 0.00000, 0.00000, 0.18871, -0.63766, -0.00000, 0.00000, 0.00000, -0.00000, 0.66500, 0.00000, 5.28544, 3.28307, 0.00000, 1.00000, },
				{ 0.33671, 0.94161, 0.00000, 0.00000, -0.94161, 0.33671, -0.00000, 0.00000, -0.00000, -0.00000, 1.00000, 0.00000, 8.98544, 4.23307, 0.00000, 1.00000, },
			},
		},
	},
}
--End Generated

function data()
	return townbuildingutil.make_building2(
		{ { -4.60, -0.10 }, { 4.60, -0.10 }, { 4.60, 9.10 }, { -4.60, 9.10 } },
		"RESIDENTIAL", 
		"C", 
		1,
		{ 3, 4 },
		generatedData,
		"construction/building/era_c/res_1_3x4_01.gtex"
	)
end
