local townbuildingutil = require "townbuildingutil"

--Model file: "building/era_c/res_1_2x2_02.mdl"

--Begin Generated
local generatedData = {
	["base"] = {
		models = {
			["building/era_c/res_1_2x2_02.mdl"] = {
				{ 1.00000, 0.00000, 0.00000, 0.00000, 0.00000, 1.00000, 0.00000, 0.00000, 0.00000, 0.00000, 1.00000, 0.00000, 0.00000, -2.45000, 0.00000, 1.00000, },
			},
		},
		curves = {
			["scaffold"] = {
				{ { 6.21713, 4.98189, 0.00000 }, { 6.21713, 4.98189, 0.00000 }, { 6.21713, 8.98769, 0.00000 }, { 6.21713, 8.98769, 0.00000 }, { 6.21713, 8.98769, 0.00000 }, { 0.82265, 10.55555, 0.00000 }, { 0.82265, 10.55555, 0.00000 }, { 0.82265, 10.55555, 0.00000 }, { -6.28780, 8.26495, 0.00000 }, { -6.28780, 8.26495, 0.00000 }, { -6.28780, 8.26495, 0.00000 }, { -6.28775, 4.30151, 0.00000 }, { -6.28775, 4.30151, 0.00000 }, { -6.28775, 4.30151, 0.00000 }, { -2.14963, 2.69029, 0.00000 }, { -2.14963, 2.69029, 0.00000 }, },
			},
			["shared/asphalt_01.gtex.lua;shared/border2.gtex.lua"] = {
				{ { 1.00000, 2.65000, 0.00000 }, { 1.00000, 2.65000, 0.00000 }, { 7.20000, 4.35000, 0.00000 }, { 7.20000, 4.35000, 0.00000 }, { 7.20000, 4.35000, 0.00000 }, { 7.20000, 9.85000, 0.00000 }, { 7.20000, 9.85000, 0.00000 }, { 7.20000, 9.85000, 0.00000 }, { 0.80000, 11.65000, 0.00000 }, { 0.80000, 11.65000, 0.00000 }, { 0.80000, 11.65000, 0.00000 }, { -8.00000, 9.00000, 0.00000 }, { -8.00000, 9.00000, 0.00000 }, { -8.00000, 9.00000, 0.00000 }, { -8.00000, 3.75000, 0.00000 }, { -8.00000, 3.75000, 0.00000 }, { -8.00000, 3.75000, 0.00000 }, { -8.00000, 0.00000, 0.00000 }, { -8.00000, 0.00000, 0.00000 }, { -8.00000, 0.00000, 0.00000 }, { -2.00000, 0.00000, 0.00000 }, { -2.00000, 0.00000, 0.00000 }, { -2.00000, 0.00000, 0.00000 }, { -2.00000, 1.85000, 0.00000 }, { -2.00000, 1.85000, 0.00000 }, },
			},
			["shared/grass_cutted_01.gtex.lua"] = {
				{ { 0.80000, 11.65000, 0.00000 }, { 0.80000, 11.65000, 0.00000 }, { 0.80000, 16.00000, 0.00000 }, { 0.80000, 16.00000, 0.00000 }, { 0.80000, 16.00000, 0.00000 }, { -8.00000, 16.00000, 0.00000 }, { -8.00000, 16.00000, 0.00000 }, { -8.00000, 16.00000, 0.00000 }, { -8.00000, 9.00000, 0.00000 }, { -8.00000, 9.00000, 0.00000 }, { -8.00000, 9.00000, 0.00000 }, },
				{ { 8.00000, 0.00000, 0.00000 }, { 8.00000, 0.00000, 0.00000 }, { 8.00000, 4.55000, 0.00000 }, { 8.00000, 4.55000, 0.00000 }, { 8.00000, 4.55000, 0.00000 }, { 7.20000, 4.35000, 0.00000 }, { 7.20000, 4.35000, 0.00000 }, { 7.20000, 4.35000, 0.00000 }, { 1.00000, 2.65000, 0.00000 }, { 1.00000, 2.65000, 0.00000 }, { 1.00000, 2.65000, 0.00000 }, { -2.00000, 1.85000, 0.00000 }, { -2.00000, 1.85000, 0.00000 }, { -2.00000, 1.85000, 0.00000 }, { -2.00000, 0.00000, 0.00000 }, { -2.00000, 0.00000, 0.00000 }, },
			},
		},
	},
	["layout_1"] = {
		groups = {
			["random_medium_tree_town.grp"] = {
				{ 0.64800, 0.00000, 0.00000, 0.00000, 0.00000, 0.64800, 0.00000, 0.00000, 0.00000, 0.00000, 0.64800, 0.00000, 6.35000, 12.13000, 0.00000, 1.00000, },
				{ 0.81000, 0.00000, 0.00000, 0.00000, 0.00000, 0.81000, 0.00000, 0.00000, 0.00000, 0.00000, 0.81000, 0.00000, 3.35000, 13.13000, 0.00000, 1.00000, },
				{ 0.81000, 0.00000, 0.00000, 0.00000, 0.00000, 0.81000, 0.00000, 0.00000, 0.00000, 0.00000, 0.81000, 0.00000, 5.35000, 15.18000, 0.00000, 1.00000, },
			},
			["random_shrub_town.grp"] = {
				{ -0.58806, 0.80882, 0.00000, 0.00000, -0.80882, -0.58806, -0.00000, 0.00000, 0.00000, -0.00000, 1.00000, 0.00000, -2.69742, 15.34120, 0.00000, 1.00000, },
				{ 0.99753, -0.07027, 0.00000, 0.00000, 0.07027, 0.99753, -0.00000, 0.00000, -0.00000, 0.00000, 1.00000, 0.00000, -4.53742, 15.08120, 0.00000, 1.00000, },
				{ -0.78854, -0.61498, 0.00000, 0.00000, 0.61498, -0.78854, -0.00000, 0.00000, 0.00000, 0.00000, 1.00000, 0.00000, -6.25742, 14.44120, 0.00000, 1.00000, },
				{ -0.65165, 0.75852, 0.00000, 0.00000, -0.75852, -0.65165, -0.00000, 0.00000, 0.00000, -0.00000, 1.00000, 0.00000, -7.27742, 14.34120, 0.00000, 1.00000, },
				{ 0.95978, -0.28077, 0.00000, 0.00000, 0.28077, 0.95978, -0.00000, 0.00000, -0.00000, 0.00000, 1.00000, 0.00000, -5.97742, 15.52120, 0.00000, 1.00000, },
				{ -0.89732, -0.44137, 0.00000, 0.00000, 0.44137, -0.89732, -0.00000, 0.00000, 0.00000, 0.00000, 1.00000, 0.00000, -7.51742, 15.42120, 0.00000, 1.00000, },
				{ -0.09516, 0.99546, 0.00000, 0.00000, -0.99546, -0.09516, -0.00000, 0.00000, 0.00000, -0.00000, 1.00000, 0.00000, -7.33742, 13.18120, 0.00000, 1.00000, },
				{ -0.00000, 1.00000, 0.00000, 0.00000, -1.00000, -0.00000, -0.00000, 0.00000, 0.00000, -0.00000, 1.00000, 0.00000, -7.39742, 11.98120, 0.00000, 1.00000, },
				{ 0.41014, 0.91202, 0.00000, 0.00000, -0.91202, 0.41014, -0.00000, 0.00000, -0.00000, -0.00000, 1.00000, 0.00000, -7.37742, 10.46120, 0.00000, 1.00000, },
				{ -0.00000, 1.00000, 0.00000, 0.00000, -1.00000, -0.00000, -0.00000, 0.00000, 0.00000, -0.00000, 1.00000, 0.00000, 4.90258, 0.66120, 0.00000, 1.00000, },
				{ -0.74548, 0.66653, 0.00000, 0.00000, -0.66653, -0.74548, -0.00000, 0.00000, 0.00000, -0.00000, 1.00000, 0.00000, 6.38258, 1.56120, 0.00000, 1.00000, },
				{ -0.00000, 1.00000, 0.00000, 0.00000, -1.00000, -0.00000, -0.00000, 0.00000, 0.00000, -0.00000, 1.00000, 0.00000, 7.20258, 1.92120, 0.00000, 1.00000, },
				{ -0.74548, 0.66653, 0.00000, 0.00000, -0.66653, -0.74548, -0.00000, 0.00000, 0.00000, -0.00000, 1.00000, 0.00000, 7.32258, 0.58120, 0.00000, 1.00000, },
				{ -0.00000, 1.00000, 0.00000, 0.00000, -1.00000, -0.00000, -0.00000, 0.00000, 0.00000, -0.00000, 1.00000, 0.00000, 5.94258, 0.66120, 0.00000, 1.00000, },
			},
		},
	},
}
--End Generated

function data()
	return townbuildingutil.make_building2(
		{ { -4.60, -0.10 }, { 4.60, -0.10 }, { 4.60, 9.10 }, { -4.60, 9.10 } },
		"RESIDENTIAL", 
		"C", 
		1,
		{ 2, 2 },
		generatedData,
		"construction/building/era_c/res_1_2x2_02.gtex"
	)
end
