local townbuildingutil = require "townbuildingutil"

--Model file: "building/era_c/res_3_2x3_03.mdl"

--Begin Generated
local generatedData = {
	["base"] = {
		models = {
			["building/era_c/res_3_2x3_03.mdl"] = {
				{ 1.00000, 0.00000, 0.00000, 0.00000, 0.00000, 1.00000, 0.00000, 0.00000, 0.00000, 0.00000, 1.00000, 0.00000, 0.00000, 0.00000, 0.00000, 1.00000, },
			},
		},
		curves = {
			["scaffold"] = {
				{ { 0.50763, 0.99588, 0.00000 }, { 0.50763, 0.99588, 0.00000 }, { 0.50763, 3.72853, 0.00000 }, { 0.50763, 3.72853, 0.00000 }, { 0.50763, 3.72853, 0.00000 }, { 3.56290, 3.56271, 0.00000 }, { 3.56290, 3.56271, 0.00000 }, { 3.56290, 3.56271, 0.00000 }, { 4.78430, 13.45848, 0.00000 }, { 4.78430, 13.45848, 0.00000 }, { 4.78430, 13.45848, 0.00000 }, { 4.13922, 15.44168, 0.00000 }, { 4.13922, 15.44168, 0.00000 }, { 4.13922, 15.44168, 0.00000 }, { 5.09186, 23.16016, 0.00000 }, { 5.09186, 23.16016, 0.00000 }, { 5.09186, 23.16016, 0.00000 }, { 0.24338, 23.11937, 0.00000 }, { 0.24338, 23.11937, 0.00000 }, { 0.24338, 23.11937, 0.00000 }, { -3.98062, 21.14900, 0.00000 }, { -3.98062, 21.14900, 0.00000 }, { -3.98062, 21.14900, 0.00000 }, { -6.90134, 17.63071, 0.00000 }, { -6.90134, 17.63071, 0.00000 }, { -6.90134, 17.63071, 0.00000 }, { -7.93921, 13.27085, 0.00000 }, { -7.93921, 13.27085, 0.00000 }, { -7.93921, 13.27085, 0.00000 }, { -7.93927, 0.99587, 0.00000 }, { -7.93927, 0.99587, 0.00000 }, },
			},
			["shared/asphalt_01.gtex.lua;shared/border2.gtex.lua"] = {
				{ { 10.00000, 0.00000, 0.00000 }, { 10.00000, 0.00000, 0.00000 }, { 10.00000, 4.00000, 0.00000 }, { 10.00000, 4.00000, 0.00000 }, { 10.00000, 4.00000, 0.00000 }, { 6.00000, 4.00000, 0.00000 }, { 6.00000, 4.00000, 0.00000 }, { 6.00000, 4.00000, 0.00000 }, { 6.00000, 0.00000, 0.00000 }, { 6.00000, 0.00000, 0.00000 }, },
				{ { 12.00000, 0.00000, 0.00000 }, { 12.00000, 0.00000, 0.00000 }, { 12.00000, 23.99999, 0.00000 }, { 12.00000, 24.00000, 0.00000 }, { 12.00000, 24.00000, 0.00000 }, { -12.00000, 24.00000, 0.00000 }, { -12.00000, 24.00000, 0.00000 }, { -12.00000, 23.99999, 0.00000 }, { -12.00000, 0.00000, 0.00000 }, { -12.00000, 0.00000, 0.00000 }, { -12.00000, 0.00000, 0.00000 }, { 6.00000, 0.00000, 0.00000 }, { 6.00000, 0.00000, 0.00000 }, { 6.00000, 0.00000, 0.00000 }, { 6.00000, 20.00000, 0.00000 }, { 6.00000, 20.00000, 0.00000 }, { 6.00000, 20.00000, 0.00000 }, { 10.00000, 20.00000, 0.00000 }, { 10.00000, 20.00000, 0.00000 }, { 10.00000, 20.00000, 0.00000 }, { 10.00000, 0.00000, 0.00000 }, { 10.00000, 0.00000, 0.00000 }, },
			},
			["shared/grass_cutted_01.gtex.lua"] = {
				{ { 10.00000, 4.00000, 0.00000 }, { 10.00000, 4.00000, 0.00000 }, { 10.00000, 20.00000, 0.00000 }, { 10.00000, 20.00000, 0.00000 }, { 10.00000, 20.00000, 0.00000 }, { 6.00000, 20.00000, 0.00000 }, { 6.00000, 20.00000, 0.00000 }, { 6.00000, 20.00000, 0.00000 }, { 6.00000, 4.00000, 0.00000 }, { 6.00000, 4.00000, 0.00000 }, },
			},
		},
	},
	["layout_1"] = {
		models = {
			["asset/ground/garden_chair_plastic_01.mdl"] = {
				{ 0.73135, 0.68200, 0.00000, 0.00000, -0.68200, 0.73135, 0.00000, 0.00000, 0.00000, 0.00000, 1.00000, 0.00000, 3.10000, 12.74000, 16.97500, 1.00000, align = { 0.00000, 0.00000 }, },
				{ -0.28903, 0.95732, 0.00000, 0.00000, -0.95732, -0.28903, 0.00000, 0.00000, 0.00000, 0.00000, 1.00000, 0.00000, 3.03500, 11.57500, 16.97500, 1.00000, align = { 0.00000, 0.00000 }, },
			},
			["asset/ground/garden_chair_wood_01.mdl"] = {
				{ 0.80073, 0.59902, 0.00000, 0.00000, -0.59902, 0.80073, 0.00000, 0.00000, 0.00000, 0.00000, 1.00000, 0.00000, 1.22000, 13.86000, 28.17000, 1.00000, align = { 0.00000, 0.00000 }, },
				{ 0.80073, 0.59902, 0.00000, 0.00000, -0.59902, 0.80073, 0.00000, 0.00000, 0.00000, 0.00000, 1.00000, 0.00000, 1.22000, 7.36000, 28.17000, 1.00000, align = { 0.00000, 0.00000 }, },
				{ -0.29737, 0.95476, 0.00000, 0.00000, -0.95476, -0.29737, 0.00000, 0.00000, 0.00000, 0.00000, 1.00000, 0.00000, 0.87500, 12.75500, 28.17000, 1.00000, align = { 0.00000, 0.00000 }, },
				{ -0.29737, 0.95476, 0.00000, 0.00000, -0.95476, -0.29737, 0.00000, 0.00000, 0.00000, 0.00000, 1.00000, 0.00000, 0.87500, 6.25500, 28.17000, 1.00000, align = { 0.00000, 0.00000 }, },
			},
			["asset/ground/garden_table_round_wood_01.mdl"] = {
				{ 1.00000, 0.00000, 0.00000, 0.00000, 0.00000, 1.00000, 0.00000, 0.00000, 0.00000, 0.00000, 1.00000, 0.00000, 1.68000, 13.14000, 28.17000, 1.00000, align = { 0.00000, 0.00000 }, },
				{ 1.00000, 0.00000, 0.00000, 0.00000, 0.00000, 1.00000, 0.00000, 0.00000, 0.00000, 0.00000, 1.00000, 0.00000, 1.68000, 6.64000, 28.17000, 1.00000, align = { 0.00000, 0.00000 }, },
			},
		},
		groups = {
			["garden_sunshade_large_01.grp"] = {
				{ 1.00000, 0.00000, 0.00000, 0.00000, 0.00000, 1.00000, 0.00000, 0.00000, 0.00000, 0.00000, 1.00000, 0.00000, 1.68000, 13.14000, 28.17000, 1.00000, align = { 0.00000, 0.00000 }, },
			},
			["garden_sunshade_large_02.grp"] = {
				{ 1.00000, 0.00000, 0.00000, 0.00000, 0.00000, 1.00000, 0.00000, 0.00000, 0.00000, 0.00000, 1.00000, 0.00000, 4.04000, 12.70000, 17.03000, 1.00000, align = { 0.00000, 0.00000 }, },
				{ 1.00000, 0.00000, 0.00000, 0.00000, 0.00000, 1.00000, 0.00000, 0.00000, 0.00000, 0.00000, 1.00000, 0.00000, 1.68000, 6.64000, 28.17000, 1.00000, align = { 0.00000, 0.00000 }, },
			},
			["random_medium_tree_town.grp"] = {
				{ 0.40355, -0.91496, 0.00000, 0.00000, 0.91496, 0.40355, 0.00000, 0.00000, 0.00000, 0.00000, 1.00000, 0.00000, -10.10000, 20.80000, 0.00000, 1.00000, },
			},
			["random_shrub_town.grp"] = {
				{ -0.99831, 0.05803, 0.00000, 0.00000, -0.05803, -0.99831, -0.00000, 0.00000, 0.00000, -0.00000, 1.00000, 0.00000, 8.11084, 18.83533, 0.00000, 1.00000, },
				{ -0.05803, -0.99831, 0.00000, 0.00000, 0.99831, -0.05803, -0.00000, 0.00000, 0.00000, 0.00000, 1.00000, 0.00000, 8.11084, 17.33533, 0.00000, 1.00000, },
				{ 0.99831, -0.05803, 0.00000, 0.00000, 0.05803, 0.99831, -0.00000, 0.00000, -0.00000, 0.00000, 1.00000, 0.00000, 8.11084, 15.83533, 0.00000, 1.00000, },
				{ 0.05803, 0.99831, 0.00000, 0.00000, -0.99831, 0.05803, -0.00000, 0.00000, -0.00000, -0.00000, 1.00000, 0.00000, 8.11084, 14.33533, 0.00000, 1.00000, },
				{ -0.99831, 0.05803, 0.00000, 0.00000, -0.05803, -0.99831, -0.00000, 0.00000, 0.00000, -0.00000, 1.00000, 0.00000, 8.11084, 12.83533, 0.00000, 1.00000, },
				{ -0.05804, -0.99831, 0.00000, 0.00000, 0.99831, -0.05804, -0.00000, 0.00000, 0.00000, 0.00000, 1.00000, 0.00000, 8.11084, 11.33533, 0.00000, 1.00000, },
				{ 0.99831, -0.05804, 0.00000, 0.00000, 0.05804, 0.99831, -0.00000, 0.00000, -0.00000, 0.00000, 1.00000, 0.00000, 8.11084, 9.83533, 0.00000, 1.00000, },
				{ 0.05804, 0.99831, 0.00000, 0.00000, -0.99831, 0.05804, -0.00000, 0.00000, -0.00000, -0.00000, 1.00000, 0.00000, 8.11084, 8.33533, 0.00000, 1.00000, },
				{ -0.99831, 0.05804, 0.00000, 0.00000, -0.05804, -0.99831, -0.00000, 0.00000, 0.00000, -0.00000, 1.00000, 0.00000, 8.11084, 6.83533, 0.00000, 1.00000, },
				{ -0.05804, -0.99831, 0.00000, 0.00000, 0.99831, -0.05804, -0.00000, 0.00000, 0.00000, 0.00000, 1.00000, 0.00000, 8.11084, 5.33533, 0.00000, 1.00000, },
			},
		},
	},
}
--End Generated

function data()
	return townbuildingutil.make_building2(
		{ { -4.60, -0.10 }, { 4.60, -0.10 }, { 4.60, 9.10 }, { -4.60, 9.10 } },
		"RESIDENTIAL", 
		"C", 
		3,
		{ 3, 3 },
		generatedData,
		"construction/building/era_c/res_3_3x3_01.gtex"
	)
end
