local townbuildingutil = require "townbuildingutil"

--Model file: "building/era_c/res_3_1x2_01.mdl"

--Begin Generated
local generatedData = {
	["base"] = {
		models = {
			["building/era_c/res_3_1x2_01.mdl"] = {
				{ 1.00000, 0.00000, 0.00000, 0.00000, 0.00000, 1.00000, 0.00000, 0.00000, 0.00000, 0.00000, 1.00000, 0.00000, 0.00000, 0.00000, 0.00000, 1.00000, },
			},
		},
		curves = {
			["scaffold"] = {
				{ { 2.58669, 0.50711, 0.00000 }, { 2.58669, 0.50711, 0.00000 }, { 2.58669, 6.78513, 0.00000 }, { 2.58669, 6.78513, 0.00000 }, { 2.58669, 6.78513, 0.00000 }, { 3.37639, 6.94577, 0.00000 }, { 3.37639, 6.94577, 0.00000 }, { 3.37639, 6.94577, 0.00000 }, { 3.37639, 14.53748, 0.00000 }, { 3.37639, 14.53748, 0.00000 }, { 3.37639, 14.53748, 0.00000 }, { -3.08342, 15.44740, 0.00000 }, { -3.08342, 15.44740, 0.00000 }, { -3.08342, 15.44740, 0.00000 }, { -3.08342, 5.62892, 0.00000 }, { -3.08342, 5.62892, 0.00000 }, { -3.08342, 5.62892, 0.00000 }, { -2.59973, 5.72923, 0.00000 }, { -2.59973, 5.72923, 0.00000 }, { -2.59973, 5.72923, 0.00000 }, { -2.59972, 1.42275, 0.00000 }, { -2.59972, 1.42275, 0.00000 }, },
			},
			["shared/asphalt_01.gtex.lua;shared/border2.gtex.lua"] = {
				{ { 3.40000, 0.00000, 0.00000 }, { 3.40000, 0.00000, 0.00000 }, { 3.55000, 6.04999, 0.00000 }, { 3.55000, 6.05000, 0.00000 }, { 3.55000, 6.05000, 0.00000 }, { 4.00000, 6.15000, 0.00000 }, { 4.00000, 6.15000, 0.00000 }, { 4.00000, 6.15000, 0.00000 }, { 4.00000, 16.00000, 0.00000 }, { 4.00000, 16.00000, 0.00000 }, { 4.00000, 16.00000, 0.00000 }, { -0.90000, 16.00000, 0.00000 }, { -0.90000, 16.00000, 0.00000 }, { -0.90000, 16.00000, 0.00000 }, { -4.00000, 16.00000, 0.00000 }, { -4.00000, 16.00000, 0.00000 }, { -4.00000, 16.00000, 0.00000 }, { -4.00000, 4.80000, 0.00000 }, { -4.00000, 4.80000, 0.00000 }, { -4.00000, 4.80000, 0.00000 }, { -3.50000, 4.80000, 0.00000 }, { -3.50000, 4.80000, 0.00000 }, { -3.50000, 4.80000, 0.00000 }, { -3.50000, 0.65000, 0.00000 }, { -3.50000, 0.65000, 0.00000 }, { -3.50000, 0.65000, 0.00000 }, { -0.60000, 0.20000, 0.00000 }, { -0.60000, 0.20000, 0.00000 }, { -0.60000, 0.20000, 0.00000 }, { -0.60000, 0.00000, 0.00000 }, { -0.60000, 0.00000, 0.00000 }, },
			},
		},
	},
	["layout_1"] = {
		models = {
			["asset/ground/garden_chair_wood_01.mdl"] = {
				{ 0.99863, -0.05234, 0.00000, 0.00000, 0.05234, 0.99863, 0.00000, 0.00000, 0.00000, 0.00000, 1.00000, 0.00000, -0.42000, 4.34000, 14.20000, 1.00000, align = { 0.00000, 0.00000 }, },
				{ -0.99488, 0.10106, 0.00000, 0.00000, -0.10106, -0.99488, 0.00000, 0.00000, 0.00000, 0.00000, 1.00000, 0.00000, -0.55000, 2.93000, 14.20000, 1.00000, align = { 0.00000, 0.00000 }, },
				{ 0.01396, 0.99990, 0.00000, 0.00000, -0.99990, 0.01396, 0.00000, 0.00000, 0.00000, 0.00000, 1.00000, 0.00000, -1.31000, 3.68000, 14.20000, 1.00000, align = { 0.00000, 0.00000 }, },
				{ 0.99863, -0.05234, 0.00000, 0.00000, 0.05234, 0.99863, 0.00000, 0.00000, 0.00000, 0.00000, 1.00000, 0.00000, 0.65000, 4.34000, 14.20000, 1.00000, align = { 0.00000, 0.00000 }, },
				{ 0.03490, -0.99939, 0.00000, 0.00000, 0.99939, 0.03490, 0.00000, 0.00000, 0.00000, 0.00000, 1.00000, 0.00000, 1.45000, 3.59000, 14.20000, 1.00000, align = { 0.00000, 0.00000 }, },
				{ -0.99488, 0.10106, 0.00000, 0.00000, -0.10106, -0.99488, 0.00000, 0.00000, 0.00000, 0.00000, 1.00000, 0.00000, 0.52000, 2.93000, 14.20000, 1.00000, align = { 0.00000, 0.00000 }, },
			},
			["asset/ground/garden_table_metal_01.mdl"] = {
				{ 0.99863, -0.05234, 0.00000, 0.00000, 0.05234, 0.99863, 0.00000, 0.00000, 0.00000, 0.00000, 1.00000, 0.00000, 0.02000, 3.69000, 14.20000, 1.00000, align = { 0.00000, 0.00000 }, },
			},
		},
		groups = {
			["era_c_pavillion_on_off.grp"] = {
				{ 0.99863, -0.05234, 0.00000, 0.00000, 0.05234, 0.99863, 0.00000, 0.00000, 0.00000, 0.00000, 1.00000, 0.00000, 0.02000, 3.69000, 14.20000, 1.00000, align = { 0.00000, 0.00000 }, },
			},
		},
	},
}
--End Generated

function data()
	return townbuildingutil.make_building2(
		{ { -4.60, -0.10 }, { 4.60, -0.10 }, { 4.60, 9.10 }, { -4.60, 9.10 } },
		"RESIDENTIAL", 
		"C", 
		3,
		{ 1, 2 },
		generatedData,
		"construction/building/era_c/res_3_1x2_01.gtex"
	)
end
