local townbuildingutil = require "townbuildingutil"

--Model file: "building/era_c/res_2_3x3_03.mdl"

--Begin Generated
local generatedData = {
	["base"] = {
		models = {
			["building/era_c/res_2_3x3_03.mdl"] = {
				{ 1.00000, 0.00000, 0.00000, 0.00000, 0.00000, 1.00000, 0.00000, 0.00000, 0.00000, 0.00000, 1.00000, 0.00000, -0.15000, 4.25000, 0.00000, 1.00000, },
			},
		},
		curves = {
			["scaffold"] = {
				{ { 1.65759, 5.06859, 0.00000 }, { 1.65759, 5.06859, 0.00000 }, { 1.66028, 7.96446, 0.00000 }, { 1.66028, 7.96446, 0.00000 }, { 1.66028, 7.96446, 0.00000 }, { 5.50604, 8.52625, 0.00000 }, { 5.50604, 8.52625, 0.00000 }, { 5.50604, 8.52625, 0.00000 }, { 5.32001, 10.07500, 0.00000 }, { 5.32001, 10.07500, 0.00000 }, { 5.32001, 10.07500, 0.00000 }, { 7.22662, 10.30986, 0.00000 }, { 7.22662, 10.30986, 0.00000 }, { 7.22662, 10.30986, 0.00000 }, { 6.49109, 16.46609, 0.00000 }, { 6.49109, 16.46609, 0.00000 }, { 6.49109, 16.46609, 0.00000 }, { 4.58789, 16.24236, 0.00000 }, { 4.58789, 16.24236, 0.00000 }, { 4.58789, 16.24236, 0.00000 }, { 4.20215, 19.21764, 0.00000 }, { 4.20215, 19.21764, 0.00000 }, { 4.20215, 19.21764, 0.00000 }, { 6.13525, 19.44490, 0.00000 }, { 6.13525, 19.44490, 0.00000 }, { 6.13525, 19.44491, 0.00000 }, { 5.39972, 25.60111, 0.00000 }, { 5.39972, 25.60111, 0.00000 }, { 5.39972, 25.60111, 0.00000 }, { 3.49499, 25.37500, 0.00000 }, { 3.49499, 25.37500, 0.00000 }, { 3.49499, 25.37500, 0.00000 }, { 3.27551, 27.19853, 0.00000 }, { 3.27551, 27.19853, 0.00000 }, { 3.27551, 27.19853, 0.00000 }, { -5.85938, 26.65152, 0.00000 }, { -5.85938, 26.65152, 0.00000 }, { -5.85938, 26.65152, 0.00000 }, { -5.85889, 23.44097, 0.00000 }, { -5.85889, 23.44097, 0.00000 }, { -5.85889, 23.44097, 0.00000 }, { -9.84448, 23.57912, 0.00000 }, { -9.84448, 23.57912, 0.00000 }, { -9.84448, 23.57912, 0.00000 }, { -7.39502, 5.06860, 0.00000 }, { -7.39502, 5.06859, 0.00000 }, },
			},
			["shared/asphalt_01.gtex.lua;shared/border2.gtex.lua"] = {
				{ { 5.50000, 0.00000, 0.00000 }, { 5.50000, 0.00000, 0.00000 }, { 5.50000, 7.58000, 0.00000 }, { 5.50000, 7.58000, 0.00000 }, { 5.50000, 7.58000, 0.00000 }, { 6.53998, 7.72000, 0.00000 }, { 6.53998, 7.72000, 0.00000 }, { 6.53998, 7.72000, 0.00000 }, { 4.09998, 28.20000, 0.00000 }, { 4.09998, 28.20000, 0.00000 }, { 4.09998, 28.20000, 0.00000 }, { -6.79999, 27.55000, 0.00000 }, { -6.79999, 27.55000, 0.00000 }, { -6.79999, 27.55000, 0.00000 }, { -6.75000, 24.40000, 0.00000 }, { -6.75000, 24.40000, 0.00000 }, { -6.75000, 24.40000, 0.00000 }, { -10.75000, 24.40000, 0.00000 }, { -10.75000, 24.40000, 0.00000 }, { -10.75000, 24.39999, 0.00000 }, { -8.21997, 4.14000, 0.00000 }, { -8.21997, 4.14000, 0.00000 }, { -8.21997, 4.14000, 0.00000 }, { 1.50000, 4.15000, 0.00000 }, { 1.50000, 4.15000, 0.00000 }, { 1.50000, 4.15000, 0.00000 }, { 1.50000, 0.00000, 0.00000 }, { 1.50000, 0.00000, 0.00000 }, },
			},
			["shared/grass_cutted_01.gtex.lua"] = {
				{ { 16.00000, 7.72000, 0.00000 }, { 16.00000, 7.72000, 0.00000 }, { 16.00000, 32.00000, 0.00000 }, { 16.00000, 32.00000, 0.00000 }, { 16.00000, 32.00000, 0.00000 }, { -16.00000, 32.00000, 0.00000 }, { -16.00000, 32.00000, 0.00000 }, { -16.00000, 32.00000, 0.00000 }, { -16.00000, 4.14000, 0.00000 }, { -16.00000, 4.14000, 0.00000 }, { -16.00000, 4.14000, 0.00000 }, { -8.21997, 4.14000, 0.00000 }, { -8.21997, 4.14000, 0.00000 }, { -8.21997, 4.14000, 0.00000 }, { -10.75000, 24.39999, 0.00000 }, { -10.75000, 24.40000, 0.00000 }, { -10.75000, 24.40000, 0.00000 }, { -6.75000, 24.40000, 0.00000 }, { -6.75000, 24.40000, 0.00000 }, { -6.75000, 24.40000, 0.00000 }, { -6.79999, 27.55000, 0.00000 }, { -6.79999, 27.55000, 0.00000 }, { -6.79999, 27.55000, 0.00000 }, { 4.09998, 28.20000, 0.00000 }, { 4.09998, 28.20000, 0.00000 }, { 4.09998, 28.20000, 0.00000 }, { 12.00000, 28.20000, 0.00000 }, { 12.00000, 28.20000, 0.00000 }, { 12.00000, 28.20000, 0.00000 }, { 12.00000, 7.72000, 0.00000 }, { 12.00000, 7.72000, 0.00000 }, },
				{ { 16.00000, 0.00000, 0.00000 }, { 16.00000, 0.00000, 0.00000 }, { 16.00000, 7.72000, 0.00000 }, { 16.00000, 7.72000, 0.00000 }, { 16.00000, 7.72000, 0.00000 }, { 6.53998, 7.72000, 0.00000 }, { 6.53998, 7.72000, 0.00000 }, { 6.53998, 7.72000, 0.00000 }, { 5.50000, 7.58000, 0.00000 }, { 5.50000, 7.58000, 0.00000 }, { 5.50000, 7.58000, 0.00000 }, { 5.50000, 0.00000, 0.00000 }, { 5.50000, 0.00000, 0.00000 }, },
			},
			["shared/gravel_02.gtex.lua;shared/border2.gtex.lua"] = {
				{ { 1.50000, 0.00000, 0.00000 }, { 1.50000, 0.00000, 0.00000 }, { 1.50000, 4.15000, 0.00000 }, { 1.50000, 4.15000, 0.00000 }, { 1.50000, 4.15000, 0.00000 }, { -16.00000, 4.14000, 0.00000 }, { -16.00000, 4.14000, 0.00000 }, { -16.00000, 4.14000, 0.00000 }, { -16.00000, 0.00000, 0.00000 }, { -16.00000, 0.00000, 0.00000 }, },
				{ { 6.53998, 7.72000, 0.00000 }, { 6.53998, 7.72000, 0.00000 }, { 12.00000, 7.72000, 0.00000 }, { 12.00000, 7.72000, 0.00000 }, { 12.00000, 7.72001, 0.00000 }, { 12.00000, 28.20000, 0.00000 }, { 12.00000, 28.20000, 0.00000 }, { 12.00000, 28.20000, 0.00000 }, { 4.09998, 28.20000, 0.00000 }, { 4.09998, 28.20000, 0.00000 }, },
			},
		},
	},
	["layout_1"] = {
		models = {
			["asset/ground/garden_chair_metal_01.mdl"] = {
				{ 0.93969, 0.34202, 0.00000, 0.00000, -0.34202, 0.93969, 0.00000, 0.00000, 0.00000, 0.00000, 1.00000, 0.00000, 4.24000, 24.40000, 5.68500, 1.00000, align = { -0.15000, 4.25000 }, },
				{ -0.54464, 0.83867, 0.00000, 0.00000, -0.83867, -0.54464, -0.00000, 0.00000, 0.00000, -0.00000, 1.00000, 0.00000, 4.08500, 22.92500, 5.68500, 1.00000, align = { -0.15000, 4.25000 }, },
			},
			["asset/ground/garden_chair_plastic_01.mdl"] = {
				{ 0.55194, 0.83389, 0.00000, 0.00000, -0.83389, 0.55194, 0.00000, 0.00000, 0.00000, 0.00000, 1.00000, 0.00000, 5.06000, 15.83000, 5.70400, 1.00000, align = { -0.15000, 4.25000 }, },
				{ -0.51504, 0.85717, 0.00000, 0.00000, -0.85717, -0.51504, -0.00000, 0.00000, 0.00000, -0.00000, 1.00000, 0.00000, 5.08000, 14.33000, 5.70400, 1.00000, align = { -0.15000, 4.25000 }, },
				{ -0.51504, 0.85717, 0.00000, 0.00000, -0.85717, -0.51504, -0.00000, 0.00000, 0.00000, -0.00000, 1.00000, 0.00000, 4.88500, 20.25000, 11.28400, 1.00000, align = { -0.15000, 4.25000 }, },
				{ 0.64412, 0.76492, 0.00000, 0.00000, -0.76492, 0.64412, 0.00000, 0.00000, 0.00000, 0.00000, 1.00000, 0.00000, 4.31000, 21.88000, 11.28400, 1.00000, align = { -0.15000, 4.25000 }, },
			},
			["asset/ground/garden_chair_wood_01.mdl"] = {
				{ -0.89571, 0.44464, 0.00000, 0.00000, -0.44461, -0.89566, 0.01047, 0.00000, 0.00466, 0.00938, 0.99995, 0.00000, 5.63000, 13.45000, 14.07800, 1.00000, align = { -0.15000, 4.25000 }, },
				{ 0.72417, 0.68962, 0.00000, 0.00000, -0.68958, 0.72413, 0.01047, 0.00000, 0.00722, -0.00758, 0.99995, 0.00000, 5.59500, 14.73500, 14.07800, 1.00000, align = { -0.15000, 4.25000 }, },
			},
			["asset/ground/garden_table_round_metal_01.mdl"] = {
				{ 1.00000, 0.00000, 0.00000, 0.00000, 0.00000, 1.00000, 0.00000, 0.00000, 0.00000, 0.00000, 1.00000, 0.00000, 4.76000, 23.46500, 5.68800, 1.00000, align = { -0.15000, 4.25000 }, },
			},
			["asset/ground/garden_table_round_wood_01.mdl"] = {
				{ 1.00000, 0.00000, 0.00000, 0.00000, 0.00000, 1.00000, 0.00000, 0.00000, 0.00000, 0.00000, 1.00000, 0.00000, 5.63000, 14.97000, 5.70400, 1.00000, align = { -0.15000, 4.25000 }, },
				{ 0.35837, -0.93358, 0.00000, 0.00000, 0.93358, 0.35837, 0.00000, 0.00000, 0.00000, 0.00000, 1.00000, 0.00000, 5.96500, 14.14000, 14.07800, 1.00000, align = { -0.15000, 4.25000 }, },
			},
		},
		groups = {
			["garden_sunshade_small.grp"] = {
				{ 0.08716, 0.99619, 0.00000, 0.00000, -0.99619, 0.08716, 0.00000, 0.00000, 0.00000, 0.00000, 1.00000, 0.00000, 5.84400, 20.99400, 11.34000, 1.00000, align = { -0.15000, 4.25000 }, },
			},
			["random_large_tree_town.grp"] = {
				{ -0.73549, -0.39302, 0.00000, 0.00000, 0.39302, -0.73549, 0.00000, 0.00000, 0.00000, 0.00000, 0.83391, 0.00000, -8.60132, 30.90264, 0.00000, 1.00000, },
				{ 0.42748, 0.90403, 0.00000, 0.00000, -0.90403, 0.42748, 0.00000, 0.00000, 0.00000, 0.00000, 1.00000, 0.00000, -15.00000, 31.45000, 0.00000, 1.00000, },
				{ 0.42748, 0.90403, 0.00000, 0.00000, -0.90403, 0.42748, 0.00000, 0.00000, 0.00000, 0.00000, 1.00000, 0.00000, 11.45000, 4.10000, 0.00000, 1.00000, },
				{ 0.52934, -0.59619, 0.00000, 0.00000, 0.59619, 0.52934, 0.00000, 0.00000, 0.00000, 0.00000, 0.79727, 0.00000, -11.85028, 26.82486, 0.00000, 1.00000, },
			},
			["random_medium_tree_town.grp"] = {
				{ 0.97030, -0.24192, 0.00000, 0.00000, 0.24192, 0.97030, 0.00000, 0.00000, 0.00000, 0.00000, 1.00000, 0.00000, -13.30000, 8.10000, 0.00000, 1.00000, },
			},
			["random_shrub_town.grp"] = {
				{ -0.32693, -0.94505, 0.00000, 0.00000, 0.94505, -0.32693, -0.00000, 0.00000, 0.00000, 0.00000, 1.00000, 0.00000, 15.25003, 31.05000, 0.00000, 1.00000, },
				{ 0.94505, -0.32693, 0.00000, 0.00000, 0.32693, 0.94505, 0.00000, 0.00000, -0.00000, 0.00000, 1.00000, 0.00000, 15.25000, 29.55000, 0.00000, 1.00000, },
				{ 0.32693, 0.94505, 0.00000, 0.00000, -0.94505, 0.32693, 0.00000, 0.00000, -0.00000, -0.00000, 1.00000, 0.00000, 15.25000, 28.05000, 0.00000, 1.00000, },
				{ -0.94505, 0.32693, 0.00000, 0.00000, -0.32693, -0.94505, 0.00000, 0.00000, 0.00000, -0.00000, 1.00000, 0.00000, 15.25000, 26.55000, 0.00000, 1.00000, },
				{ -0.32693, -0.94505, 0.00000, 0.00000, 0.94505, -0.32693, 0.00000, 0.00000, 0.00000, 0.00000, 1.00000, 0.00000, 15.25000, 25.05000, 0.00000, 1.00000, },
				{ 0.94505, -0.32693, 0.00000, 0.00000, 0.32693, 0.94505, 0.00000, 0.00000, -0.00000, 0.00000, 1.00000, 0.00000, 15.25000, 23.55000, 0.00000, 1.00000, },
				{ 0.32693, 0.94505, 0.00000, 0.00000, -0.94505, 0.32693, 0.00000, 0.00000, -0.00000, -0.00000, 1.00000, 0.00000, 15.25000, 22.05000, 0.00000, 1.00000, },
				{ -0.94505, 0.32693, 0.00000, 0.00000, -0.32693, -0.94505, 0.00000, 0.00000, 0.00000, -0.00000, 1.00000, 0.00000, 15.25000, 20.55000, 0.00000, 1.00000, },
				{ -0.32693, -0.94505, 0.00000, 0.00000, 0.94505, -0.32693, 0.00000, 0.00000, 0.00000, 0.00000, 1.00000, 0.00000, 15.25000, 19.05000, 0.00000, 1.00000, },
				{ 0.94505, -0.32693, 0.00000, 0.00000, 0.32693, 0.94505, 0.00000, 0.00000, -0.00000, 0.00000, 1.00000, 0.00000, 15.25000, 17.55000, 0.00000, 1.00000, },
				{ 0.32693, 0.94505, 0.00000, 0.00000, -0.94505, 0.32693, 0.00000, 0.00000, -0.00000, -0.00000, 1.00000, 0.00000, 15.25000, 16.05000, 0.00000, 1.00000, },
				{ -0.94505, 0.32693, 0.00000, 0.00000, -0.32693, -0.94505, 0.00000, 0.00000, 0.00000, -0.00000, 1.00000, 0.00000, 15.25000, 14.55000, 0.00000, 1.00000, },
				{ -0.32693, -0.94505, 0.00000, 0.00000, 0.94505, -0.32693, 0.00000, 0.00000, 0.00000, 0.00000, 1.00000, 0.00000, 15.25000, 13.05000, 0.00000, 1.00000, },
				{ 0.94505, -0.32693, 0.00000, 0.00000, 0.32693, 0.94505, 0.00000, 0.00000, -0.00000, 0.00000, 1.00000, 0.00000, 15.25000, 11.55000, 0.00000, 1.00000, },
				{ 0.32693, 0.94505, 0.00000, 0.00000, -0.94505, 0.32693, 0.00000, 0.00000, -0.00000, -0.00000, 1.00000, 0.00000, 15.25000, 10.05000, 0.00000, 1.00000, },
				{ -0.94505, 0.32693, 0.00000, 0.00000, -0.32693, -0.94505, 0.00000, 0.00000, 0.00000, -0.00000, 1.00000, 0.00000, 15.25000, 8.55000, 0.00000, 1.00000, },
				{ -0.15096, -0.98854, 0.00000, 0.00000, 0.98854, -0.15096, 0.00000, 0.00000, -0.00000, 0.00000, 1.00000, 0.00000, 12.92999, 8.55000, 0.00000, 1.00000, },
				{ -0.05490, 0.99849, 0.00000, 0.00000, -0.99849, -0.05490, 0.00000, 0.00000, 0.00000, -0.00000, 1.00000, 0.00000, 13.10001, 3.30000, 0.00000, 1.00000, },
				{ 0.28066, -0.95981, 0.00000, 0.00000, 0.95981, 0.28066, 0.00000, 0.00000, -0.00000, 0.00000, 1.00000, 0.00000, 11.70001, 1.62000, 0.00000, 1.00000, },
				{ 0.98556, 0.16934, 0.00000, 0.00000, -0.16934, 0.98556, 0.00239, 0.00000, 0.00041, -0.00236, 1.00000, 0.00000, -12.54999, 18.12000, 0.00000, 1.00000, },
				{ -0.89195, -0.45214, 0.00000, 0.00000, 0.45214, -0.89194, 0.00283, 0.00000, -0.00128, 0.00253, 1.00000, 0.00000, -11.64999, 16.27000, 0.00000, 1.00000, },
				{ -0.61462, 0.78882, 0.00000, 0.00000, -0.78882, -0.61462, 0.00208, 0.00000, 0.00164, 0.00128, 1.00000, 0.00000, -13.10001, 16.97000, 0.00000, 1.00000, },
				{ 0.77010, -0.63792, 0.00000, 0.00000, 0.63792, 0.77010, 0.00253, 0.00000, -0.00161, -0.00195, 1.00000, 0.00000, -13.45001, 15.12000, 0.00000, 1.00000, },
				{ -0.08380, -0.99648, 0.00000, 0.00000, 0.99648, -0.08380, 0.00000, 0.00000, -0.00000, 0.00000, 1.00000, 0.00000, 10.25998, 2.64000, 0.00000, 1.00000, },
				{ 0.81670, -0.57707, 0.00000, 0.00000, 0.57707, 0.81670, 0.00000, 0.00000, -0.00000, 0.00000, 1.00000, 0.00000, 10.25998, 5.20000, 0.00000, 1.00000, },
				{ 0.21340, 0.97696, 0.00000, 0.00000, -0.97696, 0.21340, 0.00000, 0.00000, -0.00000, -0.00000, 1.00000, 0.00000, 12.07999, 5.20000, 0.00000, 1.00000, },
				{ 0.94505, -0.32693, 0.00000, 0.00000, 0.32693, 0.94505, 0.00000, 0.00000, -0.00000, 0.00000, 1.00000, 0.00000, 13.75000, 31.05000, 0.00000, 1.00000, },
				{ 0.94505, -0.32693, 0.00000, 0.00000, 0.32693, 0.94505, 0.00000, 0.00000, -0.00000, 0.00000, 1.00000, 0.00000, -5.89999, 3.00000, 0.00000, 1.00000, },
				{ 0.94505, -0.32693, 0.00000, 0.00000, 0.32693, 0.94505, 0.00000, 0.00000, -0.00000, 0.00000, 1.00000, 0.00000, -0.89999, 3.00000, 0.00000, 1.00000, },
				{ -0.20992, 0.97772, 0.00000, 0.00000, -0.97772, -0.20992, 0.00000, 0.00000, 0.00000, -0.00000, 1.00000, 0.00000, 0.50000, 3.00000, 0.00000, 1.00000, },
				{ 0.32693, 0.94505, 0.00000, 0.00000, -0.94505, 0.32693, 0.00000, 0.00000, -0.00000, -0.00000, 1.00000, 0.00000, 12.25000, 31.05000, 0.00000, 1.00000, },
				{ 0.32693, 0.94505, 0.00000, 0.00000, -0.94505, 0.32693, 0.00000, 0.00000, -0.00000, -0.00000, 1.00000, 0.00000, -7.39999, 3.00000, 0.00000, 1.00000, },
				{ 0.32693, 0.94505, 0.00000, 0.00000, -0.94505, 0.32693, 0.00000, 0.00000, -0.00000, -0.00000, 1.00000, 0.00000, -2.39999, 3.00000, 0.00000, 1.00000, },
				{ -0.94505, 0.32693, 0.00000, 0.00000, -0.32693, -0.94505, 0.00000, 0.00000, 0.00000, -0.00000, 1.00000, 0.00000, 10.75000, 31.05000, 0.00000, 1.00000, },
				{ -0.94505, 0.32693, 0.00000, 0.00000, -0.32693, -0.94505, 0.00000, 0.00000, 0.00000, -0.00000, 1.00000, 0.00000, -8.89999, 3.00000, 0.00000, 1.00000, },
				{ -0.94505, 0.32693, 0.00000, 0.00000, -0.32693, -0.94505, 0.00000, 0.00000, 0.00000, -0.00000, 1.00000, 0.00000, -3.89999, 3.00000, 0.00000, 1.00000, },
				{ -0.32693, -0.94505, 0.00000, 0.00000, 0.94505, -0.32693, 0.00000, 0.00000, 0.00000, 0.00000, 1.00000, 0.00000, 9.25000, 31.05000, 0.00000, 1.00000, },
				{ -0.32693, -0.94505, 0.00000, 0.00000, 0.94505, -0.32693, 0.00000, 0.00000, 0.00000, 0.00000, 1.00000, 0.00000, -10.39999, 3.00000, 0.00000, 1.00000, },
				{ -0.32693, -0.94505, 0.00000, 0.00000, 0.94505, -0.32693, 0.00000, 0.00000, 0.00000, 0.00000, 1.00000, 0.00000, -5.04999, 3.00000, 0.00000, 1.00000, },
				{ 0.94505, -0.32693, 0.00000, 0.00000, 0.32693, 0.94505, 0.00000, 0.00000, -0.00000, 0.00000, 1.00000, 0.00000, 7.75000, 31.05000, 0.00000, 1.00000, },
				{ 0.94505, -0.32693, 0.00000, 0.00000, 0.32693, 0.94505, 0.00000, 0.00000, -0.00000, 0.00000, 1.00000, 0.00000, -11.89999, 3.00000, 0.00000, 1.00000, },
				{ 0.32693, 0.94505, 0.00000, 0.00000, -0.94505, 0.32693, 0.00000, 0.00000, -0.00000, -0.00000, 1.00000, 0.00000, 6.25000, 31.05000, 0.00000, 1.00000, },
				{ 0.32693, 0.94505, 0.00000, 0.00000, -0.94505, 0.32693, 0.00000, 0.00000, -0.00000, -0.00000, 1.00000, 0.00000, -13.39999, 3.00000, 0.00000, 1.00000, },
				{ -0.94505, 0.32693, 0.00000, 0.00000, -0.32693, -0.94505, 0.00000, 0.00000, 0.00000, -0.00000, 1.00000, 0.00000, 4.75000, 31.05000, 0.00000, 1.00000, },
				{ -0.94505, 0.32693, 0.00000, 0.00000, -0.32693, -0.94505, 0.00000, 0.00000, 0.00000, -0.00000, 1.00000, 0.00000, -14.89999, 3.00000, 0.00000, 1.00000, },
				{ 0.95891, -0.28372, 0.00000, 0.00000, 0.28372, 0.95891, 0.00000, 0.00000, -0.00000, 0.00000, 1.00000, 0.00000, 4.75000, 28.75000, 0.00000, 1.00000, },
			},
		},
	},
}
--End Generated

function data()
	return townbuildingutil.make_building2(
		{ { -4.60, -0.10 }, { 4.60, -0.10 }, { 4.60, 9.10 }, { -4.60, 9.10 } },
		"RESIDENTIAL", 
		"C", 
		2,
		{ 4, 4 },
		generatedData,
		"construction/building/era_c/res_2_4x4_04.gtex"
	)
end
