local townbuildingutil = require "townbuildingutil"

--Model file: "building/era_c/res_1_2x2_03.mdl"

--Begin Generated
local generatedData = {
	["base"] = {
		models = {
			["building/era_c/res_1_2x2_03.mdl"] = {
				{ 1.15000, 0.00000, 0.00000, 0.00000, 0.00000, 1.15000, 0.00000, 0.00000, 0.00000, 0.00000, 1.15000, 0.00000, 0.00000, 3.70000, 0.00000, 1.00000, },
			},
		},
		curves = {
			["scaffold"] = {
				{ { 3.33584, 5.22348, 0.00000 }, { 3.33584, 5.22348, 0.00000 }, { 3.33584, 16.80007, 0.00000 }, { 3.33584, 16.80007, 0.00000 }, { 3.33584, 16.80007, 0.00000 }, { 0.80512, 16.80007, 0.00000 }, { 0.80512, 16.80007, 0.00000 }, { 0.80512, 16.80007, 0.00000 }, { 0.80512, 20.49277, 0.00000 }, { 0.80512, 20.49277, 0.00000 }, { 0.80512, 20.49277, 0.00000 }, { -5.39620, 20.49252, 0.00000 }, { -5.39620, 20.49252, 0.00000 }, { -5.39620, 20.49252, 0.00000 }, { -5.39620, 16.76267, 0.00000 }, { -5.39620, 16.76267, 0.00000 }, { -5.39620, 16.76267, 0.00000 }, { -5.70234, 16.76267, 0.00000 }, { -5.70234, 16.76267, 0.00000 }, { -5.70234, 16.76267, 0.00000 }, { -5.70234, 5.22584, 0.00000 }, { -5.70234, 5.22584, 0.00000 }, },
			},
			["shared/asphalt_01.gtex.lua;shared/border2.gtex.lua"] = {
				{ { -1.56750, -0.00000, 0.00000 }, { -1.56750, 0.00000, 0.00000 }, { -1.56750, 4.45250, 0.00000 }, { -1.56750, 4.45250, 0.00000 }, { -1.56750, 4.45250, 0.00000 }, { 4.18250, 4.45250, 0.00000 }, { 4.18250, 4.45250, 0.00000 }, { 4.18250, 4.45250, 0.00000 }, { 4.18250, 17.67750, 0.00000 }, { 4.18250, 17.67750, 0.00000 }, { 4.18250, 17.67750, 0.00000 }, { 1.99750, 17.67750, 0.00000 }, { 1.99750, 17.67750, 0.00000 }, { 1.99750, 17.67750, 0.00000 }, { 1.99750, 21.47250, 0.00000 }, { 1.99750, 21.47250, 0.00000 }, { 1.99750, 21.47250, 0.00000 }, { -6.28250, 21.47250, 0.00000 }, { -6.28250, 21.47250, 0.00000 }, { -6.28250, 21.47249, 0.00000 }, { -6.28250, 4.45250, 0.00000 }, { -6.28250, 4.45250, 0.00000 }, { -6.28250, 4.45250, 0.00000 }, { -6.28250, 0.00000, 0.00000 }, { -6.28250, -0.00000, 0.00000 }, },
			},
			["shared/grass_cutted_01.gtex.lua"] = {
				{ { 16.00000, 4.45250, 0.00000 }, { 16.00000, 4.45250, 0.00000 }, { 16.00000, 20.00000, -0.00000 }, { 16.00000, 20.00000, 0.00000 }, { 16.00000, 20.00000, -0.00000 }, { 6.00000, 20.00000, 0.00000 }, { 6.00000, 20.00000, 0.00000 }, { 6.00000, 20.00000, 0.00000 }, { 6.00000, 4.45250, 0.00000 }, { 6.00000, 4.45250, 0.00000 }, },
				{ { -6.28250, -0.00000, 0.00000 }, { -6.28250, 0.00000, 0.00000 }, { -6.28250, 14.00000, 0.00000 }, { -6.28250, 14.00000, 0.00000 }, { -6.28250, 14.00000, 0.00000 }, { -16.00000, 14.00000, 0.00000 }, { -16.00000, 14.00000, 0.00000 }, { -16.00000, 14.00000, 0.00000 }, { -16.00000, 0.00000, 0.00000 }, { -16.00000, 0.00000, 0.00000 }, },
			},
			["shared/gravel_02.gtex.lua;shared/border2.gtex.lua"] = {
				{ { -1.56750, -0.00000, 0.00000 }, { -1.56750, 0.00000, 0.00000 }, { -1.56750, 4.45250, 0.00000 }, { -1.56750, 4.45250, 0.00000 }, { -1.56750, 4.45250, 0.00000 }, { 4.18249, 4.45250, 0.00000 }, { 4.18250, 4.45250, 0.00000 }, { 4.18250, 4.45250, 0.00000 }, { 4.18250, 17.67750, 0.00000 }, { 4.18250, 17.67750, 0.00000 }, { 4.18249, 17.67750, 0.00000 }, { 1.99750, 17.67750, 0.00000 }, { 1.99750, 17.67750, 0.00000 }, { 1.99750, 17.67750, 0.00000 }, { 1.99750, 21.47250, 0.00000 }, { 1.99750, 21.47250, 0.00000 }, { 1.99750, 21.47250, 0.00000 }, { -6.28250, 21.47249, 0.00000 }, { -6.28250, 21.47249, 0.00000 }, { -6.28250, 21.47249, 0.00000 }, { -6.28250, 14.00000, 0.00000 }, { -6.28250, 14.00000, 0.00000 }, { -6.28250, 14.00000, 0.00000 }, { -16.00000, 14.00000, 0.00000 }, { -16.00000, 14.00000, 0.00000 }, { -16.00000, 14.00000, 0.00000 }, { -16.00000, 26.13447, 0.00000 }, { -16.00000, 26.13447, 0.00000 }, { -16.00000, 26.13447, 0.00000 }, { -6.28250, 26.13447, 0.00000 }, { -6.28250, 26.13447, 0.00000 }, { -6.28250, 26.13447, 0.00000 }, { -6.28250, 23.45000, 0.00000 }, { -6.28250, 23.45000, 0.00000 }, { -6.28250, 23.45000, 0.00000 }, { 4.00000, 23.45000, 0.00000 }, { 4.00000, 23.45000, 0.00000 }, { 4.00000, 23.45000, 0.00000 }, { 4.00000, 20.00000, 0.00000 }, { 4.00000, 20.00000, 0.00000 }, { 4.00000, 20.00000, 0.00000 }, { 6.00000, 20.00000, 0.00000 }, { 6.00000, 20.00000, 0.00000 }, { 6.00000, 20.00000, 0.00000 }, { 6.00000, 4.45250, 0.00000 }, { 6.00000, 4.45250, 0.00000 }, { 6.00000, 4.45250, 0.00000 }, { 16.00000, 4.45250, 0.00000 }, { 16.00000, 4.45250, 0.00000 }, { 16.00000, 4.45250, 0.00000 }, { 16.00000, 0.00000, 0.00000 }, { 16.00000, 0.00000, 0.00000 }, },
			},
		},
	},
	["layout_1"] = {
		models = {
			["asset/ground/container_wood.mdl"] = {
				{ -0.00000, 1.00000, 0.00000, 0.00000, -1.00000, -0.00000, 0.00000, 0.00000, 0.00000, 0.00000, 1.00000, 0.00000, 3.60000, 9.95000, -0.00000, 1.00000, },
			},
			["asset/ground/garden_chair_plastic_01.mdl"] = {
				{ -0.00000, -1.15000, 0.00000, 0.00000, 1.15000, -0.00000, 0.00000, 0.00000, 0.00000, 0.00000, 1.15000, 0.00000, -10.00309, 21.95547, 0.00000, 1.00000, },
				{ 0.00000, 1.15000, 0.00000, 0.00000, -1.15000, 0.00000, -0.00000, 0.00000, -0.00000, 0.00000, 1.15000, 0.00000, -11.76309, 21.95547, 0.00000, 1.00000, },
				{ -0.00000, -1.15000, 0.00000, 0.00000, 1.15000, -0.00000, 0.00000, 0.00000, 0.00000, 0.00000, 1.15000, 0.00000, -9.95309, 20.81548, 0.00000, 1.00000, },
				{ 0.00000, 1.15000, 0.00000, 0.00000, -1.15000, 0.00000, -0.00000, 0.00000, -0.00000, 0.00000, 1.15000, 0.00000, -11.71309, 20.81548, 0.00000, 1.00000, },
				{ -0.00000, -1.15000, 0.00000, 0.00000, 1.15000, -0.00000, 0.00000, 0.00000, 0.00000, 0.00000, 1.15000, 0.00000, -9.94309, 19.46548, 0.00000, 1.00000, },
				{ 0.00000, 1.15000, 0.00000, 0.00000, -1.15000, 0.00000, -0.00000, 0.00000, -0.00000, 0.00000, 1.15000, 0.00000, -11.70309, 19.46548, 0.00000, 1.00000, },
				{ -0.00000, -1.15000, 0.00000, 0.00000, 1.15000, -0.00000, 0.00000, 0.00000, 0.00000, 0.00000, 1.15000, 0.00000, -9.91309, 18.26548, 0.00000, 1.00000, },
				{ 0.00000, 1.15000, 0.00000, 0.00000, -1.15000, 0.00000, -0.00000, 0.00000, -0.00000, 0.00000, 1.15000, 0.00000, -11.67309, 18.26548, 0.00000, 1.00000, },
				{ -1.03185, -0.50773, 0.00000, 0.00000, 0.50773, -1.03185, 0.00000, 0.00000, 0.00000, 0.00000, 1.15000, 0.00000, -10.71309, 17.00548, 0.00000, 1.00000, },
				{ 1.14544, 0.10230, 0.00000, 0.00000, -0.10230, 1.14544, -0.00000, 0.00000, -0.00000, 0.00000, 1.15000, 0.00000, 8.90120, 17.71824, -0.00000, 1.00000, },
				{ -0.66459, 0.93852, -0.00000, 0.00000, -0.93852, -0.66459, 0.00000, 0.00000, -0.00000, 0.00000, 1.15000, 0.00000, 7.78491, 15.94683, -0.00000, 1.00000, },
			},
			["asset/ground/garden_chair_wood_01.mdl"] = {
				{ 0.13226, -0.99122, 0.00000, 0.00000, 0.99122, 0.13226, 0.00000, 0.00000, 0.00000, 0.00000, 1.00000, 0.00000, -0.70000, 18.75000, 2.99200, 1.00000, },
				{ 0.25207, 0.96771, 0.00000, 0.00000, -0.96771, 0.25207, 0.00000, 0.00000, 0.00000, 0.00000, 1.00000, 0.00000, -2.33000, 18.63000, 2.99200, 1.00000, },
				{ -0.97358, 0.22835, 0.00000, 0.00000, -0.22835, -0.97358, 0.00000, 0.00000, 0.00000, 0.00000, 1.00000, 0.00000, -1.49000, 17.95000, 2.99200, 1.00000, },
			},
			["asset/ground/garden_sunshade_large_closed_02.mdl"] = {
				{ 0.62660, 0.77934, 0.00000, 0.00000, -0.77934, 0.62660, 0.00000, 0.00000, 0.00000, 0.00000, 1.00000, 0.00000, 7.16968, 17.14079, 0.00000, 1.00000, },
			},
			["asset/ground/garden_table_metal_01.mdl"] = {
				{ -0.00000, -1.15000, 0.00000, 0.00000, 1.15000, -0.00000, 0.00000, 0.00000, 0.00000, 0.00000, 1.15000, 0.00000, -10.81073, 21.41548, 0.00000, 1.00000, },
				{ -0.00000, -1.15000, 0.00000, 0.00000, 1.15000, -0.00000, 0.00000, 0.00000, 0.00000, 0.00000, 1.15000, 0.00000, -10.81073, 18.83548, 0.00000, 1.00000, },
			},
			["asset/ground/garden_table_round_wood_01.mdl"] = {
				{ 0.93358, 0.35837, 0.00000, 0.00000, -0.35837, 0.93358, 0.00000, 0.00000, 0.00000, 0.00000, 1.00000, 0.00000, -1.35000, 18.70000, 2.99200, 1.00000, },
				{ 0.72059, 0.89624, 0.00000, 0.00000, -0.89624, 0.72059, -0.00000, 0.00000, -0.00000, 0.00000, 1.15000, 0.00000, 8.49923, 16.77112, -0.00000, 1.00000, },
			},
			["asset/vegetation/hedge_m.mdl"] = {
				{ -0.00000, -1.00000, 0.00000, 0.00000, 1.00000, -0.00000, 0.00000, 0.00000, 0.00000, 0.00000, 1.00000, 0.00000, -0.50000, 0.60000, 0.00000, 1.00000, },
				{ -0.00000, 1.00000, 0.00000, 0.00000, -1.00000, -0.00000, 0.00000, 0.00000, 0.00000, 0.00000, 1.00000, 0.00000, 0.89998, 0.60000, 0.00000, 1.00000, },
				{ -0.00000, -1.00000, 0.00000, 0.00000, 1.00000, -0.00000, 0.00000, 0.00000, 0.00000, 0.00000, 1.00000, 0.00000, 2.29998, 0.60000, 0.00000, 1.00000, },
				{ -0.00000, -1.00000, 0.00000, 0.00000, 1.00000, -0.00000, 0.00000, 0.00000, 0.00000, 0.00000, 1.00000, 0.00000, 3.70000, 0.60000, 0.00000, 1.00000, },
				{ -0.00000, 1.00000, 0.00000, 0.00000, -1.00000, -0.00000, 0.00000, 0.00000, 0.00000, 0.00000, 1.00000, 0.00000, 5.09999, 0.60000, 0.00000, 1.00000, },
				{ -0.00000, 1.00000, 0.00000, 0.00000, -1.00000, -0.00000, 0.00000, 0.00000, 0.00000, 0.00000, 1.00000, 0.00000, 6.49999, 0.60000, 0.00000, 1.00000, },
				{ -0.00000, -1.00000, 0.00000, 0.00000, 1.00000, -0.00000, 0.00000, 0.00000, 0.00000, 0.00000, 1.00000, 0.00000, -14.65000, 0.60000, 0.00000, 1.00000, },
				{ 1.00000, 0.00000, 0.00000, 0.00000, 0.00000, 1.00000, 0.00000, 0.00000, 0.00000, 0.00000, 1.00000, 0.00000, -15.10001, 1.67001, 0.00000, 1.00000, },
				{ 1.00000, 0.00000, 0.00000, 0.00000, 0.00000, 1.00000, 0.00000, 0.00000, 0.00000, 0.00000, 1.00000, 0.00000, 15.26999, 1.67001, 0.00000, 1.00000, },
				{ -0.00000, 1.00000, 0.00000, 0.00000, -1.00000, -0.00000, 0.00000, 0.00000, 0.00000, 0.00000, 1.00000, 0.00000, -13.25002, 0.60000, 0.00000, 1.00000, },
				{ -1.00000, -0.00000, 0.00000, 0.00000, 0.00000, -1.00000, 0.00000, 0.00000, 0.00000, 0.00000, 1.00000, 0.00000, -15.10001, 3.06999, 0.00000, 1.00000, },
				{ 1.00000, 0.00000, 0.00000, 0.00000, 0.00000, 1.00000, 0.00000, 0.00000, 0.00000, 0.00000, 1.00000, 0.00000, 15.26999, 3.06999, 0.00000, 1.00000, },
				{ -0.00000, -1.00000, 0.00000, 0.00000, 1.00000, -0.00000, 0.00000, 0.00000, 0.00000, 0.00000, 1.00000, 0.00000, -11.85002, 0.60000, 0.00000, 1.00000, },
				{ 1.00000, 0.00000, 0.00000, 0.00000, 0.00000, 1.00000, 0.00000, 0.00000, 0.00000, 0.00000, 1.00000, 0.00000, -15.10001, 4.46999, 0.00000, 1.00000, },
				{ 1.00000, 0.00000, 0.00000, 0.00000, 0.00000, 1.00000, 0.00000, 0.00000, 0.00000, 0.00000, 1.00000, 0.00000, 15.26999, 4.46999, 0.00000, 1.00000, },
				{ -0.00000, -1.00000, 0.00000, 0.00000, 1.00000, -0.00000, 0.00000, 0.00000, 0.00000, 0.00000, 1.00000, 0.00000, -10.45000, 0.60000, 0.00000, 1.00000, },
				{ -1.00000, -0.00000, 0.00000, 0.00000, 0.00000, -1.00000, 0.00000, 0.00000, 0.00000, 0.00000, 1.00000, 0.00000, -15.10001, 5.87001, 0.00000, 1.00000, },
				{ -0.00000, 1.00000, 0.00000, 0.00000, -1.00000, -0.00000, 0.00000, 0.00000, 0.00000, 0.00000, 1.00000, 0.00000, -9.05001, 0.60000, 0.00000, 1.00000, },
				{ 1.00000, 0.00000, 0.00000, 0.00000, 0.00000, 1.00000, 0.00000, 0.00000, 0.00000, 0.00000, 1.00000, 0.00000, -15.10001, 7.27000, 0.00000, 1.00000, },
				{ -0.00000, 1.00000, 0.00000, 0.00000, -1.00000, -0.00000, 0.00000, 0.00000, 0.00000, 0.00000, 1.00000, 0.00000, -7.65001, 0.60000, 0.00000, 1.00000, },
				{ -1.00000, -0.00000, 0.00000, 0.00000, 0.00000, -1.00000, 0.00000, 0.00000, 0.00000, 0.00000, 1.00000, 0.00000, -15.10001, 8.67000, 0.00000, 1.00000, },
				{ -0.00000, -1.00000, 0.00000, 0.00000, 1.00000, -0.00000, 0.00000, 0.00000, 0.00000, 0.00000, 1.00000, 0.00000, 7.89999, 0.60000, 0.00000, 1.00000, },
				{ -0.00000, 1.00000, 0.00000, 0.00000, -1.00000, -0.00000, 0.00000, 0.00000, 0.00000, 0.00000, 1.00000, 0.00000, 9.29998, 0.60000, 0.00000, 1.00000, },
				{ -0.00000, -1.00000, 0.00000, 0.00000, 1.00000, -0.00000, 0.00000, 0.00000, 0.00000, 0.00000, 1.00000, 0.00000, 10.70001, 0.60000, 0.00000, 1.00000, },
				{ -0.00000, -1.00000, 0.00000, 0.00000, 1.00000, -0.00000, 0.00000, 0.00000, 0.00000, 0.00000, 1.00000, 0.00000, 12.10000, 0.60000, 0.00000, 1.00000, },
				{ -0.00000, 1.00000, 0.00000, 0.00000, -1.00000, -0.00000, 0.00000, 0.00000, 0.00000, 0.00000, 1.00000, 0.00000, 13.49999, 0.60000, 0.00000, 1.00000, },
				{ -0.00000, 1.00000, 0.00000, 0.00000, -1.00000, -0.00000, 0.00000, 0.00000, 0.00000, 0.00000, 1.00000, 0.00000, 14.89999, 0.60000, 0.00000, 1.00000, },
				{ -1.00000, -0.00000, 0.00000, 0.00000, 0.00000, -1.00000, 0.00000, 0.00000, 0.00000, 0.00000, 1.00000, 0.00000, -15.10001, 10.07000, 0.00000, 1.00000, },
				{ 1.00000, 0.00000, 0.00000, 0.00000, 0.00000, 1.00000, 0.00000, 0.00000, 0.00000, 0.00000, 1.00000, 0.00000, -15.10001, 11.47000, 0.00000, 1.00000, },
				{ 1.00000, 0.00000, 0.00000, 0.00000, 0.00000, 1.00000, 0.00000, 0.00000, 0.00000, 0.00000, 1.00000, 0.00000, -15.10001, 12.87000, 0.00000, 1.00000, },
			},
			["station/air/asset/ladder_low_a.mdl"] = {
				{ -0.55194, -0.83389, -0.00000, 0.00000, 0.83389, -0.55194, 0.00000, 0.00000, -0.00000, 0.00000, 1.00000, 0.00000, -11.02000, 6.86000, 0.00000, 1.00000, },
			},
		},
		groups = {
			["garden_sunshade_large_01.grp"] = {
				{ -0.00000, -1.32250, 0.00000, 0.00000, 1.32250, -0.00000, 0.00000, 0.00000, 0.00000, 0.00000, 1.32250, 0.00000, -10.81073, 21.41548, 0.00000, 1.00000, },
			},
			["garden_sunshade_small.grp"] = {
				{ -0.87631, 0.48175, 0.00000, 0.00000, -0.48175, -0.87631, 0.00000, 0.00000, 0.00000, 0.00000, 1.00000, 0.00000, -3.60000, 18.81000, 3.22200, 1.00000, },
			},
			["random_large_tree_town.grp"] = {
				{ 1.00000, 0.00000, 0.00000, 0.00000, 0.00000, 1.00000, 0.00000, 0.00000, 0.00000, 0.00000, 1.00000, 0.00000, 12.76744, 28.37138, 0.00000, 1.00000, },
				{ 0.37461, -0.92718, 0.00000, 0.00000, 0.92718, 0.37461, 0.00000, 0.00000, 0.00000, 0.00000, 1.00000, 0.00000, 9.86744, 22.82138, 0.00000, 1.00000, },
				{ 1.00000, 0.00000, 0.00000, 0.00000, 0.00000, 1.00000, 0.00000, 0.00000, 0.00000, 0.00000, 1.00000, 0.00000, 6.72614, 29.75958, 0.00000, 1.00000, },
			},
			["random_medium_tree_town.grp"] = {
				{ 1.00000, 0.00000, 0.00000, 0.00000, 0.00000, 1.00000, 0.00000, 0.00000, 0.00000, 0.00000, 1.00000, 0.00000, -5.80033, 29.81748, 0.00000, 1.00000, },
				{ 1.00000, 0.00000, 0.00000, 0.00000, 0.00000, 1.00000, 0.00000, 0.00000, 0.00000, 0.00000, 1.00000, 0.00000, -11.80033, 28.41748, 0.00000, 1.00000, },
				{ 0.01396, -0.99990, 0.00000, 0.00000, 0.99990, 0.01396, 0.00000, 0.00000, 0.00000, 0.00000, 1.00000, 0.00000, -11.85000, 11.20000, 0.00000, 1.00000, },
				{ 1.00000, 0.00000, 0.00000, 0.00000, 0.00000, 1.00000, 0.00000, 0.00000, 0.00000, 0.00000, 1.00000, 0.00000, -0.41732, 26.65025, 0.00000, 1.00000, },
			},
			["random_shrub_town.grp"] = {
				{ 0.16635, -0.64386, 0.00000, 0.00000, 0.64386, 0.16635, -0.00000, 0.00000, 0.00000, 0.00000, 0.66500, 0.00000, -10.81635, 11.07177, 0.00000, 1.00000, },
				{ 0.96449, -0.26411, 0.00000, 0.00000, 0.26411, 0.96449, 0.00000, 0.00000, -0.00000, 0.00000, 1.00000, 0.00000, -11.12996, 9.34253, 0.00000, 1.00000, },
				{ 0.49828, -0.86702, 0.00000, 0.00000, 0.86702, 0.49828, 0.00000, 0.00000, -0.00000, 0.00000, 1.00000, 0.00000, 12.50000, 9.90000, 0.00000, 1.00000, },
				{ -0.51303, 0.42312, 0.00000, 0.00000, -0.42312, -0.51303, -0.00000, 0.00000, 0.00000, -0.00000, 0.66500, 0.00000, -11.87186, 12.01516, 0.00000, 1.00000, },
				{ -0.60764, -0.43963, 0.00000, 0.00000, 0.43963, -0.60764, -0.00000, 0.00000, 0.00000, 0.00000, 0.75000, 0.00000, -9.99007, 12.67284, 0.00000, 1.00000, },
				{ -0.51303, 0.42312, 0.00000, 0.00000, -0.42312, -0.51303, -0.00000, 0.00000, 0.00000, -0.00000, 0.66500, 0.00000, -9.34186, 11.16516, 0.00000, 1.00000, },
				{ -0.38849, 0.28552, 0.00000, 0.00000, -0.28552, -0.38849, 0.00000, 0.00000, 0.00000, -0.00000, 0.48213, 0.00000, -12.45996, 10.21253, 0.00000, 1.00000, },
				{ 0.66765, -0.74447, 0.00000, 0.00000, 0.74447, 0.66765, 0.00000, 0.00000, -0.00000, 0.00000, 1.00000, 0.00000, 14.45306, 9.90000, 0.00000, 1.00000, },
				{ 0.66765, -0.74447, 0.00000, 0.00000, 0.74447, 0.66765, 0.00000, 0.00000, -0.00000, 0.00000, 1.00000, 0.00000, 13.45609, 11.95000, 0.00000, 1.00000, },
				{ -0.99415, -0.10805, 0.00000, 0.00000, 0.10805, -0.99415, 0.00000, 0.00000, 0.00000, 0.00000, 1.00000, 0.00000, -7.73087, 30.16000, 0.00000, 1.00000, },
				{ 0.66765, -0.74447, 0.00000, 0.00000, 0.74447, 0.66765, 0.00000, 0.00000, -0.00000, 0.00000, 1.00000, 0.00000, 13.89999, 7.75566, 0.00000, 1.00000, },
				{ 0.66765, -0.74447, 0.00000, 0.00000, 0.74447, 0.66765, 0.00000, 0.00000, -0.00000, 0.00000, 1.00000, 0.00000, 13.89999, 7.75566, 0.00000, 1.00000, },
				{ -1.00000, 0.00114, 0.00000, 0.00000, -0.00114, -1.00000, 0.00000, 0.00000, 0.00000, 0.00000, 1.00000, 0.00000, -11.99696, 26.90566, 0.00000, 1.00000, },
				{ 0.70247, -0.71171, 0.00000, 0.00000, 0.71171, 0.70247, 0.00000, 0.00000, -0.00000, 0.00000, 1.00000, 0.00000, -6.74391, 27.10566, 0.00000, 1.00000, },
				{ 0.24048, -0.97065, 0.00000, 0.00000, 0.97065, 0.24048, 0.00000, 0.00000, -0.00000, 0.00000, 1.00000, 0.00000, -9.79086, 29.00566, 0.00000, 1.00000, },
				{ -0.44125, 0.89738, 0.00000, 0.00000, -0.89738, -0.44125, 0.00000, 0.00000, 0.00000, -0.00000, 1.00000, 0.00000, -3.30000, 25.91133, 0.00000, 1.00000, },
				{ 0.95432, 0.29877, 0.00000, 0.00000, -0.29877, 0.95432, 0.00000, 0.00000, -0.00000, -0.00000, 1.00000, 0.00000, -1.55000, 24.11133, 0.00000, 1.00000, },
				{ 0.71550, -0.69862, 0.00000, 0.00000, 0.69862, 0.71550, 0.00000, 0.00000, -0.00000, 0.00000, 1.00000, 0.00000, -5.20000, 25.06133, 0.00000, 1.00000, },
				{ 0.66416, -0.74759, 0.00000, 0.00000, 0.74759, 0.66416, 0.00000, 0.00000, -0.00000, 0.00000, 1.00000, 0.00000, -9.64694, 27.66133, 0.00000, 1.00000, },
				{ 0.86840, 0.49586, 0.00000, 0.00000, -0.49586, 0.86840, 0.00000, 0.00000, -0.00000, -0.00000, 1.00000, 0.00000, -12.24391, 30.36133, 0.00000, 1.00000, },
				{ 0.95872, -0.28434, 0.00000, 0.00000, 0.28434, 0.95872, 0.00000, 0.00000, -0.00000, 0.00000, 1.00000, 0.00000, -13.84087, 28.31133, 0.00000, 1.00000, },
			},
		},
	},
}
--End Generated

function data()
	return townbuildingutil.make_building2(
		{ { -4.60, -0.10 }, { 4.60, -0.10 }, { 4.60, 9.10 }, { -4.60, 9.10 } },
		"RESIDENTIAL", 
		"C", 
		1,
		{ 4, 4 },
		generatedData,
		"construction/building/era_c/res_1_4x4_01.gtex"
	)
end
