local townbuildingutil = require "townbuildingutil"

--Model file: "building/era_c/res_1_2x3_05.mdl"

--Begin Generated
local generatedData = {
	["base"] = {
		models = {
			["building/era_c/res_1_2x3_05.mdl"] = {
				{ 1.15000, 0.00000, 0.00000, 0.00000, 0.00000, 1.15000, 0.00000, 0.00000, 0.00000, 0.00000, 1.15000, 0.00000, 0.00000, -2.60000, 0.00000, 1.00000, },
			},
		},
		curves = {
			["scaffold"] = {
				{ { 6.25014, 5.04617, 0.00000 }, { 6.25014, 5.04617, 0.00000 }, { 6.25014, 15.11373, 0.00000 }, { 6.25014, 15.11373, 0.00000 }, { 6.25014, 15.11373, 0.00000 }, { 6.56147, 15.11373, 0.00000 }, { 6.56147, 15.11373, 0.00000 }, { 6.56147, 15.11373, 0.00000 }, { 6.56151, 17.87980, 0.00000 }, { 6.56151, 17.87980, 0.00000 }, { 6.56151, 17.87980, 0.00000 }, { 5.45576, 17.87980, 0.00000 }, { 5.45576, 17.87980, 0.00000 }, { 5.45576, 17.87980, 0.00000 }, { 5.45576, 20.20257, 0.00000 }, { 5.45576, 20.20257, 0.00000 }, { 5.45576, 20.20257, 0.00000 }, { 0.67285, 20.20257, 0.00000 }, { 0.67285, 20.20257, 0.00000 }, { 0.67285, 20.20257, 0.00000 }, { 0.67285, 18.48955, 0.00000 }, { 0.67285, 18.48955, 0.00000 }, { 0.67285, 18.48955, 0.00000 }, { -4.81899, 18.48954, 0.00000 }, { -4.81899, 18.48954, 0.00000 }, { -4.81899, 18.48954, 0.00000 }, { -4.81899, 15.05131, 0.00000 }, { -4.81899, 15.05131, 0.00000 }, { -4.81899, 15.05131, 0.00000 }, { -5.64278, 15.05131, 0.00000 }, { -5.64278, 15.05131, 0.00000 }, { -5.64278, 15.05131, 0.00000 }, { -5.64278, 5.04617, 0.00000 }, { -5.64278, 5.04617, 0.00000 }, },
			},
			["shared/asphalt_01.gtex.lua;shared/border2.gtex.lua"] = {
				{ { 2.30000, 0.00000, 0.00000 }, { 2.30000, 0.00000, 0.00000 }, { 2.29999, 4.97500, 0.00000 }, { 2.29999, 4.97500, 0.00000 }, { 2.29999, 4.97500, 0.00000 }, { 6.44000, 4.97500, 0.00000 }, { 6.44000, 4.97500, 0.00000 }, { 6.44000, 4.97500, 0.00000 }, { 6.44000, 14.17500, 0.00000 }, { 6.44000, 14.17500, 0.00000 }, { 6.44000, 14.17500, 0.00000 }, { 7.59000, 14.17500, 0.00000 }, { 7.59000, 14.17500, 0.00000 }, { 7.59000, 14.17500, 0.00000 }, { 7.59000, 19.00500, 0.00000 }, { 7.59000, 19.00500, 0.00000 }, { 7.59000, 19.00500, 0.00000 }, { 6.55502, 19.00500, 0.00000 }, { 6.55502, 19.00500, 0.00000 }, { 6.55502, 19.00500, 0.00000 }, { 6.55502, 21.30500, 0.00000 }, { 6.55502, 21.30500, 0.00000 }, { 6.55502, 21.30500, 0.00000 }, { -0.34497, 21.30500, 0.00000 }, { -0.34497, 21.30500, 0.00000 }, { -0.34497, 21.30500, 0.00000 }, { -0.34497, 19.63750, 0.00000 }, { -0.34497, 19.63750, 0.00000 }, { -0.34497, 19.63750, 0.00000 }, { -5.86502, 19.63750, 0.00000 }, { -5.86502, 19.63750, 0.00000 }, { -5.86502, 19.63750, 0.00000 }, { -5.86502, 4.97500, 0.00000 }, { -5.86502, 4.97500, 0.00000 }, { -5.86502, 4.97500, 0.00000 }, { -1.72501, 4.97500, 0.00000 }, { -1.72501, 4.97500, 0.00000 }, { -1.72501, 4.97500, 0.00000 }, { -1.72500, 0.00000, 0.00000 }, { -1.72500, 0.00000, 0.00000 }, },
			},
			["shared/grass_cutted_01.gtex.lua"] = {
				{ { 12.00000, 24.00000, 0.00000 }, { 12.00000, 24.00000, 0.00000 }, { 12.00000, 32.00000, 0.00000 }, { 12.00000, 32.00000, 0.00000 }, { 12.00000, 32.00000, 0.00000 }, { -0.10001, 32.00000, 0.00000 }, { -0.10001, 32.00000, 0.00000 }, { -0.10001, 32.00000, 0.00000 }, { -0.10001, 23.90000, 0.00000 }, { -0.10001, 23.90000, 0.00000 }, { -0.10000, 23.90000, 0.00000 }, { 6.55502, 23.90000, 0.00000 }, { 6.55502, 23.90000, 0.00000 }, { 6.55502, 23.90000, 0.00000 }, { 6.55502, 19.00500, 0.00000 }, { 6.55502, 19.00500, 0.00000 }, { 6.55502, 19.00500, 0.00000 }, { 7.59000, 19.00500, 0.00000 }, { 7.59000, 19.00500, 0.00000 }, { 7.59000, 19.00500, 0.00000 }, { 7.59000, 14.17500, 0.00000 }, { 7.59000, 14.17500, 0.00000 }, { 7.59000, 14.17500, 0.00000 }, { 12.00000, 14.17500, 0.00000 }, { 12.00000, 14.17500, 0.00000 }, },
				{ { -1.72500, 0.00000, 0.00000 }, { -1.72500, 0.00000, 0.00000 }, { -1.72501, 3.30000, 0.00000 }, { -1.72501, 3.30000, 0.00000 }, { -1.72501, 3.30000, 0.00000 }, { -7.50000, 3.30000, 0.00000 }, { -7.50000, 3.30000, 0.00000 }, { -7.50000, 3.30000, 0.00000 }, { -7.50000, 19.90000, 0.00000 }, { -7.50000, 19.90000, 0.00000 }, { -7.50000, 19.90000, 0.00000 }, { -12.00000, 19.90000, 0.00000 }, { -12.00000, 19.90000, 0.00000 }, { -12.00000, 19.90000, 0.00000 }, { -12.00000, 0.00000, 0.00000 }, { -12.00000, 0.00000, 0.00000 }, },
				{ { 12.00000, 0.00000, 0.00000 }, { 12.00000, 0.00000, 0.00000 }, { 12.00000, 4.97500, 0.00000 }, { 12.00000, 4.97500, 0.00000 }, { 12.00000, 4.97500, 0.00000 }, { 2.29999, 4.97500, 0.00000 }, { 2.29999, 4.97500, 0.00000 }, { 2.29999, 4.97500, 0.00000 }, { 2.30000, 0.00000, 0.00000 }, { 2.30000, 0.00000, 0.00000 }, },
			},
			["shared/gravel_02.gtex.lua;shared/border2.gtex.lua"] = {
				{ { 6.44000, 4.97500, 0.00000 }, { 6.44000, 4.97500, 0.00000 }, { 6.44000, 14.17500, 0.00000 }, { 6.44000, 14.17500, 0.00000 }, { 6.44000, 14.17500, 0.00000 }, { 12.00000, 14.17500, 0.00000 }, { 12.00000, 14.17500, 0.00000 }, { 12.00000, 14.17500, 0.00000 }, { 12.00000, 4.97500, 0.00000 }, { 12.00000, 4.97500, 0.00000 }, },
				{ { 6.55502, 21.30500, 0.00000 }, { 6.55502, 21.30500, 0.00000 }, { 6.55502, 23.90000, 0.00000 }, { 6.55502, 23.90000, 0.00000 }, { 6.55502, 23.90000, 0.00000 }, { -0.10001, 23.90000, 0.00000 }, { -0.10001, 23.90000, 0.00000 }, { -0.10001, 23.90000, 0.00000 }, { -0.10001, 29.90000, 0.00000 }, { -0.10001, 29.90000, 0.00000 }, { -0.10001, 29.90000, 0.00000 }, { -10.20000, 29.90000, 0.00000 }, { -10.20000, 29.90000, 0.00000 }, { -10.20000, 29.90000, 0.00000 }, { -10.20000, 19.90000, 0.00000 }, { -10.20000, 19.90000, 0.00000 }, { -10.20000, 19.90000, 0.00000 }, { -7.50000, 19.90000, 0.00000 }, { -7.50000, 19.90000, 0.00000 }, { -7.50000, 19.90000, 0.00000 }, { -7.50000, 3.30000, 0.00000 }, { -7.50000, 3.30000, 0.00000 }, { -7.50000, 3.30000, 0.00000 }, { -1.72501, 3.30000, 0.00000 }, { -1.72501, 3.30000, 0.00000 }, { -1.72501, 3.30000, 0.00000 }, { -1.72501, 4.97500, 0.00000 }, { -1.72501, 4.97500, 0.00000 }, { -1.72501, 4.97500, 0.00000 }, { -5.86502, 4.97500, 0.00000 }, { -5.86502, 4.97500, 0.00000 }, { -5.86502, 4.97500, 0.00000 }, { -5.86502, 19.63750, 0.00000 }, { -5.86502, 19.63750, 0.00000 }, { -5.86502, 19.63750, 0.00000 }, { -0.34497, 19.63750, 0.00000 }, { -0.34497, 19.63750, 0.00000 }, { -0.34497, 19.63750, 0.00000 }, { -0.34497, 21.30500, 0.00000 }, { -0.34497, 21.30500, 0.00000 }, },
			},
		},
	},
	["layout_1"] = {
		models = {
			["asset/ground/garden_bench_ratan_01_end.mdl"] = {
				{ -1.00000, -0.00000, 0.00000, 0.00000, 0.00000, -1.00000, 0.00000, 0.00000, 0.00000, 0.00000, 1.00000, 0.00000, 2.50000, 16.03000, 3.44000, 1.00000, align = { 0.00000, -2.60000 }, },
				{ 0.97992, -0.19937, -0.00000, 0.00000, 0.19937, 0.97992, -0.00000, 0.00000, 0.00000, 0.00000, 1.00000, 0.00000, 2.50000, 18.74000, 3.44000, 1.00000, align = { 0.00000, -2.60000 }, },
				{ -1.00000, -0.00000, 0.00000, 0.00000, 0.00000, -1.00000, 0.00000, 0.00000, 0.00000, 0.00000, 1.00000, 0.00000, -0.94000, 15.91000, 3.44000, 1.00000, align = { 0.00000, -2.60000 }, },
			},
			["asset/ground/garden_bench_ratan_01_start.mdl"] = {
				{ -1.00000, -0.00000, 0.00000, 0.00000, 0.00000, -1.00000, 0.00000, 0.00000, 0.00000, 0.00000, 1.00000, 0.00000, -0.94000, 15.91000, 3.44000, 1.00000, align = { 0.00000, -2.60000 }, },
				{ 0.97992, -0.19937, -0.00000, 0.00000, 0.19937, 0.97992, -0.00000, 0.00000, 0.00000, 0.00000, 1.00000, 0.00000, 2.50000, 18.74000, 3.44000, 1.00000, align = { 0.00000, -2.60000 }, },
				{ -1.00000, -0.00000, 0.00000, 0.00000, 0.00000, -1.00000, 0.00000, 0.00000, 0.00000, 0.00000, 1.00000, 0.00000, 2.50000, 16.03000, 3.44000, 1.00000, align = { 0.00000, -2.60000 }, },
			},
			["asset/ground/garden_bench_wood_01.mdl"] = {
				{ -1.15000, -0.00000, -0.00000, 0.00000, 0.00000, -1.15000, 0.00000, 0.00000, -0.00000, 0.00000, 1.15000, 0.00000, -2.18871, 20.23799, 0.00000, 1.00000, },
			},
			["asset/ground/garden_chair_plastic_01.mdl"] = {
				{ 0.79746, -0.82859, -0.00000, 0.00000, 0.82859, 0.79746, 0.00000, 0.00000, -0.00000, -0.00000, 1.15000, 0.00000, 9.84001, 11.17739, -0.00000, 1.00000, },
				{ 0.31499, 1.10602, 0.00000, 0.00000, -1.10602, 0.31499, 0.00000, 0.00000, 0.00000, -0.00000, 1.15000, 0.00000, 7.76001, 10.93739, -0.00000, 1.00000, },
			},
			["asset/ground/garden_chair_wood_01.mdl"] = {
				{ -1.14773, -0.07221, 0.00000, 0.00000, 0.07221, -1.14773, -0.00000, 0.00000, 0.00000, -0.00000, 1.15000, 0.00000, -5.36612, 25.25557, 0.00000, 1.00000, },
				{ 1.14490, -0.10822, -0.00000, 0.00000, 0.10822, 1.14490, 0.00000, 0.00000, -0.00000, -0.00000, 1.15000, 0.00000, -5.49613, 27.03556, 0.00000, 1.00000, },
				{ 1.14597, 0.09623, 0.00000, 0.00000, -0.09623, 1.14597, 0.00000, 0.00000, 0.00000, -0.00000, 1.15000, 0.00000, -6.95613, 27.02556, 0.00000, 1.00000, },
				{ -1.14411, 0.11621, 0.00000, 0.00000, -0.11621, -1.14411, -0.00000, 0.00000, 0.00000, -0.00000, 1.15000, 0.00000, -6.95613, 25.25556, 0.00000, 1.00000, },
				{ 1.15000, -0.00000, -0.00000, 0.00000, 0.00000, 1.15000, 0.00000, 0.00000, 0.00000, -0.00000, 1.15000, 0.00000, -6.19612, 27.02557, 0.00000, 1.00000, },
				{ -1.15000, -0.00000, 0.00000, 0.00000, 0.00000, -1.15000, -0.00000, 0.00000, 0.00000, -0.00000, 1.15000, 0.00000, -6.19612, 25.25557, 0.00000, 1.00000, },
				{ 1.14597, 0.09623, 0.00000, 0.00000, -0.09623, 1.14597, 0.00000, 0.00000, 0.00000, -0.00000, 1.15000, 0.00000, -4.37613, 26.88556, 0.00000, 1.00000, },
				{ 1.15000, -0.00000, -0.00000, 0.00000, 0.00000, 1.15000, 0.00000, 0.00000, 0.00000, -0.00000, 1.15000, 0.00000, -3.61612, 26.94557, 0.00000, 1.00000, },
				{ -1.14915, -0.04415, 0.00000, 0.00000, 0.04415, -1.14915, -0.00000, 0.00000, 0.00000, -0.00000, 1.15000, 0.00000, -4.37613, 25.25556, 0.00000, 1.00000, },
				{ -1.13881, -0.16005, -0.00000, 0.00000, 0.16005, -1.13881, 0.00000, 0.00000, -0.00000, -0.00000, 1.15000, 0.00000, -3.61612, 25.25557, 0.00000, 1.00000, },
				{ -1.14720, 0.08022, 0.00000, 0.00000, -0.08022, -1.14720, -0.00000, 0.00000, 0.00000, -0.00000, 1.15000, 0.00000, -2.78613, 25.25557, 0.00000, 1.00000, },
				{ 1.02283, 0.52566, 0.00000, 0.00000, -0.52566, 1.02283, -0.00000, 0.00000, -0.00000, 0.00000, 1.15000, 0.00000, -2.71613, 27.29556, 0.00000, 1.00000, },
			},
			["asset/ground/garden_sun_pavillion_01.mdl"] = {
				{ 1.40000, -0.00000, -0.00000, 0.00000, 0.00000, 1.40000, 0.00000, 0.00000, 0.00000, -0.00000, 1.40000, 0.00000, -6.64613, 26.15569, 0.00000, 1.00000, },
				{ 1.40000, -0.00000, -0.00000, 0.00000, 0.00000, 1.40000, 0.00000, 0.00000, 0.00000, -0.00000, 1.40000, 0.00000, -3.14613, 26.15569, 0.00000, 1.00000, },
			},
			["asset/ground/garden_table_metal_01.mdl"] = {
				{ 1.15000, -0.00000, -0.00000, 0.00000, 0.00000, 1.15000, 0.00000, 0.00000, 0.00000, -0.00000, 1.15000, 0.00000, -6.18613, 26.14544, 0.00000, 1.00000, },
				{ 1.15000, -0.00000, -0.00000, 0.00000, 0.00000, 1.15000, 0.00000, 0.00000, 0.00000, -0.00000, 1.15000, 0.00000, -3.60613, 26.14544, 0.00000, 1.00000, },
			},
			["asset/ground/garden_table_ratan_01.mdl"] = {
				{ 1.00000, 0.00000, 0.00000, 0.00000, 0.00000, 1.00000, 0.00000, 0.00000, 0.00000, 0.00000, 1.00000, 0.00000, 2.50000, 17.11000, 3.44000, 1.00000, align = { 0.00000, -2.60000 }, },
			},
			["asset/ground/garden_table_round_wood_01.mdl"] = {
				{ 1.15000, -0.00000, -0.00000, 0.00000, 0.00000, 1.15000, 0.00000, 0.00000, 0.00000, -0.00000, 1.15000, 0.00000, 8.85000, 10.89720, -0.00000, 1.00000, },
			},
			["asset/industry/cardboard_box_01.mdl"] = {
				{ -0.00000, -0.84000, 0.00000, 0.00000, 0.54000, -0.00000, 0.00000, 0.00000, 0.00000, 0.00000, 0.84000, 0.00000, 0.43599, 15.84068, 3.44016, 1.00000, align = { 0.00000, -2.60000 }, },
			},
			["asset/vegetation/hedge_m.mdl"] = {
				{ -0.00000, 1.00000, 0.00000, 0.00000, -1.00000, -0.00000, 0.00000, 0.00000, 0.00000, 0.00000, 1.00000, 0.00000, 3.26998, 0.60000, -0.00000, 1.00000, },
				{ -0.00000, 1.00000, 0.00000, 0.00000, -1.00000, -0.00000, 0.00000, 0.00000, 0.00000, 0.00000, 1.00000, 0.00000, 4.66998, 0.60000, -0.00000, 1.00000, },
				{ -0.00000, -1.00000, 0.00000, 0.00000, 1.00000, -0.00000, -0.00000, 0.00000, 0.00000, 0.00000, 1.00000, 0.00000, 6.07000, 0.60000, -0.00000, 1.00000, },
				{ -0.00000, 1.00000, 0.00000, 0.00000, -1.00000, -0.00000, 0.00000, 0.00000, 0.00000, 0.00000, 1.00000, 0.00000, 7.46999, 0.60000, -0.00000, 1.00000, },
				{ -0.00000, -1.00000, 0.00000, 0.00000, 1.00000, -0.00000, -0.00000, 0.00000, 0.00000, 0.00000, 1.00000, 0.00000, 8.87000, 0.60000, -0.00000, 1.00000, },
				{ -0.00000, -1.00000, 0.00000, 0.00000, 1.00000, -0.00000, -0.00000, 0.00000, 0.00000, 0.00000, 1.00000, 0.00000, 11.13998, 0.60000, -0.00000, 1.00000, },
				{ -0.00000, -1.00000, 0.00000, 0.00000, 1.00000, -0.00000, -0.00000, 0.00000, 0.00000, 0.00000, 1.00000, 0.00000, -10.48000, 0.60000, -0.00000, 1.00000, },
				{ -0.00000, -1.00000, 0.00000, 0.00000, 1.00000, -0.00000, -0.00000, 0.00000, 0.00000, 0.00000, 1.00000, 0.00000, -11.11000, 0.60000, -0.00000, 1.00000, },
				{ -0.00000, 1.00000, 0.00000, 0.00000, -1.00000, -0.00000, 0.00000, 0.00000, 0.00000, 0.00000, 1.00000, 0.00000, -8.94002, 0.60000, -0.00000, 1.00000, },
				{ -0.00000, -1.00000, 0.00000, 0.00000, 1.00000, -0.00000, -0.00000, 0.00000, 0.00000, 0.00000, 1.00000, 0.00000, -7.68002, 0.60000, -0.00000, 1.00000, },
				{ -0.00000, 1.00000, 0.00000, 0.00000, -1.00000, -0.00000, 0.00000, 0.00000, 0.00000, 0.00000, 1.00000, 0.00000, 10.09000, 0.60000, -0.00000, 1.00000, },
				{ -0.00000, 1.00000, 0.00000, 0.00000, -1.00000, -0.00000, -0.00000, 0.00000, -0.00000, -0.00000, 1.00000, 0.00000, -6.50005, 0.60000, -0.00000, 1.00000, },
				{ -0.00000, -1.00000, 0.00000, 0.00000, 1.00000, -0.00000, -0.00000, 0.00000, 0.00000, 0.00000, 1.00000, 0.00000, -5.10005, 0.60000, -0.00000, 1.00000, },
				{ -0.00000, 1.00000, 0.00000, 0.00000, -1.00000, -0.00000, -0.00000, 0.00000, -0.00000, -0.00000, 1.00000, 0.00000, -3.70003, 0.60000, -0.00000, 1.00000, },
				{ -0.00000, 1.00000, 0.00000, 0.00000, -1.00000, -0.00000, -0.00000, 0.00000, -0.00000, -0.00000, 1.00000, 0.00000, -2.70003, 0.60000, -0.00000, 1.00000, },
			},
			["station/air/asset/ladder_low_a.mdl"] = {
				{ -0.55194, -0.83389, -0.00000, 0.00000, 0.83389, -0.55194, 0.00000, 0.00000, -0.00000, -0.00000, 1.00000, 0.00000, 8.49000, 25.88000, -0.00000, 1.00000, },
			},
		},
		groups = {
			["garden_sunshade_large_02.grp"] = {
				{ 1.00000, 0.00000, 0.00000, 0.00000, 0.00000, 1.00000, 0.00000, 0.00000, 0.00000, 0.00000, 1.00000, 0.00000, 2.50000, 18.60000, 3.44000, 1.00000, align = { 0.00000, -2.60000 }, },
			},
			["random_large_tree_town.grp"] = {
				{ 0.76828, -0.64011, 0.00000, 0.00000, 0.64011, 0.76828, 0.00000, 0.00000, 0.00000, 0.00000, 1.00000, 0.00000, 8.50000, 27.50000, 0.00000, 1.00000, },
			},
			["random_medium_tree_town.grp"] = {
				{ 1.00000, 0.00000, 0.00000, 0.00000, 0.00000, 1.00000, 0.00000, 0.00000, 0.00000, 0.00000, 1.00000, 0.00000, 3.40000, 28.50000, 0.00000, 1.00000, },
				{ 1.00000, 0.00000, 0.00000, 0.00000, 0.00000, 1.00000, 0.00000, 0.00000, 0.00000, 0.00000, 1.00000, 0.00000, 4.80000, 25.70000, 0.00000, 1.00000, },
			},
			["random_shrub_town.grp"] = {
				{ 0.40495, 0.52748, 0.00000, 0.00000, -0.52748, 0.40495, -0.00000, 0.00000, -0.00000, -0.00000, 0.66500, 0.00000, 7.53545, 2.48307, 0.00000, 1.00000, },
				{ -0.63766, -0.18871, 0.00000, 0.00000, 0.18871, -0.63766, -0.00000, 0.00000, 0.00000, -0.00000, 0.66500, 0.00000, 9.68545, 3.28307, 0.00000, 1.00000, },
				{ -0.89348, -0.44910, 0.00000, 0.00000, 0.44910, -0.89348, -0.00000, 0.00000, 0.00000, -0.00000, 1.00000, 0.00000, -11.16456, 21.08307, 0.00000, 1.00000, },
				{ -0.44910, 0.89348, 0.00000, 0.00000, -0.89348, -0.44910, -0.00000, 0.00000, -0.00000, -0.00000, 1.00000, 0.00000, -10.60000, 30.95000, 0.00000, 1.00000, },
				{ -0.29607, 0.38051, 0.00000, 0.00000, -0.38051, -0.29607, -0.00000, 0.00000, 0.00000, -0.00000, 0.48213, 0.00000, 7.38544, 3.78307, 0.00000, 1.00000, },
				{ -0.11103, -0.46917, 0.00000, 0.00000, 0.46917, -0.11103, -0.00000, 0.00000, 0.00000, 0.00000, 0.48213, 0.00000, 8.43545, 3.28307, 0.00000, 1.00000, },
				{ -0.61409, 0.78923, 0.00000, 0.00000, -0.78923, -0.61409, -0.00000, 0.00000, 0.00000, -0.00000, 1.00000, 0.00000, -9.10000, 4.60000, 0.00000, 1.00000, },
				{ 0.60895, 0.79321, 0.00000, 0.00000, -0.79321, 0.60895, -0.00000, 0.00000, -0.00000, -0.00000, 1.00000, 0.00000, -9.00000, 3.30000, 0.00000, 1.00000, },
				{ -0.95889, -0.28378, 0.00000, 0.00000, 0.28378, -0.95889, -0.00000, 0.00000, 0.00000, -0.00000, 1.00000, 0.00000, -10.15000, 4.30000, 0.00000, 1.00000, },
				{ 0.25734, -0.96632, 0.00000, 0.00000, 0.96632, 0.25734, -0.00000, 0.00000, 0.00000, 0.00000, 1.00000, 0.00000, -11.16455, 22.48307, 0.00000, 1.00000, },
				{ -0.96632, -0.25735, 0.00000, 0.00000, 0.25735, -0.96632, -0.00000, 0.00000, 0.00000, -0.00000, 1.00000, 0.00000, -9.20000, 30.95000, 0.00000, 1.00000, },
				{ -0.06436, 0.99793, 0.00000, 0.00000, -0.99793, -0.06436, -0.00000, 0.00000, -0.00000, -0.00000, 1.00000, 0.00000, -11.16455, 23.88307, 0.00000, 1.00000, },
				{ 0.99793, 0.06436, 0.00000, 0.00000, -0.06436, 0.99793, -0.00000, 0.00000, -0.00000, -0.00000, 1.00000, 0.00000, -7.80000, 30.95000, 0.00000, 1.00000, },
				{ -0.75527, 0.65541, 0.00000, 0.00000, -0.65541, -0.75527, -0.00000, 0.00000, -0.00000, -0.00000, 1.00000, 0.00000, -11.16455, 25.28308, 0.00000, 1.00000, },
				{ 0.65541, 0.75528, 0.00000, 0.00000, -0.75528, 0.65541, -0.00000, 0.00000, -0.00000, -0.00000, 1.00000, 0.00000, -6.40000, 30.95000, 0.00000, 1.00000, },
				{ 0.52317, 0.85223, 0.00000, 0.00000, -0.85223, 0.52317, -0.00000, 0.00000, -0.00000, -0.00000, 1.00000, 0.00000, -11.16455, 26.68307, 0.00000, 1.00000, },
				{ 0.85223, -0.52317, 0.00000, 0.00000, 0.52317, 0.85223, -0.00000, 0.00000, -0.00000, 0.00000, 1.00000, 0.00000, -5.00000, 30.95000, 0.00000, 1.00000, },
				{ 0.86532, -0.50122, 0.00000, 0.00000, 0.50122, 0.86532, -0.00000, 0.00000, -0.00000, 0.00000, 1.00000, 0.00000, -11.16455, 28.08307, 0.00000, 1.00000, },
				{ -0.50122, -0.86532, 0.00000, 0.00000, 0.86532, -0.50122, -0.00000, 0.00000, 0.00000, 0.00000, 1.00000, 0.00000, -3.60000, 30.95000, 0.00000, 1.00000, },
				{ -0.01933, 0.99981, 0.00000, 0.00000, -0.99981, -0.01933, -0.00000, 0.00000, -0.00000, -0.00000, 1.00000, 0.00000, -11.16455, 29.48307, 0.00000, 1.00000, },
				{ 0.99981, 0.01933, 0.00000, 0.00000, -0.01933, 0.99981, -0.00000, 0.00000, -0.00000, 0.00000, 1.00000, 0.00000, -2.20000, 30.95000, 0.00000, 1.00000, },
				{ -0.34783, -0.93756, 0.00000, 0.00000, 0.93756, -0.34783, -0.00000, 0.00000, 0.00000, 0.00000, 1.00000, 0.00000, -11.16455, 30.88307, 0.00000, 1.00000, },
				{ -0.93756, 0.34783, 0.00000, 0.00000, -0.34783, -0.93756, 0.00000, 0.00000, 0.00000, -0.00000, 1.00000, 0.00000, -0.80000, 30.95000, 0.00000, 1.00000, },
			},
		},
	},
}
--End Generated

function data()
	return townbuildingutil.make_building2(
		{ { -4.60, -0.10 }, { 4.60, -0.10 }, { 4.60, 9.10 }, { -4.60, 9.10 } },
		"RESIDENTIAL", 
		"C", 
		1,
		{ 3, 4 },
		generatedData,
		"construction/building/era_c/res_1_3x4_02.gtex"
	)
end
