local townbuildingutil = require "townbuildingutil"

--Model file: "building/era_c/res_2_2x3_04.mdl"

--Begin Generated
local generatedData = {
	["base"] = {
		models = {
			["building/era_c/res_2_2x3_04.mdl"] = {
				{ 1.15000, 0.00000, 0.00000, 0.00000, 0.00000, 1.15000, 0.00000, 0.00000, 0.00000, 0.00000, 1.15000, 0.00000, 1.19329, 1.70257, 0.00000, 1.00000, },
			},
		},
		curves = {
			["scaffold"] = {
				{ { 7.69118, 3.06502, 0.00000 }, { 7.69118, 3.06502, 0.00000 }, { 9.46812, 25.92935, 0.00000 }, { 9.46815, 25.92936, 0.00000 }, { 9.46812, 25.92936, 0.00000 }, { -5.60619, 27.73630, 0.00000 }, { -5.60619, 27.73630, 0.00000 }, { -5.60619, 27.73630, 0.00000 }, { -5.60619, 18.78113, 0.00000 }, { -5.60619, 18.78113, 0.00000 }, { -5.60619, 18.78113, 0.00000 }, { -5.60619, 9.18305, 0.00000 }, { -5.60619, 9.18305, 0.00000 }, { -5.60619, 9.18304, 0.00000 }, { -5.60626, 2.94201, 0.00000 }, { -5.60626, 2.94201, 0.00000 }, },
			},
			["shared/asphalt_01.gtex.lua;shared/border2.gtex.lua"] = {
				{ { 8.68002, 0.00000, 0.00000 }, { 8.68002, 0.00000, 0.00000 }, { 8.68002, 1.72750, 0.00000 }, { 8.68002, 1.72750, 0.00000 }, { 8.68002, 1.72750, 0.00000 }, { 10.63498, 26.62499, 0.00000 }, { 10.63498, 26.62500, 0.00000 }, { 10.63498, 26.62500, 0.00000 }, { -6.55750, 28.52250, 0.00000 }, { -6.55750, 28.52250, 0.00000 }, { -6.55750, 28.52250, 0.00000 }, { -6.66101, 17.51700, 0.00000 }, { -6.66101, 17.51700, 0.00000 }, { -6.66101, 17.51700, 0.00000 }, { -5.60300, 17.44800, 0.00000 }, { -5.60300, 17.44800, 0.00000 }, { -5.60300, 17.44800, 0.00000 }, { -5.52249, 13.05500, 0.00000 }, { -5.52249, 13.05500, 0.00000 }, { -5.52249, 13.05500, 0.00000 }, { -6.21249, 13.11250, 0.00000 }, { -6.21249, 13.11250, 0.00000 }, { -6.21249, 13.11250, 0.00000 }, { -6.26999, 10.00750, 0.00000 }, { -6.26999, 10.00750, 0.00000 }, { -6.26999, 10.00750, 0.00000 }, { -6.67249, 10.00750, 0.00000 }, { -6.67249, 10.00750, 0.00000 }, { -6.67249, 10.00750, 0.00000 }, { -6.67249, 1.61250, 0.00000 }, { -6.67249, 1.61250, 0.00000 }, { -6.67249, 1.61250, 0.00000 }, { -6.67249, 0.00000, 0.00000 }, { -6.67249, 0.00000, 0.00000 }, },
			},
			["shared/grass_cutted_01.gtex.lua"] = {
				{ { -6.67249, 0.00000, 0.00000 }, { -6.67249, 0.00000, 0.00000 }, { -6.67249, 10.00749, 0.00000 }, { -6.67249, 10.00750, 0.00000 }, { -6.67249, 10.00750, 0.00000 }, { -12.00000, 10.00750, 0.00000 }, { -12.00000, 10.00750, 0.00000 }, { -12.00000, 10.00750, 0.00000 }, { -12.00000, 0.00000, 0.00000 }, { -12.00000, 0.00000, 0.00000 }, },
				{ { 8.00000, 26.90000, 0.00000 }, { 8.00000, 26.90000, 0.00000 }, { 8.00000, 32.00000, 0.00000 }, { 8.00000, 32.00000, 0.00000 }, { 8.00000, 32.00000, 0.00000 }, { -12.00000, 32.00000, 0.00000 }, { -12.00000, 32.00000, 0.00000 }, { -12.00000, 32.00000, 0.00000 }, { -12.00000, 20.05000, 0.00000 }, { -12.00000, 20.05000, 0.00000 }, { -12.00000, 20.05000, 0.00000 }, { -6.66101, 20.05000, 0.00000 }, { -6.66101, 20.05000, 0.00000 }, { -6.66101, 20.05000, 0.00000 }, { -6.55750, 28.52250, 0.00000 }, { -6.55750, 28.52250, 0.00000 }, },
			},
			["shared/gravel_02.gtex.lua;shared/border2.gtex.lua"] = {
				{ { -6.66101, 20.05000, 0.00000 }, { -6.66101, 20.05000, 0.00000 }, { -12.00000, 20.05000, 0.00000 }, { -12.00000, 20.05000, 0.00000 }, { -12.00000, 20.05000, 0.00000 }, { -12.00000, 10.00750, 0.00000 }, { -12.00000, 10.00750, 0.00000 }, { -12.00000, 10.00750, 0.00000 }, { -6.67249, 10.00750, 0.00000 }, { -6.67249, 10.00750, 0.00000 }, { -6.67249, 10.00750, 0.00000 }, { -6.26999, 10.00750, 0.00000 }, { -6.26999, 10.00750, 0.00000 }, { -6.26999, 10.00750, 0.00000 }, { -6.21249, 13.11250, 0.00000 }, { -6.21249, 13.11250, 0.00000 }, { -6.21249, 13.11250, 0.00000 }, { -5.52249, 13.05500, 0.00000 }, { -5.52249, 13.05500, 0.00000 }, { -5.52249, 13.05500, 0.00000 }, { -5.60300, 17.44800, 0.00000 }, { -5.60300, 17.44800, 0.00000 }, { -5.60300, 17.44800, 0.00000 }, { -6.66101, 17.51700, 0.00000 }, { -6.66101, 17.51700, 0.00000 }, },
				{ { 12.00000, 0.00000, 0.00000 }, { 12.00000, 0.00000, 0.00000 }, { 12.00000, 31.99999, 0.00000 }, { 12.00000, 32.00000, 0.00000 }, { 12.00000, 32.00000, 0.00000 }, { 8.00000, 32.00000, 0.00000 }, { 8.00000, 32.00000, 0.00000 }, { 8.00000, 32.00000, 0.00000 }, { 8.00000, 26.90000, 0.00000 }, { 8.00000, 26.90000, 0.00000 }, { 8.00000, 26.90000, 0.00000 }, { 10.63498, 26.62499, 0.00000 }, { 10.63498, 26.62499, 0.00000 }, { 10.63498, 26.62498, 0.00000 }, { 8.68002, 1.72751, 0.00000 }, { 8.68002, 1.72750, 0.00000 }, { 8.68002, 1.72750, 0.00000 }, { 8.68002, 0.00000, 0.00000 }, { 8.68002, 0.00000, 0.00000 }, },
			},
		},
	},
	["layout_1"] = {
		models = {
			["asset/ground/garden_chair_wood_01.mdl"] = {
				{ 1.00000, 0.00000, 0.00000, 0.00000, 0.00000, 1.00000, 0.00000, 0.00000, 0.00000, 0.00000, 1.00000, 0.00000, 0.54000, 17.01000, 3.42000, 1.00000, align = { 1.19329, 1.70257 }, },
				{ -0.99933, -0.03664, 0.00000, 0.00000, 0.03664, -0.99933, -0.00000, 0.00000, 0.00000, -0.00000, 1.00000, 0.00000, 0.54000, 15.54000, 3.42000, 1.00000, align = { 1.19329, 1.70257 }, },
				{ 1.00000, 0.00000, 0.00000, 0.00000, 0.00000, 1.00000, 0.00000, 0.00000, 0.00000, 0.00000, 1.00000, 0.00000, -0.27000, 17.11000, 3.42000, 1.00000, align = { 1.19329, 1.70257 }, },
				{ -0.99933, -0.03664, 0.00000, 0.00000, 0.03664, -0.99933, -0.00000, 0.00000, 0.00000, -0.00000, 1.00000, 0.00000, -0.27000, 15.64000, 3.42000, 1.00000, align = { 1.19329, 1.70257 }, },
			},
			["asset/ground/garden_table_wood_01.mdl"] = {
				{ 1.00000, 0.00000, 0.00000, 0.00000, 0.00000, 1.00000, 0.00000, 0.00000, 0.00000, 0.00000, 1.00000, 0.00000, 0.05000, 16.32000, 3.42000, 1.00000, align = { 1.19329, 1.70257 }, },
			},
		},
		groups = {
			["garden_sunshade_small.grp"] = {
				{ 0.55194, -0.83389, 0.00000, 0.00000, 0.83389, 0.55194, 0.00000, 0.00000, 0.00000, 0.00000, 1.00000, 0.00000, -1.41000, 16.29000, 3.50900, 1.00000, align = { 1.19329, 1.70257 }, },
			},
			["random_large_tree_town.grp"] = {
				{ -0.60698, -0.65090, 0.00000, 0.00000, 0.65090, -0.60698, 0.00000, 0.00000, 0.00000, 0.00000, 0.89000, 0.00000, -8.57221, 30.42524, 0.00000, 1.00000, },
				{ -0.39454, -0.42309, 0.00000, 0.00000, 0.42309, -0.39454, 0.00000, 0.00000, 0.00000, 0.00000, 0.57850, 0.00000, -4.87221, 31.12524, 0.00000, 1.00000, },
			},
			["random_medium_tree_town.grp"] = {
				{ 0.90631, -0.42262, 0.00000, 0.00000, 0.42262, 0.90631, 0.00000, 0.00000, 0.00000, 0.00000, 1.00000, 0.00000, -10.00000, 24.75000, 0.00000, 1.00000, },
				{ -0.49394, 0.86949, 0.00000, 0.00000, -0.86949, -0.49394, 0.00000, 0.00000, 0.00000, 0.00000, 1.00000, 0.00000, -9.50000, 6.15000, 0.00000, 1.00000, },
			},
			["random_shrub_town.grp"] = {
				{ -0.09372, -0.99560, 0.00000, 0.00000, 0.99560, -0.09372, 0.00000, 0.00000, 0.00000, 0.00000, 1.00000, 0.00000, 6.40500, 28.50500, 0.00000, 1.00000, },
				{ 0.47357, -0.88076, 0.00000, 0.00000, 0.88076, 0.47357, 0.00000, 0.00000, 0.00000, 0.00000, 1.00000, 0.00000, 6.85500, 30.45500, 0.00000, 1.00000, },
				{ 0.96703, -0.25465, 0.00000, 0.00000, 0.25465, 0.96703, 0.00000, 0.00000, 0.00000, 0.00000, 1.00000, 0.00000, 4.95500, 29.05500, 0.00000, 1.00000, },
				{ -0.21635, 0.97632, 0.00000, 0.00000, -0.97632, -0.21635, 0.00000, 0.00000, 0.00000, 0.00000, 1.00000, 0.00000, 3.93957, 30.80500, 0.00000, 1.00000, },
				{ 0.46735, -0.88407, 0.00000, 0.00000, 0.88407, 0.46735, 0.00000, 0.00000, 0.00000, 0.00000, 1.00000, 0.00000, 1.80500, 30.80500, 0.00000, 1.00000, },
				{ 0.68519, 0.72837, 0.00000, 0.00000, -0.72837, 0.68519, 0.00000, 0.00000, 0.00000, 0.00000, 1.00000, 0.00000, 0.10500, 30.80500, 0.00000, 1.00000, },
				{ 0.68519, 0.72837, 0.00000, 0.00000, -0.72837, 0.68519, 0.00000, 0.00000, 0.00000, 0.00000, 1.00000, 0.00000, -8.79500, 4.10500, 0.00000, 1.00000, },
				{ 0.53787, 0.57177, 0.00000, 0.00000, -0.57177, 0.53787, 0.00000, 0.00000, 0.00000, 0.00000, 0.78500, 0.00000, -10.67500, 5.30500, 0.00000, 1.00000, },
				{ 0.68519, 0.72837, 0.00000, 0.00000, -0.72837, 0.68519, 0.00000, 0.00000, 0.00000, 0.00000, 1.00000, 0.00000, -10.49500, 2.80500, 0.00000, 1.00000, },
				{ 0.68519, 0.72837, 0.00000, 0.00000, -0.72837, 0.68519, 0.00000, 0.00000, 0.00000, 0.00000, 1.00000, 0.00000, -8.93500, 6.84500, 0.00000, 1.00000, },
				{ -0.79569, -0.60570, 0.00000, 0.00000, 0.60570, -0.79569, 0.00000, 0.00000, 0.00000, 0.00000, 1.00000, 0.00000, -1.84500, 30.80500, 0.00000, 1.00000, },
				{ -0.15614, -0.98773, 0.00000, 0.00000, 0.98773, -0.15614, 0.00000, 0.00000, 0.00000, 0.00000, 1.00000, 0.00000, -3.84500, 30.80500, 0.00000, 1.00000, },
			},
		},
	},
}
--End Generated

function data()
	return townbuildingutil.make_building2(
		{ { -4.60, -0.10 }, { 4.60, -0.10 }, { 4.60, 9.10 }, { -4.60, 9.10 } },
		"RESIDENTIAL", 
		"C", 
		2,
		{ 3, 4 },
		generatedData,
		"construction/building/era_c/res_2_3x4_01.gtex"
	)
end
