local townbuildingutil = require "townbuildingutil"

--Model file: "building/era_c/res_3_2x2_01.mdl"

--Begin Generated
local generatedData = {
	["base"] = {
		models = {
			["building/era_c/res_3_2x2_01.mdl"] = {
				{ 1.00000, 0.00000, 0.00000, 0.00000, 0.00000, 1.00000, 0.00000, 0.00000, 0.00000, 0.00000, 1.00000, 0.00000, 0.00000, 1.05000, 0.00000, 1.00000, },
			},
		},
		curves = {
			["scaffold"] = {
				{ { 7.08539, 3.08493, 0.00000 }, { 7.08539, 3.08493, 0.00000 }, { 7.08537, 13.74492, 0.00000 }, { 7.08537, 13.74493, 0.00000 }, { 7.08537, 13.74493, 0.00000 }, { 3.53844, 13.74493, 0.00000 }, { 3.53844, 13.74493, 0.00000 }, { 3.53844, 13.74493, 0.00000 }, { 1.28662, 15.18243, 0.00000 }, { 1.28662, 15.18243, 0.00000 }, { 1.28662, 15.18243, 0.00000 }, { -1.35069, 15.18243, 0.00000 }, { -1.35069, 15.18243, 0.00000 }, { -1.35069, 15.18243, 0.00000 }, { -3.48990, 13.74493, 0.00000 }, { -3.48990, 13.74493, 0.00000 }, { -3.48990, 13.74493, 0.00000 }, { -7.03581, 13.74493, 0.00000 }, { -7.03581, 13.74493, 0.00000 }, { -7.03581, 13.74493, 0.00000 }, { -7.03581, 3.08492, 0.00000 }, { -7.03581, 3.08492, 0.00000 }, },
			},
			["shared/asphalt_01.gtex.lua;shared/border2.gtex.lua"] = {
				{ { -3.00000, 0.00000, 0.00000 }, { -3.00000, 0.00000, 0.00000 }, { -3.00000, 2.20000, 0.00000 }, { -3.00000, 2.20000, 0.00000 }, { -3.00000, 2.20000, 0.00000 }, { 8.00000, 2.20000, 0.00000 }, { 8.00000, 2.20000, 0.00000 }, { 8.00000, 2.20000, 0.00000 }, { 8.00000, 16.00000, 0.00000 }, { 8.00000, 16.00000, 0.00000 }, { 8.00000, 16.00000, 0.00000 }, { 3.80000, 16.00000, 0.00000 }, { 3.80000, 16.00000, 0.00000 }, { 3.80000, 16.00000, 0.00000 }, { 1.70000, 16.00000, 0.00000 }, { 1.70000, 16.00000, 0.00000 }, { 1.70000, 16.00000, 0.00000 }, { -1.80000, 16.00000, 0.00000 }, { -1.80000, 16.00000, 0.00000 }, { -1.80000, 16.00000, 0.00000 }, { -3.80000, 16.00000, 0.00000 }, { -3.80000, 16.00000, 0.00000 }, { -3.80000, 16.00000, 0.00000 }, { -8.00000, 16.00000, 0.00000 }, { -8.00000, 16.00000, 0.00000 }, { -8.00000, 16.00000, 0.00000 }, { -8.00000, 2.20000, 0.00000 }, { -8.00000, 2.20000, 0.00000 }, { -8.00000, 2.20000, 0.00000 }, { -8.00000, 0.00000, 0.00000 }, { -8.00000, 0.00000, 0.00000 }, },
			},
		},
	},
	["layout_1"] = {
		models = {
			["asset/ground/garden_bench_ratan_01_end.mdl"] = {
				{ 1.00000, 0.00000, 0.00000, 0.00000, 0.00000, 1.00000, 0.00000, 0.00000, 0.00000, 0.00000, 1.00000, 0.00000, 2.13767, 4.61200, 20.15000, 1.00000, align = { 0.00000, 1.05000 }, },
			},
			["asset/ground/garden_bench_ratan_01_repeat.mdl"] = {
				{ 1.00000, 0.00000, 0.00000, 0.00000, 0.00000, 1.00000, 0.00000, 0.00000, 0.00000, 0.00000, 1.00000, 0.00000, 1.74000, 4.61200, 20.15000, 1.00000, align = { 0.00000, 1.05000 }, },
				{ -0.00000, -1.00000, 0.00000, 0.00000, 1.00000, -0.00000, -0.00000, 0.00000, 0.00000, -0.00000, 1.00000, 0.00000, 2.48287, 3.86913, 20.15000, 1.00000, align = { 0.00000, 1.05000 }, },
			},
			["asset/ground/garden_bench_ratan_01_start.mdl"] = {
				{ 1.00000, 0.00000, 0.00000, 0.00000, 0.00000, 1.00000, 0.00000, 0.00000, 0.00000, 0.00000, 1.00000, 0.00000, 1.34233, 4.61200, 20.15000, 1.00000, align = { 0.00000, 1.05000 }, },
			},
			["asset/ground/garden_bench_wood_01.mdl"] = {
				{ 1.00000, 0.00000, 0.00000, 0.00000, 0.00000, 1.00000, 0.00000, 0.00000, 0.00000, 0.00000, 1.00000, 0.00000, 1.15000, 4.60000, 3.29600, 1.00000, align = { 0.00000, 1.05000 }, },
			},
			["asset/ground/garden_chair_plastic_01.mdl"] = {
				{ 0.33051, -0.94380, 0.00000, 0.00000, 0.94283, 0.33017, 0.04536, 0.00000, -0.04281, -0.01499, 0.99897, 0.00000, 2.31500, 4.71000, 8.89300, 1.00000, align = { 0.00000, 1.05000 }, },
				{ 0.99276, 0.12014, 0.00000, 0.00000, -0.12001, 0.99174, 0.04536, 0.00000, 0.00545, -0.04503, 0.99897, 0.00000, 0.81500, 4.71000, 8.89300, 1.00000, align = { 0.00000, 1.05000 }, },
				{ 0.99276, 0.12014, 0.00000, 0.00000, -0.12001, 0.99174, 0.04536, 0.00000, 0.00545, -0.04503, 0.99897, 0.00000, -1.10000, 4.71000, 14.54000, 1.00000, align = { 0.00000, 1.05000 }, },
				{ 0.97958, -0.20108, 0.00000, 0.00000, 0.20087, 0.97857, 0.04536, 0.00000, -0.00912, -0.04444, 0.99897, 0.00000, -0.18000, 4.71500, 14.54000, 1.00000, align = { 0.00000, 1.05000 }, },
			},
			["asset/ground/garden_table_round_wood_01.mdl"] = {
				{ 1.00000, 0.00000, 0.00000, 0.00000, 0.00000, 1.00000, 0.00000, 0.00000, 0.00000, 0.00000, 1.00000, 0.00000, 1.52000, 4.39300, 8.89300, 1.00000, align = { 0.00000, 1.05000 }, },
			},
		},
		groups = {
			["garden_sunshade_small.grp"] = {
				{ 1.00000, 0.00000, 0.00000, 0.00000, 0.00000, 1.00000, 0.00000, 0.00000, 0.00000, 0.00000, 1.00000, 0.00000, 1.38500, 3.23000, 3.29600, 1.00000, align = { 0.00000, 1.05000 }, },
				{ 1.00000, 0.00000, 0.00000, 0.00000, 0.00000, 1.00000, 0.00000, 0.00000, 0.00000, 0.00000, 1.00000, 0.00000, -1.75000, 3.36200, 17.49200, 1.00000, align = { 0.00000, 1.05000 }, },
			},
			["random_shrub_town.grp"] = {
				{ -0.71047, 0.70373, 0.00000, 0.00000, -0.70373, -0.71047, -0.00000, 0.00000, 0.00000, -0.00000, 1.00000, 0.00000, -1.70403, 0.75954, 0.00000, 1.00000, },
				{ -0.70373, -0.71047, 0.00000, 0.00000, 0.71047, -0.70373, -0.00000, 0.00000, 0.00000, 0.00000, 1.00000, 0.00000, -0.20403, 0.75954, 0.00000, 1.00000, },
				{ 0.71047, -0.70373, 0.00000, 0.00000, 0.70373, 0.71047, -0.00000, 0.00000, -0.00000, 0.00000, 1.00000, 0.00000, 1.29597, 0.75954, 0.00000, 1.00000, },
				{ 0.70373, 0.71047, 0.00000, 0.00000, -0.71047, 0.70373, -0.00000, 0.00000, -0.00000, -0.00000, 1.00000, 0.00000, 2.79597, 0.75954, 0.00000, 1.00000, },
				{ -0.71047, 0.70373, 0.00000, 0.00000, -0.70373, -0.71047, -0.00000, 0.00000, 0.00000, -0.00000, 1.00000, 0.00000, 4.29597, 0.75954, 0.00000, 1.00000, },
				{ -0.70373, -0.71047, 0.00000, 0.00000, 0.71047, -0.70373, -0.00000, 0.00000, 0.00000, 0.00000, 1.00000, 0.00000, 5.79597, 0.75954, 0.00000, 1.00000, },
				{ 0.71047, -0.70373, 0.00000, 0.00000, 0.70373, 0.71047, -0.00000, 0.00000, -0.00000, 0.00000, 1.00000, 0.00000, 7.00000, 0.75954, 0.00000, 1.00000, },
			},
		},
	},
}
--End Generated

function data()
	return townbuildingutil.make_building2(
		{ { -4.60, -0.10 }, { 4.60, -0.10 }, { 4.60, 9.10 }, { -4.60, 9.10 } },
		"RESIDENTIAL", 
		"C", 
		3,
		{ 2, 2 },
		generatedData,
		"construction/building/era_c/res_3_2x2_02.gtex"
	)
end
