local townbuildingutil = require "townbuildingutil"

--Model file: "building/era_c/res_2_2x3_03.mdl"

--Begin Generated
local generatedData = {
	["base"] = {
		models = {
			["building/era_c/res_2_2x3_03.mdl"] = {
				{ 1.00000, 0.00000, 0.00000, 0.00000, 0.00000, 1.00000, 0.00000, 0.00000, 0.00000, 0.00000, 1.00000, 0.00000, 0.00000, 0.00000, 0.00000, 1.00000, },
			},
		},
		curves = {
			["scaffold"] = {
				{ { 7.31100, 0.00000, 0.00000 }, { 7.31100, 0.00000, 0.00000 }, { 7.31100, 23.63350, 0.00000 }, { 7.31100, 23.63351, 0.00000 }, { 7.31100, 23.63351, 0.00000 }, { -7.38126, 23.63350, 0.00000 }, { -7.38126, 23.63350, 0.00000 }, { -7.38126, 23.63350, 0.00000 }, { -7.38126, 13.60000, 0.00000 }, { -7.38126, 13.60000, 0.00000 }, { -7.38126, 13.60000, 0.00000 }, { -4.80000, 13.60000, 0.00000 }, { -4.80000, 13.60000, 0.00000 }, { -4.80000, 13.60000, 0.00000 }, { -4.80000, 12.10000, 0.00000 }, { -4.80000, 12.10000, 0.00000 }, { -4.80000, 12.10000, 0.00000 }, { -5.85001, 12.10000, 0.00000 }, { -5.85001, 12.10000, 0.00000 }, { -5.85001, 12.10000, 0.00000 }, { -5.85001, 0.00000, 0.00000 }, { -5.85001, 0.00000, 0.00000 }, },
			},
			["shared/asphalt_01.gtex.lua;shared/border2.gtex.lua"] = {
				{ { 7.64999, 0.00000, 0.00000 }, { 7.64999, 0.00000, 0.00000 }, { 7.64999, 24.00000, 0.00000 }, { 7.64999, 24.00000, 0.00000 }, { 7.64999, 24.00000, 0.00000 }, { -7.70000, 24.00000, 0.00000 }, { -7.70000, 24.00000, 0.00000 }, { -7.70000, 24.00000, 0.00000 }, { -7.70000, 13.30000, 0.00000 }, { -7.70000, 13.30000, 0.00000 }, { -7.70000, 13.30000, 0.00000 }, { -5.10001, 13.30000, 0.00000 }, { -5.10001, 13.30000, 0.00000 }, { -5.10001, 13.30000, 0.00000 }, { -5.10001, 12.40000, 0.00000 }, { -5.10001, 12.40000, 0.00000 }, { -5.10001, 12.40000, 0.00000 }, { -6.20000, 12.40000, 0.00000 }, { -6.20000, 12.40000, 0.00000 }, { -6.20000, 12.40000, 0.00000 }, { -6.20000, 0.00000, 0.00000 }, { -6.20000, 0.00000, 0.00000 }, },
			},
			["shared/grass_cutted_01.gtex.lua"] = {
				{ { -6.20000, 0.00000, 0.00000 }, { -6.20000, 0.00001, 0.00000 }, { -6.20000, 12.40000, 0.00000 }, { -6.20000, 12.40000, 0.00000 }, { -6.20000, 12.40000, 0.00000 }, { -5.10001, 12.40000, 0.00000 }, { -5.10001, 12.40000, 0.00000 }, { -5.10001, 12.40000, 0.00000 }, { -5.10001, 13.30000, 0.00000 }, { -5.10001, 13.30000, 0.00000 }, { -5.10001, 13.30000, 0.00000 }, { -7.70000, 13.30000, 0.00000 }, { -7.70000, 13.30000, 0.00000 }, { -7.70000, 13.30000, 0.00000 }, { -7.70000, 24.00000, 0.00000 }, { -7.70000, 24.00000, 0.00000 }, { -7.70000, 24.00000, 0.00000 }, { -12.00000, 24.00000, 0.00000 }, { -12.00000, 24.00000, 0.00000 }, { -12.00000, 23.99999, 0.00000 }, { -12.00000, 0.00000, 0.00000 }, { -12.00000, 0.00000, 0.00000 }, },
				{ { 12.00000, 0.00000, 0.00000 }, { 12.00000, 0.00000, 0.00000 }, { 12.00000, 23.99999, 0.00000 }, { 12.00000, 24.00000, 0.00000 }, { 12.00000, 24.00000, 0.00000 }, { 7.64999, 24.00000, 0.00000 }, { 7.64999, 24.00000, 0.00000 }, { 7.64999, 23.99999, 0.00000 }, { 7.64999, 0.00000, 0.00000 }, { 7.64999, 0.00000, 0.00000 }, },
			},
		},
	},
	["layout_1"] = {
		groups = {
			["random_medium_tree_town.grp"] = {
				{ -0.34576, 0.60865, 0.00000, 0.00000, -0.60865, -0.34576, 0.00000, 0.00000, 0.00000, 0.00000, 0.70000, 0.00000, 11.40000, 5.05000, 0.00000, 1.00000, },
				{ 0.45924, -0.52830, 0.00000, 0.00000, 0.52830, 0.45924, 0.00000, 0.00000, 0.00000, 0.00000, 0.70000, 0.00000, 10.40000, 13.25000, 0.00000, 1.00000, },
				{ -0.52588, 0.46200, 0.00000, 0.00000, -0.46200, -0.52588, 0.00000, 0.00000, 0.00000, 0.00000, 0.70000, 0.00000, 10.90000, 20.65000, 0.00000, 1.00000, },
			},
			["random_shrub_town.grp"] = {
				{ 1.00000, 0.00000, 0.00000, 0.00000, 0.00000, 1.00000, 0.00000, 0.00000, 0.00000, 0.00000, 1.00000, 0.00000, -8.29500, 5.10500, 0.00000, 1.00000, },
				{ -0.98571, 0.16846, 0.00000, 0.00000, -0.16846, -0.98571, 0.00000, 0.00000, 0.00000, 0.00000, 1.00000, 0.00000, -9.79500, 5.80500, 0.00000, 1.00000, },
				{ 0.01917, 0.99982, 0.00000, 0.00000, -0.99982, 0.01917, 0.00000, 0.00000, 0.00000, 0.00000, 1.00000, 0.00000, -9.89500, 9.60500, 0.00000, 1.00000, },
				{ -0.53142, 0.84711, 0.00000, 0.00000, -0.84711, -0.53142, 0.00000, 0.00000, 0.00000, 0.00000, 1.00000, 0.00000, -10.54500, 22.40500, 0.00000, 1.00000, },
				{ 0.36977, -0.92912, 0.00000, 0.00000, 0.92912, 0.36977, 0.00000, 0.00000, 0.00000, 0.00000, 1.00000, 0.00000, -9.24500, 12.25500, 0.00000, 1.00000, },
				{ 0.99539, 0.09587, 0.00000, 0.00000, -0.09587, 0.99539, 0.00000, 0.00000, 0.00000, 0.00000, 1.00000, 0.00000, -8.89500, 7.65500, 0.00000, 1.00000, },
				{ 0.78041, 0.62527, 0.00000, 0.00000, -0.62527, 0.78041, 0.00000, 0.00000, 0.00000, 0.00000, 1.00000, 0.00000, -9.54500, 20.45500, 0.00000, 1.00000, },
				{ -0.54683, 0.83725, 0.00000, 0.00000, -0.83725, -0.54683, 0.00000, 0.00000, 0.00000, 0.00000, 1.00000, 0.00000, -9.34500, 3.10500, 0.00000, 1.00000, },
				{ -0.42775, -0.90390, 0.00000, 0.00000, 0.90390, -0.42775, 0.00000, 0.00000, 0.00000, 0.00000, 1.00000, 0.00000, -9.13500, 4.28500, 0.00000, 1.00000, },
			},
		},
	},
}
--End Generated

function data()
	return townbuildingutil.make_building2(
		{ { -4.60, -0.10 }, { 4.60, -0.10 }, { 4.60, 9.10 }, { -4.60, 9.10 } },
		"RESIDENTIAL", 
		"C", 
		2,
		{ 3, 3 },
		generatedData,
		"construction/building/era_c/res_2_3x3_02.gtex"
	)
end
