local townbuildingutil = require "townbuildingutil"

--Model file: "building/era_c/res_2_3x3_02.mdl"

--Begin Generated
local generatedData = {
	["base"] = {
		models = {
			["building/era_c/res_2_3x3_02.mdl"] = {
				{ 1.00000, 0.00000, 0.00000, 0.00000, 0.00000, 1.00000, 0.00000, 0.00000, 0.00000, 0.00000, 1.00000, 0.00000, -3.30000, 2.80000, 0.00000, 1.00000, },
			},
		},
		curves = {
			["scaffold"] = {
				{ { 6.81378, 3.91989, 0.00000 }, { 6.81378, 3.91989, 0.00000 }, { 6.84381, 13.18164, 0.00000 }, { 6.84381, 13.18164, 0.00000 }, { 6.84381, 13.18164, 0.00000 }, { 1.40088, 13.19713, 0.00000 }, { 1.40088, 13.19713, 0.00000 }, { 1.40088, 13.19713, 0.00000 }, { 1.40411, 13.88981, 0.00000 }, { 1.40411, 13.88981, 0.00000 }, { 1.40411, 13.88981, 0.00000 }, { 1.80469, 13.90054, 0.00000 }, { 1.80469, 13.90054, 0.00000 }, { 1.80469, 13.90054, 0.00000 }, { 1.81635, 22.40711, 0.00000 }, { 1.81635, 22.40711, 0.00000 }, { 1.81635, 22.40711, 0.00000 }, { -3.23898, 22.44998, 0.00000 }, { -3.23898, 22.44998, 0.00000 }, { -3.23898, 22.44998, 0.00000 }, { -3.20441, 26.28903, 0.00000 }, { -3.20441, 26.28903, 0.00000 }, { -3.20441, 26.28903, 0.00000 }, { -12.36163, 26.34807, 0.00000 }, { -12.36163, 26.34807, 0.00000 }, { -12.36163, 26.34807, 0.00000 }, { -12.38129, 22.03439, 0.00000 }, { -12.38129, 22.03439, 0.00000 }, { -12.38129, 22.03439, 0.00000 }, { -11.05176, 22.02463, 0.00000 }, { -11.05176, 22.02463, 0.00000 }, { -11.05176, 22.02463, 0.00000 }, { -11.05176, 17.16402, 0.00000 }, { -11.05176, 17.16402, 0.00000 }, { -11.05176, 17.16402, 0.00000 }, { -8.99686, 17.16003, 0.00000 }, { -8.99686, 17.16003, 0.00000 }, { -8.99686, 17.16003, 0.00000 }, { -8.90491, 8.14028, 0.00000 }, { -8.90491, 8.14028, 0.00000 }, { -8.90491, 8.14028, 0.00000 }, { -3.61169, 8.10309, 0.00000 }, { -3.61169, 8.10309, 0.00000 }, { -3.61169, 8.10309, 0.00000 }, { -3.62451, 3.92701, 0.00000 }, { -3.62451, 3.92701, 0.00000 }, },
			},
			["shared/asphalt_01.gtex.lua;shared/border2.gtex.lua"] = {
				{ { 7.70001, 0.00000, 0.00000 }, { 7.70001, 0.00000, 0.00000 }, { 7.70001, 3.00000, 0.00000 }, { 7.70001, 3.00000, 0.00000 }, { 7.70001, 3.00000, 0.00000 }, { 7.70001, 14.10000, 0.00000 }, { 7.70001, 14.10000, 0.00000 }, { 7.70001, 14.10000, 0.00000 }, { 2.70001, 14.10000, 0.00000 }, { 2.70001, 14.10000, 0.00000 }, { 2.70001, 14.10000, 0.00000 }, { 2.70001, 23.30000, 0.00000 }, { 2.70001, 23.30000, 0.00000 }, { 2.70001, 23.30000, 0.00000 }, { -2.29999, 23.35000, 0.00000 }, { -2.29999, 23.35000, 0.00000 }, { -2.29999, 23.35000, 0.00000 }, { -2.29999, 27.20000, 0.00000 }, { -2.29999, 27.20000, 0.00000 }, { -2.29999, 27.20000, 0.00000 }, { -13.29999, 27.30000, 0.00000 }, { -13.29999, 27.30000, 0.00000 }, { -13.29999, 27.30000, 0.00000 }, { -13.29999, 21.10000, 0.00000 }, { -13.29999, 21.10000, 0.00000 }, { -13.29999, 21.10000, 0.00000 }, { -12.00000, 21.10000, 0.00000 }, { -12.00000, 21.10000, 0.00000 }, { -12.00000, 21.10000, 0.00000 }, { -12.00000, 16.20000, 0.00000 }, { -12.00000, 16.20000, 0.00000 }, { -12.00000, 16.20000, 0.00000 }, { -9.89999, 16.20000, 0.00000 }, { -9.89999, 16.20000, 0.00000 }, { -9.89999, 16.20000, 0.00000 }, { -9.89999, 13.55000, 0.00000 }, { -9.89999, 13.55000, 0.00000 }, { -9.89999, 13.55000, 0.00000 }, { -9.79999, 13.55000, 0.00000 }, { -9.79999, 13.55000, 0.00000 }, { -9.79999, 13.55000, 0.00000 }, { -9.79999, 7.20000, 0.00000 }, { -9.79999, 7.20000, 0.00000 }, { -9.79999, 7.20000, 0.00000 }, { -4.54999, 7.20000, 0.00000 }, { -4.54999, 7.20000, 0.00000 }, { -4.54999, 7.20000, 0.00000 }, { -4.54999, 3.00000, 0.00000 }, { -4.54999, 3.00000, 0.00000 }, { -4.54999, 3.00000, 0.00000 }, { -4.54999, 0.00000, 0.00000 }, { -4.54999, 0.00000, 0.00000 }, },
			},
			["shared/grass_cutted_01.gtex.lua"] = {
				{ { 16.00000, 7.20000, 0.00000 }, { 16.00000, 7.20000, 0.00000 }, { 16.00000, 31.99999, 0.00000 }, { 16.00000, 32.00000, 0.00000 }, { 15.99999, 32.00000, 0.00000 }, { -15.99999, 32.00000, 0.00000 }, { -16.00000, 32.00000, 0.00000 }, { -16.00000, 31.99999, 0.00000 }, { -16.00000, 7.20000, 0.00000 }, { -16.00000, 7.20000, 0.00000 }, { -16.00000, 7.20000, 0.00000 }, { -9.79999, 7.20000, 0.00000 }, { -9.79999, 7.20000, 0.00000 }, { -9.79999, 7.20000, 0.00000 }, { -9.89999, 16.20000, 0.00000 }, { -9.89999, 16.20000, 0.00000 }, { -9.89999, 16.20000, 0.00000 }, { -12.00000, 16.20000, 0.00000 }, { -12.00000, 16.20000, 0.00000 }, { -12.00000, 16.20000, 0.00000 }, { -12.00000, 21.10000, 0.00000 }, { -12.00000, 21.10000, 0.00000 }, { -12.00000, 21.10000, 0.00000 }, { -13.29999, 21.10000, 0.00000 }, { -13.29999, 21.10000, 0.00000 }, { -13.29999, 21.10000, 0.00000 }, { -13.29999, 27.30000, 0.00000 }, { -13.29999, 27.30000, 0.00000 }, { -13.29998, 27.30000, 0.00000 }, { -2.29999, 27.20000, 0.00000 }, { -2.29999, 27.20000, 0.00000 }, { -2.29999, 27.20000, 0.00000 }, { 12.00000, 27.20000, 0.00000 }, { 12.00000, 27.20000, 0.00000 }, { 12.00000, 27.20000, 0.00000 }, { 12.00000, 14.10000, 0.00000 }, { 12.00000, 14.10000, 0.00000 }, { 12.00000, 14.10000, 0.00000 }, { 7.70001, 14.10000, 0.00000 }, { 7.70001, 14.10000, 0.00000 }, { 7.70001, 14.10000, 0.00000 }, { 7.70001, 7.20000, 0.00000 }, { 7.70001, 7.20000, 0.00000 }, },
			},
			["shared/gravel_02.gtex.lua;shared/border2.gtex.lua"] = {
				{ { -4.54999, 0.00000, 0.00000 }, { -4.54999, 0.00000, 0.00000 }, { -4.54999, 7.20000, 0.00000 }, { -4.54999, 7.20000, 0.00000 }, { -4.54999, 7.20000, 0.00000 }, { -16.00000, 7.20000, 0.00000 }, { -16.00000, 7.20000, 0.00000 }, { -16.00000, 7.20000, 0.00000 }, { -16.00000, 0.00000, 0.00000 }, { -16.00000, 0.00000, 0.00000 }, },
				{ { 16.00000, 0.00000, 0.00000 }, { 16.00000, 0.00000, 0.00000 }, { 16.00000, 7.20000, 0.00000 }, { 16.00000, 7.20000, 0.00000 }, { 16.00000, 7.20000, 0.00000 }, { 7.70001, 7.20000, 0.00000 }, { 7.70001, 7.20000, 0.00000 }, { 7.70001, 7.20000, 0.00000 }, { 7.70001, 0.00000, 0.00000 }, { 7.70001, 0.00000, 0.00000 }, },
				{ { 7.70001, 14.10000, 0.00000 }, { 7.70001, 14.10000, 0.00000 }, { 12.00000, 14.10000, 0.00000 }, { 12.00000, 14.10000, 0.00000 }, { 12.00000, 14.10000, 0.00000 }, { 12.00000, 27.20000, 0.00000 }, { 12.00000, 27.20000, 0.00000 }, { 12.00000, 27.20000, 0.00000 }, { -2.29999, 27.20000, 0.00000 }, { -2.29999, 27.20000, 0.00000 }, { -2.29999, 27.20000, 0.00000 }, { -2.29999, 23.35000, 0.00000 }, { -2.29999, 23.35000, 0.00000 }, { -2.29999, 23.35000, 0.00000 }, { 2.70001, 23.30000, 0.00000 }, { 2.70001, 23.30000, 0.00000 }, { 2.70001, 23.30000, 0.00000 }, { 2.70001, 14.10000, 0.00000 }, { 2.70001, 14.10000, 0.00000 }, },
			},
		},
	},
	["layout_1"] = {
		models = {
			["asset/ground/garden_bench_wood_02.mdl"] = {
				{ 0.05931, -0.99824, 0.00000, 0.00000, 0.99824, 0.05931, -0.00000, 0.00000, 0.00000, 0.00000, 1.00000, 0.00000, 2.75000, 10.58000, 11.71500, 1.00000, align = { -3.30000, 2.80000 }, },
				{ 0.99756, -0.06976, 0.00000, 0.00000, 0.06976, 0.99756, -0.00000, 0.00000, 0.00000, 0.00000, 1.00000, 0.00000, -0.52472, 9.57973, 11.71500, 1.00000, align = { -3.30000, 2.80000 }, },
				{ -0.01920, -0.99982, 0.00000, 0.00000, 0.99982, -0.01920, -0.00000, 0.00000, 0.00000, -0.00000, 1.00000, 0.00000, 2.75000, 7.75000, 11.71500, 1.00000, align = { -3.30000, 2.80000 }, },
				{ 0.05931, -0.99824, 0.00000, 0.00000, 0.99824, 0.05931, -0.00000, 0.00000, 0.00000, 0.00000, 1.00000, 0.00000, 4.62500, 10.58000, 11.71500, 1.00000, align = { -3.30000, 2.80000 }, },
				{ 0.99756, -0.06976, 0.00000, 0.00000, 0.06976, 0.99756, -0.00000, 0.00000, 0.00000, 0.00000, 1.00000, 0.00000, -0.28323, 11.43912, 11.71500, 1.00000, align = { -3.30000, 2.80000 }, },
				{ -0.01920, -0.99982, 0.00000, 0.00000, 0.99982, -0.01920, -0.00000, 0.00000, 0.00000, -0.00000, 1.00000, 0.00000, 4.62500, 7.75000, 11.71500, 1.00000, align = { -3.30000, 2.80000 }, },
			},
			["asset/ground/garden_table_metal_01.mdl"] = {
				{ 0.05931, -0.99824, 0.00000, 0.00000, 0.99824, 0.05931, 0.00000, 0.00000, 0.00000, 0.00000, 1.00000, 0.00000, 3.78000, 10.58000, 11.71500, 1.00000, align = { -3.30000, 2.80000 }, },
				{ 0.99756, -0.06976, 0.00000, 0.00000, 0.06976, 0.99756, 0.00000, 0.00000, 0.00000, 0.00000, 1.00000, 0.00000, -0.39206, 10.60115, 11.71500, 1.00000, align = { -3.30000, 2.80000 }, },
				{ -0.01047, -0.99995, 0.00000, 0.00000, 0.99995, -0.01047, -0.00000, 0.00000, 0.00000, -0.00000, 1.00000, 0.00000, 3.84000, 7.65000, 11.71500, 1.00000, align = { -3.30000, 2.80000 }, },
			},
			["asset/vegetation/hedge_m.mdl"] = {
				{ -0.00000, -1.00000, -0.00000, 0.00000, 1.00000, -0.00000, -0.00000, 0.00000, 0.00000, -0.00000, 1.00000, 0.00000, -14.90000, 0.70000, -0.00000, 1.00000, },
				{ 1.00000, 0.00000, -0.00000, 0.00000, 0.00000, 1.00000, 0.00000, 0.00000, 0.00000, -0.00000, 1.00000, 0.00000, -15.35001, 1.77001, -0.00000, 1.00000, },
				{ -1.00000, -0.00000, 0.00000, 0.00000, 0.00000, -1.00000, -0.00000, 0.00000, 0.00000, -0.00000, 1.00000, 0.00000, 15.41999, 1.77001, -0.00000, 1.00000, },
				{ -0.00000, 1.00000, 0.00000, 0.00000, -1.00000, -0.00000, 0.00000, 0.00000, 0.00000, -0.00000, 1.00000, 0.00000, -13.50002, 0.70000, -0.00000, 1.00000, },
				{ -1.00000, -0.00000, 0.00000, 0.00000, 0.00000, -1.00000, -0.00000, 0.00000, 0.00000, -0.00000, 1.00000, 0.00000, -15.35001, 3.16999, -0.00000, 1.00000, },
				{ 1.00000, 0.00000, -0.00000, 0.00000, 0.00000, 1.00000, 0.00000, 0.00000, 0.00000, -0.00000, 1.00000, 0.00000, 15.41999, 3.16999, -0.00000, 1.00000, },
				{ 1.00000, 0.00000, -0.00000, 0.00000, 0.00000, 1.00000, 0.00000, 0.00000, 0.00000, -0.00000, 1.00000, 0.00000, 15.41999, 6.21999, -0.00000, 1.00000, },
				{ -0.00000, -1.00000, -0.00000, 0.00000, 1.00000, -0.00000, -0.00000, 0.00000, 0.00000, -0.00000, 1.00000, 0.00000, -12.10002, 0.70000, -0.00000, 1.00000, },
				{ -0.00000, -1.00000, -0.00000, 0.00000, 1.00000, -0.00000, -0.00000, 0.00000, 0.00000, -0.00000, 1.00000, 0.00000, -6.75002, 0.70000, -0.00000, 1.00000, },
				{ 1.00000, 0.00000, -0.00000, 0.00000, 0.00000, 1.00000, 0.00000, 0.00000, 0.00000, -0.00000, 1.00000, 0.00000, -15.35001, 4.56998, -0.00000, 1.00000, },
				{ -1.00000, -0.00000, 0.00000, 0.00000, 0.00000, -1.00000, -0.00000, 0.00000, 0.00000, -0.00000, 1.00000, 0.00000, -15.35001, 6.18998, -0.00000, 1.00000, },
				{ -1.00000, -0.00000, 0.00000, 0.00000, 0.00000, -1.00000, -0.00000, 0.00000, 0.00000, -0.00000, 1.00000, 0.00000, 15.41999, 4.56998, -0.00000, 1.00000, },
				{ -0.00000, -1.00000, -0.00000, 0.00000, 1.00000, -0.00000, -0.00000, 0.00000, 0.00000, -0.00000, 1.00000, 0.00000, -10.70000, 0.70000, -0.00000, 1.00000, },
				{ -0.00000, -1.00000, -0.00000, 0.00000, 1.00000, -0.00000, -0.00000, 0.00000, 0.00000, -0.00000, 1.00000, 0.00000, -5.35000, 0.70000, -0.00000, 1.00000, },
				{ -0.00000, 1.00000, 0.00000, 0.00000, -1.00000, -0.00000, 0.00000, 0.00000, 0.00000, -0.00000, 1.00000, 0.00000, -9.30001, 0.70000, -0.00000, 1.00000, },
				{ -0.00000, 1.00000, 0.00000, 0.00000, -1.00000, -0.00000, 0.00000, 0.00000, 0.00000, -0.00000, 1.00000, 0.00000, -7.90001, 0.70000, -0.00000, 1.00000, },
				{ -0.00000, -1.00000, -0.00000, 0.00000, 1.00000, -0.00000, -0.00000, 0.00000, 0.00000, -0.00000, 1.00000, 0.00000, 8.64999, 0.70000, -0.00000, 1.00000, },
				{ -0.00000, 1.00000, 0.00000, 0.00000, -1.00000, -0.00000, 0.00000, 0.00000, 0.00000, -0.00000, 1.00000, 0.00000, 9.44998, 0.70000, -0.00000, 1.00000, },
				{ -0.00000, -1.00000, -0.00000, 0.00000, 1.00000, -0.00000, -0.00000, 0.00000, 0.00000, -0.00000, 1.00000, 0.00000, 11.15001, 0.70000, -0.00000, 1.00000, },
				{ -0.00000, -1.00000, -0.00000, 0.00000, 1.00000, -0.00000, -0.00000, 0.00000, 0.00000, -0.00000, 1.00000, 0.00000, 12.45000, 0.70000, -0.00000, 1.00000, },
				{ -0.00000, 1.00000, 0.00000, 0.00000, -1.00000, -0.00000, 0.00000, 0.00000, 0.00000, -0.00000, 1.00000, 0.00000, 13.79999, 0.70000, -0.00000, 1.00000, },
				{ -0.00000, 1.00000, 0.00000, 0.00000, -1.00000, -0.00000, 0.00000, 0.00000, 0.00000, -0.00000, 1.00000, 0.00000, 15.04999, 0.70000, -0.00000, 1.00000, },
			},
		},
		groups = {
			["era_c_pavillion_on_off.grp"] = {
				{ 1.00000, 0.00000, 0.00000, 0.00000, 0.00000, 1.00000, 0.00000, 0.00000, 0.00000, 0.00000, 1.00000, 0.00000, 3.78000, 10.58000, 11.71500, 1.00000, align = { -3.30000, 2.80000 }, },
				{ 0.99863, 0.05234, 0.00000, 0.00000, -0.05234, 0.99863, 0.00000, 0.00000, 0.00000, 0.00000, 1.00000, 0.00000, 3.82000, 7.64000, 11.71500, 1.00000, align = { -3.30000, 2.80000 }, },
			},
			["random_large_tree_town.grp"] = {
				{ 0.79016, -0.61291, 0.00000, 0.00000, 0.61291, 0.79016, 0.00000, 0.00000, 0.00000, 0.00000, 1.00000, 0.00000, 14.10000, 28.40000, 0.00000, 1.00000, },
				{ 0.63091, 0.56212, 0.00000, 0.00000, -0.56212, 0.63091, 0.00000, 0.00000, 0.00000, 0.00000, 0.84500, 0.00000, 9.30000, 28.90000, 0.00000, 1.00000, },
				{ -0.16238, -1.01375, 0.00000, 0.00000, 1.01375, -0.16238, 0.00000, 0.00000, 0.00000, 0.00000, 1.02667, 0.00000, 4.50000, 30.80000, 0.00000, 1.00000, },
			},
			["random_medium_tree_town.grp"] = {
				{ 0.88130, -0.47255, 0.00000, 0.00000, 0.47255, 0.88130, 0.00000, 0.00000, 0.00000, 0.00000, 1.00000, 0.00000, -12.90000, 9.30000, 0.00000, 1.00000, },
				{ -0.79864, 0.60182, 0.00000, 0.00000, -0.60182, -0.79864, 0.00000, 0.00000, 0.00000, 0.00000, 1.00000, 0.00000, -14.70000, 18.60000, 0.00000, 1.00000, },
				{ 0.28569, 0.95832, 0.00000, 0.00000, -0.95832, 0.28569, 0.00000, 0.00000, 0.00000, 0.00000, 1.00000, 0.00000, 1.10000, 28.30000, 0.00000, 1.00000, },
			},
			["random_shrub_town.grp"] = {
				{ 0.88603, -0.46363, 0.00000, 0.00000, 0.46363, 0.88603, 0.00000, 0.00000, 0.00000, 0.00000, 1.00000, 0.00000, 9.00000, 8.40000, 0.00000, 1.00000, },
				{ -0.83680, 0.54751, 0.00000, 0.00000, -0.54751, -0.83680, 0.00000, 0.00000, 0.00000, 0.00000, 1.00000, 0.00000, 9.00000, 10.60000, 0.00000, 1.00000, },
				{ 0.99999, 0.00425, 0.00000, 0.00000, -0.00425, 0.99999, 0.00000, 0.00000, 0.00000, 0.00000, 1.00000, 0.00000, 8.80000, 12.60000, 0.00000, 1.00000, },
				{ -0.25583, -0.96672, 0.00000, 0.00000, 0.96672, -0.25583, 0.00000, 0.00000, 0.00000, 0.00000, 1.00000, 0.00000, 10.50000, 13.10000, 0.00000, 1.00000, },
				{ 0.82077, 0.57125, 0.00000, 0.00000, -0.57125, 0.82077, 0.00000, 0.00000, 0.00000, 0.00000, 1.00000, 0.00000, 12.00000, 12.70000, 0.00000, 1.00000, },
				{ 0.59369, 0.80469, 0.00000, 0.00000, -0.80469, 0.59369, 0.00000, 0.00000, 0.00000, 0.00000, 1.00000, 0.00000, 12.50000, 14.70000, 0.00000, 1.00000, },
				{ 0.70338, -0.71081, 0.00000, 0.00000, 0.71081, 0.70338, 0.00000, 0.00000, 0.00000, 0.00000, 1.00000, 0.00000, 13.00000, 17.10000, 0.00000, 1.00000, },
				{ 0.85490, -0.51879, 0.00000, 0.00000, 0.51879, 0.85490, 0.00000, 0.00000, 0.00000, 0.00000, 1.00000, 0.00000, 12.80000, 18.80000, 0.00000, 1.00000, },
				{ -0.88391, 0.46765, 0.00000, 0.00000, -0.46765, -0.88391, 0.00000, 0.00000, 0.00000, 0.00000, 1.00000, 0.00000, 12.89999, 20.80000, 0.00000, 1.00000, },
				{ -0.09175, 0.99578, 0.00000, 0.00000, -0.99578, -0.09175, 0.00000, 0.00000, 0.00000, 0.00000, 1.00000, 0.00000, 12.80000, 22.60000, 0.00000, 1.00000, },
				{ -0.53028, 0.84782, 0.00000, 0.00000, -0.84782, -0.53028, 0.00000, 0.00000, 0.00000, 0.00000, 1.00000, 0.00000, 13.00000, 23.90000, 0.00000, 1.00000, },
				{ 0.89554, 0.44499, 0.00000, 0.00000, -0.44499, 0.89554, 0.00000, 0.00000, 0.00000, 0.00000, 1.00000, 0.00000, 13.00000, 25.40000, 0.00000, 1.00000, },
				{ -0.53671, -0.84377, 0.00000, 0.00000, 0.84377, -0.53671, 0.00000, 0.00000, 0.00000, 0.00000, 1.00000, 0.00000, 12.80000, 26.90000, 0.00000, 1.00000, },
				{ 0.96425, -0.26498, 0.00000, 0.00000, 0.26498, 0.96425, 0.00000, 0.00000, 0.00000, 0.00000, 1.00000, 0.00000, 12.70000, 28.30000, 0.00000, 1.00000, },
				{ -0.87592, -0.48245, 0.00000, 0.00000, 0.48245, -0.87592, 0.00000, 0.00000, 0.00000, 0.00000, 1.00000, 0.00000, 10.55000, 28.00000, 0.00000, 1.00000, },
				{ -0.30318, -0.95293, 0.00000, 0.00000, 0.95293, -0.30318, 0.00000, 0.00000, 0.00000, 0.00000, 1.00000, 0.00000, 8.80000, 28.00000, 0.00000, 1.00000, },
				{ 0.18236, -0.98323, 0.00000, 0.00000, 0.98323, 0.18236, 0.00000, 0.00000, 0.00000, 0.00000, 1.00000, 0.00000, 6.80000, 28.10000, 0.00000, 1.00000, },
				{ -0.57710, -0.81668, 0.00000, 0.00000, 0.81668, -0.57710, 0.00000, 0.00000, 0.00000, 0.00000, 1.00000, 0.00000, 5.09999, 27.80000, 0.00000, 1.00000, },
				{ -0.57753, 0.81637, 0.00000, 0.00000, -0.81637, -0.57753, 0.00000, 0.00000, 0.00000, 0.00000, 1.00000, 0.00000, 3.39999, 28.35000, 0.00000, 1.00000, },
				{ -0.81308, 0.58215, 0.00000, 0.00000, -0.58215, -0.81308, 0.00000, 0.00000, 0.00000, 0.00000, 1.00000, 0.00000, 1.70000, 28.15000, 0.00000, 1.00000, },
				{ 0.59222, 0.80578, 0.00000, 0.00000, -0.80578, 0.59222, 0.00000, 0.00000, 0.00000, 0.00000, 1.00000, 0.00000, 0.05000, 28.10000, 0.00000, 1.00000, },
				{ -0.67115, -0.74132, 0.00000, 0.00000, 0.74132, -0.67115, 0.00000, 0.00000, 0.00000, 0.00000, 1.00000, 0.00000, -1.95000, 28.05000, 0.00000, 1.00000, },
				{ 0.68186, -0.73148, 0.00000, 0.00000, 0.73148, 0.68186, 0.00000, 0.00000, 0.00000, 0.00000, 1.00000, 0.00000, 10.80000, 8.20000, 0.00000, 1.00000, },
				{ 0.38689, -0.92212, 0.00000, 0.00000, 0.92212, 0.38689, 0.00000, 0.00000, 0.00000, 0.00000, 1.00000, 0.00000, 12.80000, 8.10000, 0.00000, 1.00000, },
				{ 0.47361, 0.88074, 0.00000, 0.00000, -0.88074, 0.47361, 0.00000, 0.00000, 0.00000, 0.00000, 1.00000, 0.00000, 14.30000, 8.40000, 0.00000, 1.00000, },
			},
		},
	},
}
--End Generated

function data()
	return townbuildingutil.make_building2(
		{ { -4.60, -0.10 }, { 4.60, -0.10 }, { 4.60, 9.10 }, { -4.60, 9.10 } },
		"RESIDENTIAL", 
		"C", 
		2,
		{ 4, 4 },
		generatedData,
		"construction/building/era_c/res_2_4x4_01.gtex"
	)
end
