local townbuildingutil = require "townbuildingutil"

--Model file: "building/era_c/res_2_2x3_02.mdl"

--Begin Generated
local generatedData = {
	["base"] = {
		models = {
			["building/era_c/res_2_2x3_02.mdl"] = {
				{ 1.15000, 0.00000, 0.00000, 0.00000, 0.00000, 1.15000, 0.00000, 0.00000, 0.00000, 0.00000, 1.15000, 0.00000, 1.35000, 1.90000, 0.00000, 1.00000, },
			},
		},
		curves = {
			["scaffold"] = {
				{ { 2.25939, 3.17845, 0.00000 }, { 2.25939, 3.17845, 0.00000 }, { 3.10374, 5.39600, 0.00000 }, { 3.10374, 5.39600, 0.00000 }, { 3.10374, 5.39600, 0.00000 }, { 5.58761, 5.11648, 0.00000 }, { 5.58761, 5.11648, 0.00000 }, { 5.58761, 5.11648, 0.00000 }, { 9.27043, 16.91079, 0.00000 }, { 9.27043, 16.91079, 0.00000 }, { 9.27043, 16.91079, 0.00000 }, { 5.05002, 25.74475, 0.00000 }, { 5.05002, 25.74475, 0.00000 }, { 5.05002, 25.74475, 0.00000 }, { 2.93701, 24.52050, 0.00000 }, { 2.93701, 24.52050, 0.00000 }, { 2.93701, 24.52050, 0.00000 }, { 0.31715, 28.25777, 0.00000 }, { 0.31715, 28.25777, 0.00000 }, { 0.31715, 28.25777, 0.00000 }, { -5.76836, 24.75163, 0.00000 }, { -5.76836, 24.75163, 0.00000 }, { -5.76836, 24.75163, 0.00000 }, { -2.99700, 18.95451, 0.00000 }, { -2.99700, 18.95449, 0.00000 }, { -2.99700, 18.95449, 0.00000 }, { -4.54424, 18.20633, 0.00000 }, { -4.54424, 18.20633, 0.00000 }, { -4.54424, 18.20633, 0.00000 }, { -4.12563, 17.33204, 0.00000 }, { -4.12563, 17.33204, 0.00000 }, { -4.12563, 17.33204, 0.00000 }, { -5.19378, 12.64753, 0.00000 }, { -5.19378, 12.64753, 0.00000 }, { -5.19378, 12.64753, 0.00000 }, { -3.52599, 12.26150, 0.00000 }, { -3.52599, 12.26150, 0.00000 }, { -3.52599, 12.26150, 0.00000 }, { -5.35978, 4.18280, 0.00000 }, { -5.35978, 4.18280, 0.00000 }, },
			},
			["shared/asphalt_01.gtex.lua;shared/border2.gtex.lua"] = {
				{ { 1.01999, 0.00000, 0.00000 }, { 1.01999, 0.00000, 0.00000 }, { 1.89999, 2.36000, 0.00000 }, { 1.89999, 2.36000, 0.00000 }, { 1.89999, 2.36000, 0.00000 }, { 2.95251, 2.13000, 0.00000 }, { 2.95251, 2.13000, 0.00000 }, { 2.95251, 2.13000, 0.00000 }, { 3.81501, 4.37250, 0.00000 }, { 3.81501, 4.37250, 0.00000 }, { 3.81501, 4.37250, 0.00000 }, { 6.34499, 4.08500, 0.00000 }, { 6.34499, 4.08500, 0.00000 }, { 6.34499, 4.08500, 0.00000 }, { 10.36999, 17.05700, 0.00000 }, { 10.36999, 17.05700, 0.00000 }, { 10.36999, 17.05700, 0.00000 }, { 5.48249, 27.05050, 0.00000 }, { 5.48249, 27.05050, 0.00000 }, { 5.48249, 27.05050, 0.00000 }, { 3.26991, 25.86600, 0.00000 }, { 3.26991, 25.86600, 0.00000 }, { 3.26991, 25.86600, 0.00000 }, { 0.65251, 29.60349, 0.00000 }, { 0.65251, 29.60349, 0.00000 }, { 0.65251, 29.60349, 0.00000 }, { -1.69926, 28.24075, 0.00000 }, { -1.69926, 28.24075, 0.00000 }, { -1.69926, 28.24075, 0.00000 }, { -2.11672, 28.96755, 0.00000 }, { -2.11672, 28.96755, 0.00000 }, { -2.11672, 28.96755, 0.00000 }, { -5.91630, 26.78830, 0.00000 }, { -5.91630, 26.78830, 0.00000 }, { -5.91630, 26.78830, 0.00000 }, { -5.49656, 26.05230, 0.00000 }, { -5.49656, 26.05230, 0.00000 }, { -5.49656, 26.05230, 0.00000 }, { -6.97660, 25.20015, 0.00000 }, { -6.97660, 25.20015, 0.00000 }, { -6.97660, 25.20015, 0.00000 }, { -3.28626, 17.48250, 0.00000 }, { -3.28626, 17.48250, 0.00000 }, { -3.28626, 17.48249, 0.00000 }, { -6.41999, 3.51000, 0.00000 }, { -6.41999, 3.51000, 0.00000 }, { -6.41999, 3.51000, 0.00000 }, { -5.25000, 3.37251, 0.00000 }, { -5.25000, 3.37251, 0.00000 }, { -5.25000, 3.37250, 0.00000 }, { -6.25000, 0.00000, 0.00000 }, { -6.25000, 0.00000, 0.00000 }, },
			},
			["shared/grass_cutted_01.gtex.lua"] = {
				{ { 12.00000, 30.00000, 0.00000 }, { 12.00000, 30.00000, 0.00000 }, { 12.00000, 32.00000, 0.00000 }, { 12.00000, 32.00000, 0.00000 }, { 12.00000, 32.00000, 0.00000 }, { -12.00000, 32.00000, 0.00000 }, { -12.00000, 32.00000, 0.00000 }, { -12.00000, 31.99999, 0.00000 }, { -12.00000, 0.00000, 0.00000 }, { -12.00000, 0.00000, 0.00000 }, { -12.00000, 0.00000, 0.00000 }, { -8.05002, 0.00000, 0.00000 }, { -8.05002, 0.00000, 0.00000 }, { -8.05002, 0.00000, 0.00000 }, { -7.40002, 2.00000, 0.00000 }, { -7.40002, 2.00000, 0.00000 }, { -7.40002, 2.00000, 0.00000 }, { -8.60001, 2.20000, 0.00000 }, { -8.60001, 2.20000, 0.00000 }, { -8.60001, 2.20000, 0.00000 }, { -5.35001, 16.65000, 0.00000 }, { -5.35001, 16.65000, 0.00000 }, { -5.35001, 16.65000, 0.00000 }, { -8.04999, 15.25000, 0.00000 }, { -8.04999, 15.25000, 0.00000 }, { -8.04999, 15.25000, 0.00000 }, { -10.80002, 23.15015, 0.00000 }, { -10.80002, 23.15015, 0.00000 }, { -10.80002, 23.15015, 0.00000 }, { -5.49655, 26.05230, 0.00000 }, { -5.49655, 26.05230, 0.00000 }, { -5.49655, 26.05230, 0.00000 }, { -5.91629, 26.78830, 0.00000 }, { -5.91629, 26.78830, 0.00000 }, { -5.91629, 26.78830, 0.00000 }, { -2.11673, 28.96755, 0.00000 }, { -2.11673, 28.96755, 0.00000 }, { -2.11673, 28.96755, 0.00000 }, { -1.69925, 28.24075, 0.00000 }, { -1.69925, 28.24075, 0.00000 }, { -1.69925, 28.24075, 0.00000 }, { 0.65250, 29.60350, 0.00000 }, { 0.65250, 29.60350, 0.00000 }, { 0.65250, 29.60350, 0.00000 }, { 3.26990, 25.86600, 0.00000 }, { 3.26990, 25.86600, 0.00000 }, },
				{ { 12.00000, 0.00000, 0.00000 }, { 12.00000, 0.00000, 0.00000 }, { 12.00000, 15.05000, 0.00000 }, { 12.00000, 15.05000, 0.00000 }, { 12.00000, 15.05000, 0.00000 }, { 8.20001, 2.20000, 0.00000 }, { 8.20001, 2.20000, 0.00000 }, { 8.20001, 2.20000, 0.00000 }, { 5.00000, 2.55000, 0.00000 }, { 5.00000, 2.55000, 0.00000 }, { 5.00000, 2.55000, 0.00000 }, { 4.00000, 0.00000, 0.00000 }, { 4.00000, 0.00000, 0.00000 }, },
			},
			["shared/gravel_02.gtex.lua;shared/border2.gtex.lua"] = {
				{ { -6.25000, 0.00000, 0.00000 }, { -6.25000, 0.00000, 0.00000 }, { -5.25000, 3.37250, 0.00000 }, { -5.25000, 3.37250, 0.00000 }, { -5.25000, 3.37250, 0.00000 }, { -6.41999, 3.51000, 0.00000 }, { -6.41999, 3.51000, 0.00000 }, { -6.41999, 3.51000, 0.00000 }, { -3.28626, 17.48250, 0.00000 }, { -3.28626, 17.48250, 0.00000 }, { -3.28626, 17.48251, 0.00000 }, { -6.97660, 25.20015, 0.00000 }, { -6.97660, 25.20015, 0.00000 }, { -6.97660, 25.20015, 0.00000 }, { -10.80002, 23.15015, 0.00000 }, { -10.80002, 23.15015, 0.00000 }, { -10.80002, 23.15015, 0.00000 }, { -8.04999, 15.25001, 0.00000 }, { -8.04999, 15.25000, 0.00000 }, { -8.04999, 15.25000, 0.00000 }, { -5.35001, 16.65000, 0.00000 }, { -5.35001, 16.65000, 0.00000 }, { -5.35001, 16.64999, 0.00000 }, { -8.60001, 2.20000, 0.00000 }, { -8.60001, 2.20000, 0.00000 }, { -8.60001, 2.20000, 0.00000 }, { -7.40002, 2.00000, 0.00000 }, { -7.40002, 2.00000, 0.00000 }, { -7.40002, 2.00000, 0.00000 }, { -8.05002, 0.00000, 0.00000 }, { -8.05002, 0.00000, 0.00000 }, },
				{ { 4.00000, 0.00000, 0.00000 }, { 4.00000, 0.00000, 0.00000 }, { 5.00000, 2.55000, 0.00000 }, { 5.00000, 2.55000, 0.00000 }, { 5.00000, 2.55000, 0.00000 }, { 8.20000, 2.20000, 0.00000 }, { 8.20000, 2.20000, 0.00000 }, { 8.20000, 2.20000, 0.00000 }, { 12.00000, 15.04999, 0.00000 }, { 12.00000, 15.05000, 0.00000 }, { 12.00000, 15.05000, 0.00000 }, { 12.00000, 30.29999, 0.00000 }, { 12.00000, 30.30000, 0.00000 }, { 12.00000, 30.30000, 0.00000 }, { 5.48248, 27.05051, 0.00000 }, { 5.48248, 27.05051, 0.00000 }, { 5.48248, 27.05051, 0.00000 }, { 10.36998, 17.05700, 0.00000 }, { 10.36999, 17.05700, 0.00000 }, { 10.36998, 17.05700, 0.00000 }, { 6.34499, 4.08500, 0.00000 }, { 6.34499, 4.08500, 0.00000 }, { 6.34499, 4.08500, 0.00000 }, { 3.81501, 4.37250, 0.00000 }, { 3.81501, 4.37250, 0.00000 }, { 3.81501, 4.37250, 0.00000 }, { 2.95251, 2.13000, 0.00000 }, { 2.95251, 2.13000, 0.00000 }, { 2.95251, 2.13000, 0.00000 }, { 1.89999, 2.36000, 0.00000 }, { 1.89999, 2.36000, 0.00000 }, { 1.89999, 2.36000, 0.00000 }, { 1.01999, 0.00000, 0.00000 }, { 1.01999, 0.00000, 0.00000 }, },
			},
		},
	},
	["layout_1"] = {
		models = {
			["asset/ground/garden_chair_metal_01.mdl"] = {
				{ -1.11584, 0.27821, 0.00000, 0.00000, -0.27821, -1.11584, 0.00000, 0.00000, 0.00000, 0.00000, 1.15000, 0.00000, -3.63000, 15.85500, 9.77501, 1.00000, align = { 1.35000, 1.90000 }, },
				{ 0.01004, -1.14996, 0.00000, 0.00000, 1.14996, 0.01004, 0.00000, 0.00000, 0.00000, 0.00000, 1.15000, 0.00000, -3.08000, 17.40500, 9.77501, 1.00000, align = { 1.35000, 1.90000 }, },
			},
			["asset/ground/garden_chair_plastic_01.mdl"] = {
				{ 0.95897, -0.63473, 0.00000, 0.00000, 0.63473, 0.95897, 0.00000, 0.00000, 0.00000, 0.00000, 1.15000, 0.00000, -3.16000, 17.51000, 6.51501, 1.00000, align = { 1.35000, 1.90000 }, },
				{ -0.31891, -1.10490, 0.00000, 0.00000, 1.10490, -0.31891, 0.00000, 0.00000, 0.00000, 0.00000, 1.15000, 0.00000, -3.17000, 16.23500, 6.51501, 1.00000, align = { 1.35000, 1.90000 }, },
				{ -0.31891, -1.10490, 0.00000, 0.00000, 1.10490, -0.31891, 0.00000, 0.00000, 0.00000, 0.00000, 1.15000, 0.00000, -3.86000, 13.14000, 6.51501, 1.00000, align = { 1.35000, 1.90000 }, },
			},
			["asset/ground/garden_table_round_metal_01.mdl"] = {
				{ 1.15000, 0.00000, 0.00000, 0.00000, 0.00000, 1.15000, 0.00000, 0.00000, 0.00000, 0.00000, 1.15000, 0.00000, -3.44000, 16.65000, 9.77501, 1.00000, align = { 1.35000, 1.90000 }, },
			},
		},
		groups = {
			["random_large_tree_town.grp"] = {
				{ -0.73784, -0.49768, 0.00000, 0.00000, 0.49768, -0.73784, -0.00000, 0.00000, 0.00000, -0.00000, 0.89000, 0.00000, -6.77221, 31.07524, 0.00000, 1.00000, },
				{ -0.62381, 0.63479, 0.00000, 0.00000, -0.63479, -0.62381, -0.00000, 0.00000, -0.00000, -0.00000, 0.89000, 0.00000, 9.22779, 30.27524, 0.00000, 1.00000, },
				{ -0.46484, -0.31354, 0.00000, 0.00000, 0.31354, -0.46484, -0.00000, 0.00000, 0.00000, -0.00000, 0.56070, 0.00000, -1.82221, 31.37524, 0.00000, 1.00000, },
			},
			["random_medium_tree_town.grp"] = {
				{ 0.50302, -0.86427, -0.00000, 0.00000, 0.86427, 0.50302, 0.00000, 0.00000, 0.00000, -0.00000, 1.00000, 0.00000, -9.80000, 26.95000, -0.00000, 1.00000, },
				{ 0.99377, -0.11147, -0.00000, 0.00000, 0.11147, 0.99377, 0.00000, 0.00000, 0.00000, -0.00000, 1.00000, 0.00000, 3.90000, 30.10000, -0.00000, 1.00000, },
			},
			["random_shrub_town.grp"] = {
				{ 0.70044, -0.71371, 0.00000, 0.00000, 0.71371, 0.70044, 0.00000, 0.00000, 0.00000, 0.00000, 1.00000, 0.00000, -9.10000, 14.15000, 0.00000, 1.00000, },
				{ -0.56298, -0.82647, 0.00000, 0.00000, 0.82647, -0.56298, 0.00000, 0.00000, 0.00000, 0.00000, 1.00000, 0.00000, -6.70000, 14.90000, 0.00000, 1.00000, },
				{ -0.95506, 0.29640, 0.00000, 0.00000, -0.29640, -0.95506, 0.00000, 0.00000, 0.00000, 0.00000, 1.00000, 0.00000, -7.30000, 12.45000, 0.00000, 1.00000, },
				{ -0.00625, 0.99998, 0.00000, 0.00000, -0.99998, -0.00625, 0.00000, 0.00000, 0.00000, 0.00000, 1.00000, 0.00000, -7.85000, 10.10000, 0.00000, 1.00000, },
				{ -0.97047, -0.24122, 0.00000, 0.00000, 0.24122, -0.97047, 0.00000, 0.00000, 0.00000, 0.00000, 1.00000, 0.00000, -8.05000, 8.35000, 0.00000, 1.00000, },
				{ 0.55980, 0.82863, 0.00000, 0.00000, -0.82863, 0.55980, 0.00000, 0.00000, 0.00000, 0.00000, 1.00000, 0.00000, -8.60000, 6.35000, 0.00000, 1.00000, },
				{ 0.90227, -0.43117, 0.00000, 0.00000, 0.43117, 0.90227, 0.00000, 0.00000, 0.00000, 0.00000, 1.00000, 0.00000, -9.30000, 4.20000, 0.00000, 1.00000, },
				{ 0.35279, -0.93570, 0.00000, 0.00000, 0.93570, 0.35279, 0.00000, 0.00000, 0.00000, 0.00000, 1.00000, 0.00000, -9.55000, 2.95000, 0.00000, 1.00000, },
				{ 0.97151, -0.23700, 0.00000, 0.00000, 0.23700, 0.97151, 0.00000, 0.00000, 0.00000, 0.00000, 1.00000, 0.00000, -9.05000, 11.90000, 0.00000, 1.00000, },
			},
		},
	},
}
--End Generated

function data()
	return townbuildingutil.make_building2(
		{ { -4.60, -0.10 }, { 4.60, -0.10 }, { 4.60, 9.10 }, { -4.60, 9.10 } },
		"RESIDENTIAL", 
		"C", 
		2,
		{ 3, 4 },
		generatedData,
		"construction/building/era_c/res_2_3x4_02.gtex"
	)
end
