local townbuildingutil = require "townbuildingutil"

--Model file: "building/era_c/res_4_2x3_02.mdl"

--Begin Generated
local generatedData = {
	["base"] = {
		models = {
			["building/era_c/res_4_2x3_02.mdl"] = {
				{ 1.00000, 0.00000, 0.00000, 0.00000, 0.00000, 1.00000, 0.00000, 0.00000, 0.00000, 0.00000, 1.00000, 0.00000, 0.00000, 0.00000, 0.00000, 1.00000, },
			},
		},
		curves = {
			["scaffold"] = {
				{ { 7.03497, 0.93001, 0.00000 }, { 7.03497, 0.93001, 0.00000 }, { 7.03500, 22.95259, 0.00000 }, { 7.03500, 22.95259, 0.00000 }, { 7.03500, 22.95259, 0.00000 }, { -7.09186, 22.95258, 0.00000 }, { -7.09186, 22.95258, 0.00000 }, { -7.09186, 22.95258, 0.00000 }, { -7.09186, 0.92999, 0.00000 }, { -7.09186, 0.92999, 0.00000 }, },
			},
			["shared/asphalt_01.gtex.lua;shared/border2.gtex.lua"] = {
				{ { 8.00000, 0.00000, 0.00000 }, { 8.00000, 0.00000, 0.00000 }, { 8.00000, 24.00000, 0.00000 }, { 8.00000, 24.00000, 0.00000 }, { 8.00000, 24.00000, 0.00000 }, { -8.00000, 24.00000, 0.00000 }, { -8.00000, 24.00000, 0.00000 }, { -8.00000, 24.00000, 0.00000 }, { -8.00000, 0.00000, 0.00000 }, { -8.00000, 0.00000, 0.00000 }, },
			},
		},
	},
	["layout_1"] = {
		models = {
			["asset/ground/garden_chair_metal_01.mdl"] = {
				{ 1.00000, 0.00000, 0.00000, 0.00000, 0.00000, 1.00000, 0.00000, 0.00000, 0.00000, 0.00000, 1.00000, 0.00000, -5.47000, 16.12600, 8.46400, 1.00000, },
				{ 0.99863, -0.05234, 0.00000, 0.00000, 0.05234, 0.99863, 0.00000, 0.00000, 0.00000, 0.00000, 1.00000, 0.00000, -5.34000, 9.48000, 22.45000, 1.00000, },
				{ -0.96174, -0.27396, 0.00000, 0.00000, 0.27396, -0.96174, 0.00000, 0.00000, 0.00000, 0.00000, 1.00000, 0.00000, -5.23000, 14.95600, 8.46400, 1.00000, },
				{ -0.96174, -0.27396, 0.00000, 0.00000, 0.27396, -0.96174, 0.00000, 0.00000, 0.00000, 0.00000, 1.00000, 0.00000, -5.23000, 8.18000, 22.45000, 1.00000, },
			},
			["asset/ground/garden_chair_plastic_01.mdl"] = {
				{ 1.00000, 0.00000, 0.00000, 0.00000, 0.00000, 1.00000, 0.00000, 0.00000, 0.00000, 0.00000, 1.00000, 0.00000, -5.06000, 9.62500, 11.27500, 1.00000, },
				{ -0.98189, -0.18944, 0.00000, 0.00000, 0.18944, -0.98189, 0.00000, 0.00000, 0.00000, 0.00000, 1.00000, 0.00000, -5.55400, 14.83600, 16.85600, 1.00000, },
				{ 1.00000, 0.00000, 0.00000, 0.00000, 0.00000, 1.00000, 0.00000, 0.00000, 0.00000, 0.00000, 1.00000, 0.00000, -5.99000, 9.57500, 11.27500, 1.00000, },
				{ 1.00000, 0.00000, 0.00000, 0.00000, 0.00000, 1.00000, 0.00000, 0.00000, 0.00000, 0.00000, 1.00000, 0.00000, -5.59600, 16.46400, 16.85600, 1.00000, },
			},
			["asset/ground/garden_chair_wood_01.mdl"] = {
				{ 1.00000, 0.00000, 0.00000, 0.00000, 0.00000, 1.00000, 0.00000, 0.00000, 0.00000, 0.00000, 1.00000, 0.00000, -5.70000, 9.34000, 2.78500, 1.00000, },
				{ 0.06976, -0.99756, 0.00000, 0.00000, 0.99756, 0.06976, 0.00000, 0.00000, 0.00000, 0.00000, 1.00000, 0.00000, -5.06000, 8.89000, 2.78500, 1.00000, },
				{ -0.99824, 0.05931, 0.00000, 0.00000, -0.05931, -0.99824, 0.00000, 0.00000, 0.00000, 0.00000, 1.00000, 0.00000, -5.71000, 8.22000, 2.78500, 1.00000, },
			},
			["asset/ground/garden_table_round_metal_01.mdl"] = {
				{ 1.00000, 0.00000, 0.00000, 0.00000, 0.00000, 1.00000, 0.00000, 0.00000, 0.00000, 0.00000, 1.00000, 0.00000, -5.47000, 15.60000, 8.46400, 1.00000, },
				{ 1.00000, 0.00000, 0.00000, 0.00000, 0.00000, 1.00000, 0.00000, 0.00000, 0.00000, 0.00000, 1.00000, 0.00000, -5.47000, 8.82400, 22.45000, 1.00000, },
			},
			["asset/ground/garden_table_round_wood_01.mdl"] = {
				{ 1.00000, 0.00000, 0.00000, 0.00000, 0.00000, 1.00000, 0.00000, 0.00000, 0.00000, 0.00000, 1.00000, 0.00000, -5.70000, 8.82500, 2.78500, 1.00000, },
				{ 1.00000, 0.00000, 0.00000, 0.00000, 0.00000, 1.00000, 0.00000, 0.00000, 0.00000, 0.00000, 1.00000, 0.00000, -5.70000, 15.62000, 16.88400, 1.00000, },
			},
		},
	},
}
--End Generated

function data()
	return townbuildingutil.make_building2(
		{ { -4.60, -0.10 }, { 4.60, -0.10 }, { 4.60, 9.10 }, { -4.60, 9.10 } },
		"RESIDENTIAL", 
		"C", 
		4,
		{ 2, 3 },
		generatedData,
		"construction/building/era_c/res_4_2x3_02.gtex"
	)
end
