local townbuildingutil = require "townbuildingutil"

--Model file: "building/era_c/res_3_3x4_03.mdl"

--Begin Generated
local generatedData = {
	["base"] = {
		models = {
			["building/era_c/res_3_3x4_03.mdl"] = {
				{ 1.00000, 0.00000, 0.00000, 0.00000, 0.00000, 1.00000, 0.00000, 0.00000, 0.00000, 0.00000, 1.00000, 0.00000, 0.00000, 0.00000, 0.00000, 1.00000, },
			},
		},
		curves = {
			["scaffold"] = {
				{ { 8.80786, 1.70367, 0.00000 }, { 8.80786, 1.70367, 0.00000 }, { 8.82986, 25.03393, 0.00000 }, { 8.82986, 25.03393, 0.00000 }, { 8.82986, 25.03393, 0.00000 }, { 10.66483, 25.04893, 0.00000 }, { 10.66483, 25.04893, 0.00000 }, { 10.66483, 25.04893, 0.00000 }, { 10.64978, 30.94649, 0.00000 }, { 10.64978, 30.94649, 0.00000 }, { 10.64978, 30.94649, 0.00000 }, { 5.17444, 30.94649, 0.00000 }, { 5.17444, 30.94649, 0.00000 }, { 5.17444, 30.94649, 0.00000 }, { -8.91150, 30.94649, 0.00000 }, { -8.91150, 30.94649, 0.00000 }, { -8.91150, 30.94649, 0.00000 }, { -8.91150, 20.25346, 0.00000 }, { -8.91150, 20.25346, 0.00000 }, { -8.91150, 20.25346, 0.00000 }, { -10.76831, 20.25348, 0.00000 }, { -10.76831, 20.25348, 0.00000 }, { -10.76831, 20.25348, 0.00000 }, { -10.76831, 14.26088, 0.00000 }, { -10.76831, 14.26088, 0.00000 }, { -10.76831, 14.26088, 0.00000 }, { -8.91144, 14.26091, 0.00000 }, { -8.91144, 14.26091, 0.00000 }, { -8.91144, 14.26091, 0.00000 }, { -8.91150, 3.56787, 0.00000 }, { -8.91150, 3.56787, 0.00000 }, { -8.91150, 3.56787, 0.00000 }, { 3.23761, 3.61789, 0.00000 }, { 3.23761, 3.61789, 0.00000 }, { 3.23761, 3.61789, 0.00000 }, { 3.23761, 1.70367, 0.00000 }, { 3.23761, 1.70367, 0.00000 }, },
			},
			["shared/asphalt_01.gtex.lua;shared/border2.gtex.lua"] = {
				{ { 16.00000, 0.00000, 0.00000 }, { 16.00000, 0.00000, 0.00000 }, { 16.00000, 4.00000, 0.00000 }, { 16.00000, 4.00000, 0.00000 }, { 16.00000, 4.00001, 0.00000 }, { 16.00000, 32.00000, 0.00000 }, { 16.00000, 32.00000, 0.00000 }, { 16.00000, 32.00000, 0.00000 }, { -16.00000, 32.00000, 0.00000 }, { -16.00000, 32.00000, 0.00000 }, { -16.00000, 32.00000, 0.00000 }, { -16.00000, 4.00001, 0.00000 }, { -16.00000, 4.00000, 0.00000 }, { -16.00000, 4.00000, 0.00000 }, { -16.00000, 0.00000, 0.00000 }, { -16.00000, 0.00000, 0.00000 }, },
			},
		},
	},
	["layout_1"] = {
		models = {
			["asset/ground/container_waste3.mdl"] = {
				{ -0.03141, -0.99951, 0.00000, 0.00000, 0.99951, -0.03141, 0.00000, 0.00000, 0.00000, 0.00000, 1.00000, 0.00000, -9.88885, 29.31025, -0.00000, 1.00000, },
				{ 0.04536, -0.99897, -0.00000, 0.00000, 0.99897, 0.04536, -0.00000, 0.00000, 0.00000, -0.00000, 1.00000, 0.00000, -9.88885, 26.95024, -0.00000, 1.00000, },
				{ -0.03839, -0.99926, 0.00000, 0.00000, 0.99926, -0.03839, 0.00000, 0.00000, 0.00000, 0.00000, 1.00000, 0.00000, -9.88885, 24.03025, -0.00000, 1.00000, },
			},
			["asset/ground/garden_bench_ratan_01_end.mdl"] = {
				{ 1.00000, 0.00000, 0.00000, 0.00000, 0.00000, 1.00000, 0.00000, 0.00000, 0.00000, 0.00000, 1.00000, 0.00000, 7.83000, 5.52000, 39.29000, 1.00000, align = { 0.00000, 0.00000 }, },
				{ -0.00000, 1.00000, 0.00000, 0.00000, -1.00000, -0.00000, -0.00000, 0.00000, 0.00000, -0.00000, 1.00000, 0.00000, 4.10000, 2.64000, 39.29000, 1.00000, align = { 0.00000, 0.00000 }, },
				{ -0.00000, 1.00000, 0.00000, 0.00000, -1.00000, -0.00000, -0.00000, 0.00000, 0.00000, -0.00000, 1.00000, 0.00000, 7.54000, 29.12000, 39.29000, 1.00000, align = { 0.00000, 0.00000 }, },
				{ -0.00000, 1.00000, 0.00000, 0.00000, -1.00000, -0.00000, -0.00000, 0.00000, 0.00000, -0.00000, 1.00000, 0.00000, 6.30000, 28.33000, 19.65000, 1.00000, align = { 0.00000, 0.00000 }, },
				{ -0.01745, -0.99985, 0.00000, 0.00000, 0.99985, -0.01745, -0.00000, 0.00000, 0.00000, -0.00000, 1.00000, 0.00000, 9.05000, 28.33000, 19.65000, 1.00000, align = { 0.00000, 0.00000 }, },
				{ -0.00000, -1.00000, 0.00000, 0.00000, 1.00000, -0.00000, -0.00000, 0.00000, 0.00000, -0.00000, 1.00000, 0.00000, 7.83022, 2.63208, 16.89000, 1.00000, align = { 0.00000, 0.00000 }, },
			},
			["asset/ground/garden_bench_ratan_01_repeat.mdl"] = {
				{ -0.00000, -1.00000, 0.00000, 0.00000, 1.00000, -0.00000, -0.00000, 0.00000, 0.00000, -0.00000, 1.00000, 0.00000, 8.17520, 4.77713, 39.29000, 1.00000, align = { 0.00000, 0.00000 }, },
				{ -1.00000, 0.00000, 0.00000, 0.00000, -0.00000, -1.00000, -0.00000, 0.00000, 0.00000, -0.00000, 1.00000, 0.00000, 7.08735, 2.28688, 16.89000, 1.00000, align = { 0.00000, 0.00000 }, },
				{ -0.00000, -1.00000, 0.00000, 0.00000, 1.00000, -0.00000, -0.00000, 0.00000, 0.00000, -0.00000, 1.00000, 0.00000, 8.17520, 3.98179, 39.29000, 1.00000, align = { 0.00000, 0.00000 }, },
				{ -1.00000, 0.00000, 0.00000, 0.00000, -0.00000, -1.00000, -0.00000, 0.00000, 0.00000, -0.00000, 1.00000, 0.00000, 6.29200, 2.28688, 16.89000, 1.00000, align = { 0.00000, 0.00000 }, },
			},
			["asset/ground/garden_bench_ratan_01_start.mdl"] = {
				{ 1.00000, 0.00000, 0.00000, 0.00000, 0.00000, 1.00000, 0.00000, 0.00000, 0.00000, 0.00000, 1.00000, 0.00000, 7.83000, 5.52000, 39.29000, 1.00000, align = { 0.00000, 0.00000 }, },
				{ -0.00000, 1.00000, 0.00000, 0.00000, -1.00000, -0.00000, -0.00000, 0.00000, 0.00000, -0.00000, 1.00000, 0.00000, 4.10000, 2.64000, 39.29000, 1.00000, align = { 0.00000, 0.00000 }, },
				{ -0.00000, 1.00000, 0.00000, 0.00000, -1.00000, -0.00000, -0.00000, 0.00000, 0.00000, -0.00000, 1.00000, 0.00000, 7.54000, 29.12000, 39.29000, 1.00000, align = { 0.00000, 0.00000 }, },
				{ -0.00000, 1.00000, 0.00000, 0.00000, -1.00000, -0.00000, -0.00000, 0.00000, 0.00000, -0.00000, 1.00000, 0.00000, 6.30000, 28.33000, 19.65000, 1.00000, align = { 0.00000, 0.00000 }, },
				{ -0.01745, -0.99985, 0.00000, 0.00000, 0.99985, -0.01745, -0.00000, 0.00000, 0.00000, -0.00000, 1.00000, 0.00000, 9.05000, 28.33000, 19.65000, 1.00000, align = { 0.00000, 0.00000 }, },
				{ -0.00000, -1.00000, 0.00000, 0.00000, 1.00000, -0.00000, -0.00000, 0.00000, 0.00000, -0.00000, 1.00000, 0.00000, 7.83022, 2.63208, 16.89000, 1.00000, align = { 0.00000, 0.00000 }, },
			},
			["asset/ground/garden_bench_wood_01.mdl"] = {
				{ 1.00000, 0.00000, 0.00000, 0.00000, 0.00000, 1.00000, 0.00000, 0.00000, 0.00000, 0.00000, 1.00000, 0.00000, 6.93000, 5.86000, 33.67000, 1.00000, align = { 0.00000, 0.00000 }, },
				{ -0.99787, -0.06523, 0.00000, 0.00000, 0.06523, -0.99787, -0.00000, 0.00000, 0.00000, -0.00000, 1.00000, 0.00000, 6.93000, 3.38000, 33.67000, 1.00000, align = { 0.00000, 0.00000 }, },
			},
			["asset/ground/garden_chair_plastic_01.mdl"] = {
				{ 0.20962, -0.97778, 0.00000, 0.00000, 0.97778, 0.20962, 0.00000, 0.00000, 0.00000, 0.00000, 1.00000, 0.00000, 8.00000, 5.65000, 8.51400, 1.00000, align = { 0.00000, 0.00000 }, },
				{ -0.01396, 0.99990, -0.00000, 0.00000, -0.99990, -0.01396, 0.00000, 0.00000, -0.00000, 0.00000, 1.00000, 0.00000, 6.12027, 4.74549, 8.51400, 1.00000, align = { 0.00000, 0.00000 }, },
				{ -0.14608, -0.98927, 0.00000, 0.00000, 0.98927, -0.14608, 0.00000, 0.00000, 0.00000, 0.00000, 1.00000, 0.00000, 8.11000, 4.74500, 8.51400, 1.00000, align = { 0.00000, 0.00000 }, },
				{ 0.33710, 0.94147, 0.00000, 0.00000, -0.94147, 0.33710, -0.00000, 0.00000, -0.00000, -0.00000, 1.00000, 0.00000, 6.18973, 5.65450, 8.51400, 1.00000, align = { 0.00000, 0.00000 }, },
			},
			["asset/ground/garden_chair_wood_01.mdl"] = {
				{ 0.99692, 0.07846, 0.00000, 0.00000, -0.07846, 0.99692, 0.00000, 0.00000, 0.00000, 0.00000, 1.00000, 0.00000, -4.82583, 6.64167, 42.16000, 1.00000, align = { 0.00000, 0.00000 }, },
				{ 0.98629, 0.16505, 0.00000, 0.00000, -0.16505, 0.98629, 0.00000, 0.00000, 0.00000, 0.00000, 1.00000, 0.00000, -0.10583, 6.60167, 42.16000, 1.00000, align = { 0.00000, 0.00000 }, },
				{ -0.16505, 0.98629, 0.00000, 0.00000, -0.98629, -0.16505, 0.00000, 0.00000, 0.00000, 0.00000, 1.00000, 0.00000, 6.41833, 12.19417, 42.16000, 1.00000, align = { 0.00000, 0.00000 }, },
				{ -0.06105, 0.99813, 0.00000, 0.00000, -0.99813, -0.06105, 0.00000, 0.00000, 0.00000, 0.00000, 1.00000, 0.00000, 6.12259, 18.96225, 42.16000, 1.00000, align = { 0.00000, 0.00000 }, },
				{ -0.06105, 0.99813, 0.00000, 0.00000, -0.99813, -0.06105, 0.00000, 0.00000, 0.00000, 0.00000, 1.00000, 0.00000, 8.66662, 28.95793, 28.08400, 1.00000, align = { 0.00000, 0.00000 }, },
				{ -0.06105, 0.99813, 0.00000, 0.00000, -0.99813, -0.06105, 0.00000, 0.00000, 0.00000, 0.00000, 1.00000, 0.00000, 0.82259, 28.50225, 42.16000, 1.00000, align = { 0.00000, 0.00000 }, },
				{ -0.06105, 0.99813, 0.00000, 0.00000, -0.99813, -0.06105, 0.00000, 0.00000, 0.00000, 0.00000, 1.00000, 0.00000, -3.79741, 28.14225, 42.16000, 1.00000, align = { 0.00000, 0.00000 }, },
				{ -0.99692, -0.07846, 0.00000, 0.00000, 0.07846, -0.99692, 0.00000, 0.00000, 0.00000, 0.00000, 1.00000, 0.00000, -3.54333, 5.47917, 42.16000, 1.00000, align = { 0.00000, 0.00000 }, },
				{ -0.98629, -0.16505, 0.00000, 0.00000, 0.16505, -0.98629, 0.00000, 0.00000, 0.00000, 0.00000, 1.00000, 0.00000, 1.17667, 5.43917, 42.16000, 1.00000, align = { 0.00000, 0.00000 }, },
				{ 0.16505, -0.98629, 0.00000, 0.00000, 0.98629, 0.16505, -0.00000, 0.00000, 0.00000, 0.00000, 1.00000, 0.00000, 7.58083, 13.47667, 42.16000, 1.00000, align = { 0.00000, 0.00000 }, },
				{ 0.06105, -0.99813, 0.00000, 0.00000, 0.99813, 0.06105, -0.00000, 0.00000, 0.00000, 0.00000, 1.00000, 0.00000, 7.41278, 20.11621, 42.16000, 1.00000, align = { 0.00000, 0.00000 }, },
				{ 0.06105, -0.99813, 0.00000, 0.00000, 0.99813, 0.06105, -0.00000, 0.00000, 0.00000, 0.00000, 1.00000, 0.00000, 9.95681, 30.11189, 28.08400, 1.00000, align = { 0.00000, 0.00000 }, },
				{ 0.06105, -0.99813, 0.00000, 0.00000, 0.99813, 0.06105, -0.00000, 0.00000, 0.00000, 0.00000, 1.00000, 0.00000, 2.11278, 29.65621, 42.16000, 1.00000, align = { 0.00000, 0.00000 }, },
				{ 0.06105, -0.99813, 0.00000, 0.00000, 0.99813, 0.06105, -0.00000, 0.00000, 0.00000, 0.00000, 1.00000, 0.00000, -2.50722, 29.29621, 42.16000, 1.00000, align = { 0.00000, 0.00000 }, },
				{ 0.99027, -0.13917, 0.00000, 0.00000, 0.13917, 0.99027, 0.00000, 0.00000, 0.00000, 0.00000, 1.00000, 0.00000, -3.69083, 6.59167, 42.16000, 1.00000, align = { 0.00000, 0.00000 }, },
				{ 0.99863, -0.05234, 0.00000, 0.00000, 0.05234, 0.99863, 0.00000, 0.00000, 0.00000, 0.00000, 1.00000, 0.00000, 1.02917, 6.55167, 42.16000, 1.00000, align = { 0.00000, 0.00000 }, },
				{ 0.05234, 0.99863, 0.00000, 0.00000, -0.99863, 0.05234, 0.00000, 0.00000, 0.00000, 0.00000, 1.00000, 0.00000, 6.46833, 13.32917, 42.16000, 1.00000, align = { 0.00000, 0.00000 }, },
				{ 0.15643, 0.98769, 0.00000, 0.00000, -0.98769, 0.15643, 0.00000, 0.00000, 0.00000, 0.00000, 1.00000, 0.00000, 6.29096, 20.08580, 42.16000, 1.00000, align = { 0.00000, 0.00000 }, },
				{ 0.15643, 0.98769, 0.00000, 0.00000, -0.98769, 0.15643, 0.00000, 0.00000, 0.00000, 0.00000, 1.00000, 0.00000, 8.83499, 30.08149, 28.08400, 1.00000, align = { 0.00000, 0.00000 }, },
				{ 0.15643, 0.98769, 0.00000, 0.00000, -0.98769, 0.15643, 0.00000, 0.00000, 0.00000, 0.00000, 1.00000, 0.00000, 0.99096, 29.62580, 42.16000, 1.00000, align = { 0.00000, 0.00000 }, },
				{ 0.15643, 0.98769, 0.00000, 0.00000, -0.98769, 0.15643, 0.00000, 0.00000, 0.00000, 0.00000, 1.00000, 0.00000, -3.62904, 29.26580, 42.16000, 1.00000, align = { 0.00000, 0.00000 }, },
				{ -0.99027, 0.13917, 0.00000, 0.00000, -0.13917, -0.99027, 0.00000, 0.00000, 0.00000, 0.00000, 1.00000, 0.00000, -4.93833, 5.40417, 42.16000, 1.00000, align = { 0.00000, 0.00000 }, },
				{ -0.99863, 0.05234, 0.00000, 0.00000, -0.05234, -0.99863, 0.00000, 0.00000, 0.00000, 0.00000, 1.00000, 0.00000, -0.21833, 5.36417, 42.16000, 1.00000, align = { 0.00000, 0.00000 }, },
				{ -0.05234, -0.99863, -0.00000, 0.00000, 0.99863, -0.05234, -0.00000, 0.00000, -0.00000, -0.00000, 1.00000, 0.00000, 7.65583, 12.08167, 42.16000, 1.00000, align = { 0.00000, 0.00000 }, },
				{ -0.15643, -0.98769, -0.00000, 0.00000, 0.98769, -0.15643, -0.00000, 0.00000, -0.00000, -0.00000, 1.00000, 0.00000, 7.34155, 18.72101, 42.16000, 1.00000, align = { 0.00000, 0.00000 }, },
				{ -0.15643, -0.98769, -0.00000, 0.00000, 0.98769, -0.15643, -0.00000, 0.00000, -0.00000, -0.00000, 1.00000, 0.00000, 9.88558, 28.71669, 28.08400, 1.00000, align = { 0.00000, 0.00000 }, },
				{ -0.15643, -0.98769, -0.00000, 0.00000, 0.98769, -0.15643, -0.00000, 0.00000, -0.00000, -0.00000, 1.00000, 0.00000, 2.04155, 28.26101, 42.16000, 1.00000, align = { 0.00000, 0.00000 }, },
				{ -0.15643, -0.98769, -0.00000, 0.00000, 0.98769, -0.15643, -0.00000, 0.00000, -0.00000, -0.00000, 1.00000, 0.00000, -2.57845, 27.90101, 42.16000, 1.00000, align = { 0.00000, 0.00000 }, },
			},
			["asset/ground/garden_table_metal_01.mdl"] = {
				{ 1.00000, 0.00000, 0.00000, 0.00000, 0.00000, 1.00000, 0.00000, 0.00000, 0.00000, 0.00000, 1.00000, 0.00000, -4.28083, 6.00167, 42.16000, 1.00000, align = { 0.00000, 0.00000 }, },
				{ 0.99619, 0.08716, 0.00000, 0.00000, -0.08716, 0.99619, 0.00000, 0.00000, 0.00000, 0.00000, 1.00000, 0.00000, 0.43917, 5.96167, 42.16000, 1.00000, align = { 0.00000, 0.00000 }, },
				{ -0.08716, 0.99619, 0.00000, 0.00000, -0.99619, -0.08716, 0.00000, 0.00000, 0.00000, 0.00000, 1.00000, 0.00000, 7.05833, 12.73917, 42.16000, 1.00000, align = { 0.00000, 0.00000 }, },
				{ 0.01745, 0.99985, 0.00000, 0.00000, -0.99985, 0.01745, -0.00000, 0.00000, -0.00000, -0.00000, 1.00000, 0.00000, 6.81606, 19.43736, 42.16000, 1.00000, align = { 0.00000, 0.00000 }, },
				{ 0.01745, 0.99985, 0.00000, 0.00000, -0.99985, 0.01745, -0.00000, 0.00000, -0.00000, -0.00000, 1.00000, 0.00000, 1.51606, 28.97736, 42.16000, 1.00000, align = { 0.00000, 0.00000 }, },
				{ 0.01745, 0.99985, 0.00000, 0.00000, -0.99985, 0.01745, -0.00000, 0.00000, -0.00000, -0.00000, 1.00000, 0.00000, -3.10394, 28.61736, 42.16000, 1.00000, align = { 0.00000, 0.00000 }, },
			},
			["asset/ground/garden_table_ratan_01.mdl"] = {
				{ -0.00000, 1.00000, 0.00000, 0.00000, -1.00000, -0.00000, -0.00000, 0.00000, 0.00000, -0.00000, 1.00000, 0.00000, 7.20000, 4.00000, 39.29000, 1.00000, align = { 0.00000, 0.00000 }, },
				{ -0.00000, 1.00000, 0.00000, 0.00000, -1.00000, -0.00000, -0.00000, 0.00000, 0.00000, -0.00000, 1.00000, 0.00000, 8.88000, 29.10000, 39.29000, 1.00000, align = { 0.00000, 0.00000 }, },
				{ -0.00000, 1.00000, 0.00000, 0.00000, -1.00000, -0.00000, -0.00000, 0.00000, 0.00000, -0.00000, 1.00000, 0.00000, 7.64000, 28.31000, 19.65000, 1.00000, align = { 0.00000, 0.00000 }, },
				{ 1.00000, 0.00000, 0.00000, 0.00000, 0.00000, 1.00000, 0.00000, 0.00000, 0.00000, 0.00000, 1.00000, 0.00000, 6.31022, 3.26208, 16.89000, 1.00000, align = { 0.00000, 0.00000 }, },
			},
			["asset/ground/garden_table_wood_01.mdl"] = {
				{ 0.09063, 0.99588, 0.00000, 0.00000, -0.99588, 0.09063, 0.00000, 0.00000, 0.00000, 0.00000, 1.00000, 0.00000, 9.40600, 29.43200, 28.08400, 1.00000, align = { 0.00000, 0.00000 }, },
				{ -0.03141, 0.99951, 0.00000, 0.00000, -0.99951, -0.03141, 0.00000, 0.00000, 0.00000, 0.00000, 1.00000, 0.00000, 7.10000, 5.25000, 8.51400, 1.00000, align = { 0.00000, 0.00000 }, },
			},
		},
		groups = {
			["garden_sunshade_large_02.grp"] = {
				{ 1.00000, 0.00000, 0.00000, 0.00000, 0.00000, 1.00000, 0.00000, 0.00000, 0.00000, 0.00000, 1.00000, 0.00000, -4.28083, 6.00167, 42.16000, 1.00000, align = { 0.00000, 0.00000 }, },
				{ 0.99619, 0.08716, 0.00000, 0.00000, -0.08716, 0.99619, 0.00000, 0.00000, 0.00000, 0.00000, 1.00000, 0.00000, 0.43917, 5.96167, 42.16000, 1.00000, align = { 0.00000, 0.00000 }, },
				{ -0.08716, 0.99619, 0.00000, 0.00000, -0.99619, -0.08716, -0.00000, 0.00000, 0.00000, -0.00000, 1.00000, 0.00000, 7.05833, 12.73917, 42.16000, 1.00000, align = { 0.00000, 0.00000 }, },
				{ 0.01745, 0.99985, 0.00000, 0.00000, -0.99985, 0.01745, -0.00000, 0.00000, -0.00000, -0.00000, 1.00000, 0.00000, 6.81606, 19.43736, 42.16000, 1.00000, align = { 0.00000, 0.00000 }, },
				{ 0.01745, 0.99985, 0.00000, 0.00000, -0.99985, 0.01745, -0.00000, 0.00000, -0.00000, -0.00000, 1.00000, 0.00000, 1.51606, 28.97736, 42.16000, 1.00000, align = { 0.00000, 0.00000 }, },
				{ 0.01745, 0.99985, 0.00000, 0.00000, -0.99985, 0.01745, -0.00000, 0.00000, -0.00000, -0.00000, 1.00000, 0.00000, -3.10394, 28.61736, 42.16000, 1.00000, align = { 0.00000, 0.00000 }, },
			},
		},
	},
}
--End Generated

function data()
	return townbuildingutil.make_building2(
		{ { -4.60, -0.10 }, { 4.60, -0.10 }, { 4.60, 9.10 }, { -4.60, 9.10 } },
		"RESIDENTIAL", 
		"C", 
		3,
		{ 4, 4 },
		generatedData,
		"construction/building/era_c/res_3_4x4_02.gtex"
	)
end
