local townbuildingutil = require "townbuildingutil"

--Model file: "building/era_c/res_2_2x2_03.mdl"

--Begin Generated
local generatedData = {
	["base"] = {
		models = {
			["building/era_c/res_2_2x2_03.mdl"] = {
				{ 1.00000, 0.00000, 0.00000, 0.00000, 0.00000, 1.00000, 0.00000, 0.00000, 0.00000, 0.00000, 1.00000, 0.00000, 0.00000, 1.90000, 0.00000, 1.00000, },
			},
		},
		curves = {
			["scaffold"] = {
				{ { 4.75716, 2.91956, -0.00000 }, { 4.75716, 2.91956, -0.00000 }, { 4.75714, 12.43884, -0.00000 }, { 4.75714, 12.43884, -0.00000 }, { 4.75714, 12.43884, -0.00000 }, { 6.69598, 12.46324, -0.00000 }, { 6.69598, 12.46324, -0.00000 }, { 6.69598, 12.46324, -0.00000 }, { 6.05608, 16.98873, -0.00000 }, { 6.05608, 16.98873, -0.00000 }, { 6.05608, 16.98873, -0.00000 }, { -6.66095, 16.98873, -0.00000 }, { -6.66095, 16.98873, -0.00000 }, { -6.66095, 16.98873, -0.00000 }, { -5.90207, 2.91956, -0.00000 }, { -5.90207, 2.91956, -0.00000 }, },
			},
			["shared/asphalt_01.gtex.lua;shared/border2.gtex.lua"] = {
				{ { 4.67712, 0.00000, 0.00000 }, { 4.67712, 0.00000, 0.00000 }, { 4.67712, 2.00000, 0.00000 }, { 4.67712, 2.00000, 0.00000 }, { 4.67712, 2.00000, 0.00000 }, { 5.70000, 2.00000, 0.00000 }, { 5.70000, 2.00000, 0.00000 }, { 5.70000, 2.00000, 0.00000 }, { 5.67999, 11.52000, 0.00000 }, { 5.67999, 11.52000, 0.00000 }, { 5.67999, 11.52000, 0.00000 }, { 8.00000, 11.68000, 0.00000 }, { 8.00000, 11.68000, 0.00000 }, { 8.00000, 11.68000, 0.00000 }, { 8.00000, 17.89000, 0.00000 }, { 8.00000, 17.89000, 0.00000 }, { 8.00000, 17.89000, 0.00000 }, { -8.00000, 17.89000, 0.00000 }, { -8.00000, 17.89000, 0.00000 }, { -8.00000, 17.89000, 0.00000 }, { -8.00000, 8.46000, 0.00000 }, { -8.00000, 8.46000, 0.00000 }, { -8.00000, 8.46000, 0.00000 }, { -5.32001, 8.54000, 0.00000 }, { -5.32001, 8.54000, 0.00000 }, { -5.32001, 8.54000, 0.00000 }, { -5.12000, 5.40505, 0.00000 }, { -5.12000, 5.40505, 0.00000 }, { -5.12000, 5.40505, 0.00000 }, { -8.00000, 5.33505, 0.00000 }, { -8.00000, 5.33505, 0.00000 }, { -8.00000, 5.33505, 0.00000 }, { -8.00000, 1.99000, 0.00000 }, { -8.00000, 1.99000, 0.00000 }, { -8.00000, 1.99000, 0.00000 }, { -0.32631, 2.00000, 0.00000 }, { -0.32631, 2.00000, 0.00000 }, { -0.32631, 2.00000, 0.00000 }, { -0.32631, 0.00000, 0.00000 }, { -0.32631, 0.00000, 0.00000 }, },
			},
			["shared/grass_cutted_01.gtex.lua"] = {
				{ { 8.00000, 17.89000, 0.00000 }, { 8.00000, 17.89000, 0.00000 }, { 8.00000, 24.00000, 0.00000 }, { 8.00000, 24.00000, 0.00000 }, { 8.00000, 24.00000, 0.00000 }, { -8.00000, 24.00000, 0.00000 }, { -8.00000, 24.00000, 0.00000 }, { -8.00000, 24.00000, 0.00000 }, { -8.00000, 17.89000, 0.00000 }, { -8.00000, 17.89000, 0.00000 }, },
				{ { 8.00000, 0.00000, 0.00000 }, { 8.00000, 0.00000, 0.00000 }, { 8.00000, 2.00000, 0.00000 }, { 8.00000, 2.00000, 0.00000 }, { 8.00000, 2.00000, 0.00000 }, { 4.67712, 2.00000, 0.00000 }, { 4.67712, 2.00000, 0.00000 }, { 4.67712, 2.00000, 0.00000 }, { 4.67712, 0.00000, 0.00000 }, { 4.67712, 0.00000, 0.00000 }, },
				{ { -0.32631, 0.00000, 0.00000 }, { -0.32631, 0.00000, 0.00000 }, { -0.32631, 2.00000, 0.00000 }, { -0.32631, 2.00000, 0.00000 }, { -0.32631, 2.00000, 0.00000 }, { -8.00000, 1.99000, 0.00000 }, { -8.00000, 1.99000, 0.00000 }, { -8.00000, 1.99000, 0.00000 }, { -8.00000, 0.00000, 0.00000 }, { -8.00000, 0.00000, 0.00000 }, },
			},
			["shared/gravel_02.gtex.lua;shared/border2.gtex.lua"] = {
				{ { 8.00000, 2.00000, 0.00000 }, { 8.00000, 2.00000, 0.00000 }, { 8.00000, 11.68000, 0.00000 }, { 8.00000, 11.68000, 0.00000 }, { 8.00000, 11.68000, 0.00000 }, { 5.67999, 11.52000, 0.00000 }, { 5.67999, 11.52000, 0.00000 }, { 5.67999, 11.52000, 0.00000 }, { 5.70000, 2.00001, 0.00000 }, { 5.70000, 2.00000, 0.00000 }, },
				{ { -5.12000, 5.40505, 0.00000 }, { -5.12000, 5.40505, 0.00000 }, { -5.32001, 8.54000, 0.00000 }, { -5.32001, 8.54000, 0.00000 }, { -5.32001, 8.54000, 0.00000 }, { -8.00000, 8.46000, 0.00000 }, { -8.00000, 8.46000, 0.00000 }, { -8.00000, 8.46000, 0.00000 }, { -8.00000, 5.33505, 0.00000 }, { -8.00000, 5.33505, 0.00000 }, },
			},
		},
	},
	["layout_1"] = {
		models = {
			["asset/ground/garden_bench_wood_01.mdl"] = {
				{ -0.20450, 0.97887, 0.00000, 0.00000, -0.97887, -0.20450, -0.00000, 0.00000, 0.00000, -0.00000, 1.00000, 0.00000, 1.64000, 14.67000, 11.49000, 1.00000, align = { 0.00000, 1.90000 }, },
			},
			["asset/ground/garden_chair_wood_01.mdl"] = {
				{ 0.26724, -0.96363, 0.00000, 0.00000, 0.96363, 0.26724, 0.00000, 0.00000, 0.00000, 0.00000, 1.00000, 0.00000, 3.58000, 15.42000, 11.49000, 1.00000, align = { 0.00000, 1.90000 }, },
				{ 0.13053, -0.99144, 0.00000, 0.00000, 0.99144, 0.13053, 0.00000, 0.00000, 0.00000, 0.00000, 1.00000, 0.00000, 3.78000, 14.63000, 11.49000, 1.00000, align = { 0.00000, 1.90000 }, },
				{ -0.99211, 0.12533, 0.00000, 0.00000, -0.12533, -0.99211, -0.00000, 0.00000, 0.00000, -0.00000, 1.00000, 0.00000, -5.32000, 6.01000, 5.47000, 1.00000, align = { 0.00000, 1.90000 }, },
				{ 0.04536, -0.99897, 0.00000, 0.00000, 0.99897, 0.04536, 0.00000, 0.00000, 0.00000, 0.00000, 1.00000, 0.00000, -4.60000, 6.94000, 5.47000, 1.00000, align = { 0.00000, 1.90000 }, },
				{ 0.33545, -0.94206, 0.00000, 0.00000, 0.94206, 0.33545, 0.00000, 0.00000, 0.00000, 0.00000, 1.00000, 0.00000, -4.84500, 7.78000, 5.47000, 1.00000, align = { 0.00000, 1.90000 }, },
			},
			["asset/ground/garden_table_wood_01.mdl"] = {
				{ 0.26724, -0.96363, 0.00000, 0.00000, 0.96363, 0.26724, 0.00000, 0.00000, 0.00000, 0.00000, 1.00000, 0.00000, 2.88000, 14.80000, 11.49000, 1.00000, align = { 0.00000, 1.90000 }, },
			},
			["asset/vegetation/hedge_m.mdl"] = {
				{ -0.00000, 1.00000, 0.00000, 0.00000, -1.00000, -0.00000, 0.00000, 0.00000, 0.00000, 0.00000, 1.00000, 0.00000, -1.30001, 0.70000, -0.00000, 1.00000, },
				{ -0.00000, -1.00000, 0.00000, 0.00000, 1.00000, -0.00000, -0.00000, 0.00000, 0.00000, -0.00000, 1.00000, 0.00000, -2.90000, 0.70000, -0.00000, 1.00000, },
				{ -0.00000, -1.00000, 0.00000, 0.00000, 1.00000, -0.00000, -0.00000, 0.00000, 0.00000, -0.00000, 1.00000, 0.00000, -4.10002, 0.70000, -0.00000, 1.00000, },
				{ -0.00000, -1.00000, 0.00000, 0.00000, 1.00000, -0.00000, -0.00000, 0.00000, 0.00000, -0.00000, 1.00000, 0.00000, 7.14998, 0.70000, -0.00000, 1.00000, },
				{ -0.00000, 1.00000, 0.00000, 0.00000, -1.00000, -0.00000, 0.00000, 0.00000, 0.00000, 0.00000, 1.00000, 0.00000, -5.70002, 0.70000, -0.00000, 1.00000, },
				{ -0.00000, 1.00000, 0.00000, 0.00000, -1.00000, -0.00000, 0.00000, 0.00000, 0.00000, 0.00000, 1.00000, 0.00000, 5.54998, 0.70000, -0.00000, 1.00000, },
				{ -0.00000, -1.00000, 0.00000, 0.00000, 1.00000, -0.00000, -0.00000, 0.00000, 0.00000, -0.00000, 1.00000, 0.00000, -7.10000, 0.70000, -0.00000, 1.00000, },
			},
		},
		groups = {
			["garden_sunshade_large_01.grp"] = {
				{ 0.26724, -0.96363, 0.00000, 0.00000, 0.96363, 0.26724, 0.00000, 0.00000, 0.00000, 0.00000, 1.00000, 0.00000, 2.88000, 14.80000, 11.49000, 1.00000, align = { 0.00000, 1.90000 }, },
			},
			["random_medium_tree_town.grp"] = {
				{ 0.90631, -0.42262, 0.00000, 0.00000, 0.42262, 0.90631, 0.00000, 0.00000, 0.00000, 0.00000, 1.00000, 0.00000, -6.20000, 19.80000, 0.00000, 1.00000, },
				{ 0.90631, -0.42262, 0.00000, 0.00000, 0.42262, 0.90631, 0.00000, 0.00000, 0.00000, 0.00000, 1.00000, 0.00000, -2.70000, 21.60000, 0.00000, 1.00000, },
			},
			["random_shrub_town.grp"] = {
				{ -0.77709, -0.62940, 0.00000, 0.00000, 0.62940, -0.77709, 0.00000, 0.00000, 0.00000, 0.00000, 1.00000, 0.00000, -6.70500, 22.80500, 0.00000, 1.00000, },
				{ 0.78795, 0.61574, 0.00000, 0.00000, -0.61574, 0.78795, -0.00000, 0.00000, -0.00000, -0.00000, 1.00000, 0.00000, -4.80500, 22.70500, 0.00000, 1.00000, },
				{ 0.78795, 0.61574, 0.00000, 0.00000, -0.61574, 0.78795, -0.00000, 0.00000, -0.00000, -0.00000, 1.00000, 0.00000, -2.95500, 22.50500, 0.00000, 1.00000, },
				{ 0.78795, 0.61574, 0.00000, 0.00000, -0.61574, 0.78795, -0.00000, 0.00000, -0.00000, -0.00000, 1.00000, 0.00000, -0.85500, 22.60500, 0.00000, 1.00000, },
				{ -0.61574, 0.78795, 0.00000, 0.00000, -0.78795, -0.61574, -0.00000, 0.00000, 0.00000, -0.00000, 1.00000, 0.00000, 0.49501, 22.60500, 0.00000, 1.00000, },
				{ -0.78795, -0.61574, 0.00000, 0.00000, 0.61574, -0.78795, -0.00000, 0.00000, 0.00000, 0.00000, 1.00000, 0.00000, 1.84500, 22.60500, 0.00000, 1.00000, },
				{ 0.61574, -0.78795, 0.00000, 0.00000, 0.78795, 0.61574, -0.00000, 0.00000, -0.00000, 0.00000, 1.00000, 0.00000, 3.19501, 22.60500, 0.00000, 1.00000, },
				{ 0.78795, 0.61574, 0.00000, 0.00000, -0.61574, 0.78795, -0.00000, 0.00000, -0.00000, -0.00000, 1.00000, 0.00000, 4.54500, 22.60500, 0.00000, 1.00000, },
				{ -0.61574, 0.78795, 0.00000, 0.00000, -0.78795, -0.61574, -0.00000, 0.00000, 0.00000, -0.00000, 1.00000, 0.00000, 5.89500, 22.60500, 0.00000, 1.00000, },
				{ -0.78795, -0.61574, 0.00000, 0.00000, 0.61574, -0.78795, -0.00000, 0.00000, 0.00000, 0.00000, 1.00000, 0.00000, 7.24501, 22.60500, 0.00000, 1.00000, },
			},
		},
	},
}
--End Generated

function data()
	return townbuildingutil.make_building2(
		{ { -4.60, -0.10 }, { 4.60, -0.10 }, { 4.60, 9.10 }, { -4.60, 9.10 } },
		"RESIDENTIAL", 
		"C", 
		2,
		{ 2, 3 },
		generatedData,
		"construction/building/era_c/res_2_2x3_02.gtex"
	)
end
