local townbuildingutil = require "townbuildingutil"

--Model file: "building/era_c/res_1_2x2_01.mdl"

--Begin Generated
local generatedData = {
	["base"] = {
		models = {
			["building/era_c/res_1_2x2_01.mdl"] = {
				{ 1.15000, 0.00000, 0.00000, 0.00000, 0.00000, 1.15000, 0.00000, 0.00000, 0.00000, 0.00000, 1.15000, 0.00000, 0.00000, 3.30000, 0.00000, 1.00000, },
			},
		},
		curves = {
			["scaffold"] = {
				{ { 3.42564, 5.22161, 0.00000 }, { 3.42564, 5.22162, 0.00000 }, { 3.42564, 18.14188, 0.00000 }, { 3.42564, 18.14188, 0.00000 }, { 3.42564, 18.14188, 0.00000 }, { -3.91684, 18.14188, 0.00000 }, { -3.91684, 18.14188, 0.00000 }, { -3.91684, 18.14188, 0.00000 }, { -5.01946, 14.83446, 0.00000 }, { -5.01946, 14.83446, 0.00000 }, { -5.01946, 14.83446, 0.00000 }, { -5.01946, 8.52897, 0.00000 }, { -5.01946, 8.52897, 0.00000 }, { -5.01946, 8.52897, 0.00000 }, { -3.91684, 5.22162, 0.00000 }, { -3.91684, 5.22162, 0.00000 }, },
			},
			["shared/asphalt_01.gtex.lua;shared/border2.gtex.lua"] = {
				{ { 2.97501, 0.00000, 0.00000 }, { 2.97501, 0.00000, 0.00000 }, { 2.97501, 4.32500, 0.00000 }, { 2.97501, 4.32500, 0.00000 }, { 2.97501, 4.32500, 0.00000 }, { 4.37000, 4.32500, 0.00000 }, { 4.37000, 4.32500, 0.00000 }, { 4.37000, 4.32500, 0.00000 }, { 4.37000, 8.81000, 0.00000 }, { 4.37000, 8.81000, 0.00000 }, { 4.37000, 8.81000, 0.00000 }, { 3.10501, 8.81000, 0.00000 }, { 3.10501, 8.81000, 0.00000 }, { 3.10501, 8.81000, 0.00000 }, { 3.10501, 11.68500, 0.00000 }, { 3.10501, 11.68500, 0.00000 }, { 3.10501, 11.68500, 0.00000 }, { 4.37000, 11.68500, 0.00000 }, { 4.37000, 11.68500, 0.00000 }, { 4.37000, 11.68500, 0.00000 }, { 4.37000, 19.27500, 0.00000 }, { 4.37000, 19.27500, 0.00000 }, { 4.37000, 19.27500, 0.00000 }, { -4.60001, 19.27500, 0.00000 }, { -4.60001, 19.27500, 0.00000 }, { -4.60001, 19.27500, 0.00000 }, { -5.98001, 15.13500, 0.00000 }, { -5.98001, 15.13500, 0.00000 }, { -5.98001, 15.13500, 0.00000 }, { -5.98001, 8.46500, 0.00000 }, { -5.98001, 8.46500, 0.00000 }, { -5.98001, 8.46500, 0.00000 }, { -4.60001, 4.32500, 0.00000 }, { -4.60001, 4.32500, 0.00000 }, { -4.60001, 4.32500, 0.00000 }, { -4.00000, 4.32500, 0.00000 }, { -4.00000, 4.32500, 0.00000 }, { -4.00000, 4.32500, 0.00000 }, { -4.00000, 0.00000, 0.00000 }, { -4.00000, 0.00000, 0.00000 }, },
			},
			["shared/grass_cutted_01.gtex.lua"] = {
				{ { -4.60001, 4.32500, 0.00000 }, { -4.60001, 4.32500, 0.00000 }, { -5.98001, 8.46500, 0.00000 }, { -5.98001, 8.46500, 0.00000 }, { -5.98001, 8.46500, 0.00000 }, { -9.60001, 8.46500, 0.00000 }, { -9.60001, 8.46500, 0.00000 }, { -9.60001, 8.46500, 0.00000 }, { -9.60001, 15.13500, 0.00000 }, { -9.60001, 15.13500, 0.00000 }, { -9.60001, 15.13500, 0.00000 }, { -5.98001, 15.13500, 0.00000 }, { -5.98001, 15.13500, 0.00000 }, { -5.98001, 15.13500, 0.00000 }, { -4.60001, 19.27500, 0.00000 }, { -4.60001, 19.27500, 0.00000 }, { -4.60000, 19.27500, 0.00000 }, { -4.20001, 19.27500, 0.00000 }, { -4.20001, 19.27500, 0.00000 }, { -4.20001, 19.27500, 0.00000 }, { -4.20001, 32.00000, 0.00000 }, { -4.20001, 32.00000, 0.00000 }, { -4.20001, 32.00000, 0.00000 }, { -12.00000, 32.00000, 0.00000 }, { -12.00000, 32.00000, 0.00000 }, { -12.00000, 31.99999, 0.00000 }, { -12.00000, 4.32500, 0.00000 }, { -12.00000, 4.32500, 0.00000 }, },
				{ { 4.37000, 4.32500, 0.00000 }, { 4.37000, 4.32500, 0.00000 }, { 4.37000, 8.81000, 0.00000 }, { 4.37000, 8.81000, 0.00000 }, { 4.37000, 8.81000, 0.00000 }, { 6.81998, 8.81000, 0.00000 }, { 6.81998, 8.81000, 0.00000 }, { 6.81998, 8.81000, 0.00000 }, { 6.81998, 28.10000, 0.00000 }, { 6.81998, 28.10000, 0.00000 }, { 6.81998, 28.10000, 0.00000 }, { 12.00000, 28.10000, 0.00000 }, { 12.00000, 28.10000, 0.00000 }, { 12.00000, 28.10000, 0.00000 }, { 12.00000, 4.32500, 0.00000 }, { 12.00000, 4.32500, 0.00000 }, },
			},
			["shared/gravel_02.gtex.lua;shared/border2.gtex.lua"] = {
				{ { -5.98001, 8.46500, 0.00000 }, { -5.98001, 8.46500, 0.00000 }, { -5.98001, 15.13500, 0.00000 }, { -5.98001, 15.13500, 0.00000 }, { -5.98001, 15.13500, 0.00000 }, { -9.60001, 15.13500, 0.00000 }, { -9.60001, 15.13500, 0.00000 }, { -9.60001, 15.13500, 0.00000 }, { -9.60001, 8.46500, 0.00000 }, { -9.60001, 8.46500, 0.00000 }, },
				{ { 3.10501, 8.81000, 0.00000 }, { 3.10501, 8.81000, 0.00000 }, { 6.81998, 8.81000, 0.00000 }, { 6.81998, 8.81000, 0.00000 }, { 6.81998, 8.81000, 0.00000 }, { 6.81998, 19.27500, 0.00000 }, { 6.81998, 19.27500, 0.00000 }, { 6.81998, 19.27500, 0.00000 }, { 6.81998, 28.10000, 0.00000 }, { 6.81998, 28.10000, 0.00000 }, { 6.81998, 28.10000, 0.00000 }, { -4.20001, 28.10000, 0.00000 }, { -4.20001, 28.10000, 0.00000 }, { -4.20001, 28.10000, 0.00000 }, { -4.20001, 19.27500, 0.00000 }, { -4.20001, 19.27500, 0.00000 }, { -4.20001, 19.27500, 0.00000 }, { 4.37000, 19.27500, 0.00000 }, { 4.37000, 19.27500, 0.00000 }, { 4.37000, 19.27500, 0.00000 }, { 4.37000, 11.68500, 0.00000 }, { 4.37000, 11.68500, 0.00000 }, { 4.37000, 11.68500, 0.00000 }, { 3.10501, 11.68500, 0.00000 }, { 3.10501, 11.68500, 0.00000 }, },
			},
		},
	},
	["layout_1"] = {
		models = {
			["asset/ground/garden_bench_ratan_01_end.mdl"] = {
				{ 1.15000, 0.00000, -0.00000, 0.00000, 0.00000, 1.15000, 0.00000, 0.00000, 0.00000, -0.00000, 1.15000, 0.00000, 0.59000, 26.43000, 0.00000, 1.00000, },
			},
			["asset/ground/garden_bench_ratan_01_repeat.mdl"] = {
				{ 1.15000, 0.00000, -0.00000, 0.00000, 0.00000, 1.15000, 0.00000, 0.00000, 0.00000, -0.00000, 1.15000, 0.00000, 0.13200, 26.43000, 0.00000, 1.00000, },
				{ 1.15000, 0.00000, -0.00000, 0.00000, 0.00000, 1.15000, 0.00000, 0.00000, 0.00000, -0.00000, 1.15000, 0.00000, -0.78300, 26.43000, 0.00000, 1.00000, },
				{ -0.00000, 1.15000, 0.00000, 0.00000, -1.15000, -0.00000, 0.00000, 0.00000, 0.00000, 0.00000, 1.15000, 0.00000, -2.55300, 25.57500, 0.00000, 1.00000, },
				{ -0.00000, 1.15000, 0.00000, 0.00000, -1.15000, -0.00000, 0.00000, 0.00000, 0.00000, 0.00000, 1.15000, 0.00000, -2.55300, 24.66100, 0.00000, 1.00000, },
				{ 1.15000, 0.00000, -0.00000, 0.00000, 0.00000, 1.15000, 0.00000, 0.00000, 0.00000, -0.00000, 1.15000, 0.00000, -1.69800, 26.43000, 0.00000, 1.00000, },
			},
			["asset/ground/garden_bench_ratan_01_start.mdl"] = {
				{ 1.15000, 0.00000, -0.00000, 0.00000, 0.00000, 1.15000, 0.00000, 0.00000, 0.00000, -0.00000, 1.15000, 0.00000, -2.15600, 26.43000, 0.00000, 1.00000, },
				{ -0.00000, 1.15000, 0.00000, 0.00000, -1.15000, -0.00000, 0.00000, 0.00000, 0.00000, 0.00000, 1.15000, 0.00000, -2.55300, 24.20400, 0.00000, 1.00000, },
			},
			["asset/ground/garden_bench_stone_01.mdl"] = {
				{ 1.00000, 0.00000, 0.00000, 0.00000, 0.00000, 1.00000, 0.00000, 0.00000, 0.00000, 0.00000, 1.00000, 0.00000, 2.16000, 4.67745, 0.00000, 1.00000, },
			},
			["asset/ground/garden_chair_wood_01.mdl"] = {
				{ 0.81714, 0.57643, 0.00000, 0.00000, -0.57643, 0.81714, 0.00000, 0.00000, 0.00000, 0.00000, 1.00000, 0.00000, -8.24000, 12.58987, 0.00000, 1.00000, },
				{ 0.06627, 0.99780, 0.00000, 0.00000, -0.99780, 0.06627, 0.00000, 0.00000, 0.00000, 0.00000, 1.00000, 0.00000, -8.82724, 11.62729, 0.00000, 1.00000, },
				{ -0.90183, 0.43209, -0.00000, 0.00000, -0.43209, -0.90183, 0.00000, 0.00000, -0.00000, 0.00000, 1.00000, 0.00000, -8.28726, 10.63742, 0.00000, 1.00000, },
				{ -0.92587, -0.37784, -0.00000, 0.00000, 0.37784, -0.92587, 0.00000, 0.00000, -0.00000, 0.00000, 1.00000, 0.00000, -7.08000, 10.47013, 0.00000, 1.00000, },
				{ -0.11840, -0.99297, -0.00000, 0.00000, 0.99297, -0.11840, 0.00000, 0.00000, -0.00000, 0.00000, 1.00000, 0.00000, -6.57275, 11.57271, 0.00000, 1.00000, },
				{ 0.86427, -0.50302, 0.00000, 0.00000, 0.50302, 0.86427, 0.00000, 0.00000, 0.00000, 0.00000, 1.00000, 0.00000, -7.11273, 12.56258, 0.00000, 1.00000, },
			},
			["asset/ground/garden_table_ratan_01.mdl"] = {
				{ 1.15000, 0.00000, -0.00000, 0.00000, 0.00000, 1.15000, 0.00000, 0.00000, 0.00000, -0.00000, 1.15000, 0.00000, -0.33000, 24.88981, 0.00000, 1.00000, },
			},
			["asset/ground/garden_table_wood_02.mdl"] = {
				{ 1.00000, 0.00000, 0.00000, 0.00000, 0.00000, 1.00000, 0.00000, 0.00000, 0.00000, 0.00000, 1.00000, 0.00000, -7.70000, 11.60000, 0.00000, 1.00000, },
			},
			["station/air/asset/ladder_low_a.mdl"] = {
				{ -0.55194, -0.83389, -0.00000, 0.00000, 0.83389, -0.55194, 0.00000, 0.00000, -0.00000, 0.00000, 1.00000, 0.00000, 7.02000, 25.10000, 0.00000, 1.00000, },
			},
		},
		groups = {
			["garden_sunshade_large_01.grp"] = {
				{ 1.00000, 0.00000, 0.00000, 0.00000, 0.00000, 1.00000, 0.00000, 0.00000, 0.00000, 0.00000, 1.00000, 0.00000, -7.70000, 11.60000, 0.00000, 1.00000, },
			},
			["random_large_tree_town.grp"] = {
				{ 0.76828, -0.64011, 0.00000, 0.00000, 0.64011, 0.76828, 0.00000, 0.00000, 0.00000, 0.00000, 1.00000, 0.00000, -7.10000, 23.80000, 0.00000, 1.00000, },
				{ 0.27228, 0.96222, 0.00000, 0.00000, -0.96222, 0.27228, 0.00000, 0.00000, 0.00000, 0.00000, 1.00000, 0.00000, 8.70000, 29.85000, 0.00000, 1.00000, },
				{ 0.37077, -0.66342, 0.00000, 0.00000, 0.66342, 0.37077, 0.00000, 0.00000, 0.00000, 0.00000, 0.76000, 0.00000, 4.45000, 30.85000, 0.00000, 1.00000, },
			},
			["random_medium_tree_town.grp"] = {
				{ 1.00000, 0.00000, 0.00000, 0.00000, 0.00000, 1.00000, 0.00000, 0.00000, 0.00000, 0.00000, 1.00000, 0.00000, -9.19792, 18.76974, 0.00000, 1.00000, },
				{ -0.01047, -0.99995, 0.00000, 0.00000, 0.99995, -0.01047, 0.00000, 0.00000, 0.00000, 0.00000, 1.00000, 0.00000, 2.80208, 29.56974, 0.00000, 1.00000, },
				{ 0.16096, 0.86007, 0.00000, 0.00000, -0.86007, 0.16096, 0.00000, 0.00000, 0.00000, 0.00000, 0.87500, 0.00000, -10.24792, 25.81974, 0.00000, 1.00000, },
				{ 1.00000, 0.00000, 0.00000, 0.00000, 0.00000, 1.00000, 0.00000, 0.00000, 0.00000, 0.00000, 1.00000, 0.00000, -8.80000, 29.10000, 0.00000, 1.00000, },
			},
			["random_shrub_town.grp"] = {
				{ 0.60895, 0.79321, 0.00000, 0.00000, -0.79321, 0.60895, -0.00000, 0.00000, -0.00000, -0.00000, 1.00000, 0.00000, 5.48544, 3.03307, 0.00000, 1.00000, },
				{ -0.77147, 0.63627, 0.00000, 0.00000, -0.63627, -0.77147, -0.00000, 0.00000, 0.00000, -0.00000, 1.00000, 0.00000, -8.44186, 2.36516, 0.00000, 1.00000, },
				{ -0.77147, 0.63627, 0.00000, 0.00000, -0.63627, -0.77147, -0.00000, 0.00000, 0.00000, -0.00000, 1.00000, 0.00000, -7.99186, 3.61516, 0.00000, 1.00000, },
				{ -0.61409, 0.78923, 0.00000, 0.00000, -0.78923, -0.61409, -0.00000, 0.00000, 0.00000, -0.00000, 1.00000, 0.00000, 6.98544, 2.13307, 0.00000, 1.00000, },
				{ -0.81018, -0.58618, 0.00000, 0.00000, 0.58618, -0.81018, -0.00000, 0.00000, 0.00000, 0.00000, 1.00000, 0.00000, -7.74006, 5.08284, 0.00000, 1.00000, },
				{ -0.23029, -0.97312, 0.00000, 0.00000, 0.97312, -0.23029, -0.00000, 0.00000, 0.00000, 0.00000, 1.00000, 0.00000, 6.38544, 3.83307, 0.00000, 1.00000, },
				{ 0.96449, -0.26411, 0.00000, 0.00000, 0.26411, 0.96449, 0.00000, 0.00000, -0.00000, 0.00000, 1.00000, 0.00000, -7.25996, 2.79253, 0.00000, 1.00000, },
				{ -0.99996, 0.00897, 0.00000, 0.00000, -0.00897, -0.99996, 0.00000, 0.00000, 0.00000, 0.00000, 1.00000, 0.00000, -9.70996, 3.34253, 0.00000, 1.00000, },
				{ -0.95889, -0.28378, 0.00000, 0.00000, 0.28378, -0.95889, -0.00000, 0.00000, 0.00000, -0.00000, 1.00000, 0.00000, 7.63544, 3.83307, 0.00000, 1.00000, },
				{ -0.95889, -0.28378, 0.00000, 0.00000, 0.28378, -0.95889, -0.00000, 0.00000, 0.00000, -0.00000, 1.00000, 0.00000, 10.98544, 9.18307, 0.00000, 1.00000, },
				{ 0.25014, -0.96821, 0.00000, 0.00000, 0.96821, 0.25014, -0.00000, 0.00000, 0.00000, 0.00000, 1.00000, 0.00000, -9.16634, 4.54177, 0.00000, 1.00000, },
				{ 0.28378, -0.95889, 0.00000, 0.00000, 0.95889, 0.28378, -0.00000, 0.00000, 0.00000, 0.00000, 1.00000, 0.00000, 10.98544, 10.38307, 0.00000, 1.00000, },
				{ 0.95889, 0.28378, 0.00000, 0.00000, -0.28378, 0.95889, -0.00000, 0.00000, -0.00000, 0.00000, 1.00000, 0.00000, 10.98544, 11.58307, 0.00000, 1.00000, },
				{ 0.95889, 0.28378, 0.00000, 0.00000, -0.28378, 0.95889, -0.00000, 0.00000, -0.00000, 0.00000, 1.00000, 0.00000, 10.98544, 1.03307, 0.00000, 1.00000, },
				{ -0.28378, 0.95889, 0.00000, 0.00000, -0.95889, -0.28378, -0.00000, 0.00000, -0.00000, -0.00000, 1.00000, 0.00000, 10.98544, 12.78307, 0.00000, 1.00000, },
				{ -0.28378, 0.95889, 0.00000, 0.00000, -0.95889, -0.28378, -0.00000, 0.00000, -0.00000, -0.00000, 1.00000, 0.00000, 10.98544, 2.23308, 0.00000, 1.00000, },
				{ -0.95889, -0.28378, 0.00000, 0.00000, 0.28378, -0.95889, -0.00000, 0.00000, 0.00000, -0.00000, 1.00000, 0.00000, 10.98544, 13.98307, 0.00000, 1.00000, },
				{ -0.95889, -0.28378, 0.00000, 0.00000, 0.28378, -0.95889, -0.00000, 0.00000, 0.00000, -0.00000, 1.00000, 0.00000, 10.98544, 3.43308, 0.00000, 1.00000, },
				{ 0.28378, -0.95889, 0.00000, 0.00000, 0.95889, 0.28378, -0.00000, 0.00000, 0.00000, 0.00000, 1.00000, 0.00000, 10.98544, 15.18307, 0.00000, 1.00000, },
				{ 0.28378, -0.95889, 0.00000, 0.00000, 0.95889, 0.28378, -0.00000, 0.00000, 0.00000, 0.00000, 1.00000, 0.00000, 10.98544, 4.63307, 0.00000, 1.00000, },
				{ 0.95889, 0.28378, 0.00000, 0.00000, -0.28378, 0.95889, -0.00000, 0.00000, -0.00000, 0.00000, 1.00000, 0.00000, 10.98544, 16.38308, 0.00000, 1.00000, },
				{ 0.95889, 0.28378, 0.00000, 0.00000, -0.28378, 0.95889, -0.00000, 0.00000, -0.00000, 0.00000, 1.00000, 0.00000, 10.98544, 5.83308, 0.00000, 1.00000, },
				{ -0.28378, 0.95889, 0.00000, 0.00000, -0.95889, -0.28378, -0.00000, 0.00000, -0.00000, -0.00000, 1.00000, 0.00000, 10.98544, 17.58307, 0.00000, 1.00000, },
				{ -0.28378, 0.95889, 0.00000, 0.00000, -0.95889, -0.28378, -0.00000, 0.00000, -0.00000, -0.00000, 1.00000, 0.00000, 10.98544, 7.03307, 0.00000, 1.00000, },
				{ -0.95889, -0.28378, 0.00000, 0.00000, 0.28378, -0.95889, -0.00000, 0.00000, 0.00000, -0.00000, 1.00000, 0.00000, 10.98544, 18.78308, 0.00000, 1.00000, },
				{ -0.95889, -0.28378, 0.00000, 0.00000, 0.28378, -0.95889, -0.00000, 0.00000, 0.00000, -0.00000, 1.00000, 0.00000, 10.98544, 8.23308, 0.00000, 1.00000, },
				{ 0.28378, -0.95889, 0.00000, 0.00000, 0.95889, 0.28378, -0.00000, 0.00000, 0.00000, 0.00000, 1.00000, 0.00000, 10.98544, 19.98307, 0.00000, 1.00000, },
				{ 0.95889, 0.28378, 0.00000, 0.00000, -0.28378, 0.95889, -0.00000, 0.00000, -0.00000, 0.00000, 1.00000, 0.00000, 10.98544, 21.18307, 0.00000, 1.00000, },
				{ -0.28378, 0.95889, 0.00000, 0.00000, -0.95889, -0.28378, -0.00000, 0.00000, -0.00000, -0.00000, 1.00000, 0.00000, 10.98544, 22.38308, 0.00000, 1.00000, },
				{ -0.95889, -0.28378, 0.00000, 0.00000, 0.28378, -0.95889, -0.00000, 0.00000, 0.00000, -0.00000, 1.00000, 0.00000, 10.98544, 23.58307, 0.00000, 1.00000, },
				{ 0.28378, -0.95889, 0.00000, 0.00000, 0.95889, 0.28378, -0.00000, 0.00000, 0.00000, 0.00000, 1.00000, 0.00000, 10.98544, 24.78308, 0.00000, 1.00000, },
				{ 0.95889, 0.28378, 0.00000, 0.00000, -0.28378, 0.95889, -0.00000, 0.00000, -0.00000, 0.00000, 1.00000, 0.00000, 10.98544, 25.98307, 0.00000, 1.00000, },
				{ -0.28378, 0.95889, 0.00000, 0.00000, -0.95889, -0.28378, -0.00000, 0.00000, -0.00000, -0.00000, 1.00000, 0.00000, 10.98544, 27.18307, 0.00000, 1.00000, },
			},
		},
	},
}
--End Generated

function data()
	return townbuildingutil.make_building2(
		{ { -4.60, -0.10 }, { 4.60, -0.10 }, { 4.60, 9.10 }, { -4.60, 9.10 } },
		"RESIDENTIAL", 
		"C", 
		1,
		{ 3, 4 },
		generatedData,
		"construction/building/era_c/res_1_3x4_03.gtex"
	)
end
