local townbuildingutil = require "townbuildingutil"

--Model file: "building/era_c/res_4_1x2_01.mdl"

--Begin Generated
local generatedData = {
	["base"] = {
		models = {
			["building/era_c/res_4_1x2_01.mdl"] = {
				{ 1.00000, 0.00000, 0.00000, 0.00000, 0.00000, 1.00000, 0.00000, 0.00000, 0.00000, 0.00000, 1.00000, 0.00000, 0.00000, 0.00000, 0.00000, 1.00000, },
			},
		},
		curves = {
			["scaffold"] = {
				{ { 3.17922, 0.94469, 0.00000 }, { 3.17922, 0.94469, 0.00000 }, { 3.17922, 15.10466, 0.00000 }, { 3.17922, 15.10466, 0.00000 }, { 3.17922, 15.10466, 0.00000 }, { -3.16814, 15.10464, 0.00000 }, { -3.16814, 15.10464, 0.00000 }, { -3.16814, 15.10464, 0.00000 }, { -3.16814, 0.94469, 0.00000 }, { -3.16814, 0.94469, 0.00000 }, },
			},
			["shared/asphalt_01.gtex.lua;shared/border2.gtex.lua"] = {
				{ { 4.00000, 0.00000, 0.00000 }, { 4.00000, 0.00000, 0.00000 }, { 4.00000, 16.00000, 0.00000 }, { 4.00000, 16.00000, 0.00000 }, { 4.00000, 16.00000, 0.00000 }, { -4.00000, 16.00000, 0.00000 }, { -4.00000, 16.00000, 0.00000 }, { -4.00000, 16.00000, 0.00000 }, { -4.00000, 0.00000, 0.00000 }, { -4.00000, 0.00000, 0.00000 }, },
			},
		},
	},
	["layout_1"] = {
		models = {
			["asset/ground/garden_chair_plastic_01.mdl"] = {
				{ 0.69466, -0.71934, 0.00000, 0.00000, 0.71934, 0.69466, 0.00000, 0.00000, 0.00000, 0.00000, 1.00000, 0.00000, -1.98500, 10.70500, 11.28000, 1.00000, align = { 0.00000, 0.00000 }, },
				{ -0.08716, -0.99619, 0.00000, 0.00000, 0.99619, -0.08716, -0.00000, 0.00000, 0.00000, -0.00000, 1.00000, 0.00000, -1.83500, 9.48500, 11.28000, 1.00000, align = { 0.00000, 0.00000 }, },
				{ -0.08716, -0.99619, 0.00000, 0.00000, 0.99619, -0.08716, -0.00000, 0.00000, 0.00000, -0.00000, 1.00000, 0.00000, -1.83500, 7.93000, 16.89200, 1.00000, align = { 0.00000, 0.00000 }, },
				{ 0.04362, -0.99905, 0.00000, 0.00000, 0.99905, 0.04362, 0.00000, 0.00000, 0.00000, 0.00000, 1.00000, 0.00000, -1.85500, 8.89000, 16.89200, 1.00000, align = { 0.00000, 0.00000 }, },
			},
			["asset/ground/garden_chair_wood_01.mdl"] = {
				{ 1.00000, 0.00000, 0.00000, 0.00000, 0.00000, 1.00000, 0.00000, 0.00000, 0.00000, 0.00000, 1.00000, 0.00000, -2.11100, 9.78000, 8.46800, 1.00000, align = { 0.00000, 0.00000 }, },
				{ -0.99452, 0.10453, 0.00000, 0.00000, -0.10453, -0.99452, -0.00000, 0.00000, 0.00000, -0.00000, 1.00000, 0.00000, -2.11100, 8.61500, 8.46800, 1.00000, align = { 0.00000, 0.00000 }, },
			},
			["asset/ground/garden_table_round_wood_01.mdl"] = {
				{ 1.00000, 0.00000, 0.00000, 0.00000, 0.00000, 1.00000, 0.00000, 0.00000, 0.00000, 0.00000, 1.00000, 0.00000, -2.11100, 9.20000, 8.46800, 1.00000, align = { 0.00000, 0.00000 }, },
			},
		},
	},
}
--End Generated

function data()
	return townbuildingutil.make_building2(
		{ { -4.60, -0.10 }, { 4.60, -0.10 }, { 4.60, 9.10 }, { -4.60, 9.10 } },
		"RESIDENTIAL", 
		"C", 
		4,
		{ 1, 2 },
		generatedData,
		"construction/building/era_c/res_4_1x2_02.gtex"
	)
end
