local townbuildingutil = require "townbuildingutil"

--Model file: "building/era_c/res_3_1x2_03.mdl"

--Begin Generated
local generatedData = {
	["base"] = {
		models = {
			["building/era_c/res_3_1x2_03.mdl"] = {
				{ 1.00000, 0.00000, 0.00000, 0.00000, 0.00000, 1.00000, 0.00000, 0.00000, 0.00000, 0.00000, 1.00000, 0.00000, 0.00000, 0.00000, 0.00000, 1.00000, },
			},
		},
		curves = {
			["scaffold"] = {
				{ { 3.34933, 0.68385, 0.00000 }, { 3.34933, 0.68385, 0.00000 }, { 3.34932, 15.22364, 0.00000 }, { 3.34932, 15.22364, 0.00000 }, { 3.34932, 15.22364, 0.00000 }, { -3.27068, 15.22364, 0.00000 }, { -3.27068, 15.22364, 0.00000 }, { -3.27068, 15.22364, 0.00000 }, { -3.27068, 0.68385, 0.00000 }, { -3.27068, 0.68385, 0.00000 }, },
			},
			["shared/asphalt_01.gtex.lua;shared/border2.gtex.lua"] = {
				{ { 4.20000, 0.00000, 0.00000 }, { 4.20000, 0.00000, 0.00000 }, { 4.20000, 1.80000, 0.00000 }, { 4.20000, 1.80000, 0.00000 }, { 4.20000, 1.80000, 0.00000 }, { 5.00000, 2.39999, 0.00000 }, { 5.00000, 2.39999, 0.00000 }, { 5.00000, 2.40000, 0.00000 }, { 5.00000, 16.00000, 0.00000 }, { 5.00000, 16.00000, 0.00000 }, { 5.00000, 16.00000, 0.00000 }, { -5.00000, 16.00000, 0.00000 }, { -5.00000, 16.00000, 0.00000 }, { -5.00000, 16.00000, 0.00000 }, { -5.00000, 2.30000, 0.00000 }, { -5.00000, 2.30000, 0.00000 }, { -5.00000, 2.30000, 0.00000 }, { -4.10000, 1.80000, 0.00000 }, { -4.10000, 1.80000, 0.00000 }, { -4.10000, 1.80000, 0.00000 }, { -4.10000, 0.00000, 0.00000 }, { -4.10000, 0.00000, 0.00000 }, },
			},
			["shared/grass_cutted_01.gtex.lua"] = {
				{ { -5.00000, 2.30000, 0.00000 }, { -5.00000, 2.30001, 0.00000 }, { -5.00000, 16.00000, 0.00000 }, { -5.00000, 16.00000, 0.00000 }, { -5.00000, 16.00000, 0.00000 }, { -8.00000, 16.00000, 0.00000 }, { -8.00000, 16.00000, 0.00000 }, { -8.00000, 16.00000, 0.00000 }, { -8.00000, 2.30001, 0.00000 }, { -8.00000, 2.30000, 0.00000 }, },
				{ { 8.00000, 2.39999, 0.00000 }, { 8.00000, 2.39999, 0.00000 }, { 8.00000, 16.00000, 0.00000 }, { 8.00000, 16.00000, 0.00000 }, { 8.00000, 16.00000, 0.00000 }, { 5.00000, 16.00000, 0.00000 }, { 5.00000, 16.00000, 0.00000 }, { 5.00000, 16.00000, 0.00000 }, { 5.00000, 2.40000, 0.00000 }, { 5.00000, 2.40000, 0.00000 }, },
			},
			["shared/gravel_02.gtex.lua;shared/border2.gtex.lua"] = {
				{ { -4.10000, 0.00000, 0.00000 }, { -4.10000, 0.00000, 0.00000 }, { -4.10000, 1.80000, 0.00000 }, { -4.10000, 1.80000, 0.00000 }, { -4.10000, 1.80000, 0.00000 }, { -5.00000, 2.30000, 0.00000 }, { -5.00000, 2.30000, 0.00000 }, { -5.00000, 2.30000, 0.00000 }, { -8.00000, 2.30000, 0.00000 }, { -8.00000, 2.30000, 0.00000 }, { -8.00000, 2.30000, 0.00000 }, { -8.00000, 0.00000, 0.00000 }, { -8.00000, 0.00000, 0.00000 }, },
				{ { 8.00000, 0.00000, 0.00000 }, { 8.00000, 0.00000, 0.00000 }, { 8.00000, 2.39999, 0.00000 }, { 8.00000, 2.39999, 0.00000 }, { 8.00000, 2.39999, 0.00000 }, { 5.00000, 2.40000, 0.00000 }, { 5.00000, 2.40000, 0.00000 }, { 5.00000, 2.40000, 0.00000 }, { 4.20000, 1.80000, 0.00000 }, { 4.20000, 1.80000, 0.00000 }, { 4.20000, 1.80000, 0.00000 }, { 4.20000, 0.00000, 0.00000 }, { 4.20000, 0.00000, 0.00000 }, },
			},
		},
	},
	["layout_1"] = {
		models = {
			["asset/ground/garden_chair_plastic_01.mdl"] = {
				{ 0.93042, 0.36650, 0.00000, 0.00000, -0.36650, 0.93042, 0.00000, 0.00000, 0.00000, 0.00000, 1.00000, 0.00000, 2.23000, 1.65000, 5.92000, 1.00000, align = { 0.00000, 0.00000 }, },
				{ -0.14608, -0.98927, 0.00000, 0.00000, 0.98927, -0.14608, 0.00000, 0.00000, 0.00000, 0.00000, 1.00000, 0.00000, -1.96000, 1.78000, 11.24600, 1.00000, align = { 0.00000, 0.00000 }, },
			},
			["asset/ground/garden_chair_wood_01.mdl"] = {
				{ 0.78801, -0.61566, 0.00000, 0.00000, 0.61566, 0.78801, 0.00000, 0.00000, 0.00000, 0.00000, 1.00000, 0.00000, -1.93500, 2.24000, 2.89000, 1.00000, align = { 0.00000, 0.00000 }, },
			},
			["asset/vegetation/hedge_m.mdl"] = {
				{ -0.00000, -1.00000, 0.00000, 0.00000, 1.00000, -0.00000, -0.00000, 0.00000, 0.00000, -0.00000, 1.00000, 0.00000, 5.94000, 0.75000, 0.00000, 1.00000, },
				{ -0.00000, -1.00000, 0.00000, 0.00000, 1.00000, -0.00000, -0.00000, 0.00000, 0.00000, -0.00000, 1.00000, 0.00000, -7.06000, 0.75000, 0.00000, 1.00000, },
				{ -0.00000, 1.00000, 0.00000, 0.00000, -1.00000, -0.00000, 0.00000, 0.00000, 0.00000, 0.00000, 1.00000, 0.00000, 7.04000, 0.75000, 0.00000, 1.00000, },
				{ -0.00000, 1.00000, 0.00000, 0.00000, -1.00000, -0.00000, 0.00000, 0.00000, 0.00000, 0.00000, 1.00000, 0.00000, -5.96000, 0.75000, 0.00000, 1.00000, },
			},
		},
		groups = {
			["garden_sunshade_small.grp"] = {
				{ 0.47716, -0.87882, 0.00000, 0.00000, 0.87882, 0.47716, 0.00000, 0.00000, 0.00000, 0.00000, 1.00000, 0.00000, -2.88500, 1.16500, 2.89000, 1.00000, align = { 0.00000, 0.00000 }, },
				{ 0.99756, 0.06976, 0.00000, 0.00000, -0.06976, 0.99756, 0.00000, 0.00000, 0.00000, 0.00000, 1.00000, 0.00000, 2.98200, 0.89300, 8.65600, 1.00000, align = { 0.00000, 0.00000 }, },
			},
			["random_medium_tree_town.grp"] = {
				{ 0.87462, -0.48481, 0.00000, 0.00000, 0.48481, 0.87462, 0.00000, 0.00000, 0.00000, 0.00000, 1.00000, 0.00000, -7.05000, 12.35000, 0.00000, 1.00000, },
			},
			["random_shrub_town.grp"] = {
				{ -0.76297, -0.64643, 0.00000, 0.00000, 0.64643, -0.76297, -0.00000, 0.00000, 0.00000, 0.00000, 1.00000, 0.00000, 6.22563, 8.11601, 0.00000, 1.00000, },
				{ -0.09979, -0.99501, 0.00000, 0.00000, 0.99501, -0.09979, -0.00000, 0.00000, 0.00000, 0.00000, 1.00000, 0.00000, 7.27563, 9.86601, 0.00000, 1.00000, },
				{ -0.71047, 0.70373, 0.00000, 0.00000, -0.70373, -0.71047, -0.00000, 0.00000, 0.00000, -0.00000, 1.00000, 0.00000, 5.62563, 10.06600, 0.00000, 1.00000, },
			},
		},
	},
}
--End Generated

function data()
	return townbuildingutil.make_building2(
		{ { -4.60, -0.10 }, { 4.60, -0.10 }, { 4.60, 9.10 }, { -4.60, 9.10 } },
		"RESIDENTIAL", 
		"C", 
		3,
		{ 2, 2 },
		generatedData,
		"construction/building/era_c/res_3_2x2_01.gtex"
	)
end
