local townbuildingutil = require "townbuildingutil"

--Model file: "building/era_c/res_3_3x4_04.mdl"

--Begin Generated
local generatedData = {
	["base"] = {
		models = {
			["building/era_c/res_3_3x4_04.mdl"] = {
				{ 1.00000, 0.00000, 0.00000, 0.00000, 0.00000, 1.00000, 0.00000, 0.00000, 0.00000, 0.00000, 1.00000, 0.00000, 0.00000, 0.00000, 0.00000, 1.00000, },
			},
		},
		curves = {
			["scaffold"] = {
				{ { 6.94482, 1.09486, 0.00000 }, { 6.94482, 1.09486, 0.00000 }, { 10.86066, 5.07596, 0.00000 }, { 10.86066, 5.07596, 0.00000 }, { 10.86066, 5.07597, 0.00000 }, { 10.86072, 30.72922, 0.00000 }, { 10.86072, 30.72922, 0.00000 }, { 10.86060, 30.72922, 0.00000 }, { -5.67822, 30.72922, 0.00000 }, { -5.67822, 30.72922, 0.00000 }, { -5.67822, 30.72922, 0.00000 }, { -5.67822, 27.98100, 0.00000 }, { -5.67822, 27.98100, 0.00000 }, { -5.67822, 27.98100, 0.00000 }, { -8.38135, 27.98101, 0.00000 }, { -8.38135, 27.98101, 0.00000 }, { -8.38135, 27.98101, 0.00000 }, { -8.38135, 25.15280, 0.00000 }, { -8.38135, 25.15280, 0.00000 }, { -8.38135, 25.15280, 0.00000 }, { -10.10352, 25.15280, 0.00000 }, { -10.10352, 25.15280, 0.00000 }, { -10.10352, 25.15280, 0.00000 }, { -10.10352, 19.49633, 0.00000 }, { -10.10352, 19.49633, 0.00000 }, { -10.10352, 19.49633, 0.00000 }, { -8.38135, 19.49634, 0.00000 }, { -8.38135, 19.49634, 0.00000 }, { -8.38135, 19.49634, 0.00000 }, { -8.38129, 15.15599, 0.00000 }, { -8.38129, 15.15599, 0.00000 }, { -8.38129, 15.15599, 0.00000 }, { -11.08459, 15.15598, 0.00000 }, { -11.08459, 15.15598, 0.00000 }, { -11.08459, 15.15598, 0.00000 }, { -11.08453, 5.07596, 0.00000 }, { -11.08453, 5.07596, 0.00000 }, { -11.08453, 5.07596, 0.00000 }, { -7.16876, 1.09486, 0.00000 }, { -7.16876, 1.09486, 0.00000 }, },
			},
			["shared/asphalt_01.gtex.lua;shared/border2.gtex.lua"] = {
				{ { 16.00000, 0.00000, 0.00000 }, { 16.00000, 0.00000, 0.00000 }, { 16.00000, 4.00000, 0.00000 }, { 16.00000, 4.00000, 0.00000 }, { 16.00000, 4.00001, 0.00000 }, { 16.00000, 32.00000, 0.00000 }, { 16.00000, 32.00000, 0.00000 }, { 16.00000, 32.00000, 0.00000 }, { -16.00000, 32.00000, 0.00000 }, { -16.00000, 32.00000, 0.00000 }, { -16.00000, 32.00000, 0.00000 }, { -16.00000, 4.00001, 0.00000 }, { -16.00000, 4.00000, 0.00000 }, { -16.00000, 4.00000, 0.00000 }, { -16.00000, 0.00000, 0.00000 }, { -16.00000, 0.00000, 0.00000 }, },
			},
		},
	},
	["layout_1"] = {
		models = {
			["asset/ground/garden_bench_ratan_01_end.mdl"] = {
				{ -0.00000, 1.00000, 0.00000, 0.00000, -1.00000, -0.00000, 0.00000, 0.00000, 0.00000, 0.00000, 1.00000, 0.00000, 5.99000, 11.24000, 33.69000, 1.00000, align = { 0.00000, 0.00000 }, },
				{ -0.99996, -0.00873, 0.00000, 0.00000, 0.00873, -0.99996, 0.00000, 0.00000, 0.00000, 0.00000, 1.00000, 0.00000, 6.35234, 25.58153, 33.69000, 1.00000, align = { 0.00000, 0.00000 }, },
				{ -0.99996, -0.00873, 0.00000, 0.00000, 0.00873, -0.99996, 0.00000, 0.00000, 0.00000, 0.00000, 1.00000, 0.00000, 6.35234, 25.58153, 11.28000, 1.00000, align = { 0.00000, 0.00000 }, },
				{ -0.99996, -0.00873, 0.00000, 0.00000, 0.00873, -0.99996, 0.00000, 0.00000, 0.00000, 0.00000, 1.00000, 0.00000, 7.83469, 25.98306, 5.56000, 1.00000, align = { 0.00000, 0.00000 }, },
			},
			["asset/ground/garden_bench_ratan_01_repeat.mdl"] = {
				{ -0.00000, 1.00000, 0.00000, 0.00000, -1.00000, -0.00000, 0.00000, 0.00000, 0.00000, 0.00000, 1.00000, 0.00000, 5.99000, 10.84233, 33.69000, 1.00000, align = { 0.00000, 0.00000 }, },
				{ -1.00000, -0.00175, -0.00000, 0.00000, 0.00175, -1.00000, 0.00175, 0.00000, -0.00000, 0.00175, 1.00000, 0.00000, 6.73347, 10.09931, 33.69060, 1.00000, align = { 0.00000, 0.00000 }, },
				{ -0.99996, -0.00873, 0.00000, 0.00000, 0.00873, -0.99996, 0.00000, 0.00000, 0.00000, 0.00000, 1.00000, 0.00000, 6.75000, 25.58500, 33.69000, 1.00000, align = { 0.00000, 0.00000 }, },
				{ -0.99996, -0.00873, 0.00000, 0.00000, 0.00873, -0.99996, 0.00000, 0.00000, 0.00000, 0.00000, 1.00000, 0.00000, 6.75000, 25.58500, 11.28000, 1.00000, align = { 0.00000, 0.00000 }, },
				{ -0.99996, -0.00873, 0.00000, 0.00000, 0.00873, -0.99996, 0.00000, 0.00000, 0.00000, 0.00000, 1.00000, 0.00000, 8.23234, 25.98653, 5.56000, 1.00000, align = { 0.00000, 0.00000 }, },
				{ -0.00873, 0.99996, 0.00000, 0.00000, -0.99996, -0.00873, -0.00000, 0.00000, 0.00000, -0.00000, 1.00000, 0.00000, 6.00068, 26.32136, 11.28000, 1.00000, align = { 0.00000, 0.00000 }, },
				{ -0.00873, 0.99996, 0.00000, 0.00000, -0.99996, -0.00873, -0.00000, 0.00000, 0.00000, -0.00000, 1.00000, 0.00000, 7.48302, 26.72289, 5.56000, 1.00000, align = { 0.00000, 0.00000 }, },
				{ -0.00873, 0.99996, 0.00000, 0.00000, -0.99996, -0.00873, -0.00000, 0.00000, 0.00000, -0.00000, 1.00000, 0.00000, 7.48302, 27.51820, 5.56000, 1.00000, align = { 0.00000, 0.00000 }, },
			},
			["asset/ground/garden_bench_ratan_01_start.mdl"] = {
				{ -0.00000, 1.00000, 0.00000, 0.00000, -1.00000, -0.00000, 0.00000, 0.00000, 0.00000, 0.00000, 1.00000, 0.00000, 5.99000, 10.44466, 33.69000, 1.00000, align = { 0.00000, 0.00000 }, },
				{ -0.99996, -0.00873, 0.00000, 0.00000, 0.00873, -0.99996, 0.00000, 0.00000, 0.00000, 0.00000, 1.00000, 0.00000, 7.14766, 25.58847, 33.69000, 1.00000, align = { 0.00000, 0.00000 }, },
				{ -0.99996, -0.00873, 0.00000, 0.00000, 0.00873, -0.99996, 0.00000, 0.00000, 0.00000, 0.00000, 1.00000, 0.00000, 7.14766, 25.58847, 11.28000, 1.00000, align = { 0.00000, 0.00000 }, },
				{ -0.99996, -0.00873, 0.00000, 0.00000, 0.00873, -0.99996, 0.00000, 0.00000, 0.00000, 0.00000, 1.00000, 0.00000, 8.63000, 25.99000, 5.56000, 1.00000, align = { 0.00000, 0.00000 }, },
			},
			["asset/ground/garden_bench_wood_01.mdl"] = {
				{ -0.99966, 0.02618, -0.00000, 0.00000, -0.02618, -0.99966, 0.00000, 0.00000, -0.00000, 0.00000, 1.00000, 0.00000, 6.69000, 25.36000, 25.29200, 1.00000, align = { 0.00000, 0.00000 }, },
				{ 0.01920, -0.99982, 0.00000, 0.00000, 0.99982, 0.01920, 0.00000, 0.00000, -0.00000, -0.00000, 1.00000, 0.00000, 7.68000, 28.32000, 25.29200, 1.00000, align = { 0.00000, 0.00000 }, },
				{ -0.99966, 0.02618, -0.00000, 0.00000, -0.02618, -0.99966, 0.00000, 0.00000, -0.00000, 0.00000, 1.00000, 0.00000, 6.69000, 25.36000, 44.88000, 1.00000, align = { 0.00000, 0.00000 }, },
			},
			["asset/ground/garden_chair_wood_01.mdl"] = {
				{ 1.00000, 0.00000, 0.00000, 0.00000, 0.00000, 1.00000, 0.00000, 0.00000, 0.00000, 0.00000, 1.00000, 0.00000, 6.92000, 13.80000, 11.28800, 1.00000, align = { 0.00000, 0.00000 }, },
				{ 1.00000, 0.00000, 0.00000, 0.00000, 0.00000, 1.00000, 0.00000, 0.00000, 0.00000, 0.00000, 1.00000, 0.00000, 6.54800, 13.63800, 16.88800, 1.00000, align = { 0.00000, 0.00000 }, },
				{ 0.99357, -0.11320, 0.00000, 0.00000, 0.11320, 0.99357, 0.00000, 0.00000, 0.00000, 0.00000, 1.00000, 0.00000, 6.54800, 13.01000, 39.28500, 1.00000, align = { 0.00000, 0.00000 }, },
				{ 0.02094, 0.99978, 0.00000, 0.00000, -0.99978, 0.02094, 0.00000, 0.00000, 0.00000, 0.00000, 1.00000, 0.00000, 5.98200, 12.97800, 16.88800, 1.00000, align = { 0.00000, 0.00000 }, },
				{ -0.15299, 0.98823, -0.00000, 0.00000, -0.98823, -0.15299, 0.00000, 0.00000, -0.00000, 0.00000, 1.00000, 0.00000, 5.98200, 12.35000, 39.28500, 1.00000, align = { 0.00000, 0.00000 }, },
				{ 0.02094, 0.99978, 0.00000, 0.00000, -0.99978, 0.02094, 0.00000, 0.00000, 0.00000, 0.00000, 1.00000, 0.00000, 5.90400, 11.99400, 16.88800, 1.00000, align = { 0.00000, 0.00000 }, },
				{ -0.15299, 0.98823, -0.00000, 0.00000, -0.98823, -0.15299, 0.00000, 0.00000, -0.00000, 0.00000, 1.00000, 0.00000, 5.90400, 11.36600, 39.28500, 1.00000, align = { 0.00000, 0.00000 }, },
				{ -0.08368, -0.99649, -0.00000, 0.00000, 0.99649, -0.08368, -0.00349, 0.00000, 0.00348, -0.00029, 0.99999, 0.00000, 7.11800, 11.99400, 16.88800, 1.00000, align = { 0.00000, 0.00000 }, },
				{ 0.09063, -0.99588, 0.00000, 0.00000, 0.99588, 0.09063, -0.00349, 0.00000, 0.00348, 0.00032, 0.99999, 0.00000, 7.11800, 11.36600, 39.28500, 1.00000, align = { 0.00000, 0.00000 }, },
				{ -0.08368, -0.99649, -0.00000, 0.00000, 0.99649, -0.08368, -0.00349, 0.00000, 0.00348, -0.00029, 0.99999, 0.00000, 7.17400, 13.07800, 16.88800, 1.00000, align = { 0.00000, 0.00000 }, },
				{ 0.09063, -0.99588, 0.00000, 0.00000, 0.99588, 0.09063, -0.00349, 0.00000, 0.00348, 0.00032, 0.99999, 0.00000, 7.17400, 12.45000, 39.28500, 1.00000, align = { 0.00000, 0.00000 }, },
				{ 0.86163, 0.50754, 0.00000, 0.00000, -0.50754, 0.86163, 0.00000, 0.00000, 0.00000, 0.00000, 1.00000, 0.00000, 6.94500, 27.60000, 39.29000, 1.00000, align = { 0.00000, 0.00000 }, },
				{ 0.86163, 0.50754, 0.00000, 0.00000, -0.50754, 0.86163, 0.00000, 0.00000, 0.00000, 0.00000, 1.00000, 0.00000, 6.94500, 29.90000, 16.88800, 1.00000, align = { 0.00000, 0.00000 }, },
				{ -0.98163, 0.19081, -0.00000, 0.00000, -0.19081, -0.98163, 0.00000, 0.00000, -0.00000, 0.00000, 1.00000, 0.00000, 6.83400, 12.36500, 11.28800, 1.00000, align = { 0.00000, 0.00000 }, },
				{ -0.98163, 0.19081, -0.00000, 0.00000, -0.19081, -0.98163, 0.00000, 0.00000, -0.00000, 0.00000, 1.00000, 0.00000, 6.46200, 11.22300, 16.88800, 1.00000, align = { 0.00000, 0.00000 }, },
				{ -0.99692, 0.07846, -0.00000, 0.00000, -0.07846, -0.99692, 0.00000, 0.00000, -0.00000, 0.00000, 1.00000, 0.00000, 6.46200, 10.59500, 39.28500, 1.00000, align = { 0.00000, 0.00000 }, },
				{ 0.19081, 0.98163, -0.00000, 0.00000, -0.98163, 0.19081, -0.00000, 0.00000, 0.00000, 0.00000, 1.00000, 0.00000, 6.11000, 13.31000, 11.28800, 1.00000, align = { 0.00000, 0.00000 }, },
				{ -0.74896, 0.66262, -0.00000, 0.00000, -0.66262, -0.74896, 0.00000, 0.00000, -0.00000, 0.00000, 1.00000, 0.00000, 6.85900, 26.16500, 39.29000, 1.00000, align = { 0.00000, 0.00000 }, },
				{ -0.74896, 0.66262, -0.00000, 0.00000, -0.66262, -0.74896, 0.00000, 0.00000, -0.00000, 0.00000, 1.00000, 0.00000, 6.85900, 28.46500, 16.88800, 1.00000, align = { 0.00000, 0.00000 }, },
				{ -0.99905, 0.04362, -0.00000, 0.00000, -0.04362, -0.99905, 0.00000, 0.00000, -0.00000, 0.00000, 1.00000, 0.00000, 7.03000, 25.40000, 16.88800, 1.00000, align = { 0.00000, 0.00000 }, },
				{ -0.99905, 0.04362, -0.00000, 0.00000, -0.04362, -0.99905, 0.00000, 0.00000, -0.00000, 0.00000, 1.00000, 0.00000, 5.96000, 25.39000, 16.88800, 1.00000, align = { 0.00000, 0.00000 }, },
			},
			["asset/ground/garden_table_metal_01.mdl"] = {
				{ -0.00000, 1.00000, 0.00000, 0.00000, -1.00000, -0.00000, 0.00000, 0.00000, 0.00000, 0.00000, 1.00000, 0.00000, 6.45000, 12.50000, 16.88500, 1.00000, align = { 0.00000, 0.00000 }, },
				{ -0.00000, 1.00000, 0.00000, 0.00000, -1.00000, -0.00000, 0.00000, 0.00000, 0.00000, 0.00000, 1.00000, 0.00000, 6.45000, 11.87200, 39.28200, 1.00000, align = { 0.00000, 0.00000 }, },
			},
			["asset/ground/garden_table_ratan_01.mdl"] = {
				{ -0.03490, 0.99939, 0.00000, 0.00000, -0.99939, -0.03490, 0.00000, 0.00000, 0.00000, 0.00000, 1.00000, 0.00000, 8.83000, 27.83000, 5.56000, 1.00000, align = { 0.00000, 0.00000 }, },
			},
			["asset/ground/garden_table_round_wood_01.mdl"] = {
				{ 1.00000, 0.00000, 0.00000, 0.00000, 0.00000, 1.00000, 0.00000, 0.00000, 0.00000, 0.00000, 1.00000, 0.00000, 6.92000, 13.07500, 11.28800, 1.00000, align = { 0.00000, 0.00000 }, },
				{ 0.86163, 0.50754, 0.00000, 0.00000, -0.50754, 0.86163, 0.00000, 0.00000, 0.00000, 0.00000, 1.00000, 0.00000, 6.94500, 26.87500, 39.29000, 1.00000, align = { 0.00000, 0.00000 }, },
				{ 0.86163, 0.50754, 0.00000, 0.00000, -0.50754, 0.86163, 0.00000, 0.00000, 0.00000, 0.00000, 1.00000, 0.00000, 6.94500, 29.17500, 16.88800, 1.00000, align = { 0.00000, 0.00000 }, },
			},
		},
	},
}
--End Generated

function data()
	return townbuildingutil.make_building2(
		{ { -4.60, -0.10 }, { 4.60, -0.10 }, { 4.60, 9.10 }, { -4.60, 9.10 } },
		"RESIDENTIAL", 
		"C", 
		3,
		{ 4, 4 },
		generatedData,
		"construction/building/era_c/res_3_4x4_04.gtex"
	)
end
