function data()
return {
	boundingInfo = {
		bbMax = { 5.6710920333862, 1.0428999662399, 3.2495000362396, },
		bbMin = { -3.2617998123169, -1.0428999662399, -0.0047999918460846, },
	},
	collider = {
		params = {
			halfExtents = { 4.4664459228516, 1.0428999662399, 1.6271500587463, },
		},
		transf = { 1, 0, 0, 0, 0, 1, 0, 0, 0, 0, 1, 0, 0, 0, 0, 1, },
		type = "BOX",
	},
	lods = {
		{
			node = {
				children = {
					{
						children = {
							{
								materials = { "vehicle/tram/strassenbahn_v2/strassenbahn1850.mtl", },
								mesh = "vehicle/tram/strassenbahn_v2/back_body_lod0.msh",
								name = "back_body",
								transf = { 1, 0, 0, 0, 0, 1, 0, 0, 0, 0, 1, 0, 0, 0, 0, 1, },
							},
							{
								children = {
									{
										materials = { "vehicle/tram/strassenbahn_v2/strassenbahn1850_glass.mtl", "vehicle/tram/strassenbahn_v2/strassenbahn1850_interior_glass.mtl", },
										mesh = "vehicle/tram/strassenbahn_v2/glass1_left_frt_lod0.msh",
										name = "glass1_left_frt",
										transf = { 1, 0, 0, 0, 0, 1, 0, 0, 0, 0, 1, 0, 1.6334002017975, 0.66093915700912, 1.9110000133514, 1, },
									},
									{
										materials = { "vehicle/tram/strassenbahn_v2/strassenbahn1850_glass.mtl", "vehicle/tram/strassenbahn_v2/strassenbahn1850_interior_glass.mtl", },
										mesh = "vehicle/tram/strassenbahn_v2/glass1_right_frt_lod0.msh",
										name = "glass1_right_frt",
										transf = { 1, 0, 0, 0, 0, 1, 0, 0, 0, 0, 1, 0, 1.6333999633789, -0.66327732801437, 1.9110000133514, 1, },
									},
									{
										materials = { "vehicle/tram/strassenbahn_v2/strassenbahn1850_glass.mtl", "vehicle/tram/strassenbahn_v2/strassenbahn1850_interior_glass.mtl", },
										mesh = "vehicle/tram/strassenbahn_v2/glass1_lft_lod0.msh",
										name = "glass1_lft",
										transf = { 1, 0, 0, 0, 0, 1, 0, 0, 0, 0, 1, 0, 1.0788501501083, 1.0067119598389, 2.0190000534058, 1, },
									},
									{
										materials = { "vehicle/tram/strassenbahn_v2/strassenbahn1850_glass.mtl", "vehicle/tram/strassenbahn_v2/strassenbahn1850_interior_glass.mtl", },
										mesh = "vehicle/tram/strassenbahn_v2/glass2_lft_lod0.msh",
										name = "glass2_lft",
										transf = { 1, 0, 0, 0, 0, 1, 0, 0, 0, 0, 1, 0, 0.00099998712539673, 1.0067045688629, 2.0190000534058, 1, },
									},
									{
										materials = { "vehicle/tram/strassenbahn_v2/strassenbahn1850_glass.mtl", "vehicle/tram/strassenbahn_v2/strassenbahn1850_interior_glass.mtl", },
										mesh = "vehicle/tram/strassenbahn_v2/glass3_lft_lod0.msh",
										name = "glass3_lft",
										transf = { 1, 0, 0, 0, 0, 1, 0, 0, 0, 0, 1, 0, -1.0801498889923, 1.0067040920258, 2.0190000534058, 1, },
									},
									{
										materials = { "vehicle/tram/strassenbahn_v2/strassenbahn1850_glass.mtl", "vehicle/tram/strassenbahn_v2/strassenbahn1850_interior_glass.mtl", },
										mesh = "vehicle/tram/strassenbahn_v2/glass1_top_lft_lod0.msh",
										name = "glass1_top_lft",
										transf = { 1, 0, 0, 0, 0, 1, 0, 0, 0, 0, 1, 0, 1.2910000085831, 0.53095000982285, 2.8665046691895, 1, },
									},
									{
										materials = { "vehicle/tram/strassenbahn_v2/strassenbahn1850_glass.mtl", "vehicle/tram/strassenbahn_v2/strassenbahn1850_interior_glass.mtl", },
										mesh = "vehicle/tram/strassenbahn_v2/glass2_top_lft_lod0.msh",
										name = "glass2_top_lft",
										transf = { 1, 0, 0, 0, 0, 1, 0, 0, 0, 0, 1, 0, 0.77899998426437, 0.53095000982285, 2.8665046691895, 1, },
									},
									{
										materials = { "vehicle/tram/strassenbahn_v2/strassenbahn1850_glass.mtl", "vehicle/tram/strassenbahn_v2/strassenbahn1850_interior_glass.mtl", },
										mesh = "vehicle/tram/strassenbahn_v2/glass3_top_lft_lod0.msh",
										name = "glass3_top_lft",
										transf = { 1, 0, 0, 0, 0, 1, 0, 0, 0, 0, 1, 0, 0.26500001549721, 0.53095000982285, 2.8665046691895, 1, },
									},
									{
										materials = { "vehicle/tram/strassenbahn_v2/strassenbahn1850_glass.mtl", "vehicle/tram/strassenbahn_v2/strassenbahn1850_interior_glass.mtl", },
										mesh = "vehicle/tram/strassenbahn_v2/glass4_top_lft_lod0.msh",
										name = "glass4_top_lft",
										transf = { 1, 0, 0, 0, 0, 1, 0, 0, 0, 0, 1, 0, -0.25649997591972, 0.53095000982285, 2.8665046691895, 1, },
									},
									{
										materials = { "vehicle/tram/strassenbahn_v2/strassenbahn1850_glass.mtl", "vehicle/tram/strassenbahn_v2/strassenbahn1850_interior_glass.mtl", },
										mesh = "vehicle/tram/strassenbahn_v2/glass5_top_lft_lod0.msh",
										name = "glass5_top_lft",
										transf = { 1, 0, 0, 0, 0, 1, 0, 0, 0, 0, 1, 0, -0.77499997615814, 0.53095000982285, 2.8665046691895, 1, },
									},
									{
										materials = { "vehicle/tram/strassenbahn_v2/strassenbahn1850_glass.mtl", "vehicle/tram/strassenbahn_v2/strassenbahn1850_interior_glass.mtl", },
										mesh = "vehicle/tram/strassenbahn_v2/glass6_top_lft_lod0.msh",
										name = "glass6_top_lft",
										transf = { 1, 0, 0, 0, 0, 1, 0, 0, 0, 0, 1, 0, -1.2799999713898, 0.53095000982285, 2.8665046691895, 1, },
									},
									{
										materials = { "vehicle/tram/strassenbahn_v2/strassenbahn1850_glass.mtl", "vehicle/tram/strassenbahn_v2/strassenbahn1850_interior_glass.mtl", },
										mesh = "vehicle/tram/strassenbahn_v2/glass1_rgt_lod0.msh",
										name = "glass1_rgt",
										transf = { 1, 0, 0, 0, 0, 1, 0, 0, 0, 0, 1, 0, 1.0788499116898, -1.0067498683929, 2.0190000534058, 1, },
									},
									{
										materials = { "vehicle/tram/strassenbahn_v2/strassenbahn1850_glass.mtl", "vehicle/tram/strassenbahn_v2/strassenbahn1850_interior_glass.mtl", },
										mesh = "vehicle/tram/strassenbahn_v2/glass2_rgt_lod0.msh",
										name = "glass2_rgt",
										transf = { 1, 0, 0, 0, 0, 1, 0, 0, 0, 0, 1, 0, 0.00099998712539673, -1.0067499876022, 2.0190000534058, 1, },
									},
									{
										materials = { "vehicle/tram/strassenbahn_v2/strassenbahn1850_glass.mtl", "vehicle/tram/strassenbahn_v2/strassenbahn1850_interior_glass.mtl", },
										mesh = "vehicle/tram/strassenbahn_v2/glass3_rgt_lod0.msh",
										name = "glass3_rgt",
										transf = { 1, 0, 0, 0, 0, 1, 0, 0, 0, 0, 1, 0, -1.0801500082016, -1.0067498683929, 2.0190000534058, 1, },
									},
									{
										materials = { "vehicle/tram/strassenbahn_v2/strassenbahn1850_glass.mtl", "vehicle/tram/strassenbahn_v2/strassenbahn1850_interior_glass.mtl", },
										mesh = "vehicle/tram/strassenbahn_v2/glass1_top_rgt_lod0.msh",
										name = "glass1_top_rgt",
										transf = { 1, 0, 0, 0, 0, 1, 0, 0, 0, 0, 1, 0, 1.2910000085831, -0.53095000982285, 2.8665046691895, 1, },
									},
									{
										materials = { "vehicle/tram/strassenbahn_v2/strassenbahn1850_glass.mtl", "vehicle/tram/strassenbahn_v2/strassenbahn1850_interior_glass.mtl", },
										mesh = "vehicle/tram/strassenbahn_v2/glass2_top_rgt_lod0.msh",
										name = "glass2_top_rgt",
										transf = { 1, 0, 0, 0, 0, 1, 0, 0, 0, 0, 1, 0, 0.77899998426437, -0.53095000982285, 2.8665046691895, 1, },
									},
									{
										materials = { "vehicle/tram/strassenbahn_v2/strassenbahn1850_glass.mtl", "vehicle/tram/strassenbahn_v2/strassenbahn1850_interior_glass.mtl", },
										mesh = "vehicle/tram/strassenbahn_v2/glass3_top_rgt_lod0.msh",
										name = "glass3_top_rgt",
										transf = { 1, 0, 0, 0, 0, 1, 0, 0, 0, 0, 1, 0, 0.26500001549721, -0.53095000982285, 2.8665046691895, 1, },
									},
									{
										materials = { "vehicle/tram/strassenbahn_v2/strassenbahn1850_glass.mtl", "vehicle/tram/strassenbahn_v2/strassenbahn1850_interior_glass.mtl", },
										mesh = "vehicle/tram/strassenbahn_v2/glass4_top_rgt_lod0.msh",
										name = "glass4_top_rgt",
										transf = { 1, 0, 0, 0, 0, 1, 0, 0, 0, 0, 1, 0, -0.25649997591972, -0.53095000982285, 2.8665046691895, 1, },
									},
									{
										materials = { "vehicle/tram/strassenbahn_v2/strassenbahn1850_glass.mtl", "vehicle/tram/strassenbahn_v2/strassenbahn1850_interior_glass.mtl", },
										mesh = "vehicle/tram/strassenbahn_v2/glass5_top_rgt_lod0.msh",
										name = "glass5_top_rgt",
										transf = { 1, 0, 0, 0, 0, 1, 0, 0, 0, 0, 1, 0, -0.77499997615814, -0.53095000982285, 2.8665046691895, 1, },
									},
									{
										materials = { "vehicle/tram/strassenbahn_v2/strassenbahn1850_glass.mtl", "vehicle/tram/strassenbahn_v2/strassenbahn1850_interior_glass.mtl", },
										mesh = "vehicle/tram/strassenbahn_v2/glass6_top_rgt_lod0.msh",
										name = "glass6_top_rgt",
										transf = { 1, 0, 0, 0, 0, 1, 0, 0, 0, 0, 1, 0, -1.2799999713898, -0.53095000982285, 2.8665046691895, 1, },
									},
									{
										materials = { "vehicle/tram/strassenbahn_v2/strassenbahn1850_glass.mtl", "vehicle/tram/strassenbahn_v2/strassenbahn1850_interior_glass.mtl", },
										mesh = "vehicle/tram/strassenbahn_v2/glass1_left_bck_lod0.msh",
										name = "glass1_left_bck",
										transf = { 1, 0, 0, 0, 0, 1, 0, 0, 0, 0, 1, 0, -1.637699842453, 0.66092872619629, 1.9140000343323, 1, },
									},
									{
										materials = { "vehicle/tram/strassenbahn_v2/strassenbahn1850_glass.mtl", "vehicle/tram/strassenbahn_v2/strassenbahn1850_interior_glass.mtl", },
										mesh = "vehicle/tram/strassenbahn_v2/glass1_right_bck_lod0.msh",
										name = "glass1_right_bck",
										transf = { 1, 0, 0, 0, 0, 1, 0, 0, 0, 0, 1, 0, -1.637699842453, -0.66327732801437, 1.9140000343323, 1, },
									},
								},
								name = "glass_grp",
								transf = { 1, 0, 0, 0, 0, 1, 0, 0, 0, 0, 1, 0, 0, 0, 0, 1, },
							},
							{
								materials = { "vehicle/tram/strassenbahn_v2/strassenbahn1850_interior.mtl", },
								mesh = "vehicle/tram/strassenbahn_v2/back_interior_lod0.msh",
								name = "back_interior",
								transf = { 1, 0, 0, 0, 0, 1, 0, 0, 0, 0, 1, 0, 0, 0, 0, 1, },
							},
							{
								materials = { "vehicle/tram/strassenbahn_v2/strassenbahn1850.mtl", },
								mesh = "vehicle/tram/strassenbahn_v2/back_w1_lod0.msh",
								name = "back_w1",
								transf = { 1, 0, 0, 0, 0, 1, 0, 0, 0, 0, 1, 0, 0.81753772497177, 0, 0.3188000023365, 1, },
							},
							{
								materials = { "vehicle/tram/strassenbahn_v2/strassenbahn1850.mtl", },
								mesh = "vehicle/tram/strassenbahn_v2/back_w1_lod0.msh",
								name = "back_w2",
								transf = { 1, 0, 0, 0, 0, 1, 0, 0, 0, 0, 1, 0, -0.81760054826736, 0, 0.3188000023365, 1, },
							},
							{
								animations = {
									close_doors_right = {
										params = {
											id = "vehicle/tram/strassenbahn_v2/close_doors_right/back_d1_frt.ani",
										},
										type = "FILE_REF",
									},
									open_doors_right = {
										params = {
											id = "vehicle/tram/strassenbahn_v2/open_doors_right/back_d1_frt.ani",
										},
										type = "FILE_REF",
									},
								},
								children = {
									{
										materials = { "vehicle/tram/strassenbahn_v2/strassenbahn1850_glass.mtl", },
										mesh = "vehicle/tram/strassenbahn_v2/back_d1_glass_frt_lod0.msh",
										name = "back_d1_glass_frt",
										transf = { 1, 0, 0, 0, 0, 1, 0, 0, 0, 0, 1, 0, 9.995698928833e-05, 0.3163999915123, 2.0000500679016, 1, },
									},
								},
								materials = { "vehicle/tram/strassenbahn_v2/strassenbahn1850_interior.mtl", },
								mesh = "vehicle/tram/strassenbahn_v2/back_d1_frt_lod0.msh",
								name = "back_d1_frt",
								transf = { 1, 0, 0, 0, 0, 1, 0, 0, 0, 0, 1, 0, 1.6107000112534, -0.3163999915123, 0, 1, },
							},
							{
								animations = {
									close_doors_right = {
										params = {
											id = "vehicle/tram/strassenbahn_v2/close_doors_right/back_d2_bck.ani",
										},
										type = "FILE_REF",
									},
									open_doors_right = {
										params = {
											id = "vehicle/tram/strassenbahn_v2/open_doors_right/back_d2_bck.ani",
										},
										type = "FILE_REF",
									},
								},
								children = {
									{
										materials = { "vehicle/tram/strassenbahn_v2/strassenbahn1850_glass.mtl", },
										mesh = "vehicle/tram/strassenbahn_v2/back_d2_glass_bck_lod0.msh",
										name = "back_d2_glass_bck",
										transf = { 1, 0, 0, 0, 0, 1, 0, 0, 0, 0, 1, 0, -9.995698928833e-05, -0.31409999728203, 2.0000500679016, 1, },
									},
								},
								materials = { "vehicle/tram/strassenbahn_v2/strassenbahn1850_interior.mtl", },
								mesh = "vehicle/tram/strassenbahn_v2/back_d2_bck_lod0.msh",
								name = "back_d2_bck",
								transf = { 1, 0, 0, 0, 0, 1, 0, 0, 0, 0, 1, 0, -1.6189054250717, 0.31409999728203, 0, 1, },
							},
							{
								animations = {
									close_doors_right = {
										params = {
											id = "vehicle/tram/strassenbahn_v2/close_doors_right/back_d3_rgt.ani",
										},
										type = "FILE_REF",
									},
									open_doors_right = {
										params = {
											id = "vehicle/tram/strassenbahn_v2/open_doors_right/back_d3_rgt.ani",
										},
										type = "FILE_REF",
									},
								},
								materials = { "vehicle/tram/strassenbahn_v2/strassenbahn1850.mtl", },
								mesh = "vehicle/tram/strassenbahn_v2/back_d3_rgt_lod0.msh",
								name = "back_d3_rgt",
								transf = { 1, 0, 0, 0, 0, 1, 0, 0, 0, 0, 1, 0, 2.6083934307098, -0.96462088823318, 1.0239499807358, 1, },
							},
							{
								animations = {
									close_doors_right = {
										params = {
											id = "vehicle/tram/strassenbahn_v2/close_doors_right/back_d4_rgt.ani",
										},
										type = "FILE_REF",
									},
									open_doors_right = {
										params = {
											id = "vehicle/tram/strassenbahn_v2/open_doors_right/back_d4_rgt.ani",
										},
										type = "FILE_REF",
									},
								},
								materials = { "vehicle/tram/strassenbahn_v2/strassenbahn1850.mtl", },
								mesh = "vehicle/tram/strassenbahn_v2/back_d4_rgt_lod0.msh",
								name = "back_d4_rgt",
								transf = { 1, 0, 0, 0, 0, 1, 0, 0, 0, 0, 1, 0, -2.6081721782684, -0.96467924118042, 1.0239499807358, 1, },
							},
							{
								materials = { "vehicle/tram/emissive/tram_all_lights.mtl", },
								mesh = "vehicle/tram/strassenbahn_v2/back_headlights_lod0.msh",
								name = "back_headlights",
								transf = { 1, 0, 0, 0, 0, 1, 0, 0, 0, 0, 1, 0, 0, 0, 0, 1, },
							},
							{
								name = "back_comp_grp",
								transf = { 1, 0, 0, 0, 0, 1, 0, 0, 0, 0, 1, 0, 0, 0, 0, 1, },
							},
						},
						name = "back_grp",
						transf = { 1, 0, 0, 0, 0, 1, 0, 0, 0, 0, 1, 0, 0, 0, 0, 1, },
					},
					{
						children = {
							{
								materials = { "vehicle/tram/strassenbahn_v2/strassenbahn1850.mtl", },
								mesh = "vehicle/tram/strassenbahn_v2/front_guide_lod0.msh",
								name = "front_guide",
								transf = { 1, 0, 0, 0, 0, 1, 0, 0, 0, 0, 1, 0, 0, 0, 0, 1, },
							},
						},
						name = "front_grp",
						transf = { 1, 0, 0, 0, 0, 1, 0, 0, 0, 0, 1, 0, 3.0751767158508, -4.9993395805359e-05, 0, 1, },
					},
					{
						children = {
							{
								children = {
									{
										children = {
											{
												animations = {
													drive = {
														params = {
															id = "animal/draft_horse/drive/horse_spine_root.ani",
														},
														type = "FILE_REF",
													},
												},
												children = {
													{
														animations = {
															drive = {
																params = {
																	id = "animal/draft_horse/drive/horse_spine_1.ani",
																},
																type = "FILE_REF",
															},
														},
														children = {
															{
																animations = {
																	drive = {
																		params = {
																			id = "animal/draft_horse/drive/horse_spine_2.ani",
																		},
																		type = "FILE_REF",
																	},
																},
																children = {
																	{
																		animations = {
																			drive = {
																				params = {
																					id = "animal/draft_horse/drive/horse_head.ani",
																				},
																				type = "FILE_REF",
																			},
																		},
																		children = {
																			{
																				animations = {
																					drive = {
																						params = {
																							id = "animal/draft_horse/drive/horse_ear_r.ani",
																						},
																						type = "FILE_REF",
																					},
																				},
																				name = "horse_ear_r",
																				transf = { -0.18784956634045, -0.18406708538532, 0.96479624509811, 0, -0.97633600234985, -0.072162374854088, -0.20386378467083, 0, 0.10714659839869, -0.98026114702225, -0.16615563631058, 0, -0.049271158874035, -0.083038687705994, 0.079029269516468, 1, },
																			},
																			{
																				animations = {
																					drive = {
																						params = {
																							id = "animal/draft_horse/drive/horse_ear_l.ani",
																						},
																						type = "FILE_REF",
																					},
																				},
																				name = "horse_ear_l",
																				transf = { -0.18784956634045, 0.18406708538532, 0.96479624509811, 0, 0.97633600234985, -0.072162374854088, 0.20386378467083, 0, 0.10714659839869, 0.98026114702225, -0.16615563631058, 0, -0.049271158874035, 0.083038687705994, 0.079029269516468, 1, },
																			},
																		},
																		name = "horse_head",
																		transf = { -0.0072449250146747, -1.3545483135689e-34, -0.99997371435165, 0, 1.2434904542036e-33, 1, -1.4446762434702e-34, 0, 0.99997371435165, -1.2445045935877e-33, -0.0072449250146747, 0, 0.16471049189568, 0, 0, 1, },
																	},
																},
																name = "horse_spine_2",
																transf = { 0.98641234636307, -3.5168917532481e-33, -0.16428858041763, 0, 3.2109946950436e-33, 1, -2.1275196950426e-33, 0, 0.16428858041763, 1.5710818116656e-33, 0.98641234636307, 0, 0.20375268161297, -6.5424870201025e-34, -1.4210854397565e-16, 1, },
															},
														},
														name = "horse_spine_1",
														transf = { 0.78080987930298, 3.3599827265385e-33, 0.62476861476898, 0, -3.2784430915258e-33, 1, -1.2807006360434e-33, 0, -0.62476861476898, -1.0482845562282e-33, 0.78080987930298, 0, 0.21820586919785, -1.2174591547635e-34, -5.6843417590259e-16, 1, },
													},
												},
												name = "horse_spine_root",
												transf = { 0.87973493337631, 5.5794058760063e-34, 0.4754644036293, 0, -9.3576081867322e-34, 1, 5.5794063351837e-34, 0, -0.4754644036293, -9.3576081867322e-34, 0.87973493337631, 0, 0.085640989243984, 0, 0.00010856980952667, 1, },
											},
											{
												animations = {
													drive = {
														params = {
															id = "animal/draft_horse/drive/horse_frontleg_root_r.ani",
														},
														type = "FILE_REF",
													},
												},
												children = {
													{
														animations = {
															drive = {
																params = {
																	id = "animal/draft_horse/drive/horse_frontleg_hip_r.ani",
																},
																type = "FILE_REF",
															},
														},
														children = {
															{
																animations = {
																	drive = {
																		params = {
																			id = "animal/draft_horse/drive/horse_frontleg_leg1_r.ani",
																		},
																		type = "FILE_REF",
																	},
																},
																children = {
																	{
																		animations = {
																			drive = {
																				params = {
																					id = "animal/draft_horse/drive/horse_frontleg_leg2_r.ani",
																				},
																				type = "FILE_REF",
																			},
																		},
																		children = {
																			{
																				animations = {
																					drive = {
																						params = {
																							id = "animal/draft_horse/drive/horse_frontleg_foot_r.ani",
																						},
																						type = "FILE_REF",
																					},
																				},
																				name = "horse_frontleg_foot_r",
																				transf = { 0.63230329751968, 0, 0.77472084760666, 0, 0, 1, 0, 0, -0.77472084760666, 0, 0.63230329751968, 0, 0.32551920413971, 0, 2.1316281596347e-16, 1, },
																			},
																		},
																		name = "horse_frontleg_leg2_r",
																		transf = { 0.97976720333099, 0, -0.200140401721, 0, 0, 1, 0, 0, 0.200140401721, 0, 0.97976720333099, 0, 0.38695278763771, 0, 3.5527134670423e-16, 1, },
																	},
																},
																name = "horse_frontleg_leg1_r",
																transf = { 0.762131690979, 0, 0.64742201566696, 0, 0, 1, 0, 0, -0.64742201566696, 0, 0.762131690979, 0, 0.31260177493095, 0, 2.1316281596347e-16, 1, },
															},
														},
														name = "horse_frontleg_hip_r",
														transf = { 0.069403439760208, 0, -0.99758869409561, 0, 0, 1, 0, 0, 0.99758869409561, 0, 0.069403439760208, 0, 0.51489353179932, 0, 0, 1, },
													},
												},
												name = "horse_frontleg_root_r",
												transf = { 0.71916663646698, 0, -0.69483762979507, 0, 0, 1, 0, 0, 0.69483762979507, 0, 0.71916663646698, 0, -0.074687391519547, -0.1075262054801, -0.022625209763646, 1, },
											},
											{
												animations = {
													drive = {
														params = {
															id = "animal/draft_horse/drive/horse_frontleg_root_l.ani",
														},
														type = "FILE_REF",
													},
												},
												children = {
													{
														animations = {
															drive = {
																params = {
																	id = "animal/draft_horse/drive/horse_frontleg_hip_l.ani",
																},
																type = "FILE_REF",
															},
														},
														children = {
															{
																animations = {
																	drive = {
																		params = {
																			id = "animal/draft_horse/drive/horse_frontleg_leg1_l.ani",
																		},
																		type = "FILE_REF",
																	},
																},
																children = {
																	{
																		animations = {
																			drive = {
																				params = {
																					id = "animal/draft_horse/drive/horse_frontleg_leg2_l.ani",
																				},
																				type = "FILE_REF",
																			},
																		},
																		children = {
																			{
																				animations = {
																					drive = {
																						params = {
																							id = "animal/draft_horse/drive/horse_frontleg_foot_l.ani",
																						},
																						type = "FILE_REF",
																					},
																				},
																				name = "horse_frontleg_foot_l",
																				transf = { 0.63230329751968, 0, 0.77472084760666, 0, 0, 1, 0, 0, -0.77472084760666, 0, 0.63230329751968, 0, 0.32551920413971, 0, 2.1316281596347e-16, 1, },
																			},
																		},
																		name = "horse_frontleg_leg2_l",
																		transf = { 0.97976720333099, 0, -0.200140401721, 0, 0, 1, 0, 0, 0.200140401721, 0, 0.97976720333099, 0, 0.38695278763771, 0, -1.4210854397565e-16, 1, },
																	},
																},
																name = "horse_frontleg_leg1_l",
																transf = { 0.762131690979, 0, 0.64742201566696, 0, 0, 1, 0, 0, -0.64742201566696, 0, 0.762131690979, 0, 0.31260177493095, 0, 1.4210854397565e-16, 1, },
															},
														},
														name = "horse_frontleg_hip_l",
														transf = { 0.069403439760208, 0, -0.99758869409561, 0, 0, 1, 0, 0, 0.99758869409561, 0, 0.069403439760208, 0, 0.51489353179932, 0, 1.4210854397565e-16, 1, },
													},
												},
												name = "horse_frontleg_root_l",
												transf = { 0.71916663646698, 0, -0.69483762979507, 0, 0, 1, 0, 0, 0.69483762979507, 0, 0.71916663646698, 0, -0.099591188132763, 0.1075262054801, -0.022625209763646, 1, },
											},
										},
										name = "horse_root_front",
										transf = { 1, 0, 0, 0, 0, 1, 0, 0, 0, 0, 1, 0, 0.42831289768219, 0, 0.08383920788765, 1, },
									},
									{
										children = {
											{
												animations = {
													drive = {
														params = {
															id = "animal/draft_horse/drive/horse_tail_root.ani",
														},
														type = "FILE_REF",
													},
												},
												children = {
													{
														animations = {
															drive = {
																params = {
																	id = "animal/draft_horse/drive/horse_tail1.ani",
																},
																type = "FILE_REF",
															},
														},
														children = {
															{
																animations = {
																	drive = {
																		params = {
																			id = "animal/draft_horse/drive/horse_tail2.ani",
																		},
																		type = "FILE_REF",
																	},
																},
																name = "horse_tail2",
																transf = { 0.99927711486816, 2.3891741948207e-32, -0.038016166538, 0, -2.3865889888696e-32, 1, 1.1338342800162e-33, 0, 0.038016166538, -2.2572508331837e-34, 0.99927711486816, 0, 0.39126193523407, 6.5302953988101e-34, 2.8421708795129e-16, 1, },
															},
														},
														name = "horse_tail1",
														transf = { 0.35692319273949, -1.6690342865517e-33, 0.93413364887238, 0, 2.0890406221524e-33, 1, 9.8851709697363e-34, 0, -0.93413364887238, 1.5986186851886e-33, 0.35692319273949, 0, 0.18898175656796, 0, 0, 1, },
													},
												},
												name = "horse_tail_root",
												transf = { -0.94864237308502, 0, -0.31635057926178, 0, 0, 1, -0, 0, 0.31635057926178, 0, -0.94864237308502, 0, -0.14508210122585, 0, -0.026099974289536, 1, },
											},
											{
												animations = {
													drive = {
														params = {
															id = "animal/draft_horse/drive/horse_backleg_root_r.ani",
														},
														type = "FILE_REF",
													},
												},
												children = {
													{
														animations = {
															drive = {
																params = {
																	id = "animal/draft_horse/drive/horse_backleg_hip_r.ani",
																},
																type = "FILE_REF",
															},
														},
														children = {
															{
																animations = {
																	drive = {
																		params = {
																			id = "animal/draft_horse/drive/horse_backleg_leg1_r.ani",
																		},
																		type = "FILE_REF",
																	},
																},
																children = {
																	{
																		animations = {
																			drive = {
																				params = {
																					id = "animal/draft_horse/drive/horse_backleg_leg2_r.ani",
																				},
																				type = "FILE_REF",
																			},
																		},
																		children = {
																			{
																				animations = {
																					drive = {
																						params = {
																							id = "animal/draft_horse/drive/horse_backleg_foot_r.ani",
																						},
																						type = "FILE_REF",
																					},
																				},
																				name = "horse_backleg_foot_r",
																				transf = { 0.87525993585587, -0.0162492711097, 0.48337978124619, 0, 0.052130904048681, 0.99678242206573, -0.060886081308126, 0, -0.48083513975143, 0.078490175306797, 0.87329077720642, 0, 0.41367524862289, -3.5527135993912e-17, 1.4210854397565e-16, 1, },
																			},
																		},
																		name = "horse_backleg_leg2_r",
																		transf = { 0.87849831581116, 0, 0.47774547338486, 0, 0, 1, 1.3877787807814e-17, 0, -0.47774547338486, -1.2143064331838e-17, 0.87849831581116, 0, 0.42221334576607, 1.7763567996956e-17, 0, 1, },
																	},
																},
																name = "horse_backleg_leg1_r",
																transf = { 0.56606984138489, 0.077824413776398, -0.82067549228668, 0, -0.09089445322752, 0.99535602331161, 0.031693883240223, 0, 0.81933093070984, 0.056653894484043, 0.57051485776901, 0, 0.33454445004463, -3.5527135993912e-17, 8.8817836676057e-17, 1, },
															},
														},
														name = "horse_backleg_hip_r",
														transf = { 0.34594562649727, 0.057113129645586, 0.93651467561722, 0, -0.17367528378963, 0.98479443788528, 0.0040976512245834, 0, -0.92204034328461, -0.16406701505184, 0.35060447454453, 0, 0.33253580331802, -3.5527135993912e-17, 0, 1, },
													},
												},
												name = "horse_backleg_root_r",
												transf = { -0.70659518241882, -0.17367528378963, -0.68597388267517, 0, -0.12461183220148, 0.98480296134949, -0.12097515910864, 0, 0.69655954837799, 1.3877787807814e-17, -0.71749901771545, 0, 0.099077254533768, -0.11977700144053, -0.043746303766966, 1, },
											},
											{
												animations = {
													drive = {
														params = {
															id = "animal/draft_horse/drive/horse_backleg_root_l.ani",
														},
														type = "FILE_REF",
													},
												},
												children = {
													{
														animations = {
															drive = {
																params = {
																	id = "animal/draft_horse/drive/horse_backleg_hip_l.ani",
																},
																type = "FILE_REF",
															},
														},
														children = {
															{
																animations = {
																	drive = {
																		params = {
																			id = "animal/draft_horse/drive/horse_backleg_leg1_l.ani",
																		},
																		type = "FILE_REF",
																	},
																},
																children = {
																	{
																		animations = {
																			drive = {
																				params = {
																					id = "animal/draft_horse/drive/horse_backleg_leg2_l.ani",
																				},
																				type = "FILE_REF",
																			},
																		},
																		children = {
																			{
																				animations = {
																					drive = {
																						params = {
																							id = "animal/draft_horse/drive/horse_backleg_foot_l.ani",
																						},
																						type = "FILE_REF",
																					},
																				},
																				name = "horse_backleg_foot_l",
																				transf = { 0.87525993585587, 0.0162492711097, 0.48337978124619, 0, -0.052130904048681, 0.99678242206573, 0.060886081308126, 0, -0.48083513975143, -0.078490175306797, 0.87329077720642, 0, 0.41367524862289, -1.7763567996956e-17, -2.8421708795129e-16, 1, },
																			},
																		},
																		name = "horse_backleg_leg2_l",
																		transf = { 0.87849831581116, 4.1633363423443e-17, 0.47774547338486, 0, 1.3877787807814e-17, 1, -5.5511151231258e-17, 0, -0.47774547338486, 4.8572257327351e-17, 0.87849831581116, 0, 0.42221334576607, -8.8817836676057e-17, -5.6843417590259e-16, 1, },
																	},
																},
																name = "horse_backleg_leg1_l",
																transf = { 0.56606984138489, -0.077824413776398, -0.82067549228668, 0, 0.09089445322752, 0.99535602331161, -0.031693883240223, 0, 0.81933093070984, -0.056653894484043, 0.57051485776901, 0, 0.33454445004463, -7.1054271987823e-17, -1.9539925127524e-16, 1, },
															},
														},
														name = "horse_backleg_hip_l",
														transf = { 0.34594562649727, -0.057113129645586, 0.93651467561722, 0, 0.17367528378963, 0.98479443788528, -0.0040976512245834, 0, -0.92204034328461, 0.16406701505184, 0.35060447454453, 0, 0.33253580331802, -3.5527135993912e-17, -2.8421708795129e-16, 1, },
													},
												},
												name = "horse_backleg_root_l",
												transf = { -0.70659518241882, 0.17367528378963, -0.68597388267517, 0, 0.12461183220148, 0.98480296134949, 0.12097515910864, 0, 0.69655954837799, -6.9388939039072e-18, -0.71749901771545, 0, 0.099077254533768, 0.11977700144053, -0.043746303766966, 1, },
											},
										},
										name = "horse_root_back",
										transf = { 1, 0, 0, 0, 0, 1, 0, 0, 0, 0, 1, 0, -0.55755078792572, 0, 0.10966540873051, 1, },
									},
								},
								name = "horse_root",
								skin = "animal/draft_horse/horse_body_lod0.msh",
								skinMaterials = { "animal/draft_horse/horse.mtl", },
								transf = { 1, 0, 0, 0, 0, 1, 0, 0, 0, 0, 1, 0, 0.009646731428802, 0, 1.390242934227, 1, },
							},
							{
								materials = { "animal/draft_horse/horse_harness.mtl", },
								mesh = "animal/draft_horse/horse_harness_lod0.msh",
								name = "horse_harness",
								transf = { 1, 0, 0, 0, 0, 1, 0, 0, 0, 0, 1, 0, 0, 0, 0, 1, },
							},
						},
						name = "horse_grp",
						transf = { 1, 0, 0, 0, 0, 1, 0, 0, 0, 0, 1, 0, 4.8779997825623, 0, 0, 1, },
					},
				},
				name = "RootNode",
				transf = { 1, 0, 0, 0, 0, 1, 0, 0, 0, 0, 1, 0, 0, 0, 0, 1, },
			},
			static = false,
			visibleFrom = 0,
			visibleTo = 100,
		},
		{
			node = {
				children = {
					{
						children = {
							{
								materials = { "vehicle/tram/strassenbahn_v2/strassenbahn1850_lod.mtl", },
								mesh = "vehicle/tram/strassenbahn_v2/back_body_lod1.msh",
								name = "back_body",
								transf = { 1, 0, 0, 0, 0, 1, 0, 0, 0, 0, 1, 0, 0, 0, 0, 1, },
							},
							{
								materials = { "vehicle/tram/strassenbahn_v2/strassenbahn1850_interior_lod.mtl", },
								mesh = "vehicle/tram/strassenbahn_v2/back_interior_lod1.msh",
								name = "back_interior",
								transf = { 1, 0, 0, 0, 0, 1, 0, 0, 0, 0, 1, 0, 0, 0, 0, 1, },
							},
							{
								materials = { "vehicle/tram/strassenbahn_v2/strassenbahn1850_lod.mtl", },
								mesh = "vehicle/tram/strassenbahn_v2/back_w1_lod1.msh",
								name = "back_w1",
								transf = { 1, 0, 0, 0, 0, 1, 0, 0, 0, 0, 1, 0, 0.81753772497177, 0, 0.3188000023365, 1, },
							},
							{
								materials = { "vehicle/tram/strassenbahn_v2/strassenbahn1850_lod.mtl", },
								mesh = "vehicle/tram/strassenbahn_v2/back_w1_lod1.msh",
								name = "back_w2",
								transf = { 1, 0, 0, 0, 0, 1, 0, 0, 0, 0, 1, 0, -0.81760054826736, 0, 0.3188000023365, 1, },
							},
							{
								animations = {
									close_doors_right = {
										params = {
											id = "vehicle/tram/strassenbahn_v2/close_doors_right/back_d1_frt.ani",
										},
										type = "FILE_REF",
									},
									open_doors_right = {
										params = {
											id = "vehicle/tram/strassenbahn_v2/open_doors_right/back_d1_frt.ani",
										},
										type = "FILE_REF",
									},
								},
								materials = { "vehicle/tram/strassenbahn_v2/strassenbahn1850_lod.mtl", },
								mesh = "vehicle/tram/strassenbahn_v2/back_d1_frt_lod1.msh",
								name = "back_d1_frt",
								transf = { 1, 0, 0, 0, 0, 1, 0, 0, 0, 0, 1, 0, 1.6107000112534, -0.31599998474121, 0, 1, },
							},
							{
								animations = {
									close_doors_right = {
										params = {
											id = "vehicle/tram/strassenbahn_v2/close_doors_right/back_d2_bck.ani",
										},
										type = "FILE_REF",
									},
									open_doors_right = {
										params = {
											id = "vehicle/tram/strassenbahn_v2/open_doors_right/back_d2_bck.ani",
										},
										type = "FILE_REF",
									},
								},
								materials = { "vehicle/tram/strassenbahn_v2/strassenbahn1850_lod.mtl", },
								mesh = "vehicle/tram/strassenbahn_v2/back_d2_bck_lod1.msh",
								name = "back_d2_bck",
								transf = { 1, 0, 0, 0, 0, 1, 0, 0, 0, 0, 1, 0, -1.6189054250717, 0.3129999935627, 0, 1, },
							},
							{
								animations = {
									close_doors_right = {
										params = {
											id = "vehicle/tram/strassenbahn_v2/close_doors_right/back_d3_rgt.ani",
										},
										type = "FILE_REF",
									},
									open_doors_right = {
										params = {
											id = "vehicle/tram/strassenbahn_v2/open_doors_right/back_d3_rgt.ani",
										},
										type = "FILE_REF",
									},
								},
								materials = { "vehicle/tram/strassenbahn_v2/strassenbahn1850_lod.mtl", },
								mesh = "vehicle/tram/strassenbahn_v2/back_d3_rgt_lod1.msh",
								name = "back_d3_rgt",
								transf = { 1, 0, 0, 0, 0, 1, 0, 0, 0, 0, 1, 0, 2.6083934307098, -0.96462088823318, 1.0239499807358, 1, },
							},
							{
								animations = {
									close_doors_right = {
										params = {
											id = "vehicle/tram/strassenbahn_v2/close_doors_right/back_d4_rgt.ani",
										},
										type = "FILE_REF",
									},
									open_doors_right = {
										params = {
											id = "vehicle/tram/strassenbahn_v2/open_doors_right/back_d4_rgt.ani",
										},
										type = "FILE_REF",
									},
								},
								materials = { "vehicle/tram/strassenbahn_v2/strassenbahn1850_lod.mtl", },
								mesh = "vehicle/tram/strassenbahn_v2/back_d4_rgt_lod1.msh",
								name = "back_d4_rgt",
								transf = { 1, 0, 0, 0, 0, 1, 0, 0, 0, 0, 1, 0, -2.6081721782684, -0.96467924118042, 1.0239499807358, 1, },
							},
							{
								materials = { "vehicle/tram/emissive/tram_all_lights.mtl", },
								mesh = "vehicle/tram/strassenbahn_v2/back_headlights_lod1.msh",
								name = "back_headlights",
								transf = { 1, 0, 0, 0, 0, 1, 0, 0, 0, 0, 1, 0, 0, 0, 0, 1, },
							},
						},
						name = "back_grp",
						transf = { 1, 0, 0, 0, 0, 1, 0, 0, 0, 0, 1, 0, 0, 0, 0, 1, },
					},
					{
						children = {
							{
								materials = { "vehicle/tram/strassenbahn_v2/strassenbahn1850_lod.mtl", },
								mesh = "vehicle/tram/strassenbahn_v2/front_guide_lod1.msh",
								name = "front_guide",
								transf = { 1, 0, 0, 0, 0, 1, 0, 0, 0, 0, 1, 0, 0, 0, 0, 1, },
							},
						},
						name = "front_grp",
						transf = { 1, 0, 0, 0, 0, 1, 0, 0, 0, 0, 1, 0, 3.0751767158508, -4.9993395805359e-05, 0, 1, },
					},
					{
						children = {
							{
								children = {
									{
										children = {
											{
												animations = {
													drive = {
														params = {
															id = "animal/draft_horse/drive/horse_spine_root.ani",
														},
														type = "FILE_REF",
													},
												},
												children = {
													{
														animations = {
															drive = {
																params = {
																	id = "animal/draft_horse/drive/horse_spine_1.ani",
																},
																type = "FILE_REF",
															},
														},
														children = {
															{
																animations = {
																	drive = {
																		params = {
																			id = "animal/draft_horse/drive/horse_spine_2.ani",
																		},
																		type = "FILE_REF",
																	},
																},
																children = {
																	{
																		animations = {
																			drive = {
																				params = {
																					id = "animal/draft_horse/drive/horse_head.ani",
																				},
																				type = "FILE_REF",
																			},
																		},
																		children = {
																			{
																				animations = {
																					drive = {
																						params = {
																							id = "animal/draft_horse/drive/horse_ear_r.ani",
																						},
