local transf = require "transf"
local vec3 = require "vec3"
local constructionutil = require "constructionutil"
local modulesutil = require "modulesutil"

--Begin Generated
local generatedData = {
	["hangar_layout_1"] = {
		models = {
			["asset/ground/cardboard_box_01.mdl"] = {
				{ 0.27564, -0.96126, 0.00000, 0.00000, 0.96126, 0.27564, 0.00000, 0.00000, 0.00000, 0.00000, 1.00000, 0.00000, 13.80000, -22.42000, 0.00000, 1.00000, },
			},
			["asset/industry/pallet_01.mdl"] = {
				{ 1.00000, 0.00000, 0.00000, 0.00000, 0.00000, 1.00000, 0.00000, 0.00000, 0.00000, 0.00000, 1.00000, 0.00000, 20.60000, -2.05000, 0.00000, 1.00000, },
				{ 0.99863, 0.05234, 0.00000, 0.00000, -0.05234, 0.99863, 0.00000, 0.00000, 0.00000, 0.00000, 1.00000, 0.00000, 20.60000, -3.55000, 0.00000, 1.00000, },
				{ 0.98769, -0.15643, 0.00000, 0.00000, 0.15643, 0.98769, 0.00000, 0.00000, 0.00000, 0.00000, 1.00000, 0.00000, 20.67000, -5.07000, 0.00000, 1.00000, },
			},
			["asset/industry/wooden_box_01.mdl"] = {
				{ 0.99966, 0.02618, 0.00000, 0.00000, -0.02618, 0.99966, 0.00000, 0.00000, 0.00000, 0.00000, 1.00000, 0.00000, 20.65000, -2.04500, 0.14458, 1.00000, },
				{ 0.99966, 0.02618, 0.00000, 0.00000, -0.02618, 0.99966, 0.00000, 0.00000, 0.00000, 0.00000, 1.00000, 0.00000, 20.65000, -3.52500, 0.14458, 1.00000, },
				{ -0.99015, -0.14004, -0.00000, 0.00000, 0.14004, -0.99015, 0.00000, 0.00000, -0.00000, 0.00000, 1.00000, 0.00000, 20.65000, -3.52500, 1.03458, 1.00000, },
				{ 0.95106, 0.30902, 0.00000, 0.00000, -0.30902, 0.95106, 0.00000, 0.00000, 0.00000, 0.00000, 1.00000, 0.00000, -20.73000, 4.88000, 0.00000, 1.00000, },
			},
			["asset/industry/wooden_box_03.mdl"] = {
				{ 1.00000, 0.00000, 0.00000, 0.00000, 0.00000, 1.00000, 0.00000, 0.00000, 0.00000, 0.00000, 1.00000, 0.00000, -20.60000, 6.54000, 0.00000, 1.00000, },
				{ 1.00000, 0.00000, 0.00000, 0.00000, 0.00000, 1.00000, 0.00000, 0.00000, 0.00000, 0.00000, 1.00000, 0.00000, -19.11500, -11.90000, 0.00000, 1.00000, },
				{ 1.00000, 0.00000, 0.00000, 0.00000, 0.00000, 1.00000, 0.00000, 0.00000, 0.00000, 0.00000, 1.00000, 0.00000, -19.11500, -14.42000, 0.00000, 1.00000, },
				{ 1.00000, 0.00000, 0.00000, 0.00000, 0.00000, 1.00000, 0.00000, 0.00000, 0.00000, 0.00000, 1.00000, 0.00000, -19.11500, -16.96000, 0.00000, 1.00000, },
			},
			["station/air/airfield/airfield_decal_cracks_a.mdl"] = {
				{ -0.00000, -1.57331, 0.00000, 0.00000, 1.57331, -0.00000, 0.00000, 0.00000, 0.00000, 0.00000, 1.57331, 0.00000, -21.70000, 43.00000, 0.00000, 1.00000, },
			},
			["station/air/airfield/airfield_decal_cracks_c.mdl"] = {
				{ 1.84680, 0.00000, 0.00000, 0.00000, 0.00000, 1.84680, 0.00000, 0.00000, 0.00000, 0.00000, 1.84680, 0.00000, 16.55000, 46.63000, 0.00000, 1.00000, },
				{ 0.00000, -1.84680, 0.00000, 0.00000, 1.84680, 0.00000, 0.00000, 0.00000, 0.00000, 0.00000, 1.84680, 0.00000, 19.05000, 38.93000, 0.00000, 1.00000, },
			},
			["station/air/airfield/airfield_decal_cracks_d.mdl"] = {
				{ -0.00000, -1.00000, 0.00000, 0.00000, 1.00000, -0.00000, 0.00000, 0.00000, 0.00000, 0.00000, 1.00000, 0.00000, -19.51000, 26.24000, 0.00000, 1.00000, },
				{ -0.84000, 0.00000, 0.00000, 0.00000, -0.00000, -0.84000, 0.00000, 0.00000, 0.00000, 0.00000, 0.84000, 0.00000, -19.39000, 27.78000, 0.00000, 1.00000, },
				{ 0.75466, -0.00000, 0.00000, 0.00000, 0.00000, 0.75466, 0.00000, 0.00000, 0.00000, 0.00000, 0.75466, 0.00000, -19.38000, 30.13000, 0.00000, 1.00000, },
				{ 0.00000, 0.76020, 0.00000, 0.00000, -0.76020, 0.00000, 0.00000, 0.00000, 0.00000, 0.00000, 0.76020, 0.00000, -22.09000, 26.10000, 0.00000, 1.00000, },
				{ 0.00000, 0.93885, 0.00000, 0.00000, -0.93885, 0.00000, 0.00000, 0.00000, 0.00000, 0.00000, 0.93885, 0.00000, -16.82000, 26.10000, 0.00000, 1.00000, },
			},
			["station/air/airfield/airfield_decal_patches_a.mdl"] = {
				{ -0.00000, -0.92420, 0.00000, 0.00000, 0.78671, -0.00000, 0.00000, 0.00000, 0.00000, 0.00000, 0.78671, 0.00000, -17.38000, 44.10000, 0.00000, 1.00000, },
				{ -0.00000, -0.92420, 0.00000, 0.00000, 0.78671, -0.00000, 0.00000, 0.00000, 0.00000, 0.00000, 0.78671, 0.00000, -13.52000, 18.30000, 0.00000, 1.00000, },
			},
			["station/air/airfield/airfield_decal_patches_b.mdl"] = {
				{ -0.00000, -0.59303, 0.00000, 0.00000, 0.59303, -0.00000, 0.00000, 0.00000, 0.00000, 0.00000, 0.59303, 0.00000, -10.84000, 18.36000, 0.00000, 1.00000, },
			},
			["station/air/asset/cargo_package_a.mdl"] = {
				{ -0.24192, 0.97030, -0.00000, 0.00000, -0.97030, -0.24192, 0.00000, 0.00000, -0.00000, 0.00000, 1.00000, 0.00000, -18.67500, 6.32500, 0.61000, 1.00000, },
				{ 0.96815, 0.25038, 0.00000, 0.00000, -0.25038, 0.96815, 0.00000, 0.00000, 0.00000, 0.00000, 1.00000, 0.00000, -18.55000, 3.15000, 0.61000, 1.00000, },
				{ -0.00000, 1.00000, -0.00000, 0.00000, -1.00000, -0.00000, 0.00000, 0.00000, -0.00000, 0.00000, 1.00000, 0.00000, -18.67500, 5.38500, 0.61000, 1.00000, },
			},
			["station/air/asset/handcart_luggage_a.mdl"] = {
				{ 0.84134, -0.53599, -0.06976, 0.00000, 0.53730, 0.84339, 0.00000, 0.00000, 0.05883, -0.03748, 0.99756, 0.00000, -18.42000, -7.76500, 0.00000, 1.00000, },
				{ -0.00000, 0.00000, 1.00000, 0.00000, 0.55194, 0.83389, 0.00000, 0.00000, -0.83389, 0.55194, -0.00000, 0.00000, -18.52500, -5.88000, 0.87000, 1.00000, },
			},
			["station/air/asset/ladder_high_a.mdl"] = {
				{ 0.16505, 0.98629, 0.00000, 0.00000, -0.98629, 0.16505, 0.00000, 0.00000, 0.00000, 0.00000, 1.00000, 0.00000, -13.80500, -21.18000, 0.00000, 1.00000, },
				{ -0.00000, 1.00000, -0.00000, 0.00000, -1.00000, -0.00000, 0.00000, 0.00000, -0.00000, 0.00000, 1.00000, 0.00000, 13.13000, -22.43000, 0.00000, 1.00000, },
				{ 1.00000, 0.00000, 0.00000, 0.00000, 0.00000, 1.00000, 0.00000, 0.00000, 0.00000, 0.00000, 1.00000, 0.00000, 19.10000, 5.90000, 0.00000, 1.00000, },
			},
			["station/air/asset/ladder_low_a.mdl"] = {
				{ 1.00000, 0.00000, 0.00000, 0.00000, 0.00000, 1.00000, 0.00000, 0.00000, 0.00000, 0.00000, 1.00000, 0.00000, 18.74000, -6.30094, 0.00000, 1.00000, },
			},
			["station/air/asset/stairs_high_a.mdl"] = {
				{ -0.98481, -0.17365, -0.00000, 0.00000, 0.17365, -0.98481, 0.00000, 0.00000, -0.00000, 0.00000, 1.00000, 0.00000, 10.58000, -19.16000, 0.00000, 1.00000, },
				{ -0.00000, -1.00000, 0.00000, 0.00000, 1.00000, -0.00000, 0.00000, 0.00000, 0.00000, 0.00000, 1.00000, 0.00000, 18.64000, -3.00000, 0.00000, 1.00000, },
			},
			["station/air/asset/stairs_low_a.mdl"] = {
				{ 0.06105, -0.99813, 0.00000, 0.00000, 0.99813, 0.06105, 0.00000, 0.00000, 0.00000, 0.00000, 1.00000, 0.00000, 18.52000, 1.22000, 0.00000, 1.00000, },
			},
			["station/air/asset/trailer_cargo_a.mdl"] = {
				{ 0.25038, -0.96815, 0.00000, 0.00000, 0.96815, 0.25038, 0.00000, 0.00000, 0.00000, 0.00000, 1.00000, 0.00000, -18.48000, 3.16000, 0.00000, 1.00000, },
				{ -0.00000, -1.00000, -0.00000, 0.00000, 1.00000, -0.00000, 0.00000, 0.00000, -0.00000, 0.00000, 1.00000, 0.00000, -18.60500, 6.00500, 0.00000, 1.00000, },
			},
			["station/air/asset/tug_clarktor_a.mdl"] = {
				{ 0.63608, -0.77162, 0.00000, 0.00000, 0.77162, 0.63608, 0.00000, 0.00000, 0.00000, 0.00000, 1.00000, 0.00000, -17.11000, 0.18000, 0.00000, 1.00000, },
			},
		},
	},
	["hangar_layout_2"] = {
		models = {
			["asset/industry/pallet_01.mdl"] = {
				{ 0.06279, 0.99803, 0.00000, 0.00000, -0.99803, 0.06279, 0.00000, 0.00000, 0.00000, 0.00000, 1.00000, 0.00000, 18.61000, -6.50000, 0.00000, 1.00000, },
				{ 0.06279, 0.99803, 0.00000, 0.00000, -0.99803, 0.06279, 0.00000, 0.00000, 0.00000, 0.00000, 1.00000, 0.00000, 18.61000, -8.16000, 0.00000, 1.00000, },
				{ -0.14781, 0.00000, 0.98902, 0.00000, -0.00000, 1.00000, 0.00000, 0.00000, -0.98902, 0.00000, -0.14781, 0.00000, -18.90500, -4.58000, 0.51500, 1.00000, },
				{ -0.02031, 0.25802, 0.96593, 0.00000, 0.99692, 0.07846, 0.00000, 0.00000, -0.07579, 0.96295, -0.25882, 0.00000, -18.87500, -5.46000, 0.51500, 1.00000, },
				{ -0.07851, 0.33933, 0.93739, 0.00000, 0.98767, 0.15425, 0.02689, 0.00000, -0.13546, 0.92794, -0.34725, 0.00000, -18.93447, -5.70992, 0.49501, 1.00000, },
			},
			["asset/industry/wooden_box_01.mdl"] = {
				{ 1.00000, 0.00000, 0.00000, 0.00000, 0.00000, 1.00000, 0.00000, 0.00000, 0.00000, 0.00000, 1.00000, 0.00000, -19.00000, 2.25000, 0.00000, 1.00000, },
				{ 0.98629, 0.16505, 0.00000, 0.00000, 0.00000, -0.00000, -1.00000, 0.00000, -0.16505, 0.98629, -0.00000, 0.00000, -19.00000, 3.07000, 0.55000, 1.00000, },
			},
			["asset/industry/wooden_box_03.mdl"] = {
				{ 1.00000, 0.00000, 0.00000, 0.00000, 0.00000, 1.00000, 0.00000, 0.00000, 0.00000, 0.00000, 1.00000, 0.00000, -18.85000, 0.00000, 0.00000, 1.00000, },
			},
			["station/air/airfield/airfield_decal_cracks_a.mdl"] = {
				{ -0.00000, -1.41441, 0.00000, 0.00000, 1.41441, -0.00000, 0.00000, 0.00000, 0.00000, 0.00000, 1.41441, 0.00000, -18.40000, 23.50000, 0.00000, 1.00000, },
				{ -0.00000, 1.49235, 0.00000, 0.00000, -1.49235, -0.00000, 0.00000, 0.00000, 0.00000, 0.00000, 1.49235, 0.00000, 19.85000, -16.55000, 0.00000, 1.00000, },
			},
			["station/air/airfield/airfield_decal_cracks_c.mdl"] = {
				{ -0.00000, -1.89740, 0.00000, 0.00000, 1.89740, -0.00000, 0.00000, 0.00000, 0.00000, 0.00000, 1.89740, 0.00000, 15.15000, 36.13000, 0.00000, 1.00000, },
			},
			["station/air/airfield/airfield_decal_patches_a.mdl"] = {
				{ -0.00000, -0.92420, 0.00000, 0.00000, 0.78671, -0.00000, 0.00000, 0.00000, 0.00000, 0.00000, 0.78671, 0.00000, 1.88000, 38.95000, 0.00000, 1.00000, },
			},
			["station/air/airfield/airfield_decal_patches_b.mdl"] = {
				{ -0.00000, -0.59303, 0.00000, 0.00000, 0.59303, -0.00000, 0.00000, 0.00000, 0.00000, 0.00000, 0.59303, 0.00000, -22.34000, -2.24000, 0.00000, 1.00000, },
			},
			["station/air/airfield/airfield_decal_patches_d.mdl"] = {
				{ 0.83000, 0.00000, 0.00000, 0.00000, 0.00000, 0.83000, 0.00000, 0.00000, 0.00000, 0.00000, 0.83000, 0.00000, 15.40000, 20.85000, 0.00000, 1.00000, },
			},
			["station/air/asset/cargo_package_a.mdl"] = {
				{ -0.03141, 0.99951, 0.00000, 0.00000, -0.99951, -0.03141, 0.00000, 0.00000, 0.00000, 0.00000, 1.00000, 0.00000, -7.24000, -21.16000, 0.00000, 1.00000, },
				{ -0.03141, 0.99951, 0.00000, 0.00000, -0.99951, -0.03141, 0.00000, 0.00000, 0.00000, 0.00000, 1.00000, 0.00000, -0.23000, -21.16000, 0.00000, 1.00000, },
				{ -0.04013, 0.99919, 0.00000, 0.00000, -0.99919, -0.04013, 0.00000, 0.00000, 0.00000, 0.00000, 1.00000, 0.00000, 2.84998, -21.15353, 0.00000, 1.00000, },
				{ -0.04013, 0.99919, 0.00000, 0.00000, -0.99919, -0.04013, 0.00000, 0.00000, 0.00000, 0.00000, 1.00000, 0.00000, 5.88998, -21.15353, 0.00000, 1.00000, },
				{ 0.04013, 0.99919, -0.00000, 0.00000, 0.99919, -0.04013, -0.00000, 0.00000, -0.00000, 0.00000, -1.00000, 0.00000, -0.06095, -21.15353, 2.04785, 1.00000, },
				{ 0.04013, 0.99919, -0.00000, 0.00000, 0.99919, -0.04013, -0.00000, 0.00000, -0.00000, 0.00000, -1.00000, 0.00000, 2.97905, -21.15353, 2.04785, 1.00000, },
				{ 0.03839, 0.99926, 0.00000, 0.00000, -0.99926, 0.03839, -0.00000, 0.00000, -0.00000, -0.00000, 1.00000, 0.00000, -8.78000, -21.16000, 0.00000, 1.00000, },
				{ 0.03839, 0.99926, 0.00000, 0.00000, -0.99926, 0.03839, -0.00000, 0.00000, -0.00000, -0.00000, 1.00000, 0.00000, -1.77000, -21.16000, 0.00000, 1.00000, },
				{ 0.02967, 0.99956, 0.00000, 0.00000, -0.99956, 0.02967, -0.00000, 0.00000, -0.00000, -0.00000, 1.00000, 0.00000, 1.31004, -21.16697, 0.00000, 1.00000, },
				{ 0.02967, 0.99956, 0.00000, 0.00000, -0.99956, 0.02967, -0.00000, 0.00000, -0.00000, -0.00000, 1.00000, 0.00000, 4.35004, -21.16697, 0.00000, 1.00000, },
				{ -0.02967, 0.99956, -0.00000, 0.00000, 0.99956, 0.02967, 0.00000, 0.00000, 0.00000, -0.00000, -1.00000, 0.00000, 1.47899, -21.16697, 2.04785, 1.00000, },
				{ -0.02967, 0.99956, -0.00000, 0.00000, 0.99956, 0.02967, 0.00000, 0.00000, 0.00000, -0.00000, -1.00000, 0.00000, 4.51899, -21.16697, 2.04785, 1.00000, },
				{ 0.01222, 0.99993, 0.00000, 0.00000, -0.99993, 0.01222, -0.00000, 0.00000, -0.00000, -0.00000, 1.00000, 0.00000, -8.78000, -21.16000, 1.38000, 1.00000, },
				{ 0.03839, 0.99926, 0.00000, 0.00000, -0.99926, 0.03839, -0.00000, 0.00000, -0.00000, -0.00000, 1.00000, 0.00000, -10.38500, -21.16000, 0.00000, 1.00000, },
				{ -0.01435, -0.00160, 0.99990, 0.00000, -0.99960, 0.02457, -0.01431, 0.00000, -0.02454, -0.99970, -0.00196, 0.00000, -7.92215, -20.91858, 1.04098, 1.00000, },
				{ 0.02454, 0.99970, 0.00196, 0.00000, -0.99960, 0.02457, -0.01431, 0.00000, -0.01435, -0.00160, 0.99990, 0.00000, -0.91292, -21.15793, 0.68355, 1.00000, },
				{ -0.01434, -0.00173, 0.99990, 0.00000, -0.99977, 0.01584, -0.01431, 0.00000, -0.01582, -0.99987, -0.00196, 0.00000, 2.16574, -20.91807, 1.04098, 1.00000, },
				{ 0.01582, 0.99987, 0.00196, 0.00000, -0.99977, 0.01584, -0.01431, 0.00000, -0.01434, -0.00173, 0.99990, 0.00000, 5.20706, -21.15742, 0.68355, 1.00000, },
				{ 0.01582, 0.99987, 0.00196, 0.00000, -0.71708, 0.00998, 0.69692, 0.00000, 0.69681, -0.01243, 0.71715, 0.00000, 6.75500, -21.15742, 0.45000, 1.00000, },
				{ -0.01582, 0.99987, -0.00196, 0.00000, 0.99977, 0.01584, 0.01431, 0.00000, 0.01434, -0.00173, -0.99990, 0.00000, 0.62196, -21.15742, 1.36430, 1.00000, },
				{ -0.01582, 0.99987, -0.00196, 0.00000, 0.99977, 0.01584, 0.01431, 0.00000, 0.01434, -0.00173, -0.99990, 0.00000, 3.66196, -21.15742, 1.36430, 1.00000, },
				{ 0.02454, 0.99970, 0.00196, 0.00000, -0.99960, 0.02457, -0.01431, 0.00000, -0.01435, -0.00160, 0.99990, 0.00000, -9.52792, -21.15793, 0.68355, 1.00000, },
			},
			["station/air/asset/handcart_luggage_a.mdl"] = {
				{ -0.00000, 0.00000, 1.00000, 0.00000, -0.06279, -0.99803, -0.00000, 0.00000, 0.99803, -0.06279, 0.00000, 0.00000, -21.11000, 6.91500, 0.87000, 1.00000, },
				{ -0.00000, 0.00000, 1.00000, 0.00000, 0.11147, -0.99377, 0.00000, 0.00000, 0.99377, 0.11147, 0.00000, 0.00000, -21.11000, 5.34500, 0.87000, 1.00000, },
				{ -0.00000, 0.00000, 1.00000, 0.00000, -0.01047, -0.99995, -0.00000, 0.00000, 0.99995, -0.01047, 0.00000, 0.00000, -21.11000, 3.77000, 0.87000, 1.00000, },
				{ -0.00000, 0.00000, 1.00000, 0.00000, -0.11494, -0.99337, -0.00000, 0.00000, 0.99337, -0.11494, 0.00000, 0.00000, -21.11000, 2.11000, 0.87000, 1.00000, },
			},
			["station/air/asset/ladder_high_a.mdl"] = {
				{ 0.99966, -0.02618, 0.00000, 0.00000, 0.02618, 0.99966, 0.00000, 0.00000, 0.00000, 0.00000, 1.00000, 0.00000, 20.42000, 1.00000, 0.00000, 1.00000, },
			},
			["station/air/asset/ladder_low_a.mdl"] = {
				{ 1.00000, 0.00000, 0.00000, 0.00000, 0.00000, 1.00000, 0.00000, 0.00000, 0.00000, 0.00000, 1.00000, 0.00000, 20.41000, 0.82000, -0.09500, 1.00000, },
				{ 0.99255, 0.00000, 0.12187, 0.00000, 0.00000, 1.00000, 0.00000, 0.00000, -0.12187, 0.00000, 0.99255, 0.00000, 20.68000, -1.74000, 0.01000, 1.00000, },
			},
			["station/air/asset/stairs_high_a.mdl"] = {
				{ 0.04362, -0.99905, 0.00000, 0.00000, 0.99905, 0.04362, 0.00000, 0.00000, 0.00000, 0.00000, 1.00000, 0.00000, -18.75000, -14.60000, 0.00000, 1.00000, },
			},
			["station/air/asset/stairs_low_a.mdl"] = {
				{ 0.96363, 0.26724, 0.00000, 0.00000, -0.26724, 0.96363, 0.00000, 0.00000, 0.00000, 0.00000, 1.00000, 0.00000, -6.02000, -14.38000, 0.00000, 1.00000, },
			},
			["station/air/asset/trailer_cargo_a.mdl"] = {
				{ -0.50000, 0.86603, 0.00000, 0.00000, -0.86603, -0.50000, 0.00000, 0.00000, 0.00000, 0.00000, 1.00000, 0.00000, 18.27000, -0.73000, 0.00000, 1.00000, },
				{ -0.83867, 0.54464, 0.00000, 0.00000, -0.54464, -0.83867, 0.00000, 0.00000, 0.00000, 0.00000, 1.00000, 0.00000, 18.27000, -3.17000, 0.00000, 1.00000, },
				{ 0.00000, 1.00000, 0.00000, 0.00000, 0.00000, -0.00000, 1.00000, 0.00000, 1.00000, 0.00000, -0.00000, 0.00000, 17.86000, -7.29500, 0.76000, 1.00000, },
			},
			["station/air/asset/tug_clarktor_a.mdl"] = {
				{ -0.99939, -0.03490, 0.00000, 0.00000, 0.03490, -0.99939, 0.00000, 0.00000, 0.00000, 0.00000, 1.00000, 0.00000, 17.94000, 4.46000, 0.00000, 1.00000, },
				{ -0.99905, -0.04362, 0.00000, 0.00000, 0.04362, -0.99905, 0.00000, 0.00000, 0.00000, 0.00000, 1.00000, 0.00000, 17.94000, 2.44000, 0.00000, 1.00000, },
			},
		},
	},
}
--End Generated

function data()

return { 
	availability = {
		yearFrom = 1920,
		yearTo = 0,
	},
	cost = {
		price = 10000,
	},
	category = {
		categories = {"building"},
	},
	description = {
		icon = "ui/construction/station/air/airfield_hangar.tga",
		name = _("Hangar"),
		description = _("Used to buy/sell small aircraft."),
	},
	type = "hangar",
	order = {
		value = 1000,
	},
	
	updateFn = function(result, transform, tag)
		result.models[#result.models + 1] = { 
			id = "station/air/airfield/hangar.mdl",
			transf = transform,
			tag = tag
		}
		
		local faces = { {-25.0, -25.0, 0.0, 1.0}, {25.0, -25.0, 0.0, 1.0}, {25.0, 85.0, 0.0, 1.0}, {-25.0, 85.0, 0.0, 1.0} }
		modulesutil.TransformFaces(transform, faces)
		result.groundFaces[#result.groundFaces + 1] = {  
			face =  faces,
			modes = {
				{
					type = "FILL",
					key = "airfield_hangar.lua",
					texCoords = { {.0, .0}, {1.0, .0}, {1.0, 1.0}, {.0, 1.0} }
				},
			}
		}
		--local faces2 = { {-25.0, -25.0, 0.0, 1.0}, {25.0, -25.0, 0.0, 1.0}, {25.0, 38.0, 0.0, 1.0}, {-25.0, 38.0, 0.0, 1.0} }
		--modulesutil.TransformFaces(transform, faces2)
		--result.groundFaces[#result.groundFaces + 1] = {  
			--face =  faces2,
			--modes = {
				--{
					--type = "STROKE_OUTER",
					--key = "industry_floor_paving.lua"
				--}
			--}
		--}
		
		local randTable = { generatedData["hangar_layout_1"], generatedData["hangar_layout_2"] }
		local randIndex = math.random(1, #randTable)
		constructionutil.addModels(randTable[randIndex], result.models, transform)
	end,
	
	getModelsFn = function()
		
		local result = {
			{ 
				id = "station/air/airfield/hangar_preview.mdl",
				transf = transf.scale(vec3.new(1, 1, 1)),
			}
		}
		
		return result
	end
}

end
