local transf = require "transf"
local vec3 = require "vec3"
local constructionutil = require "constructionutil"
local modulesutil = require "modulesutil"

local cargoCapacity = 0
local passengerCapacity = 20

--Begin Generated
local generatedData = {
	["passenger_terminal_layout_1"] = {
		models = {
			["station/air/airfield/airfield_decal_cracks_a.mdl"] = {
				{ -1.57331, 0.00000, 0.00000, 0.00000, -0.00000, -1.57331, 0.00000, 0.00000, 0.00000, 0.00000, 1.57331, 0.00000, -16.30000, 48.50000, 0.00000, 1.00000, },
				{ -0.00000, 1.49235, 0.00000, 0.00000, -1.49235, -0.00000, 0.00000, 0.00000, 0.00000, 0.00000, 1.49235, 0.00000, 21.75000, 39.00000, 0.00000, 1.00000, },
			},
			["station/air/airfield/airfield_decal_cracks_c.mdl"] = {
				{ 1.84680, 0.00000, 0.00000, 0.00000, 0.00000, 1.84680, 0.00000, 0.00000, 0.00000, 0.00000, 1.84680, 0.00000, 14.55000, 46.49000, 0.00000, 1.00000, },
				{ -1.84680, 0.00000, 0.00000, 0.00000, -0.00000, -1.84680, 0.00000, 0.00000, 0.00000, 0.00000, 1.84680, 0.00000, -7.60000, 10.78000, 0.00000, 1.00000, },
			},
			["station/air/airfield/airfield_decal_cracks_d.mdl"] = {
				{ -0.00000, -1.00000, 0.00000, 0.00000, 1.00000, -0.00000, 0.00000, 0.00000, 0.00000, 0.00000, 1.00000, 0.00000, -19.51000, 26.24000, 0.00000, 1.00000, },
				{ 0.00000, 0.76020, 0.00000, 0.00000, -0.76020, 0.00000, 0.00000, 0.00000, 0.00000, 0.00000, 0.76020, 0.00000, -22.13000, 26.10000, 0.00000, 1.00000, },
				{ 0.00000, 0.93885, 0.00000, 0.00000, -0.93885, 0.00000, 0.00000, 0.00000, 0.00000, 0.00000, 0.93885, 0.00000, -16.88000, 26.10000, 0.00000, 1.00000, },
			},
			["station/air/airfield/airfield_decal_patches_a.mdl"] = {
				{ -0.00000, -0.92420, 0.00000, 0.00000, 0.78671, -0.00000, 0.00000, 0.00000, 0.00000, 0.00000, 0.78671, 0.00000, -21.32000, 8.05000, 0.00000, 1.00000, },
				{ -0.00000, -0.92420, 0.00000, 0.00000, 0.78671, -0.00000, 0.00000, 0.00000, 0.00000, 0.00000, 0.78671, 0.00000, -5.87000, 33.75000, 0.00000, 1.00000, },
			},
			["station/air/airfield/airfield_decal_patches_b.mdl"] = {
				{ -0.00000, -0.59303, 0.00000, 0.00000, 0.59303, -0.00000, 0.00000, 0.00000, 0.00000, 0.00000, 0.59303, 0.00000, 12.08000, 39.00000, 0.00000, 1.00000, },
			},
			["station/air/airfield/airfield_decal_patches_f.mdl"] = {
				{ 0.90825, 0.00000, 0.00000, 0.00000, 0.00000, 0.90825, 0.00000, 0.00000, 0.00000, 0.00000, 0.90825, 0.00000, -2.05000, 18.20000, 0.00000, 1.00000, },
			},
			["station/air/asset/handcart_luggage_a.mdl"] = {
				{ -0.89314, 0.44375, -0.07340, 0.00000, -0.44593, -0.89493, 0.01557, 0.00000, -0.05878, 0.04664, 0.99718, 0.00000, -20.30186, 1.33495, 0.00067, 1.00000, },
				{ 0.98272, -0.16763, -0.07846, 0.00000, 0.16815, 0.98576, -0.00000, 0.00000, 0.07734, -0.01319, 0.99692, 0.00000, -11.65000, 4.75000, 0.00067, 1.00000, },
			},
			["station/air/asset/ladder_high_a.mdl"] = {
				{ -0.09585, -0.99540, 0.00000, 0.00000, 0.99540, -0.09585, 0.00000, 0.00000, 0.00000, 0.00000, 1.00000, 0.00000, 12.58000, 3.28000, 0.00000, 1.00000, },
			},
			["station/air/asset/ladder_low_a.mdl"] = {
				{ 0.50000, -0.86603, 0.00000, 0.00000, 0.86603, 0.50000, 0.00000, 0.00000, 0.00000, 0.00000, 1.00000, 0.00000, 13.02000, 3.72000, 0.00000, 1.00000, },
			},
			["station/air/asset/luggage_01_a.mdl"] = {
				{ -0.89314, 0.44375, -0.07340, 0.00000, -0.44593, -0.89493, 0.01557, 0.00000, -0.05878, 0.04664, 0.99718, 0.00000, -21.02797, 1.63213, 0.40419, 1.00000, },
				{ -0.05878, 0.04664, 0.99718, 0.00000, -0.55145, -0.83418, 0.00651, 0.00000, 0.83214, -0.54951, 0.07475, 0.00000, -20.50870, 1.36500, 0.52852, 1.00000, },
				{ 0.98272, -0.16763, -0.07846, 0.00000, 0.16815, 0.98576, -0.00000, 0.00000, 0.07734, -0.01319, 0.99692, 0.00000, -10.88859, 4.63483, 0.39448, 1.00000, },
				{ 0.98272, -0.16763, -0.07846, 0.00000, 0.16815, 0.98576, -0.00000, 0.00000, 0.07734, -0.01319, 0.99692, 0.00000, -11.70702, 4.84072, 0.46070, 1.00000, },
			},
			["station/air/asset/luggage_02_a.mdl"] = {
				{ -0.89314, 0.44375, -0.07340, 0.00000, -0.44593, -0.89493, 0.01557, 0.00000, -0.05878, 0.04664, 0.99718, 0.00000, -20.80518, 1.59789, 0.41310, 1.00000, },
				{ 0.60738, 0.79441, 0.00000, 0.00000, -0.79441, 0.60738, 0.00000, 0.00000, 0.00000, 0.00000, 1.00000, 0.00000, -10.62500, 5.19500, 0.00000, 1.00000, },
				{ 0.98272, -0.16763, -0.07846, 0.00000, 0.16815, 0.98576, -0.00000, 0.00000, 0.07734, -0.01319, 0.99692, 0.00000, -11.30071, 4.70892, 0.42743, 1.00000, },
				{ -0.98272, 0.16763, 0.07846, 0.00000, -0.16815, -0.98576, 0.00000, 0.00000, 0.07734, -0.01319, 0.99692, 0.00000, -11.50530, 4.77829, 0.44422, 1.00000, },
			},
			["station/air/asset/luggage_03_a.mdl"] = {
				{ -0.55732, 0.30223, 0.77334, 0.00000, -0.71155, 0.30615, -0.63243, 0.00000, -0.42790, -0.90273, 0.04443, 0.00000, -19.68475, 1.14916, 0.76018, 1.00000, },
				{ -0.72374, 0.68602, -0.07475, 0.00000, -0.68757, -0.72609, -0.00657, 0.00000, -0.05878, 0.04664, 0.99718, 0.00000, -20.50109, 1.56600, 0.43122, 1.00000, },
				{ 0.98272, -0.16763, -0.07846, 0.00000, 0.16815, 0.98576, -0.00000, 0.00000, 0.07734, -0.01319, 0.99692, 0.00000, -11.09501, 4.66978, 0.41096, 1.00000, },
				{ 0.98272, -0.16763, -0.07846, 0.00000, 0.16815, 0.98576, -0.00000, 0.00000, 0.07734, -0.01319, 0.99692, 0.00000, -11.91341, 4.87583, 0.47718, 1.00000, },
				{ -0.98272, 0.16763, 0.07846, 0.00000, -0.16815, -0.98576, 0.00000, 0.00000, 0.07734, -0.01319, 0.99692, 0.00000, -12.10650, 4.94146, 0.49302, 1.00000, },
				{ -0.16815, -0.98576, 0.00000, 0.00000, -0.98272, 0.16763, 0.07846, 0.00000, -0.07734, 0.01319, -0.99692, 0.00000, -12.11858, 4.47400, 0.91409, 1.00000, },
			},
			["station/air/asset/stairs_high_a.mdl"] = {
				{ -0.88701, 0.46175, -0.00000, 0.00000, -0.46175, -0.88701, 0.00000, 0.00000, -0.00000, 0.00000, 1.00000, 0.00000, 10.50000, 13.65000, 0.00000, 1.00000, },
				{ 0.03490, 0.99939, 0.00000, 0.00000, -0.99939, 0.03490, -0.00000, 0.00000, -0.00000, -0.00000, 1.00000, 0.00000, 19.20000, -1.00000, 0.00000, 1.00000, },
			},
			["station/air/asset/stairs_low_a.mdl"] = {
				{ -1.00000, -0.00000, -0.00000, 0.00000, 0.00000, -1.00000, 0.00000, 0.00000, -0.00000, 0.00000, 1.00000, 0.00000, 22.65461, -0.71941, 0.00000, 1.00000, },
				{ -0.99966, 0.02618, -0.00000, 0.00000, -0.02618, -0.99966, 0.00000, 0.00000, -0.00000, 0.00000, 1.00000, 0.00000, 22.72539, 1.21941, 0.00000, 1.00000, },
			},
			["station/air/asset/tug_clarktor_a.mdl"] = {
				{ -0.57358, 0.81915, -0.00000, 0.00000, -0.81915, -0.57358, 0.00000, 0.00000, -0.00000, 0.00000, 1.00000, 0.00000, -22.49814, 3.14505, 0.00000, 1.00000, },
			},
			["street/street_asset_mix/trash_standing_a.mdl"] = {
				{ 1.00000, 0.00000, 0.00000, 0.00000, 0.00000, 1.00000, 0.00000, 0.00000, 0.00000, 0.00000, 1.00000, 0.00000, 14.50000, -1.34000, -0.02028, 1.00000, },
				{ 1.00000, 0.00000, 0.00000, 0.00000, 0.00000, 1.00000, 0.00000, 0.00000, 0.00000, 0.00000, 1.00000, 0.00000, -14.50000, -1.34000, -0.02028, 1.00000, },
			},
		},
	},
	["passenger_terminal_layout_2"] = {
		models = {
			["station/air/airfield/airfield_decal_cracks_a.mdl"] = {
				{ -1.83291, 0.00000, 0.00000, 0.00000, -0.00000, -1.83291, 0.00000, 0.00000, 0.00000, 0.00000, 1.83291, 0.00000, -14.90000, 45.30000, 0.00000, 1.00000, },
				{ -0.00000, 1.49235, 0.00000, 0.00000, -1.49235, -0.00000, 0.00000, 0.00000, 0.00000, 0.00000, 1.49235, 0.00000, 21.75000, 13.30000, 0.00000, 1.00000, },
			},
			["station/air/airfield/airfield_decal_cracks_c.mdl"] = {
				{ -0.00000, 1.84680, 0.00000, 0.00000, -1.84680, -0.00000, 0.00000, 0.00000, 0.00000, 0.00000, 1.84680, 0.00000, -15.30000, 28.08000, 0.00000, 1.00000, },
			},
			["station/air/airfield/airfield_decal_patches_a.mdl"] = {
				{ -0.00000, -0.92420, 0.00000, 0.00000, 0.78671, -0.00000, 0.00000, 0.00000, 0.00000, 0.00000, 0.78671, 0.00000, -13.52000, 18.45000, 0.00000, 1.00000, },
			},
			["station/air/airfield/airfield_decal_patches_b.mdl"] = {
				{ -0.00000, -0.59303, 0.00000, 0.00000, 0.59303, -0.00000, 0.00000, 0.00000, 0.00000, 0.00000, 0.59303, 0.00000, -18.72000, 8.05000, 0.00000, 1.00000, },
			},
			["station/air/airfield/airfield_decal_patches_d.mdl"] = {
				{ -0.00000, -0.54465, 0.00000, 0.00000, 0.54465, -0.00000, 0.00000, 0.00000, 0.00000, 0.00000, 0.54465, 0.00000, -7.80000, 13.20000, 0.00000, 1.00000, },
			},
			["station/air/asset/handcart_luggage_a.mdl"] = {
				{ 0.98272, -0.16763, -0.07846, 0.00000, 0.16815, 0.98576, -0.00000, 0.00000, 0.07734, -0.01319, 0.99692, 0.00000, 16.95000, -3.80000, 0.00067, 1.00000, },
				{ 0.69053, 0.71957, -0.07340, 0.00000, -0.72063, 0.69314, 0.01557, 0.00000, 0.06208, 0.04214, 0.99718, 0.00000, -17.49203, 2.57276, 0.00067, 1.00000, },
			},
			["station/air/asset/ladder_high_a.mdl"] = {
				{ -0.09585, -0.99540, -0.00000, 0.00000, 0.99540, -0.09585, 0.00000, 0.00000, -0.00000, 0.00000, 1.00000, 0.00000, 20.29311, -3.63109, -0.00000, 1.00000, },
			},
			["station/air/asset/ladder_low_a.mdl"] = {
				{ 0.50000, -0.86603, 0.00000, 0.00000, 0.86603, 0.50000, 0.00000, 0.00000, 0.00000, 0.00000, 1.00000, 0.00000, 22.02237, 1.52744, 0.00000, 1.00000, },
			},
			["station/air/asset/luggage_01_a.mdl"] = {
				{ 0.00873, 0.00000, 0.99996, 0.00000, 0.00000, 1.00000, 0.00000, 0.00000, -0.99996, 0.00000, 0.00873, 0.00000, 15.97400, -3.67353, 0.48400, 1.00000, },
				{ 0.98272, -0.16763, -0.07846, 0.00000, 0.16815, 0.98576, -0.00000, 0.00000, 0.07734, -0.01319, 0.99692, 0.00000, 17.71141, -3.91517, 0.39448, 1.00000, },
				{ 0.69053, 0.71957, -0.07340, 0.00000, -0.72063, 0.69314, 0.01557, 0.00000, 0.06208, 0.04214, 0.99718, 0.00000, -16.99130, 3.17677, 0.40419, 1.00000, },
				{ 0.69053, 0.71957, -0.07340, 0.00000, -0.72063, 0.69314, 0.01557, 0.00000, 0.06208, 0.04214, 0.99718, 0.00000, -17.98567, 2.14060, 0.50989, 1.00000, },
				{ 0.51222, 0.67034, -0.53691, 0.00000, -0.76820, 0.63714, 0.06260, 0.00000, 0.38405, 0.38038, 0.84131, 0.00000, -17.73072, 2.16724, 0.49289, 1.00000, },
				{ 0.99828, -0.05868, 0.00000, 0.00000, 0.05868, 0.99828, 0.00000, 0.00000, 0.00000, 0.00000, 1.00000, 0.00000, -18.41591, 1.13962, 0.00000, 1.00000, },
				{ 0.99928, -0.03787, 0.00000, 0.00000, 0.03787, 0.99928, 0.00000, 0.00000, 0.00000, 0.00000, 1.00000, 0.00000, -19.65591, 0.20776, 0.00000, 1.00000, },
				{ 0.99924, -0.03899, 0.00000, 0.00000, 0.03899, 0.99924, 0.00000, 0.00000, 0.00000, 0.00000, 1.00000, 0.00000, -19.64391, 1.13154, 0.00000, 1.00000, },
				{ -0.99678, 0.08023, 0.00000, 0.00000, -0.08023, -0.99678, 0.00000, 0.00000, 0.00000, 0.00000, 1.00000, 0.00000, -19.39391, 0.20931, 0.00000, 1.00000, },
			},
			["station/air/asset/luggage_02_a.mdl"] = {
				{ 0.98272, -0.16763, -0.07846, 0.00000, 0.16815, 0.98576, -0.00000, 0.00000, 0.07734, -0.01319, 0.99692, 0.00000, 17.29929, -3.84108, 0.42743, 1.00000, },
				{ -0.98272, 0.16763, 0.07846, 0.00000, -0.16815, -0.98576, 0.00000, 0.00000, 0.07734, -0.01319, 0.99692, 0.00000, 17.09471, -3.77171, 0.44422, 1.00000, },
				{ 0.06208, 0.04214, 0.99718, 0.00000, -0.63111, 0.77567, 0.00651, 0.00000, -0.77321, -0.62973, 0.07475, 0.00000, -17.40150, 2.76115, 0.52852, 1.00000, },
				{ 0.99846, -0.05542, 0.00000, 0.00000, 0.05542, 0.99846, 0.00000, 0.00000, 0.00000, 0.00000, 1.00000, 0.00000, -18.92110, 1.12419, 0.00000, 1.00000, },
				{ 0.99916, -0.04099, 0.00000, 0.00000, 0.04099, 0.99916, 0.00000, 0.00000, 0.00000, 0.00000, 1.00000, 0.00000, -19.92110, 1.11384, 0.00000, 1.00000, },
				{ 0.99872, -0.05050, 0.00000, 0.00000, 0.05050, 0.99872, 0.00000, 0.00000, 0.00000, 0.00000, 1.00000, 0.00000, -20.22110, 1.11633, 0.00000, 1.00000, },
				{ 0.99941, -0.03440, 0.00000, 0.00000, 0.03440, 0.99941, 0.00000, 0.00000, 0.00000, 0.00000, 1.00000, 0.00000, -18.67110, 0.19580, 0.00000, 1.00000, },
				{ 0.99922, -0.03937, 0.00000, 0.00000, 0.03937, 0.99922, 0.00000, 0.00000, 0.00000, 0.00000, 1.00000, 0.00000, -18.41110, 0.19714, 0.00000, 1.00000, },
				{ 0.99892, -0.04646, 0.00000, 0.00000, 0.04646, 0.99892, 0.00000, 0.00000, 0.00000, 0.00000, 1.00000, 0.00000, -19.39710, 1.11870, 0.00000, 1.00000, },
				{ 0.99935, -0.03596, 0.00000, 0.00000, 0.03596, 0.99935, 0.00000, 0.00000, 0.00000, 0.00000, 1.00000, 0.00000, -19.14710, 0.19233, 0.00000, 1.00000, },
			},
			["station/air/asset/luggage_03_a.mdl"] = {
				{ 0.30071, -0.95372, 0.00000, 0.00000, 0.95372, 0.30071, 0.00000, 0.00000, 0.00000, 0.00000, 1.00000, 0.00000, 15.11500, -4.01000, 0.00000, 1.00000, },
				{ 0.00873, 0.00000, 0.99996, 0.00000, 0.00000, 1.00000, 0.00000, 0.00000, -0.99996, 0.00000, 0.00873, 0.00000, 15.96600, -3.67478, 0.27800, 1.00000, },
				{ -0.00873, 0.00000, -0.99996, 0.00000, 0.00000, 1.00000, 0.00000, 0.00000, 0.99996, 0.00000, -0.00873, 0.00000, 15.56524, -3.64369, 0.09419, 1.00000, },
				{ 0.98272, -0.16763, -0.07846, 0.00000, 0.16815, 0.98576, -0.00000, 0.00000, 0.07734, -0.01319, 0.99692, 0.00000, 17.50499, -3.88022, 0.41096, 1.00000, },
				{ 0.69053, 0.71957, -0.07340, 0.00000, -0.72063, 0.69314, 0.01557, 0.00000, 0.06208, 0.04214, 0.99718, 0.00000, -17.09060, 2.97442, 0.41310, 1.00000, },
				{ -0.72092, -0.54676, -0.42582, 0.00000, 0.60582, -0.79559, -0.00409, 0.00000, -0.33654, -0.26092, 0.90480, 0.00000, -17.19593, 2.77703, 0.42670, 1.00000, },
				{ 0.99822, -0.05963, 0.00000, 0.00000, 0.05963, 0.99822, 0.00000, 0.00000, 0.00000, 0.00000, 1.00000, 0.00000, -18.67521, 1.11302, 0.00000, 1.00000, },
				{ 0.99951, -0.03143, 0.00000, 0.00000, 0.03143, 0.99951, 0.00000, 0.00000, 0.00000, 0.00000, 1.00000, 0.00000, -19.91521, 0.18117, 0.00000, 1.00000, },
				{ 0.99967, -0.02584, 0.00000, 0.00000, 0.02584, 0.99967, 0.00000, 0.00000, 0.00000, 0.00000, 1.00000, 0.00000, -20.20021, 0.17960, 0.00000, 1.00000, },
				{ -0.99542, 0.09561, 0.00000, 0.00000, -0.09561, -0.99542, 0.00000, 0.00000, 0.00000, 0.00000, 1.00000, 0.00000, -19.15121, 1.11019, 0.00000, 1.00000, },
				{ -0.99675, 0.08051, 0.00000, 0.00000, -0.08051, -0.99675, 0.00000, 0.00000, 0.00000, 0.00000, 1.00000, 0.00000, -18.90121, 0.18125, 0.00000, 1.00000, },
			},
			["station/air/asset/stairs_high_a.mdl"] = {
				{ -0.99813, -0.06105, -0.00000, 0.00000, 0.06105, -0.99813, 0.00000, 0.00000, -0.00000, 0.00000, 1.00000, 0.00000, 21.05000, -2.40000, -0.00000, 1.00000, },
				{ -0.97815, -0.20791, -0.00000, 0.00000, 0.20791, -0.97815, 0.00000, 0.00000, -0.00000, 0.00000, 1.00000, 0.00000, 21.05000, -0.55000, 0.00000, 1.00000, },
			},
			["station/air/asset/stairs_low_a.mdl"] = {
				{ -1.00000, -0.00000, -0.00000, 0.00000, 0.00000, -1.00000, 0.00000, 0.00000, -0.00000, 0.00000, 1.00000, 0.00000, 7.65000, 14.15000, 0.00000, 1.00000, },
				{ -0.99619, 0.08716, -0.00000, 0.00000, -0.08716, -0.99619, 0.00000, 0.00000, -0.00000, 0.00000, 1.00000, 0.00000, 20.75299, 3.24771, 0.00000, 1.00000, },
			},
			["station/air/asset/tug_clarktor_a.mdl"] = {
				{ 0.95319, 0.30237, -0.00000, 0.00000, -0.30237, 0.95319, 0.00000, 0.00000, 0.00000, -0.00000, 1.00000, 0.00000, -15.10797, 4.12724, -0.00000, 1.00000, },
			},
			["street/street_asset_mix/trash_standing_a.mdl"] = {
				{ 1.00000, 0.00000, 0.00000, 0.00000, 0.00000, 1.00000, 0.00000, 0.00000, 0.00000, 0.00000, 1.00000, 0.00000, 14.50000, -1.34000, -0.02028, 1.00000, },
				{ 1.00000, 0.00000, 0.00000, 0.00000, 0.00000, 1.00000, 0.00000, 0.00000, 0.00000, 0.00000, 1.00000, 0.00000, -14.50000, -1.34000, -0.02028, 1.00000, },
			},
		},
	},
}
--End Generated

function data()

return { 
	availability = {
		yearFrom = 1920,
		yearTo = 0,
	},
	cost = {
		price = 2000000,
	},
	category = {
		categories = {"building"},
	},
	description = {
		icon = "ui/construction/station/air/airfield_passenger_terminal.tga",
		name = _("Passenger terminal"),
		description = _("Passenger terminal for airfields. Provides capacity for 20 passengers."),
	},
	type = "terminal",
	order = {
		value = 300,
	},
	metadata = {
		moreCapacity = {
			cargo = cargoCapacity,
			passenger = passengerCapacity
		}
	},
	
	updateFn = function(result, transform, tag, slotId)
		result.models[#result.models + 1] = { 
			
			id = "station/air/airfield/passenger_terminal.mdl",
			transf = transform,
			tag = tag
		}
		local index = result.slotIdToTerminalGroupIndex[slotId]
		result.terminalGroups[index].terminals[1][1] = #result.models - 1
		
		local faces = { {-25.0, -25.0, 0.0, 1.0}, {25.0, -25.0, 0.0, 1.0}, {25.0, 85.0, 0.0, 1.0}, {-25.0, 85.0, 0.0, 1.0} }
		modulesutil.TransformFaces(transform, faces)
		result.groundFaces[#result.groundFaces + 1] = {  
			face =  faces,
			modes = {
				{
					type = "FILL",
					key = "airfield_terminal.lua",
					texCoords = { {.0, .0}, {1.0, .0}, {1.0, 1.0}, {.0, 1.0} }
				}
			}
		}
		-- local faces2 = { {-25.0, -25.0, 0.0, 1.0}, {25.0, -25.0, 0.0, 1.0}, {25.0, 38.0, 0.0, 1.0}, {-25.0, 38.0, 0.0, 1.0} }
		-- modulesutil.TransformFaces(transform, faces2)
		--[[
		result.groundFaces[#result.groundFaces + 1] = {  
			face =  faces2,
			modes = {
				{
					type = "STROKE_OUTER",
					key = "industry_floor_paving.lua"
				}
			}
		}
		--]]
		local randTable = { generatedData["passenger_terminal_layout_1"], generatedData["passenger_terminal_layout_2"] }
		local randIndex = math.random(1, #randTable)
		constructionutil.addModels(randTable[randIndex], result.models, transform)
	end,
	
	getModelsFn = function()
		
		local result = {
			{ 
				id = "station/air/airfield/passenger_terminal_preview.mdl",
				transf = transf.scale(vec3.new(1, 1, 1)),
			}
		}
		
		return result
	end
}

end
