local transf = require "transf"
local vec3 = require "vec3"
local constructionutil = require "constructionutil"
local modulesutil = require "modulesutil"

local cargoCapacity = 100
local passengerCapacity = 200

--Begin Generated
local generatedData = {
	["era_b_main_building_assets_a"] = {
		models = {
			["asset/ground/container_waste1.mdl"] = {
				{ -0.97592, 0.21814, 0.00000, 0.00000, -0.21814, -0.97592, 0.00000, 0.00000, 0.00000, 0.00000, 1.00000, 0.00000, 40.94058, -5.67199, 0.14000, 1.00000, },
				{ -0.97592, -0.21814, 0.00000, 0.00000, 0.21814, -0.97592, 0.00000, 0.00000, 0.00000, 0.00000, 1.00000, 0.00000, -40.94058, -5.79199, 0.14000, 1.00000, },
			},
			["asset/ground/container_waste2.mdl"] = {
				{ -0.98511, 0.17193, 0.00000, 0.00000, -0.17193, -0.98511, 0.00000, 0.00000, 0.00000, 0.00000, 1.00000, 0.00000, 38.29824, -5.15387, 0.15000, 1.00000, },
				{ -0.98511, -0.17193, 0.00000, 0.00000, 0.17193, -0.98511, 0.00000, 0.00000, 0.00000, 0.00000, 1.00000, 0.00000, -37.89824, -5.15387, 0.15000, 1.00000, },
			},
			["asset/industry/pallet_01.mdl"] = {
				{ 0.99863, -0.05234, 0.00000, 0.00000, 0.05234, 0.99863, 0.00000, 0.00000, 0.00000, 0.00000, 1.00000, 0.00000, 12.94000, -1.76000, 0.15600, 1.00000, },
				{ 0.99863, -0.05234, 0.00000, 0.00000, 0.05234, 0.99863, 0.00000, 0.00000, 0.00000, 0.00000, 1.00000, 0.00000, 14.12000, -1.80500, 0.15600, 1.00000, },
				{ 0.99863, -0.05234, 0.00000, 0.00000, 0.05234, 0.99863, 0.00000, 0.00000, 0.00000, 0.00000, 1.00000, 0.00000, 15.24500, -1.80500, 0.15600, 1.00000, },
				{ -0.99989, -0.01512, 0.00000, 0.00000, 0.01512, -0.99989, 0.00000, 0.00000, 0.00000, 0.00000, 1.00000, 0.00000, 12.94000, -0.25000, 0.15600, 1.00000, },
				{ -0.99773, 0.06739, 0.00000, 0.00000, -0.06739, -0.99773, 0.00000, 0.00000, 0.00000, 0.00000, 1.00000, 0.00000, 12.94000, -0.25000, 0.29600, 1.00000, },
				{ -0.99998, -0.00638, 0.00000, 0.00000, 0.00638, -0.99998, 0.00000, 0.00000, 0.00000, 0.00000, 1.00000, 0.00000, 12.94000, -0.25000, 0.43600, 1.00000, },
				{ -0.99976, 0.02193, 0.00000, 0.00000, -0.02193, -0.99976, 0.00000, 0.00000, 0.00000, 0.00000, 1.00000, 0.00000, 12.94000, -0.25000, 0.57600, 1.00000, },
				{ -0.99769, 0.06789, 0.00000, 0.00000, -0.06789, -0.99769, 0.00000, 0.00000, 0.00000, 0.00000, 1.00000, 0.00000, 12.94000, -0.25000, 0.71600, 1.00000, },
				{ -0.99977, 0.02133, 0.00000, 0.00000, -0.02133, -0.99977, 0.00000, 0.00000, 0.00000, 0.00000, 1.00000, 0.00000, 12.94000, -0.25000, 0.85600, 1.00000, },
				{ -0.02132, -0.99977, 0.00000, 0.00000, 0.43827, -0.00935, -0.89879, 0.00000, 0.89859, -0.01917, 0.43837, 0.00000, 13.59722, -0.25000, 0.68600, 1.00000, },
			},
			["asset/industry/wooden_box_01.mdl"] = {
				{ 1.00000, 0.00000, 0.00000, 0.00000, 0.00000, 1.00000, 0.00000, 0.00000, 0.00000, 0.00000, 1.00000, 0.00000, -57.90000, 33.01000, -0.00000, 1.00000, },
				{ 0.99488, -0.10106, 0.00000, 0.00000, 0.10106, 0.99488, 0.00000, 0.00000, 0.00000, 0.00000, 1.00000, 0.00000, -57.82095, 33.08383, 0.88613, 1.00000, },
			},
			["asset/industry/wooden_box_02.mdl"] = {
				{ -0.99912, 0.04188, -0.00000, 0.00000, -0.04188, -0.99912, 0.00000, 0.00000, -0.00000, 0.00000, 1.00000, 0.00000, 12.94000, -1.76000, 0.29600, 1.00000, },
				{ -0.99912, 0.04188, -0.00000, 0.00000, -0.04188, -0.99912, 0.00000, 0.00000, -0.00000, 0.00000, 1.00000, 0.00000, 14.12000, -1.80500, 0.29600, 1.00000, },
				{ -0.99912, 0.04188, -0.00000, 0.00000, -0.04188, -0.99912, 0.00000, 0.00000, -0.00000, 0.00000, 1.00000, 0.00000, 15.24500, -1.80500, 0.29600, 1.00000, },
			},
			["station/air/asset/cart_baggage_b.mdl"] = {
				{ 1.00000, 0.00000, 0.00000, 0.00000, 0.00000, 1.00000, 0.00000, 0.00000, 0.00000, 0.00000, 1.00000, 0.00000, 14.60000, 2.89000, 0.00000, 1.00000, },
				{ 0.99881, 0.04885, 0.00000, 0.00000, -0.04885, 0.99881, 0.00000, 0.00000, 0.00000, 0.00000, 1.00000, 0.00000, 14.60000, 5.21000, 0.00000, 1.00000, },
				{ 0.99075, -0.13572, 0.00000, 0.00000, 0.13572, 0.99075, 0.00000, 0.00000, 0.00000, 0.00000, 1.00000, 0.00000, 14.60000, 7.37000, 0.00000, 1.00000, },
			},
			["station/air/asset/cart_cargo_b.mdl"] = {
				{ 0.99731, -0.07324, 0.00000, 0.00000, 0.07324, 0.99731, 0.00000, 0.00000, 0.00000, 0.00000, 1.00000, 0.00000, -56.19000, 24.10000, 0.00000, 1.00000, },
				{ 0.99844, 0.05582, 0.00000, 0.00000, -0.05582, 0.99844, 0.00000, 0.00000, 0.00000, 0.00000, 1.00000, 0.00000, -56.19000, 27.45000, 0.00000, 1.00000, },
				{ 1.00000, 0.00000, 0.00000, 0.00000, 0.00000, 1.00000, 0.00000, 0.00000, 0.00000, 0.00000, 1.00000, 0.00000, 8.28000, 13.65000, 0.00000, 1.00000, },
			},
			["station/air/asset/ladder_low_a.mdl"] = {
				{ 0.95832, 0.28569, 0.00000, 0.00000, -0.28569, 0.95832, 0.00000, 0.00000, 0.00000, 0.00000, 1.00000, 0.00000, -55.64001, -8.85094, 0.13000, 1.00000, },
			},
			["station/air/asset/luggage_01_b.mdl"] = {
				{ 0.43209, 0.90183, 0.00000, 0.00000, -0.90183, 0.43209, 0.00000, 0.00000, 0.00000, 0.00000, 1.00000, 0.00000, 26.74801, -29.01000, 0.14600, 1.00000, },
			},
			["station/air/asset/luggage_02_b.mdl"] = {
				{ 0.31233, 0.94997, 0.00000, 0.00000, -0.94997, 0.31233, 0.00000, 0.00000, 0.00000, 0.00000, 1.00000, 0.00000, 26.88000, -28.56000, 0.14600, 1.00000, },
			},
			["station/air/asset/luggage_03_b.mdl"] = {
				{ 0.85536, 0.51803, 0.00000, 0.00000, -0.51803, 0.85536, 0.00000, 0.00000, 0.00000, 0.00000, 1.00000, 0.00000, -28.03999, -29.29000, 0.14600, 1.00000, },
			},
			["station/air/asset/pylon_b.mdl"] = {
				{ 0.92298, -0.38484, 0.00000, 0.00000, 0.38484, 0.92298, 0.00000, 0.00000, 0.00000, 0.00000, 1.00000, 0.00000, -30.88800, -4.23000, 0.15500, 1.00000, },
				{ 0.39864, -0.91711, 0.00000, 0.00000, 0.91711, 0.39864, 0.00000, 0.00000, 0.00000, 0.00000, 1.00000, 0.00000, -30.88800, -4.23000, 0.22000, 1.00000, },
				{ 0.46366, -0.88601, 0.00000, 0.00000, 0.88601, 0.46366, 0.00000, 0.00000, 0.00000, 0.00000, 1.00000, 0.00000, -30.88800, -4.23000, 0.28500, 1.00000, },
				{ 0.36570, -0.93073, 0.00000, 0.00000, 0.93073, 0.36570, 0.00000, 0.00000, 0.00000, 0.00000, 1.00000, 0.00000, -30.88800, -4.23000, 0.38000, 1.00000, },
				{ 0.85301, -0.52189, 0.00000, 0.00000, 0.52189, 0.85301, 0.00000, 0.00000, 0.00000, 0.00000, 1.00000, 0.00000, -30.88800, -4.23000, 0.47500, 1.00000, },
				{ -0.14763, -0.98904, 0.00000, 0.00000, 0.98904, -0.14763, 0.00000, 0.00000, 0.00000, 0.00000, 1.00000, 0.00000, -30.88800, -4.23000, 0.55500, 1.00000, },
				{ -0.67954, -0.73364, 0.00000, 0.00000, 0.73364, -0.67954, 0.00000, 0.00000, 0.00000, 0.00000, 1.00000, 0.00000, -30.88800, -4.23000, 0.63500, 1.00000, },
				{ 0.91636, 0.40035, 0.00000, 0.00000, -0.40035, 0.91636, 0.00000, 0.00000, 0.00000, 0.00000, 1.00000, 0.00000, -31.30900, -3.81500, 0.15500, 1.00000, },
				{ 0.91636, 0.40035, 0.00000, 0.00000, -0.40035, 0.91636, 0.00000, 0.00000, 0.00000, 0.00000, 1.00000, 0.00000, -30.88800, -2.56699, 0.15500, 1.00000, },
				{ 0.91636, 0.40035, 0.00000, 0.00000, -0.40035, 0.91636, 0.00000, 0.00000, 0.00000, 0.00000, 1.00000, 0.00000, -30.88800, -3.14100, 0.15500, 1.00000, },
				{ 0.97958, 0.20108, 0.00000, 0.00000, -0.20108, 0.97958, 0.00000, 0.00000, 0.00000, 0.00000, 1.00000, 0.00000, -32.45999, -4.42500, 0.15500, 1.00000, },
				{ 0.91636, -0.40035, 0.00000, 0.00000, 0.40035, 0.91636, 0.00000, 0.00000, 0.00000, 0.00000, 1.00000, 0.00000, -33.03999, -4.62500, 0.15500, 1.00000, },
				{ 0.84805, 0.52992, 0.00000, 0.00000, -0.52992, 0.84805, 0.00000, 0.00000, 0.00000, 0.00000, 1.00000, 0.00000, -32.85999, -3.83100, 0.15500, 1.00000, },
				{ 0.91636, 0.40035, 0.00000, 0.00000, -0.40035, 0.91636, 0.00000, 0.00000, 0.00000, 0.00000, 1.00000, 0.00000, -32.22900, -3.52100, 0.15500, 1.00000, },
				{ 0.91636, 0.40035, 0.00000, 0.00000, -0.40035, 0.91636, 0.00000, 0.00000, 0.00000, 0.00000, 1.00000, 0.00000, -33.48000, -3.50699, 0.15500, 1.00000, },
				{ 0.98294, -0.18395, 0.00000, 0.00000, 0.18395, 0.98294, 0.00000, 0.00000, 0.00000, 0.00000, 1.00000, 0.00000, -31.69900, -3.18699, 0.15500, 1.00000, },
				{ 0.91636, 0.40035, 0.00000, 0.00000, -0.40035, 0.91636, 0.00000, 0.00000, 0.00000, 0.00000, 1.00000, 0.00000, -31.40900, -1.99299, 0.15500, 1.00000, },
				{ -0.99952, -0.03099, -0.00000, 0.00000, 0.03099, -0.99952, 0.00000, 0.00000, -0.00000, 0.00000, 1.00000, 0.00000, -29.73900, 2.14701, 0.01500, 1.00000, },
				{ -0.99846, -0.05540, -0.00000, 0.00000, 0.05540, -0.99846, 0.00000, 0.00000, -0.00000, 0.00000, 1.00000, 0.00000, -22.35900, 3.22701, 0.01500, 1.00000, },
			},
			["station/air/asset/spotlight_new.mdl"] = {
				{ 1.00000, 0.00000, 0.00000, 0.00000, 0.00000, 1.00000, 0.00000, 0.00000, 0.00000, 0.00000, 1.00000, 0.00000, -57.00000, 52.00000, 0.00000, 1.00000, },
				{ 1.00000, 0.00000, 0.00000, 0.00000, 0.00000, 1.00000, 0.00000, 0.00000, 0.00000, 0.00000, 1.00000, 0.00000, 57.00000, 14.00000, 0.00000, 1.00000, },
				{ 1.00000, 0.00000, 0.00000, 0.00000, 0.00000, 1.00000, 0.00000, 0.00000, 0.00000, 0.00000, 1.00000, 0.00000, 57.00000, 52.00000, 0.00000, 1.00000, },
				{ 1.00000, 0.00000, 0.00000, 0.00000, 0.00000, 1.00000, 0.00000, 0.00000, 0.00000, 0.00000, 1.00000, 0.00000, 0.00000, 52.00000, 0.00000, 1.00000, },
				{ 1.00000, 0.00000, 0.00000, 0.00000, 0.00000, 1.00000, 0.00000, 0.00000, 0.00000, 0.00000, 1.00000, 0.00000, -57.00000, 14.00000, 0.00000, 1.00000, },
			},
			["station/air/asset/stairs_high_a.mdl"] = {
				{ 0.98420, -0.17708, 0.00000, 0.00000, 0.17708, 0.98420, 0.00000, 0.00000, 0.00000, 0.00000, 1.00000, 0.00000, -54.92001, 29.57000, 0.00000, 1.00000, },
				{ 0.99961, 0.02792, 0.00000, 0.00000, -0.02792, 0.99961, 0.00000, 0.00000, 0.00000, 0.00000, 1.00000, 0.00000, -54.32001, 31.33000, 0.00000, 1.00000, },
			},
			["station/air/asset/stairs_low_a.mdl"] = {
				{ 0.99803, -0.06279, 0.00000, 0.00000, 0.06279, 0.99803, 0.00000, 0.00000, 0.00000, 0.00000, 1.00000, 0.00000, -55.18000, 33.03000, 0.00000, 1.00000, },
			},
			["station/air/asset/tug_clark_ck30_b.mdl"] = {
				{ 0.19423, 0.98096, 0.00000, 0.00000, -0.98096, 0.19423, 0.00000, 0.00000, 0.00000, 0.00000, 1.00000, 0.00000, 48.21000, -4.20000, 0.00000, 1.00000, },
				{ 0.00000, -1.00000, 0.00000, 0.00000, 1.00000, 0.00000, -0.00000, 0.00000, 0.00000, 0.00000, 1.00000, 0.00000, -15.48000, 22.70000, 0.00000, 1.00000, },
				{ -0.43837, 0.89879, -0.00000, 0.00000, -0.89879, -0.43837, 0.00000, 0.00000, -0.00000, 0.00000, 1.00000, 0.00000, -26.20000, 4.00000, 0.00000, 1.00000, },
			},
			["station/air/asset/tug_clarktor_a.mdl"] = {
				{ 0.05931, -0.99824, 0.00000, 0.00000, 0.99824, 0.05931, 0.00000, 0.00000, 0.00000, 0.00000, 1.00000, 0.00000, -11.32000, 22.75000, 0.00000, 1.00000, },
			},
			["station/air/asset/windsock.mdl"] = {
				{ 1.00000, 0.00000, 0.00000, 0.00000, 0.00000, 1.00000, 0.00000, 0.00000, 0.00000, 0.00000, 1.00000, 0.00000, 52.85000, 52.00000, 0.00000, 1.00000, },
			},
			["street/street_asset_mix/trash_standing_a.mdl"] = {
				{ 1.00000, 0.00000, 0.00000, 0.00000, 0.00000, 1.00000, 0.00000, 0.00000, 0.00000, 0.00000, 1.00000, 0.00000, -20.68000, -0.12500, 0.13500, 1.00000, },
				{ 1.00000, 0.00000, 0.00000, 0.00000, 0.00000, 1.00000, 0.00000, 0.00000, 0.00000, 0.00000, 1.00000, 0.00000, -51.93000, -5.63500, 0.13500, 1.00000, },
				{ 1.00000, 0.00000, 0.00000, 0.00000, 0.00000, 1.00000, 0.00000, 0.00000, 0.00000, 0.00000, 1.00000, 0.00000, 20.52000, -0.16500, 0.13500, 1.00000, },
				{ 1.00000, 0.00000, 0.00000, 0.00000, 0.00000, 1.00000, 0.00000, 0.00000, 0.00000, 0.00000, 1.00000, 0.00000, 51.93000, -5.63500, 0.13500, 1.00000, },
				{ 1.00000, 0.00000, 0.00000, 0.00000, 0.00000, 1.00000, 0.00000, 0.00000, 0.00000, 0.00000, 1.00000, 0.00000, 34.99500, -27.97000, 0.14500, 1.00000, },
				{ 1.00000, 0.00000, 0.00000, 0.00000, 0.00000, 1.00000, 0.00000, 0.00000, 0.00000, 0.00000, 1.00000, 0.00000, 9.53000, -24.72500, 0.14500, 1.00000, },
				{ 1.00000, 0.00000, 0.00000, 0.00000, 0.00000, 1.00000, 0.00000, 0.00000, 0.00000, 0.00000, 1.00000, 0.00000, -9.54000, -24.73500, 0.14500, 1.00000, },
				{ 1.00000, 0.00000, 0.00000, 0.00000, 0.00000, 1.00000, 0.00000, 0.00000, 0.00000, 0.00000, 1.00000, 0.00000, -35.00999, -27.96500, 0.14500, 1.00000, },
			},
		},
	},
	["era_b_main_building_assets_b"] = {
		models = {
			["asset/ground/container_waste1.mdl"] = {
				{ -0.97592, 0.21814, 0.00000, 0.00000, -0.21814, -0.97592, 0.00000, 0.00000, 0.00000, 0.00000, 1.00000, 0.00000, 40.94058, -5.67199, 0.14000, 1.00000, },
				{ -0.97592, -0.21814, 0.00000, 0.00000, 0.21814, -0.97592, 0.00000, 0.00000, 0.00000, 0.00000, 1.00000, 0.00000, -40.94058, -5.79199, 0.14000, 1.00000, },
			},
			["asset/ground/container_waste2.mdl"] = {
				{ -0.98511, 0.17193, 0.00000, 0.00000, -0.17193, -0.98511, 0.00000, 0.00000, 0.00000, 0.00000, 1.00000, 0.00000, 38.29824, -5.15387, 0.15000, 1.00000, },
				{ -0.98511, -0.17193, 0.00000, 0.00000, 0.17193, -0.98511, 0.00000, 0.00000, 0.00000, 0.00000, 1.00000, 0.00000, -37.89824, -5.15387, 0.15000, 1.00000, },
			},
			["asset/industry/pallet_01.mdl"] = {
				{ 0.98096, -0.19423, 0.00000, 0.00000, 0.19423, 0.98096, 0.00000, 0.00000, 0.00000, 0.00000, 1.00000, 0.00000, 32.30616, -4.04462, 0.15600, 1.00000, },
				{ 0.98096, -0.19423, 0.00000, 0.00000, 0.19423, 0.98096, 0.00000, 0.00000, 0.00000, 0.00000, 1.00000, 0.00000, 33.46767, -4.25746, 0.15600, 1.00000, },
				{ 0.98096, -0.19423, 0.00000, 0.00000, 0.19423, 0.98096, 0.00000, 0.00000, 0.00000, 0.00000, 1.00000, 0.00000, 34.58117, -4.41792, 0.15600, 1.00000, },
				{ 0.04652, -0.99892, 0.00000, 0.00000, 0.99892, 0.04652, 0.00000, 0.00000, 0.00000, 0.00000, 1.00000, 0.00000, 30.94000, -3.79500, 0.15600, 1.00000, },
				{ -0.03602, -0.99935, -0.00000, 0.00000, 0.99935, -0.03602, -0.00000, 0.00000, 0.00000, -0.00000, 1.00000, 0.00000, 30.94000, -3.79500, 0.29600, 1.00000, },
				{ 0.03779, -0.99929, -0.00000, 0.00000, 0.99929, 0.03779, -0.00000, 0.00000, 0.00000, -0.00000, 1.00000, 0.00000, 30.94000, -3.79500, 0.43600, 1.00000, },
				{ 0.00949, -0.99995, -0.00000, 0.00000, 0.99995, 0.00949, -0.00000, 0.00000, 0.00000, -0.00000, 1.00000, 0.00000, 30.94000, -3.79500, 0.57600, 1.00000, },
				{ -0.03652, -0.99933, -0.00000, 0.00000, 0.99933, -0.03652, -0.00000, 0.00000, 0.00000, -0.00000, 1.00000, 0.00000, 30.94000, -3.79500, 0.71600, 1.00000, },
				{ 0.01009, -0.99995, -0.00000, 0.00000, 0.99995, 0.01009, -0.00000, 0.00000, 0.00000, -0.00000, 1.00000, 0.00000, 30.94000, -3.79500, 0.85600, 1.00000, },
				{ 0.99995, 0.01009, 0.00000, 0.00000, -0.00442, 0.43835, -0.89879, 0.00000, -0.00907, 0.89875, 0.43837, 0.00000, 30.91936, -3.13811, 0.68600, 1.00000, },
			},
			["asset/industry/wooden_box_02.mdl"] = {
				{ -0.98294, 0.18395, -0.00000, 0.00000, -0.18395, -0.98294, 0.00000, 0.00000, -0.00000, 0.00000, 1.00000, 0.00000, 32.30616, -4.04462, 0.29600, 1.00000, },
				{ -0.98294, 0.18395, -0.00000, 0.00000, -0.18395, -0.98294, 0.00000, 0.00000, -0.00000, 0.00000, 1.00000, 0.00000, 33.46767, -4.25746, 0.29600, 1.00000, },
				{ -0.98294, 0.18395, -0.00000, 0.00000, -0.18395, -0.98294, 0.00000, 0.00000, -0.00000, 0.00000, 1.00000, 0.00000, 34.58117, -4.41792, 0.29600, 1.00000, },
			},
			["station/air/asset/cart_baggage_b.mdl"] = {
				{ 1.00000, 0.00000, 0.00000, 0.00000, 0.00000, 1.00000, 0.00000, 0.00000, 0.00000, 0.00000, 1.00000, 0.00000, 13.60000, 2.89000, 0.00000, 1.00000, },
				{ 0.99881, 0.04885, 0.00000, 0.00000, -0.04885, 0.99881, 0.00000, 0.00000, 0.00000, 0.00000, 1.00000, 0.00000, 13.60000, 5.21000, 0.00000, 1.00000, },
				{ 0.99897, -0.04536, 0.00000, 0.00000, 0.04536, 0.99897, 0.00000, 0.00000, 0.00000, 0.00000, 1.00000, 0.00000, 13.60000, 7.45000, 0.00000, 1.00000, },
				{ 0.99999, -0.00349, 0.00000, 0.00000, 0.00349, 0.99999, 0.00000, 0.00000, 0.00000, 0.00000, 1.00000, 0.00000, 13.60000, 9.67000, 0.00000, 1.00000, },
			},
			["station/air/asset/cart_cargo_b.mdl"] = {
				{ -0.99803, -0.06279, 0.00000, 0.00000, 0.06279, -0.99803, 0.00000, 0.00000, 0.00000, 0.00000, 1.00000, 0.00000, 56.46000, 22.70000, 0.00000, 1.00000, },
				{ -0.98876, 0.14954, 0.00000, 0.00000, -0.14954, -0.98876, 0.00000, 0.00000, 0.00000, 0.00000, 1.00000, 0.00000, 56.46000, 25.90000, 0.00000, 1.00000, },
				{ -0.99780, 0.06627, 0.00000, 0.00000, -0.06627, -0.99780, 0.00000, 0.00000, 0.00000, 0.00000, 1.00000, 0.00000, 56.46000, 28.80000, 0.00000, 1.00000, },
				{ -0.16160, -0.98686, 0.00000, 0.00000, 0.98686, -0.16160, 0.00000, 0.00000, 0.00000, 0.00000, 1.00000, 0.00000, -55.79000, 2.50000, 0.00000, 1.00000, },
				{ 0.09063, -0.99588, 0.00000, 0.00000, 0.99588, 0.09063, 0.00000, 0.00000, 0.00000, 0.00000, 1.00000, 0.00000, -55.02000, 8.00000, 0.00000, 1.00000, },
			},
			["station/air/asset/ladder_low_a.mdl"] = {
				{ 0.95832, 0.28569, 0.00000, 0.00000, -0.28569, 0.95832, 0.00000, 0.00000, 0.00000, 0.00000, 1.00000, 0.00000, -55.64001, -8.85094, 0.13000, 1.00000, },
			},
			["station/air/asset/luggage_01_b.mdl"] = {
				{ 0.36959, 0.77140, 0.51803, 0.00000, -0.90183, 0.43209, 0.00000, 0.00000, -0.22383, -0.46717, 0.85536, 0.00000, 14.44834, -28.04407, 0.19391, 1.00000, },
			},
			["station/air/asset/luggage_02_b.mdl"] = {
				{ 0.39394, 0.91914, 0.00000, 0.00000, -0.91914, 0.39394, 0.00000, 0.00000, 0.00000, 0.00000, 1.00000, 0.00000, 14.28632, -28.45876, 0.14600, 1.00000, },
			},
			["station/air/asset/luggage_03_b.mdl"] = {
				{ 0.85536, 0.51803, 0.00000, 0.00000, -0.51803, 0.85536, 0.00000, 0.00000, 0.00000, 0.00000, 1.00000, 0.00000, -13.82999, -27.70500, 0.14600, 1.00000, },
			},
			["station/air/asset/pylon_b.mdl"] = {
				{ -0.01359, 0.99991, 0.00000, 0.00000, -0.99991, -0.01359, 0.00000, 0.00000, 0.00000, 0.00000, 1.00000, 0.00000, -53.13099, 9.95701, 0.01500, 1.00000, },
				{ -0.01359, 0.99991, 0.00000, 0.00000, -0.99991, -0.01359, 0.00000, 0.00000, 0.00000, 0.00000, 1.00000, 0.00000, -57.88099, 5.95701, 0.01500, 1.00000, },
				{ -0.01359, 0.99991, 0.00000, 0.00000, -0.99991, -0.01359, 0.00000, 0.00000, 0.00000, 0.00000, 1.00000, 0.00000, -57.83099, 9.85701, 0.01500, 1.00000, },
				{ -0.08873, -0.99606, 0.00000, 0.00000, 0.99606, -0.08873, 0.00000, 0.00000, 0.00000, 0.00000, 1.00000, 0.00000, -53.05099, 6.37701, 0.01500, 1.00000, },
				{ -0.08873, -0.99606, 0.00000, 0.00000, 0.99606, -0.08873, 0.00000, 0.00000, 0.00000, 0.00000, 1.00000, 0.00000, -57.80099, 2.37701, 0.01500, 1.00000, },
				{ -0.99846, 0.05540, 0.00000, 0.00000, -0.05540, -0.99846, 0.00000, 0.00000, 0.00000, 0.00000, 1.00000, 0.00000, -52.99099, 2.97701, 0.01500, 1.00000, },
				{ -0.99846, 0.05540, 0.00000, 0.00000, -0.05540, -0.99846, 0.00000, 0.00000, 0.00000, 0.00000, 1.00000, 0.00000, -57.74099, -1.02299, 0.01500, 1.00000, },
				{ -0.99653, 0.08326, 0.00000, 0.00000, -0.08326, -0.99653, 0.00000, 0.00000, 0.00000, 0.00000, 1.00000, 0.00000, 50.79502, -2.59205, 0.01500, 1.00000, },
				{ -0.99420, 0.10758, 0.00000, 0.00000, -0.10758, -0.99420, 0.00000, 0.00000, 0.00000, 0.00000, 1.00000, 0.00000, 44.86166, -0.90729, 0.01500, 1.00000, },
				{ 0.92298, -0.38484, 0.00000, 0.00000, 0.38484, 0.92298, 0.00000, 0.00000, 0.00000, 0.00000, 1.00000, 0.00000, -30.88800, -4.23000, 0.15500, 1.00000, },
				{ 0.39864, -0.91711, 0.00000, 0.00000, 0.91711, 0.39864, 0.00000, 0.00000, 0.00000, 0.00000, 1.00000, 0.00000, -30.88800, -4.23000, 0.22000, 1.00000, },
				{ 0.46366, -0.88601, 0.00000, 0.00000, 0.88601, 0.46366, 0.00000, 0.00000, 0.00000, 0.00000, 1.00000, 0.00000, -30.88800, -4.23000, 0.28500, 1.00000, },
				{ 0.36570, -0.93073, 0.00000, 0.00000, 0.93073, 0.36570, 0.00000, 0.00000, 0.00000, 0.00000, 1.00000, 0.00000, -30.88800, -4.23000, 0.38000, 1.00000, },
				{ 0.85301, -0.52189, 0.00000, 0.00000, 0.52189, 0.85301, 0.00000, 0.00000, 0.00000, 0.00000, 1.00000, 0.00000, -30.88800, -4.23000, 0.47500, 1.00000, },
				{ -0.14763, -0.98904, 0.00000, 0.00000, 0.98904, -0.14763, 0.00000, 0.00000, 0.00000, 0.00000, 1.00000, 0.00000, -30.88800, -4.23000, 0.55500, 1.00000, },
				{ -0.67954, -0.73364, 0.00000, 0.00000, 0.73364, -0.67954, 0.00000, 0.00000, 0.00000, 0.00000, 1.00000, 0.00000, -30.88800, -4.23000, 0.63500, 1.00000, },
				{ 0.91636, 0.40035, 0.00000, 0.00000, -0.40035, 0.91636, 0.00000, 0.00000, 0.00000, 0.00000, 1.00000, 0.00000, -31.30900, -3.81500, 0.15500, 1.00000, },
				{ 0.91636, 0.40035, 0.00000, 0.00000, -0.40035, 0.91636, 0.00000, 0.00000, 0.00000, 0.00000, 1.00000, 0.00000, -30.88800, -2.56699, 0.15500, 1.00000, },
				{ 0.91636, 0.40035, 0.00000, 0.00000, -0.40035, 0.91636, 0.00000, 0.00000, 0.00000, 0.00000, 1.00000, 0.00000, -30.88800, -3.14100, 0.15500, 1.00000, },
				{ 0.97958, 0.20108, 0.00000, 0.00000, -0.20108, 0.97958, 0.00000, 0.00000, 0.00000, 0.00000, 1.00000, 0.00000, -32.45999, -4.42500, 0.15500, 1.00000, },
				{ 0.91636, -0.40035, 0.00000, 0.00000, 0.40035, 0.91636, 0.00000, 0.00000, 0.00000, 0.00000, 1.00000, 0.00000, -33.03999, -4.62500, 0.15500, 1.00000, },
				{ 0.84805, 0.52992, 0.00000, 0.00000, -0.52992, 0.84805, 0.00000, 0.00000, 0.00000, 0.00000, 1.00000, 0.00000, -32.85999, -3.83100, 0.15500, 1.00000, },
				{ 0.91636, 0.40035, 0.00000, 0.00000, -0.40035, 0.91636, 0.00000, 0.00000, 0.00000, 0.00000, 1.00000, 0.00000, -32.22900, -3.52100, 0.15500, 1.00000, },
				{ 0.91636, 0.40035, 0.00000, 0.00000, -0.40035, 0.91636, 0.00000, 0.00000, 0.00000, 0.00000, 1.00000, 0.00000, -33.48000, -3.50699, 0.15500, 1.00000, },
				{ 0.98294, -0.18395, 0.00000, 0.00000, 0.18395, 0.98294, 0.00000, 0.00000, 0.00000, 0.00000, 1.00000, 0.00000, -31.69900, -3.18699, 0.15500, 1.00000, },
				{ 0.91636, 0.40035, 0.00000, 0.00000, -0.40035, 0.91636, 0.00000, 0.00000, 0.00000, 0.00000, 1.00000, 0.00000, -31.40900, -1.99299, 0.15500, 1.00000, },
				{ 0.97958, 0.20108, 0.00000, 0.00000, -0.20108, 0.97958, 0.00000, 0.00000, 0.00000, 0.00000, 1.00000, 0.00000, -30.08499, -4.12000, 0.15500, 1.00000, },
				{ 0.97958, 0.20108, 0.00000, 0.00000, -0.20108, 0.97958, 0.00000, 0.00000, 0.00000, 0.00000, 1.00000, 0.00000, -30.08499, -4.12000, 0.18000, 1.00000, },
				{ 0.87798, 0.47869, 0.00000, 0.00000, -0.47869, 0.87798, 0.00000, 0.00000, 0.00000, 0.00000, 1.00000, 0.00000, -30.08499, -4.12000, 0.20200, 1.00000, },
				{ 0.67172, 0.74080, 0.00000, 0.00000, -0.74080, 0.67172, 0.00000, 0.00000, 0.00000, 0.00000, 1.00000, 0.00000, -30.08499, -4.12000, 0.23000, 1.00000, },
				{ -0.99846, 0.05540, 0.00000, 0.00000, -0.05540, -0.99846, 0.00000, 0.00000, 0.00000, 0.00000, 1.00000, 0.00000, 22.35901, 3.22701, 0.01500, 1.00000, },
				{ -0.99952, 0.03099, 0.00000, 0.00000, -0.03099, -0.99952, 0.00000, 0.00000, 0.00000, 0.00000, 1.00000, 0.00000, 29.73901, 2.14701, 0.01500, 1.00000, },
			},
			["station/air/asset/spotlight_new.mdl"] = {
				{ 1.00000, 0.00000, 0.00000, 0.00000, 0.00000, 1.00000, 0.00000, 0.00000, 0.00000, 0.00000, 1.00000, 0.00000, -57.00000, 52.00000, 0.00000, 1.00000, },
				{ 1.00000, 0.00000, 0.00000, 0.00000, 0.00000, 1.00000, 0.00000, 0.00000, 0.00000, 0.00000, 1.00000, 0.00000, 57.00000, 14.00000, 0.00000, 1.00000, },
				{ 1.00000, 0.00000, 0.00000, 0.00000, 0.00000, 1.00000, 0.00000, 0.00000, 0.00000, 0.00000, 1.00000, 0.00000, 57.00000, 52.00000, 0.00000, 1.00000, },
				{ 1.00000, 0.00000, 0.00000, 0.00000, 0.00000, 1.00000, 0.00000, 0.00000, 0.00000, 0.00000, 1.00000, 0.00000, 0.00000, 52.00000, 0.00000, 1.00000, },
				{ 1.00000, 0.00000, 0.00000, 0.00000, 0.00000, 1.00000, 0.00000, 0.00000, 0.00000, 0.00000, 1.00000, 0.00000, -57.00000, 14.00000, 0.00000, 1.00000, },
			},
			["station/air/asset/stairs_high_a.mdl"] = {
				{ -0.18738, -0.98229, 0.00000, 0.00000, 0.98229, -0.18738, 0.00000, 0.00000, 0.00000, 0.00000, 1.00000, 0.00000, 53.87131, -4.77142, 0.00000, 1.00000, },
				{ -0.34202, -0.93969, 0.00000, 0.00000, 0.93969, -0.34202, 0.00000, 0.00000, 0.00000, 0.00000, 1.00000, 0.00000, 55.50868, -5.22858, 0.00000, 1.00000, },
			},
			["station/air/asset/stairs_low_a.mdl"] = {
				{ 0.99122, -0.13226, 0.00000, 0.00000, 0.13226, 0.99122, 0.00000, 0.00000, 0.00000, 0.00000, 1.00000, 0.00000, -12.83001, 2.55000, 0.00000, 1.00000, },
			},
			["station/air/asset/tug_clark_ck30_b.mdl"] = {
				{ -0.05931, -0.99824, 0.00000, 0.00000, 0.99824, -0.05931, 0.00000, 0.00000, 0.00000, 0.00000, 1.00000, 0.00000, 17.77000, 22.94000, 0.00000, 1.00000, },
				{ 0.00000, -1.00000, 0.00000, 0.00000, 1.00000, 0.00000, 0.00000, 0.00000, 0.00000, 0.00000, 1.00000, 0.00000, 11.24000, 23.15000, 0.00000, 1.00000, },
				{ 0.03490, -0.99939, -0.00000, 0.00000, 0.99939, 0.03490, -0.00000, 0.00000, 0.00000, -0.00000, 1.00000, 0.00000, -13.46000, 22.68000, 0.00000, 1.00000, },
			},
			["station/air/asset/tug_clarktor_a.mdl"] = {
				{ -0.95732, -0.28903, 0.00000, 0.00000, 0.28903, -0.95732, 0.00000, 0.00000, 0.00000, 0.00000, 1.00000, 0.00000, -55.28000, -4.57000, 0.00000, 1.00000, },
			},
			["station/air/asset/windsock.mdl"] = {
				{ 1.00000, 0.00000, 0.00000, 0.00000, 0.00000, 1.00000, 0.00000, 0.00000, 0.00000, 0.00000, 1.00000, 0.00000, 52.85000, 52.00000, 0.00000, 1.00000, },
			},
			["street/street_asset_mix/trash_standing_a.mdl"] = {
				{ 1.00000, 0.00000, 0.00000, 0.00000, 0.00000, 1.00000, 0.00000, 0.00000, 0.00000, 0.00000, 1.00000, 0.00000, -20.68000, -0.12500, 0.13500, 1.00000, },
				{ 1.00000, 0.00000, 0.00000, 0.00000, 0.00000, 1.00000, 0.00000, 0.00000, 0.00000, 0.00000, 1.00000, 0.00000, -51.93000, -5.63500, 0.13500, 1.00000, },
				{ 1.00000, 0.00000, 0.00000, 0.00000, 0.00000, 1.00000, 0.00000, 0.00000, 0.00000, 0.00000, 1.00000, 0.00000, 20.52000, -0.16500, 0.13500, 1.00000, },
				{ 1.00000, 0.00000, 0.00000, 0.00000, 0.00000, 1.00000, 0.00000, 0.00000, 0.00000, 0.00000, 1.00000, 0.00000, 51.93000, -5.63500, 0.13500, 1.00000, },
				{ 1.00000, 0.00000, 0.00000, 0.00000, 0.00000, 1.00000, 0.00000, 0.00000, 0.00000, 0.00000, 1.00000, 0.00000, 34.99500, -27.97000, 0.14500, 1.00000, },
				{ 1.00000, 0.00000, 0.00000, 0.00000, 0.00000, 1.00000, 0.00000, 0.00000, 0.00000, 0.00000, 1.00000, 0.00000, 9.53000, -24.72500, 0.14500, 1.00000, },
				{ 1.00000, 0.00000, 0.00000, 0.00000, 0.00000, 1.00000, 0.00000, 0.00000, 0.00000, 0.00000, 1.00000, 0.00000, -9.54000, -24.73500, 0.14500, 1.00000, },
				{ 1.00000, 0.00000, 0.00000, 0.00000, 0.00000, 1.00000, 0.00000, 0.00000, 0.00000, 0.00000, 1.00000, 0.00000, -35.00999, -27.96500, 0.14500, 1.00000, },
			},
		},
	},
	["era_b_main_building_assets_c"] = {
		models = {
			["asset/ground/container_waste1.mdl"] = {
				{ -0.97592, 0.21814, 0.00000, 0.00000, -0.21814, -0.97592, 0.00000, 0.00000, 0.00000, 0.00000, 1.00000, 0.00000, 40.94058, -5.67199, 0.14000, 1.00000, },
				{ -0.97592, -0.21814, 0.00000, 0.00000, 0.21814, -0.97592, 0.00000, 0.00000, 0.00000, 0.00000, 1.00000, 0.00000, -40.94058, -5.79199, 0.14000, 1.00000, },
			},
			["asset/ground/container_waste2.mdl"] = {
				{ -0.98511, 0.17193, 0.00000, 0.00000, -0.17193, -0.98511, 0.00000, 0.00000, 0.00000, 0.00000, 1.00000, 0.00000, 38.29824, -5.15387, 0.15000, 1.00000, },
				{ -0.98511, -0.17193, 0.00000, 0.00000, 0.17193, -0.98511, 0.00000, 0.00000, 0.00000, 0.00000, 1.00000, 0.00000, -37.89824, -5.15387, 0.15000, 1.00000, },
			},
			["asset/industry/pallet_01.mdl"] = {
				{ 0.96222, -0.27228, 0.00000, 0.00000, 0.27228, 0.96222, 0.00000, 0.00000, 0.00000, 0.00000, 1.00000, 0.00000, 53.11457, -8.38338, 0.15600, 1.00000, },
				{ 0.96222, -0.27228, 0.00000, 0.00000, 0.27228, 0.96222, 0.00000, 0.00000, 0.00000, 0.00000, 1.00000, 0.00000, 54.25527, -8.68869, 0.15600, 1.00000, },
				{ 0.96222, -0.27228, 0.00000, 0.00000, 0.27228, 0.96222, 0.00000, 0.00000, 0.00000, 0.00000, 1.00000, 0.00000, 55.35232, -8.93793, 0.15600, 1.00000, },
				{ -0.03374, -0.99943, -0.00000, 0.00000, 0.99943, -0.03374, -0.00000, 0.00000, -0.00000, -0.00000, 1.00000, 0.00000, 51.77283, -8.02500, 0.15600, 1.00000, },
				{ -0.11605, -0.99324, -0.00000, 0.00000, 0.99324, -0.11605, -0.00000, 0.00000, -0.00000, -0.00000, 1.00000, 0.00000, 51.77283, -8.02500, 0.29600, 1.00000, },
				{ -0.04247, -0.99910, -0.00000, 0.00000, 0.99910, -0.04247, -0.00000, 0.00000, -0.00000, -0.00000, 1.00000, 0.00000, 51.77283, -8.02500, 0.43600, 1.00000, },
				{ -0.07074, -0.99749, -0.00000, 0.00000, 0.99749, -0.07074, -0.00000, 0.00000, -0.00000, -0.00000, 1.00000, 0.00000, 51.77283, -8.02500, 0.57600, 1.00000, },
				{ -0.11655, -0.99318, -0.00000, 0.00000, 0.99318, -0.11655, -0.00000, 0.00000, -0.00000, -0.00000, 1.00000, 0.00000, 51.77283, -8.02500, 0.71600, 1.00000, },
				{ -0.07014, -0.99754, -0.00000, 0.00000, 0.99754, -0.07014, -0.00000, 0.00000, -0.00000, -0.00000, 1.00000, 0.00000, 51.77283, -8.02500, 0.85600, 1.00000, },
				{ 0.99754, -0.07014, -0.00000, 0.00000, 0.03075, 0.43729, -0.89879, 0.00000, 0.06304, 0.89658, 0.43837, 0.00000, 51.80494, -7.36857, 0.68600, 1.00000, },
			},
			["asset/industry/wooden_box_02.mdl"] = {
				{ -0.96502, 0.26219, -0.00000, 0.00000, -0.26219, -0.96502, 0.00000, 0.00000, -0.00000, 0.00000, 1.00000, 0.00000, 53.11457, -8.38338, 0.29600, 1.00000, },
				{ -0.96502, 0.26219, -0.00000, 0.00000, -0.26219, -0.96502, 0.00000, 0.00000, -0.00000, 0.00000, 1.00000, 0.00000, 54.25527, -8.68869, 0.29600, 1.00000, },
				{ -0.96502, 0.26219, -0.00000, 0.00000, -0.26219, -0.96502, 0.00000, 0.00000, -0.00000, 0.00000, 1.00000, 0.00000, 55.35232, -8.93793, 0.29600, 1.00000, },
			},
			["station/air/asset/cart_baggage_b.mdl"] = {
				{ 0.99881, 0.04885, 0.00000, 0.00000, -0.04885, 0.99881, 0.00000, 0.00000, 0.00000, 0.00000, 1.00000, 0.00000, -14.05000, 5.56000, 0.00000, 1.00000, },
				{ 0.99897, -0.04536, 0.00000, 0.00000, 0.04536, 0.99897, 0.00000, 0.00000, 0.00000, 0.00000, 1.00000, 0.00000, -14.05000, 7.80000, 0.00000, 1.00000, },
				{ 0.99999, -0.00349, 0.00000, 0.00000, 0.00349, 0.99999, 0.00000, 0.00000, 0.00000, 0.00000, 1.00000, 0.00000, -14.05000, 10.02000, 0.00000, 1.00000, },
			},
			["station/air/asset/cart_cargo_b.mdl"] = {
				{ 0.99803, 0.06279, 0.00000, 0.00000, -0.06279, 0.99803, 0.00000, 0.00000, 0.00000, 0.00000, 1.00000, 0.00000, -56.24000, 21.35000, 0.00000, 1.00000, },
				{ 0.99998, -0.00698, 0.00000, 0.00000, 0.00698, 0.99998, 0.00000, 0.00000, 0.00000, 0.00000, 1.00000, 0.00000, -56.24000, 23.75000, 0.00000, 1.00000, },
				{ 0.99619, 0.08716, 0.00000, 0.00000, -0.08716, 0.99619, 0.00000, 0.00000, 0.00000, 0.00000, 1.00000, 0.00000, -56.24000, 26.15000, 0.00000, 1.00000, },
				{ 0.99926, 0.03839, 0.00000, 0.00000, -0.03839, 0.99926, 0.00000, 0.00000, 0.00000, 0.00000, 1.00000, 0.00000, 0.53000, 13.65000, 0.00000, 1.00000, },
			},
			["station/air/asset/ladder_low_a.mdl"] = {
				{ 0.95832, 0.28569, 0.00000, 0.00000, -0.28569, 0.95832, 0.00000, 0.00000, 0.00000, 0.00000, 1.00000, 0.00000, -55.64001, -8.85094, 0.13000, 1.00000, },
			},
			["station/air/asset/luggage_01_b.mdl"] = {
				{ 0.36959, 0.77140, 0.51803, 0.00000, -0.90183, 0.43209, 0.00000, 0.00000, -0.22383, -0.46717, 0.85536, 0.00000, -13.78166, -28.04407, 0.19391, 1.00000, },
			},
			["station/air/asset/luggage_02_b.mdl"] = {
				{ 0.39394, 0.91914, 0.00000, 0.00000, -0.91914, 0.39394, 0.00000, 0.00000, 0.00000, 0.00000, 1.00000, 0.00000, -13.94368, -28.45876, 0.14600, 1.00000, },
			},
			["station/air/asset/luggage_03_b.mdl"] = {
				{ 0.85536, 0.51803, 0.00000, 0.00000, -0.51803, 0.85536, 0.00000, 0.00000, 0.00000, 0.00000, 1.00000, 0.00000, 13.98000, -27.70500, 0.14600, 1.00000, },
			},
			["station/air/asset/pylon_b.mdl"] = {
				{ 0.82081, -0.57120, 0.00000, 0.00000, 0.57120, 0.82081, 0.00000, 0.00000, 0.00000, 0.00000, 1.00000, 0.00000, 19.32544, -2.88133, 0.15500, 1.00000, },
				{ 0.19583, -0.98064, 0.00000, 0.00000, 0.98064, 0.19583, 0.00000, 0.00000, 0.00000, 0.00000, 1.00000, 0.00000, 19.32544, -2.88133, 0.22000, 1.00000, },
				{ 0.26595, -0.96399, 0.00000, 0.00000, 0.96399, 0.26595, 0.00000, 0.00000, 0.00000, 0.00000, 1.00000, 0.00000, 19.32544, -2.88133, 0.28500, 1.00000, },
				{ 0.16076, -0.98699, 0.00000, 0.00000, 0.98699, 0.16076, 0.00000, 0.00000, 0.00000, 0.00000, 1.00000, 0.00000, 19.32544, -2.88133, 0.38000, 1.00000, },
				{ 0.72346, -0.69036, 0.00000, 0.00000, 0.69036, 0.72346, 0.00000, 0.00000, 0.00000, 0.00000, 1.00000, 0.00000, 19.32544, -2.88133, 0.47500, 1.00000, },
				{ -0.35330, -0.93551, 0.00000, 0.00000, 0.93551, -0.35330, 0.00000, 0.00000, 0.00000, 0.00000, 1.00000, 0.00000, 19.32544, -2.88133, 0.55500, 1.00000, },
				{ -0.81923, -0.57346, 0.00000, 0.00000, 0.57346, -0.81923, 0.00000, 0.00000, 0.00000, 0.00000, 1.00000, 0.00000, 19.32544, -2.88133, 0.63500, 1.00000, },
				{ 0.98027, 0.19766, 0.00000, 0.00000, -0.19766, 0.98027, 0.00000, 0.00000, 0.00000, 0.00000, 1.00000, 0.00000, 19.00165, -2.38673, 0.15500, 1.00000, },
				{ 0.98027, 0.19766, 0.00000, 0.00000, -0.19766, 0.98027, 0.00000, 0.00000, 0.00000, 0.00000, 1.00000, 0.00000, 17.69272, -0.82689, 0.15500, 1.00000, },
				{ 0.98027, 0.19766, 0.00000, 0.00000, -0.19766, 0.98027, 0.00000, 0.00000, 0.00000, 0.00000, 1.00000, 0.00000, 18.43076, -2.76053, 0.15500, 1.00000, },
				{ 0.99995, -0.01047, 0.00000, 0.00000, 0.01047, 0.99995, 0.00000, 0.00000, 0.00000, 0.00000, 1.00000, 0.00000, 17.74774, -2.73972, 0.15500, 1.00000, },
				{ 0.81106, -0.58496, 0.00000, 0.00000, 0.58496, 0.81106, 0.00000, 0.00000, 0.00000, 0.00000, 1.00000, 0.00000, 17.13857, -2.81264, 0.15500, 1.00000, },
				{ 0.94088, 0.33874, 0.00000, 0.00000, -0.33874, 0.94088, 0.00000, 0.00000, 0.00000, 0.00000, 1.00000, 0.00000, 17.48230, -2.07460, 0.15500, 1.00000, },
				{ 0.98027, 0.19766, 0.00000, 0.00000, -0.19766, 0.98027, 0.00000, 0.00000, 0.00000, 0.00000, 1.00000, 0.00000, 18.16456, -1.90495, 0.15500, 1.00000, },
				{ 0.98027, 0.19766, 0.00000, 0.00000, -0.19766, 0.98027, 0.00000, 0.00000, 0.00000, 0.00000, 1.00000, 0.00000, 16.94477, -1.62690, 0.15500, 1.00000, },
				{ 0.92186, -0.38752, 0.00000, 0.00000, 0.38752, 0.92186, 0.00000, 0.00000, 0.00000, 0.00000, 1.00000, 0.00000, 18.75317, -1.69049, 0.15500, 1.00000, },
				{ 0.98027, 0.19766, 0.00000, 0.00000, -0.19766, 0.98027, 0.00000, 0.00000, 0.00000, 0.00000, 1.00000, 0.00000, 19.77767, -2.20460, 0.15500, 1.00000, },
				{ 0.99995, -0.01047, 0.00000, 0.00000, 0.01047, 0.99995, 0.00000, 0.00000, 0.00000, 0.00000, 1.00000, 0.00000, 20.13356, -2.94351, 0.15500, 1.00000, },
				{ 0.99995, -0.01047, 0.00000, 0.00000, 0.01047, 0.99995, 0.00000, 0.00000, 0.00000, 0.00000, 1.00000, 0.00000, 20.13356, -2.94351, 0.18000, 1.00000, },
				{ 0.95931, 0.28234, 0.00000, 0.00000, -0.28234, 0.95931, 0.00000, 0.00000, 0.00000, 0.00000, 1.00000, 0.00000, 20.13356, -2.94351, 0.20200, 1.00000, },
				{ 0.81310, 0.58212, 0.00000, 0.00000, -0.58212, 0.81310, 0.00000, 0.00000, 0.00000, 0.00000, 1.00000, 0.00000, 20.13356, -2.94351, 0.23000, 1.00000, },
			},
			["station/air/asset/spotlight_new.mdl"] = {
				{ 1.00000, 0.00000, 0.00000, 0.00000, 0.00000, 1.00000, 0.00000, 0.00000, 0.00000, 0.00000, 1.00000, 0.00000, -57.00000, 52.00000, 0.00000, 1.00000, },
				{ 1.00000, 0.00000, 0.00000, 0.00000, 0.00000, 1.00000, 0.00000, 0.00000, 0.00000, 0.00000, 1.00000, 0.00000, 57.00000, 14.00000, 0.00000, 1.00000, },
				{ 1.00000, 0.00000, 0.00000, 0.00000, 0.00000, 1.00000, 0.00000, 0.00000, 0.00000, 0.00000, 1.00000, 0.00000, 57.00000, 52.00000, 0.00000, 1.00000, },
				{ 1.00000, 0.00000, 0.00000, 0.00000, 0.00000, 1.00000, 0.00000, 0.00000, 0.00000, 0.00000, 1.00000, 0.00000, 0.00000, 52.00000, 0.00000, 1.00000, },
				{ 1.00000, 0.00000, 0.00000, 0.00000, 0.00000, 1.00000, 0.00000, 0.00000, 0.00000, 0.00000, 1.00000, 0.00000, -57.00000, 14.00000, 0.00000, 1.00000, },
			},
			["station/air/asset/stairs_high_a.mdl"] = {
				{ -0.99649, -0.08368, 0.00000, 0.00000, 0.08368, -0.99649, 0.00000, 0.00000, 0.00000, 0.00000, 1.00000, 0.00000, 54.62999, 32.97000, 0.00000, 1.00000, },
				{ -0.99705, 0.07672, 0.00000, 0.00000, -0.07672, -0.99705, 0.00000, 0.00000, 0.00000, 0.00000, 1.00000, 0.00000, 54.62999, 31.27000, 0.00000, 1.00000, },
			},
			["station/air/asset/stairs_low_a.mdl"] = {
				{ 0.99122, -0.13226, 0.00000, 0.00000, 0.13226, 0.99122, 0.00000, 0.00000, 0.00000, 0.00000, 1.00000, 0.00000, -12.83001, 2.55000, 0.00000, 1.00000, },
			},
			["station/air/asset/tug_clark_ck30_b.mdl"] = {
				{ 0.97476, -0.22325, 0.00000, 0.00000, 0.22325, 0.97476, 0.00000, 0.00000, 0.00000, 0.00000, 1.00000, 0.00000, 55.85000, -4.67000, 0.00000, 1.00000, },
				{ 0.00000, -1.00000, 0.00000, 0.00000, 1.00000, 0.00000, 0.00000, 0.00000, 0.00000, 0.00000, 1.00000, 0.00000, -3.81000, 22.90000, 0.00000, 1.00000, },
				{ 0.03490, -0.99939, 0.00000, 0.00000, 0.99939, 0.03490, 0.00000, 0.00000, -0.00000, -0.00000, 1.00000, 0.00000, 15.57000, 22.80000, 0.00000, 1.00000, },
			},
			["station/air/asset/tug_clarktor_a.mdl"] = {
				{ 0.01920, -0.99982, 0.00000, 0.00000, 0.99982, 0.01920, 0.00000, 0.00000, 0.00000, 0.00000, 1.00000, 0.00000, 0.62000, 22.89000, 0.00000, 1.00000, },
				{ -0.05059, -0.99872, 0.00000, 0.00000, 0.99872, -0.05059, 0.00000, 0.00000, 0.00000, 0.00000, 1.00000, 0.00000, 2.77000, 22.69000, 0.00000, 1.00000, },
			},
			["station/air/asset/windsock.mdl"] = {
				{ 1.00000, 0.00000, 0.00000, 0.00000, 0.00000, 1.00000, 0.00000, 0.00000, 0.00000, 0.00000, 1.00000, 0.00000, 52.85000, 52.00000, 0.00000, 1.00000, },
			},
			["street/street_asset_mix/trash_standing_a.mdl"] = {
				{ 1.00000, 0.00000, 0.00000, 0.00000, 0.00000, 1.00000, 0.00000, 0.00000, 0.00000, 0.00000, 1.00000, 0.00000, -20.68000, -0.12500, 0.13500, 1.00000, },
				{ 1.00000, 0.00000, 0.00000, 0.00000, 0.00000, 1.00000, 0.00000, 0.00000, 0.00000, 0.00000, 1.00000, 0.00000, -51.93000, -5.63500, 0.13500, 1.00000, },
				{ 1.00000, 0.00000, 0.00000, 0.00000, 0.00000, 1.00000, 0.00000, 0.00000, 0.00000, 0.00000, 1.00000, 0.00000, 20.52000, -0.16500, 0.13500, 1.00000, },
				{ 1.00000, 0.00000, 0.00000, 0.00000, 0.00000, 1.00000, 0.00000, 0.00000, 0.00000, 0.00000, 1.00000, 0.00000, 51.93000, -5.63500, 0.13500, 1.00000, },
				{ 1.00000, 0.00000, 0.00000, 0.00000, 0.00000, 1.00000, 0.00000, 0.00000, 0.00000, 0.00000, 1.00000, 0.00000, 34.99500, -27.97000, 0.14500, 1.00000, },
				{ 1.00000, 0.00000, 0.00000, 0.00000, 0.00000, 1.00000, 0.00000, 0.00000, 0.00000, 0.00000, 1.00000, 0.00000, 9.53000, -24.72500, 0.14500, 1.00000, },
				{ 1.00000, 0.00000, 0.00000, 0.00000, 0.00000, 1.00000, 0.00000, 0.00000, 0.00000, 0.00000, 1.00000, 0.00000, -9.54000, -24.73500, 0.14500, 1.00000, },
				{ 1.00000, 0.00000, 0.00000, 0.00000, 0.00000, 1.00000, 0.00000, 0.00000, 0.00000, 0.00000, 1.00000, 0.00000, -35.00999, -27.96500, 0.14500, 1.00000, },
			},
		},
	},
	["era_b_main_building_trees"] = {
		groups = {
			["random_medium_tree_airport.grp"] = {
				{ 0.94061, 0.21693, 0.00000, 0.00000, -0.21693, 0.94061, 0.00000, 0.00000, 0.00000, 0.00000, 0.96530, 0.00000, -18.00000, -48.75500, 0.00000, 1.00000, },
				{ 0.97929, 0.22585, 0.00000, 0.00000, -0.22585, 0.97929, 0.00000, 0.00000, 0.00000, 0.00000, 1.00500, 0.00000, 27.30000, -48.75500, 0.00000, 1.00000, },
				{ -0.06769, -1.02276, 0.00000, 0.00000, 1.02276, -0.06769, 0.00000, 0.00000, 0.00000, 0.00000, 1.02500, 0.00000, -27.00000, -48.89500, 0.00000, 1.00000, },
				{ -0.06604, -0.99782, 0.00000, 0.00000, 0.99782, -0.06604, 0.00000, 0.00000, 0.00000, 0.00000, 1.00000, 0.00000, 18.30000, -48.89500, 0.00000, 1.00000, },
				{ 0.06069, 0.98313, 0.00000, 0.00000, -0.98313, 0.06069, 0.00000, 0.00000, 0.00000, 0.00000, 0.98500, 0.00000, -35.65000, -48.65865, 0.00000, 1.00000, },
				{ 0.06315, 1.02305, 0.00000, 0.00000, -1.02305, 0.06315, 0.00000, 0.00000, 0.00000, 0.00000, 1.02500, 0.00000, 9.65000, -48.65865, 0.00000, 1.00000, },
				{ 0.36937, 0.80423, 0.00000, 0.00000, -0.80423, 0.36937, 0.00000, 0.00000, 0.00000, 0.00000, 0.88500, 0.00000, -9.55000, -48.12815, 0.00000, 1.00000, },
				{ 0.36937, 0.80423, 0.00000, 0.00000, -0.80423, 0.36937, 0.00000, 0.00000, 0.00000, 0.00000, 0.88500, 0.00000, 35.75000, -48.12815, 0.00000, 1.00000, },
			},
			["random_shrub_airport.grp"] = {
				{ 0.95444, -0.29842, -0.00000, 0.00000, 0.29842, 0.95444, -0.00000, 0.00000, 0.00000, -0.00000, 1.00000, 0.00000, -37.42000, -45.67000, 0.16000, 1.00000, },
