local transf = require "transf"
local vec3 = require "vec3"
local constructionutil = require "constructionutil"
local modulesutil = require "modulesutil"

local cargoCapacity = 0
local passengerCapacity = 100

--Begin Generated
local generatedData = {
	["era_b_airport_passenger_terminal_a"] = {
		models = {
			["asset/ground/container_waste1.mdl"] = {
				{ -0.99897, -0.04536, 0.00000, 0.00000, 0.04536, -0.99897, 0.00000, 0.00000, 0.00000, 0.00000, 1.00000, 0.00000, -14.85000, -14.82387, 0.01500, 1.00000, },
				{ -0.00000, -1.00000, 0.00000, 0.00000, 1.00000, -0.00000, 0.00000, 0.00000, 0.00000, 0.00000, 1.00000, 0.00000, 26.05000, 10.02613, 0.01500, 1.00000, },
				{ -0.10453, 0.99452, 0.00000, 0.00000, -0.99452, -0.10453, 0.00000, 0.00000, 0.00000, 0.00000, 1.00000, 0.00000, -26.45000, 9.72613, 0.01500, 1.00000, },
			},
			["asset/ground/container_waste3.mdl"] = {
				{ -0.00000, 1.00000, 0.00000, 0.00000, -1.00000, -0.00000, 0.00000, 0.00000, 0.00000, 0.00000, 1.00000, 0.00000, 27.20648, -24.76387, -0.00000, 1.00000, },
			},
			["asset/ground/container_waste3_open.mdl"] = {
				{ -0.00000, 1.00000, 0.00000, 0.00000, -1.00000, -0.00000, 0.00000, 0.00000, 0.00000, 0.00000, 1.00000, 0.00000, 27.21473, -22.44387, -0.00000, 1.00000, },
			},
			["station/air/asset/cart_baggage_b.mdl"] = {
				{ -0.02792, 0.99961, 0.00000, 0.00000, -0.99961, -0.02792, 0.00000, 0.00000, 0.00000, 0.00000, 1.00000, 0.00000, -19.36000, 6.06400, 0.01500, 1.00000, },
				{ 0.01047, 0.99995, -0.00000, 0.00000, -0.99995, 0.01047, 0.00000, 0.00000, 0.00000, -0.00000, 1.00000, 0.00000, -19.35474, 2.93893, 0.01500, 1.00000, },
				{ 0.01047, 0.99995, -0.00000, 0.00000, -0.99995, 0.01047, 0.00000, 0.00000, 0.00000, -0.00000, 1.00000, 0.00000, -19.38844, -0.18389, 0.01500, 1.00000, },
				{ -0.02443, -0.99970, -0.00000, 0.00000, 0.99970, -0.02443, -0.00000, 0.00000, 0.00000, -0.00000, 1.00000, 0.00000, 19.57240, 21.85134, 0.01500, 1.00000, },
				{ -0.06279, -0.99803, -0.00000, 0.00000, 0.99803, -0.06279, -0.00000, 0.00000, 0.00000, -0.00000, 1.00000, 0.00000, 19.73539, 24.95978, 0.01500, 1.00000, },
				{ 0.01396, -0.99990, -0.00000, 0.00000, 0.99990, 0.01396, -0.00000, 0.00000, 0.00000, -0.00000, 1.00000, 0.00000, 19.75819, 28.06147, 0.01500, 1.00000, },
				{ -0.99167, -0.12880, -0.00000, 0.00000, 0.12880, -0.99167, 0.00000, 0.00000, -0.00000, 0.00000, 1.00000, 0.00000, 5.65441, 11.84916, 0.01500, 1.00000, },
				{ -0.00000, 1.00000, 0.00000, 0.00000, -1.00000, -0.00000, 0.00000, 0.00000, 0.00000, 0.00000, 1.00000, 0.00000, -12.28000, -10.72500, 0.02000, 1.00000, },
				{ 0.99912, -0.04183, 0.00000, 0.00000, 0.04183, 0.99912, 0.00000, 0.00000, 0.00000, 0.00000, 1.00000, 0.00000, -26.69000, 27.69000, 0.00000, 1.00000, },
				{ -0.98600, 0.16672, 0.00000, 0.00000, -0.16672, -0.98600, 0.00000, 0.00000, 0.00000, 0.00000, 1.00000, 0.00000, 8.74000, 11.61500, 0.00000, 1.00000, },
				{ -0.15988, 0.98714, 0.00000, 0.00000, -0.98714, -0.15988, 0.00000, 0.00000, 0.00000, 0.00000, 1.00000, 0.00000, -14.36000, -10.86000, 0.02000, 1.00000, },
				{ 0.12533, 0.99211, 0.00000, 0.00000, -0.99211, 0.12533, 0.00000, 0.00000, 0.00000, 0.00000, 1.00000, 0.00000, -16.68000, -10.16000, 0.02000, 1.00000, },
				{ 0.99911, -0.04217, 0.00000, 0.00000, 0.04217, 0.99911, 0.00000, 0.00000, 0.00000, 0.00000, 1.00000, 0.00000, -26.69000, 31.14000, 0.00000, 1.00000, },
				{ 0.99951, -0.03142, 0.00000, 0.00000, 0.03142, 0.99951, 0.00000, 0.00000, 0.00000, 0.00000, 1.00000, 0.00000, -26.69000, 33.64000, 0.00000, 1.00000, },
				{ 0.99991, 0.01328, 0.00000, 0.00000, -0.01328, 0.99991, 0.00000, 0.00000, 0.00000, 0.00000, 1.00000, 0.00000, -26.69000, 36.14000, 0.00000, 1.00000, },
			},
			["station/air/asset/cart_cargo_b.mdl"] = {
				{ 1.00000, 0.00000, 0.00000, 0.00000, 0.00000, 1.00000, 0.00000, 0.00000, 0.00000, 0.00000, 1.00000, 0.00000, -7.65000, -14.74500, 0.02000, 1.00000, },
				{ 0.20791, 0.97815, 0.00000, 0.00000, -0.97815, 0.20791, 0.00000, 0.00000, 0.00000, 0.00000, 1.00000, 0.00000, -28.38000, -19.33000, 0.02000, 1.00000, },
			},
			["station/air/asset/ladder_low_a.mdl"] = {
				{ 0.93358, 0.00000, -0.35837, 0.00000, 0.00000, 1.00000, 0.00000, 0.00000, 0.35837, 0.00000, 0.93358, 0.00000, -27.82000, -24.04094, 0.10000, 1.00000, },
			},
			["station/air/asset/luggage_01_b.mdl"] = {
				{ 0.01785, 0.99984, -0.00000, 0.00000, -0.99984, 0.01785, 0.00000, 0.00000, 0.00000, -0.00000, 1.00000, 0.00000, -19.60143, 0.48744, 0.50000, 1.00000, },
				{ 0.99999, -0.00389, -0.00000, 0.00000, 0.00389, 0.99999, 0.00000, 0.00000, 0.00000, -0.00000, 1.00000, 0.00000, -18.87963, 0.61594, 0.50000, 1.00000, },
				{ 0.01253, 0.99992, -0.00000, 0.00000, -0.99992, 0.01253, 0.00000, 0.00000, 0.00000, -0.00000, 1.00000, 0.00000, -19.41828, -0.16818, 0.50000, 1.00000, },
				{ 0.01253, 0.99992, -0.00000, 0.00000, -0.99992, 0.01253, 0.00000, 0.00000, 0.00000, -0.00000, 1.00000, 0.00000, -19.61963, -1.25113, 0.50000, 1.00000, },
				{ 0.03046, 0.99954, -0.00000, 0.00000, -0.99954, 0.03046, 0.00000, 0.00000, 0.00000, -0.00000, 1.00000, 0.00000, -19.61053, -0.38190, 0.50000, 1.00000, },
				{ 0.01785, 0.99984, -0.00000, 0.00000, -0.99984, 0.01785, 0.00000, 0.00000, 0.00000, -0.00000, 1.00000, 0.00000, -19.56338, 4.02523, 0.50000, 1.00000, },
				{ 0.99999, -0.00389, -0.00000, 0.00000, 0.00389, 0.99999, 0.00000, 0.00000, 0.00000, -0.00000, 1.00000, 0.00000, -19.07715, 2.19109, 0.50000, 1.00000, },
				{ -0.00309, 1.00000, 0.00000, 0.00000, -1.00000, -0.00309, 0.00000, 0.00000, 0.00000, -0.00000, 1.00000, 0.00000, -19.57677, 2.74642, 0.50000, 1.00000, },
				{ 0.01253, 0.99992, -0.00000, 0.00000, -0.99992, 0.01253, 0.00000, 0.00000, 0.00000, -0.00000, 1.00000, 0.00000, -19.56975, 3.41661, 0.50000, 1.00000, },
				{ -0.00000, 0.00000, -1.00000, 0.00000, 0.96858, -0.24869, -0.00000, 0.00000, -0.24869, -0.96858, 0.00000, 0.00000, -19.45358, 4.00542, 1.07500, 1.00000, },
				{ 0.01253, 0.99992, -0.00000, 0.00000, -0.99992, 0.01253, 0.00000, 0.00000, 0.00000, -0.00000, 1.00000, 0.00000, -19.56857, 2.09652, 0.50000, 1.00000, },
				{ 0.03046, 0.99954, -0.00000, 0.00000, -0.99954, 0.03046, 0.00000, 0.00000, 0.00000, -0.00000, 1.00000, 0.00000, -19.56908, 2.52583, 0.50000, 1.00000, },
				{ -0.99995, 0.00952, 0.00000, 0.00000, -0.00952, -0.99995, 0.00000, 0.00000, 0.00000, -0.00000, 1.00000, 0.00000, -19.06993, 3.72493, 0.50000, 1.00000, },
				{ -0.02054, 0.99979, 0.00000, 0.00000, -0.99979, -0.02054, 0.00000, 0.00000, 0.00000, -0.00000, 1.00000, 0.00000, -19.59859, 6.72666, 0.50000, 1.00000, },
				{ 0.99940, 0.03450, -0.00000, 0.00000, -0.03450, 0.99940, 0.00000, 0.00000, 0.00000, -0.00000, 1.00000, 0.00000, -18.88227, 6.88277, 0.50000, 1.00000, },
				{ -0.04147, 0.99914, 0.00000, 0.00000, -0.99914, -0.04147, 0.00000, 0.00000, 0.00000, -0.00000, 1.00000, 0.00000, -19.56233, 5.42828, 0.50000, 1.00000, },
				{ -0.02587, 0.99967, 0.00000, 0.00000, -0.99967, -0.02587, 0.00000, 0.00000, 0.00000, -0.00000, 1.00000, 0.00000, -19.58034, 6.07325, 0.50000, 1.00000, },
				{ -0.02587, 0.99967, 0.00000, 0.00000, -0.99967, -0.02587, 0.00000, 0.00000, 0.00000, -0.00000, 1.00000, 0.00000, -19.55005, 4.98867, 0.50000, 1.00000, },
				{ -0.00794, 0.99997, 0.00000, 0.00000, -0.99997, -0.00794, 0.00000, 0.00000, 0.00000, -0.00000, 1.00000, 0.00000, -19.57432, 5.85761, 0.50000, 1.00000, },
				{ -0.99958, -0.02888, 0.00000, 0.00000, 0.02888, -0.99958, -0.00000, 0.00000, 0.00000, -0.00000, 1.00000, 0.00000, -19.07034, 6.13606, 0.50000, 1.00000, },
				{ -0.02134, -0.99977, 0.00000, 0.00000, 0.99977, -0.02134, -0.00000, 0.00000, 0.00000, 0.00000, 1.00000, 0.00000, 19.78849, 21.16962, 0.50000, 1.00000, },
				{ -0.99997, 0.00738, 0.00000, 0.00000, -0.00738, -0.99997, 0.00000, 0.00000, 0.00000, 0.00000, 1.00000, 0.00000, 19.06625, 21.04364, 0.50000, 1.00000, },
				{ -0.01602, -0.99987, 0.00000, 0.00000, 0.99987, -0.01602, -0.00000, 0.00000, 0.00000, 0.00000, 1.00000, 0.00000, 19.60763, 21.82587, 0.50000, 1.00000, },
				{ -0.01602, -0.99987, 0.00000, 0.00000, 0.99987, -0.01602, -0.00000, 0.00000, 0.00000, 0.00000, 1.00000, 0.00000, 19.81276, 22.90812, 0.50000, 1.00000, },
				{ -0.03394, -0.99942, 0.00000, 0.00000, 0.99942, -0.03394, -0.00000, 0.00000, 0.00000, 0.00000, 1.00000, 0.00000, 19.80062, 22.03893, 0.50000, 1.00000, },
				{ -0.99259, -0.12147, -0.00000, 0.00000, 0.12147, -0.99259, 0.00000, 0.00000, -0.00000, 0.00000, 1.00000, 0.00000, 5.01925, 11.54483, 0.50000, 1.00000, },
				{ 0.00000, -0.00000, -1.00000, 0.00000, -0.98600, 0.16677, -0.00000, 0.00000, 0.16677, 0.98600, -0.00000, 0.00000, 4.94969, 13.24503, 0.10000, 1.00000, },
				{ -0.13532, 0.99080, -0.00000, 0.00000, -0.99080, -0.13532, -0.00000, 0.00000, -0.00000, 0.00000, 1.00000, 0.00000, 4.79155, 12.24171, 0.50000, 1.00000, },
				{ 0.57760, -0.81632, 0.00000, 0.00000, 0.81632, 0.57760, -0.00000, 0.00000, -0.00000, 0.00000, 1.00000, 0.00000, 5.52013, 12.18370, 0.50000, 1.00000, },
				{ -0.83560, -0.11403, -0.53737, 0.00000, 0.14774, -0.98883, -0.01991, 0.00000, -0.52909, -0.09603, 0.84311, 0.00000, 5.88139, 11.65680, 0.50000, 1.00000, },
			},
			["station/air/asset/luggage_02_b.mdl"] = {
				{ 0.01879, 0.99982, -0.00000, 0.00000, -0.99982, 0.01879, 0.00000, 0.00000, 0.00000, -0.00000, 1.00000, 0.00000, -19.59921, 0.69902, 0.50000, 1.00000, },
				{ 0.01685, 0.99986, -0.00000, 0.00000, -0.99986, 0.01685, 0.00000, 0.00000, 0.00000, -0.00000, 1.00000, 0.00000, -19.60363, 0.27661, 0.50000, 1.00000, },
				{ 1.00000, -0.00289, -0.00000, 0.00000, 0.00289, 1.00000, 0.00000, 0.00000, 0.00000, -0.00000, 1.00000, 0.00000, -19.09047, 0.61520, 0.50000, 1.00000, },
				{ 0.01630, 0.99987, -0.00000, 0.00000, -0.99987, 0.01630, 0.00000, 0.00000, 0.00000, -0.00000, 1.00000, 0.00000, -19.60596, 0.05405, 0.50000, 1.00000, },
				{ 0.01310, 0.69455, -0.71933, 0.00000, -0.99989, 0.01452, -0.00419, 0.00000, 0.00753, 0.71930, 0.69466, 0.00000, -19.61785, -1.08089, 0.55500, 1.00000, },
				{ 0.01879, 0.99982, -0.00000, 0.00000, -0.99982, 0.01879, 0.00000, 0.00000, 0.00000, -0.00000, 1.00000, 0.00000, -19.57755, 3.62695, 0.50000, 1.00000, },
				{ -0.99993, 0.01181, 0.00000, 0.00000, -0.01181, -0.99993, 0.00000, 0.00000, 0.00000, -0.00000, 1.00000, 0.00000, -18.86278, 2.19979, 0.50000, 1.00000, },
				{ 0.01879, 0.99982, -0.00000, 0.00000, -0.99982, 0.01879, 0.00000, 0.00000, 0.00000, -0.00000, 1.00000, 0.00000, -19.58608, 1.85695, 0.50000, 1.00000, },
				{ 0.01685, 0.99986, -0.00000, 0.00000, -0.99986, 0.01685, 0.00000, 0.00000, 0.00000, -0.00000, 1.00000, 0.00000, -19.57208, 3.19444, 0.50000, 1.00000, },
				{ 1.00000, -0.00289, -0.00000, 0.00000, 0.00289, 1.00000, 0.00000, 0.00000, 0.00000, -0.00000, 1.00000, 0.00000, -18.85505, 2.94587, 0.50000, 1.00000, },
				{ 0.01630, 0.99987, -0.00000, 0.00000, -0.99987, 0.01630, 0.00000, 0.00000, 0.00000, -0.00000, 1.00000, 0.00000, -19.57456, 2.95688, 0.50000, 1.00000, },
				{ -0.01961, 0.99981, 0.00000, 0.00000, -0.99981, -0.01961, 0.00000, 0.00000, 0.00000, -0.00000, 1.00000, 0.00000, -19.60450, 6.93817, 0.50000, 1.00000, },
				{ -0.63182, -0.01631, -0.77494, 0.00000, 0.02708, -0.99963, -0.00104, 0.00000, -0.77464, -0.02164, 0.63203, 0.00000, -18.75606, 5.34664, 0.56600, 1.00000, },
				{ -0.01961, 0.99981, 0.00000, 0.00000, -0.99981, -0.01961, 0.00000, 0.00000, 0.00000, -0.00000, 1.00000, 0.00000, -19.55648, 5.21884, 0.50000, 1.00000, },
				{ -0.02155, 0.99977, 0.00000, 0.00000, -0.99977, -0.02155, 0.00000, 0.00000, 0.00000, -0.00000, 1.00000, 0.00000, -19.59271, 6.51590, 0.50000, 1.00000, },
				{ 0.99937, 0.03550, -0.00000, 0.00000, -0.03550, 0.99937, 0.00000, 0.00000, 0.00000, -0.00000, 1.00000, 0.00000, -19.09292, 6.87394, 0.50000, 1.00000, },
				{ -0.02210, 0.99976, 0.00000, 0.00000, -0.99976, -0.02210, 0.00000, 0.00000, 0.00000, -0.00000, 1.00000, 0.00000, -19.58649, 6.29342, 0.50000, 1.00000, },
				{ -0.02228, -0.99975, 0.00000, 0.00000, 0.99975, -0.02228, -0.00000, 0.00000, 0.00000, 0.00000, 1.00000, 0.00000, 19.78553, 20.95805, 0.50000, 1.00000, },
				{ -0.02034, -0.99979, 0.00000, 0.00000, 0.99979, -0.02034, -0.00000, 0.00000, 0.00000, 0.00000, 1.00000, 0.00000, 19.79143, 21.38044, 0.50000, 1.00000, },
				{ -0.99998, 0.00638, 0.00000, 0.00000, -0.00638, -0.99998, 0.00000, 0.00000, 0.00000, 0.00000, 1.00000, 0.00000, 19.27709, 21.04364, 0.50000, 1.00000, },
				{ -0.92210, 0.38696, 0.00000, 0.00000, -0.38696, -0.92210, 0.00000, 0.00000, 0.00000, -0.00000, 1.00000, 0.00000, 19.22401, 22.68273, 0.50000, 1.00000, },
				{ -0.01979, -0.99980, 0.00000, 0.00000, 0.99980, -0.01979, -0.00000, 0.00000, 0.00000, 0.00000, 1.00000, 0.00000, 19.79454, 21.60299, 0.50000, 1.00000, },
				{ -0.01552, -0.69450, -0.71933, 0.00000, 0.99983, -0.01801, -0.00419, 0.00000, -0.01004, -0.71927, 0.69466, 0.00000, 19.81039, 22.73788, 0.55500, 1.00000, },
				{ 0.00000, 0.00000, 1.00000, 0.00000, 0.96222, -0.27228, 0.00000, 0.00000, 0.27228, 0.96222, -0.00000, 0.00000, 19.67936, 24.99857, 0.59500, 1.00000, },
				{ -0.99271, -0.12054, -0.00000, 0.00000, 0.12054, -0.99271, 0.00000, 0.00000, -0.00000, 0.00000, 1.00000, 0.00000, 4.80942, 11.51757, 0.50000, 1.00000, },
				{ -0.38553, -0.92270, 0.00000, 0.00000, 0.92270, -0.38553, 0.00000, 0.00000, -0.00000, 0.00000, 1.00000, 0.00000, 5.09462, 12.69915, -0.00000, 1.00000, },
				{ -0.99247, -0.12247, -0.00000, 0.00000, 0.12247, -0.99247, 0.00000, 0.00000, -0.00000, 0.00000, 1.00000, 0.00000, 5.22834, 11.57198, 0.50000, 1.00000, },
				{ -0.13632, 0.99067, -0.00000, 0.00000, -0.99067, -0.13632, -0.00000, 0.00000, -0.00000, 0.00000, 1.00000, 0.00000, 4.82162, 12.03303, 0.50000, 1.00000, },
				{ -0.99240, -0.12302, -0.00000, 0.00000, 0.12302, -0.99240, 0.00000, 0.00000, -0.00000, 0.00000, 1.00000, 0.00000, 5.44905, 11.60065, 0.50000, 1.00000, },
				{ -0.37539, -0.04319, -0.92586, 0.00000, 0.12474, -0.99218, -0.00429, 0.00000, -0.91843, -0.11710, 0.37785, 0.00000, 6.79277, 11.77517, 0.57000, 1.00000, },
			},
			["station/air/asset/luggage_03_b.mdl"] = {
				{ 0.01047, 0.99995, -0.00000, 0.00000, -0.99995, 0.01047, 0.00000, 0.00000, 0.00000, -0.00000, 1.00000, 0.00000, -19.59702, 0.90835, 0.50000, 1.00000, },
				{ 0.98657, 0.16333, -0.00000, 0.00000, -0.16333, 0.98657, 0.00000, 0.00000, 0.00000, -0.00000, 1.00000, 0.00000, -18.95310, -0.15345, 0.50000, 1.00000, },
				{ 0.03008, 0.99955, -0.00000, 0.00000, -0.99955, 0.03008, 0.00000, 0.00000, 0.00000, -0.00000, 1.00000, 0.00000, -19.41281, -0.60090, 0.50000, 1.00000, },
				{ 0.01047, 0.99995, -0.00000, 0.00000, -0.99995, 0.01047, 0.00000, 0.00000, 0.00000, -0.00000, 1.00000, 0.00000, -19.56546, 3.82618, 0.50000, 1.00000, },
				{ -0.99999, 0.00349, 0.00000, 0.00000, -0.00349, -0.99999, 0.00000, 0.00000, 0.00000, 0.00000, 1.00000, 0.00000, -19.07417, 2.96059, 0.50000, 1.00000, },
				{ 0.00000, -0.00000, 1.00000, 0.00000, -0.99995, 0.01047, 0.00000, 0.00000, -0.01047, -0.99995, -0.00000, 0.00000, -19.36892, 3.46370, 1.08000, 1.00000, },
				{ 0.03008, 0.99955, -0.00000, 0.00000, -0.99955, 0.03008, 0.00000, 0.00000, 0.00000, -0.00000, 1.00000, 0.00000, -19.57135, 2.30892, 0.50000, 1.00000, },
				{ -0.99996, 0.00914, 0.00000, 0.00000, -0.00914, -0.99996, 0.00000, 0.00000, 0.00000, -0.00000, 1.00000, 0.00000, -18.85328, 3.70221, 0.50000, 1.00000, },
				{ -0.02792, 0.99961, 0.00000, 0.00000, -0.99961, -0.02792, 0.00000, 0.00000, 0.00000, -0.00000, 1.00000, 0.00000, -19.61035, 7.14743, 0.50000, 1.00000, },
				{ -0.00831, 0.99997, 0.00000, 0.00000, -0.99997, -0.00831, 0.00000, 0.00000, 0.00000, -0.00000, 1.00000, 0.00000, -19.56826, 5.64078, 0.50000, 1.00000, },
				{ -0.99957, -0.02925, 0.00000, 0.00000, 0.02925, -0.99957, -0.00000, 0.00000, 0.00000, -0.00000, 1.00000, 0.00000, -18.85297, 6.12167, 0.50000, 1.00000, },
				{ -0.01396, -0.99990, 0.00000, 0.00000, 0.99990, -0.01396, -0.00000, 0.00000, 0.00000, 0.00000, 1.00000, 0.00000, 19.78261, 20.74873, 0.50000, 1.00000, },
				{ -0.98714, -0.15988, 0.00000, 0.00000, 0.15988, -0.98714, -0.00000, 0.00000, 0.00000, 0.00000, 1.00000, 0.00000, 19.14240, 21.81277, 0.50000, 1.00000, },
				{ -0.03357, -0.99944, 0.00000, 0.00000, 0.99944, -0.03357, -0.00000, 0.00000, 0.00000, 0.00000, 1.00000, 0.00000, 19.60367, 22.25862, 0.50000, 1.00000, },
				{ -0.99167, -0.12880, -0.00000, 0.00000, 0.12880, -0.99167, 0.00000, 0.00000, -0.00000, 0.00000, 1.00000, 0.00000, 4.60182, 11.49061, 0.50000, 1.00000, },
				{ -0.29904, 0.95424, -0.00000, 0.00000, -0.95424, -0.29904, -0.00000, 0.00000, -0.00000, 0.00000, 1.00000, 0.00000, 5.45806, 13.08921, 0.01000, 1.00000, },
				{ -0.48796, -0.05367, -0.87121, 0.00000, 0.10932, -0.99401, 0.00000, 0.00000, -0.86599, -0.09524, 0.49090, 0.00000, 6.29743, 11.79331, 0.56295, 1.00000, },
			},
			["station/air/asset/pylon_b.mdl"] = {
				{ -0.17736, 0.16513, 0.97019, 0.00000, 0.70330, 0.71085, 0.00759, 0.00000, -0.68841, 0.68368, -0.24221, 0.00000, 20.06728, 23.99203, 0.71500, 1.00000, },
				{ -0.38752, -0.92186, -0.00000, 0.00000, 0.92186, -0.38752, -0.00000, 0.00000, 0.00000, -0.00000, 1.00000, 0.00000, 19.35700, 24.04173, 0.60976, 1.00000, },
				{ -0.06279, -0.99803, -0.00000, 0.00000, 0.99803, -0.06279, -0.00000, 0.00000, 0.00000, -0.00000, 1.00000, 0.00000, 19.35700, 24.04173, 0.49976, 1.00000, },
				{ 0.99939, 0.03490, 0.00000, 0.00000, -0.03490, 0.99939, 0.00000, 0.00000, 0.00000, 0.00000, 1.00000, 0.00000, -28.99268, -20.28856, 0.79674, 1.00000, },
				{ 0.13846, -0.19888, 0.97019, 0.00000, -0.83764, -0.54617, 0.00759, 0.00000, 0.52838, -0.81372, -0.24221, 0.00000, -28.76567, -19.58131, 1.01200, 1.00000, },
				{ 0.97196, 0.23514, 0.00000, 0.00000, -0.23514, 0.97196, 0.00000, 0.00000, 0.00000, 0.00000, 1.00000, 0.00000, -27.91968, -19.78566, 0.79674, 1.00000, },
				{ 0.97815, -0.20791, 0.00000, 0.00000, 0.20791, 0.97815, 0.00000, 0.00000, 0.00000, 0.00000, 1.00000, 0.00000, -28.11540, -19.26356, 0.79674, 1.00000, },
				{ 0.79229, -0.61015, 0.00000, 0.00000, 0.61015, 0.79229, 0.00000, 0.00000, 0.00000, 0.00000, 1.00000, 0.00000, -27.72062, -18.72896, 0.79674, 1.00000, },
				{ 0.93849, 0.34530, 0.00000, 0.00000, -0.34530, 0.93849, 0.00000, 0.00000, 0.00000, 0.00000, 1.00000, 0.00000, -28.76525, -19.07431, 0.80727, 1.00000, },
				{ 0.93849, 0.34530, 0.00000, 0.00000, -0.34530, 0.93849, 0.00000, 0.00000, 0.00000, 0.00000, 1.00000, 0.00000, -28.51720, -18.50852, 0.80727, 1.00000, },
				{ 0.08577, 0.99631, 0.00000, 0.00000, -0.99631, 0.08577, 0.00000, 0.00000, 0.00000, 0.00000, 1.00000, 0.00000, -28.36654, -17.96804, 0.79819, 1.00000, },
				{ 0.27132, 0.96249, -0.00000, 0.00000, -0.96249, 0.27132, -0.00000, 0.00000, 0.00000, 0.00000, 1.00000, 0.00000, -28.36654, -17.96804, 0.86319, 1.00000, },
				{ 0.26510, 0.96422, -0.00000, 0.00000, -0.96422, 0.26510, -0.00000, 0.00000, 0.00000, 0.00000, 1.00000, 0.00000, -28.36654, -17.96804, 0.94819, 1.00000, },
				{ 0.50731, 0.86176, -0.00000, 0.00000, -0.86176, 0.50731, -0.00000, 0.00000, 0.00000, 0.00000, 1.00000, 0.00000, -28.36654, -17.96804, 1.01819, 1.00000, },
				{ 0.58120, 0.81376, -0.00000, 0.00000, -0.81376, 0.58120, -0.00000, 0.00000, 0.00000, 0.00000, 1.00000, 0.00000, -28.36654, -17.96804, 1.09319, 1.00000, },
				{ 0.19578, 0.98065, -0.00000, 0.00000, -0.98065, 0.19578, -0.00000, 0.00000, 0.00000, 0.00000, 1.00000, 0.00000, -28.36654, -17.96804, 1.16819, 1.00000, },
				{ 0.04159, 0.78845, -0.61369, 0.00000, -0.99083, 0.11159, 0.07622, 0.00000, 0.12857, 0.60489, 0.78586, 0.00000, -27.61906, -18.27516, 0.90719, 1.00000, },
				{ 0.22689, 0.75347, -0.61709, 0.00000, -0.96540, 0.25764, -0.04037, 0.00000, 0.12857, 0.60489, 0.78586, 0.00000, -27.61070, -18.23584, 0.95827, 1.00000, },
				{ 0.22066, 0.75512, -0.61734, 0.00000, -0.96684, 0.25278, -0.03638, 0.00000, 0.12857, 0.60489, 0.78586, 0.00000, -27.59977, -18.18442, 1.02506, 1.00000, },
				{ 0.46509, 0.66310, -0.58650, 0.00000, -0.87588, 0.44090, -0.19607, 0.00000, 0.12857, 0.60489, 0.78586, 0.00000, -27.59077, -18.14208, 1.08007, 1.00000, },
				{ 0.54038, 0.62172, -0.56697, 0.00000, -0.83154, 0.49756, -0.24693, 0.00000, 0.12857, 0.60489, 0.78586, 0.00000, -27.58113, -18.09671, 1.13901, 1.00000, },
				{ 0.15126, 0.77120, -0.61836, 0.00000, -0.98010, 0.19837, 0.00766, 0.00000, 0.12857, 0.60489, 0.78586, 0.00000, -27.57148, -18.05135, 1.19795, 1.00000, },
				{ -0.16645, 0.79436, -0.58420, 0.00000, -0.97763, -0.05569, 0.20282, 0.00000, 0.12857, 0.60489, 0.78586, 0.00000, -27.56377, -18.01505, 1.24510, 1.00000, },
				{ -0.37983, 0.76205, -0.52442, 0.00000, -0.91608, -0.23106, 0.32773, 0.00000, 0.12857, 0.60489, 0.78586, 0.00000, -27.55606, -17.97876, 1.29226, 1.00000, },
				{ 1.00000, 0.00000, 0.00000, 0.00000, 0.00000, 1.00000, 0.00000, 0.00000, 0.00000, 0.00000, 1.00000, 0.00000, 27.87000, -18.00000, 0.01727, 1.00000, },
				{ 1.00000, 0.00000, 0.00000, 0.00000, 0.00000, 1.00000, 0.00000, 0.00000, 0.00000, 0.00000, 1.00000, 0.00000, 27.79000, -17.14000, 0.00674, 1.00000, },
				{ 1.00000, 0.00000, 0.00000, 0.00000, 0.00000, 1.00000, 0.00000, 0.00000, 0.00000, 0.00000, 1.00000, 0.00000, 28.67000, -17.30000, 0.03176, 1.00000, },
				{ 1.00000, 0.00000, 0.00000, 0.00000, 0.00000, 1.00000, 0.00000, 0.00000, 0.00000, 0.00000, 1.00000, 0.00000, 27.22505, -16.78522, 0.03176, 1.00000, },
				{ -0.12325, 0.99238, 0.00000, 0.00000, -0.99238, -0.12325, 0.00000, 0.00000, 0.00000, 0.00000, 1.00000, 0.00000, 27.96500, -16.23500, 0.01719, 1.00000, },
				{ 0.06527, 0.99787, -0.00000, 0.00000, -0.99787, 0.06527, 0.00000, 0.00000, 0.00000, 0.00000, 1.00000, 0.00000, 27.96500, -16.23500, 0.08219, 1.00000, },
				{ 0.05884, 0.99827, -0.00000, 0.00000, -0.99827, 0.05884, 0.00000, 0.00000, 0.00000, 0.00000, 1.00000, 0.00000, 27.96500, -16.23500, 0.16719, 1.00000, },
				{ 0.31706, 0.94841, -0.00000, 0.00000, -0.94841, 0.31706, 0.00000, 0.00000, 0.00000, 0.00000, 1.00000, 0.00000, 27.96500, -16.23500, 0.23719, 1.00000, },
				{ 0.39930, 0.91682, -0.00000, 0.00000, -0.91682, 0.39930, 0.00000, 0.00000, 0.00000, 0.00000, 1.00000, 0.00000, 27.96500, -16.23500, 0.31219, 1.00000, },
				{ -0.01239, 0.99992, -0.00000, 0.00000, -0.99992, -0.01239, 0.00000, 0.00000, 0.00000, 0.00000, 1.00000, 0.00000, 27.96500, -16.23500, 0.38719, 1.00000, },
				{ -0.32797, 0.94469, 0.00000, 0.00000, -0.94469, -0.32797, -0.00000, 0.00000, 0.00000, -0.00000, 1.00000, 0.00000, 27.96500, -16.23500, 0.44719, 1.00000, },
				{ -0.52996, 0.84802, 0.00000, 0.00000, -0.84802, -0.52996, -0.00000, 0.00000, 0.00000, -0.00000, 1.00000, 0.00000, 27.96500, -16.23500, 0.50719, 1.00000, },
				{ -0.15366, -0.18738, 0.97019, 0.00000, -0.75361, 0.65728, 0.00759, 0.00000, -0.63911, -0.72998, -0.24221, 0.00000, 28.66500, -15.35000, 0.23200, 1.00000, },
				{ 0.87323, -0.48175, -0.07333, 0.00000, 0.48006, 0.87631, -0.04031, 0.00000, 0.08368, 0.00000, 0.99649, 0.00000, 27.58165, -15.71000, 0.18832, 1.00000, },
				{ 1.00000, 0.00000, 0.00000, 0.00000, 0.00000, 1.00000, 0.00000, 0.00000, 0.00000, 0.00000, 1.00000, 0.00000, 27.61000, -15.71000, 0.02000, 1.00000, },
				{ -0.60876, -0.79336, 0.00000, 0.00000, 0.79336, -0.60876, 0.00000, 0.00000, 0.00000, 0.00000, 1.00000, 0.00000, -28.94276, 49.12000, 0.01461, 1.00000, },
				{ 0.39997, -0.91653, 0.00000, 0.00000, 0.91653, 0.39997, 0.00000, 0.00000, 0.00000, 0.00000, 1.00000, 0.00000, -28.94276, 55.77000, 0.02071, 1.00000, },
				{ 0.06941, -0.99759, 0.00000, 0.00000, 0.99759, 0.06941, 0.00000, 0.00000, 0.00000, 0.00000, 1.00000, 0.00000, -28.84276, 35.97000, 0.02175, 1.00000, },
				{ -0.09234, -0.99573, 0.00000, 0.00000, 0.99573, -0.09234, 0.00000, 0.00000, 0.00000, 0.00000, 1.00000, 0.00000, -28.84276, 42.62000, 0.01783, 1.00000, },
				{ 0.12902, -0.99164, 0.00000, 0.00000, 0.99164, 0.12902, 0.00000, 0.00000, 0.00000, 0.00000, 1.00000, 0.00000, -28.84276, 30.07000, 0.02236, 1.00000, },
				{ 0.02117, -0.99978, 0.00000, 0.00000, 0.99978, 0.02117, 0.00000, 0.00000, 0.00000, 0.00000, 1.00000, 0.00000, -28.74276, 25.12000, 0.02236, 1.00000, },
				{ -0.14689, 0.98915, 0.00000, 0.00000, -0.98915, -0.14689, 0.00000, 0.00000, 0.00000, 0.00000, 1.00000, 0.00000, 7.68724, 10.58500, 0.02116, 1.00000, },
				{ 0.06198, 0.99808, 0.00000, 0.00000, -0.99808, 0.06198, 0.00000, 0.00000, 0.00000, 0.00000, 1.00000, 0.00000, 10.50724, 10.24000, 0.01886, 1.00000, },
				{ 0.06198, 0.99808, 0.00000, 0.00000, -0.99808, 0.06198, 0.00000, 0.00000, 0.00000, 0.00000, 1.00000, 0.00000, 13.58724, 7.23000, 0.01680, 1.00000, },
				{ 0.71634, 0.69775, 0.00000, 0.00000, -0.69775, 0.71634, 0.00000, 0.00000, 0.00000, 0.00000, 1.00000, 0.00000, 16.94724, 3.84000, 0.01072, 1.00000, },
				{ 0.06198, 0.99808, 0.00000, 0.00000, -0.99808, 0.06198, 0.00000, 0.00000, 0.00000, 0.00000, 1.00000, 0.00000, 18.20724, -3.15000, 0.02070, 1.00000, },
			},
			["station/air/asset/spotlight_new.mdl"] = {
				{ 1.00000, 0.00000, 0.00000, 0.00000, 0.00000, 1.00000, 0.00000, 0.00000, 0.00000, 0.00000, 1.00000, 0.00000, 26.00000, 14.00000, 0.00000, 1.00000, },
				{ 1.00000, 0.00000, 0.00000, 0.00000, 0.00000, 1.00000, 0.00000, 0.00000, 0.00000, 0.00000, 1.00000, 0.00000, 26.00000, 52.00000, 0.00000, 1.00000, },
				{ 1.00000, 0.00000, 0.00000, 0.00000, 0.00000, 1.00000, 0.00000, 0.00000, 0.00000, 0.00000, 1.00000, 0.00000, -26.00000, 14.00000, 0.00000, 1.00000, },
				{ 1.00000, 0.00000, 0.00000, 0.00000, 0.00000, 1.00000, 0.00000, 0.00000, 0.00000, 0.00000, 1.00000, 0.00000, -26.00000, 52.00000, 0.00000, 1.00000, },
			},
			["station/air/asset/stairs_high_a.mdl"] = {
				{ -0.68136, 0.73195, -0.00000, 0.00000, -0.73195, -0.68136, 0.00000, 0.00000, -0.00000, 0.00000, 1.00000, 0.00000, 27.21999, -18.90000, 0.00000, 1.00000, },
			},
			["station/air/asset/stairs_low_a.mdl"] = {
				{ -0.98769, 0.15643, -0.00000, 0.00000, -0.15643, -0.98769, 0.00000, 0.00000, -0.00000, 0.00000, 1.00000, 0.00000, 26.31999, 24.77000, 0.00000, 1.00000, },
			},
			["station/air/asset/stairs_manual.mdl"] = {
				{ -0.98600, 0.16677, -0.00000, 0.00000, -0.16677, -0.98600, 0.00000, 0.00000, -0.00000, 0.00000, 1.00000, 0.00000, 27.00000, 17.39000, 0.00000, 1.00000, },
				{ -0.99939, 0.03490, -0.00000, 0.00000, -0.03490, -0.99939, 0.00000, 0.00000, -0.00000, 0.00000, 1.00000, 0.00000, 27.00000, 20.69000, 0.00000, 1.00000, },
			},
			["station/air/asset/tug_clark_ck30_b.mdl"] = {
				{ -0.00000, 1.00000, 0.00000, 0.00000, -1.00000, -0.00000, 0.00000, 0.00000, 0.00000, 0.00000, 1.00000, 0.00000, -19.42000, 9.49000, 0.01500, 1.00000, },
				{ 0.03490, -0.99939, -0.00000, 0.00000, 0.99939, 0.03490, 0.00000, 0.00000, 0.00000, -0.00000, 1.00000, 0.00000, 19.55000, 18.44000, 0.01500, 1.00000, },
				{ 0.99452, -0.10453, 0.00000, 0.00000, 0.10453, 0.99452, 0.00000, 0.00000, 0.00000, 0.00000, 1.00000, 0.00000, -26.35000, 18.80000, 0.00000, 1.00000, },
				{ 0.99678, -0.08020, 0.00000, 0.00000, 0.08020, 0.99678, 0.00000, 0.00000, 0.00000, 0.00000, 1.00000, 0.00000, -26.55000, 20.90000, 0.00000, 1.00000, },
				{ 0.99556, 0.09411, 0.00000, 0.00000, -0.09411, 0.99556, 0.00000, 0.00000, 0.00000, 0.00000, 1.00000, 0.00000, -26.25000, 22.90000, 0.00000, 1.00000, },
				{ 0.99337, -0.11494, 0.00000, 0.00000, 0.11494, 0.99337, 0.00000, 0.00000, 0.00000, 0.00000, 1.00000, 0.00000, -26.45000, 47.65000, 0.00000, 1.00000, },
			},
			["station/air/asset/tug_clarktor_a.mdl"] = {
				{ 0.18395, 0.98294, 0.00000, 0.00000, -0.98294, 0.18395, 0.00000, 0.00000, 0.00000, 0.00000, 1.00000, 0.00000, 12.16936, -10.96000, 0.00000, 1.00000, },
				{ -0.03839, 0.99926, 0.00000, 0.00000, -0.99926, -0.03839, 0.00000, 0.00000, 0.00000, 0.00000, 1.00000, 0.00000, 14.26935, -10.96000, 0.00000, 1.00000, },
			},
		},
	},
	["era_b_airport_passenger_terminal_c"] = {
		models = {
			["asset/ground/container_waste1.mdl"] = {
				{ -0.99985, -0.01745, 0.00000, 0.00000, 0.01745, -0.99985, 0.00000, 0.00000, 0.00000, 0.00000, 1.00000, 0.00000, -13.90000, -14.93387, 0.01500, 1.00000, },
				{ -1.00000, 0.00000, 0.00000, 0.00000, -0.00000, -1.00000, 0.00000, 0.00000, 0.00000, 0.00000, 1.00000, 0.00000, -11.28000, -14.93387, 0.01500, 1.00000, },
				{ -0.00000, -1.00000, 0.00000, 0.00000, 1.00000, -0.00000, 0.00000, 0.00000, 0.00000, 0.00000, 1.00000, 0.00000, 26.70000, 10.82613, 0.01500, 1.00000, },
				{ 0.08716, -0.99619, 0.00000, 0.00000, 0.99619, 0.08716, 0.00000, 0.00000, 0.00000, 0.00000, 1.00000, 0.00000, 26.90000, 5.72613, 0.01500, 1.00000, },
				{ -0.10453, 0.99452, 0.00000, 0.00000, -0.99452, -0.10453, 0.00000, 0.00000, 0.00000, 0.00000, 1.00000, 0.00000, -26.45000, 9.72613, 0.01500, 1.00000, },
			},
			["asset/ground/container_waste3.mdl"] = {
				{ -0.00000, 1.00000, 0.00000, 0.00000, -1.00000, -0.00000, 0.00000, 0.00000, 0.00000, 0.00000, 1.00000, 0.00000, 27.20648, -21.58387, -0.00000, 1.00000, },
				{ -0.00000, 1.00000, 0.00000, 0.00000, -1.00000, -0.00000, 0.00000, 0.00000, 0.00000, 0.00000, 1.00000, 0.00000, 27.20648, -24.06387, -0.00000, 1.00000, },
			},
			["asset/industry/cardboard_box_01.mdl"] = {
				{ 0.99075, 0.13572, 0.00000, 0.00000, -0.13572, 0.99075, 0.00000, 0.00000, 0.00000, 0.00000, 1.00000, 0.00000, 26.86000, 7.55500, 0.53000, 1.00000, },
				{ 0.31233, 0.94997, 0.00000, 0.00000, -0.94997, 0.31233, 0.00000, 0.00000, 0.00000, 0.00000, 1.00000, 0.00000, 26.86000, 8.78500, 0.01000, 1.00000, },
				{ 0.79864, -0.60181, 0.00000, 0.00000, -0.00000, -0.00000, -1.00000, 0.00000, 0.60181, 0.79864, -0.00000, 0.00000, 27.34500, 7.78500, 0.46000, 1.00000, },
			},
			["asset/industry/cardboard_box_02.mdl"] = {
				{ 0.00000, -1.00000, 0.00000, 0.00000, 1.00000, 0.00000, 0.00000, 0.00000, 0.00000, 0.00000, 1.00000, 0.00000, 26.42000, 7.34000, 0.00000, 1.00000, },
			},
			["asset/industry/pallet_01.mdl"] = {
				{ -0.99391, 0.11015, 0.00000, 0.00000, -0.11015, -0.99391, 0.00000, 0.00000, 0.00000, 0.00000, 1.00000, 0.00000, -29.05119, -24.91498, 0.01500, 1.00000, },
				{ -0.98585, 0.16765, 0.00000, 0.00000, -0.16765, -0.98585, 0.00000, 0.00000, 0.00000, 0.00000, 1.00000, 0.00000, -29.05119, -24.91498, 0.16000, 1.00000, },
				{ -0.99770, 0.06772, 0.00000, 0.00000, -0.06772, -0.99770, 0.00000, 0.00000, 0.00000, 0.00000, 1.00000, 0.00000, -29.05119, -24.91498, 0.30500, 1.00000, },
				{ -0.99997, 0.00803, 0.00000, 0.00000, -0.00803, -0.99997, 0.00000, 0.00000, 0.00000, 0.00000, 1.00000, 0.00000, -29.05119, -24.91498, 0.44500, 1.00000, },
				{ -0.99123, 0.13211, 0.00000, 0.00000, -0.13211, -0.99123, 0.00000, 0.00000, 0.00000, 0.00000, 1.00000, 0.00000, -29.05119, -24.91498, 0.59000, 1.00000, },
				{ -0.99123, 0.13211, 0.00000, 0.00000, -0.03597, -0.26989, -0.96222, 0.00000, -0.12712, -0.95378, 0.27228, 0.00000, -29.16406, -25.55510, 0.59000, 1.00000, },
			},
			["asset/industry/wood_plates_01.mdl"] = {
				{ -0.00000, 1.00000, 0.00000, 0.00000, -0.32557, -0.00000, -0.94552, 0.00000, -0.94552, -0.00000, 0.32557, 0.00000, -26.88000, -24.78000, 1.35500, 1.00000, },
			},
			["asset/industry/wood_plates_02.mdl"] = {
				{ 1.00000, 0.00000, 0.00000, 0.00000, 0.00000, 1.00000, 0.00000, 0.00000, 0.00000, 0.00000, 1.00000, 0.00000, -27.45000, -22.47000, 0.00000, 1.00000, },
			},
			["asset/industry/wooden_box_02.mdl"] = {
				{ 0.96992, -0.24183, 0.02792, 0.00000, 0.24192, 0.97030, -0.00000, 0.00000, -0.02709, 0.00675, 0.99961, 0.00000, -28.85443, -17.75351, 0.95000, 1.00000, },
			},
			["station/air/asset/cart_baggage_b.mdl"] = {
				{ -0.01047, -0.99995, -0.00000, 0.00000, 0.99995, -0.01047, -0.00000, 0.00000, -0.00000, -0.00000, 1.00000, 0.00000, -22.47713, 31.21088, 0.01500, 1.00000, },
				{ -0.01396, -0.99990, -0.00000, 0.00000, 0.99990, -0.01396, -0.00000, 0.00000, -0.00000, -0.00000, 1.00000, 0.00000, -22.43341, 34.33335, 0.01500, 1.00000, },
				{ -0.03141, -0.99951, -0.00000, 0.00000, 0.99951, -0.03141, -0.00000, 0.00000, -0.00000, -0.00000, 1.00000, 0.00000, -22.35054, 37.44896, 0.01500, 1.00000, },
				{ -0.33216, 0.94322, -0.00000, 0.00000, -0.94322, -0.33216, -0.00000, 0.00000, -0.00000, -0.00000, 1.00000, 0.00000, -20.39702, 57.25866, 0.01500, 1.00000, },
				{ -0.13572, 0.99075, 0.00000, 0.00000, -0.99075, -0.13572, -0.00000, 0.00000, -0.00000, -0.00000, 1.00000, 0.00000, -19.77999, 54.21000, 0.01500, 1.00000, },
				{ -0.02443, 0.99970, 0.00000, 0.00000, -0.99970, -0.02443, -0.00000, 0.00000, -0.00000, -0.00000, 1.00000, 0.00000, -19.59522, 51.09592, 0.01500, 1.00000, },
				{ -0.18910, 0.98196, -0.00000, 0.00000, -0.98196, -0.18910, 0.00000, 0.00000, -0.00000, 0.00000, 1.00000, 0.00000, 1.24940, -9.91584, 0.01500, 1.00000, },
				{ 0.13226, 0.99122, -0.00000, 0.00000, 0.00000, -0.00000, -1.00000, 0.00000, -0.99122, 0.13226, -0.00000, 0.00000, -27.69660, -17.82204, 1.46000, 1.00000, },
				{ 0.99912, -0.04183, 0.00000, 0.00000, 0.04183, 0.99912, 0.00000, 0.00000, 0.00000, 0.00000, 1.00000, 0.00000, -26.69000, 34.64000, 0.00000, 1.00000, },
				{ 0.12533, 0.99211, 0.00000, 0.00000, -0.99211, 0.12533, 0.00000, 0.00000, 0.00000, 0.00000, 1.00000, 0.00000, -5.17000, -10.76000, 0.02000, 1.00000, },
				{ -0.02792, 0.99961, 0.00000, 0.00000, -0.99961, -0.02792, 0.00000, 0.00000, 0.00000, 0.00000, 1.00000, 0.00000, -7.17000, -10.76000, 0.02000, 1.00000, },
				{ 0.99864, 0.05205, 0.00000, 0.00000, -0.05205, 0.99864, 0.00000, 0.00000, 0.00000, 0.00000, 1.00000, 0.00000, -26.69000, 37.04000, 0.00000, 1.00000, },
				{ 0.99864, 0.05205, 0.00000, 0.00000, -0.05205, 0.99864, 0.00000, 0.00000, 0.00000, 0.00000, 1.00000, 0.00000, -26.69000, 49.64000, 0.00000, 1.00000, },
				{ 0.99782, 0.06598, 0.00000, 0.00000, -0.06598, 0.99782, 0.00000, 0.00000, 0.00000, 0.00000, 1.00000, 0.00000, -26.69000, 41.94000, 0.00000, 1.00000, },
				{ 0.99951, -0.03142, 0.00000, 0.00000, 0.03142, 0.99951, 0.00000, 0.00000, 0.00000, 0.00000, 1.00000, 0.00000, -26.69000, 39.74000, 0.00000, 1.00000, },
				{ 0.99991, 0.01328, 0.00000, 0.00000, -0.01328, 0.99991, 0.00000, 0.00000, 0.00000, 0.00000, 1.00000, 0.00000, -26.69000, 44.74000, 0.00000, 1.00000, },
			},
			["station/air/asset/cart_cargo_b.mdl"] = {
				{ 0.00873, -0.99996, 0.00000, 0.00000, 0.99996, 0.00873, 0.00000, 0.00000, 0.00000, 0.00000, 1.00000, 0.00000, -16.00000, -6.69000, 0.02000, 1.00000, },
				{ 0.23345, 0.97237, 0.00000, 0.00000, -0.97237, 0.23345, 0.00000, 0.00000, 0.00000, 0.00000, 1.00000, 0.00000, -28.43999, -17.29000, 0.02000, 1.00000, },
			},
			["station/air/asset/ladder_low_a.mdl"] = {
				{ 0.75471, -0.65606, 0.00000, 0.00000, 0.65606, 0.75471, 0.00000, 0.00000, 0.00000, 0.00000, 1.00000, 0.00000, 29.09999, -24.94094, 0.00000, 1.00000, },
			},
			["station/air/asset/luggage_01_b.mdl"] = {
				{ -0.32519, 0.94565, -0.00000, 0.00000, -0.94565, -0.32519, -0.00000, 0.00000, -0.00000, 0.00000, 1.00000, 0.00000, -20.96461, 58.20810, 0.50000, 1.00000, },
				{ 0.94102, 0.33836, 0.00000, 0.00000, -0.33836, 0.94102, -0.00000, 0.00000, -0.00000, -0.00000, 1.00000, 0.00000, -19.88039, 56.65087, 0.50000, 1.00000, },
				{ -0.34492, 0.93863, -0.00000, 0.00000, -0.93863, -0.34492, -0.00000, 0.00000, -0.00000, 0.00000, 1.00000, 0.00000, -20.53982, 57.00183, 0.50000, 1.00000, },
				{ -0.33022, 0.94390, -0.00000, 0.00000, -0.94390, -0.33022, -0.00000, 0.00000, -0.00000, 0.00000, 1.00000, 0.00000, -20.76244, 57.63400, 0.50000, 1.00000, },
				{ 0.00000, -0.00000, -1.00000, 0.00000, 0.99523, 0.09758, 0.00000, 0.00000, 0.09758, -0.99523, 0.00000, 0.00000, -20.85466, 58.22704, 1.07500, 1.00000, },
				{ -0.33022, 0.94390, -0.00000, 0.00000, -0.94390, -0.33022, -0.00000, 0.00000, -0.00000, 0.00000, 1.00000, 0.00000, -20.30984, 56.39392, 0.50000, 1.00000, },
				{ -0.31324, 0.94967, -0.00000, 0.00000, -0.94967, -0.31324, -0.00000, 0.00000, -0.00000, 0.00000, 1.00000, 0.00000, -20.45714, 56.79717, 0.50000, 1.00000, },
				{ -0.94290, -0.33306, -0.00000, 0.00000, 0.33306, -0.94290, 0.00000, 0.00000, -0.00000, -0.00000, 1.00000, 0.00000, -20.39821, 58.09468, 0.50000, 1.00000, },
				{ -0.12840, 0.99172, -0.00000, 0.00000, -0.99172, -0.12840, -0.00000, 0.00000, -0.00000, -0.00000, 1.00000, 0.00000, -20.08876, 54.84301, 0.50000, 1.00000, },
				{ 0.98983, 0.14223, 0.00000, 0.00000, -0.14223, 0.98983, 0.00000, 0.00000, -0.00000, -0.00000, 1.00000, 0.00000, -19.39348, 55.07557, 0.50000, 1.00000, },
				{ -0.13368, 0.99102, -0.00000, 0.00000, -0.99102, -0.13368, -0.00000, 0.00000, -0.00000, -0.00000, 1.00000, 0.00000, -19.81181, 54.22118, 0.50000, 1.00000, },
				{ -0.13368, 0.99102, -0.00000, 0.00000, -0.99102, -0.13368, -0.00000, 0.00000, -0.00000, -0.00000, 1.00000, 0.00000, -19.85280, 53.12043, 0.50000, 1.00000, },
				{ -0.11589, 0.99326, -0.00000, 0.00000, -0.99326, -0.11589, -0.00000, 0.00000, -0.00000, -0.00000, 1.00000, 0.00000, -19.97077, 53.98167, 0.50000, 1.00000, },
				{ -0.01705, 0.99985, -0.00000, 0.00000, -0.99985, -0.01705, -0.00000, 0.00000, -0.00000, 0.00000, 1.00000, 0.00000, -19.83150, 51.75941, 0.50000, 1.00000, },
				{ 0.99952, 0.03101, 0.00000, 0.00000, -0.03101, 0.99952, -0.00000, 0.00000, -0.00000, 0.00000, 1.00000, 0.00000, -19.11464, 51.91302, 0.50000, 1.00000, },
				{ -0.03799, 0.99928, -0.00000, 0.00000, -0.99928, -0.03799, -0.00000, 0.00000, -0.00000, 0.00000, 1.00000, 0.00000, -19.79977, 50.46092, 0.50000, 1.00000, },
				{ -0.02238, 0.99975, -0.00000, 0.00000, -0.99975, -0.02238, -0.00000, 0.00000, -0.00000, 0.00000, 1.00000, 0.00000, -19.81553, 51.10595, 0.50000, 1.00000, },
				{ -0.02238, 0.99975, -0.00000, 0.00000, -0.99975, -0.02238, -0.00000, 0.00000, -0.00000, 0.00000, 1.00000, 0.00000, -19.78903, 50.02127, 0.50000, 1.00000, },
				{ -0.00445, 0.99999, -0.00000, 0.00000, -0.99999, -0.00445, -0.00000, 0.00000, -0.00000, 0.00000, 1.00000, 0.00000, -19.81026, 50.89029, 0.50000, 1.00000, },
				{ -0.99968, -0.02539, -0.00000, 0.00000, 0.02539, -0.99968, 0.00000, 0.00000, -0.00000, -0.00000, 1.00000, 0.00000, -19.30531, 51.16697, 0.50000, 1.00000, },
				{ -0.18184, 0.98333, -0.00000, 0.00000, -0.98333, -0.18184, 0.00000, 0.00000, -0.00000, 0.00000, 1.00000, 0.00000, 0.90686, -9.30045, 0.50000, 1.00000, },
				{ -0.00000, -0.00000, -1.00000, 0.00000, 0.10626, 0.99434, -0.00000, 0.00000, 0.99434, -0.10626, -0.00000, 0.00000, 2.59964, -9.12722, 0.10000, 1.00000, },
				{ 0.98069, 0.19555, -0.00000, 0.00000, -0.19555, 0.98069, -0.00000, 0.00000, -0.00000, 0.00000, 1.00000, 0.00000, 1.58854, -9.03062, 0.50000, 1.00000, },
				{ -0.77953, -0.62636, -0.00000, 0.00000, 0.62636, -0.77953, -0.00000, 0.00000, -0.00000, -0.00000, 1.00000, 0.00000, 1.57512, -9.76138, 0.50000, 1.00000, },
				{ -0.16483, 0.82708, -0.53737, 0.00000, -0.97796, -0.20783, -0.01991, 0.00000, -0.12815, 0.52224, 0.84311, 0.00000, 1.07125, -10.15414, 0.50000, 1.00000, },
			},
			["station/air/asset/luggage_02_b.mdl"] = {
				{ -0.32430, 0.94595, -0.00000, 0.00000, -0.94595, -0.32430, -0.00000, 0.00000, -0.00000, 0.00000, 1.00000, 0.00000, -20.84171, 57.82899, 0.50000, 1.00000, },
				{ -0.94367, -0.33090, -0.00000, 0.00000, 0.33090, -0.94367, 0.00000, 0.00000, -0.00000, 0.00000, 1.00000, 0.00000, -19.68193, 56.73236, 0.50000, 1.00000, },
				{ -0.32430, 0.94595, -0.00000, 0.00000, -0.94595, -0.32430, -0.00000, 0.00000, -0.00000, 0.00000, 1.00000, 0.00000, -20.24435, 56.16281, 0.50000, 1.00000, },
				{ -0.32614, 0.94532, -0.00000, 0.00000, -0.94532, -0.32614, -0.00000, 0.00000, -0.00000, 0.00000, 1.00000, 0.00000, -20.68864, 57.42443, 0.50000, 1.00000, },
				{ 0.94068, 0.33931, 0.00000, 0.00000, -0.33931, 0.94068, -0.00000, 0.00000, -0.00000, -0.00000, 1.00000, 0.00000, -19.92984, 57.43608, 0.50000, 1.00000, },
				{ -0.32666, 0.94514, -0.00000, 0.00000, -0.94514, -0.32666, -0.00000, 0.00000, -0.00000, 0.00000, 1.00000, 0.00000, -20.60973, 57.20035, 0.50000, 1.00000, },
				{ -0.12747, 0.99184, -0.00000, 0.00000, -0.99184, -0.12747, -0.00000, 0.00000, -0.00000, -0.00000, 1.00000, 0.00000, -20.11748, 55.05264, 0.50000, 1.00000, },
				{ -0.12940, 0.99159, -0.00000, 0.00000, -0.99159, -0.12940, -0.00000, 0.00000, -0.00000, -0.00000, 1.00000, 0.00000, -20.06015, 54.63412, 0.50000, 1.00000, },
				{ 0.98969, 0.14323, 0.00000, 0.00000, -0.14323, 0.98969, 0.00000, 0.00000, -0.00000, -0.00000, 1.00000, 0.00000, -19.60195, 55.04404, 0.50000, 1.00000, },
