local transf = require "transf"
local vec3 = require "vec3"
local constructionutil = require "constructionutil"
local modulesutil = require "modulesutil"

local cargoCapacity = 40
local passengerCapacity = 0

--Begin Generated
local generatedData = {
	["era_b_airport_cargo_terminal_permanent"] = {
		models = {
			["asset/roof/era_b_lamp_a_01.mdl"] = {
				{ 1.00000, 0.00000, 0.00000, 0.00000, 0.00000, 1.00000, 0.00000, 0.00000, 0.00000, 0.00000, 1.00000, 0.00000, -26.35000, -6.64500, 15.03500, 1.00000, },
				{ 1.00000, 0.00000, 0.00000, 0.00000, 0.00000, 1.00000, 0.00000, 0.00000, 0.00000, 0.00000, 1.00000, 0.00000, -0.00000, -10.74500, 15.03500, 1.00000, },
				{ -1.00000, -0.00000, 0.00000, 0.00000, 0.00000, -1.00000, -0.00000, 0.00000, 0.00000, -0.00000, 1.00000, 0.00000, 28.00000, -39.10500, 15.03500, 1.00000, },
				{ 1.00000, 0.00000, 0.00000, 0.00000, 0.00000, 1.00000, 0.00000, 0.00000, 0.00000, 0.00000, 1.00000, 0.00000, 14.00000, -10.74500, 15.03500, 1.00000, },
				{ -1.00000, -0.00000, 0.00000, 0.00000, 0.00000, -1.00000, -0.00000, 0.00000, 0.00000, -0.00000, 1.00000, 0.00000, 14.00000, -39.10500, 15.03500, 1.00000, },
				{ 1.00000, 0.00000, 0.00000, 0.00000, 0.00000, 1.00000, 0.00000, 0.00000, 0.00000, 0.00000, 1.00000, 0.00000, 28.00000, -10.74500, 15.03500, 1.00000, },
				{ -1.00000, -0.00000, 0.00000, 0.00000, 0.00000, -1.00000, -0.00000, 0.00000, 0.00000, -0.00000, 1.00000, 0.00000, -0.00000, -39.10500, 15.03500, 1.00000, },
				{ -1.00000, -0.00000, 0.00000, 0.00000, 0.00000, -1.00000, -0.00000, 0.00000, 0.00000, -0.00000, 1.00000, 0.00000, -28.00000, -39.10500, 15.03500, 1.00000, },
				{ -1.00000, -0.00000, 0.00000, 0.00000, 0.00000, -1.00000, -0.00000, 0.00000, 0.00000, -0.00000, 1.00000, 0.00000, -14.00000, -39.10500, 15.03500, 1.00000, },
				{ 1.00000, 0.00000, 0.00000, 0.00000, 0.00000, 1.00000, -0.00000, 0.00000, -0.00000, 0.00000, 1.00000, 0.00000, -14.00000, -10.74500, 15.03500, 1.00000, },
			},
			["asset/roof/era_b_lamp_b_01.mdl"] = {
				{ -0.00000, -1.00000, 0.00000, 0.00000, 1.00000, -0.00000, -0.00000, 0.00000, 0.00000, 0.00000, 1.00000, 0.00000, -22.27100, -10.93451, 4.00500, 1.00000, },
				{ -0.00000, 1.00000, 0.00000, 0.00000, -1.00000, -0.00000, -0.00000, 0.00000, -0.00000, -0.00000, 1.00000, 0.00000, -29.92000, -11.11451, 14.16500, 1.00000, },
				{ -0.00000, -1.00000, 0.00000, 0.00000, 1.00000, -0.00000, -0.00000, 0.00000, 0.00000, -0.00000, 1.00000, 0.00000, 29.93000, -36.58579, 14.16500, 1.00000, },
				{ -0.00000, 1.00000, 0.00000, 0.00000, -1.00000, -0.00000, -0.00000, 0.00000, -0.00000, -0.00000, 1.00000, 0.00000, -29.92000, -18.83827, 14.16500, 1.00000, },
				{ -0.00000, -1.00000, 0.00000, 0.00000, 1.00000, -0.00000, -0.00000, 0.00000, 0.00000, -0.00000, 1.00000, 0.00000, 29.93000, -28.86203, 14.16500, 1.00000, },
				{ -0.00000, 1.00000, 0.00000, 0.00000, -1.00000, -0.00000, -0.00000, 0.00000, -0.00000, -0.00000, 1.00000, 0.00000, -29.92000, -26.56203, 14.16500, 1.00000, },
				{ -0.00000, -1.00000, 0.00000, 0.00000, 1.00000, -0.00000, -0.00000, 0.00000, 0.00000, -0.00000, 1.00000, 0.00000, 29.93000, -21.13827, 14.16500, 1.00000, },
				{ -0.00000, 1.00000, 0.00000, 0.00000, -1.00000, -0.00000, -0.00000, 0.00000, -0.00000, -0.00000, 1.00000, 0.00000, -29.92000, -34.28579, 14.16500, 1.00000, },
				{ -0.00000, -1.00000, 0.00000, 0.00000, 1.00000, -0.00000, -0.00000, 0.00000, 0.00000, -0.00000, 1.00000, 0.00000, 29.93000, -13.41451, 14.16500, 1.00000, },
				{ 1.00000, 0.00000, 0.00000, 0.00000, 0.00000, 1.00000, 0.00000, 0.00000, 0.00000, 0.00000, 1.00000, 0.00000, -26.10000, -43.01000, 6.74480, 1.00000, },
				{ 1.00000, -0.00000, -0.00000, 0.00000, 0.00000, 1.00000, -0.00000, 0.00000, 0.00000, 0.00000, 1.00000, 0.00000, -16.35917, -13.24451, 5.20500, 1.00000, },
				{ -0.00000, -1.00000, 0.00000, 0.00000, 1.00000, -0.00000, -0.00000, 0.00000, 0.00000, -0.00000, 1.00000, 0.00000, -22.27400, -39.35000, 6.74480, 1.00000, },
				{ 1.00000, -0.00000, -0.00000, 0.00000, 0.00000, 1.00000, -0.00000, 0.00000, 0.00000, 0.00000, 1.00000, 0.00000, -6.35917, -13.24451, 5.20500, 1.00000, },
				{ 1.00000, 0.00000, 0.00000, 0.00000, 0.00000, 1.00000, -0.00000, 0.00000, -0.00000, 0.00000, 1.00000, 0.00000, -26.10000, -6.44451, 6.79500, 1.00000, },
				{ 1.00000, -0.00000, -0.00000, 0.00000, 0.00000, 1.00000, -0.00000, 0.00000, 0.00000, 0.00000, 1.00000, 0.00000, 3.64082, -13.24451, 5.20500, 1.00000, },
				{ 1.00000, 0.00000, 0.00000, 0.00000, 0.00000, 1.00000, 0.00000, 0.00000, 0.00000, 0.00000, 1.00000, 0.00000, -26.10000, -6.44451, 14.16500, 1.00000, },
				{ 1.00000, -0.00000, -0.00000, 0.00000, 0.00000, 1.00000, -0.00000, 0.00000, 0.00000, 0.00000, 1.00000, 0.00000, 13.64083, -13.24451, 5.20500, 1.00000, },
				{ -1.00000, -0.00000, -0.00000, 0.00000, 0.00000, -1.00000, -0.00000, 0.00000, -0.00000, -0.00000, 1.00000, 0.00000, 23.64083, -35.84451, 5.20500, 1.00000, },
				{ 1.00000, -0.00000, -0.00000, 0.00000, 0.00000, 1.00000, -0.00000, 0.00000, 0.00000, 0.00000, 1.00000, 0.00000, 23.64083, -13.24451, 5.20500, 1.00000, },
				{ -1.00000, -0.00000, -0.00000, 0.00000, 0.00000, -1.00000, -0.00000, 0.00000, -0.00000, -0.00000, 1.00000, 0.00000, 13.64083, -35.84451, 5.20500, 1.00000, },
				{ -1.00000, -0.00000, -0.00000, 0.00000, 0.00000, -1.00000, -0.00000, 0.00000, -0.00000, -0.00000, 1.00000, 0.00000, -16.35917, -35.84451, 5.20500, 1.00000, },
				{ -1.00000, -0.00000, -0.00000, 0.00000, 0.00000, -1.00000, -0.00000, 0.00000, -0.00000, -0.00000, 1.00000, 0.00000, 3.64082, -35.84451, 5.20500, 1.00000, },
				{ -1.00000, -0.00000, -0.00000, 0.00000, 0.00000, -1.00000, -0.00000, 0.00000, -0.00000, -0.00000, 1.00000, 0.00000, -6.35917, -35.84451, 5.20500, 1.00000, },
			},
			["asset/roof/generator2.mdl"] = {
				{ 1.00000, 0.00000, 0.00000, 0.00000, 0.00000, 1.00000, 0.00000, 0.00000, 0.00000, 0.00000, 1.00000, 0.00000, -18.63000, -23.63500, 14.76000, 1.00000, },
			},
			["asset/roof/ventfan2.mdl"] = {
				{ 1.00000, 0.00000, 0.00000, 0.00000, 0.00000, 1.00000, 0.00000, 0.00000, 0.00000, 0.00000, 1.00000, 0.00000, -20.00000, -21.75000, 14.76820, 1.00000, },
				{ 1.00000, 0.00000, 0.00000, 0.00000, 0.00000, 1.00000, 0.00000, 0.00000, 0.00000, 0.00000, 1.00000, 0.00000, -17.50000, -21.75000, 14.76820, 1.00000, },
			},
			["asset/roof/ventilation_cube1.mdl"] = {
				{ 1.00000, 0.00000, 0.00000, 0.00000, 0.00000, 1.00000, 0.00000, 0.00000, 0.00000, 0.00000, 1.00000, 0.00000, -16.24000, -23.66500, 14.80000, 1.00000, },
			},
			["asset/roof/ventilation_cube2.mdl"] = {
				{ 0.60000, 0.00000, 0.00000, 0.00000, 0.00000, 0.60000, 0.00000, 0.00000, 0.00000, 0.00000, 0.60000, 0.00000, -27.56000, -14.75000, 14.80000, 1.00000, },
				{ 0.60000, 0.00000, 0.00000, 0.00000, 0.00000, 0.60000, 0.00000, 0.00000, 0.00000, 0.00000, 0.60000, 0.00000, -16.81000, -14.75000, 14.80000, 1.00000, },
				{ 0.60000, 0.00000, 0.00000, 0.00000, 0.00000, 0.60000, 0.00000, 0.00000, 0.00000, 0.00000, 0.60000, 0.00000, -6.06000, -14.75000, 14.80000, 1.00000, },
				{ 0.60000, 0.00000, 0.00000, 0.00000, 0.00000, 0.60000, 0.00000, 0.00000, 0.00000, 0.00000, 0.60000, 0.00000, 4.69000, -14.75000, 14.80000, 1.00000, },
				{ 0.60000, 0.00000, 0.00000, 0.00000, 0.00000, 0.60000, 0.00000, 0.00000, 0.00000, 0.00000, 0.60000, 0.00000, 15.44000, -14.75000, 14.80000, 1.00000, },
				{ 0.60000, 0.00000, 0.00000, 0.00000, 0.00000, 0.60000, 0.00000, 0.00000, 0.00000, 0.00000, 0.60000, 0.00000, 26.19000, -14.75000, 14.80000, 1.00000, },
			},
			["asset/roof/ventilation_end_curved.mdl"] = {
				{ -0.00000, 1.00000, 0.00000, 0.00000, -1.00000, -0.00000, 0.00000, 0.00000, 0.00000, 0.00000, 1.00000, 0.00000, -19.97500, -19.44917, 14.80000, 1.00000, },
				{ -0.00000, 1.00000, 0.00000, 0.00000, -1.00000, -0.00000, 0.00000, 0.00000, 0.00000, 0.00000, 1.00000, 0.00000, -17.50500, -19.44917, 14.80000, 1.00000, },
			},
			["station/air/airport/era_b_ct_asphalt_tile.mdl"] = {
				{ 1.00000, 0.00000, 0.00000, 0.00000, 0.00000, 1.00000, 0.00000, 0.00000, 0.00000, 0.00000, 1.00000, 0.00000, 0.00000, 0.00000, 0.00000, 1.00000, },
			},
			["station/air/airport/era_b_ct_street_markings.mdl"] = {
				{ 1.00000, 0.00000, 0.00000, 0.00000, 0.00000, 1.00000, 0.00000, 0.00000, 0.00000, 0.00000, 1.00000, 0.00000, 0.00000, 0.00000, 0.00000, 1.00000, },
			},
			["station/air/asset/spotlight_new.mdl"] = {
				{ 1.00000, 0.00000, 0.00000, 0.00000, 0.00000, 1.00000, 0.00000, 0.00000, 0.00000, 0.00000, 1.00000, 0.00000, -26.00000, 52.00000, 0.00000, 1.00000, },
				{ 1.00000, 0.00000, 0.00000, 0.00000, 0.00000, 1.00000, 0.00000, 0.00000, 0.00000, 0.00000, 1.00000, 0.00000, -26.00000, 14.00000, 0.00000, 1.00000, },
			},
		},
	},
	["era_b_airport_cargo_terminal_layout_a"] = {
		models = {
			["asset/ground/container_fluid.mdl"] = {
				{ 0.99995, -0.01047, 0.00000, 0.00000, 0.01047, 0.99995, -0.00000, 0.00000, -0.00000, 0.00000, 1.00000, 0.00000, -19.07527, -47.10000, 0.27500, 1.00000, },
				{ 0.99995, -0.01047, 0.00000, 0.00000, 0.01047, 0.99995, -0.00000, 0.00000, -0.00000, 0.00000, 1.00000, 0.00000, -22.02527, -47.10000, 0.27500, 1.00000, },
				{ 0.99756, 0.06976, 0.00000, 0.00000, -0.06976, 0.99756, -0.00000, 0.00000, -0.00000, 0.00000, 1.00000, 0.00000, -19.07375, -49.85795, 0.27500, 1.00000, },
				{ 0.99756, 0.06976, 0.00000, 0.00000, -0.06976, 0.99756, -0.00000, 0.00000, -0.00000, 0.00000, 1.00000, 0.00000, -22.02375, -49.85795, 0.27500, 1.00000, },
				{ 0.99756, -0.06976, -0.00000, 0.00000, 0.06976, 0.99756, 0.00000, 0.00000, 0.00000, -0.00000, 1.00000, 0.00000, -19.03650, -52.51143, 0.27500, 1.00000, },
				{ 0.99756, -0.06976, -0.00000, 0.00000, 0.06976, 0.99756, 0.00000, 0.00000, 0.00000, -0.00000, 1.00000, 0.00000, -21.98650, -52.51143, 0.27500, 1.00000, },
			},
			["asset/ground/container_waste2.mdl"] = {
				{ -0.00000, -1.00000, -0.00000, 0.00000, 1.00000, -0.00000, 0.00000, 0.00000, -0.00000, 0.00000, 1.00000, 0.00000, 28.67824, -11.76387, -0.00000, 1.00000, },
				{ -0.00000, 1.00000, 0.00000, 0.00000, -1.00000, -0.00000, 0.00000, 0.00000, 0.00000, 0.00000, 1.00000, 0.00000, -25.93176, 9.65613, -0.00000, 1.00000, },
				{ -0.20108, 0.97958, -0.00000, 0.00000, -0.97958, -0.20108, 0.00000, 0.00000, -0.00000, 0.00000, 1.00000, 0.00000, -25.93176, 5.70613, -0.00000, 1.00000, },
				{ -0.00000, -1.00000, -0.00000, 0.00000, 1.00000, -0.00000, 0.00000, 0.00000, -0.00000, 0.00000, 1.00000, 0.00000, 26.73824, -41.08387, -0.00000, 1.00000, },
				{ 0.05931, -0.99824, 0.00000, 0.00000, 0.99824, 0.05931, 0.00000, 0.00000, -0.00000, -0.00000, 1.00000, 0.00000, 26.73824, -38.18386, -0.00000, 1.00000, },
			},
			["asset/industry/cardboard_box_01.mdl"] = {
				{ -0.01396, 0.99990, 0.00000, 0.00000, -0.99990, -0.01396, 0.00000, 0.00000, 0.00000, 0.00000, 1.00000, 0.00000, -21.11500, -12.69000, 0.53000, 1.00000, },
				{ -0.13917, 0.99027, 0.00000, 0.00000, -0.99027, -0.13917, 0.00000, 0.00000, 0.00000, 0.00000, 1.00000, 0.00000, 28.77500, -51.67000, 0.53000, 1.00000, },
				{ -0.01396, 0.99990, 0.00000, 0.00000, -0.99990, -0.01396, 0.00000, 0.00000, 0.00000, 0.00000, 1.00000, 0.00000, -20.12000, -12.77500, 0.02000, 1.00000, },
				{ 0.70463, 0.70957, 0.00000, 0.00000, -0.70957, 0.70463, 0.00000, 0.00000, 0.00000, 0.00000, 1.00000, 0.00000, 29.18000, -51.75500, 0.02000, 1.00000, },
				{ 0.24869, 0.96858, 0.00000, 0.00000, -0.96858, 0.24869, 0.00000, 0.00000, 0.00000, 0.00000, 1.00000, 0.00000, -21.11500, -12.69000, 0.02000, 1.00000, },
				{ 0.86603, 0.50000, 0.00000, 0.00000, -0.50000, 0.86603, 0.00000, 0.00000, 0.00000, 0.00000, 1.00000, 0.00000, 28.18500, -51.67000, 0.02000, 1.00000, },
			},
			["asset/industry/pallet_01.mdl"] = {
				{ 1.00000, 0.00035, 0.00000, 0.00000, -0.00035, 1.00000, 0.00000, 0.00000, 0.00000, 0.00000, 1.00000, 0.00000, -15.29096, -53.48679, 0.01500, 1.00000, },
				{ 1.00000, 0.00035, 0.00000, 0.00000, -0.00035, 1.00000, 0.00000, 0.00000, 0.00000, 0.00000, 1.00000, 0.00000, -11.29692, -50.11238, 0.01500, 1.00000, },
				{ 1.00000, 0.00035, 0.00000, 0.00000, -0.00035, 1.00000, 0.00000, 0.00000, 0.00000, 0.00000, 1.00000, 0.00000, -13.29411, -50.12877, 0.01500, 1.00000, },
				{ 1.00000, 0.00035, 0.00000, 0.00000, -0.00035, 1.00000, 0.00000, 0.00000, 0.00000, 0.00000, 1.00000, 0.00000, -15.29412, -50.06782, 0.01500, 1.00000, },
				{ 1.00000, 0.00035, 0.00000, 0.00000, -0.00035, 1.00000, 0.00000, 0.00000, 0.00000, 0.00000, 1.00000, 0.00000, -11.27425, -48.08767, 0.01500, 1.00000, },
				{ 1.00000, 0.00035, 0.00000, 0.00000, -0.00035, 1.00000, 0.00000, 0.00000, 0.00000, 0.00000, 1.00000, 0.00000, -11.27425, -51.80768, 0.01500, 1.00000, },
				{ 1.00000, 0.00035, 0.00000, 0.00000, -0.00035, 1.00000, 0.00000, 0.00000, 0.00000, 0.00000, 1.00000, 0.00000, -11.27425, -53.49767, 0.01500, 1.00000, },
				{ 1.00000, 0.00035, 0.00000, 0.00000, -0.00035, 1.00000, 0.00000, 0.00000, 0.00000, 0.00000, 1.00000, 0.00000, -13.28423, -48.10504, 0.01500, 1.00000, },
				{ 1.00000, 0.00035, 0.00000, 0.00000, -0.00035, 1.00000, 0.00000, 0.00000, 0.00000, 0.00000, 1.00000, 0.00000, -13.28423, -51.82504, 0.01500, 1.00000, },
				{ 1.00000, 0.00035, 0.00000, 0.00000, -0.00035, 1.00000, 0.00000, 0.00000, 0.00000, 0.00000, 1.00000, 0.00000, -13.28423, -53.51504, 0.01500, 1.00000, },
				{ 1.00000, 0.00035, 0.00000, 0.00000, -0.00035, 1.00000, 0.00000, 0.00000, 0.00000, 0.00000, 1.00000, 0.00000, -15.27284, -48.09272, 0.01500, 1.00000, },
				{ 1.00000, 0.00035, 0.00000, 0.00000, -0.00035, 1.00000, 0.00000, 0.00000, 0.00000, 0.00000, 1.00000, 0.00000, -15.27284, -51.81272, 0.01500, 1.00000, },
				{ -0.00000, -1.93000, 0.00000, 0.00000, 1.93000, -0.00000, 0.00000, 0.00000, 0.00000, 0.00000, 1.93000, 0.00000, -19.10000, -47.08000, 0.00000, 1.00000, },
				{ -0.00000, -1.93000, 0.00000, 0.00000, 1.93000, -0.00000, 0.00000, 0.00000, 0.00000, 0.00000, 1.93000, 0.00000, -22.05000, -47.08000, 0.00000, 1.00000, },
				{ 0.15478, -1.92378, 0.00000, 0.00000, 1.92378, 0.15478, 0.00000, 0.00000, 0.00000, 0.00000, 1.93000, 0.00000, -19.10000, -49.84000, 0.00000, 1.00000, },
				{ 0.15478, -1.92378, 0.00000, 0.00000, 1.92378, 0.15478, 0.00000, 0.00000, 0.00000, 0.00000, 1.93000, 0.00000, -22.05000, -49.84000, 0.00000, 1.00000, },
				{ -0.11446, -1.92660, 0.00000, 0.00000, 1.92660, -0.11446, 0.00000, 0.00000, 0.00000, 0.00000, 1.93000, 0.00000, -19.06000, -52.49000, 0.00000, 1.00000, },
				{ -0.11446, -1.92660, 0.00000, 0.00000, 1.92660, -0.11446, 0.00000, 0.00000, 0.00000, 0.00000, 1.93000, 0.00000, -22.01000, -52.49000, 0.00000, 1.00000, },
				{ 1.00000, 0.00175, 0.00000, 0.00000, -0.00175, 1.00000, 0.00000, 0.00000, 0.00000, 0.00000, 1.00000, 0.00000, 20.40303, -53.04205, 0.01500, 1.00000, },
				{ 1.00000, 0.00175, 0.00000, 0.00000, -0.00175, 1.00000, 0.00000, 0.00000, 0.00000, 0.00000, 1.00000, 0.00000, 20.40303, -48.10205, 0.01500, 1.00000, },
				{ 1.00000, 0.00175, 0.00000, 0.00000, -0.00175, 1.00000, 0.00000, 0.00000, 0.00000, 0.00000, 1.00000, 0.00000, 20.40303, -46.56205, 0.01500, 1.00000, },
				{ 1.00000, 0.00175, 0.00000, 0.00000, -0.00175, 1.00000, 0.00000, 0.00000, 0.00000, 0.00000, 1.00000, 0.00000, 21.65811, -53.12621, 0.01500, 1.00000, },
				{ 1.00000, 0.00175, 0.00000, 0.00000, -0.00175, 1.00000, 0.00000, 0.00000, 0.00000, 0.00000, 1.00000, 0.00000, 21.65811, -48.18621, 0.01500, 1.00000, },
				{ 1.00000, 0.00175, 0.00000, 0.00000, -0.00175, 1.00000, 0.00000, 0.00000, 0.00000, 0.00000, 1.00000, 0.00000, 21.75811, -46.64621, 0.01500, 1.00000, },
				{ 1.00000, 0.00175, 0.00000, 0.00000, -0.00175, 1.00000, 0.00000, 0.00000, 0.00000, 0.00000, 1.00000, 0.00000, 23.20166, -53.11641, 0.01500, 1.00000, },
				{ 1.00000, 0.00175, 0.00000, 0.00000, -0.00175, 1.00000, 0.00000, 0.00000, 0.00000, 0.00000, 1.00000, 0.00000, 23.20166, -48.17641, 0.01500, 1.00000, },
				{ 0.99872, -0.05059, 0.00000, 0.00000, 0.05059, 0.99872, 0.00000, 0.00000, 0.00000, 0.00000, 1.00000, 0.00000, 23.20166, -46.63641, 0.01500, 1.00000, },
				{ 1.00000, 0.00175, 0.00000, 0.00000, -0.00175, 1.00000, 0.00000, 0.00000, 0.00000, 0.00000, 1.00000, 0.00000, 24.45746, -53.04367, 0.01500, 1.00000, },
				{ 1.00000, 0.00175, 0.00000, 0.00000, -0.00175, 1.00000, 0.00000, 0.00000, 0.00000, 0.00000, 1.00000, 0.00000, 24.45746, -48.10368, 0.01500, 1.00000, },
				{ 0.99966, -0.02618, 0.00000, 0.00000, 0.02618, 0.99966, 0.00000, 0.00000, 0.00000, 0.00000, 1.00000, 0.00000, 24.45746, -46.56367, 0.01500, 1.00000, },
				{ 1.00000, 0.00175, 0.00000, 0.00000, -0.00175, 1.00000, 0.00000, 0.00000, 0.00000, 0.00000, 1.00000, 0.00000, 20.21080, -51.44099, 0.01500, 1.00000, },
				{ 1.00000, 0.00175, 0.00000, 0.00000, -0.00175, 1.00000, 0.00000, 0.00000, 0.00000, 0.00000, 1.00000, 0.00000, 21.61082, -51.46198, 0.01500, 1.00000, },
				{ 1.00000, 0.00175, 0.00000, 0.00000, -0.00175, 1.00000, 0.00000, 0.00000, 0.00000, 0.00000, 1.00000, 0.00000, 23.10156, -51.42466, 0.01500, 1.00000, },
				{ 1.00000, 0.00175, 0.00000, 0.00000, -0.00175, 1.00000, 0.00000, 0.00000, 0.00000, 0.00000, 1.00000, 0.00000, 24.43724, -51.44249, 0.01500, 1.00000, },
				{ 1.00000, 0.00175, 0.00000, 0.00000, -0.00175, 1.00000, 0.00000, 0.00000, 0.00000, 0.00000, 1.00000, 0.00000, 20.37290, -49.83892, 0.01500, 1.00000, },
				{ 1.00000, 0.00175, 0.00000, 0.00000, -0.00175, 1.00000, 0.00000, 0.00000, 0.00000, 0.00000, 1.00000, 0.00000, 21.72548, -49.84700, 0.01500, 1.00000, },
				{ 1.00000, 0.00175, 0.00000, 0.00000, -0.00175, 1.00000, 0.00000, 0.00000, 0.00000, 0.00000, 1.00000, 0.00000, 23.09530, -49.83593, 0.01500, 1.00000, },
				{ 1.00000, 0.00175, 0.00000, 0.00000, -0.00175, 1.00000, 0.00000, 0.00000, 0.00000, 0.00000, 1.00000, 0.00000, 24.41676, -49.81753, 0.01500, 1.00000, },
				{ 1.19736, 0.07953, 0.00000, 0.00000, -0.07953, 1.19736, 0.00000, 0.00000, 0.00000, 0.00000, 1.20000, 0.00000, -25.99000, 38.16000, 0.02000, 1.00000, },
				{ 1.19678, -0.08789, 0.00000, 0.00000, 0.08789, 1.19678, 0.00000, 0.00000, 0.00000, 0.00000, 1.20000, 0.00000, -25.99000, 38.16000, 0.19280, 1.00000, },
				{ 1.19974, -0.02513, 0.00000, 0.00000, 0.02513, 1.19974, 0.00000, 0.00000, 0.00000, 0.00000, 1.20000, 0.00000, -25.99000, 38.16000, 0.36560, 1.00000, },
				{ 1.18713, 0.17530, 0.00000, 0.00000, -0.17530, 1.18713, 0.00000, 0.00000, 0.00000, 0.00000, 1.20000, 0.00000, -25.99000, 38.16000, 0.53840, 1.00000, },
				{ 1.19813, 0.06699, 0.00000, 0.00000, -0.06699, 1.19813, 0.00000, 0.00000, 0.00000, 0.00000, 1.20000, 0.00000, -25.99000, 38.16000, 0.71120, 1.00000, },
				{ 1.17018, -0.26586, 0.00000, 0.00000, 0.26586, 1.17018, 0.00000, 0.00000, 0.00000, 0.00000, 1.20000, 0.00000, -25.99000, 38.16000, 0.88640, 1.00000, },
				{ 1.19736, 0.07953, 0.00000, 0.00000, -0.07953, 1.19736, 0.00000, 0.00000, 0.00000, 0.00000, 1.20000, 0.00000, -27.89000, 38.16000, 0.01800, 1.00000, },
				{ 1.19678, -0.08789, 0.00000, 0.00000, 0.08789, 1.19678, 0.00000, 0.00000, 0.00000, 0.00000, 1.20000, 0.00000, -27.89000, 38.16000, 0.19080, 1.00000, },
				{ 1.19974, -0.02513, 0.00000, 0.00000, 0.02513, 1.19974, 0.00000, 0.00000, 0.00000, 0.00000, 1.20000, 0.00000, -27.89000, 38.16000, 0.36360, 1.00000, },
				{ 1.18713, 0.17530, 0.00000, 0.00000, -0.17530, 1.18713, 0.00000, 0.00000, 0.00000, 0.00000, 1.20000, 0.00000, -27.89000, 38.16000, 0.53640, 1.00000, },
				{ 1.19813, 0.06699, 0.00000, 0.00000, -0.06699, 1.19813, 0.00000, 0.00000, 0.00000, 0.00000, 1.20000, 0.00000, -27.89000, 38.16000, 0.70920, 1.00000, },
				{ 1.17018, -0.26586, 0.00000, 0.00000, 0.26586, 1.17018, 0.00000, 0.00000, 0.00000, 0.00000, 1.20000, 0.00000, -27.89000, 38.16000, 0.88440, 1.00000, },
				{ 1.19579, -0.10041, 0.00000, 0.00000, 0.10041, 1.19579, 0.00000, 0.00000, 0.00000, 0.00000, 1.20000, 0.00000, -26.11000, 40.12000, 0.02000, 1.00000, },
				{ 0.03700, 1.19942, -0.00511, 0.00000, -0.38538, 0.00705, -1.13641, 0.00000, -1.13583, 0.03668, 0.38541, 0.00000, -26.71600, 40.23400, 0.70400, 1.00000, },
				{ 1.19941, -0.03769, 0.00000, 0.00000, 0.03769, 1.19941, 0.00000, 0.00000, 0.00000, 0.00000, 1.20000, 0.00000, -26.11000, 40.12000, 0.19280, 1.00000, },
				{ 1.19543, -0.10459, 0.00000, 0.00000, 0.10459, 1.19543, 0.00000, 0.00000, 0.00000, 0.00000, 1.20000, 0.00000, -26.11000, 40.12000, 0.36680, 1.00000, },
				{ 1.19876, -0.05444, 0.00000, 0.00000, 0.05444, 1.19876, 0.00000, 0.00000, 0.00000, 0.00000, 1.20000, 0.00000, -26.11000, 40.12000, 0.54680, 1.00000, },
				{ 1.19876, -0.05444, 0.00000, 0.00000, 0.05444, 1.19876, 0.00000, 0.00000, 0.00000, 0.00000, 1.20000, 0.00000, -26.04400, 40.12000, 0.73880, 1.00000, },
				{ 1.19001, -0.15455, 0.00000, 0.00000, 0.15455, 1.19001, 0.00000, 0.00000, 0.00000, 0.00000, 1.20000, 0.00000, 28.88000, -45.88000, 0.02000, 1.00000, },
				{ 1.15691, -0.31867, 0.00000, 0.00000, 0.31867, 1.15691, 0.00000, 0.00000, 0.00000, 0.00000, 1.20000, 0.00000, 28.88000, -45.88000, 0.19280, 1.00000, },
				{ 1.17201, -0.25768, 0.00000, 0.00000, 0.25768, 1.17201, 0.00000, 0.00000, 0.00000, 0.00000, 1.20000, 0.00000, 28.88000, -45.88000, 0.36560, 1.00000, },
				{ 1.19857, -0.05862, 0.00000, 0.00000, 0.05862, 1.19857, 0.00000, 0.00000, 0.00000, 0.00000, 1.20000, 0.00000, 28.88000, -45.88000, 0.53840, 1.00000, },
				{ 1.18832, -0.16701, 0.00000, 0.00000, 0.16701, 1.18832, 0.00000, 0.00000, 0.00000, 0.00000, 1.20000, 0.00000, 28.88000, -45.88000, 0.71120, 1.00000, },
				{ 1.09625, -0.48808, 0.00000, 0.00000, 0.48808, 1.09625, 0.00000, 0.00000, 0.00000, 0.00000, 1.20000, 0.00000, 28.88000, -45.88000, 0.88640, 1.00000, },
				{ 1.19427, -0.11710, 0.00000, 0.00000, 0.11710, 1.19427, 0.00000, 0.00000, 0.00000, 0.00000, 1.20000, 0.00000, 28.66500, -49.53500, 0.01800, 1.00000, },
				{ 1.19964, 0.02932, 0.00000, 0.00000, -0.02932, 1.19964, 0.00000, 0.00000, 0.00000, 0.00000, 1.20000, 0.00000, 28.66500, -49.53500, 0.19080, 1.00000, },
				{ 1.19857, -0.05862, 0.00000, 0.00000, 0.05862, 1.19857, 0.00000, 0.00000, 0.00000, 0.00000, 1.20000, 0.00000, 28.66500, -49.53500, 0.36360, 1.00000, },
				{ 1.14509, -0.35885, 0.00000, 0.00000, 0.35885, 1.14509, 0.00000, 0.00000, 0.00000, 0.00000, 1.20000, 0.00000, 28.66500, -49.53500, 0.53640, 1.00000, },
				{ 1.19298, -0.12960, 0.00000, 0.00000, 0.12960, 1.19298, 0.00000, 0.00000, 0.00000, 0.00000, 1.20000, 0.00000, 28.66500, -49.53500, 0.70920, 1.00000, },
				{ 1.19579, -0.10041, 0.00000, 0.00000, 0.10041, 1.19579, 0.00000, 0.00000, 0.00000, 0.00000, 1.20000, 0.00000, 28.66500, -49.53500, 0.88440, 1.00000, },
				{ 1.19988, 0.01675, 0.00000, 0.00000, -0.01675, 1.19988, 0.00000, 0.00000, 0.00000, 0.00000, 1.20000, 0.00000, 28.66500, -49.53500, 1.05840, 1.00000, },
				{ 1.19579, -0.10041, 0.00000, 0.00000, 0.10041, 1.19579, 0.00000, 0.00000, 0.00000, 0.00000, 1.20000, 0.00000, 28.81000, -47.71000, 0.02000, 1.00000, },
				{ 0.03700, 1.19942, -0.00511, 0.00000, -0.38538, 0.00705, -1.13641, 0.00000, -1.13583, 0.03668, 0.38541, 0.00000, 28.20400, -47.59600, 0.70400, 1.00000, },
				{ 1.19941, -0.03769, 0.00000, 0.00000, 0.03769, 1.19941, 0.00000, 0.00000, 0.00000, 0.00000, 1.20000, 0.00000, 28.81000, -47.71000, 0.19280, 1.00000, },
				{ 1.19543, -0.10459, 0.00000, 0.00000, 0.10459, 1.19543, 0.00000, 0.00000, 0.00000, 0.00000, 1.20000, 0.00000, 28.81000, -47.71000, 0.36680, 1.00000, },
				{ 1.19876, -0.05444, 0.00000, 0.00000, 0.05444, 1.19876, 0.00000, 0.00000, 0.00000, 0.00000, 1.20000, 0.00000, 28.81000, -47.71000, 0.54680, 1.00000, },
				{ 1.19876, -0.05444, 0.00000, 0.00000, 0.05444, 1.19876, 0.00000, 0.00000, 0.00000, 0.00000, 1.20000, 0.00000, 28.87600, -47.71000, 0.73880, 1.00000, },
			},
			["asset/industry/wooden_box_01.mdl"] = {
				{ 0.99912, 0.04188, 0.00000, 0.00000, -0.04188, 0.99912, 0.00000, 0.00000, -0.00000, -0.00000, 1.00000, 0.00000, -27.85110, 43.49829, 0.78000, 1.00000, },
				{ 0.99912, 0.04188, 0.00000, 0.00000, -0.04188, 0.99912, 0.00000, 0.00000, -0.00000, -0.00000, 1.00000, 0.00000, -26.85198, 43.54016, 0.78000, 1.00000, },
				{ 0.99912, 0.04188, 0.00000, 0.00000, -0.04188, 0.99912, 0.00000, 0.00000, -0.00000, -0.00000, 1.00000, 0.00000, -25.84286, 43.58246, 0.78000, 1.00000, },
				{ 0.99903, -0.04397, 0.00000, 0.00000, 0.04397, 0.99903, 0.00000, 0.00000, 0.00000, 0.00000, 1.00000, 0.00000, 20.46999, -53.06958, 0.15500, 1.00000, },
				{ 0.99903, -0.04397, 0.00000, 0.00000, 0.04397, 0.99903, 0.00000, 0.00000, 0.00000, 0.00000, 1.00000, 0.00000, 20.46999, -48.12958, 0.15500, 1.00000, },
				{ 0.99903, -0.04397, 0.00000, 0.00000, 0.04397, 0.99903, 0.00000, 0.00000, 0.00000, 0.00000, 1.00000, 0.00000, 20.46999, -46.58958, 0.15500, 1.00000, },
				{ 0.99903, -0.04397, 0.00000, 0.00000, 0.04397, 0.99903, 0.00000, 0.00000, 0.00000, 0.00000, 1.00000, 0.00000, 21.72507, -53.15374, 0.15500, 1.00000, },
				{ 0.99903, -0.04397, 0.00000, 0.00000, 0.04397, 0.99903, 0.00000, 0.00000, 0.00000, 0.00000, 1.00000, 0.00000, 21.72507, -48.21374, 0.15500, 1.00000, },
				{ 0.99903, -0.04397, 0.00000, 0.00000, 0.04397, 0.99903, 0.00000, 0.00000, 0.00000, 0.00000, 1.00000, 0.00000, 21.82507, -46.67374, 0.15500, 1.00000, },
				{ 0.99903, -0.04397, 0.00000, 0.00000, 0.04397, 0.99903, 0.00000, 0.00000, 0.00000, 0.00000, 1.00000, 0.00000, 23.26862, -53.14393, 0.15500, 1.00000, },
				{ 0.99903, -0.04397, 0.00000, 0.00000, 0.04397, 0.99903, 0.00000, 0.00000, 0.00000, 0.00000, 1.00000, 0.00000, 23.26862, -48.20393, 0.15500, 1.00000, },
				{ 0.99874, 0.05024, 0.00000, 0.00000, -0.05024, 0.99874, 0.00000, 0.00000, 0.00000, 0.00000, 1.00000, 0.00000, 23.26708, -46.66740, 0.15500, 1.00000, },
				{ 0.99903, -0.04397, 0.00000, 0.00000, 0.04397, 0.99903, 0.00000, 0.00000, 0.00000, 0.00000, 1.00000, 0.00000, 24.52442, -53.07120, 0.15500, 1.00000, },
				{ 0.99903, -0.04397, 0.00000, 0.00000, 0.04397, 0.99903, 0.00000, 0.00000, 0.00000, 0.00000, 1.00000, 0.00000, 24.52442, -48.13121, 0.15500, 1.00000, },
				{ 0.99694, 0.07811, 0.00000, 0.00000, -0.07811, 0.99694, 0.00000, 0.00000, 0.00000, 0.00000, 1.00000, 0.00000, 24.52362, -46.59306, 0.15500, 1.00000, },
				{ 0.99903, -0.04397, 0.00000, 0.00000, 0.04397, 0.99903, 0.00000, 0.00000, 0.00000, 0.00000, 1.00000, 0.00000, 20.27776, -51.46852, 0.15500, 1.00000, },
				{ 0.99903, -0.04397, 0.00000, 0.00000, 0.04397, 0.99903, 0.00000, 0.00000, 0.00000, 0.00000, 1.00000, 0.00000, 21.67777, -51.48951, 0.15500, 1.00000, },
				{ 0.99903, -0.04397, 0.00000, 0.00000, 0.04397, 0.99903, 0.00000, 0.00000, 0.00000, 0.00000, 1.00000, 0.00000, 23.16852, -51.45218, 0.15500, 1.00000, },
				{ 0.99903, -0.04397, 0.00000, 0.00000, 0.04397, 0.99903, 0.00000, 0.00000, 0.00000, 0.00000, 1.00000, 0.00000, 24.50420, -51.47002, 0.15500, 1.00000, },
				{ 0.99903, -0.04397, 0.00000, 0.00000, 0.04397, 0.99903, 0.00000, 0.00000, 0.00000, 0.00000, 1.00000, 0.00000, 20.43986, -49.86645, 0.15500, 1.00000, },
				{ 0.99903, -0.04397, 0.00000, 0.00000, 0.04397, 0.99903, 0.00000, 0.00000, 0.00000, 0.00000, 1.00000, 0.00000, 21.79244, -49.87452, 0.15500, 1.00000, },
				{ 0.99903, -0.04397, 0.00000, 0.00000, 0.04397, 0.99903, 0.00000, 0.00000, 0.00000, 0.00000, 1.00000, 0.00000, 23.16226, -49.86345, 0.15500, 1.00000, },
				{ 0.99903, -0.04397, 0.00000, 0.00000, 0.04397, 0.99903, 0.00000, 0.00000, 0.00000, 0.00000, 1.00000, 0.00000, 24.48372, -49.84505, 0.15500, 1.00000, },
			},
			["asset/industry/wooden_box_02.mdl"] = {
				{ 0.26556, 0.96410, 0.00000, 0.00000, -0.96410, 0.26556, 0.00000, 0.00000, 0.00000, 0.00000, 1.00000, 0.00000, -19.12927, 55.31970, 0.78000, 1.00000, },
				{ 0.03839, 0.99926, 0.00000, 0.00000, -0.99926, 0.03839, 0.00000, 0.00000, 0.00000, 0.00000, 1.00000, 0.00000, -19.31546, 54.19501, 0.78000, 1.00000, },
				{ 0.20791, 0.97815, 0.00000, 0.00000, -0.97815, 0.20791, 0.00000, 0.00000, 0.00000, 0.00000, 1.00000, 0.00000, -19.50166, 53.07032, 0.78000, 1.00000, },
				{ 0.11147, 0.99377, 0.00000, 0.00000, -0.99377, 0.11147, 0.00000, 0.00000, -0.00000, -0.00000, 1.00000, 0.00000, -19.73320, 49.76096, 0.78000, 1.00000, },
				{ 0.11147, 0.99377, 0.00000, 0.00000, -0.99377, 0.11147, 0.00000, 0.00000, -0.00000, -0.00000, 1.00000, 0.00000, -19.68103, 50.90977, 0.78000, 1.00000, },
				{ 0.09063, 0.99588, 0.00000, 0.00000, -0.99588, 0.09063, 0.00000, 0.00000, -0.00000, -0.00000, 1.00000, 0.00000, -19.77992, 48.73202, 0.78000, 1.00000, },
				{ -0.05582, 0.99844, 0.00000, 0.00000, -0.99844, -0.05582, -0.00000, 0.00000, 0.00000, -0.00000, 1.00000, 0.00000, -19.72608, 45.47447, 0.78000, 1.00000, },
				{ 0.02443, 0.99970, 0.00000, 0.00000, -0.99970, 0.02443, 0.00000, 0.00000, 0.00000, -0.00000, 1.00000, 0.00000, -19.70451, 44.44469, 0.78000, 1.00000, },
				{ 0.99964, 0.02689, 0.00000, 0.00000, -0.02689, 0.99964, 0.00000, 0.00000, 0.00000, 0.00000, 1.00000, 0.00000, -15.33595, -53.52180, 0.15500, 1.00000, },
				{ 0.99610, -0.08818, 0.00000, 0.00000, 0.08818, 0.99610, 0.00000, 0.00000, 0.00000, 0.00000, 1.00000, 0.00000, -15.33595, -53.52180, 1.04500, 1.00000, },
				{ 0.99836, 0.05723, 0.00000, 0.00000, -0.05723, 0.99836, 0.00000, 0.00000, 0.00000, 0.00000, 1.00000, 0.00000, -11.34191, -50.14739, 0.15500, 1.00000, },
				{ 0.99972, 0.02384, 0.00000, 0.00000, -0.02384, 0.99972, 0.00000, 0.00000, 0.00000, 0.00000, 1.00000, 0.00000, -13.33910, -50.16378, 0.15500, 1.00000, },
				{ 0.99447, 0.10504, 0.00000, 0.00000, -0.10504, 0.99447, 0.00000, 0.00000, 0.00000, 0.00000, 1.00000, 0.00000, -15.33911, -50.10283, 0.15500, 1.00000, },
				{ 0.99679, 0.08001, 0.00000, 0.00000, -0.08001, 0.99679, 0.00000, 0.00000, 0.00000, 0.00000, 1.00000, 0.00000, -11.31924, -48.12269, 0.15500, 1.00000, },
				{ 0.99618, -0.08735, 0.00000, 0.00000, 0.08735, 0.99618, 0.00000, 0.00000, 0.00000, 0.00000, 1.00000, 0.00000, -11.31924, -51.84269, 0.15500, 1.00000, },
				{ 0.99951, 0.03122, 0.00000, 0.00000, -0.03122, 0.99951, 0.00000, 0.00000, 0.00000, 0.00000, 1.00000, 0.00000, -11.31924, -53.53269, 0.15500, 1.00000, },
				{ 0.99533, 0.09654, 0.00000, 0.00000, -0.09654, 0.99533, 0.00000, 0.00000, 0.00000, 0.00000, 1.00000, 0.00000, -13.32922, -48.14006, 0.15500, 1.00000, },
				{ 0.99968, -0.02548, 0.00000, 0.00000, 0.02548, 0.99968, 0.00000, 0.00000, 0.00000, 0.00000, 1.00000, 0.00000, -13.32922, -51.86006, 0.15500, 1.00000, },
				{ 0.99533, 0.09654, 0.00000, 0.00000, -0.09654, 0.99533, 0.00000, 0.00000, 0.00000, 0.00000, 1.00000, 0.00000, -13.32922, -53.55005, 0.15500, 1.00000, },
				{ 0.99851, 0.05449, 0.00000, 0.00000, -0.05449, 0.99851, 0.00000, 0.00000, 0.00000, 0.00000, 1.00000, 0.00000, -15.31783, -48.12774, 0.15500, 1.00000, },
				{ 0.99851, 0.05449, 0.00000, 0.00000, -0.05449, 0.99851, 0.00000, 0.00000, 0.00000, 0.00000, 1.00000, 0.00000, -15.31783, -51.84773, 0.15500, 1.00000, },
			},
			["station/air/asset/cart_cargo_b.mdl"] = {
				{ 0.99912, 0.04188, 0.00000, 0.00000, -0.04188, 0.99912, -0.00000, 0.00000, -0.00000, -0.00000, 1.00000, 0.00000, -26.85000, 43.58000, 0.00000, 1.00000, },
				{ 0.16333, 0.98657, 0.00000, 0.00000, -0.98657, 0.16333, 0.00000, 0.00000, 0.00000, 0.00000, 1.00000, 0.00000, -19.39602, 54.19821, 0.00000, 1.00000, },
				{ 0.04536, 0.99897, 0.00000, 0.00000, -0.99897, 0.04536, -0.00000, 0.00000, -0.00000, -0.00000, 1.00000, 0.00000, -19.80858, 49.86448, 0.00000, 1.00000, },
				{ -0.02094, 0.99978, 0.00000, 0.00000, -0.99978, -0.02094, -0.00000, 0.00000, 0.00000, -0.00000, 1.00000, 0.00000, -19.80815, 45.57277, 0.00000, 1.00000, },
				{ 0.99961, 0.02792, 0.00000, 0.00000, -0.02792, 0.99961, 0.00000, 0.00000, 0.00000, 0.00000, 1.00000, 0.00000, -27.11000, 25.75000, 0.00000, 1.00000, },
				{ 0.94888, -0.31565, 0.00000, 0.00000, 0.31565, 0.94888, 0.00000, 0.00000, 0.00000, 0.00000, 1.00000, 0.00000, -27.44000, -52.85000, 0.00000, 1.00000, },
				{ 0.99756, -0.06976, 0.00000, 0.00000, 0.06976, 0.99756, 0.00000, 0.00000, 0.00000, 0.00000, 1.00000, 0.00000, -26.91000, 28.41000, 0.00000, 1.00000, },
				{ 0.99999, 0.00349, 0.00000, 0.00000, -0.00349, 0.99999, 0.00000, 0.00000, 0.00000, 0.00000, 1.00000, 0.00000, -27.21000, 31.29000, 0.00000, 1.00000, },
				{ 0.99719, -0.07498, 0.00000, 0.00000, 0.07497, 0.99713, 0.01047, 0.00000, -0.00079, -0.01044, 0.99995, 0.00000, -27.21000, 34.33000, 0.00000, 1.00000, },
			},
			["station/air/asset/ladder_low_a.mdl"] = {
				{ -0.00000, 0.00000, 1.00000, 0.00000, -0.34530, 0.93849, -0.00000, 0.00000, -0.93849, -0.34530, -0.00000, 0.00000, -25.99000, -49.65094, 0.30000, 1.00000, },
			},
			["station/air/asset/pylon_b.mdl"] = {
				{ 0.99649, -0.08368, 0.00000, 0.00000, 0.08368, 0.99649, 0.00000, 0.00000, 0.00000, 0.00000, 1.00000, 0.00000, -28.85418, 49.21000, 0.02000, 1.00000, },
				{ 0.98229, 0.18738, 0.00000, 0.00000, -0.18738, 0.98229, 0.00000, 0.00000, 0.00000, 0.00000, 1.00000, 0.00000, -28.15918, 49.34000, 0.02000, 1.00000, },
				{ 0.89879, -0.43837, 0.00000, 0.00000, 0.43837, 0.89879, 0.00000, 0.00000, 0.00000, 0.00000, 1.00000, 0.00000, -28.23918, 49.90500, 0.02000, 1.00000, },
				{ 0.89879, -0.43837, 0.00000, 0.00000, 0.43837, 0.89879, 0.00000, 0.00000, 0.00000, 0.00000, 1.00000, 0.00000, -28.95918, 50.19500, 0.02000, 1.00000, },
				{ -0.19116, 0.12292, 0.97383, 0.00000, 0.49977, 0.86608, -0.01121, 0.00000, -0.84480, 0.48455, -0.22699, 0.00000, -27.30418, 50.07500, 0.23800, 1.00000, },
				{ -0.26057, -0.08138, 0.96202, 0.00000, -0.21020, 0.97732, 0.02574, 0.00000, -0.94229, -0.19551, -0.27176, 0.00000, -27.30418, 50.70000, 0.23900, 1.00000, },
				{ 0.96029, 0.27899, 0.00000, 0.00000, -0.27899, 0.96029, 0.00000, 0.00000, 0.00000, 0.00000, 1.00000, 0.00000, -27.51918, 49.30000, 0.30000, 1.00000, },
				{ 0.99970, 0.02443, 0.00000, 0.00000, -0.02443, 0.99970, 0.00000, 0.00000, 0.00000, 0.00000, 1.00000, 0.00000, -27.51918, 49.30000, 0.22000, 1.00000, },
				{ 0.94552, 0.32557, 0.00000, 0.00000, -0.32557, 0.94552, 0.00000, 0.00000, 0.00000, 0.00000, 1.00000, 0.00000, -27.51918, 49.30000, 0.16000, 1.00000, },
				{ 0.98229, 0.18738, 0.00000, 0.00000, -0.18738, 0.98229, 0.00000, 0.00000, 0.00000, 0.00000, 1.00000, 0.00000, -27.51918, 49.30000, 0.10000, 1.00000, },
				{ 0.98229, 0.18738, 0.00000, 0.00000, -0.18738, 0.98229, 0.00000, 0.00000, 0.00000, 0.00000, 1.00000, 0.00000, -27.51918, 49.30000, 0.02000, 1.00000, },
				{ 0.95319, 0.30237, 0.00000, 0.00000, -0.30237, 0.95319, 0.00000, 0.00000, 0.00000, 0.00000, 1.00000, 0.00000, 28.16582, -54.29000, 0.02000, 1.00000, },
				{ 0.83676, 0.54756, 0.00000, 0.00000, -0.54756, 0.83676, 0.00000, 0.00000, 0.00000, 0.00000, 1.00000, 0.00000, 28.86082, -54.16000, 0.02000, 1.00000, },
				{ 0.99803, -0.06279, 0.00000, 0.00000, 0.06279, 0.99803, 0.00000, 0.00000, 0.00000, 0.00000, 1.00000, 0.00000, 28.78082, -53.59500, 0.02000, 1.00000, },
				{ 0.99803, -0.06279, 0.00000, 0.00000, 0.06279, 0.99803, 0.00000, 0.00000, 0.00000, 0.00000, 1.00000, 0.00000, 28.06081, -53.30500, 0.02000, 1.00000, },
				{ -0.16772, 0.49182, 0.85439, 0.00000, 0.56179, 0.75986, -0.32712, 0.00000, -0.81010, 0.42512, -0.40374, 0.00000, 29.71581, -53.42500, 0.23800, 1.00000, },
				{ -0.24901, 0.30457, 0.91936, 0.00000, -0.11126, 0.93398, -0.33955, 0.00000, -0.96209, -0.18684, -0.19869, 0.00000, 29.71581, -52.80000, 0.23900, 1.00000, },
				{ 0.78152, 0.62388, 0.00000, 0.00000, -0.62388, 0.78152, 0.00000, 0.00000, 0.00000, 0.00000, 1.00000, 0.00000, 29.50081, -54.20000, 0.30000, 1.00000, },
				{ 0.91496, 0.40355, 0.00000, 0.00000, -0.40355, 0.91496, 0.00000, 0.00000, 0.00000, 0.00000, 1.00000, 0.00000, 29.50081, -54.20000, 0.22000, 1.00000, },
				{ 0.75011, 0.66131, 0.00000, 0.00000, -0.66131, 0.75011, 0.00000, 0.00000, 0.00000, 0.00000, 1.00000, 0.00000, 29.50081, -54.20000, 0.16000, 1.00000, },
				{ 0.83676, 0.54756, 0.00000, 0.00000, -0.54756, 0.83676, 0.00000, 0.00000, 0.00000, 0.00000, 1.00000, 0.00000, 29.50081, -54.20000, 0.10000, 1.00000, },
				{ 0.83676, 0.54756, 0.00000, 0.00000, -0.54756, 0.83676, 0.00000, 0.00000, 0.00000, 0.00000, 1.00000, 0.00000, 29.50081, -54.20000, 0.02000, 1.00000, },
				{ 0.99649, -0.08368, 0.00000, 0.00000, 0.08368, 0.99649, 0.00000, 0.00000, 0.00000, 0.00000, 1.00000, 0.00000, 18.72582, -10.12000, 0.02000, 1.00000, },
				{ 0.99097, -0.13411, 0.00000, 0.00000, 0.13411, 0.99097, 0.00000, 0.00000, 0.00000, 0.00000, 1.00000, 0.00000, 21.44801, 10.50000, 0.01700, 1.00000, },
				{ 0.99097, -0.13411, 0.00000, 0.00000, 0.13411, 0.99097, 0.00000, 0.00000, 0.00000, 0.00000, 1.00000, 0.00000, 21.29801, 2.70000, 0.01700, 1.00000, },
				{ 0.99097, -0.13411, 0.00000, 0.00000, 0.13411, 0.99097, 0.00000, 0.00000, 0.00000, 0.00000, 1.00000, 0.00000, 18.59801, -38.55000, 0.01700, 1.00000, },
				{ 0.99097, -0.13411, 0.00000, 0.00000, 0.13411, 0.99097, 0.00000, 0.00000, 0.00000, 0.00000, 1.00000, 0.00000, -17.40199, -46.35000, 0.01700, 1.00000, },
				{ 0.98446, -0.17562, 0.00000, 0.00000, 0.17562, 0.98446, 0.00000, 0.00000, 0.00000, 0.00000, 1.00000, 0.00000, 21.42239, 18.90000, 0.01700, 1.00000, },
				{ 0.98758, -0.15713, 0.00000, 0.00000, 0.15713, 0.98758, 0.00000, 0.00000, 0.00000, 0.00000, 1.00000, 0.00000, 21.43382, 27.30000, 0.01700, 1.00000, },
				{ 0.99153, -0.12989, 0.00000, 0.00000, 0.12989, 0.99153, 0.00000, 0.00000, 0.00000, 0.00000, 1.00000, 0.00000, 21.48980, 35.70000, 0.01700, 1.00000, },
				{ 0.98305, -0.18334, 0.00000, 0.00000, 0.18334, 0.98305, 0.00000, 0.00000, 0.00000, 0.00000, 1.00000, 0.00000, 21.33784, 44.10000, 0.01700, 1.00000, },
				{ 0.99197, -0.12647, 0.00000, 0.00000, 0.12647, 0.99197, 0.00000, 0.00000, 0.00000, 0.00000, 1.00000, 0.00000, 21.45270, 52.50000, 0.01700, 1.00000, },
				{ 0.99605, 0.08877, 0.00000, 0.00000, -0.08877, 0.99605, 0.00000, 0.00000, 0.00000, 0.00000, 1.00000, 0.00000, 18.59801, -42.55000, 0.01700, 1.00000, },
				{ 0.99718, -0.07510, 0.00000, 0.00000, 0.07510, 0.99718, 0.00000, 0.00000, 0.00000, 0.00000, 1.00000, 0.00000, -13.55199, -46.20000, 0.01700, 1.00000, },
				{ 0.99274, -0.12026, 0.00000, 0.00000, 0.12026, 0.99274, 0.00000, 0.00000, 0.00000, 0.00000, 1.00000, 0.00000, 18.59801, -46.55000, 0.01700, 1.00000, },
				{ 0.99274, -0.12026, 0.00000, 0.00000, 0.12026, 0.99274, 0.00000, 0.00000, 0.00000, 0.00000, 1.00000, 0.00000, -10.00199, -46.55000, 0.01700, 1.00000, },
				{ 0.99691, -0.07858, 0.00000, 0.00000, 0.07858, 0.99691, 0.00000, 0.00000, 0.00000, 0.00000, 1.00000, 0.00000, 18.59801, -50.55000, 0.01700, 1.00000, },
				{ 0.99691, -0.07858, 0.00000, 0.00000, 0.07858, 0.99691, 0.00000, 0.00000, 0.00000, 0.00000, 1.00000, 0.00000, -10.00199, -50.55000, 0.01700, 1.00000, },
				{ 0.95984, 0.28055, 0.00000, 0.00000, -0.28055, 0.95984, 0.00000, 0.00000, 0.00000, 0.00000, 1.00000, 0.00000, 18.59801, -54.19000, 0.01700, 1.00000, },
				{ 0.95984, 0.28055, 0.00000, 0.00000, -0.28055, 0.95984, 0.00000, 0.00000, 0.00000, 0.00000, 1.00000, 0.00000, -10.00199, -54.19000, 0.01700, 1.00000, },
			},
			["station/air/asset/stairs_high_a.mdl"] = {
				{ -0.96771, -0.25207, -0.00000, 0.00000, 0.25207, -0.96771, 0.00000, 0.00000, -0.00000, 0.00000, 1.00000, 0.00000, 26.59309, -7.81000, 0.00000, 1.00000, },
			},
			["station/air/asset/tug_clark_ck30_b.mdl"] = {
				{ 0.61841, 0.78586, 0.00000, 0.00000, -0.78586, 0.61841, 0.00000, 0.00000, 0.00000, 0.00000, 1.00000, 0.00000, -18.13000, 58.01000, 0.00000, 1.00000, },
				{ 0.98420, -0.17708, 0.00000, 0.00000, 0.17708, 0.98420, 0.00000, 0.00000, 0.00000, 0.00000, 1.00000, 0.00000, -26.32000, 19.13000, 0.00000, 1.00000, },
				{ 0.99995, 0.01047, 0.00000, 0.00000, -0.01047, 0.99995, 0.00000, 0.00000, 0.00000, 0.00000, 1.00000, 0.00000, -26.32000, 21.03000, 0.00000, 1.00000, },
				{ 0.99990, -0.01396, 0.00000, 0.00000, 0.01396, 0.99990, 0.00000, 0.00000, 0.00000, 0.00000, 1.00000, 0.00000, -26.32000, 23.32000, 0.00000, 1.00000, },
			},
			["station/air/asset/tug_clarktor_a.mdl"] = {
				{ 0.99780, 0.06627, 0.00000, 0.00000, -0.06627, 0.99780, 0.00000, 0.00000, 0.00000, 0.00000, 1.00000, 0.00000, -26.34000, 16.85000, 0.00000, 1.00000, },
				{ 0.01047, 0.99995, 0.00000, 0.00000, -0.99995, 0.01047, 0.00000, 0.00000, 0.00000, 0.00000, 1.00000, 0.00000, 23.83000, -11.25000, 0.00000, 1.00000, },
			},
		},
	},
	["era_b_airport_cargo_terminal_layout_b"] = {
		models = {
			["asset/ground/container_fluid.mdl"] = {
