local transf = require "transf"
local vec3 = require "vec3"
local constructionutil = require "constructionutil"
local modulesutil = require "modulesutil"

--Begin Generated
local generatedData = {
	["era_b_airport_hangar_layout_b"] = {
		models = {
			["asset/ground/container_fluid.mdl"] = {
				{ 0.96410, 0.26556, 0.00000, 0.00000, -0.26556, 0.96410, 0.00000, 0.00000, 0.00000, 0.00000, 1.00000, 0.00000, -28.02528, -36.22000, -0.00000, 1.00000, },
			},
			["asset/ground/container_waste2.mdl"] = {
				{ 0.99731, -0.07324, 0.00000, 0.00000, 0.07324, 0.99731, 0.00000, 0.00000, 0.00000, 0.00000, 1.00000, 0.00000, 24.33824, -29.85387, -0.00000, 1.00000, },
				{ 1.00000, 0.00000, 0.00000, 0.00000, 0.00000, 1.00000, 0.00000, 0.00000, 0.00000, 0.00000, 1.00000, 0.00000, 27.77824, -29.85387, -0.00000, 1.00000, },
				{ 1.00000, 0.00000, 0.00000, 0.00000, 0.00000, 1.00000, 0.00000, 0.00000, 0.00000, 0.00000, 1.00000, 0.00000, -24.36176, -29.85387, -0.00000, 1.00000, },
				{ 0.99731, -0.07324, 0.00000, 0.00000, 0.07324, 0.99731, 0.00000, 0.00000, 0.00000, 0.00000, 1.00000, 0.00000, -27.80176, -29.85387, -0.00000, 1.00000, },
			},
			["asset/industry/wooden_box_01.mdl"] = {
				{ 0.21303, -0.97705, -0.00000, 0.00000, 0.97705, 0.21303, 0.00000, 0.00000, 0.00000, -0.00000, 1.00000, 0.00000, -36.58010, 54.93691, 0.76500, 1.00000, },
				{ 0.21303, -0.97705, -0.00000, 0.00000, 0.97705, 0.21303, 0.00000, 0.00000, 0.00000, -0.00000, 1.00000, 0.00000, -36.79632, 55.92862, 0.76500, 1.00000, },
				{ -0.10279, -0.99470, -0.00000, 0.00000, 0.99470, -0.10279, -0.00000, 0.00000, 0.00000, -0.00000, 1.00000, 0.00000, -36.87378, 57.17574, 0.76500, 1.00000, },
			},
			["asset/industry/wooden_box_04.mdl"] = {
				{ 0.00175, -1.00000, -0.00000, 0.00000, 1.00000, 0.00175, -0.00000, 0.00000, 0.00000, -0.00000, 1.00000, 0.00000, -36.13414, 51.03514, 0.78500, 1.00000, },
				{ 0.01222, -0.99993, -0.00000, 0.00000, 0.99993, 0.01222, 0.00000, 0.00000, 0.00000, -0.00000, 1.00000, 0.00000, -36.16678, 52.73483, 0.78500, 1.00000, },
			},
			["station/air/asset/cart_cargo_b.mdl"] = {
				{ 0.00873, -0.99996, -0.00000, 0.00000, 0.99996, 0.00873, 0.00000, 0.00000, 0.00000, -0.00000, 1.00000, 0.00000, -36.14354, 52.04515, 0.00000, 1.00000, },
				{ 0.20279, -0.97922, -0.00000, 0.00000, 0.97922, 0.20279, 0.00000, 0.00000, 0.00000, -0.00000, 1.00000, 0.00000, -36.75764, 56.24409, 0.00000, 1.00000, },
			},
			["station/air/asset/pylon_b.mdl"] = {
				{ -0.93227, 0.36177, 0.00000, 0.00000, 0.08875, 0.22869, 0.96945, 0.00000, 0.35072, 0.90378, -0.24531, 0.00000, 28.50242, 49.43367, 0.84689, 1.00000, },
				{ -0.95002, -0.31218, 0.00000, 0.00000, -0.07658, 0.23305, 0.96945, 0.00000, -0.30264, 0.92099, -0.24531, 0.00000, 29.16616, 49.20171, 0.84689, 1.00000, },
				{ -0.99802, 0.06295, 0.00000, 0.00000, -0.06295, -0.99802, 0.00000, 0.00000, 0.00000, 0.00000, 1.00000, 0.00000, 27.88137, 49.59633, 0.62317, 1.00000, },
				{ -0.99804, -0.06263, 0.00000, 0.00000, 0.06263, -0.99804, 0.00000, 0.00000, 0.00000, 0.00000, 1.00000, 0.00000, 27.88137, 49.59633, 0.68317, 1.00000, },
				{ -0.99679, -0.08004, 0.00000, 0.00000, 0.08004, -0.99679, 0.00000, 0.00000, 0.00000, 0.00000, 1.00000, 0.00000, 27.88137, 49.59633, 0.74317, 1.00000, },
				{ -0.98232, -0.18722, -0.00000, 0.00000, 0.18722, -0.98232, -0.00000, 0.00000, 0.00000, -0.00000, 1.00000, 0.00000, 27.88137, 49.59633, 0.79817, 1.00000, },
				{ -0.94782, -0.31881, -0.00000, 0.00000, 0.31881, -0.94782, -0.00000, 0.00000, 0.00000, -0.00000, 1.00000, 0.00000, 27.88137, 49.59633, 0.85317, 1.00000, },
				{ -0.95533, -0.29556, -0.00000, 0.00000, 0.29556, -0.95533, -0.00000, 0.00000, 0.00000, -0.00000, 1.00000, 0.00000, 27.88137, 49.59633, 0.90817, 1.00000, },
				{ 0.19097, 0.98160, 0.00000, 0.00000, -0.98160, 0.19097, 0.00000, 0.00000, 0.00000, 0.00000, 1.00000, 0.00000, 25.42000, 52.27000, 0.01317, 1.00000, },
				{ 0.06865, -0.99764, 0.00000, 0.00000, 0.99764, 0.06865, 0.00000, 0.00000, 0.00000, 0.00000, 1.00000, 0.00000, -25.68000, 36.27000, 0.04566, 1.00000, },
				{ -0.97356, 0.22845, 0.00000, 0.00000, -0.22845, -0.97356, 0.00000, 0.00000, 0.00000, 0.00000, 1.00000, 0.00000, -25.68000, 44.27000, 0.02780, 1.00000, },
				{ 0.55418, 0.83240, 0.00000, 0.00000, -0.83240, 0.55418, 0.00000, 0.00000, 0.00000, 0.00000, 1.00000, 0.00000, -25.68000, 48.27000, 0.00939, 1.00000, },
				{ -0.94734, -0.32023, 0.00000, 0.00000, 0.32023, -0.94734, 0.00000, 0.00000, 0.00000, 0.00000, 1.00000, 0.00000, -25.68000, 40.27000, 0.03311, 1.00000, },
				{ -0.00418, 0.99999, 0.00000, 0.00000, -0.99999, -0.00418, 0.00000, 0.00000, 0.00000, 0.00000, 1.00000, 0.00000, -25.68000, 52.27000, 0.01504, 1.00000, },
				{ -0.77158, -0.63614, 0.00000, 0.00000, 0.63614, -0.77158, 0.00000, 0.00000, 0.00000, 0.00000, 1.00000, 0.00000, 25.42000, 32.27000, 0.03658, 1.00000, },
				{ -0.94186, -0.33602, 0.00000, 0.00000, 0.33602, -0.94186, 0.00000, 0.00000, 0.00000, 0.00000, 1.00000, 0.00000, 25.42000, 36.27000, 0.03327, 1.00000, },
				{ -0.48574, -0.87410, 0.00000, 0.00000, 0.87410, -0.48574, 0.00000, 0.00000, 0.00000, 0.00000, 1.00000, 0.00000, 25.42000, 40.27000, 0.04016, 1.00000, },
				{ -0.59736, -0.80198, 0.00000, 0.00000, 0.80198, -0.59736, 0.00000, 0.00000, 0.00000, 0.00000, 1.00000, 0.00000, 25.42000, 44.27000, 0.03889, 1.00000, },
				{ -0.98239, 0.18684, 0.00000, 0.00000, -0.18684, -0.98239, 0.00000, 0.00000, 0.00000, 0.00000, 1.00000, 0.00000, 25.42000, 48.27000, 0.02821, 1.00000, },
				{ 0.66388, -0.74784, 0.00000, 0.00000, 0.74784, 0.66388, 0.00000, 0.00000, 0.00000, 0.00000, 1.00000, 0.00000, -25.68000, 32.27000, 0.05193, 1.00000, },
			},
			["station/air/asset/stairs_high_a.mdl"] = {
				{ -0.99824, -0.05931, 0.00000, 0.00000, 0.05931, -0.99824, -0.00000, 0.00000, 0.00000, -0.00000, 1.00000, 0.00000, 27.17000, 44.00000, 0.00000, 1.00000, },
				{ -0.99297, 0.11840, 0.00000, 0.00000, -0.11840, -0.99297, -0.00000, 0.00000, 0.00000, -0.00000, 1.00000, 0.00000, 26.72000, 42.30000, 0.00000, 1.00000, },
			},
			["station/air/asset/stairs_low_a.mdl"] = {
				{ 0.93420, -0.35674, 0.00000, 0.00000, 0.35674, 0.93420, 0.00000, 0.00000, 0.00000, 0.00000, 1.00000, 0.00000, 28.90000, 46.03000, 0.00000, 1.00000, },
			},
			["station/air/asset/trailer_cargo_a.mdl"] = {
				{ -0.99027, -0.13917, 0.00000, 0.00000, 0.13917, -0.99027, 0.00000, 0.00000, 0.00000, 0.00000, 1.00000, 0.00000, 28.67000, 49.49000, 0.01000, 1.00000, },
			},
			["station/air/asset/tug_clark_ck30_b.mdl"] = {
				{ 0.99970, -0.02443, 0.00000, 0.00000, 0.02443, 0.99970, 0.00000, 0.00000, 0.00000, 0.00000, 1.00000, 0.00000, -28.65000, 37.15000, 0.00000, 1.00000, },
				{ -0.02269, -0.99974, 0.00000, 0.00000, 0.99974, -0.02269, 0.00000, 0.00000, 0.00000, 0.00000, 1.00000, 0.00000, -36.15000, 47.89000, 0.00000, 1.00000, },
			},
			["station/air/asset/tug_clarktor_a.mdl"] = {
				{ 0.99452, -0.10453, -0.00000, 0.00000, 0.10453, 0.99452, -0.00000, 0.00000, 0.00000, 0.00000, 1.00000, 0.00000, -28.60000, 43.55000, 0.00000, 1.00000, },
				{ 0.99939, 0.03490, -0.00000, 0.00000, -0.03490, 0.99939, -0.00000, 0.00000, 0.00000, 0.00000, 1.00000, 0.00000, -28.60000, 41.43000, 0.00000, 1.00000, },
			},
		},
	},
	["era_b_airport_hangar_layout_a"] = {
		models = {
			["asset/ground/container_waste2.mdl"] = {
				{ 0.99731, -0.07324, 0.00000, 0.00000, 0.07324, 0.99731, 0.00000, 0.00000, 0.00000, 0.00000, 1.00000, 0.00000, 24.33824, -29.85387, -0.00000, 1.00000, },
				{ 1.00000, 0.00000, 0.00000, 0.00000, 0.00000, 1.00000, 0.00000, 0.00000, 0.00000, 0.00000, 1.00000, 0.00000, 27.77824, -29.85387, -0.00000, 1.00000, },
				{ 1.00000, 0.00000, 0.00000, 0.00000, 0.00000, 1.00000, 0.00000, 0.00000, 0.00000, 0.00000, 1.00000, 0.00000, -24.36176, -29.85387, -0.00000, 1.00000, },
				{ 0.99731, -0.07324, 0.00000, 0.00000, 0.07324, 0.99731, 0.00000, 0.00000, 0.00000, 0.00000, 1.00000, 0.00000, -27.80176, -29.85387, -0.00000, 1.00000, },
			},
			["asset/industry/cardboard_box_01.mdl"] = {
				{ 0.88942, -0.45710, 0.00000, 0.00000, 0.45710, 0.88942, 0.00000, 0.00000, 0.00000, 0.00000, 1.00000, 0.00000, 28.08000, -35.78000, 0.78000, 1.00000, },
				{ 0.88942, -0.45710, 0.00000, 0.00000, 0.45710, 0.88942, 0.00000, 0.00000, 0.00000, 0.00000, 1.00000, 0.00000, 27.58000, -35.49000, 0.78000, 1.00000, },
				{ 0.88942, -0.45710, 0.00000, 0.00000, 0.45710, 0.88942, 0.00000, 0.00000, 0.00000, 0.00000, 1.00000, 0.00000, 27.00686, -35.34230, 0.78000, 1.00000, },
				{ 0.88942, -0.45710, 0.00000, 0.00000, 0.45710, 0.88942, 0.00000, 0.00000, 0.00000, 0.00000, 1.00000, 0.00000, 26.53429, -34.99894, 0.78000, 1.00000, },
				{ 0.88942, -0.45710, 0.00000, 0.00000, 0.45710, 0.88942, 0.00000, 0.00000, 0.00000, 0.00000, 1.00000, 0.00000, 25.97030, -34.83346, 0.78000, 1.00000, },
				{ 0.88942, -0.45710, 0.00000, 0.00000, 0.45710, 0.88942, 0.00000, 0.00000, 0.00000, 0.00000, 1.00000, 0.00000, 25.58000, -34.33000, 0.78000, 1.00000, },
				{ 0.79864, -0.60181, 0.00000, 0.00000, 0.60181, 0.79864, 0.00000, 0.00000, 0.00000, 0.00000, 1.00000, 0.00000, 29.21005, -30.77116, 0.54000, 1.00000, },
				{ -0.98294, -0.18395, 0.00000, 0.00000, 0.18395, -0.98294, 0.00000, 0.00000, 0.00000, 0.00000, 1.00000, 0.00000, 26.66182, -31.37850, 0.54000, 1.00000, },
				{ -0.90032, -0.43523, 0.00000, 0.00000, 0.43523, -0.90032, 0.00000, 0.00000, 0.00000, 0.00000, 1.00000, 0.00000, 27.35110, -31.44187, 0.54000, 1.00000, },
				{ 0.38752, -0.92186, 0.00000, 0.00000, 0.92186, 0.38752, 0.00000, 0.00000, 0.00000, 0.00000, 1.00000, 0.00000, 28.15005, -31.35116, 0.54000, 1.00000, },
				{ 0.17021, -0.98541, 0.00000, 0.00000, 0.98541, 0.17021, 0.00000, 0.00000, 0.00000, 0.00000, 1.00000, 0.00000, 27.48284, -32.70979, 0.00000, 1.00000, },
				{ -0.73846, -0.67430, -0.00000, 0.00000, 0.00000, -0.00000, -1.00000, 0.00000, 0.67430, -0.73846, 0.00000, 0.00000, 28.43568, -32.07547, 0.45000, 1.00000, },
				{ -0.99939, 0.03374, 0.00891, 0.00000, -0.02735, -0.59856, -0.80061, 0.00000, -0.02168, -0.80037, 0.59912, 0.00000, 27.08695, -30.77546, 1.38419, 1.00000, },
			},
			["asset/industry/cardboard_box_02.mdl"] = {
				{ 1.00000, 0.00000, 0.00000, 0.00000, 0.00000, 1.00000, 0.00000, 0.00000, 0.00000, 0.00000, 1.00000, 0.00000, 26.96000, -31.88000, 0.00000, 1.00000, },
				{ -0.88539, 0.46484, 0.00000, 0.00000, -0.46484, -0.88539, -0.00000, 0.00000, 0.00000, -0.00000, 1.00000, 0.00000, 28.18695, -30.95830, 0.00000, 1.00000, },
				{ -0.97992, -0.19937, 0.00000, 0.00000, 0.19937, -0.97992, -0.00000, 0.00000, 0.00000, -0.00000, 1.00000, 0.00000, 29.38695, -30.39830, 0.00000, 1.00000, },
			},
			["station/air/asset/cart_cargo_b.mdl"] = {
				{ 0.88130, -0.47255, 0.00000, 0.00000, 0.47255, 0.88130, 0.00000, 0.00000, 0.00000, 0.00000, 1.00000, 0.00000, 26.68000, -35.44000, 0.00000, 1.00000, },
			},
			["station/air/asset/pylon_b.mdl"] = {
				{ 0.06865, -0.99764, 0.00000, 0.00000, 0.99764, 0.06865, 0.00000, 0.00000, 0.00000, 0.00000, 1.00000, 0.00000, -25.68000, 36.27000, 0.04566, 1.00000, },
				{ -0.97356, 0.22845, 0.00000, 0.00000, -0.22845, -0.97356, 0.00000, 0.00000, 0.00000, 0.00000, 1.00000, 0.00000, -25.68000, 44.27000, 0.02780, 1.00000, },
				{ 0.55418, 0.83240, 0.00000, 0.00000, -0.83240, 0.55418, 0.00000, 0.00000, 0.00000, 0.00000, 1.00000, 0.00000, -25.68000, 48.27000, 0.00939, 1.00000, },
				{ -0.94734, -0.32023, 0.00000, 0.00000, 0.32023, -0.94734, 0.00000, 0.00000, 0.00000, 0.00000, 1.00000, 0.00000, -25.68000, 40.27000, 0.03311, 1.00000, },
				{ -0.00418, 0.99999, 0.00000, 0.00000, -0.99999, -0.00418, 0.00000, 0.00000, 0.00000, 0.00000, 1.00000, 0.00000, -25.68000, 52.27000, 0.01504, 1.00000, },
				{ -0.77158, -0.63614, 0.00000, 0.00000, 0.63614, -0.77158, 0.00000, 0.00000, 0.00000, 0.00000, 1.00000, 0.00000, 25.42000, 32.27000, 0.03658, 1.00000, },
				{ 0.66388, -0.74784, 0.00000, 0.00000, 0.74784, 0.66388, 0.00000, 0.00000, 0.00000, 0.00000, 1.00000, 0.00000, -25.68000, 32.27000, 0.05193, 1.00000, },
			},
			["station/air/asset/stairs_high_a.mdl"] = {
				{ -0.99824, -0.05931, 0.00000, 0.00000, 0.05931, -0.99824, -0.00000, 0.00000, 0.00000, -0.00000, 1.00000, 0.00000, 27.17000, 39.00000, 0.00000, 1.00000, },
				{ -0.99297, 0.11840, 0.00000, 0.00000, -0.11840, -0.99297, -0.00000, 0.00000, 0.00000, -0.00000, 1.00000, 0.00000, 26.72000, 37.30000, 0.00000, 1.00000, },
			},
			["station/air/asset/tug_clark_ck30_b.mdl"] = {
				{ 0.45710, -0.88942, 0.00000, 0.00000, 0.88942, 0.45710, 0.00000, 0.00000, 0.00000, 0.00000, 1.00000, 0.00000, 29.78000, -37.93000, 0.00000, 1.00000, },
				{ 0.99970, -0.02443, 0.00000, 0.00000, 0.02443, 0.99970, 0.00000, 0.00000, 0.00000, 0.00000, 1.00000, 0.00000, -28.65000, 39.20000, 0.00000, 1.00000, },
			},
			["station/air/asset/tug_clarktor_a.mdl"] = {
				{ 0.99678, 0.08020, -0.00000, 0.00000, -0.08020, 0.99678, -0.00000, 0.00000, 0.00000, 0.00000, 1.00000, 0.00000, -28.60000, 37.05000, 0.00000, 1.00000, },
			},
		},
	},
	["era_b_airport_hangar_buiding_assets"] = {
		models = {
			["asset/construction/scaffolding/era_b_ladder.mdl"] = {
				{ -0.00000, 1.00000, 0.00000, 0.00000, -1.00000, -0.00000, 0.00000, 0.00000, 0.00000, 0.00000, 1.00000, 0.00000, -16.74000, -26.08000, 0.00000, 1.00000, },
				{ -0.00000, 1.00000, 0.00000, 0.00000, -1.00000, -0.00000, 0.00000, 0.00000, 0.00000, 0.00000, 1.00000, 0.00000, -16.74000, -26.08000, 2.00000, 1.00000, },
				{ -0.00000, 1.00000, 0.00000, 0.00000, -1.00000, -0.00000, 0.00000, 0.00000, 0.00000, 0.00000, 1.00000, 0.00000, -16.74000, -26.08000, 4.00000, 1.00000, },
				{ -0.00000, 1.00000, 0.00000, 0.00000, -1.00000, -0.00000, 0.00000, 0.00000, 0.00000, 0.00000, 1.00000, 0.00000, -16.74000, -26.08000, 6.00000, 1.00000, },
			},
			["asset/construction/scaffolding/era_b_normal.mdl"] = {
				{ -0.00000, 1.00000, 0.00000, 0.00000, -1.00000, -0.00000, 0.00000, 0.00000, 0.00000, 0.00000, 1.00000, 0.00000, -13.74000, -26.08000, 0.00000, 1.00000, },
				{ -0.00000, 1.00000, 0.00000, 0.00000, -1.00000, -0.00000, 0.00000, 0.00000, 0.00000, 0.00000, 1.00000, 0.00000, -13.74000, -26.08000, 2.00000, 1.00000, },
				{ -0.00000, 1.00000, 0.00000, 0.00000, -1.00000, -0.00000, 0.00000, 0.00000, 0.00000, 0.00000, 1.00000, 0.00000, -13.74000, -26.08000, 4.00000, 1.00000, },
				{ -0.00000, 1.00000, 0.00000, 0.00000, -1.00000, -0.00000, 0.00000, 0.00000, 0.00000, 0.00000, 1.00000, 0.00000, -13.74000, -26.08000, 6.00000, 1.00000, },
				{ -0.00000, 1.00000, 0.00000, 0.00000, -1.00000, -0.00000, 0.00000, 0.00000, 0.00000, 0.00000, 1.00000, 0.00000, -19.74000, -26.08000, 0.00000, 1.00000, },
				{ -0.00000, 1.00000, 0.00000, 0.00000, -1.00000, -0.00000, 0.00000, 0.00000, 0.00000, 0.00000, 1.00000, 0.00000, -19.74000, -26.08000, 2.00000, 1.00000, },
				{ -0.00000, 1.00000, 0.00000, 0.00000, -1.00000, -0.00000, 0.00000, 0.00000, 0.00000, 0.00000, 1.00000, 0.00000, -19.74000, -26.08000, 4.00000, 1.00000, },
				{ -0.00000, 1.00000, 0.00000, 0.00000, -1.00000, -0.00000, 0.00000, 0.00000, 0.00000, 0.00000, 1.00000, 0.00000, -19.74000, -26.08000, 6.00000, 1.00000, },
			},
			["asset/ground/container_fluid.mdl"] = {
				{ 0.99678, 0.08020, 0.00000, 0.00000, -0.08020, 0.99678, 0.00000, 0.00000, 0.00000, 0.00000, 1.00000, 0.00000, -28.11527, 19.02000, -0.00000, 1.00000, },
				{ 0.99803, -0.06279, 0.00000, 0.00000, 0.06279, 0.99803, 0.00000, 0.00000, 0.00000, 0.00000, 1.00000, 0.00000, -28.11527, 17.04000, -0.00000, 1.00000, },
				{ 0.99970, 0.02443, 0.00000, 0.00000, -0.02443, 0.99970, 0.00000, 0.00000, 0.00000, 0.00000, 1.00000, 0.00000, -25.81528, 19.02000, -0.00000, 1.00000, },
				{ 0.99824, -0.05931, 0.00000, 0.00000, 0.05931, 0.99824, 0.00000, 0.00000, 0.00000, 0.00000, 1.00000, 0.00000, -25.81528, 17.04000, -0.00000, 1.00000, },
			},
			["asset/ground/container_waste1.mdl"] = {
				{ -1.00000, -0.00000, 0.00000, 0.00000, 0.00000, -1.00000, 0.00000, 0.00000, 0.00000, 0.00000, 1.00000, 0.00000, -1.80000, -41.38387, -0.00000, 1.00000, },
			},
			["asset/ground/container_waste2.mdl"] = {
				{ -1.00000, -0.00000, 0.00000, 0.00000, 0.00000, -1.00000, 0.00000, 0.00000, 0.00000, 0.00000, 1.00000, 0.00000, 1.86824, -41.35387, -0.00000, 1.00000, },
			},
			["asset/ground/container_waste3.mdl"] = {
				{ -1.00000, -0.00000, 0.00000, 0.00000, 0.00000, -1.00000, 0.00000, 0.00000, 0.00000, 0.00000, 1.00000, 0.00000, -27.76352, 1.21613, -0.00000, 1.00000, },
			},
			["asset/ground/container_waste3_open.mdl"] = {
				{ -1.00000, -0.00000, 0.00000, 0.00000, 0.00000, -1.00000, 0.00000, 0.00000, 0.00000, 0.00000, 1.00000, 0.00000, 27.80473, 1.16613, -0.00000, 1.00000, },
			},
			["asset/industry/cardboard_box_01.mdl"] = {
				{ 0.13917, 0.99027, 0.00000, 0.00000, -0.99027, 0.13917, 0.00000, 0.00000, 0.00000, 0.00000, 1.00000, 0.00000, 26.11000, 0.89000, 0.53000, 1.00000, },
				{ 1.00000, 0.00000, 0.00000, 0.00000, 0.00000, 0.73610, 0.67688, 0.00000, 0.00000, -0.67688, 0.73610, 0.00000, 27.25500, 1.50500, 0.98500, 1.00000, },
				{ -0.06802, 0.99768, 0.00000, 0.00000, -0.99768, -0.06802, 0.00000, 0.00000, 0.00000, 0.00000, 1.00000, 0.00000, 27.26500, 2.16000, 0.00000, 1.00000, },
				{ 0.59902, 0.80073, 0.00000, 0.00000, 0.00000, -0.00000, -1.00000, 0.00000, -0.80073, 0.59902, -0.00000, 0.00000, 25.59000, 2.00500, 0.47500, 1.00000, },
				{ -0.17708, 0.98420, 0.00000, 0.00000, -0.98420, -0.17708, 0.00000, 0.00000, 0.00000, 0.00000, 1.00000, 0.00000, 25.97000, 1.63000, 0.55500, 1.00000, },
			},
			["asset/industry/cardboard_box_02.mdl"] = {
				{ 1.00000, 0.00000, 0.00000, 0.00000, 0.00000, 1.00000, 0.00000, 0.00000, 0.00000, 0.00000, 1.00000, 0.00000, 26.27000, 1.03000, 0.00000, 1.00000, },
				{ 0.69466, 0.71934, 0.00000, 0.00000, -0.71934, 0.69466, 0.00000, 0.00000, 0.00000, 0.00000, 1.00000, 0.00000, 25.32500, 0.19000, 0.00000, 1.00000, },
			},
			["asset/industry/pallet_01.mdl"] = {
				{ -0.00000, 1.00000, 0.00000, 0.00000, -1.00000, -0.00000, 0.00000, 0.00000, 0.00000, 0.00000, 1.00000, 0.00000, -28.53000, 12.87000, 0.00000, 1.00000, },
				{ -0.00000, 1.00000, 0.00000, 0.00000, -1.00000, -0.00000, 0.00000, 0.00000, 0.00000, 0.00000, 1.00000, 0.00000, -27.08000, 12.87000, 0.00000, 1.00000, },
				{ 0.02094, 0.99978, 0.00000, 0.00000, -0.99978, 0.02094, 0.00000, 0.00000, 0.00000, 0.00000, 1.00000, 0.00000, -25.70000, 12.87000, 0.00000, 1.00000, },
				{ -0.00000, 1.00000, 0.00000, 0.00000, -1.00000, -0.00000, 0.00000, 0.00000, 0.00000, 0.00000, 1.00000, 0.00000, -28.53000, 11.73000, 0.00000, 1.00000, },
				{ -0.00000, 1.00000, 0.00000, 0.00000, -1.00000, -0.00000, 0.00000, 0.00000, 0.00000, 0.00000, 1.00000, 0.00000, -27.08000, 11.73000, 0.00000, 1.00000, },
				{ 0.02094, 0.99978, 0.00000, 0.00000, -0.99978, 0.02094, 0.00000, 0.00000, 0.00000, 0.00000, 1.00000, 0.00000, -25.70000, 11.73000, 0.00000, 1.00000, },
				{ -0.00000, 1.00000, 0.00000, 0.00000, -1.00000, -0.00000, 0.00000, 0.00000, 0.00000, 0.00000, 1.00000, 0.00000, -28.53000, 10.60000, 0.00000, 1.00000, },
				{ -0.00000, 1.00000, 0.00000, 0.00000, -1.00000, -0.00000, 0.00000, 0.00000, 0.00000, 0.00000, 1.00000, 0.00000, -27.08000, 10.60000, 0.00000, 1.00000, },
				{ 0.02094, 0.99978, 0.00000, 0.00000, -0.99978, 0.02094, 0.00000, 0.00000, 0.00000, 0.00000, 1.00000, 0.00000, -25.70000, 10.60000, 0.00000, 1.00000, },
				{ -0.00000, 1.00000, 0.00000, 0.00000, -1.00000, -0.00000, 0.00000, 0.00000, 0.00000, 0.00000, 1.00000, 0.00000, -28.53000, 9.44000, 0.00000, 1.00000, },
				{ -0.00000, 1.00000, 0.00000, 0.00000, -1.00000, -0.00000, 0.00000, 0.00000, 0.00000, 0.00000, 1.00000, 0.00000, -27.08000, 9.44000, 0.00000, 1.00000, },
				{ 0.02094, 0.99978, 0.00000, 0.00000, -0.99978, 0.02094, 0.00000, 0.00000, 0.00000, 0.00000, 1.00000, 0.00000, -25.70000, 9.44000, 0.00000, 1.00000, },
				{ -0.00000, 1.00000, 0.00000, 0.00000, -1.00000, -0.00000, 0.00000, 0.00000, 0.00000, 0.00000, 1.00000, 0.00000, -28.53000, 8.21000, 0.00000, 1.00000, },
				{ -0.00000, 1.00000, 0.00000, 0.00000, -1.00000, -0.00000, 0.00000, 0.00000, 0.00000, 0.00000, 1.00000, 0.00000, -27.08000, 8.21000, 0.00000, 1.00000, },
				{ 0.02094, 0.99978, 0.00000, 0.00000, -0.99978, 0.02094, 0.00000, 0.00000, 0.00000, 0.00000, 1.00000, 0.00000, -25.70000, 8.21000, 0.00000, 1.00000, },
				{ -0.00000, 1.00000, 0.00000, 0.00000, -1.00000, -0.00000, 0.00000, 0.00000, 0.00000, 0.00000, 1.00000, 0.00000, 26.32000, 19.85000, 0.00000, 1.00000, },
				{ -0.00000, 1.00000, 0.00000, 0.00000, -1.00000, -0.00000, 0.00000, 0.00000, 0.00000, 0.00000, 1.00000, 0.00000, 27.92000, 19.85000, 0.00000, 1.00000, },
				{ -0.00000, 1.00000, 0.00000, 0.00000, -1.00000, -0.00000, 0.00000, 0.00000, 0.00000, 0.00000, 1.00000, 0.00000, 26.32000, 18.69000, 0.00000, 1.00000, },
				{ -0.00000, 1.00000, 0.00000, 0.00000, -1.00000, -0.00000, 0.00000, 0.00000, 0.00000, 0.00000, 1.00000, 0.00000, 27.92000, 18.69000, 0.00000, 1.00000, },
				{ -0.00000, 1.00000, 0.00000, 0.00000, -1.00000, -0.00000, 0.00000, 0.00000, 0.00000, 0.00000, 1.00000, 0.00000, 26.32000, 17.46500, 0.00000, 1.00000, },
				{ -0.00000, 1.00000, 0.00000, 0.00000, -1.00000, -0.00000, 0.00000, 0.00000, 0.00000, 0.00000, 1.00000, 0.00000, 26.32000, 16.23500, 0.00000, 1.00000, },
				{ -0.00000, 1.00000, 0.00000, 0.00000, -1.00000, -0.00000, 0.00000, 0.00000, 0.00000, 0.00000, 1.00000, 0.00000, 26.32000, 15.03500, 0.00000, 1.00000, },
				{ -0.00000, 1.00000, 0.00000, 0.00000, -1.00000, -0.00000, 0.00000, 0.00000, 0.00000, 0.00000, 1.00000, 0.00000, 27.92000, 17.46500, 0.00000, 1.00000, },
				{ -0.00000, 1.00000, 0.00000, 0.00000, -1.00000, -0.00000, 0.00000, 0.00000, 0.00000, 0.00000, 1.00000, 0.00000, 27.92000, 16.23500, 0.00000, 1.00000, },
				{ -0.00000, 1.00000, 0.00000, 0.00000, -1.00000, -0.00000, 0.00000, 0.00000, 0.00000, 0.00000, 1.00000, 0.00000, 27.92000, 15.03500, 0.00000, 1.00000, },
			},
			["asset/industry/wooden_box_01.mdl"] = {
				{ -0.00000, 1.00000, 0.00000, 0.00000, -1.00000, -0.00000, 0.00000, 0.00000, 0.00000, 0.00000, 1.00000, 0.00000, 26.31500, 19.85000, 0.13500, 1.00000, },
				{ -0.00000, 1.00000, 0.00000, 0.00000, -1.00000, -0.00000, 0.00000, 0.00000, 0.00000, 0.00000, 1.00000, 0.00000, 27.91500, 19.85000, 0.13500, 1.00000, },
				{ 0.04536, 0.99897, 0.00000, 0.00000, -0.99897, 0.04536, 0.00000, 0.00000, 0.00000, 0.00000, 1.00000, 0.00000, 26.31500, 18.69000, 0.13500, 1.00000, },
				{ -0.00000, 1.00000, 0.00000, 0.00000, -1.00000, -0.00000, 0.00000, 0.00000, 0.00000, 0.00000, 1.00000, 0.00000, 27.91500, 18.69000, 0.13500, 1.00000, },
				{ 0.09411, 0.99556, 0.00000, 0.00000, -0.99556, 0.09411, 0.00000, 0.00000, 0.00000, 0.00000, 1.00000, 0.00000, 27.91500, 18.69000, 1.03500, 1.00000, },
				{ -0.01047, 0.99995, 0.00000, 0.00000, -0.99995, -0.01047, 0.00000, 0.00000, 0.00000, 0.00000, 1.00000, 0.00000, 27.91500, 19.83000, 1.03500, 1.00000, },
				{ -0.03141, 0.99951, 0.00000, 0.00000, -0.99951, -0.03141, 0.00000, 0.00000, 0.00000, 0.00000, 1.00000, 0.00000, 26.31500, 17.46500, 0.13500, 1.00000, },
				{ 0.07672, 0.99705, 0.00000, 0.00000, -0.99705, 0.07672, 0.00000, 0.00000, 0.00000, 0.00000, 1.00000, 0.00000, 26.31500, 16.23500, 0.13500, 1.00000, },
				{ 0.07672, 0.99705, 0.00000, 0.00000, -0.99705, 0.07672, 0.00000, 0.00000, 0.00000, 0.00000, 1.00000, 0.00000, 26.31500, 15.03500, 0.13500, 1.00000, },
				{ -0.00000, 1.00000, 0.00000, 0.00000, -1.00000, -0.00000, 0.00000, 0.00000, 0.00000, 0.00000, 1.00000, 0.00000, 27.91500, 17.46500, 0.13500, 1.00000, },
				{ -0.05234, 0.99863, 0.00000, 0.00000, -0.99863, -0.05234, 0.00000, 0.00000, 0.00000, 0.00000, 1.00000, 0.00000, 27.91500, 17.46500, 1.03500, 1.00000, },
				{ -0.00000, 1.00000, 0.00000, 0.00000, -1.00000, -0.00000, 0.00000, 0.00000, 0.00000, 0.00000, 1.00000, 0.00000, 27.91500, 16.23500, 0.13500, 1.00000, },
				{ 0.06627, 0.99780, 0.00000, 0.00000, -0.99780, 0.06627, 0.00000, 0.00000, 0.00000, 0.00000, 1.00000, 0.00000, 27.91500, 16.23500, 1.03500, 1.00000, },
				{ 0.03141, 0.99951, 0.00000, 0.00000, -0.99951, 0.03141, 0.00000, 0.00000, 0.00000, 0.00000, 1.00000, 0.00000, 26.33500, 16.23500, 1.03500, 1.00000, },
				{ -0.00000, 1.00000, 0.00000, 0.00000, -1.00000, -0.00000, 0.00000, 0.00000, 0.00000, 0.00000, 1.00000, 0.00000, 27.91500, 15.03500, 0.13500, 1.00000, },
				{ 0.06627, 0.99780, 0.00000, 0.00000, -0.99780, 0.06627, 0.00000, 0.00000, 0.00000, 0.00000, 1.00000, 0.00000, 27.91500, 15.03500, 1.03500, 1.00000, },
				{ 0.06627, 0.99780, 0.00000, 0.00000, -0.99780, 0.06627, 0.00000, 0.00000, 0.00000, 0.00000, 1.00000, 0.00000, 26.31500, 15.03500, 1.03500, 1.00000, },
			},
			["asset/industry/wooden_box_02.mdl"] = {
				{ -0.00000, 1.00000, 0.00000, 0.00000, -1.00000, -0.00000, 0.00000, 0.00000, 0.00000, 0.00000, 1.00000, 0.00000, -28.53800, 12.87000, 0.14400, 1.00000, },
				{ 0.03612, 0.99935, 0.00000, 0.00000, -0.99935, 0.03612, 0.00000, 0.00000, 0.00000, 0.00000, 1.00000, 0.00000, -28.53800, 12.87000, 1.05400, 1.00000, },
				{ -0.00000, 1.00000, 0.00000, 0.00000, -1.00000, -0.00000, 0.00000, 0.00000, 0.00000, 0.00000, 1.00000, 0.00000, -27.08800, 12.87000, 0.14400, 1.00000, },
				{ 0.04920, 0.99879, 0.00000, 0.00000, -0.99879, 0.04920, 0.00000, 0.00000, 0.00000, 0.00000, 1.00000, 0.00000, -27.08800, 12.87000, 1.05400, 1.00000, },
				{ 0.03490, 0.99939, 0.00000, 0.00000, -0.99939, 0.03490, 0.00000, 0.00000, 0.00000, 0.00000, 1.00000, 0.00000, -25.70800, 12.87017, 0.14400, 1.00000, },
				{ -0.00000, 1.00000, 0.00000, 0.00000, -1.00000, -0.00000, 0.00000, 0.00000, 0.00000, 0.00000, 1.00000, 0.00000, -28.53800, 11.73000, 0.14400, 1.00000, },
				{ 0.04772, 0.99886, 0.00000, 0.00000, -0.99886, 0.04772, 0.00000, 0.00000, 0.00000, 0.00000, 1.00000, 0.00000, -28.53800, 11.73000, 1.05400, 1.00000, },
				{ -0.00000, 1.00000, 0.00000, 0.00000, -1.00000, -0.00000, 0.00000, 0.00000, 0.00000, 0.00000, 1.00000, 0.00000, -27.08800, 11.73000, 0.14400, 1.00000, },
				{ 0.04292, 0.99908, 0.00000, 0.00000, -0.99908, 0.04292, 0.00000, 0.00000, 0.00000, 0.00000, 1.00000, 0.00000, -27.08800, 11.73000, 1.05400, 1.00000, },
				{ 0.03490, 0.99939, 0.00000, 0.00000, -0.99939, 0.03490, 0.00000, 0.00000, 0.00000, 0.00000, 1.00000, 0.00000, -25.70800, 11.73017, 0.14400, 1.00000, },
				{ -0.00000, 1.00000, 0.00000, 0.00000, -1.00000, -0.00000, 0.00000, 0.00000, 0.00000, 0.00000, 1.00000, 0.00000, -28.53800, 10.60000, 0.14400, 1.00000, },
				{ 0.03039, 0.99954, 0.00000, 0.00000, -0.99954, 0.03039, 0.00000, 0.00000, 0.00000, 0.00000, 1.00000, 0.00000, -28.53800, 10.60000, 1.05400, 1.00000, },
				{ -0.00000, 1.00000, 0.00000, 0.00000, -1.00000, -0.00000, 0.00000, 0.00000, 0.00000, 0.00000, 1.00000, 0.00000, -27.08800, 10.60000, 0.14400, 1.00000, },
				{ 0.02688, 0.99964, 0.00000, 0.00000, -0.99964, 0.02688, 0.00000, 0.00000, 0.00000, 0.00000, 1.00000, 0.00000, -27.08800, 10.60000, 1.05400, 1.00000, },
				{ 0.03490, 0.99939, 0.00000, 0.00000, -0.99939, 0.03490, 0.00000, 0.00000, 0.00000, 0.00000, 1.00000, 0.00000, -25.70800, 10.60017, 0.14400, 1.00000, },
				{ -0.00000, 1.00000, 0.00000, 0.00000, -1.00000, -0.00000, 0.00000, 0.00000, 0.00000, 0.00000, 1.00000, 0.00000, -28.53800, 9.44000, 0.14400, 1.00000, },
				{ 0.03997, 0.99920, 0.00000, 0.00000, -0.99920, 0.03997, 0.00000, 0.00000, 0.00000, 0.00000, 1.00000, 0.00000, -28.53800, 9.44000, 1.05400, 1.00000, },
				{ -0.00000, 1.00000, 0.00000, 0.00000, -1.00000, -0.00000, 0.00000, 0.00000, 0.00000, 0.00000, 1.00000, 0.00000, -27.08800, 9.44000, 0.14400, 1.00000, },
				{ 0.04681, 0.99890, 0.00000, 0.00000, -0.99890, 0.04681, 0.00000, 0.00000, 0.00000, 0.00000, 1.00000, 0.00000, -27.08800, 9.44000, 1.05400, 1.00000, },
				{ 0.03490, 0.99939, 0.00000, 0.00000, -0.99939, 0.03490, 0.00000, 0.00000, 0.00000, 0.00000, 1.00000, 0.00000, -25.70800, 9.44017, 0.14400, 1.00000, },
				{ -0.00000, 1.00000, 0.00000, 0.00000, -1.00000, -0.00000, 0.00000, 0.00000, 0.00000, 0.00000, 1.00000, 0.00000, -28.53800, 8.21000, 0.14400, 1.00000, },
				{ 0.01531, 0.99988, 0.00000, 0.00000, -0.99988, 0.01531, 0.00000, 0.00000, 0.00000, 0.00000, 1.00000, 0.00000, -28.53800, 8.21000, 1.05400, 1.00000, },
				{ -0.00000, 1.00000, 0.00000, 0.00000, -1.00000, -0.00000, 0.00000, 0.00000, 0.00000, 0.00000, 1.00000, 0.00000, -27.08800, 8.21000, 0.14400, 1.00000, },
				{ 0.03567, 0.99936, 0.00000, 0.00000, -0.99936, 0.03567, 0.00000, 0.00000, 0.00000, 0.00000, 1.00000, 0.00000, -27.08800, 8.21000, 1.05400, 1.00000, },
				{ 0.03490, 0.99939, 0.00000, 0.00000, -0.99939, 0.03490, 0.00000, 0.00000, 0.00000, 0.00000, 1.00000, 0.00000, -25.70800, 8.21017, 0.14400, 1.00000, },
			},
			["asset/industry/wooden_box_04.mdl"] = {
				{ 0.04536, 0.99897, 0.00000, 0.00000, -0.99897, 0.04536, 0.00000, 0.00000, 0.00000, 0.00000, 1.00000, 0.00000, 23.60000, -26.85000, 0.01000, 1.00000, },
				{ -0.01047, 0.99995, 0.00000, 0.00000, -0.99995, -0.01047, 0.00000, 0.00000, 0.00000, 0.00000, 1.00000, 0.00000, 23.60000, -26.85000, 1.86500, 1.00000, },
				{ -0.03839, 0.99926, 0.00000, 0.00000, -0.99926, -0.03839, 0.00000, 0.00000, 0.00000, 0.00000, 1.00000, 0.00000, 21.57000, -26.85000, 0.01000, 1.00000, },
				{ 0.05582, 0.99844, 0.00000, 0.00000, -0.99844, 0.05582, 0.00000, 0.00000, 0.00000, 0.00000, 1.00000, 0.00000, 21.57000, -26.85000, 1.86500, 1.00000, },
				{ 0.04536, 0.99897, 0.00000, 0.00000, -0.99897, 0.04536, 0.00000, 0.00000, 0.00000, 0.00000, 1.00000, 0.00000, 19.56000, -26.78000, 0.01000, 1.00000, },
			},
			["asset/roof/era_b_lamp_b_01.mdl"] = {
				{ 1.00000, 0.00000, 0.00000, 0.00000, 0.00000, 1.00000, -0.00000, 0.00000, -0.00000, 0.00000, 1.00000, 0.00000, 0.00000, 28.55000, 20.36000, 1.00000, },
				{ -1.00000, -0.00000, 0.00000, 0.00000, 0.00000, -1.00000, -0.00000, 0.00000, 0.00000, -0.00000, 1.00000, 0.00000, -5.00000, -42.81252, 15.17000, 1.00000, },
				{ -1.00000, -0.00000, 0.00000, 0.00000, 0.00000, -1.00000, -0.00000, 0.00000, 0.00000, -0.00000, 1.00000, 0.00000, -10.00000, -42.81252, 15.17000, 1.00000, },
				{ -1.00000, -0.00000, 0.00000, 0.00000, 0.00000, -1.00000, -0.00000, 0.00000, 0.00000, -0.00000, 1.00000, 0.00000, 5.00000, -42.81252, 15.17000, 1.00000, },
				{ -1.00000, -0.00000, 0.00000, 0.00000, 0.00000, -1.00000, -0.00000, 0.00000, 0.00000, -0.00000, 1.00000, 0.00000, 10.00000, -42.81252, 15.17000, 1.00000, },
				{ 0.00000, -1.00000, 0.00000, 0.00000, 1.00000, 0.00000, -0.00000, 0.00000, 0.00000, 0.00000, 1.00000, 0.00000, 12.72900, -35.75851, 15.17000, 1.00000, },
				{ 0.00000, 1.00000, 0.00000, 0.00000, -1.00000, 0.00000, -0.00000, 0.00000, -0.00000, 0.00000, 1.00000, 0.00000, -12.73100, -35.75851, 15.17000, 1.00000, },
				{ 0.00000, -1.00000, 0.00000, 0.00000, 1.00000, 0.00000, -0.00000, 0.00000, 0.00000, 0.00000, 1.00000, 0.00000, 12.72900, -40.75851, 15.17000, 1.00000, },
				{ 0.00000, 1.00000, 0.00000, 0.00000, -1.00000, 0.00000, -0.00000, 0.00000, -0.00000, 0.00000, 1.00000, 0.00000, -12.73100, -40.75851, 15.17000, 1.00000, },
				{ -1.00000, -0.00000, 0.00000, 0.00000, 0.00000, -1.00000, -0.00000, 0.00000, 0.00000, -0.00000, 1.00000, 0.00000, 0.00000, -42.81252, 15.17000, 1.00000, },
				{ 0.00000, -1.00000, 0.00000, 0.00000, 1.00000, 0.00000, -0.00000, 0.00000, 0.00000, 0.00000, 1.00000, 0.00000, 12.72900, -30.75851, 15.17000, 1.00000, },
				{ 0.00000, 1.00000, 0.00000, 0.00000, -1.00000, 0.00000, -0.00000, 0.00000, -0.00000, 0.00000, 1.00000, 0.00000, -12.73100, -30.75851, 15.17000, 1.00000, },
				{ 0.00000, -1.00000, 0.00000, 0.00000, 1.00000, 0.00000, 0.00000, 0.00000, 0.00000, 0.00000, 1.00000, 0.00000, -26.66144, -3.51850, 3.80100, 1.00000, },
				{ 0.00000, 1.00000, 0.00000, 0.00000, -1.00000, 0.00000, 0.00000, 0.00000, 0.00000, 0.00000, 1.00000, 0.00000, 26.66140, -3.51850, 3.80100, 1.00000, },
				{ 0.00000, -1.00000, 0.00000, 0.00000, 1.00000, 0.00000, 0.00000, 0.00000, 0.00000, 0.00000, 1.00000, 0.00000, -26.66144, -10.50000, 3.80100, 1.00000, },
				{ 0.00000, 1.00000, 0.00000, 0.00000, -1.00000, 0.00000, 0.00000, 0.00000, 0.00000, 0.00000, 1.00000, 0.00000, 26.66140, -10.50000, 3.80100, 1.00000, },
				{ 1.00000, 0.00000, 0.00000, 0.00000, -0.00000, 1.00000, 0.00000, 0.00000, 0.00000, 0.00000, 1.00000, 0.00000, 7.69467, -42.19083, 3.80100, 1.00000, },
				{ 1.00000, 0.00000, 0.00000, 0.00000, -0.00000, 1.00000, 0.00000, 0.00000, 0.00000, 0.00000, 1.00000, 0.00000, -7.69470, -42.19083, 3.80100, 1.00000, },
				{ 1.00000, 0.00000, 0.00000, 0.00000, -0.00000, 1.00000, 0.00000, 0.00000, 0.00000, 0.00000, 1.00000, 0.00000, 6.01611, 28.55049, 12.12000, 1.00000, },
				{ 1.00000, 0.00000, 0.00000, 0.00000, -0.00000, 1.00000, 0.00000, 0.00000, 0.00000, 0.00000, 1.00000, 0.00000, -20.48389, 28.55049, 12.12000, 1.00000, },
				{ 1.00000, 0.00000, 0.00000, 0.00000, -0.00000, 1.00000, 0.00000, 0.00000, 0.00000, 0.00000, 1.00000, 0.00000, -27.20389, 28.55049, 4.54000, 1.00000, },
				{ -1.00000, -0.00000, 0.00000, 0.00000, 0.00000, -1.00000, 0.00000, 0.00000, 0.00000, 0.00000, 1.00000, 0.00000, -7.69470, -42.76451, 3.77000, 1.00000, },
				{ -1.00000, -0.00000, 0.00000, 0.00000, 0.00000, -1.00000, 0.00000, 0.00000, 0.00000, 0.00000, 1.00000, 0.00000, 7.69470, -42.76451, 3.77000, 1.00000, },
				{ -1.00000, -0.00000, 0.00000, 0.00000, 0.00000, -1.00000, 0.00000, 0.00000, 0.00000, 0.00000, 1.00000, 0.00000, 0.00000, -42.76451, 3.77000, 1.00000, },
				{ 1.00000, 0.00000, 0.00000, 0.00000, -0.00000, 1.00000, 0.00000, 0.00000, 0.00000, 0.00000, 1.00000, 0.00000, 27.20390, 28.55049, 4.54000, 1.00000, },
				{ 1.00000, 0.00000, 0.00000, 0.00000, -0.00000, 1.00000, -0.00000, 0.00000, -0.00000, 0.00000, 1.00000, 0.00000, 13.21611, 28.55049, 12.12000, 1.00000, },
				{ 1.00000, 0.00000, 0.00000, 0.00000, -0.00000, 1.00000, -0.00000, 0.00000, -0.00000, 0.00000, 1.00000, 0.00000, -13.28389, 28.55049, 12.12000, 1.00000, },
				{ 1.00000, 0.00000, 0.00000, 0.00000, -0.00000, 1.00000, -0.00000, 0.00000, -0.00000, 0.00000, 1.00000, 0.00000, 20.41611, 28.55049, 12.12000, 1.00000, },
				{ 1.00000, 0.00000, 0.00000, 0.00000, -0.00000, 1.00000, -0.00000, 0.00000, -0.00000, 0.00000, 1.00000, 0.00000, -6.08389, 28.55049, 12.12000, 1.00000, },
			},
			["asset/roof/generator3.mdl"] = {
				{ -0.00000, -1.00000, 0.00000, 0.00000, 1.00000, -0.00000, 0.00000, 0.00000, 0.00000, 0.00000, 1.00000, 0.00000, -14.62000, -31.69000, -0.00000, 1.00000, },
				{ -0.00000, -1.00000, 0.00000, 0.00000, 1.00000, -0.00000, 0.00000, 0.00000, 0.00000, 0.00000, 1.00000, 0.00000, -17.77000, -31.69000, -0.00000, 1.00000, },
				{ 0.00000, -1.00000, -0.00000, 0.00000, 1.00000, 0.00000, 0.00000, 0.00000, 0.00000, -0.00000, 1.00000, 0.00000, 17.77000, -31.69000, -0.00000, 1.00000, },
				{ 0.00000, -1.00000, -0.00000, 0.00000, 1.00000, 0.00000, 0.00000, 0.00000, 0.00000, -0.00000, 1.00000, 0.00000, 14.62000, -31.69000, -0.00000, 1.00000, },
			},
			["asset/roof/vent2_curve_vertical.mdl"] = {
				{ 0.00000, -0.00000, -1.00000, 0.00000, -1.00000, -0.00000, -0.00000, 0.00000, -0.00000, 1.00000, -0.00000, 0.00000, -17.76900, -30.19500, 5.96000, 1.00000, },
				{ 0.00000, -0.00000, -1.00000, 0.00000, -1.00000, -0.00000, -0.00000, 0.00000, -0.00000, 1.00000, -0.00000, 0.00000, -14.61900, -30.19500, 9.96000, 1.00000, },
				{ 0.00000, 1.00000, -0.00000, 0.00000, 1.00000, -0.00000, -0.00000, 0.00000, -0.00000, -0.00000, -1.00000, 0.00000, 14.62000, -28.79500, 11.36000, 1.00000, },
				{ 0.00000, 1.00000, -0.00000, 0.00000, 1.00000, -0.00000, -0.00000, 0.00000, -0.00000, -0.00000, -1.00000, 0.00000, 17.77000, -28.79500, 7.36000, 1.00000, },
			},
			["asset/roof/vent2_straight_cube_4.mdl"] = {
				{ 0.00000, -0.00000, -1.00000, 0.00000, -1.00000, -0.00000, -0.00000, 0.00000, -0.00000, 1.00000, -0.00000, 0.00000, -17.77000, -30.19500, 3.96000, 1.00000, },
				{ 0.00000, -0.00000, -1.00000, 0.00000, -1.00000, -0.00000, -0.00000, 0.00000, -0.00000, 1.00000, -0.00000, 0.00000, -14.62000, -30.19500, 3.96000, 1.00000, },
				{ 0.00000, -0.00000, -1.00000, 0.00000, -1.00000, -0.00000, -0.00000, 0.00000, -0.00000, 1.00000, -0.00000, 0.00000, -14.62000, -30.19500, 7.96000, 1.00000, },
				{ 0.00000, 0.00000, 1.00000, 0.00000, 1.00000, -0.00000, -0.00000, 0.00000, 0.00000, 1.00000, -0.00000, 0.00000, 14.62000, -30.19500, 3.96000, 1.00000, },
				{ 0.00000, 0.00000, 1.00000, 0.00000, 1.00000, -0.00000, -0.00000, 0.00000, 0.00000, 1.00000, -0.00000, 0.00000, 14.62000, -30.19500, 7.96000, 1.00000, },
				{ 0.00000, 0.00000, 1.00000, 0.00000, 1.00000, -0.00000, -0.00000, 0.00000, 0.00000, 1.00000, -0.00000, 0.00000, 17.77000, -30.19500, 3.96000, 1.00000, },
			},
			["asset/roof/ventbase_low.mdl"] = {
				{ 0.00000, -0.00000, 1.00000, 0.00000, -1.00000, -0.00000, -0.00000, 0.00000, 0.00000, -1.00000, -0.00000, 0.00000, -17.92500, -28.59125, 2.85000, 1.00000, },
				{ 0.00000, -0.00000, 1.00000, 0.00000, -1.00000, -0.00000, -0.00000, 0.00000, 0.00000, -1.00000, -0.00000, 0.00000, -14.77500, -28.59125, 2.85000, 1.00000, },
				{ 0.00000, 0.00000, -1.00000, 0.00000, 1.00000, -0.00000, -0.00000, 0.00000, -0.00000, -1.00000, -0.00000, 0.00000, 14.77500, -28.59125, 2.85000, 1.00000, },
				{ 0.00000, 0.00000, -1.00000, 0.00000, 1.00000, -0.00000, -0.00000, 0.00000, -0.00000, -1.00000, -0.00000, 0.00000, 17.92500, -28.59125, 2.85000, 1.00000, },
			},
			["asset/roof/ventfan1.mdl"] = {
				{ 1.10500, 0.00000, 0.00000, 0.00000, 0.00000, 1.10500, 0.00000, 0.00000, 0.00000, 0.00000, 1.10500, 0.00000, -1.68000, 23.09000, 23.12000, 1.00000, },
				{ 1.10500, 0.00000, 0.00000, 0.00000, 0.00000, 1.10500, 0.00000, 0.00000, 0.00000, 0.00000, 1.10500, 0.00000, 1.66000, -34.12000, 23.12000, 1.00000, },
				{ 1.10500, 0.00000, 0.00000, 0.00000, 0.00000, 1.10500, 0.00000, 0.00000, 0.00000, 0.00000, 1.10500, 0.00000, -1.68000, -37.20000, 23.12000, 1.00000, },
				{ 1.10500, 0.00000, 0.00000, 0.00000, 0.00000, 1.10500, 0.00000, 0.00000, 0.00000, 0.00000, 1.10500, 0.00000, -1.68000, -34.12000, 23.12000, 1.00000, },
				{ 1.10500, 0.00000, 0.00000, 0.00000, 0.00000, 1.10500, 0.00000, 0.00000, 0.00000, 0.00000, 1.10500, 0.00000, 1.66000, -18.14000, 23.12000, 1.00000, },
				{ 1.10500, 0.00000, 0.00000, 0.00000, 0.00000, 1.10500, 0.00000, 0.00000, 0.00000, 0.00000, 1.10500, 0.00000, 1.66000, -15.06000, 23.12000, 1.00000, },
				{ 1.10500, 0.00000, 0.00000, 0.00000, 0.00000, 1.10500, 0.00000, 0.00000, 0.00000, 0.00000, 1.10500, 0.00000, -1.68000, -18.14000, 23.12000, 1.00000, },
				{ 1.10500, 0.00000, 0.00000, 0.00000, 0.00000, 1.10500, 0.00000, 0.00000, 0.00000, 0.00000, 1.10500, 0.00000, -1.68000, -15.06000, 23.12000, 1.00000, },
				{ 1.10500, 0.00000, 0.00000, 0.00000, 0.00000, 1.10500, 0.00000, 0.00000, 0.00000, 0.00000, 1.10500, 0.00000, 1.66000, 0.95000, 23.12000, 1.00000, },
				{ 1.10500, 0.00000, 0.00000, 0.00000, 0.00000, 1.10500, 0.00000, 0.00000, 0.00000, 0.00000, 1.10500, 0.00000, 1.66000, 4.03000, 23.12000, 1.00000, },
				{ 1.10500, 0.00000, 0.00000, 0.00000, 0.00000, 1.10500, 0.00000, 0.00000, 0.00000, 0.00000, 1.10500, 0.00000, -1.68000, 0.95000, 23.12000, 1.00000, },
				{ 1.10500, 0.00000, 0.00000, 0.00000, 0.00000, 1.10500, 0.00000, 0.00000, 0.00000, 0.00000, 1.10500, 0.00000, -1.68000, 4.03000, 23.12000, 1.00000, },
				{ 1.10500, 0.00000, 0.00000, 0.00000, 0.00000, 1.10500, 0.00000, 0.00000, 0.00000, 0.00000, 1.10500, 0.00000, 1.66000, 20.01000, 23.12000, 1.00000, },
				{ 1.10500, 0.00000, 0.00000, 0.00000, 0.00000, 1.10500, 0.00000, 0.00000, 0.00000, 0.00000, 1.10500, 0.00000, 1.66000, 23.09000, 23.12000, 1.00000, },
				{ 1.10500, 0.00000, 0.00000, 0.00000, 0.00000, 1.10500, 0.00000, 0.00000, 0.00000, 0.00000, 1.10500, 0.00000, -1.68000, 20.01000, 23.12000, 1.00000, },
				{ 1.10500, 0.00000, 0.00000, 0.00000, 0.00000, 1.10500, 0.00000, 0.00000, 0.00000, 0.00000, 1.10500, 0.00000, 1.66000, -37.20000, 23.12000, 1.00000, },
			},
			["station/air/airport/era_b_h_asphalt_tile.mdl"] = {
				{ 1.00000, 0.00000, 0.00000, 0.00000, 0.00000, 1.00000, 0.00000, 0.00000, 0.00000, 0.00000, 1.00000, 0.00000, 0.00000, 0.00000, 0.00000, 1.00000, },
			},
			["station/air/airport/era_b_h_street_markings.mdl"] = {
				{ 1.00000, 0.00000, 0.00000, 0.00000, 0.00000, 1.00000, 0.00000, 0.00000, 0.00000, 0.00000, 1.00000, 0.00000, 0.00000, 0.00000, 0.00000, 1.00000, },
			},
