function data()
return {
	boundingInfo = {
		bbMax = { 13.646695137024, 12.925799369812, 8.3500003814697, },
		bbMin = { -15.71450138092, -12.925800323486, -0.0095095932483673, },
	},
	collider = {
		params = {
			halfExtents = { 14.680598258972, 12.925800323486, 4.1797552108765, },
		},
		transf = { 1, 0, 0, 0, 0, 1, 0, 0, 0, 0, 1, 0, 0, 0, 0, 1, },
		type = "BOX",
	},
	lods = {
		{
			node = {
				children = {
					{
						materials = { "vehicle/plane/bae_146_v2/bae_146.mtl", },
						mesh = "vehicle/plane/bae_146_v2/body_lod0.msh",
						name = "body",
						transf = { 1, 0, 0, 0, 0, 1, 0, 0, 0, 0, 1, 0, 0, 0, 0, 1, },
					},
					{
						children = {
							{
								materials = { "vehicle/plane/bae_146_v2/bae_146_interior_glass.mtl", "vehicle/plane/bae_146_v2/bae_146_glass.mtl", },
								mesh = "vehicle/plane/bae_146_v2/glass1_left_frt_lod0.msh",
								name = "glass1_left_frt",
								transf = { 1, 0, 0, 0, 0, 1, 0, 0, 0, 0, 1, 0, 11.274141311646, 0.39291656017303, 2.8543794155121, 1, },
							},
							{
								materials = { "vehicle/plane/bae_146_v2/bae_146_interior_glass.mtl", "vehicle/plane/bae_146_v2/bae_146_glass.mtl", },
								mesh = "vehicle/plane/bae_146_v2/glass2_left_frt_lod0.msh",
								name = "glass2_left_frt",
								transf = { 1, 0, 0, 0, 0, 1, 0, 0, 0, 0, 1, 0, 10.819641113281, 1.0156791210175, 2.810619354248, 1, },
							},
							{
								materials = { "vehicle/plane/bae_146_v2/bae_146_interior_glass.mtl", "vehicle/plane/bae_146_v2/bae_146_glass.mtl", },
								mesh = "vehicle/plane/bae_146_v2/glass3_left_frt_lod0.msh",
								name = "glass3_left_frt",
								transf = { 1, 0, 0, 0, 0, 1, 0, 0, 0, 0, 1, 0, 10.322845458984, 1.2122182846069, 2.8263890743256, 1, },
							},
							{
								materials = { "vehicle/plane/bae_146_v2/bae_146_interior_glass.mtl", "vehicle/plane/bae_146_v2/bae_146_glass.mtl", },
								mesh = "vehicle/plane/bae_146_v2/glass1_right_frt_lod0.msh",
								name = "glass1_right_frt",
								transf = { 1, 0, 0, 0, 0, 1, 0, 0, 0, 0, 1, 0, 11.274141311646, -0.39291700720787, 2.8543794155121, 1, },
							},
							{
								materials = { "vehicle/plane/bae_146_v2/bae_146_interior_glass.mtl", "vehicle/plane/bae_146_v2/bae_146_glass.mtl", },
								mesh = "vehicle/plane/bae_146_v2/glass2_right_frt_lod0.msh",
								name = "glass2_right_frt",
								transf = { 1, 0, 0, 0, 0, 1, 0, 0, 0, 0, 1, 0, 10.819641113281, -1.0156791210175, 2.810619354248, 1, },
							},
							{
								materials = { "vehicle/plane/bae_146_v2/bae_146_interior_glass.mtl", "vehicle/plane/bae_146_v2/bae_146_glass.mtl", },
								mesh = "vehicle/plane/bae_146_v2/glass3_right_frt_lod0.msh",
								name = "glass3_right_frt",
								transf = { 1, 0, 0, 0, 0, 1, 0, 0, 0, 0, 1, 0, 10.322845458984, -1.2122186422348, 2.8263890743256, 1, },
							},
							{
								materials = { "vehicle/plane/bae_146_v2/bae_146_interior_glass.mtl", "vehicle/plane/bae_146_v2/bae_146_glass.mtl", },
								mesh = "vehicle/plane/bae_146_v2/glass1_lft_lod0.msh",
								name = "glass1_lft",
								transf = { 1, 0, 0, 0, 0, 1, 0, 0, 0, 0, 1, 0, 7.2599997520447, 1.6414438486099, 2.6229345798492, 1, },
							},
							{
								materials = { "vehicle/plane/bae_146_v2/bae_146_interior_glass.mtl", "vehicle/plane/bae_146_v2/bae_146_glass.mtl", },
								mesh = "vehicle/plane/bae_146_v2/glass2_lft_lod0.msh",
								name = "glass2_lft",
								transf = { 1, 0, 0, 0, 0, 1, 0, 0, 0, 0, 1, 0, 5.4449992179871, 1.6414437294006, 2.6229345798492, 1, },
							},
							{
								materials = { "vehicle/plane/bae_146_v2/bae_146_interior_glass.mtl", "vehicle/plane/bae_146_v2/bae_146_glass.mtl", },
								mesh = "vehicle/plane/bae_146_v2/glass3_lft_lod0.msh",
								name = "glass3_lft",
								transf = { 1, 0, 0, 0, 0, 1, 0, 0, 0, 0, 1, 0, 3.6849999427795, 1.6414437294006, 2.6229345798492, 1, },
							},
							{
								materials = { "vehicle/plane/bae_146_v2/bae_146_interior_glass.mtl", "vehicle/plane/bae_146_v2/bae_146_glass.mtl", },
								mesh = "vehicle/plane/bae_146_v2/glass4_lft_lod0.msh",
								name = "glass4_lft",
								transf = { 1, 0, 0, 0, 0, 1, 0, 0, 0, 0, 1, 0, 1.9449988603592, 1.6414399147034, 2.6229345798492, 1, },
							},
							{
								materials = { "vehicle/plane/bae_146_v2/bae_146_interior_glass.mtl", "vehicle/plane/bae_146_v2/bae_146_glass.mtl", },
								mesh = "vehicle/plane/bae_146_v2/glass5_lft_lod0.msh",
								name = "glass5_lft",
								transf = { 1, 0, 0, 0, 0, 1, 0, 0, 0, 0, 1, 0, 0.21999907493591, 1.6414399147034, 2.6229345798492, 1, },
							},
							{
								materials = { "vehicle/plane/bae_146_v2/bae_146_interior_glass.mtl", "vehicle/plane/bae_146_v2/bae_146_glass.mtl", },
								mesh = "vehicle/plane/bae_146_v2/glass6_lft_lod0.msh",
								name = "glass6_lft",
								transf = { 1, 0, 0, 0, 0, 1, 0, 0, 0, 0, 1, 0, -1.5499994754791, 1.6398167610168, 2.6229348182678, 1, },
							},
							{
								materials = { "vehicle/plane/bae_146_v2/bae_146_interior_glass.mtl", "vehicle/plane/bae_146_v2/bae_146_glass.mtl", },
								mesh = "vehicle/plane/bae_146_v2/glass7_lft_lod0.msh",
								name = "glass7_lft",
								transf = { 1, 0, 0, 0, 0, 1, 0, 0, 0, 0, 1, 0, -3.3550000190735, 1.6343743801117, 2.6229348182678, 1, },
							},
							{
								materials = { "vehicle/plane/bae_146_v2/bae_146_interior_glass.mtl", "vehicle/plane/bae_146_v2/bae_146_glass.mtl", },
								mesh = "vehicle/plane/bae_146_v2/glass8_lft_lod0.msh",
								name = "glass8_lft",
								transf = { 1, 0, 0, 0, 0, 1, 0, 0, 0, 0, 1, 0, -5.4549999237061, 1.5833175182343, 2.6248643398285, 1, },
							},
							{
								materials = { "vehicle/plane/bae_146_v2/bae_146_interior_glass.mtl", "vehicle/plane/bae_146_v2/bae_146_glass.mtl", },
								mesh = "vehicle/plane/bae_146_v2/glass1_rgt_lod0.msh",
								name = "glass1_rgt",
								transf = { 1, 0, 0, 0, 0, 1, 0, 0, 0, 0, 1, 0, 7.2599997520447, -1.6414443254471, 2.6229345798492, 1, },
							},
							{
								materials = { "vehicle/plane/bae_146_v2/bae_146_interior_glass.mtl", "vehicle/plane/bae_146_v2/bae_146_glass.mtl", },
								mesh = "vehicle/plane/bae_146_v2/glass2_rgt_lod0.msh",
								name = "glass2_rgt",
								transf = { 1, 0, 0, 0, 0, 1, 0, 0, 0, 0, 1, 0, 5.4449992179871, -1.6414443254471, 2.6229345798492, 1, },
							},
							{
								materials = { "vehicle/plane/bae_146_v2/bae_146_interior_glass.mtl", "vehicle/plane/bae_146_v2/bae_146_glass.mtl", },
								mesh = "vehicle/plane/bae_146_v2/glass3_rgt_lod0.msh",
								name = "glass3_rgt",
								transf = { 1, 0, 0, 0, 0, 1, 0, 0, 0, 0, 1, 0, 3.6849999427795, -1.6414443254471, 2.6229345798492, 1, },
							},
							{
								materials = { "vehicle/plane/bae_146_v2/bae_146_interior_glass.mtl", "vehicle/plane/bae_146_v2/bae_146_glass.mtl", },
								mesh = "vehicle/plane/bae_146_v2/glass4_rgt_lod0.msh",
								name = "glass4_rgt",
								transf = { 1, 0, 0, 0, 0, 1, 0, 0, 0, 0, 1, 0, 1.9449988603592, -1.6414403915405, 2.6229345798492, 1, },
							},
							{
								materials = { "vehicle/plane/bae_146_v2/bae_146_interior_glass.mtl", "vehicle/plane/bae_146_v2/bae_146_glass.mtl", },
								mesh = "vehicle/plane/bae_146_v2/glass5_rgt_lod0.msh",
								name = "glass5_rgt",
								transf = { 1, 0, 0, 0, 0, 1, 0, 0, 0, 0, 1, 0, 0.21999907493591, -1.6414403915405, 2.6229345798492, 1, },
							},
							{
								materials = { "vehicle/plane/bae_146_v2/bae_146_interior_glass.mtl", "vehicle/plane/bae_146_v2/bae_146_glass.mtl", },
								mesh = "vehicle/plane/bae_146_v2/glass6_rgt_lod0.msh",
								name = "glass6_rgt",
								transf = { 1, 0, 0, 0, 0, 1, 0, 0, 0, 0, 1, 0, -1.5499997138977, -1.6398171186447, 2.6229345798492, 1, },
							},
							{
								materials = { "vehicle/plane/bae_146_v2/bae_146_interior_glass.mtl", "vehicle/plane/bae_146_v2/bae_146_glass.mtl", },
								mesh = "vehicle/plane/bae_146_v2/glass7_rgt_lod0.msh",
								name = "glass7_rgt",
								transf = { 1, 0, 0, 0, 0, 1, 0, 0, 0, 0, 1, 0, -3.3550000190735, -1.6343750953674, 2.6229345798492, 1, },
							},
							{
								materials = { "vehicle/plane/bae_146_v2/bae_146_interior_glass.mtl", "vehicle/plane/bae_146_v2/bae_146_glass.mtl", },
								mesh = "vehicle/plane/bae_146_v2/glass8_rgt_lod0.msh",
								name = "glass8_rgt",
								transf = { 1, 0, 0, 0, 0, 1, 0, 0, 0, 0, 1, 0, -5.4549999237061, -1.5833181142807, 2.6248641014099, 1, },
							},
						},
						name = "glass_grp",
						transf = { 1, 0, 0, 0, 0, 1, 0, 0, 0, 0, 1, 0, 0, 0, 0, 1, },
					},
					{
						materials = { "vehicle/plane/bae_146_v2/bae_146_interior.mtl", },
						mesh = "vehicle/plane/bae_146_v2/interior_lod0.msh",
						name = "interior",
						transf = { 1, 0, 0, 0, 0, 1, 0, 0, 0, 0, 1, 0, 0, 0, 0, 1, },
					},
					{
						materials = { "vehicle/plane/bae_146_v2/bae_146.mtl", },
						mesh = "vehicle/plane/bae_146_v2/aileron_lft_lod0.msh",
						name = "aileron_lft",
						transf = { -0.18481838703156, 0.98146116733551, -0.050754740834236, 0, -0.0093925129622221, 0.049878090620041, 0.99871110916138, 0, 0.98272776603699, 0.18505689501762, -2.2185606685099e-09, 0, -0.99355655908585, 11.174998283386, 3.1693019866943, 1, },
					},
					{
						materials = { "vehicle/plane/bae_146_v2/bae_146.mtl", },
						mesh = "vehicle/plane/bae_146_v2/aileron_rgt_lod0.msh",
						name = "aileron_rgt",
						transf = { 0.18481838703156, 0.98146116733551, 0.050754740834236, 0, -0.0093925129622221, -0.049878090620041, 0.99871110916138, 0, 0.98272776603699, -0.18505690991879, -2.2185602244207e-09, 0, -0.99355655908585, -11.194999694824, 3.1693019866943, 1, },
					},
					{
						materials = { "vehicle/plane/bae_146_v2/bae_146.mtl", },
						mesh = "vehicle/plane/bae_146_v2/rudder_lod0.msh",
						name = "rudder",
						transf = { 0.86910444498062, -4.2212300321864e-10, 0.49462854862213, 0, -0.0056366128847003, 0.99993509054184, 0.0099040102213621, 0, -0.49459645152092, -0.011395649984479, 0.86904799938202, 0, -13.070614814758, 2.2351741291171e-10, 5.4374375343323, 1, },
					},
					{
						materials = { "vehicle/plane/bae_146_v2/bae_146.mtl", },
						mesh = "vehicle/plane/bae_146_v2/elevator_lft_lod0.msh",
						name = "elevator_lft",
						transf = { -0.23648978769779, 0.97146344184875, -0.018201971426606, 0, -0.0043052928522229, 0.017685480415821, 0.99983429908752, 0, 0.97162443399429, 0.23652897775173, -7.9563328148069e-10, 0, -14.415241241455, 2.9099998474121, 7.7673320770264, 1, },
					},
					{
						materials = { "vehicle/plane/bae_146_v2/bae_146.mtl", },
						mesh = "vehicle/plane/bae_146_v2/elevator_rgt_lod0.msh",
						name = "elevator_rgt",
						transf = { 0.23648978769779, 0.97146344184875, 0.018201971426606, 0, -0.0043052928522229, -0.017685480415821, 0.99983429908752, 0, 0.97162443399429, -0.23652897775173, -7.9563333699184e-10, 0, -14.415241241455, -2.92999958992, 7.7673320770264, 1, },
					},
					{
						materials = { "vehicle/plane/bae_146_v2/bae_146.mtl", },
						mesh = "vehicle/plane/bae_146_v2/rotor1_lft_lod0.msh",
						name = "rotor1_lft",
						transf = { 1, -1.499759904158e-32, -1.2246468525852e-16, 0, 0, 1, -1.2246468525852e-16, 0, 1.2246468525852e-16, 1.2246468525852e-16, 1, 0, 4.6117129325867, 3.8399963378906, 2.0975000858307, 1, },
					},
					{
						materials = { "vehicle/plane/bae_146_v2/bae_146.mtl", },
						mesh = "vehicle/plane/bae_146_v2/rotor1_lft_lod0.msh",
						name = "rotor2_lft",
						transf = { 1, -1.499759904158e-32, -1.2246468525852e-16, 0, 0, 1, -1.2246468525852e-16, 0, 1.2246468525852e-16, 1.2246468525852e-16, 1, 0, 3.7617135047913, 6.5, 1.9473600387573, 1, },
					},
					{
						materials = { "vehicle/plane/bae_146_v2/bae_146.mtl", },
						mesh = "vehicle/plane/bae_146_v2/rotor1_lft_lod0.msh",
						name = "rotor1_rgt",
						transf = { 1, 0, 0, 0, 0, 1, 0, 0, 0, 0, 1, 0, 4.6117129325867, -3.8399963378906, 2.0973601341248, 1, },
					},
					{
						materials = { "vehicle/plane/bae_146_v2/bae_146.mtl", },
						mesh = "vehicle/plane/bae_146_v2/rotor1_lft_lod0.msh",
						name = "rotor2_rgt",
						transf = { 1, 0, 0, 0, 0, 1, 0, 0, 0, 0, 1, 0, 3.7617135047913, -6.5, 1.9452276229858, 1, },
					},
					{
						children = {
							{
								animations = {
									flaps = {
										params = {
											id = "vehicle/plane/bae_146_v2/flaps/flap_holder1_lft.ani",
										},
										type = "FILE_REF",
									},
								},
								materials = { "vehicle/plane/bae_146_v2/bae_146.mtl", },
								mesh = "vehicle/plane/bae_146_v2/flap_holder1_lft_lod0.msh",
								name = "flap_holder1_lft",
								transf = { 0.98272794485092, 0.18505604565144, 5.9069367175368e-09, 0, -0.18505604565144, 0.98272794485092, 4.0340097484659e-08, 0, 1.6602672570087e-09, -4.0736455986234e-08, 1, 0, 0.51457649469376, 3.8399999141693, 3.1357650756836, 1, },
							},
							{
								animations = {
									flaps = {
										params = {
											id = "vehicle/plane/bae_146_v2/flaps/flap_holder2_lft.ani",
										},
										type = "FILE_REF",
									},
								},
								materials = { "vehicle/plane/bae_146_v2/bae_146.mtl", },
								mesh = "vehicle/plane/bae_146_v2/flap_holder2_lft_lod0.msh",
								name = "flap_holder2_lft",
								transf = { 0.9827276468277, 0.18505775928497, -4.9630659759714e-07, 0, -0.18505775928497, 0.9827276468277, -2.6266081931681e-06, 0, 1.6599702723497e-09, 2.6730856461654e-06, 1, 0, 0.013672698289156, 6.5000004768372, 2.9995448589325, 1, },
							},
							{
								animations = {
									flaps = {
										params = {
											id = "vehicle/plane/bae_146_v2/flaps/flap_holder3_lft.ani",
										},
										type = "FILE_REF",
									},
								},
								materials = { "vehicle/plane/bae_146_v2/bae_146.mtl", },
								mesh = "vehicle/plane/bae_146_v2/flap_holder3_lft_lod0.msh",
								name = "flap_holder3_lft",
								transf = { 0.98272728919983, 0.18505945801735, 1.055179410514e-07, 0, -0.18505945801735, 0.98272728919983, 2.1582234666084e-08, 0, -9.9701367162197e-08, -4.073654835679e-08, 1, 0, -0.47404903173447, 9.0900001525879, 2.9202349185944, 1, },
							},
							{
								animations = {
									flaps = {
										params = {
											id = "vehicle/plane/bae_146_v2/flaps/flap1_lft.ani",
										},
										type = "FILE_REF",
									},
								},
								children = {
									{
										animations = {
											flaps = {
												params = {
													id = "vehicle/plane/bae_146_v2/flaps/flap1_c1_lft.ani",
												},
												type = "FILE_REF",
											},
										},
										materials = { "vehicle/plane/bae_146_v2/bae_146.mtl", },
										mesh = "vehicle/plane/bae_146_v2/flap1_c1_lft_lod0.msh",
										name = "flap1_c1_lft",
										transf = { 0.99901968240738, -0.044201266020536, -0.0024327186401933, 0, 0.04419195279479, 0.99901592731476, -0.0037579997442663, 0, 0.0025964330416173, 0.0036468093749136, 0.99998992681503, 0, -0.60870856046677, 0.11206007748842, 0.049882777035236, 1, },
									},
								},
								materials = { "vehicle/plane/bae_146_v2/bae_146.mtl", },
								mesh = "vehicle/plane/bae_146_v2/flap1_lft_lod0.msh",
								name = "flap1_lft",
								transf = { 0.9827276468277, 0.18505741655827, 6.2772514866083e-06, 0, -0.18477883934975, 0.98125022649765, -0.054815296083689, 0, -0.010150136426091, 0.053867347538471, 0.99849653244019, 0, 0.026809388771653, 5.7664399147034, 3.4228487014771, 1, },
							},
						},
						name = "flap_lft_grp",
						transf = { 1, 0, 0, 0, 0, 1, 0, 0, 0, 0, 1, 0, 0, 0, 0, 1, },
					},
					{
						children = {
							{
								animations = {
									flaps = {
										params = {
											id = "vehicle/plane/bae_146_v2/flaps/flap_holder1_rgt.ani",
										},
										type = "FILE_REF",
									},
								},
								materials = { "vehicle/plane/bae_146_v2/bae_146.mtl", },
								mesh = "vehicle/plane/bae_146_v2/flap_holder1_rgt_lod0.msh",
								name = "flap_holder1_rgt",
								transf = { 0.98272794485092, -0.18505604565144, -5.9069367175368e-09, 0, 0.18505604565144, 0.98272794485092, 4.0340097484659e-08, 0, -1.6602667018972e-09, -4.0736455986234e-08, 1, 0, 0.51457649469376, -3.8399999141693, 3.1357650756836, 1, },
							},
							{
								animations = {
									flaps = {
										params = {
											id = "vehicle/plane/bae_146_v2/flaps/flap_holder2_rgt.ani",
										},
										type = "FILE_REF",
									},
								},
								materials = { "vehicle/plane/bae_146_v2/bae_146.mtl", },
								mesh = "vehicle/plane/bae_146_v2/flap_holder2_rgt_lod0.msh",
								name = "flap_holder2_rgt",
								transf = { 0.9827276468277, -0.1850577890873, 4.9630659759714e-07, 0, 0.1850577890873, 0.9827276468277, -2.6266081931681e-06, 0, -1.6598906693588e-09, 2.6730856461654e-06, 1, 0, 0.013672698289156, -6.5000004768372, 2.9995448589325, 1, },
							},
							{
								animations = {
									flaps = {
										params = {
											id = "vehicle/plane/bae_146_v2/flaps/flap_holder3_rgt.ani",
										},
										type = "FILE_REF",
									},
								},
								materials = { "vehicle/plane/bae_146_v2/bae_146.mtl", },
								mesh = "vehicle/plane/bae_146_v2/flap_holder3_rgt_lod0.msh",
								name = "flap_holder3_rgt",
								transf = { 0.98272728919983, -0.18505945801735, -1.055179410514e-07, 0, 0.18505945801735, 0.98272728919983, 2.1582231113371e-08, 0, 9.9701367162197e-08, -4.0736544804076e-08, 1, 0, -0.47404903173447, -9.0900001525879, 2.9202349185944, 1, },
							},
							{
								animations = {
									flaps = {
										params = {
											id = "vehicle/plane/bae_146_v2/flaps/flap1_rgt.ani",
										},
										type = "FILE_REF",
									},
								},
								children = {
									{
										animations = {
											flaps = {
												params = {
													id = "vehicle/plane/bae_146_v2/flaps/flap1_c1_rgt.ani",
												},
												type = "FILE_REF",
											},
										},
										materials = { "vehicle/plane/bae_146_v2/bae_146.mtl", },
										mesh = "vehicle/plane/bae_146_v2/flap1_c1_rgt_lod0.msh",
										name = "flap1_c1_rgt",
										transf = { 0.99901968240738, 0.044201266020536, -0.0024327186401933, 0, -0.04419195279479, 0.99901592731476, 0.0037579997442663, 0, 0.0025964330416173, -0.0036468093749136, 0.99998992681503, 0, -0.60870862007141, -0.11205970495939, 0.049882706254721, 1, },
									},
								},
								materials = { "vehicle/plane/bae_146_v2/bae_146.mtl", },
								mesh = "vehicle/plane/bae_146_v2/flap1_rgt_lod0.msh",
								name = "flap1_rgt",
								transf = { 0.9827276468277, -0.18505741655827, 6.2772514866083e-06, 0, 0.18477883934975, 0.98125022649765, 0.054815296083689, 0, -0.010150136426091, -0.053867347538471, 0.99849653244019, 0, 0.026809388771653, -5.7664399147034, 3.4228487014771, 1, },
							},
						},
						name = "flap_rgt_grp",
						transf = { 1, 0, 0, 0, 0, 1, 0, 0, 0, 0, 1, 0, 0, 0, 0, 1, },
					},
					{
						children = {
							{
								animations = {
									close_wheels = {
										params = {
											id = "vehicle/plane/bae_146_v2/close_wheels/gear_d1_left_frt.ani",
										},
										type = "FILE_REF",
									},
									open_wheels = {
										params = {
											id = "vehicle/plane/bae_146_v2/open_wheels/gear_d1_left_frt.ani",
										},
										type = "FILE_REF",
									},
								},
								materials = { "vehicle/plane/bae_146_v2/bae_146.mtl", },
								mesh = "vehicle/plane/bae_146_v2/gear_d1_left_frt_lod0.msh",
								name = "gear_d1_left_frt",
								transf = { 0.96332049369812, 0, 0.26835325360298, 0, 0, 1, 0, 0, -0.26835325360298, 0, 0.96332049369812, 0, 12.292140960693, 0.32623174786568, 0.97919636964798, 1, },
							},
							{
								animations = {
									close_wheels = {
										params = {
											id = "vehicle/plane/bae_146_v2/close_wheels/gear_d1_right_frt.ani",
										},
										type = "FILE_REF",
									},
									open_wheels = {
										params = {
											id = "vehicle/plane/bae_146_v2/open_wheels/gear_d1_right_frt.ani",
										},
										type = "FILE_REF",
									},
								},
								materials = { "vehicle/plane/bae_146_v2/bae_146.mtl", },
								mesh = "vehicle/plane/bae_146_v2/gear_d1_right_frt_lod0.msh",
								name = "gear_d1_right_frt",
								transf = { 0.96332049369812, 2.245970311781e-18, 0.26835325360298, 0, -2.1635893266253e-18, 1, -6.0271388300092e-19, 0, -0.26835325360298, 4.2506063966127e-25, 0.96332049369812, 0, 12.292140960693, -0.32623174786568, 0.97919636964798, 1, },
							},
							{
								animations = {
									close_wheels = {
										params = {
											id = "vehicle/plane/bae_146_v2/close_wheels/gear_d2_frt.ani",
										},
										type = "FILE_REF",
									},
									open_wheels = {
										params = {
											id = "vehicle/plane/bae_146_v2/open_wheels/gear_d2_frt.ani",
										},
										type = "FILE_REF",
									},
								},
								materials = { "vehicle/plane/bae_146_v2/bae_146.mtl", },
								mesh = "vehicle/plane/bae_146_v2/gear_d2_frt_lod0.msh",
								name = "gear_d2_frt",
								transf = { 0.0069812717847526, 0, -0.99997556209564, 0, 0, 1, 0, 0, 0.99997556209564, 0, 0.0069812717847526, 0, 11.338025093079, 0, 1.0003355741501, 1, },
							},
							{
								animations = {
									close_wheels = {
										params = {
											id = "vehicle/plane/bae_146_v2/close_wheels/gear_w1_steering_frt.ani",
										},
										type = "FILE_REF",
									},
									open_wheels = {
										params = {
											id = "vehicle/plane/bae_146_v2/open_wheels/gear_w1_steering_frt.ani",
										},
										type = "FILE_REF",
									},
								},
								children = {
									{
										materials = { "vehicle/plane/bae_146_v2/bae_146.mtl", },
										mesh = "vehicle/plane/bae_146_v2/w1_frt_lod0.msh",
										name = "w1_frt",
										transf = { 1, 0, 0, 0, 0, 1, 0, 0, 0, 0, 1, 0, -0.061000015586615, 0, -0.75900000333786, 1, },
									},
								},
								materials = { "vehicle/plane/bae_146_v2/bae_146.mtl", },
								mesh = "vehicle/plane/bae_146_v2/gear_w1_steering_frt_lod0.msh",
								name = "gear_w1_steering_frt",
								transf = { 1, 0, 0, 0, 0, 1, 0, 0, 0, 0, 1, 0, 11.529000282288, 0, 1.0299999713898, 1, },
							},
						},
						name = "gear_frt_grp",
						transf = { 1, 0, 0, 0, 0, 1, 0, 0, 0, 0, 1, 0, 0, 0, 0, 1, },
					},
					{
						children = {
							{
								animations = {
									close_wheels = {
										params = {
											id = "vehicle/plane/bae_146_v2/close_wheels/gear_d3_lft.ani",
										},
										type = "FILE_REF",
									},
									open_wheels = {
										params = {
											id = "vehicle/plane/bae_146_v2/open_wheels/gear_d3_lft.ani",
										},
										type = "FILE_REF",
									},
								},
								materials = { "vehicle/plane/bae_146_v2/bae_146.mtl", },
								mesh = "vehicle/plane/bae_146_v2/gear_d3_lft_lod0.msh",
								name = "gear_d3_lft",
								transf = { 1, 0, 0, 0, 0, -0.24192187190056, 0.97029572725296, 0, 0, -0.97029572725296, -0.24192187190056, 0, 0.20523563027382, 1.6177999973297, 1.62399995327, 1, },
							},
							{
								materials = { "vehicle/plane/bae_146_v2/bae_146.mtl", },
								mesh = "vehicle/plane/bae_146_v2/gear1_lft_lod0.msh",
								name = "gear1_lft",
								transf = { -0.30117109417915, 0.89589941501617, 0.32658857107162, 0, -0.9496203660965, -0.31292474269867, -0.017297226935625, 0, 0.086701072752476, -0.31534460186958, 0.94500833749771, 0, 0.980453312397, 0.24436517059803, 0.50540852546692, 1, },
							},
							{
								children = {
									{
										animations = {
											close_wheels = {
												params = {
													id = "vehicle/plane/bae_146_v2/close_wheels/gear2_c2_ik_loc1_lft.ani",
												},
												type = "FILE_REF",
											},
											open_wheels = {
												params = {
													id = "vehicle/plane/bae_146_v2/open_wheels/gear2_c2_ik_loc1_lft.ani",
												},
												type = "FILE_REF",
											},
										},
										children = {
											{
												animations = {
													close_wheels = {
														params = {
															id = "vehicle/plane/bae_146_v2/close_wheels/gear2_c2_ik_loc2_lft.ani",
														},
														type = "FILE_REF",
													},
													open_wheels = {
														params = {
															id = "vehicle/plane/bae_146_v2/open_wheels/gear2_c2_ik_loc2_lft.ani",
														},
														type = "FILE_REF",
													},
												},
												children = {
													{
														materials = { "vehicle/plane/bae_146_v2/bae_146.mtl", },
														mesh = "vehicle/plane/bae_146_v2/gear2_c2_lft_lod0.msh",
														name = "gear2_c2_lft",
														transf = { -0.99999886751175, 0.0006417800905183, 0.0013542207889259, 0, -0.00064173532882705, -0.99999976158142, 3.3509935747134e-05, 0, 0.0013542420929298, 3.2640848075971e-05, 0.99999904632568, 0, -9.187971272695e-07, 0.0006784675642848, -0.00067846698220819, 1, },
													},
													{
														children = {
															{
																materials = { "vehicle/plane/bae_146_v2/bae_146.mtl", },
																mesh = "vehicle/plane/bae_146_v2/gear2_c1_lft_lod0.msh",
																name = "gear2_c1_lft",
																transf = { 0.99999886751175, -0.00064198090694845, 0.0013542661909014, 0, -0.0013652845518664, -0.017485098913312, 0.99984622001648, 0, -0.00061820267001167, -0.99984687566757, -0.017485955730081, 0, 5.6843417590259e-16, -8.5265126385388e-16, -6.3948843465552e-16, 1, },
															},
														},
														name = "gear2_c1_ik_loc_lft",
														transf = { -1, 1.5099578831723e-07, 0, 0, -1.5099578831723e-07, -1, -5.6860210984055e-12, 0, -2.2204460492503e-16, -5.6860210984055e-12, 1, 0, -0.50100100040436, 0, 1.4210854397565e-16, 1, },
													},
												},
												name = "gear2_c2_ik_loc2_lft",
												transf = { 0.99999809265137, -2.7755572968651e-16, 0.0019228054443374, 0, 5.5511151231258e-17, 1, 0, 0, -0.0019228054443374, -2.7755575615629e-17, 0.99999809265137, 0, -1.0569999217987, 1.4210854397565e-16, 0, 1, },
											},
										},
										name = "gear2_c2_ik_loc1_lft",
										transf = { 0.30172693729401, -0.895503282547, -0.32716163992882, 0, 0.94942963123322, 0.31348946690559, 0.017537731677294, 0, 0.086856633424759, -0.31590858101845, 0.94480562210083, 0, 0, 0, 0, 1, },
									},
								},
								name = "gear2_c1_c2_ikroot_lft",
								transf = { 1, 0, 0, 0, 0, 1, 0, 0, 0, 0, 1, 0, 0.980453312397, 0.24436517059803, 0.50540852546692, 1, },
							},
							{
								animations = {
									close_wheels = {
										params = {
											id = "vehicle/plane/bae_146_v2/close_wheels/gear_rotation_loc_lft.ani",
										},
										type = "FILE_REF",
									},
									open_wheels = {
										params = {
											id = "vehicle/plane/bae_146_v2/open_wheels/gear_rotation_loc_lft.ani",
										},
										type = "FILE_REF",
									},
								},
								children = {
									{
										children = {
											{
												materials = { "vehicle/plane/bae_146_v2/bae_146.mtl", },
												mesh = "vehicle/plane/bae_146_v2/w2_lft_lod0.msh",
												name = "w2_lft",
												transf = { 1, 0, -1.2908317994099e-32, 0, 0, 1, 0, 0, 1.1743588232794e-32, 0, 1, 0, 0.022000128403306, -0.59299552440643, -1.0290083885193, 1, },
											},
										},
										materials = { "vehicle/plane/bae_146_v2/bae_146.mtl", },
										mesh = "vehicle/plane/bae_146_v2/gear2_lft_lod0.msh",
										name = "gear2_lft",
										transf = { -1, 8.7422776573476e-08, -2.4492937051703e-16, 0, -8.7422776573476e-08, -1, -2.4492937051703e-16, 0, -2.4492939698681e-16, -2.4492934404725e-16, 1, 0, -0.20523563027382, -0.085800006985664, -0.12099995464087, 1, },
									},
								},
								name = "gear_rotation_loc_lft",
								transf = { 1, 0, -1.2246468525852e-16, 0, 0, 1, 0, 0, 1.2246468525852e-16, 0, 1, 0, 0.20523563027382, 1.6078000068665, 1.62399995327, 1, },
							},
						},
						name = "gear_lft_grp",
						transf = { 1, 0, 0, 0, 0, 1, 0, 0, 0, 0, 1, 0, 0, -0.0099999997764826, 0, 1, },
					},
					{
						children = {
							{
								animations = {
									close_wheels = {
										params = {
											id = "vehicle/plane/bae_146_v2/close_wheels/gear_d3_rgt.ani",
										},
										type = "FILE_REF",
									},
									open_wheels = {
										params = {
											id = "vehicle/plane/bae_146_v2/open_wheels/gear_d3_rgt.ani",
										},
										type = "FILE_REF",
									},
								},
								materials = { "vehicle/plane/bae_146_v2/bae_146.mtl", },
								mesh = "vehicle/plane/bae_146_v2/gear_d3_rgt_lod0.msh",
								name = "gear_d3_rgt",
								transf = { 1, 0, 0, 0, 0, -0.24192187190056, -0.97029572725296, 0, 0, 0.97029572725296, -0.24192187190056, 0, 0.20523563027382, -1.5977998971939, 1.62399995327, 1, },
							},
							{
								materials = { "vehicle/plane/bae_146_v2/bae_146.mtl", },
								mesh = "vehicle/plane/bae_146_v2/gear1_rgt_lod0.msh",
								name = "gear1_rgt",
								transf = { 0.30117112398148, 0.89589941501617, -0.32658857107162, 0, -0.9496203660965, 0.31292480230331, -0.017297226935625, 0, 0.086701087653637, 0.31534460186958, 0.94500833749771, 0, 0.980453312397, -0.24436517059803, 0.50540852546692, 1, },
							},
							{
								children = {
									{
										animations = {
											close_wheels = {
												params = {
													id = "vehicle/plane/bae_146_v2/close_wheels/gear2_c2_ik_loc1_rgt.ani",
												},
												type = "FILE_REF",
											},
											open_wheels = {
												params = {
													id = "vehicle/plane/bae_146_v2/open_wheels/gear2_c2_ik_loc1_rgt.ani",
												},
												type = "FILE_REF",
											},
										},
										children = {
											{
												animations = {
													close_wheels = {
														params = {
															id = "vehicle/plane/bae_146_v2/close_wheels/gear2_c2_ik_loc2_rgt.ani",
														},
														type = "FILE_REF",
													},
													open_wheels = {
														params = {
															id = "vehicle/plane/bae_146_v2/open_wheels/gear2_c2_ik_loc2_rgt.ani",
														},
														type = "FILE_REF",
													},
												},
												children = {
													{
														materials = { "vehicle/plane/bae_146_v2/bae_146.mtl", },
														mesh = "vehicle/plane/bae_146_v2/gear2_c2_rgt_lod0.msh",
														name = "gear2_c2_rgt",
														transf = { -0.99999886751175, -0.0006417800905183, -0.0013542207889259, 0, 0.00064173532882705, -0.99999976158142, 3.3509935747134e-05, 0, -0.0013542420929298, 3.2640848075971e-05, 0.99999904632568, 0, 9.187971272695e-07, 0.0006784675642848, -0.00067846698220819, 1, },
													},
													{
														children = {
															{
																materials = { "vehicle/plane/bae_146_v2/bae_146.mtl", },
																mesh = "vehicle/plane/bae_146_v2/gear2_c1_rgt_lod0.msh",
																name = "gear2_c1_rgt",
																transf = { 0.99999886751175, 0.00064198090694845, -0.0013542661909014, 0, 0.0013652845518664, -0.017485098913312, 0.99984622001648, 0, 0.00061820267001167, -0.99984687566757, -0.017485955730081, 0, -2.8421708795129e-16, -5.6843417590259e-16, 1.4210854397565e-16, 1, },
															},
														},
														name = "gear2_c1_ik_loc_rgt",
														transf = { -1, -8.7422776573476e-08, -2.2204460492503e-16, 0, 8.7422776573476e-08, -1, -5.6852439422883e-12, 0, -2.2204460492503e-16, -5.6854239198489e-12, 1, 0, 0.50100100040436, -1.4210854397565e-16, -1.4210854397565e-16, 1, },
													},
												},
												name = "gear2_c2_ik_loc2_rgt",
												transf = { 0.99999809265137, -3.885780586188e-16, -0.0019228054443374, 0, 2.7755572968651e-16, 1, 0, 0, 0.0019228054443374, 4.1633363423443e-17, 0.99999809265137, 0, 1.0569999217987, -2.8421708795129e-16, 0, 1, },
											},
										},
										name = "gear2_c2_ik_loc1_rgt",
										transf = { -0.30172693729401, -0.895503282547, 0.32716163992882, 0, 0.94942963123322, -0.31348946690559, 0.017537731677294, 0, 0.086856633424759, 0.31590858101845, 0.94480562210083, 0, 0, 0, 0, 1, },
									},
								},
								name = "gear2_c1_c2_ikroot_rgt",
								transf = { 1, 0, 0, 0, 0, 1, 0, 0, 0, 0, 1, 0, 0.980453312397, -0.24436517059803, 0.50540852546692, 1, },
							},
							{
								animations = {
									close_wheels = {
										params = {
											id = "vehicle/plane/bae_146_v2/close_wheels/gear_rotation_loc_rgt.ani",
										},
										type = "FILE_REF",
									},
									open_wheels = {
										params = {
											id = "vehicle/plane/bae_146_v2/open_wheels/gear_rotation_loc_rgt.ani",
										},
										type = "FILE_REF",
									},
								},
								children = {
									{
										children = {
											{
												materials = { "vehicle/plane/bae_146_v2/bae_146.mtl", },
												mesh = "vehicle/plane/bae_146_v2/w2_rgt_lod0.msh",
												name = "w2_rgt",
												transf = { 1, 0, 0, 0, 0, 1, 0, 0, 0, 0, 1, 0, -0.021999668329954, -0.57300341129303, -1.0290086269379, 1, },
											},
										},
										materials = { "vehicle/plane/bae_146_v2/bae_146.mtl", },
										mesh = "vehicle/plane/bae_146_v2/gear2_rgt_lod0.msh",
										name = "gear2_rgt",
										transf = { 1, 0, 0, 0, 0, 1, 0, 0, 0, 0, 1, 0, -0.20523563027382, 0.085800006985664, -0.12099995464087, 1, },
									},
								},
								name = "gear_rotation_loc_rgt",
								transf = { 1, 0, 0, 0, 0, 1, 0, 0, 0, 0, 1, 0, 0.20523563027382, -1.6078000068665, 1.62399995327, 1, },
							},
						},
						name = "gear_rgt_grp",
						transf = { 1, 0, 0, 0, 0, 1, 0, 0, 0, 0, 1, 0, 0, -0.0099999997764826, 0, 1, },
					},
					{
						animations = {
							close_doors_left = {
								params = {
									id = "vehicle/plane/bae_146_v2/close_doors_left/d1_lft.ani",
								},
								type = "FILE_REF",
							},
							open_doors_left = {
								params = {
									id = "vehicle/plane/bae_146_v2/open_doors_left/d1_lft.ani",
								},
								type = "FILE_REF",
							},
						},
						materials = { "vehicle/plane/bae_146_v2/bae_146_door.mtl", "vehicle/plane/bae_146_v2/bae_146.mtl", },
						mesh = "vehicle/plane/bae_146_v2/d1_lft_lod0.msh",
						name = "d1_lft",
						transf = { -1, 1.5099578831723e-07, -1.2246468525852e-16, 0, -1.5099578831723e-07, -1, -1.2246469849341e-16, 0, -1.2246469849341e-16, -1.2246468525852e-16, 1, 0, 9.1300001144409, 1.6517777442932, 2.6294569969177, 1, },
					},
					{
						animations = {
							close_doors_left = {
								params = {
									id = "vehicle/plane/bae_146_v2/close_doors_left/d2_lft.ani",
								},
								type = "FILE_REF",
							},
							open_doors_left = {
								params = {
									id = "vehicle/plane/bae_146_v2/open_doors_left/d2_lft.ani",
								},
								type = "FILE_REF",
							},
						},
						materials = { "vehicle/plane/bae_146_v2/bae_146_door.mtl", "vehicle/plane/bae_146_v2/bae_146.mtl", },
						mesh = "vehicle/plane/bae_146_v2/d2_lft_lod0.msh",
						name = "d2_lft",
						transf = { -1, 1.5099578831723e-07, -1.2246468525852e-16, 0, -1.5099578831723e-07, -1, -1.2246469849341e-16, 0, -1.2246469849341e-16, -1.2246468525852e-16, 1, 0, -7.653000831604, 1.4918087720871, 2.6990492343903, 1, },
					},
					{
						animations = {
							close_doors_right = {
								params = {
									id = "vehicle/plane/bae_146_v2/close_doors_right/d1_rgt.ani",
								},
								type = "FILE_REF",
							},
							open_doors_right = {
								params = {
									id = "vehicle/plane/bae_146_v2/open_doors_right/d1_rgt.ani",
								},
								type = "FILE_REF",
							},
						},
						materials = { "vehicle/plane/bae_146_v2/bae_146_door.mtl", "vehicle/plane/bae_146_v2/bae_146.mtl", },
						mesh = "vehicle/plane/bae_146_v2/d1_rgt_lod0.msh",
						name = "d1_rgt",
						transf = { 1, 0, 0, 0, 0, 1, 0, 0, 0, 0, 1, 0, 9.1300001144409, -1.6517777442932, 2.6294569969177, 1, },
					},
					{
						animations = {
							close_doors_right = {
								params = {
									id = "vehicle/plane/bae_146_v2/close_doors_right/d2_rgt.ani",
								},
								type = "FILE_REF",
							},
							open_doors_right = {
								params = {
									id = "vehicle/plane/bae_146_v2/open_doors_right/d2_rgt.ani",
								},
								type = "FILE_REF",
							},
						},
						materials = { "vehicle/plane/bae_146_v2/bae_146_door.mtl", "vehicle/plane/bae_146_v2/bae_146.mtl", },
						mesh = "vehicle/plane/bae_146_v2/d2_rgt_lod0.msh",
						name = "d2_rgt",
						transf = { 1, 1.4356959028486e-32, 1.22357257658e-16, 0, 0, 1, -1.1733639045381e-16, 0, -1.22357257658e-16, 1.1733639045381e-16, 1, 0, -7.653000831604, -1.4918087720871, 2.6990492343903, 1, },
					},
					{
						materials = { "vehicle/plane/emissive/plane_strobe_light.mtl", },
						mesh = "vehicle/plane/bae_146_v2/strobelights_lod0.msh",
						name = "strobelights",
						transf = { 1, 0, 0, 0, 0, 1, 0, 0, 0, 0, 1, 0, 0, 0, 0, 1, },
					},
					{
						materials = { "vehicle/plane/emissive/plane_all_lights.mtl", },
						mesh = "vehicle/plane/bae_146_v2/positionlights_lod0.msh",
						name = "positionlights",
						transf = { 1, 0, 0, 0, 0, 1, 0, 0, 0, 0, 1, 0, 0, 0, 0, 1, },
					},
					{
						materials = { "vehicle/plane/emissive/plane_all_lights.mtl", },
						mesh = "vehicle/plane/bae_146_v2/beaconlights_lod0.msh",
						name = "beaconlights",
						transf = { 1, 0, 0, 0, 0, 1, 0, 0, 0, 0, 1, 0, 0, 0, 0, 1, },
					},
					{
						materials = { "vehicle/plane/emissive/plane_all_lights.mtl", },
						mesh = "vehicle/plane/bae_146_v2/landinglights_lod0.msh",
						name = "landinglights",
						transf = { 1, 0, 0, 0, 0, 1, 0, 0, 0, 0, 1, 0, 0, 0, 0, 1, },
					},
					{
						name = "comp_grp",
						transf = { 1, 0, 0, 0, 0, 1, 0, 0, 0, 0, 1, 0, 0, -0.0099999997764826, 0, 1, },
					},
				},
				name = "RootNode",
				transf = { 1, 0, 0, 0, 0, 1, 0, 0, 0, 0, 1, 0, 0, 0, 0, 1, },
			},
			static = false,
			visibleFrom = 0,
			visibleTo = 100,
		},
		{
			node = {
				children = {
					{
						materials = { "vehicle/plane/bae_146_v2/bae_146_lod.mtl", },
						mesh = "vehicle/plane/bae_146_v2/body_lod1.msh",
						name = "body",
						transf = { 1, 0, 0, 0, 0, 1, 0, 0, 0, 0, 1, 0, 1.4571677198205e-16, -0.0099999997764826, 1.3322676295502e-15, 1, },
					},
					{
						materials = { "vehicle/plane/bae_146_v2/bae_146_interior_lod.mtl", },
						mesh = "vehicle/plane/bae_146_v2/interior_lod1.msh",
						name = "interior",
						transf = { 1, 0, 0, 0, 0, 1, 0, 0, 0, 0, 1, 0, 0, -0.0099999997764826, 0, 1, },
					},
					{
						materials = { "vehicle/plane/bae_146_v2/bae_146_lod.mtl", },
						mesh = "vehicle/plane/bae_146_v2/aileron_lft_lod1.msh",
						name = "aileron_lft",
						transf = { -0.18481838703156, 0.98146116733551, -0.050754740834236, 0, -0.0093925129622221, 0.049878090620041, 0.99871110916138, 0, 0.98272776603699, 0.18505689501762, -2.2185606685099e-09, 0, -0.99355655908585, 11.174998283386, 3.1693019866943, 1, },
					},
					{
						materials = { "vehicle/plane/bae_146_v2/bae_146_lod.mtl", },
						mesh = "vehicle/plane/bae_146_v2/aileron_rgt_lod1.msh",
						name = "aileron_rgt",
						transf = { 0.18481838703156, 0.98146116733551, 0.050754740834236, 0, -0.0093925129622221, -0.049878090620041, 0.99871110916138, 0, 0.98272776603699, -0.18505690991879, -2.2185602244207e-09, 0, -0.99355655908585, -11.194999694824, 3.1693019866943, 1, },
					},
					{
						materials = { "vehicle/plane/bae_146_v2/bae_146_lod.mtl", },
						mesh = "vehicle/plane/bae_146_v2/rudder_lod1.msh",
						name = "rudder",
						transf = { 0.86910444498062, -4.2212300321864e-10, 0.49462857842445, 0, -0.0056366138160229, 0.99993509054184, 0.0099040102213621, 0, -0.49459645152092, -0.011395649984479, 0.86904799938202, 0, -13.070614814758, 2.2351741291171e-10, 5.4374375343323, 1, },
					},
					{
