function data()
return {
	boundingInfo = {
		bbMax = { 17.068712234497, 17.691648483276, 11.49409866333, },
		bbMin = { -16.554597854614, -17.691644668579, -0.055815696716309, },
	},
	collider = {
		params = {
			halfExtents = { 16.811655044556, 17.691646575928, 5.7749571800232, },
		},
		transf = { 1, 0, 0, 0, 0, 1, 0, 0, 0, 0, 1, 0, 0, 0, 0, 1, },
		type = "BOX",
	},
	lods = {
		{
			node = {
				children = {
					{
						materials = { "vehicle/plane/boeing_737_700_v2/boeing_737_700.mtl", "vehicle/plane/boeing_737_700_v2/boeing_737_700_additional.mtl", },
						mesh = "vehicle/plane/boeing_737_700_v2/body_lod0.msh",
						name = "body",
						transf = { 1, 0, 0, 0, 0, 1, 0, 0, 0, 0, 1, 0, 0, 0, 0, 1, },
					},
					{
						children = {
							{
								materials = { "vehicle/plane/boeing_737_700_v2/boeing_737_700_interior_glass.mtl", "vehicle/plane/boeing_737_700_v2/boeing_737_700_glass.mtl", },
								mesh = "vehicle/plane/boeing_737_700_v2/glass1_left_frt_lod0.msh",
								name = "glass1_left_frt",
								transf = { 1, 0, 0, 0, 0, 1, 0, 0, 0, 0, 1, 0, 15.132068634033, 0.4417824447155, 3.6317172050476, 1, },
							},
							{
								materials = { "vehicle/plane/boeing_737_700_v2/boeing_737_700_interior_glass.mtl", "vehicle/plane/boeing_737_700_v2/boeing_737_700_glass.mtl", },
								mesh = "vehicle/plane/boeing_737_700_v2/glass2_left_frt_lod0.msh",
								name = "glass2_left_frt",
								transf = { 1, 0, 0, 0, 0, 1, 0, 0, 0, 0, 1, 0, 14.702880859375, 0.9837481379509, 3.5509309768677, 1, },
							},
							{
								materials = { "vehicle/plane/boeing_737_700_v2/boeing_737_700_interior_glass.mtl", "vehicle/plane/boeing_737_700_v2/boeing_737_700_glass.mtl", },
								mesh = "vehicle/plane/boeing_737_700_v2/glass3_left_frt_lod0.msh",
								name = "glass3_left_frt",
								transf = { 1, 0, 0, 0, 0, 1, 0, 0, 0, 0, 1, 0, 14.199800491333, 1.1105947494507, 3.5509746074677, 1, },
							},
							{
								materials = { "vehicle/plane/boeing_737_700_v2/boeing_737_700_interior_glass.mtl", "vehicle/plane/boeing_737_700_v2/boeing_737_700_glass.mtl", },
								mesh = "vehicle/plane/boeing_737_700_v2/glass1_right_frt_lod0.msh",
								name = "glass1_right_frt",
								transf = { 1, 0, 0, 0, 0, 1, 0, 0, 0, 0, 1, 0, 15.132068634033, -0.44178336858749, 3.6317172050476, 1, },
							},
							{
								materials = { "vehicle/plane/boeing_737_700_v2/boeing_737_700_interior_glass.mtl", "vehicle/plane/boeing_737_700_v2/boeing_737_700_glass.mtl", },
								mesh = "vehicle/plane/boeing_737_700_v2/glass2_right_frt_lod0.msh",
								name = "glass2_right_frt",
								transf = { 1, 0, 0, 0, 0, 1, 0, 0, 0, 0, 1, 0, 14.702880859375, -0.98374873399734, 3.5509309768677, 1, },
							},
							{
								materials = { "vehicle/plane/boeing_737_700_v2/boeing_737_700_interior_glass.mtl", "vehicle/plane/boeing_737_700_v2/boeing_737_700_glass.mtl", },
								mesh = "vehicle/plane/boeing_737_700_v2/glass3_right_frt_lod0.msh",
								name = "glass3_right_frt",
								transf = { 1, 0, 0, 0, 0, 1, 0, 0, 0, 0, 1, 0, 14.199800491333, -1.1105952262878, 3.5509743690491, 1, },
							},
							{
								materials = { "vehicle/plane/boeing_737_700_v2/boeing_737_700_interior_glass.mtl", "vehicle/plane/boeing_737_700_v2/boeing_737_700_glass.mtl", },
								mesh = "vehicle/plane/boeing_737_700_v2/glass1_lft_lod0.msh",
								name = "glass1_lft",
								transf = { 1, 0, 0, 0, 0, 1, 0, 0, 0, 0, 1, 0, 10.444128990173, 1.7109867334366, 3.549792766571, 1, },
							},
							{
								materials = { "vehicle/plane/boeing_737_700_v2/boeing_737_700_interior_glass.mtl", "vehicle/plane/boeing_737_700_v2/boeing_737_700_glass.mtl", },
								mesh = "vehicle/plane/boeing_737_700_v2/glass2_lft_lod0.msh",
								name = "glass2_lft",
								transf = { 1, 0, 0, 0, 0, 1, 0, 0, 0, 0, 1, 0, 8.2124996185303, 1.7087926864624, 3.5327739715576, 1, },
							},
							{
								materials = { "vehicle/plane/boeing_737_700_v2/boeing_737_700_interior_glass.mtl", "vehicle/plane/boeing_737_700_v2/boeing_737_700_glass.mtl", },
								mesh = "vehicle/plane/boeing_737_700_v2/glass3_lft_lod0.msh",
								name = "glass3_lft",
								transf = { 1, 0, 0, 0, 0, 1, 0, 0, 0, 0, 1, 0, 6.3324365615845, 1.7109044790268, 3.5324733257294, 1, },
							},
							{
								materials = { "vehicle/plane/boeing_737_700_v2/boeing_737_700_interior_glass.mtl", "vehicle/plane/boeing_737_700_v2/boeing_737_700_glass.mtl", },
								mesh = "vehicle/plane/boeing_737_700_v2/glass4_lft_lod0.msh",
								name = "glass4_lft",
								transf = { 1, 0, 0, 0, 0, 1, 0, 0, 0, 0, 1, 0, 4.5924367904663, 1.7108858823776, 3.5311002731323, 1, },
							},
							{
								materials = { "vehicle/plane/boeing_737_700_v2/boeing_737_700_interior_glass.mtl", "vehicle/plane/boeing_737_700_v2/boeing_737_700_glass.mtl", },
								mesh = "vehicle/plane/boeing_737_700_v2/glass5_lft_lod0.msh",
								name = "glass5_lft",
								transf = { 1, 0, 0, 0, 0, 1, 0, 0, 0, 0, 1, 0, 3.0771341323853, 1.7108516693115, 3.530428647995, 1, },
							},
							{
								materials = { "vehicle/plane/boeing_737_700_v2/boeing_737_700_interior_glass.mtl", "vehicle/plane/boeing_737_700_v2/boeing_737_700_glass.mtl", },
								mesh = "vehicle/plane/boeing_737_700_v2/glass6_lft_lod0.msh",
								name = "glass6_lft",
								transf = { 1, 0, 0, 0, 0, 1, 0, 0, 0, 0, 1, 0, 1.9496754407883, 1.7108328342438, 3.5296142101288, 1, },
							},
							{
								materials = { "vehicle/plane/boeing_737_700_v2/boeing_737_700_interior_glass.mtl", "vehicle/plane/boeing_737_700_v2/boeing_737_700_glass.mtl", },
								mesh = "vehicle/plane/boeing_737_700_v2/glass7_lft_lod0.msh",
								name = "glass7_lft",
								transf = { 1, 0, 0, 0, 0, 1, 0, 0, 0, 0, 1, 0, 0.83503925800323, 1.7108069658279, 3.5289328098297, 1, },
							},
							{
								materials = { "vehicle/plane/boeing_737_700_v2/boeing_737_700_interior_glass.mtl", "vehicle/plane/boeing_737_700_v2/boeing_737_700_glass.mtl", },
								mesh = "vehicle/plane/boeing_737_700_v2/glass8_lft_lod0.msh",
								name = "glass8_lft",
								transf = { 1, 0, 0, 0, 0, 1, 0, 0, 0, 0, 1, 0, -0.57749998569489, 1.7107878923416, 3.5278573036194, 1, },
							},
							{
								materials = { "vehicle/plane/boeing_737_700_v2/boeing_737_700_interior_glass.mtl", "vehicle/plane/boeing_737_700_v2/boeing_737_700_glass.mtl", },
								mesh = "vehicle/plane/boeing_737_700_v2/glass9_lft_lod0.msh",
								name = "glass9_lft",
								transf = { 1, 0, 0, 0, 0, 1, 0, 0, 0, 0, 1, 0, -2.2408399581909, 1.7107537984848, 3.5268130302429, 1, },
							},
							{
								materials = { "vehicle/plane/boeing_737_700_v2/boeing_737_700_interior_glass.mtl", "vehicle/plane/boeing_737_700_v2/boeing_737_700_glass.mtl", },
								mesh = "vehicle/plane/boeing_737_700_v2/glass10_lft_lod0.msh",
								name = "glass10_lft",
								transf = { 1, 0, 0, 0, 0, 1, 0, 0, 0, 0, 1, 0, -3.6184270381927, 1.7107256650925, 3.5260586738586, 1, },
							},
							{
								materials = { "vehicle/plane/boeing_737_700_v2/boeing_737_700_interior_glass.mtl", "vehicle/plane/boeing_737_700_v2/boeing_737_700_glass.mtl", },
								mesh = "vehicle/plane/boeing_737_700_v2/glass11_lft_lod0.msh",
								name = "glass11_lft",
								transf = { 1, 0, 0, 0, 0, 1, 0, 0, 0, 0, 1, 0, -5.3050599098206, 1.7107021808624, 3.5260586738586, 1, },
							},
							{
								materials = { "vehicle/plane/boeing_737_700_v2/boeing_737_700_interior_glass.mtl", "vehicle/plane/boeing_737_700_v2/boeing_737_700_glass.mtl", },
								mesh = "vehicle/plane/boeing_737_700_v2/glass12_lft_lod0.msh",
								name = "glass12_lft",
								transf = { 1, 0, 0, 0, 0, 1, 0, 0, 0, 0, 1, 0, -7.4223508834839, 1.6779139041901, 3.5799190998077, 1, },
							},
							{
								materials = { "vehicle/plane/boeing_737_700_v2/boeing_737_700_interior_glass.mtl", "vehicle/plane/boeing_737_700_v2/boeing_737_700_glass.mtl", },
								mesh = "vehicle/plane/boeing_737_700_v2/glass1_rgt_lod0.msh",
								name = "glass1_rgt",
								transf = { 1, 0, 0, 0, 0, 1, 0, 0, 0, 0, 1, 0, 10.444128990173, -1.7109862565994, 3.5497920513153, 1, },
							},
							{
								materials = { "vehicle/plane/boeing_737_700_v2/boeing_737_700_interior_glass.mtl", "vehicle/plane/boeing_737_700_v2/boeing_737_700_glass.mtl", },
								mesh = "vehicle/plane/boeing_737_700_v2/glass2_rgt_lod0.msh",
								name = "glass2_rgt",
								transf = { 1, 0, 0, 0, 0, 1, 0, 0, 0, 0, 1, 0, 8.2124996185303, -1.7109603881836, 3.5333392620087, 1, },
							},
							{
								materials = { "vehicle/plane/boeing_737_700_v2/boeing_737_700_interior_glass.mtl", "vehicle/plane/boeing_737_700_v2/boeing_737_700_glass.mtl", },
								mesh = "vehicle/plane/boeing_737_700_v2/glass3_rgt_lod0.msh",
								name = "glass3_rgt",
								transf = { 1, 0, 0, 0, 0, 1, 0, 0, 0, 0, 1, 0, 6.3324365615845, -1.7109205722809, 3.5324733257294, 1, },
							},
							{
								materials = { "vehicle/plane/boeing_737_700_v2/boeing_737_700_interior_glass.mtl", "vehicle/plane/boeing_737_700_v2/boeing_737_700_glass.mtl", },
								mesh = "vehicle/plane/boeing_737_700_v2/glass4_rgt_lod0.msh",
								name = "glass4_rgt",
								transf = { 1, 0, 0, 0, 0, 1, 0, 0, 0, 0, 1, 0, 4.5924367904663, -1.7108864784241, 3.5310997962952, 1, },
							},
							{
								materials = { "vehicle/plane/boeing_737_700_v2/boeing_737_700_interior_glass.mtl", "vehicle/plane/boeing_737_700_v2/boeing_737_700_glass.mtl", },
								mesh = "vehicle/plane/boeing_737_700_v2/glass5_rgt_lod0.msh",
								name = "glass5_rgt",
								transf = { 1, 0, 0, 0, 0, 1, 0, 0, 0, 0, 1, 0, 3.0771324634552, -1.7108521461487, 3.5304284095764, 1, },
							},
							{
								materials = { "vehicle/plane/boeing_737_700_v2/boeing_737_700_interior_glass.mtl", "vehicle/plane/boeing_737_700_v2/boeing_737_700_glass.mtl", },
								mesh = "vehicle/plane/boeing_737_700_v2/glass6_rgt_lod0.msh",
								name = "glass6_rgt",
								transf = { 1, 0, 0, 0, 0, 1, 0, 0, 0, 0, 1, 0, 1.9496754407883, -1.7108330726624, 3.5296139717102, 1, },
							},
							{
								materials = { "vehicle/plane/boeing_737_700_v2/boeing_737_700_interior_glass.mtl", "vehicle/plane/boeing_737_700_v2/boeing_737_700_glass.mtl", },
								mesh = "vehicle/plane/boeing_737_700_v2/glass7_rgt_lod0.msh",
								name = "glass7_rgt",
								transf = { 1, 0, 0, 0, 0, 1, 0, 0, 0, 0, 1, 0, 0.83503782749176, -1.710807800293, 3.5289323329926, 1, },
							},
							{
								materials = { "vehicle/plane/boeing_737_700_v2/boeing_737_700_interior_glass.mtl", "vehicle/plane/boeing_737_700_v2/boeing_737_700_glass.mtl", },
								mesh = "vehicle/plane/boeing_737_700_v2/glass8_rgt_lod0.msh",
								name = "glass8_rgt",
								transf = { 1, 0, 0, 0, 0, 1, 0, 0, 0, 0, 1, 0, -0.56205624341965, -1.7107882499695, 3.5278570652008, 1, },
							},
							{
								materials = { "vehicle/plane/boeing_737_700_v2/boeing_737_700_interior_glass.mtl", "vehicle/plane/boeing_737_700_v2/boeing_737_700_glass.mtl", },
								mesh = "vehicle/plane/boeing_737_700_v2/glass9_rgt_lod0.msh",
								name = "glass9_rgt",
								transf = { 1, 0, 0, 0, 0, 1, 0, 0, 0, 0, 1, 0, -2.2408404350281, -1.7107540369034, 3.5268123149872, 1, },
							},
							{
								materials = { "vehicle/plane/boeing_737_700_v2/boeing_737_700_interior_glass.mtl", "vehicle/plane/boeing_737_700_v2/boeing_737_700_glass.mtl", },
								mesh = "vehicle/plane/boeing_737_700_v2/glass10_rgt_lod0.msh",
								name = "glass10_rgt",
								transf = { 1, 0, 0, 0, 0, 1, 0, 0, 0, 0, 1, 0, -3.6184270381927, -1.7107260227203, 3.5260581970215, 1, },
							},
							{
								materials = { "vehicle/plane/boeing_737_700_v2/boeing_737_700_interior_glass.mtl", "vehicle/plane/boeing_737_700_v2/boeing_737_700_glass.mtl", },
								mesh = "vehicle/plane/boeing_737_700_v2/glass11_rgt_lod0.msh",
								name = "glass11_rgt",
								transf = { 1, 0, 0, 0, 0, 1, 0, 0, 0, 0, 1, 0, -5.3050608634949, -1.7107026576996, 3.5260581970215, 1, },
							},
							{
								materials = { "vehicle/plane/boeing_737_700_v2/boeing_737_700_interior_glass.mtl", "vehicle/plane/boeing_737_700_v2/boeing_737_700_glass.mtl", },
								mesh = "vehicle/plane/boeing_737_700_v2/glass12_rgt_lod0.msh",
								name = "glass12_rgt",
								transf = { 1, 0, 0, 0, 0, 1, 0, 0, 0, 0, 1, 0, -7.4223508834839, -1.6779142618179, 3.579918384552, 1, },
							},
						},
						name = "glass_grp",
						transf = { 1, 0, 0, 0, 0, 1, 0, 0, 0, 0, 1, 0, 0, 0, 0, 1, },
					},
					{
						materials = { "vehicle/plane/boeing_737_700_v2/boeing_737_700_interior.mtl", },
						mesh = "vehicle/plane/boeing_737_700_v2/interior_lod0.msh",
						name = "interior",
						transf = { 1, 0, 0, 0, 0, 1, 0, 0, 0, 0, 1, 0, 0, 0, 0, 1, },
					},
					{
						materials = { "vehicle/plane/boeing_737_700_v2/boeing_737_700_additional.mtl", },
						mesh = "vehicle/plane/boeing_737_700_v2/aileron_lft_lod0.msh",
						name = "aileron_lft",
						transf = { -0.34403219819069, 0.93420314788818, 0.094372287392616, 0, 0.025806069374084, -0.091062113642693, 0.9955108165741, 0, 0.93860310316086, 0.34492319822311, 0.0072201895527542, 0, -3.1335887908936, 13.434910774231, 3.3132677078247, 1, },
					},
					{
						materials = { "vehicle/plane/boeing_737_700_v2/boeing_737_700_additional.mtl", },
						mesh = "vehicle/plane/boeing_737_700_v2/aileron_rgt_lod0.msh",
						name = "aileron_rgt",
						transf = { 0.34403219819069, 0.93420314788818, -0.094373136758804, 0, -0.025808315724134, -0.091062195599079, -0.99551069736481, 0, -0.93860310316086, 0.34492340683937, -0.0072181187570095, 0, -3.1335880756378, -13.434909820557, 3.3132655620575, 1, },
					},
					{
						materials = { "vehicle/plane/boeing_737_700_v2/boeing_737_700_additional.mtl", },
						mesh = "vehicle/plane/boeing_737_700_v2/ruder_lod0.msh",
						name = "ruder",
						transf = { 0.93274980783463, -0.014350465498865, 0.36023861169815, 0, 0.013386771082878, 0.99989700317383, 0.0051701245829463, 0, -0.36027574539185, -1.3010426069826e-18, 0.93284583091736, 0, -14.500001907349, -0.027226885780692, 8.0460176467896, 1, },
					},
					{
						materials = { "vehicle/plane/boeing_737_700_v2/boeing_737_700_additional.mtl", },
						mesh = "vehicle/plane/boeing_737_700_v2/elevator_lft_lod0.msh",
						name = "elevator_lft",
						transf = { -0.31660932302475, 0.94238650798798, 0.10800971835852, 0, -0.026513673365116, 0.10503083467484, -0.99411541223526, 0, -0.94818538427353, -0.31760996580124, -0.0082676140591502, 0, -15.29257774353, 4.8365774154663, 4.5430960655212, 1, },
					},
					{
						materials = { "vehicle/plane/boeing_737_700_v2/boeing_737_700_additional.mtl", },
						mesh = "vehicle/plane/boeing_737_700_v2/elevator_rgt_lod0.msh",
						name = "elevator_rgt",
						transf = { 0.31660935282707, 0.94238650798798, -0.10800997167826, 0, 0.026513263583183, 0.10503125190735, 0.99411541223526, 0, 0.94818538427353, -0.31760993599892, 0.008268135599792, 0, -15.29257774353, -4.8365726470947, 4.5430998802185, 1, },
					},
					{
						materials = { "vehicle/plane/boeing_737_700_v2/boeing_737_700_additional.mtl", },
						mesh = "vehicle/plane/boeing_737_700_v2/rotor1_lft_lod0.msh",
						name = "rotor1_lft",
						transf = { 1, 0, 0, 0, 0, 1, 0, 0, 0, 0, 1, 0, 5.9467673301697, 4.8254742622375, 1.3578836917877, 1, },
					},
					{
						materials = { "vehicle/plane/boeing_737_700_v2/boeing_737_700_additional.mtl", },
						mesh = "vehicle/plane/boeing_737_700_v2/rotor1_lft_lod0.msh",
						name = "rotor1_rgt",
						transf = { 1, 0, 0, 0, 0, 1, 0, 0, 0, 0, 1, 0, 5.9467673301697, -4.8254733085632, 1.3578822612762, 1, },
					},
					{
						children = {
							{
								animations = {
									flaps = {
										params = {
											id = "vehicle/plane/boeing_737_700_v2/flaps/flap_holder1_lft.ani",
										},
										type = "FILE_REF",
									},
								},
								materials = { "vehicle/plane/boeing_737_700_v2/boeing_737_700_additional.mtl", },
								mesh = "vehicle/plane/boeing_737_700_v2/flap_holder1_lft_lod0.msh",
								name = "flap_holder1_lft",
								transf = { 5.6999328827277e-15, 1, 7.5497894158616e-08, 0, -7.5497894158616e-08, -7.5497894158616e-08, 1, 0, 1, -1.1399865765455e-14, 7.5497894158616e-08, 0, -0.3139945268631, 4.025267124176, 1.7888711690903, 1, },
							},
							{
								animations = {
									flaps = {
										params = {
											id = "vehicle/plane/boeing_737_700_v2/flaps/flap_holder2_lft.ani",
										},
										type = "FILE_REF",
									},
								},
								materials = { "vehicle/plane/boeing_737_700_v2/boeing_737_700_additional.mtl", },
								mesh = "vehicle/plane/boeing_737_700_v2/flap_holder2_lft_lod0.msh",
								name = "flap_holder2_lft",
								transf = { -1.947071837094e-07, 1, 7.5821781578972e-14, 0, 5.8412155112819e-07, 3.7910890789486e-14, 1, 0, 1, 1.947071837094e-07, -5.8412155112819e-07, 0, -0.6742057800293, 6.4249520301819, 2.0283241271973, 1, },
							},
							{
								animations = {
									flaps = {
										params = {
											id = "vehicle/plane/boeing_737_700_v2/flaps/flap_holder3_lft.ani",
										},
										type = "FILE_REF",
									},
								},
								materials = { "vehicle/plane/boeing_737_700_v2/boeing_737_700_additional.mtl", },
								mesh = "vehicle/plane/boeing_737_700_v2/flap_holder3_lft_lod0.msh",
								name = "flap_holder3_lft",
								transf = { 7.5497894158616e-08, 1, -1.1312280864643e-14, 0, 7.4337798139368e-08, 5.6999328827277e-15, 1, 0, 1, -7.5497894158616e-08, -7.4337798139368e-08, 0, -1.561740398407, 8.986496925354, 2.3167164325714, 1, },
							},
							{
								animations = {
									flaps = {
										params = {
											id = "vehicle/plane/boeing_737_700_v2/flaps/flap1_lft.ani",
										},
										type = "FILE_REF",
									},
								},
								children = {
									{
										animations = {
											flaps = {
												params = {
													id = "vehicle/plane/boeing_737_700_v2/flaps/flap1_c1_lft.ani",
												},
												type = "FILE_REF",
											},
										},
										materials = { "vehicle/plane/boeing_737_700_v2/boeing_737_700_additional.mtl", },
										mesh = "vehicle/plane/boeing_737_700_v2/flap1_c1_lft_lod0.msh",
										name = "flap1_c1_lft",
										transf = { 0.99999701976776, 0.0022547673434019, 0.00092097342712805, 0, -0.0024302341043949, 0.9488046169281, 0.31585428118706, 0, -0.00016164597764146, -0.31585556268692, 0.94880723953247, 0, -0.79219925403595, 0.12578362226486, -0.55524927377701, 1, },
									},
								},
								materials = { "vehicle/plane/boeing_737_700_v2/boeing_737_700_additional.mtl", },
								mesh = "vehicle/plane/boeing_737_700_v2/flap1_lft_lod0.msh",
								name = "flap1_lft",
								transf = { 8.134897200307e-09, -0.99417799711227, -0.10774999111891, 0, -0.033877640962601, 0.10768812894821, -0.99360728263855, 0, 0.99942600727081, 0.0036503234878182, -0.033680405467749, 0, -0.21595895290375, 2.5450344085693, 2.0976350307465, 1, },
							},
							{
								animations = {
									flaps = {
										params = {
											id = "vehicle/plane/boeing_737_700_v2/flaps/flap2_lft.ani",
										},
										type = "FILE_REF",
									},
								},
								children = {
									{
										animations = {
											flaps = {
												params = {
													id = "vehicle/plane/boeing_737_700_v2/flaps/flap2_c1_lft.ani",
												},
												type = "FILE_REF",
											},
										},
										materials = { "vehicle/plane/boeing_737_700_v2/boeing_737_700_additional.mtl", },
										mesh = "vehicle/plane/boeing_737_700_v2/flap2_c1_lft_lod0.msh",
										name = "flap2_c1_lft",
										transf = { -0.99990999698639, -0.0022669604513794, 0.013221709989011, 0, 0.0096937920898199, -0.80340272188187, 0.59535700082779, 0, 0.0092727085575461, 0.59543162584305, 0.80335241556168, 0, -0.20444867014885, 0.12596233189106, -0.24565698206425, 1, },
									},
								},
								materials = { "vehicle/plane/boeing_737_700_v2/boeing_737_700_additional.mtl", },
								mesh = "vehicle/plane/boeing_737_700_v2/flap2_lft_lod0.msh",
								name = "flap2_lft",
								transf = { 0.31530472636223, -0.94353985786438, -0.10156473517418, 0, -0.047346901148558, 0.091249905526638, -0.99470180273056, 0, 0.94780856370926, 0.3184429705143, -0.015902165323496, 0, -1.290053486824, 7.6649379730225, 2.6572647094727, 1, },
							},
						},
						name = "flap_lft_grp",
						transf = { 1, 0, 0, 0, 0, 1, 0, 0, 0, 0, 1, 0, 0, 0, 0, 1, },
					},
					{
						children = {
							{
								animations = {
									flaps = {
										params = {
											id = "vehicle/plane/boeing_737_700_v2/flaps/flap_holder1_rgt.ani",
										},
										type = "FILE_REF",
									},
								},
								materials = { "vehicle/plane/boeing_737_700_v2/boeing_737_700_additional.mtl", },
								mesh = "vehicle/plane/boeing_737_700_v2/flap_holder1_rgt_lod0.msh",
								name = "flap_holder1_rgt",
								transf = { -3.3001180777757e-15, 1, -7.5497894158616e-08, 0, 4.3711388286738e-08, 7.5497894158616e-08, 1, 0, 1, -8.381948462839e-24, -4.3711388286738e-08, 0, -0.3139945268631, -4.025267124176, 1.7888711690903, 1, },
							},
							{
								animations = {
									flaps = {
										params = {
											id = "vehicle/plane/boeing_737_700_v2/flaps/flap_holder2_rgt.ani",
										},
										type = "FILE_REF",
									},
								},
								materials = { "vehicle/plane/boeing_737_700_v2/boeing_737_700_additional.mtl", },
								mesh = "vehicle/plane/boeing_737_700_v2/flap_holder2_rgt_lod0.msh",
								name = "flap_holder2_rgt",
								transf = { 7.5497894158616e-08, 1, -2.7801071449292e-14, 0, 5.3115695664019e-07, -1.2300169461796e-14, 1, 0, 1, -7.5497894158616e-08, -5.3115695664019e-07, 0, -0.6742057800293, -6.4249520301819, 2.0283241271973, 1, },
							},
							{
								animations = {
									flaps = {
										params = {
											id = "vehicle/plane/boeing_737_700_v2/flaps/flap_holder3_rgt.ani",
										},
										type = "FILE_REF",
									},
								},
								materials = { "vehicle/plane/boeing_737_700_v2/boeing_737_700_additional.mtl", },
								mesh = "vehicle/plane/boeing_737_700_v2/flap_holder3_rgt_lod0.msh",
								name = "flap_holder3_rgt",
								transf = { -7.5497894158616e-08, 1, 1.1399865765455e-14, 0, 1.0728440713592e-07, -3.3001180777757e-15, 1, 0, 1, 7.5497894158616e-08, -1.0728440713592e-07, 0, -1.561740398407, -8.986496925354, 2.3167164325714, 1, },
							},
							{
								animations = {
									flaps = {
										params = {
											id = "vehicle/plane/boeing_737_700_v2/flaps/flap1_rgt.ani",
										},
										type = "FILE_REF",
									},
								},
								children = {
									{
										animations = {
											flaps = {
												params = {
													id = "vehicle/plane/boeing_737_700_v2/flaps/flap1_c1_rgt.ani",
												},
												type = "FILE_REF",
											},
										},
										materials = { "vehicle/plane/boeing_737_700_v2/boeing_737_700_additional.mtl", },
										mesh = "vehicle/plane/boeing_737_700_v2/flap1_c1_rgt_lod0.msh",
										name = "flap1_c1_rgt",
										transf = { -0.99999701976776, 0.002255262574181, 0.00092092104023322, 0, 0.0024306916166097, 0.94879651069641, 0.31587859988213, 0, -0.00016137753846124, 0.31587988138199, -0.94879919290543, 0, 0.78832525014877, 0.11495941132307, -0.35878565907478, 1, },
									},
								},
								materials = { "vehicle/plane/boeing_737_700_v2/boeing_737_700_additional.mtl", },
								mesh = "vehicle/plane/boeing_737_700_v2/flap1_rgt_lod0.msh",
								name = "flap1_rgt",
								transf = { -4.7099013578134e-09, -0.99417799711227, 0.10774999111891, 0, -0.033877670764923, -0.10768814384937, -0.99360728263855, 0, 0.99942600727081, -0.0036503234878182, -0.033680435270071, 0, -0.41267558932304, -2.5493340492249, 2.093914270401, 1, },
							},
							{
								animations = {
									flaps = {
										params = {
											id = "vehicle/plane/boeing_737_700_v2/flaps/flap2_rgt.ani",
										},
										type = "FILE_REF",
									},
								},
								children = {
									{
										animations = {
											flaps = {
												params = {
													id = "vehicle/plane/boeing_737_700_v2/flaps/flap2_c1_rgt.ani",
												},
												type = "FILE_REF",
											},
										},
										materials = { "vehicle/plane/boeing_737_700_v2/boeing_737_700_additional.mtl", },
										mesh = "vehicle/plane/boeing_737_700_v2/flap2_c1_rgt_lod0.msh",
										name = "flap2_c1_rgt",
										transf = { 0.99990999698639, -0.002267426578328, 0.013221896253526, 0, 0.0096942773088813, 0.80340278148651, -0.59535694122314, 0, -0.009272581897676, 0.59543150663376, 0.80335253477097, 0, 0.20444729924202, 0.12595847249031, -0.24565641582012, 1, },
									},
								},
								materials = { "vehicle/plane/boeing_737_700_v2/boeing_737_700_additional.mtl", },
								mesh = "vehicle/plane/boeing_737_700_v2/flap2_rgt_lod0.msh",
								name = "flap2_rgt",
								transf = { -0.31530472636223, -0.94353985786438, 0.10156474262476, 0, -0.04734693467617, -0.091249898076057, -0.99470180273056, 0, 0.94780856370926, -0.3184429705143, -0.015902198851109, 0, -1.290053486824, -7.6649379730225, 2.6572647094727, 1, },
							},
						},
						name = "flap_rgt_grp",
						transf = { 1, 0, 0, 0, 0, 1, 0, 0, 0, 0, 1, 0, 0, 0, 0, 1, },
					},
					{
						children = {
							{
								animations = {
									close_wheels = {
										params = {
											id = "vehicle/plane/boeing_737_700_v2/close_wheels/gear_d1_left_frt.ani",
										},
										type = "FILE_REF",
									},
									open_wheels = {
										params = {
											id = "vehicle/plane/boeing_737_700_v2/open_wheels/gear_d1_left_frt.ani",
										},
										type = "FILE_REF",
									},
								},
								materials = { "vehicle/plane/boeing_737_700_v2/boeing_737_700.mtl", },
								mesh = "vehicle/plane/boeing_737_700_v2/gear_d1_left_frt_lod0.msh",
								name = "gear_d1_left_frt",
								transf = { -0.97988134622574, 1.2036723315777e-16, -0.19958072900772, 0, 0.03677936643362, -0.98287314176559, -0.18057562410831, 0, -0.1961625367403, -0.18428313732147, 0.96309912204742, 0, 14.003199577332, 0.36443480849266, 1.3671000003815, 1, },
							},
							{
								animations = {
									close_wheels = {
										params = {
											id = "vehicle/plane/boeing_737_700_v2/close_wheels/gear_d1_right_frt.ani",
										},
										type = "FILE_REF",
									},
									open_wheels = {
										params = {
											id = "vehicle/plane/boeing_737_700_v2/open_wheels/gear_d1_right_frt.ani",
										},
										type = "FILE_REF",
									},
								},
								materials = { "vehicle/plane/boeing_737_700_v2/boeing_737_700.mtl", },
								mesh = "vehicle/plane/boeing_737_700_v2/gear_d1_right_frt_lod0.msh",
								name = "gear_d1_right_frt",
								transf = { 0.97988134622574, 0, 0.19958081841469, 0, 0.03677923977375, 0.98287332057953, -0.18057490885258, 0, -0.19616265594959, 0.18428242206573, 0.96309918165207, 0, 14.003199577332, -0.36443480849266, 1.3671000003815, 1, },
							},
							{
								animations = {
									close_wheels = {
										params = {
											id = "vehicle/plane/boeing_737_700_v2/close_wheels/gear1_frt.ani",
										},
										type = "FILE_REF",
									},
									open_wheels = {
										params = {
											id = "vehicle/plane/boeing_737_700_v2/open_wheels/gear1_frt.ani",
										},
										type = "FILE_REF",
									},
								},
								children = {
									{
										animations = {
											close_wheels = {
												params = {
													id = "vehicle/plane/boeing_737_700_v2/close_wheels/gear_w1_steering_frt.ani",
												},
												type = "FILE_REF",
											},
											open_wheels = {
												params = {
													id = "vehicle/plane/boeing_737_700_v2/open_wheels/gear_w1_steering_frt.ani",
												},
												type = "FILE_REF",
											},
										},
										children = {
											{
												materials = { "vehicle/plane/boeing_737_700_v2/boeing_737_700.mtl", },
												mesh = "vehicle/plane/boeing_737_700_v2/w1_frt_lod0.msh",
												name = "w1_frt",
												transf = { 1, 0, 0, 0, 0, 1, 0, 0, 0, 0, 1, 0, -0.012969970703125, -8.9406967163086e-08, -1.0573843717575, 1, },
											},
										},
										materials = { "vehicle/plane/boeing_737_700_v2/boeing_737_700.mtl", },
										mesh = "vehicle/plane/boeing_737_700_v2/gear_w1_steering_frt_lod0.msh",
										name = "gear_w1_steering_frt",
										transf = { 1, 0, 0, 0, 0, 1, 0, 0, 0, 0, 1, 0, 0, 0, 0, 1, },
									},
								},
								materials = { "vehicle/plane/boeing_737_700_v2/boeing_737_700.mtl", },
								mesh = "vehicle/plane/boeing_737_700_v2/gear1_frt_lod0.msh",
								name = "gear1_frt",
								transf = { 1, 0, 0, 0, 0, 1, 0, 0, 0, 0, 1, 0, 13.26039981842, 0, 1.3647031784058, 1, },
							},
						},
						name = "gear_frt_grp",
						transf = { 1, 0, 0, 0, 0, 1, 0, 0, 0, 0, 1, 0, 0, 0, 0, 1, },
					},
					{
						children = {
							{
								animations = {
									close_wheels = {
										params = {
											id = "vehicle/plane/boeing_737_700_v2/close_wheels/gear_d2_lft.ani",
										},
										type = "FILE_REF",
									},
									open_wheels = {
										params = {
											id = "vehicle/plane/boeing_737_700_v2/open_wheels/gear_d2_lft.ani",
										},
										type = "FILE_REF",
									},
								},
								materials = { "vehicle/plane/boeing_737_700_v2/boeing_737_700.mtl", },
								mesh = "vehicle/plane/boeing_737_700_v2/gear_d2_lft_lod0.msh",
								name = "gear_d2_lft",
								transf = { 0.9909982085228, 0.0013287584297359, -0.13386832177639, 0, -0.0075089670717716, 0.99892818927765, -0.045672036707401, 0, 0.13366416096687, 0.046266116201878, 0.98994606733322, 0, 0.25629606842995, 3.1063573360443, 1.9015047550201, 1, },
							},
							{
								animations = {
									close_wheels = {
										params = {
											id = "vehicle/plane/boeing_737_700_v2/close_wheels/gear1_lft.ani",
										},
										type = "FILE_REF",
									},
									open_wheels = {
										params = {
											id = "vehicle/plane/boeing_737_700_v2/open_wheels/gear1_lft.ani",
										},
										type = "FILE_REF",
									},
								},
								children = {
									{
										animations = {
											close_wheels = {
												params = {
													id = "vehicle/plane/boeing_737_700_v2/close_wheels/gear_d1_lft.ani",
												},
												type = "FILE_REF",
											},
											open_wheels = {
												params = {
													id = "vehicle/plane/boeing_737_700_v2/open_wheels/gear_d1_lft.ani",
												},
												type = "FILE_REF",
											},
										},
										materials = { "vehicle/plane/boeing_737_700_v2/boeing_737_700.mtl", },
										mesh = "vehicle/plane/boeing_737_700_v2/gear_d1_lft_lod0.msh",
										name = "gear_d1_lft",
										transf = { 1, -2.9270427148731e-07, 5.2138581452255e-08, 0, -5.2138570794114e-08, -0.3452981710434, -0.93849301338196, 0, 2.9270427148731e-07, 0.93849301338196, -0.3452981710434, 0, 0.01515918970108, -0.14968553185463, -0.7994732260704, 1, },
									},
									{
										animations = {
											close_wheels = {
												params = {
													id = "vehicle/plane/boeing_737_700_v2/close_wheels/gear1_c1_lft.ani",
												},
												type = "FILE_REF",
											},
											open_wheels = {
												params = {
													id = "vehicle/plane/boeing_737_700_v2/open_wheels/gear1_c1_lft.ani",
												},
												type = "FILE_REF",
											},
										},
										children = {
											{
												materials = { "vehicle/plane/boeing_737_700_v2/boeing_737_700.mtl", },
												mesh = "vehicle/plane/boeing_737_700_v2/w2_lft_lod0.msh",
												name = "w2_lft",
												transf = { 1, 0, -1.9657617193483e-26, 0, 0, 1, 0, 0, -2.0488908646494e-26, 0, 1, 0, -7.0780515670776e-08, 0.00011730194091797, -0.34916770458221, 1, },
											},
										},
										materials = { "vehicle/plane/boeing_737_700_v2/boeing_737_700.mtl", },
										mesh = "vehicle/plane/boeing_737_700_v2/gear1_c1_lft_lod0.msh",
										name = "gear1_c1_lft",
										transf = { -1, 8.7422250771851e-08, 1.5099578831723e-07, 0, -8.689464436884e-08, -0.99999392032623, 0.0034905918873847, 0, 1.5130002850583e-07, 0.0034905918873847, 0.99999392032623, 0, -0.00011755646846723, -0.060569357126951, -1.183470249176, 1, },
									},
								},
								materials = { "vehicle/plane/boeing_737_700_v2/boeing_737_700.mtl", },
								mesh = "vehicle/plane/boeing_737_700_v2/gear1_lft_lod0.msh",
								name = "gear1_lft",
								transf = { -1, -8.7422776573476e-08, 1.5099578831723e-07, 0, 8.7949310056956e-08, -0.99999392032623, 0.0034905918873847, 0, 1.5068971492838e-07, 0.0034905918873847, 0.99999392032623, 0, 0.14108477532864, 2.7036702632904, 2.0594220161438, 1, },
							},
						},
						name = "gear_lft_grp",
						transf = { 1, 0, 0, 0, 0, 1, 0, 0, 0, 0, 1, 0, 0, 0, 0, 1, },
					},
					{
						children = {
							{
								animations = {
									close_wheels = {
										params = {
											id = "vehicle/plane/boeing_737_700_v2/close_wheels/gear_d2_rgt.ani",
										},
										type = "FILE_REF",
									},
									open_wheels = {
										params = {
											id = "vehicle/plane/boeing_737_700_v2/open_wheels/gear_d2_rgt.ani",
										},
										type = "FILE_REF",
									},
								},
								materials = { "vehicle/plane/boeing_737_700_v2/boeing_737_700.mtl", },
								mesh = "vehicle/plane/boeing_737_700_v2/gear_d2_rgt_lod0.msh",
								name = "gear_d2_rgt",
								transf = { -0.9909982085228, 0.0013287584297359, 0.13386832177639, 0, -0.0075089666061103, -0.99892818927765, -0.045672032982111, 0, 0.13366416096687, -0.046266116201878, 0.98994606733322, 0, 0.25629606842995, -3.1063573360443, 1.9015047550201, 1, },
							},
							{
								animations = {
									close_wheels = {
										params = {
											id = "vehicle/plane/boeing_737_700_v2/close_wheels/gear1_rgt.ani",
										},
										type = "FILE_REF",
									},
									open_wheels = {
										params = {
											id = "vehicle/plane/boeing_737_700_v2/open_wheels/gear1_rgt.ani",
										},
										type = "FILE_REF",
									},
								},
								children = {
									{
										animations = {
											close_wheels = {
												params = {
													id = "vehicle/plane/boeing_737_700_v2/close_wheels/gear_d1_rgt.ani",
												},
												type = "FILE_REF",
											},
											open_wheels = {
												params = {
													id = "vehicle/plane/boeing_737_700_v2/open_wheels/gear_d1_rgt.ani",
												},
												type = "FILE_REF",
											},
										},
										materials = { "vehicle/plane/boeing_737_700_v2/boeing_737_700.mtl", },
										mesh = "vehicle/plane/boeing_737_700_v2/gear_d1_rgt_lod0.msh",
										name = "gear_d1_rgt",
										transf = { 1, 1.6952100168055e-07, -3.0043686649606e-08, 0, 3.0043686649606e-08, -0.34365966916084, -0.93909418582916, 0, -1.6952100168055e-07, 0.93909418582916, -0.34365966916084, 0, -0.015159186907113, -0.14828997850418, -0.79973328113556, 1, },
									},
									{
										animations = {
											close_wheels = {
												params = {
													id = "vehicle/plane/boeing_737_700_v2/close_wheels/gear1_c1_rgt.ani",
												},
												type = "FILE_REF",
											},
											open_wheels = {
												params = {
													id = "vehicle/plane/boeing_737_700_v2/open_wheels/gear1_c1_rgt.ani",
												},
												type = "FILE_REF",
											},
										},
										children = {
											{
												materials = { "vehicle/plane/boeing_737_700_v2/boeing_737_700.mtl", },
												mesh = "vehicle/plane/boeing_737_700_v2/w2_rgt_lod0.msh",
												name = "w2_rgt",
												transf = { 1, 0, 0, 0, 0, 1, 0, 0, 0, 0, 1, 0, -8.9406967163086e-08, 0.00014448165893555, -0.34916919469833, 1, },
											},
										},
										materials = { "vehicle/plane/boeing_737_700_v2/boeing_737_700.mtl", },
										mesh = "vehicle/plane/boeing_737_700_v2/gear1_c1_rgt_lod0.msh",
										name = "gear1_c1_rgt",
										transf = { 1, 0, 0, 0, 0, 1, 0, 0, 0, 0, 1, 0, 0.00011780858039856, -0.058765295892954, -1.1835728883743, 1, },
									},
								},
								materials = { "vehicle/plane/boeing_737_700_v2/boeing_737_700.mtl", },
								mesh = "vehicle/plane/boeing_737_700_v2/gear1_rgt_lod0.msh",
								name = "gear1_rgt",
								transf = { 1, 0, 0, 0, 0, 0.99999839067459, 0.0017453016480431, 0, 0, -0.0017453016480431, 0.99999839067459, 0, 0.14108477532864, -2.7036702632904, 2.0594220161438, 1, },
							},
						},
						name = "gear_rgt_grp",
						transf = { 1, 0, 0, 0, 0, 1, 0, 0, 0, 0, 1, 0, 0, 0, 0, 1, },
					},
					{
						animations = {
							close_doors_left = {
								params = {
									id = "vehicle/plane/boeing_737_700_v2/close_doors_left/d1_lft.ani",
								},
								type = "FILE_REF",
							},
							open_doors_left = {
								params = {
									id = "vehicle/plane/boeing_737_700_v2/open_doors_left/d1_lft.ani",
								},
								type = "FILE_REF",
							},
						},
						children = {
							{
								materials = { "vehicle/plane/boeing_737_700_v2/boeing_737_700_door_glass.mtl", "vehicle/plane/boeing_737_700_v2/boeing_737_700_glass.mtl", },
								mesh = "vehicle/plane/boeing_737_700_v2/d1_lft_glass_lod0.msh",
								name = "d1_lft_glass",
								transf = { 1, -1.1102230246252e-16, -1.9253111816147e-26, 0, -1.1102230246252e-16, 1, 8.5761624678304e-25, 0, -6.9396795918498e-24, 2.4630535018386e-25, 1, 0, 0.29424583911896, 0.042911019176245, 0.38946866989136, 1, },
							},
						},
						materials = { "vehicle/plane/boeing_737_700_v2/boeing_737_700.mtl", "vehicle/plane/boeing_737_700_v2/boeing_737_700_door.mtl", },
						mesh = "vehicle/plane/boeing_737_700_v2/d1_lft_lod0.msh",
						name = "d1_lft",
						transf = { -4.1976338849281e-08, -0.27894639968872, 0.9603066444397, 0, -1.2193133613891e-08, 0.9603066444397, 0.27894639968872, 0, -1, -2.7755575615629e-17, -4.3711388286738e-08, 0, 12.620799064636, 1.5539580583572, 3.5240411758423, 1, },
					},
					{
						animations = {
							close_doors_left = {
								params = {
									id = "vehicle/plane/boeing_737_700_v2/close_doors_left/d2_lft.ani",
								},
								type = "FILE_REF",
							},
							open_doors_left = {
								params = {
									id = "vehicle/plane/boeing_737_700_v2/open_doors_left/d2_lft.ani",
								},
								type = "FILE_REF",
							},
						},
						children = {
							{
								materials = { "vehicle/plane/boeing_737_700_v2/boeing_737_700_door_glass.mtl", "vehicle/plane/boeing_737_700_v2/boeing_737_700_glass.mtl", },
								mesh = "vehicle/plane/boeing_737_700_v2/d2_lft_glass_lod0.msh",
								name = "d2_lft_glass",
								transf = { 1, -1.3877787807814e-17, -6.6174449004242e-24, 0, -1.3877787807814e-17, 1, -2.6469779601697e-23, 0, -1.6543610673339e-23, 0, 1, 0, 0.19643081724644, 0.099853903055191, -0.39193916320801, 1, },
							},
						},
						materials = { "vehicle/plane/boeing_737_700_v2/boeing_737_700.mtl", "vehicle/plane/boeing_737_700_v2/boeing_737_700_door.mtl", },
						mesh = "vehicle/plane/boeing_737_700_v2/d2_lft_lod0.msh",
						name = "d2_lft",
						transf = { 7.5118883557934e-08, -0.10007597506046, 0.99497979879379, 0, -1.5855133028708e-07, -0.99497979879379, -0.10007597506046, 0, 1, -1.5023776711587e-07, -9.0608949676607e-08, 0, -8.4218597412109, 1.6829444169998, 3.4423456192017, 1, },
					},
					{
						animations = {
							close_doors_right = {
								params = {
									id = "vehicle/plane/boeing_737_700_v2/close_doors_right/d1_rgt.ani",
								},
								type = "FILE_REF",
							},
							open_doors_right = {
								params = {
