function data()
return {
	boundingInfo = {
		bbMax = { 25.068807601929, 19.045032501221, 13.699808120728, },
		bbMin = { -22.42822265625, -19.045032501221, 0.0017915666103363, },
	},
	collider = {
		params = {
			halfExtents = { 23.748516082764, 19.045032501221, 6.8490080833435, },
		},
		transf = { 1, 0, 0, 0, 0, 1, 0, 0, 0, 0, 1, 0, 0, 0, 0, 1, },
		type = "BOX",
	},
	lods = {
		{
			node = {
				children = {
					{
						materials = { "vehicle/plane/boeing_757_v2/boeing_757.mtl", "vehicle/plane/boeing_757_v2/boeing_757_additional.mtl", },
						mesh = "vehicle/plane/boeing_757_v2/body_lod0.msh",
						name = "body",
						transf = { 1, 0, 0, 0, 0, 1, 0, 0, 0, 0, 1, 0, 0, 0, 0, 1, },
					},
					{
						children = {
							{
								materials = { "vehicle/plane/boeing_757_v2/boeing_757_interior_glass.mtl", "vehicle/plane/boeing_757_v2/boeing_757_glass.mtl", },
								mesh = "vehicle/plane/boeing_757_v2/glass1_left_frt_lod0.msh",
								name = "glass1_left_frt",
								transf = { 1, 0, 0, 0, 0, 1, 0, 0, 0, 0, 1, 0, 23.383256912231, 0.43212500214577, 4.8019676208496, 1, },
							},
							{
								materials = { "vehicle/plane/boeing_757_v2/boeing_757_interior_glass.mtl", "vehicle/plane/boeing_757_v2/boeing_757_glass.mtl", },
								mesh = "vehicle/plane/boeing_757_v2/glass2_left_frt_lod0.msh",
								name = "glass2_left_frt",
								transf = { 1, 0, 0, 0, 0, 1, 0, 0, 0, 0, 1, 0, 22.931652069092, 1.091922044754, 4.772355556488, 1, },
							},
							{
								materials = { "vehicle/plane/boeing_757_v2/boeing_757_interior_glass.mtl", "vehicle/plane/boeing_757_v2/boeing_757_glass.mtl", },
								mesh = "vehicle/plane/boeing_757_v2/glass3_left_frt_lod0.msh",
								name = "glass3_left_frt",
								transf = { 1, 0, 0, 0, 0, 1, 0, 0, 0, 0, 1, 0, 22.436479568481, 1.2819362878799, 4.772355556488, 1, },
							},
							{
								materials = { "vehicle/plane/boeing_757_v2/boeing_757_interior_glass.mtl", "vehicle/plane/boeing_757_v2/boeing_757_glass.mtl", },
								mesh = "vehicle/plane/boeing_757_v2/glass1_right_frt_lod0.msh",
								name = "glass1_right_frt",
								transf = { 1, 0, 0, 0, 0, 1, 0, 0, 0, 0, 1, 0, 23.383256912231, -0.43212500214577, 4.8019676208496, 1, },
							},
							{
								materials = { "vehicle/plane/boeing_757_v2/boeing_757_interior_glass.mtl", "vehicle/plane/boeing_757_v2/boeing_757_glass.mtl", },
								mesh = "vehicle/plane/boeing_757_v2/glass2_right_frt_lod0.msh",
								name = "glass2_right_frt",
								transf = { 1, 0, 0, 0, 0, 1, 0, 0, 0, 0, 1, 0, 22.931652069092, -1.091922044754, 4.772355556488, 1, },
							},
							{
								materials = { "vehicle/plane/boeing_757_v2/boeing_757_interior_glass.mtl", "vehicle/plane/boeing_757_v2/boeing_757_glass.mtl", },
								mesh = "vehicle/plane/boeing_757_v2/glass3_right_frt_lod0.msh",
								name = "glass3_right_frt",
								transf = { 1, 0, 0, 0, 0, 1, 0, 0, 0, 0, 1, 0, 22.436479568481, -1.2819362878799, 4.772355556488, 1, },
							},
							{
								materials = { "vehicle/plane/boeing_757_v2/boeing_757_interior_glass.mtl", "vehicle/plane/boeing_757_v2/boeing_757_glass.mtl", },
								mesh = "vehicle/plane/boeing_757_v2/glass1_lft_lod0.msh",
								name = "glass1_lft",
								transf = { 1, 0, 0, 0, 0, 1, 0, 0, 0, 0, 1, 0, 17.976955413818, 1.5662798881531, 5.0600671768188, 1, },
							},
							{
								materials = { "vehicle/plane/boeing_757_v2/boeing_757_interior_glass.mtl", "vehicle/plane/boeing_757_v2/boeing_757_glass.mtl", },
								mesh = "vehicle/plane/boeing_757_v2/glass2_lft_lod0.msh",
								name = "glass2_lft",
								transf = { 1, 0, 0, 0, 0, 1, 0, 0, 0, 0, 1, 0, 15.054999351501, 1.5736931562424, 5.0657229423523, 1, },
							},
							{
								materials = { "vehicle/plane/boeing_757_v2/boeing_757_interior_glass.mtl", "vehicle/plane/boeing_757_v2/boeing_757_glass.mtl", },
								mesh = "vehicle/plane/boeing_757_v2/glass3_lft_lod0.msh",
								name = "glass3_lft",
								transf = { 1, 0, 0, 0, 0, 1, 0, 0, 0, 0, 1, 0, 12.406497955322, 1.5804028511047, 5.0704808235168, 1, },
							},
							{
								materials = { "vehicle/plane/boeing_757_v2/boeing_757_interior_glass.mtl", "vehicle/plane/boeing_757_v2/boeing_757_glass.mtl", },
								mesh = "vehicle/plane/boeing_757_v2/glass4_lft_lod0.msh",
								name = "glass4_lft",
								transf = { 1, 0, 0, 0, 0, 1, 0, 0, 0, 0, 1, 0, 8.8497495651245, 1.5870043039322, 5.0751504898071, 1, },
							},
							{
								materials = { "vehicle/plane/boeing_757_v2/boeing_757_interior_glass.mtl", "vehicle/plane/boeing_757_v2/boeing_757_glass.mtl", },
								mesh = "vehicle/plane/boeing_757_v2/glass5_lft_lod0.msh",
								name = "glass5_lft",
								transf = { 1, 0, 0, 0, 0, 1, 0, 0, 0, 0, 1, 0, 5.1949996948242, 1.6138916015625, 5.0751485824585, 1, },
							},
							{
								materials = { "vehicle/plane/boeing_757_v2/boeing_757_interior_glass.mtl", "vehicle/plane/boeing_757_v2/boeing_757_glass.mtl", },
								mesh = "vehicle/plane/boeing_757_v2/glass6_lft_lod0.msh",
								name = "glass6_lft",
								transf = { 1, 0, 0, 0, 0, 1, 0, 0, 0, 0, 1, 0, 1.1599999666214, 1.6375418901443, 5.0751485824585, 1, },
							},
							{
								materials = { "vehicle/plane/boeing_757_v2/boeing_757_interior_glass.mtl", "vehicle/plane/boeing_757_v2/boeing_757_glass.mtl", },
								mesh = "vehicle/plane/boeing_757_v2/glass7_lft_lod0.msh",
								name = "glass7_lft",
								transf = { 1, 0, 0, 0, 0, 1, 0, 0, 0, 0, 1, 0, -1.9151710271835, 1.6375418901443, 5.0751485824585, 1, },
							},
							{
								materials = { "vehicle/plane/boeing_757_v2/boeing_757_interior_glass.mtl", "vehicle/plane/boeing_757_v2/boeing_757_glass.mtl", },
								mesh = "vehicle/plane/boeing_757_v2/glass8_lft_lod0.msh",
								name = "glass8_lft",
								transf = { 1, 0, 0, 0, 0, 1, 0, 0, 0, 0, 1, 0, -6.7283048629761, 1.6375418901443, 5.0751485824585, 1, },
							},
							{
								materials = { "vehicle/plane/boeing_757_v2/boeing_757_interior_glass.mtl", "vehicle/plane/boeing_757_v2/boeing_757_glass.mtl", },
								mesh = "vehicle/plane/boeing_757_v2/glass9_lft_lod0.msh",
								name = "glass9_lft",
								transf = { 1, 0, 0, 0, 0, 1, 0, 0, 0, 0, 1, 0, -8.9324998855591, 1.6102689504623, 5.0751485824585, 1, },
							},
							{
								materials = { "vehicle/plane/boeing_757_v2/boeing_757_interior_glass.mtl", "vehicle/plane/boeing_757_v2/boeing_757_glass.mtl", },
								mesh = "vehicle/plane/boeing_757_v2/glass10_lft_lod0.msh",
								name = "glass10_lft",
								transf = { 1, 0, 0, 0, 0, 1, 0, 0, 0, 0, 1, 0, -10.902500152588, 1.5621536970139, 5.0776519775391, 1, },
							},
							{
								materials = { "vehicle/plane/boeing_757_v2/boeing_757_interior_glass.mtl", "vehicle/plane/boeing_757_v2/boeing_757_glass.mtl", },
								mesh = "vehicle/plane/boeing_757_v2/glass11_lft_lod0.msh",
								name = "glass11_lft",
								transf = { 1, 0, 0, 0, 0, 1, 0, 0, 0, 0, 1, 0, -12.600215911865, 1.5027590990067, 5.1014804840088, 1, },
							},
							{
								materials = { "vehicle/plane/boeing_757_v2/boeing_757_interior_glass.mtl", "vehicle/plane/boeing_757_v2/boeing_757_glass.mtl", },
								mesh = "vehicle/plane/boeing_757_v2/glass1_rgt_lod0.msh",
								name = "glass1_rgt",
								transf = { 1, 0, 0, 0, 0, 1, 0, 0, 0, 0, 1, 0, 17.976955413818, -1.5662798881531, 5.0600671768188, 1, },
							},
							{
								materials = { "vehicle/plane/boeing_757_v2/boeing_757_interior_glass.mtl", "vehicle/plane/boeing_757_v2/boeing_757_glass.mtl", },
								mesh = "vehicle/plane/boeing_757_v2/glass2_rgt_lod0.msh",
								name = "glass2_rgt",
								transf = { 1, 0, 0, 0, 0, 1, 0, 0, 0, 0, 1, 0, 15.054999351501, -1.5736931562424, 5.0657229423523, 1, },
							},
							{
								materials = { "vehicle/plane/boeing_757_v2/boeing_757_interior_glass.mtl", "vehicle/plane/boeing_757_v2/boeing_757_glass.mtl", },
								mesh = "vehicle/plane/boeing_757_v2/glass3_rgt_lod0.msh",
								name = "glass3_rgt",
								transf = { 1, 0, 0, 0, 0, 1, 0, 0, 0, 0, 1, 0, 12.406497955322, -1.5804028511047, 5.0704808235168, 1, },
							},
							{
								materials = { "vehicle/plane/boeing_757_v2/boeing_757_interior_glass.mtl", "vehicle/plane/boeing_757_v2/boeing_757_glass.mtl", },
								mesh = "vehicle/plane/boeing_757_v2/glass4_rgt_lod0.msh",
								name = "glass4_rgt",
								transf = { 1, 0, 0, 0, 0, 1, 0, 0, 0, 0, 1, 0, 8.8497495651245, -1.5870043039322, 5.0751504898071, 1, },
							},
							{
								materials = { "vehicle/plane/boeing_757_v2/boeing_757_interior_glass.mtl", "vehicle/plane/boeing_757_v2/boeing_757_glass.mtl", },
								mesh = "vehicle/plane/boeing_757_v2/glass5_rgt_lod0.msh",
								name = "glass5_rgt",
								transf = { 1, 0, 0, 0, 0, 1, 0, 0, 0, 0, 1, 0, 5.1949996948242, -1.6138916015625, 5.0751485824585, 1, },
							},
							{
								materials = { "vehicle/plane/boeing_757_v2/boeing_757_interior_glass.mtl", "vehicle/plane/boeing_757_v2/boeing_757_glass.mtl", },
								mesh = "vehicle/plane/boeing_757_v2/glass6_rgt_lod0.msh",
								name = "glass6_rgt",
								transf = { 1, 0, 0, 0, 0, 1, 0, 0, 0, 0, 1, 0, 1.1599999666214, -1.6375418901443, 5.0751485824585, 1, },
							},
							{
								materials = { "vehicle/plane/boeing_757_v2/boeing_757_interior_glass.mtl", "vehicle/plane/boeing_757_v2/boeing_757_glass.mtl", },
								mesh = "vehicle/plane/boeing_757_v2/glass7_rgt_lod0.msh",
								name = "glass7_rgt",
								transf = { 1, 0, 0, 0, 0, 1, 0, 0, 0, 0, 1, 0, -1.9151710271835, -1.6375418901443, 5.0751485824585, 1, },
							},
							{
								materials = { "vehicle/plane/boeing_757_v2/boeing_757_interior_glass.mtl", "vehicle/plane/boeing_757_v2/boeing_757_glass.mtl", },
								mesh = "vehicle/plane/boeing_757_v2/glass8_rgt_lod0.msh",
								name = "glass8_rgt",
								transf = { 1, 0, 0, 0, 0, 1, 0, 0, 0, 0, 1, 0, -6.7283048629761, -1.6375418901443, 5.0751485824585, 1, },
							},
							{
								materials = { "vehicle/plane/boeing_757_v2/boeing_757_interior_glass.mtl", "vehicle/plane/boeing_757_v2/boeing_757_glass.mtl", },
								mesh = "vehicle/plane/boeing_757_v2/glass9_rgt_lod0.msh",
								name = "glass9_rgt",
								transf = { 1, 0, 0, 0, 0, 1, 0, 0, 0, 0, 1, 0, -8.9350004196167, -1.6101408004761, 5.0751485824585, 1, },
							},
							{
								materials = { "vehicle/plane/boeing_757_v2/boeing_757_interior_glass.mtl", "vehicle/plane/boeing_757_v2/boeing_757_glass.mtl", },
								mesh = "vehicle/plane/boeing_757_v2/glass10_rgt_lod0.msh",
								name = "glass10_rgt",
								transf = { 1, 0, 0, 0, 0, 1, 0, 0, 0, 0, 1, 0, -10.907499313354, -1.5618970394135, 5.0776519775391, 1, },
							},
							{
								materials = { "vehicle/plane/boeing_757_v2/boeing_757_interior_glass.mtl", "vehicle/plane/boeing_757_v2/boeing_757_glass.mtl", },
								mesh = "vehicle/plane/boeing_757_v2/glass11_rgt_lod0.msh",
								name = "glass11_rgt",
								transf = { 1, 0, 0, 0, 0, 1, 0, 0, 0, 0, 1, 0, -12.600215911865, -1.5027590990067, 5.1014804840088, 1, },
							},
						},
						name = "glass_grp",
						transf = { 1, 0, 0, 0, 0, 1, 0, 0, 0, 0, 1, 0, 0, 0, 0, 1, },
					},
					{
						materials = { "vehicle/plane/boeing_757_v2/boeing_757_additional.mtl", },
						mesh = "vehicle/plane/boeing_757_v2/aileron_lft_lod0.msh",
						name = "aileron_lft",
						transf = { -0.29804787039757, 0.95176815986633, 0.072834730148315, 0, 0.015651896595955, -0.071419470012188, 0.99732351303101, 0, 0.95442253351212, 0.29839015007019, 0.0063894423656166, 0, -3.076874256134, 16.397436141968, 4.2995200157166, 1, },
					},
					{
						materials = { "vehicle/plane/boeing_757_v2/boeing_757_additional.mtl", },
						mesh = "vehicle/plane/boeing_757_v2/aileron_rgt_lod0.msh",
						name = "aileron_rgt",
						transf = { 0.29804790019989, 0.95176810026169, -0.072834730148315, 0, 0.015651900321245, 0.071419470012188, 0.99732351303101, 0, 0.95442253351212, -0.29839015007019, 0.0063894423656166, 0, -3.076874256134, -16.397436141968, 4.2995200157166, 1, },
					},
					{
						materials = { "vehicle/plane/boeing_757_v2/boeing_757.mtl", },
						mesh = "vehicle/plane/boeing_757_v2/rudder_lod0.msh",
						name = "rudder",
						transf = { 0.87688165903091, -3.8950711314101e-06, 0.48070624470711, 0, 4.4360931497067e-06, 1, 1.0697975838525e-08, 0, -0.48070624470711, 2.1230766833469e-06, 0.87688165903091, 0, -19.56717300415, -2.499999709471e-06, 9.7760801315308, 1, },
					},
					{
						materials = { "vehicle/plane/boeing_757_v2/boeing_757.mtl", },
						mesh = "vehicle/plane/boeing_757_v2/elevator_lft_lod0.msh",
						name = "elevator_lft",
						transf = { -0.33660861849785, 0.93484735488892, 0.11293836683035, 0, 0.014370089396834, -0.11482360959053, 0.99328196048737, 0, 0.94153499603271, 0.33597019314766, 0.025216778740287, 0, -19.980291366577, 4.2923464775085, 5.0503940582275, 1, },
					},
					{
						materials = { "vehicle/plane/boeing_757_v2/boeing_757.mtl", },
						mesh = "vehicle/plane/boeing_757_v2/elevator_rgt_lod0.msh",
						name = "elevator_rgt",
						transf = { 0.33660864830017, 0.93484735488892, -0.11293836683035, 0, 0.014370093122125, 0.11482360959053, 0.99328196048737, 0, 0.94153499603271, -0.33597022294998, 0.025216778740287, 0, -19.980291366577, -4.2923464775085, 5.0503940582275, 1, },
					},
					{
						materials = { "vehicle/plane/boeing_757_v2/boeing_757_additional.mtl", },
						mesh = "vehicle/plane/boeing_757_v2/rotor1_lft_lod0.msh",
						name = "rotor1_lft",
						transf = { 1, 0, 0, 0, 0, 1, 0, 0, 0, 0, 1, 0, 6.9875378608704, 6.51243019104, 2.1190369129181, 1, },
					},
					{
						materials = { "vehicle/plane/boeing_757_v2/boeing_757_additional.mtl", },
						mesh = "vehicle/plane/boeing_757_v2/rotor1_lft_lod0.msh",
						name = "rotor1_rgt",
						transf = { 1, 0, 0, 0, 0, 1, 0, 0, 0, 0, 1, 0, 6.9875378608704, -6.51243019104, 2.1190369129181, 1, },
					},
					{
						children = {
							{
								animations = {
									flaps = {
										params = {
											id = "vehicle/plane/boeing_757_v2/flaps/flap_holder1_lft.ani",
										},
										type = "FILE_REF",
									},
								},
								materials = { "vehicle/plane/boeing_757_v2/boeing_757_additional.mtl", },
								mesh = "vehicle/plane/boeing_757_v2/flap_holder1_lft_lod0.msh",
								name = "flap_holder1_lft",
								transf = { -4.3558912921071e-08, 0.99651169776917, 0.083453103899956, 0, -1, -4.3711388286738e-08, -6.7294630224651e-17, 0, 3.6478511322713e-09, -0.083453103899956, 0.99651169776917, 0, -0.32171720266342, 10.940665245056, 3.713187456131, 1, },
							},
							{
								animations = {
									flaps = {
										params = {
											id = "vehicle/plane/boeing_757_v2/flaps/flap1_lft.ani",
										},
										type = "FILE_REF",
									},
								},
								materials = { "vehicle/plane/boeing_757_v2/boeing_757_additional.mtl", },
								mesh = "vehicle/plane/boeing_757_v2/flap1_lft_lod0.msh",
								name = "flap1_lft",
								transf = { -4.3711388286738e-08, 1, 5.3531008455944e-24, 0, -1, -4.3711388286738e-08, -1.1073197927048e-31, 0, 1.2325950468584e-31, -5.3531008455944e-24, 1, 0, 0.28122451901436, 4.1630759239197, 3.0779061317444, 1, },
							},
							{
								animations = {
									flaps = {
										params = {
											id = "vehicle/plane/boeing_757_v2/flaps/flap2_lft.ani",
										},
										type = "FILE_REF",
									},
								},
								materials = { "vehicle/plane/boeing_757_v2/boeing_757_additional.mtl", },
								mesh = "vehicle/plane/boeing_757_v2/flap2_lft_lod0.msh",
								name = "flap2_lft",
								transf = { -4.3558912921071e-08, 0.99651169776917, 0.083453103899956, 0, -1, -4.3711388286738e-08, -6.7294630224651e-17, 0, 3.6478511322713e-09, -0.083453103899956, 0.99651169776917, 0, -0.32171720266342, 10.940665245056, 3.713187456131, 1, },
							},
						},
						name = "flap_lft_grp",
						transf = { 1, 0, 0, 0, 0, 1, 0, 0, 0, 0, 1, 0, 0, 0, 0, 1, },
					},
					{
						children = {
							{
								animations = {
									flaps = {
										params = {
											id = "vehicle/plane/boeing_757_v2/flaps/flap_holder1_rgt.ani",
										},
										type = "FILE_REF",
									},
								},
								materials = { "vehicle/plane/boeing_757_v2/boeing_757_additional.mtl", },
								mesh = "vehicle/plane/boeing_757_v2/flap_holder1_rgt_lod0.msh",
								name = "flap_holder1_rgt",
								transf = { 7.5234538599034e-08, 0.99651169776917, -0.083453103899956, 0, -1, 7.5497894158616e-08, -1.2336235489415e-16, 0, 6.3005338724054e-09, 0.083453103899956, 0.99651169776917, 0, -0.32171720266342, -10.940665245056, 3.713187456131, 1, },
							},
							{
								animations = {
									flaps = {
										params = {
											id = "vehicle/plane/boeing_757_v2/flaps/flap1_rgt.ani",
										},
										type = "FILE_REF",
									},
								},
								materials = { "vehicle/plane/boeing_757_v2/boeing_757_additional.mtl", },
								mesh = "vehicle/plane/boeing_757_v2/flap1_rgt_lod0.msh",
								name = "flap1_rgt",
								transf = { 7.5497894158616e-08, 1, 1.2246468525852e-16, 0, -1, 7.5497894158616e-08, -1.0939311666403e-24, 0, -1.0339757656913e-23, -1.2246468525852e-16, 1, 0, 0.28122451901436, -4.1630759239197, 3.0779061317444, 1, },
							},
							{
								animations = {
									flaps = {
										params = {
											id = "vehicle/plane/boeing_757_v2/flaps/flap2_rgt.ani",
										},
										type = "FILE_REF",
									},
								},
								materials = { "vehicle/plane/boeing_757_v2/boeing_757_additional.mtl", },
								mesh = "vehicle/plane/boeing_757_v2/flap2_rgt_lod0.msh",
								name = "flap2_rgt",
								transf = { 7.5234538599034e-08, 0.99651169776917, -0.083453103899956, 0, -1, 7.5497894158616e-08, -1.2336235489415e-16, 0, 6.3005338724054e-09, 0.083453103899956, 0.99651169776917, 0, -0.32171720266342, -10.940665245056, 3.713187456131, 1, },
							},
						},
						name = "flap_rgt_grp",
						transf = { 1, 0, 0, 0, 0, 1, 0, 0, 0, 0, 1, 0, 0, 0, 0, 1, },
					},
					{
						children = {
							{
								animations = {
									close_wheels = {
										params = {
											id = "vehicle/plane/boeing_757_v2/close_wheels/gear_d1_left_frt.ani",
										},
										type = "FILE_REF",
									},
									open_wheels = {
										params = {
											id = "vehicle/plane/boeing_757_v2/open_wheels/gear_d1_left_frt.ani",
										},
										type = "FILE_REF",
									},
								},
								materials = { "vehicle/plane/boeing_757_v2/boeing_757.mtl", },
								mesh = "vehicle/plane/boeing_757_v2/gear_d1_left_frt_lod0.msh",
								name = "gear_d1_left_frt",
								transf = { -0.99994146823883, 0.010777648538351, -0.00094336352776736, 0, -0.008383615873754, -0.71679651737213, 0.69723200798035, 0, 0.006838321685791, 0.69719904661179, 0.71684491634369, 0, 20.317554473877, 0.43169701099396, 2.4805538654327, 1, },
							},
							{
								animations = {
									close_wheels = {
										params = {
											id = "vehicle/plane/boeing_757_v2/close_wheels/gear_d1_right_frt.ani",
										},
										type = "FILE_REF",
									},
									open_wheels = {
										params = {
											id = "vehicle/plane/boeing_757_v2/open_wheels/gear_d1_right_frt.ani",
										},
										type = "FILE_REF",
									},
								},
								materials = { "vehicle/plane/boeing_757_v2/boeing_757.mtl", },
								mesh = "vehicle/plane/boeing_757_v2/gear_d1_right_frt_lod0.msh",
								name = "gear_d1_right_frt",
								transf = { 0.99994146823883, 0.01077769510448, 0.00094336352776736, 0, -0.0083836494013667, 0.71679651737213, 0.69723200798035, 0, 0.0068383547477424, -0.69719904661179, 0.71684491634369, 0, 20.317554473877, -0.43169701099396, 2.4805538654327, 1, },
							},
							{
								animations = {
									close_wheels = {
										params = {
											id = "vehicle/plane/boeing_757_v2/close_wheels/gear_w1_steering_frt.ani",
										},
										type = "FILE_REF",
									},
									open_wheels = {
										params = {
											id = "vehicle/plane/boeing_757_v2/open_wheels/gear_w1_steering_frt.ani",
										},
										type = "FILE_REF",
									},
								},
								children = {
									{
										animations = {
											close_wheels = {
												params = {
													id = "vehicle/plane/boeing_757_v2/close_wheels/w1_frt.ani",
												},
												type = "FILE_REF",
											},
											open_wheels = {
												params = {
													id = "vehicle/plane/boeing_757_v2/open_wheels/w1_frt.ani",
												},
												type = "FILE_REF",
											},
										},
										materials = { "vehicle/plane/boeing_757_v2/boeing_757.mtl", },
										mesh = "vehicle/plane/boeing_757_v2/w1_frt_lod0.msh",
										name = "w1_frt",
										transf = { 1, 0, 0, 0, 0, 1, 0, 0, 0, 0, 1, 0, -0.028348922729492, 0, -2.5871841907501, 1, },
									},
									{
										materials = { "vehicle/plane/emissive/plane_all_lights.mtl", },
										mesh = "vehicle/plane/boeing_757_v2/landinglights_gear_frt_lod0.msh",
										name = "landinglights_gear_frt",
										transf = { 1, 0, 0, 0, 0, 1, 0, 0, 0, 0, 1, 0, -0.50034141540527, 0, -1, 1, },
									},
								},
								materials = { "vehicle/plane/boeing_757_v2/boeing_757.mtl", },
								mesh = "vehicle/plane/boeing_757_v2/gear_w1_steering_frt_lod0.msh",
								name = "gear_w1_steering_frt",
								transf = { 1, 0, 0, 0, 0, 1, 0, 0, 0, 0, 1, 0, 19.109399795532, 0, 3.3751440048218, 1, },
							},
						},
						name = "gear_frt_grp",
						transf = { 1, 0, 0, 0, 0, 1, 0, 0, 0, 0, 1, 0, 0, 0, 0, 1, },
					},
					{
						children = {
							{
								animations = {
									close_wheels = {
										params = {
											id = "vehicle/plane/boeing_757_v2/close_wheels/gear_d1_left_lft.ani",
										},
										type = "FILE_REF",
									},
									open_wheels = {
										params = {
											id = "vehicle/plane/boeing_757_v2/open_wheels/gear_d1_left_lft.ani",
										},
										type = "FILE_REF",
									},
								},
								materials = { "vehicle/plane/boeing_757_v2/boeing_757_additional.mtl", },
								mesh = "vehicle/plane/boeing_757_v2/gear_d1_left_lft_lod0.msh",
								name = "gear_d1_left_lft",
								transf = { 1, 0, 0, 0, 0, 1, 0, 0, 0, 0, 1, 0, 0.00983502343297, 3.9128847122192, 3.1551115512848, 1, },
							},
							{
								animations = {
									close_wheels = {
										params = {
											id = "vehicle/plane/boeing_757_v2/close_wheels/gear_d1_right_lft.ani",
										},
										type = "FILE_REF",
									},
									open_wheels = {
										params = {
											id = "vehicle/plane/boeing_757_v2/open_wheels/gear_d1_right_lft.ani",
										},
										type = "FILE_REF",
									},
								},
								materials = { "vehicle/plane/boeing_757_v2/boeing_757.mtl", },
								mesh = "vehicle/plane/boeing_757_v2/gear_d1_right_lft_lod0.msh",
								name = "gear_d1_right_lft",
								transf = { 1, 0, 0, 0, 0, 1, 0, 0, 0, 0, 1, 0, -0.0046266126446426, 0.16247500479221, 2.1467819213867, 1, },
							},
							{
								animations = {
									close_wheels = {
										params = {
											id = "vehicle/plane/boeing_757_v2/close_wheels/gear_g1_lft.ani",
										},
										type = "FILE_REF",
									},
									open_wheels = {
										params = {
											id = "vehicle/plane/boeing_757_v2/open_wheels/gear_g1_lft.ani",
										},
										type = "FILE_REF",
									},
								},
								children = {
									{
										animations = {
											close_wheels = {
												params = {
													id = "vehicle/plane/boeing_757_v2/close_wheels/gear_g1_c1_lft.ani",
												},
												type = "FILE_REF",
											},
											open_wheels = {
												params = {
													id = "vehicle/plane/boeing_757_v2/open_wheels/gear_g1_c1_lft.ani",
												},
												type = "FILE_REF",
											},
										},
										materials = { "vehicle/plane/boeing_757_v2/boeing_757.mtl", },
										mesh = "vehicle/plane/boeing_757_v2/gear_g1_c1_lft_lod0.msh",
										name = "gear_g1_c1_lft",
										transf = { 1, 0, 0, 0, 0, 1, 0, 0, 0, 0, 1, 0, 0.1331570148468, 0, -2.2197613716125, 1, },
									},
									{
										materials = { "vehicle/plane/boeing_757_v2/boeing_757.mtl", },
										mesh = "vehicle/plane/boeing_757_v2/w2_lft_lod0.msh",
										name = "w2_lft",
										transf = { 1, 0, 0, 0, 0, 1, 0, 0, 0, 0, 1, 0, 0.62061810493469, 0, -2.8930418491364, 1, },
									},
									{
										materials = { "vehicle/plane/boeing_757_v2/boeing_757.mtl", },
										mesh = "vehicle/plane/boeing_757_v2/w3_lft_lod0.msh",
										name = "w3_lft",
										transf = { 1, 0, 0, 0, 0, 1, 0, 0, 0, 0, 1, 0, -0.59021711349487, 0, -2.8930418491364, 1, },
									},
								},
								materials = { "vehicle/plane/boeing_757_v2/boeing_757.mtl", },
								mesh = "vehicle/plane/boeing_757_v2/gear_g1_lft_lod0.msh",
								name = "gear_g1_lft",
								transf = { 1, 0, 0, 0, 0, 1, 0, 0, 0, 0, 1, 0, -0.0014350223354995, 3.695739030838, 3.3936836719513, 1, },
							},
						},
						name = "gear_lft_grp",
						transf = { 1, 0, 0, 0, 0, 1, 0, 0, 0, 0, 1, 0, 0, 0, 0, 1, },
					},
					{
						children = {
							{
								animations = {
									close_wheels = {
										params = {
											id = "vehicle/plane/boeing_757_v2/close_wheels/gear_d1_left_rgt.ani",
										},
										type = "FILE_REF",
									},
									open_wheels = {
										params = {
											id = "vehicle/plane/boeing_757_v2/open_wheels/gear_d1_left_rgt.ani",
										},
										type = "FILE_REF",
									},
								},
								materials = { "vehicle/plane/boeing_757_v2/boeing_757.mtl", },
								mesh = "vehicle/plane/boeing_757_v2/gear_d1_left_rgt_lod0.msh",
								name = "gear_d1_left_rgt",
								transf = { -1, 0, 1.5099578831723e-07, 0, 2.2799731530911e-14, -1, 1.5099578831723e-07, 0, 1.5099578831723e-07, 1.5099578831723e-07, 1, 0, -0.0046266126446426, -0.16247500479221, 2.1467819213867, 1, },
							},
							{
								animations = {
									close_wheels = {
										params = {
											id = "vehicle/plane/boeing_757_v2/close_wheels/gear_d1_right_rgt.ani",
										},
										type = "FILE_REF",
									},
									open_wheels = {
										params = {
											id = "vehicle/plane/boeing_757_v2/open_wheels/gear_d1_right_rgt.ani",
										},
										type = "FILE_REF",
									},
								},
								materials = { "vehicle/plane/boeing_757_v2/boeing_757_additional.mtl", },
								mesh = "vehicle/plane/boeing_757_v2/gear_d1_right_rgt_lod0.msh",
								name = "gear_d1_right_rgt",
								transf = { -1, 0, 1.5099578831723e-07, 0, 2.2799731530911e-14, -1, 1.5099578831723e-07, 0, 1.5099578831723e-07, 1.5099578831723e-07, 1, 0, 0.00983502343297, -3.9128847122192, 3.1551115512848, 1, },
							},
							{
								animations = {
									close_wheels = {
										params = {
											id = "vehicle/plane/boeing_757_v2/close_wheels/gear_g1_rgt.ani",
										},
										type = "FILE_REF",
									},
									open_wheels = {
										params = {
											id = "vehicle/plane/boeing_757_v2/open_wheels/gear_g1_rgt.ani",
										},
										type = "FILE_REF",
									},
								},
								children = {
									{
										animations = {
											close_wheels = {
												params = {
													id = "vehicle/plane/boeing_757_v2/close_wheels/gear_g1_c1_rgt.ani",
												},
												type = "FILE_REF",
											},
											open_wheels = {
												params = {
													id = "vehicle/plane/boeing_757_v2/open_wheels/gear_g1_c1_rgt.ani",
												},
												type = "FILE_REF",
											},
										},
										materials = { "vehicle/plane/boeing_757_v2/boeing_757.mtl", },
										mesh = "vehicle/plane/boeing_757_v2/gear_g1_c1_rgt_lod0.msh",
										name = "gear_g1_c1_rgt",
										transf = { 1, 0, 0, 0, 6.3108872417681e-30, 1, 0, 0, 5.2939559203394e-23, 5.2939559203394e-23, 1, 0, -0.1331570148468, 5.6843417590259e-16, -2.2197613716125, 1, },
									},
									{
										materials = { "vehicle/plane/boeing_757_v2/boeing_757.mtl", },
										mesh = "vehicle/plane/boeing_757_v2/w2_rgt_lod0.msh",
										name = "w2_rgt",
										transf = { 1, 0, 0, 0, 6.3108872417681e-30, 1, 0, 0, 5.2939559203394e-23, 5.2939559203394e-23, 1, 0, -0.62061810493469, 5.6843417590259e-16, -2.8930418491364, 1, },
									},
									{
										materials = { "vehicle/plane/boeing_757_v2/boeing_757.mtl", },
										mesh = "vehicle/plane/boeing_757_v2/w3_rgt_lod0.msh",
										name = "w3_rgt",
										transf = { 1, 0, 0, 0, 6.3108872417681e-30, 1, 0, 0, 5.2939559203394e-23, 5.2939559203394e-23, 1, 0, 0.59021711349487, 5.6843417590259e-16, -2.8930418491364, 1, },
									},
								},
								materials = { "vehicle/plane/boeing_757_v2/boeing_757.mtl", },
								mesh = "vehicle/plane/boeing_757_v2/gear_g1_rgt_lod0.msh",
								name = "gear_g1_rgt",
								transf = { -1, 0, 1.5099578831723e-07, 0, 2.2799731530911e-14, -1, 1.5099578831723e-07, 0, 1.5099578831723e-07, 1.5099578831723e-07, 1, 0, -0.0014350223354995, -3.695739030838, 3.3936836719513, 1, },
							},
						},
						name = "gear_rgt_grp",
						transf = { 1, 0, 0, 0, 0, 1, 0, 0, 0, 0, 1, 0, 0, 0, 0, 1, },
					},
					{
						animations = {
							close_doors_left = {
								params = {
									id = "vehicle/plane/boeing_757_v2/close_doors_left/d1_lft.ani",
								},
								type = "FILE_REF",
							},
							open_doors_left = {
								params = {
									id = "vehicle/plane/boeing_757_v2/open_doors_left/d1_lft.ani",
								},
								type = "FILE_REF",
							},
						},
						materials = { "vehicle/plane/boeing_757_v2/boeing_757_door.mtl", "vehicle/plane/boeing_757_v2/boeing_757.mtl", },
						mesh = "vehicle/plane/boeing_757_v2/d1_lft_lod0.msh",
						name = "d1_lft",
						transf = { 1, 0, 0, 0, 0, 1, 0, 0, 0, 0, 1, 0, 20.317554473877, 1.8393949270248, 4.3187041282654, 1, },
					},
					{
						animations = {
							close_doors_left = {
								params = {
									id = "vehicle/plane/boeing_757_v2/close_doors_left/d2_lft.ani",
								},
								type = "FILE_REF",
							},
							open_doors_left = {
								params = {
									id = "vehicle/plane/boeing_757_v2/open_doors_left/d2_lft.ani",
								},
								type = "FILE_REF",
							},
						},
						materials = { "vehicle/plane/boeing_757_v2/boeing_757_door.mtl", "vehicle/plane/boeing_757_v2/boeing_757.mtl", },
						mesh = "vehicle/plane/boeing_757_v2/d2_lft_lod0.msh",
						name = "d2_lft",
						transf = { 1, 0, 0, 0, 0, 1, 0, 0, 0, 0, 1, 0, 11.098062515259, 1.8616808652878, 4.8733320236206, 1, },
					},
					{
						materials = { "vehicle/plane/boeing_757_v2/boeing_757_door.mtl", "vehicle/plane/boeing_757_v2/boeing_757.mtl", },
						mesh = "vehicle/plane/boeing_757_v2/d3_lft_lod0.msh",
						name = "d3_lft",
						transf = { 1, 0, 0, 0, 0, 1, 0, 0, 0, 0, 1, 0, -4.8346271514893, 1.8616808652878, 4.6987943649292, 1, },
					},
					{
						animations = {
							close_doors_left = {
								params = {
									id = "vehicle/plane/boeing_757_v2/close_doors_left/d4_lft.ani",
								},
								type = "FILE_REF",
							},
							open_doors_left = {
								params = {
									id = "vehicle/plane/boeing_757_v2/open_doors_left/d4_lft.ani",
								},
								type = "FILE_REF",
							},
						},
						materials = { "vehicle/plane/boeing_757_v2/boeing_757_door.mtl", "vehicle/plane/boeing_757_v2/boeing_757.mtl", },
						mesh = "vehicle/plane/boeing_757_v2/d4_lft_lod0.msh",
						name = "d4_lft",
						transf = { 1, 0, 0, 0, 0, 1, 0, 0, 0, 0, 1, 0, -13.356534004211, 1.67016685009, 4.8976535797119, 1, },
					},
					{
						animations = {
							close_doors_right = {
								params = {
									id = "vehicle/plane/boeing_757_v2/close_doors_right/d1_rgt.ani",
								},
								type = "FILE_REF",
							},
							open_doors_right = {
								params = {
									id = "vehicle/plane/boeing_757_v2/open_doors_right/d1_rgt.ani",
								},
								type = "FILE_REF",
							},
						},
						materials = { "vehicle/plane/boeing_757_v2/boeing_757_door.mtl", "vehicle/plane/boeing_757_v2/boeing_757.mtl", },
						mesh = "vehicle/plane/boeing_757_v2/d1_rgt_lod0.msh",
						name = "d1_rgt",
						transf = { -1, 0, 1.5099578831723e-07, 0, 2.2799731530911e-14, -1, 1.5099578831723e-07, 0, 1.5099578831723e-07, 1.5099578831723e-07, 1, 0, 20.317554473877, -1.8393949270248, 4.3187041282654, 1, },
					},
					{
						animations = {
							close_doors_right = {
								params = {
									id = "vehicle/plane/boeing_757_v2/close_doors_right/d2_rgt.ani",
								},
								type = "FILE_REF",
							},
							open_doors_right = {
								params = {
									id = "vehicle/plane/boeing_757_v2/open_doors_right/d2_rgt.ani",
								},
								type = "FILE_REF",
							},
						},
						materials = { "vehicle/plane/boeing_757_v2/boeing_757_door.mtl", "vehicle/plane/boeing_757_v2/boeing_757.mtl", },
						mesh = "vehicle/plane/boeing_757_v2/d2_rgt_lod0.msh",
						name = "d2_rgt",
						transf = { -1, 0, 1.5099578831723e-07, 0, 2.2799731530911e-14, -1, 1.5099578831723e-07, 0, 1.5099578831723e-07, 1.5099578831723e-07, 1, 0, 11.098062515259, -1.8616808652878, 4.8733320236206, 1, },
					},
					{
						materials = { "vehicle/plane/boeing_757_v2/boeing_757_door.mtl", "vehicle/plane/boeing_757_v2/boeing_757.mtl", },
						mesh = "vehicle/plane/boeing_757_v2/d3_rgt_lod0.msh",
						name = "d3_rgt",
						transf = { 1, 0, 0, 0, 0, 1, 0, 0, 0, 0, 1, 0, 1.8949999809265, 0, 3.2999999523163, 1, },
					},
					{
						animations = {
							close_doors_right = {
								params = {
									id = "vehicle/plane/boeing_757_v2/close_doors_right/d4_rgt.ani",
								},
								type = "FILE_REF",
							},
							open_doors_right = {
								params = {
									id = "vehicle/plane/boeing_757_v2/open_doors_right/d4_rgt.ani",
								},
								type = "FILE_REF",
							},
						},
						materials = { "vehicle/plane/boeing_757_v2/boeing_757_door.mtl", "vehicle/plane/boeing_757_v2/boeing_757.mtl", },
						mesh = "vehicle/plane/boeing_757_v2/d4_rgt_lod0.msh",
						name = "d4_rgt",
						transf = { -1, 0, 1.5099578831723e-07, 0, 2.2799731530911e-14, -1, 1.5099578831723e-07, 0, 1.5099578831723e-07, 1.5099578831723e-07, 1, 0, -13.356534004211, -1.67016685009, 4.8976535797119, 1, },
					},
					{
						materials = { "vehicle/plane/emissive/plane_all_lights.mtl", },
						mesh = "vehicle/plane/boeing_757_v2/landinglights_lod0.msh",
						name = "landinglights",
						transf = { 1, 0, 0, 0, 0, 1, 0, 0, 0, 0, 1, 0, 0, 0, 0, 1, },
					},
					{
						materials = { "vehicle/plane/emissive/plane_all_lights.mtl", },
						mesh = "vehicle/plane/boeing_757_v2/beaconlights_lod0.msh",
						name = "beaconlights",
						transf = { 1, 0, 0, 0, 0, 1, 0, 0, 0, 0, 1, 0, 0, 0, 0, 1, },
					},
					{
						materials = { "vehicle/plane/emissive/plane_all_lights.mtl", },
						mesh = "vehicle/plane/boeing_757_v2/positionlights_lod0.msh",
						name = "positionlights",
						transf = { 1, 0, 0, 0, 0, 1, 0, 0, 0, 0, 1, 0, 0, 0, 0, 1, },
					},
					{
						materials = { "vehicle/plane/emissive/plane_strobe_light.mtl", },
						mesh = "vehicle/plane/boeing_757_v2/strobelights_lod0.msh",
						name = "strobelights",
						transf = { 1, 0, 0, 0, 0, 1, 0, 0, 0, 0, 1, 0, 0, 0, 0, 1, },
					},
					{
						materials = { "vehicle/plane/boeing_757_v2/boeing_757_interior.mtl", },
						mesh = "vehicle/plane/boeing_757_v2/interior_lod0.msh",
						name = "interior",
						transf = { 1, 0, 0, 0, 0, 1, 0, 0, 0, 0, 1, 0, 0, 0, 0, 1, },
					},
					{
						name = "comp_grp",
						transf = { 1, 0, 0, 0, 0, 1, 0, 0, 0, 0, 1, 0, 0, 0, 0, 1, },
					},
				},
				name = "RootNode",
				transf = { 1, 0, 0, 0, 0, 1, 0, 0, 0, 0, 1, 0, 0, 0, 0, 1, },
			},
			static = false,
			visibleFrom = 0,
			visibleTo = 100,
		},
		{
			node = {
				children = {
					{
						materials = { "vehicle/plane/boeing_757_v2/boeing_757_lod.mtl", "vehicle/plane/boeing_757_v2/boeing_757_additional.mtl", },
						mesh = "vehicle/plane/boeing_757_v2/body_lod1.msh",
						name = "body",
						transf = { 1, 0, 0, 0, 0, 1, 0, 0, 0, 0, 1, 0, 0, 0, 0, 1, },
					},
					{
						materials = { "vehicle/plane/boeing_757_v2/boeing_757_additional.mtl", },
						mesh = "vehicle/plane/boeing_757_v2/aileron_lft_lod1.msh",
						name = "aileron_lft",
						transf = { -0.29804787039757, 0.95176815986633, 0.072834730148315, 0, 0.015651896595955, -0.071419470012188, 0.99732351303101, 0, 0.95442253351212, 0.29839015007019, 0.0063894423656166, 0, -3.076874256134, 16.397436141968, 4.2995200157166, 1, },
					},
					{
						materials = { "vehicle/plane/boeing_757_v2/boeing_757_additional.mtl", },
						mesh = "vehicle/plane/boeing_757_v2/aileron_rgt_lod1.msh",
						name = "aileron_rgt",
						transf = { 0.29804790019989, 0.95176810026169, -0.072834730148315, 0, 0.015651900321245, 0.071419470012188, 0.99732351303101, 0, 0.95442253351212, -0.29839015007019, 0.0063894423656166, 0, -3.076874256134, -16.397436141968, 4.2995200157166, 1, },
					},
					{
						materials = { "vehicle/plane/boeing_757_v2/boeing_757_lod.mtl", },
						mesh = "vehicle/plane/boeing_757_v2/rudder_lod1.msh",
						name = "rudder",
						transf = { 0.87688165903091, -3.8950711314101e-06, 0.48070624470711, 0, 4.4360931497067e-06, 1, 1.0697975838525e-08, 0, -0.48070624470711, 2.1230766833469e-06, 0.87688165903091, 0, -19.56717300415, -2.499999709471e-06, 9.7760801315308, 1, },
					},
					{
						materials = { "vehicle/plane/boeing_757_v2/boeing_757_lod.mtl", },
						mesh = "vehicle/plane/boeing_757_v2/elevator_lft_lod1.msh",
						name = "elevator_lft",
						transf = { -0.33660861849785, 0.93484735488892, 0.11293836683035, 0, 0.014370089396834, -0.11482360959053, 0.99328196048737, 0, 0.94153499603271, 0.33597019314766, 0.025216778740287, 0, -19.980291366577, 4.2923464775085, 5.0503940582275, 1, },
					},
					{
						materials = { "vehicle/plane/boeing_757_v2/boeing_757_lod.mtl", },
						mesh = "vehicle/plane/boeing_757_v2/elevator_rgt_lod1.msh",
						name = "elevator_rgt",
						transf = { 0.33660864830017, 0.93484735488892, -0.11293836683035, 0, 0.014370093122125, 0.11482360959053, 0.99328196048737, 0, 0.94153499603271, -0.33597022294998, 0.025216778740287, 0, -19.980291366577, -4.2923464775085, 5.0503940582275, 1, },
					},
					{
						materials = { "vehicle/plane/boeing_757_v2/boeing_757_additional.mtl", },
						mesh = "vehicle/plane/boeing_757_v2/rotor1_lft_lod1.msh",
						name = "rotor1_lft",
						transf = { 1, 0, 0, 0, 0, 1, 0, 0, 0, 0, 1, 0, 6.9875378608704, 6.51243019104, 2.1190369129181, 1, },
					},
					{
						materials = { "vehicle/plane/boeing_757_v2/boeing_757_additional.mtl", },
						mesh = "vehicle/plane/boeing_757_v2/rotor1_lft_lod1.msh",
						name = "rotor1_rgt",
						transf = { 1, 0, 0, 0, 0, 1, 0, 0, 0, 0, 1, 0, 6.9875378608704, -6.51243019104, 2.1190369129181, 1, },
					},
					{
						children = {
							{
								animations = {
									flaps = {
										params = {
											id = "vehicle/plane/boeing_757_v2/flaps/flap1_lft.ani",
										},
										type = "FILE_REF",
									},
								},
								materials = { "vehicle/plane/boeing_757_v2/boeing_757_additional.mtl", },
								mesh = "vehicle/plane/boeing_757_v2/flap1_lft_lod1.msh",
								name = "flap1_lft",
								transf = { -4.3711388286738e-08, 1, 5.3531008455944e-24, 0, -1, -4.3711388286738e-08, -1.1073197927048e-31, 0, 1.2325950468584e-31, -5.3531008455944e-24, 1, 0, 0.28122451901436, 4.1630759239197, 3.0779061317444, 1, },
							},
							{
								animations = {
									flaps = {
										params = {
											id = "vehicle/plane/boeing_757_v2/flaps/flap2_lft.ani",
										},
										type = "FILE_REF",
									},
								},
								materials = { "vehicle/plane/boeing_757_v2/boeing_757_additional.mtl", },
								mesh = "vehicle/plane/boeing_757_v2/flap2_lft_lod1.msh",
								name = "flap2_lft",
