function data()
return {
	boundingInfo = {
		bbMax = { 15.992697715759, 13.961700439453, 8.1918649673462, },
		bbMin = { -17.025596618652, -13.961700439453, -0.0062405169010162, },
	},
	collider = {
		params = {
			halfExtents = { 16.509147644043, 13.961700439453, 4.0990529060364, },
		},
		transf = { 1, 0, 0, 0, 0, 1, 0, 0, 0, 0, 1, 0, 0, 0, 0, 1, },
		type = "BOX",
	},
	lods = {
		{
			node = {
				children = {
					{
						materials = { "vehicle/plane/bombardier_q400_v2/bombardier_q400.mtl", },
						mesh = "vehicle/plane/bombardier_q400_v2/body_lod0.msh",
						name = "body",
						transf = { 1, 0, 0, 0, 0, 1, 0, 0, 0, 0, 1, 0, 0, 0, 0, 1, },
					},
					{
						children = {
							{
								materials = { "vehicle/plane/bombardier_q400_v2/bombardier_q400_interior_glass.mtl", "vehicle/plane/bombardier_q400_v2/bombardier_q400_glass.mtl", },
								mesh = "vehicle/plane/bombardier_q400_v2/glass1_left_frt_lod0.msh",
								name = "glass1_left_frt",
								transf = { 1, 0, 0, 0, 0, 1, 0, 0, 0, 0, 1, 0, 13.659498214722, 0.46648699045181, 2.8909199237823, 1, },
							},
							{
								materials = { "vehicle/plane/bombardier_q400_v2/bombardier_q400_interior_glass.mtl", "vehicle/plane/bombardier_q400_v2/bombardier_q400_glass.mtl", },
								mesh = "vehicle/plane/bombardier_q400_v2/glass2_left_frt_lod0.msh",
								name = "glass2_left_frt",
								transf = { 1, 0, 0, 0, 0, 1, 0, 0, 0, 0, 1, 0, 12.98484992981, 0.98242396116257, 2.8883259296417, 1, },
							},
							{
								materials = { "vehicle/plane/bombardier_q400_v2/bombardier_q400_interior_glass.mtl", "vehicle/plane/bombardier_q400_v2/bombardier_q400_glass.mtl", },
								mesh = "vehicle/plane/bombardier_q400_v2/glass1_right_frt_lod0.msh",
								name = "glass1_right_frt",
								transf = { 1, 0, 0, 0, 0, 1, 0, 0, 0, 0, 1, 0, 13.659498214722, -0.46648699045181, 2.8909199237823, 1, },
							},
							{
								materials = { "vehicle/plane/bombardier_q400_v2/bombardier_q400_interior_glass.mtl", "vehicle/plane/bombardier_q400_v2/bombardier_q400_glass.mtl", },
								mesh = "vehicle/plane/bombardier_q400_v2/glass2_right_frt_lod0.msh",
								name = "glass2_right_frt",
								transf = { 1, 0, 0, 0, 0, 1, 0, 0, 0, 0, 1, 0, 12.98484992981, -0.98242396116257, 2.8883259296417, 1, },
							},
							{
								materials = { "vehicle/plane/bombardier_q400_v2/bombardier_q400_interior_glass.mtl", "vehicle/plane/bombardier_q400_v2/bombardier_q400_glass.mtl", },
								mesh = "vehicle/plane/bombardier_q400_v2/glass1_lft_lod0.msh",
								name = "glass1_lft",
								transf = { 1, 0, 0, 0, 0, 1, 0, 0, 0, 0, 1, 0, 9.5725002288818, 1.2891039848328, 2.5779945850372, 1, },
							},
							{
								materials = { "vehicle/plane/bombardier_q400_v2/bombardier_q400_interior_glass.mtl", "vehicle/plane/bombardier_q400_v2/bombardier_q400_glass.mtl", },
								mesh = "vehicle/plane/bombardier_q400_v2/glass2_lft_lod0.msh",
								name = "glass2_lft",
								transf = { 1, 0, 0, 0, 0, 1, 0, 0, 0, 0, 1, 0, 7.8058099746704, 1.2891039848328, 2.5779945850372, 1, },
							},
							{
								materials = { "vehicle/plane/bombardier_q400_v2/bombardier_q400_interior_glass.mtl", "vehicle/plane/bombardier_q400_v2/bombardier_q400_glass.mtl", },
								mesh = "vehicle/plane/bombardier_q400_v2/glass3_lft_lod0.msh",
								name = "glass3_lft",
								transf = { 1, 0, 0, 0, 0, 1, 0, 0, 0, 0, 1, 0, 6.3108096122742, 1.2891039848328, 2.5779945850372, 1, },
							},
							{
								materials = { "vehicle/plane/bombardier_q400_v2/bombardier_q400_interior_glass.mtl", "vehicle/plane/bombardier_q400_v2/bombardier_q400_glass.mtl", },
								mesh = "vehicle/plane/bombardier_q400_v2/glass4_lft_lod0.msh",
								name = "glass4_lft",
								transf = { 1, 0, 0, 0, 0, 1, 0, 0, 0, 0, 1, 0, 4.7958097457886, 1.2891039848328, 2.5779945850372, 1, },
							},
							{
								materials = { "vehicle/plane/bombardier_q400_v2/bombardier_q400_interior_glass.mtl", "vehicle/plane/bombardier_q400_v2/bombardier_q400_glass.mtl", },
								mesh = "vehicle/plane/bombardier_q400_v2/glass5_lft_lod0.msh",
								name = "glass5_lft",
								transf = { 1, 0, 0, 0, 0, 1, 0, 0, 0, 0, 1, 0, 3.2841203212738, 1.2891039848328, 2.5779945850372, 1, },
							},
							{
								materials = { "vehicle/plane/bombardier_q400_v2/bombardier_q400_interior_glass.mtl", "vehicle/plane/bombardier_q400_v2/bombardier_q400_glass.mtl", },
								mesh = "vehicle/plane/bombardier_q400_v2/glass6_lft_lod0.msh",
								name = "glass6_lft",
								transf = { 1, 0, 0, 0, 0, 1, 0, 0, 0, 0, 1, 0, 1.7708104848862, 1.2891039848328, 2.5779945850372, 1, },
							},
							{
								materials = { "vehicle/plane/bombardier_q400_v2/bombardier_q400_interior_glass.mtl", "vehicle/plane/bombardier_q400_v2/bombardier_q400_glass.mtl", },
								mesh = "vehicle/plane/bombardier_q400_v2/glass7_lft_lod0.msh",
								name = "glass7_lft",
								transf = { 1, 0, 0, 0, 0, 1, 0, 0, 0, 0, 1, 0, 0.2674999833107, 1.2891039848328, 2.5779945850372, 1, },
							},
							{
								materials = { "vehicle/plane/bombardier_q400_v2/bombardier_q400_interior_glass.mtl", "vehicle/plane/bombardier_q400_v2/bombardier_q400_glass.mtl", },
								mesh = "vehicle/plane/bombardier_q400_v2/glass8_lft_lod0.msh",
								name = "glass8_lft",
								transf = { 1, 0, 0, 0, 0, 1, 0, 0, 0, 0, 1, 0, -1.2608799934387, 1.2891039848328, 2.5779945850372, 1, },
							},
							{
								materials = { "vehicle/plane/bombardier_q400_v2/bombardier_q400_interior_glass.mtl", "vehicle/plane/bombardier_q400_v2/bombardier_q400_glass.mtl", },
								mesh = "vehicle/plane/bombardier_q400_v2/glass9_lft_lod0.msh",
								name = "glass9_lft",
								transf = { 1, 0, 0, 0, 0, 1, 0, 0, 0, 0, 1, 0, -2.7216899394989, 1.2891039848328, 2.5779945850372, 1, },
							},
							{
								materials = { "vehicle/plane/bombardier_q400_v2/bombardier_q400_interior_glass.mtl", "vehicle/plane/bombardier_q400_v2/bombardier_q400_glass.mtl", },
								mesh = "vehicle/plane/bombardier_q400_v2/glass10_lft_lod0.msh",
								name = "glass10_lft",
								transf = { 1, 0, 0, 0, 0, 1, 0, 0, 0, 0, 1, 0, -4.5775008201599, 1.2891039848328, 2.5779945850372, 1, },
							},
							{
								materials = { "vehicle/plane/bombardier_q400_v2/bombardier_q400_interior_glass.mtl", "vehicle/plane/bombardier_q400_v2/bombardier_q400_glass.mtl", },
								mesh = "vehicle/plane/bombardier_q400_v2/glass1_rgt_lod0.msh",
								name = "glass1_rgt",
								transf = { 1, 0, 0, 0, 0, 1, 0, 0, 0, 0, 1, 0, 9.5858106613159, -1.2891039848328, 2.5779945850372, 1, },
							},
							{
								materials = { "vehicle/plane/bombardier_q400_v2/bombardier_q400_interior_glass.mtl", "vehicle/plane/bombardier_q400_v2/bombardier_q400_glass.mtl", },
								mesh = "vehicle/plane/bombardier_q400_v2/glass2_rgt_lod0.msh",
								name = "glass2_rgt",
								transf = { 1, 0, 0, 0, 0, 1, 0, 0, 0, 0, 1, 0, 7.8249998092651, -1.2891039848328, 2.5779945850372, 1, },
							},
							{
								materials = { "vehicle/plane/bombardier_q400_v2/bombardier_q400_interior_glass.mtl", "vehicle/plane/bombardier_q400_v2/bombardier_q400_glass.mtl", },
								mesh = "vehicle/plane/bombardier_q400_v2/glass3_rgt_lod0.msh",
								name = "glass3_rgt",
								transf = { 1, 0, 0, 0, 0, 1, 0, 0, 0, 0, 1, 0, 6.3133096694946, -1.2891039848328, 2.5779945850372, 1, },
							},
							{
								materials = { "vehicle/plane/bombardier_q400_v2/bombardier_q400_interior_glass.mtl", "vehicle/plane/bombardier_q400_v2/bombardier_q400_glass.mtl", },
								mesh = "vehicle/plane/bombardier_q400_v2/glass4_rgt_lod0.msh",
								name = "glass4_rgt",
								transf = { 1, 0, 0, 0, 0, 1, 0, 0, 0, 0, 1, 0, 4.7991209030151, -1.2891039848328, 2.5779945850372, 1, },
							},
							{
								materials = { "vehicle/plane/bombardier_q400_v2/bombardier_q400_interior_glass.mtl", "vehicle/plane/bombardier_q400_v2/bombardier_q400_glass.mtl", },
								mesh = "vehicle/plane/bombardier_q400_v2/glass5_rgt_lod0.msh",
								name = "glass5_rgt",
								transf = { 1, 0, 0, 0, 0, 1, 0, 0, 0, 0, 1, 0, 3.2749998569489, -1.2891039848328, 2.5779945850372, 1, },
							},
							{
								materials = { "vehicle/plane/bombardier_q400_v2/bombardier_q400_interior_glass.mtl", "vehicle/plane/bombardier_q400_v2/bombardier_q400_glass.mtl", },
								mesh = "vehicle/plane/bombardier_q400_v2/glass6_rgt_lod0.msh",
								name = "glass6_rgt",
								transf = { 1, 0, 0, 0, 0, 1, 0, 0, 0, 0, 1, 0, 1.7483098506927, -1.2891039848328, 2.5779945850372, 1, },
							},
							{
								materials = { "vehicle/plane/bombardier_q400_v2/bombardier_q400_interior_glass.mtl", "vehicle/plane/bombardier_q400_v2/bombardier_q400_glass.mtl", },
								mesh = "vehicle/plane/bombardier_q400_v2/glass7_rgt_lod0.msh",
								name = "glass7_rgt",
								transf = { 1, 0, 0, 0, 0, 1, 0, 0, 0, 0, 1, 0, 0.25081050395966, -1.2891039848328, 2.5779945850372, 1, },
							},
							{
								materials = { "vehicle/plane/bombardier_q400_v2/bombardier_q400_interior_glass.mtl", "vehicle/plane/bombardier_q400_v2/bombardier_q400_glass.mtl", },
								mesh = "vehicle/plane/bombardier_q400_v2/glass8_rgt_lod0.msh",
								name = "glass8_rgt",
								transf = { 1, 0, 0, 0, 0, 1, 0, 0, 0, 0, 1, 0, -1.2608799934387, -1.2891039848328, 2.5779945850372, 1, },
							},
							{
								materials = { "vehicle/plane/bombardier_q400_v2/bombardier_q400_interior_glass.mtl", "vehicle/plane/bombardier_q400_v2/bombardier_q400_glass.mtl", },
								mesh = "vehicle/plane/bombardier_q400_v2/glass9_rgt_lod0.msh",
								name = "glass9_rgt",
								transf = { 1, 0, 0, 0, 0, 1, 0, 0, 0, 0, 1, 0, -2.7216899394989, -1.2891039848328, 2.5779945850372, 1, },
							},
							{
								materials = { "vehicle/plane/bombardier_q400_v2/bombardier_q400_interior_glass.mtl", "vehicle/plane/bombardier_q400_v2/bombardier_q400_glass.mtl", },
								mesh = "vehicle/plane/bombardier_q400_v2/glass10_rgt_lod0.msh",
								name = "glass10_rgt",
								transf = { 1, 0, 0, 0, 0, 1, 0, 0, 0, 0, 1, 0, -4.5575008392334, -1.2891039848328, 2.5779945850372, 1, },
							},
						},
						name = "glass_grp",
						transf = { 1, 0, 0, 0, 0, 1, 0, 0, 0, 0, 1, 0, 0, 0, 0, 1, },
					},
					{
						materials = { "vehicle/plane/bombardier_q400_v2/bombardier_q400_interior.mtl", },
						mesh = "vehicle/plane/bombardier_q400_v2/interior_lod0.msh",
						name = "interior",
						transf = { 1, 0, 0, 0, 0, 1, 0, 0, 0, 0, 1, 0, 0, 0, 0, 1, },
					},
					{
						materials = { "vehicle/plane/bombardier_q400_v2/bombardier_q400.mtl", },
						mesh = "vehicle/plane/bombardier_q400_v2/aileron_lft_lod0.msh",
						name = "aileron_lft",
						transf = { 0.0071624927222729, 0.99752086400986, 0.070004694163799, 0, -0.00050263822777197, -0.070002891123295, 0.99754667282104, 0, 0.99997425079346, -0.0071801077574492, -3.060002251587e-09, 0, -0.24627244472504, 11.920000076294, 4.1781039237976, 1, },
					},
					{
						materials = { "vehicle/plane/bombardier_q400_v2/bombardier_q400.mtl", },
						mesh = "vehicle/plane/bombardier_q400_v2/aileron_rgt_lod0.msh",
						name = "aileron_rgt",
						transf = { -0.0071624424308538, 0.99752086400986, -0.070004694163799, 0, -0.00050263467710465, 0.070002891123295, 0.99754667282104, 0, 0.99997425079346, 0.0071800574660301, -3.060002251587e-09, 0, -0.24627244472504, -11.920000076294, 4.1781039237976, 1, },
					},
					{
						materials = { "vehicle/plane/bombardier_q400_v2/bombardier_q400.mtl", },
						mesh = "vehicle/plane/bombardier_q400_v2/rudder_lod0.msh",
						name = "rudder",
						transf = { 6.1232342629258e-17, 1, 0, 0, -0.91902631521225, 5.6274136010832e-17, -0.39419597387314, 0, -0.39419597387314, 2.4137540555881e-17, 0.91902631521225, 0, -14.474737167358, 0, 4.7399997711182, 1, },
					},
					{
						materials = { "vehicle/plane/bombardier_q400_v2/bombardier_q400.mtl", },
						mesh = "vehicle/plane/bombardier_q400_v2/elevator_lod0.msh",
						name = "elevator",
						transf = { 6.1232342629258e-17, 1, 0, 0, -5.3903029534742e-15, 3.3006085215722e-31, 1, 0, 1, -6.1232342629258e-17, 5.3903029534742e-15, 0, -15.597030639648, 0, 7.7715082168579, 1, },
					},
					{
						materials = { "vehicle/plane/bombardier_q400_v2/bombardier_q400.mtl", },
						mesh = "vehicle/plane/bombardier_q400_v2/rotor1_lft_lod0.msh",
						name = "rotor1_lft",
						transf = { 1, 0, 0, 0, 0, 1, 0, 0, 0, 0, 1, 0, 4.3966746330261, 4.3441829681396, 3.3108906745911, 1, },
					},
					{
						materials = { "vehicle/plane/bombardier_q400_v2/bombardier_q400.mtl", },
						mesh = "vehicle/plane/bombardier_q400_v2/rotor1_lft_lod0.msh",
						name = "rotor1_rgt",
						transf = { 1, 0, 0, 0, -0, 0.86602538824081, 0.5, 0, 0, -0.5, 0.86602538824081, 0, 4.3966746330261, -4.3441829681396, 3.3108906745911, 1, },
					},
					{
						materials = { "vehicle/plane/bombardier_q400_v2/bombardier_q400_rotor.mtl", "vehicle/plane/bombardier_q400_v2/bombardier_q400.mtl", },
						mesh = "vehicle/plane/bombardier_q400_v2/rotor_b1_lft_lod0.msh",
						name = "rotor_b1_lft",
						transf = { 1, 0, 0, 0, 0, 1, 0, 0, 0, 0, 1, 0, 4.3966746330261, 4.3441829681396, 3.3108906745911, 1, },
					},
					{
						materials = { "vehicle/plane/bombardier_q400_v2/bombardier_q400_rotor.mtl", "vehicle/plane/bombardier_q400_v2/bombardier_q400.mtl", },
						mesh = "vehicle/plane/bombardier_q400_v2/rotor_b1_lft_lod0.msh",
						name = "rotor_b1_rgt",
						transf = { 1, 0, 0, 0, -0, 0.86602532863617, 0.49999997019768, 0, 0, -0.49999997019768, 0.86602532863617, 0, 4.3966746330261, -4.3441829681396, 3.3108906745911, 1, },
					},
					{
						children = {
							{
								animations = {
									flaps = {
										params = {
											id = "vehicle/plane/bombardier_q400_v2/flaps/flap1_loc_lft.ani",
										},
										type = "FILE_REF",
									},
								},
								children = {
									{
										materials = { "vehicle/plane/bombardier_q400_v2/bombardier_q400.mtl", },
										mesh = "vehicle/plane/bombardier_q400_v2/flap1_lft_lod0.msh",
										name = "flap1_lft",
										transf = { 1, 5.0803066642402e-08, -2.6033515621027e-11, 0, -5.0803066642402e-08, 1, -5.5346934146883e-08, 0, 2.6030701899549e-11, 5.5346934146883e-08, 1, 0, 5.6843417590259e-16, 0, -1.7763567996956e-17, 1, },
									},
								},
								name = "flap1_loc_lft",
								transf = { -9.1839837068619e-08, 0.99999970197678, 0.00065048132091761, 0, -0.00014801419456489, -0.00065048132091761, 0.99999970197678, 0, 1, -4.4406514021489e-09, 0.00014801422366872, 0, -0.11377643048763, 2.5402503013611, 3.7171647548676, 1, },
							},
							{
								animations = {
									flaps = {
										params = {
											id = "vehicle/plane/bombardier_q400_v2/flaps/flap2_loc_lft.ani",
										},
										type = "FILE_REF",
									},
								},
								children = {
									{
										children = {
											{
												materials = { "vehicle/plane/bombardier_q400_v2/bombardier_q400.mtl", },
												mesh = "vehicle/plane/bombardier_q400_v2/flap_holder1_lft_lod0.msh",
												name = "flap_holder1_lft",
												transf = { -0.025376155972481, 0.0015163673087955, -0.99967682361603, 0, -0.99789726734161, 0.059622269123793, 0.025421423837543, 0, 0.059641547501087, 0.99821984767914, 1.9464425804472e-07, 0, -7.9213194847107, -3.4150404930115, 0.23764762282372, 1, },
											},
											{
												materials = { "vehicle/plane/bombardier_q400_v2/bombardier_q400.mtl", },
												mesh = "vehicle/plane/bombardier_q400_v2/flap_holder2_lft_lod0.msh",
												name = "flap_holder2_lft",
												transf = { -0.025376155972481, 0.0015163673087955, -0.99967682361603, 0, -0.99789726734161, 0.059622269123793, 0.025421423837543, 0, 0.059641547501087, 0.99821984767914, 1.9464425804472e-07, 0, -7.9213194847107, -3.4150404930115, 0.23764762282372, 1, },
											},
										},
										materials = { "vehicle/plane/bombardier_q400_v2/bombardier_q400.mtl", },
										mesh = "vehicle/plane/bombardier_q400_v2/flap2_lft_lod0.msh",
										name = "flap2_lft",
										transf = { 1, -3.759296518524e-08, -1.2038658958602e-08, 0, 3.759296518524e-08, 1, 1.1798078958236e-07, 0, 1.203865451771e-08, -1.1798078958236e-07, 1, 0, 1.1368683518052e-15, 0, 0, 1, },
									},
								},
								name = "flap2_loc_lft",
								transf = { 0.025376211851835, 0.99789726734161, 0.05964158475399, 0, -0.0015164904762059, -0.059622298926115, 0.99821984767914, 0, 0.99967682361603, -0.025421483442187, 3.1352089990833e-07, 0, -0.041736625134945, 7.7070908546448, 3.8814010620117, 1, },
							},
						},
						name = "flap_lft_grp",
						transf = { 1, 0, 0, 0, 0, 1, 0, 0, 0, 0, 1, 0, 0, 0, 0, 1, },
					},
					{
						children = {
							{
								animations = {
									flaps = {
										params = {
											id = "vehicle/plane/bombardier_q400_v2/flaps/flap1_loc_rgt.ani",
										},
										type = "FILE_REF",
									},
								},
								children = {
									{
										materials = { "vehicle/plane/bombardier_q400_v2/bombardier_q400.mtl", },
										mesh = "vehicle/plane/bombardier_q400_v2/flap1_rgt_lod0.msh",
										name = "flap1_rgt",
										transf = { 1, -5.0796657546925e-08, -3.8798877305402e-11, 0, 5.0796657546925e-08, 1, 4.6832415279141e-08, 0, 3.8796497264793e-11, -4.6832415279141e-08, 1, 0, -5.6843417590259e-16, 1.1368683518052e-15, -1.7763567996956e-17, 1, },
									},
								},
								name = "flap1_loc_rgt",
								transf = { -1.0419251239568e-08, 0.99999970197678, -0.00065048132091761, 0, -0.00014811643632129, 0.00065048132091761, 0.99999970197678, 0, 1, 1.0676622963501e-07, 0.00014811640721746, 0, -0.11377643048763, -2.5402503013611, 3.7171647548676, 1, },
							},
							{
								animations = {
									flaps = {
										params = {
											id = "vehicle/plane/bombardier_q400_v2/flaps/flap2_loc_rgt.ani",
										},
										type = "FILE_REF",
									},
								},
								children = {
									{
										children = {
											{
												materials = { "vehicle/plane/bombardier_q400_v2/bombardier_q400.mtl", },
												mesh = "vehicle/plane/bombardier_q400_v2/flap_holder1_rgt_lod0.msh",
												name = "flap_holder1_rgt",
												transf = { -0.025376155972481, -0.0015163673087955, 0.99967682361603, 0, 0.99789726734161, 0.059622269123793, 0.025421423837543, 0, -0.059641547501087, 0.99821984767914, 1.9464425804472e-07, 0, 7.9213194847107, -3.4150404930115, 0.23764762282372, 1, },
											},
											{
												materials = { "vehicle/plane/bombardier_q400_v2/bombardier_q400.mtl", },
												mesh = "vehicle/plane/bombardier_q400_v2/flap_holder2_rgt_lod0.msh",
												name = "flap_holder2_rgt",
												transf = { -0.025376155972481, -0.0015163673087955, 0.99967682361603, 0, 0.99789726734161, 0.059622269123793, 0.025421423837543, 0, -0.059641547501087, 0.99821984767914, 1.9464425804472e-07, 0, 7.9213194847107, -3.4150404930115, 0.23764762282372, 1, },
											},
										},
										materials = { "vehicle/plane/bombardier_q400_v2/bombardier_q400.mtl", },
										mesh = "vehicle/plane/bombardier_q400_v2/flap2_rgt_lod0.msh",
										name = "flap2_rgt",
										transf = { 1, -5.00433472439e-08, -2.4885284943821e-08, 0, 5.00433472439e-08, 1, 6.0227897336063e-08, 0, 2.488527961475e-08, -6.0227897336063e-08, 1, 0, -1.1368683518052e-15, 5.6843417590259e-16, 0, 1, },
									},
								},
								name = "flap2_loc_rgt",
								transf = { -0.025376113131642, 0.99789726734161, -0.059641495347023, 0, -0.0015164267970249, 0.059622213244438, 0.99821984767914, 0, 0.99967682361603, 0.025421380996704, 2.5807301540226e-07, 0, -0.041736625134945, -7.7070908546448, 3.8814010620117, 1, },
							},
						},
						name = "flap_rgt_grp",
						transf = { 1, 0, 0, 0, 0, 1, 0, 0, 0, 0, 1, 0, 0, 0, 0, 1, },
					},
					{
						children = {
							{
								animations = {
									close_wheels = {
										params = {
											id = "vehicle/plane/bombardier_q400_v2/close_wheels/gear_d1_left_frt.ani",
										},
										type = "FILE_REF",
									},
									open_wheels = {
										params = {
											id = "vehicle/plane/bombardier_q400_v2/open_wheels/gear_d1_left_frt.ani",
										},
										type = "FILE_REF",
									},
								},
								materials = { "vehicle/plane/bombardier_q400_v2/bombardier_q400.mtl", },
								mesh = "vehicle/plane/bombardier_q400_v2/gear_d1_left_frt_lod0.msh",
								name = "gear_d1_left_frt",
								transf = { 0.98925286531448, 8.6483233019408e-08, 0.14621496200562, 0, -8.7422776573476e-08, 1, 2.0874254805844e-16, 0, -0.14621496200562, -1.2782518155063e-08, 0.98925286531448, 0, 15.085715293884, 0.30506554245949, 1.1486166715622, 1, },
							},
							{
								animations = {
									close_wheels = {
										params = {
											id = "vehicle/plane/bombardier_q400_v2/close_wheels/gear_d2_left_frt.ani",
										},
										type = "FILE_REF",
									},
									open_wheels = {
										params = {
											id = "vehicle/plane/bombardier_q400_v2/open_wheels/gear_d2_left_frt.ani",
										},
										type = "FILE_REF",
									},
								},
								materials = { "vehicle/plane/bombardier_q400_v2/bombardier_q400.mtl", },
								mesh = "vehicle/plane/bombardier_q400_v2/gear_d2_left_frt_lod0.msh",
								name = "gear_d2_left_frt",
								transf = { 0.99882531166077, -8.7320081831876e-08, 0.048455987125635, 0, -0.031146977096796, -0.76604443788528, 0.64203256368637, 0, 0.037119388580322, -0.64278763532639, -0.76514458656311, 0, 14.484612464905, 0.17641693353653, 1.0713106393814, 1, },
							},
							{
								animations = {
									close_wheels = {
										params = {
											id = "vehicle/plane/bombardier_q400_v2/close_wheels/gear_d1_right_frt.ani",
										},
										type = "FILE_REF",
									},
									open_wheels = {
										params = {
											id = "vehicle/plane/bombardier_q400_v2/open_wheels/gear_d1_right_frt.ani",
										},
										type = "FILE_REF",
									},
								},
								materials = { "vehicle/plane/bombardier_q400_v2/bombardier_q400.mtl", },
								mesh = "vehicle/plane/bombardier_q400_v2/gear_d1_right_frt_lod0.msh",
								name = "gear_d1_right_frt",
								transf = { 0.98925286531448, 7.8171181776997e-18, 0.14621496200562, 0, -7.7331064059663e-18, 1, -1.142979558862e-18, 0, -0.14621496200562, -4.4291150191458e-26, 0.98925286531448, 0, 15.085715293884, -0.30506554245949, 1.1486166715622, 1, },
							},
							{
								animations = {
									close_wheels = {
										params = {
											id = "vehicle/plane/bombardier_q400_v2/close_wheels/gear_d2_right_frt.ani",
										},
										type = "FILE_REF",
									},
									open_wheels = {
										params = {
											id = "vehicle/plane/bombardier_q400_v2/open_wheels/gear_d2_right_frt.ani",
										},
										type = "FILE_REF",
									},
								},
								materials = { "vehicle/plane/bombardier_q400_v2/bombardier_q400.mtl", },
								mesh = "vehicle/plane/bombardier_q400_v2/gear_d2_right_frt_lod0.msh",
								name = "gear_d2_right_frt",
								transf = { 0.99882531166077, -1.2143064331838e-17, 0.048455987125635, 0, 0.031146910041571, -0.76604443788528, -0.64203256368637, 0, 0.037119444459677, 0.64278763532639, -0.76514458656311, 0, 14.484612464905, -0.17641693353653, 1.0713106393814, 1, },
							},
							{
								animations = {
									close_wheels = {
										params = {
											id = "vehicle/plane/bombardier_q400_v2/close_wheels/gear1_frt.ani",
										},
										type = "FILE_REF",
									},
									open_wheels = {
										params = {
											id = "vehicle/plane/bombardier_q400_v2/open_wheels/gear1_frt.ani",
										},
										type = "FILE_REF",
									},
								},
								children = {
									{
										children = {
											{
												materials = { "vehicle/plane/bombardier_q400_v2/bombardier_q400.mtl", },
												mesh = "vehicle/plane/bombardier_q400_v2/w1_frt_lod0.msh",
												name = "w1_frt",
												transf = { 1, 0, 0, 0, 0, 1, 0, 0, 0, 0, 1, 0, -0.086297728121281, 0, -0.34585857391357, 1, },
											},
											{
												materials = { "vehicle/plane/emissive/plane_all_lights.mtl", },
												mesh = "vehicle/plane/bombardier_q400_v2/landinglights_gear_frt_lod0.msh",
												name = "landinglights_gear_frt",
												transf = { 1, 0, 0, 0, 0, 1, 0, 0, 0, 0, 1, 0, -14.303297996521, 1.2250442438244e-08, -0.97185856103897, 1, },
											},
										},
										materials = { "vehicle/plane/bombardier_q400_v2/bombardier_q400.mtl", },
										mesh = "vehicle/plane/bombardier_q400_v2/gear_w1_steering_frt_lod0.msh",
										name = "gear_w1_steering_frt",
										transf = { 1, 0, 0, 0, 0, 1, 0, 0, 0, 0, 1, 0, 9.5371899533347e-07, 2.207403149157e-08, -0.3851415514946, 1, },
									},
								},
								materials = { "vehicle/plane/bombardier_q400_v2/bombardier_q400.mtl", },
								mesh = "vehicle/plane/bombardier_q400_v2/gear1_frt_lod0.msh",
								name = "gear1_frt",
								transf = { 1, 2.4651903288157e-32, 0, 0, -2.4651903288157e-32, 1, 0, 0, 0, 0, 1, 0, 14.303297042847, -3.4324475706171e-08, 1.3570001125336, 1, },
							},
						},
						name = "gear_frt_grp",
						transf = { 1, 0, 0, 0, 0, 1, 0, 0, 0, 0, 1, 0, 0, 0, 0, 1, },
					},
					{
						children = {
							{
								animations = {
									close_wheels = {
										params = {
											id = "vehicle/plane/bombardier_q400_v2/close_wheels/gear_d1_left_lft.ani",
										},
										type = "FILE_REF",
									},
									open_wheels = {
										params = {
											id = "vehicle/plane/bombardier_q400_v2/open_wheels/gear_d1_left_lft.ani",
										},
										type = "FILE_REF",
									},
								},
								materials = { "vehicle/plane/bombardier_q400_v2/bombardier_q400.mtl", },
								mesh = "vehicle/plane/bombardier_q400_v2/gear_d1_left_lft_lod0.msh",
								name = "gear_d1_left_lft",
								transf = { -1, 1.5099578831723e-07, -1.2246468525852e-16, 0, -3.139378534911e-08, -0.20791164040565, -0.97814762592316, 0, -1.4769618417176e-07, -0.97814762592316, 0.20791164040565, 0, 1.0675001144409, 4.7750134468079, 2.3683803081512, 1, },
							},
							{
								animations = {
									close_wheels = {
										params = {
											id = "vehicle/plane/bombardier_q400_v2/close_wheels/gear_d2_left_lft.ani",
										},
										type = "FILE_REF",
									},
									open_wheels = {
										params = {
											id = "vehicle/plane/bombardier_q400_v2/open_wheels/gear_d2_left_lft.ani",
										},
										type = "FILE_REF",
									},
								},
								materials = { "vehicle/plane/bombardier_q400_v2/bombardier_q400.mtl", },
								mesh = "vehicle/plane/bombardier_q400_v2/gear_d2_left_lft_lod0.msh",
								name = "gear_d2_left_lft",
								transf = { -1, 1.5099578831723e-07, -1.2246468525852e-16, 0, -1.5099578831723e-07, -1, -1.2246468525852e-16, 0, -1.2246469849341e-16, -1.2246467202363e-16, 1, 0, -0.83000004291534, 4.8328828811646, 2.51708984375, 1, },
							},
							{
								animations = {
									close_wheels = {
										params = {
											id = "vehicle/plane/bombardier_q400_v2/close_wheels/gear_d1_right_lft.ani",
										},
										type = "FILE_REF",
									},
									open_wheels = {
										params = {
											id = "vehicle/plane/bombardier_q400_v2/open_wheels/gear_d1_right_lft.ani",
										},
										type = "FILE_REF",
									},
								},
								materials = { "vehicle/plane/bombardier_q400_v2/bombardier_q400.mtl", },
								mesh = "vehicle/plane/bombardier_q400_v2/gear_d1_right_lft_lod0.msh",
								name = "gear_d1_right_lft",
								transf = { 1, 8.7422776573476e-08, 2.4492937051703e-16, 0, -1.8176212535082e-08, 0.20791164040565, -0.97814762592316, 0, -8.5512382952402e-08, 0.97814762592316, 0.20791164040565, 0, 1.0675001144409, 3.9133567810059, 2.3683803081512, 1, },
							},
							{
								animations = {
									close_wheels = {
										params = {
											id = "vehicle/plane/bombardier_q400_v2/close_wheels/gear_d2_right_lft.ani",
										},
										type = "FILE_REF",
									},
									open_wheels = {
										params = {
											id = "vehicle/plane/bombardier_q400_v2/open_wheels/gear_d2_right_lft.ani",
										},
										type = "FILE_REF",
									},
								},
								materials = { "vehicle/plane/bombardier_q400_v2/bombardier_q400.mtl", },
								mesh = "vehicle/plane/bombardier_q400_v2/gear_d2_right_lft_lod0.msh",
								name = "gear_d2_right_lft",
								transf = { 1, 8.7422776573476e-08, 2.4492937051703e-16, 0, -8.7422776573476e-08, 1, -2.1412406537821e-23, 0, -2.4492937051703e-16, 9.0282846795696e-31, 1, 0, -0.83000004291534, 3.8554770946503, 2.51708984375, 1, },
							},
							{
								materials = { "vehicle/plane/bombardier_q400_v2/bombardier_q400.mtl", },
								mesh = "vehicle/plane/bombardier_q400_v2/gear1_lft_lod0.msh",
								name = "gear1_lft",
								transf = { 1, -8.7422776573476e-08, -1.0706201691189e-23, 0, 8.7422776573476e-08, 1, -4.6757982037009e-31, 0, 1.0706201691189e-23, -4.6838606843543e-31, 1, 0, 1.4490991830826, 4.3099999427795, 2.4278268814087, 1, },
							},
							{
								animations = {
									close_wheels = {
										params = {
											id = "vehicle/plane/bombardier_q400_v2/close_wheels/gear_rotation_loc_lft.ani",
										},
										type = "FILE_REF",
									},
									open_wheels = {
										params = {
											id = "vehicle/plane/bombardier_q400_v2/open_wheels/gear_rotation_loc_lft.ani",
										},
										type = "FILE_REF",
									},
								},
								children = {
									{
										animations = {
											close_wheels = {
												params = {
													id = "vehicle/plane/bombardier_q400_v2/close_wheels/gear2_lft.ani",
												},
												type = "FILE_REF",
											},
											open_wheels = {
												params = {
													id = "vehicle/plane/bombardier_q400_v2/open_wheels/gear2_lft.ani",
												},
												type = "FILE_REF",
											},
										},
										children = {
											{
												animations = {
													close_wheels = {
														params = {
															id = "vehicle/plane/bombardier_q400_v2/close_wheels/gear1_c1_lft.ani",
														},
														type = "FILE_REF",
													},
													open_wheels = {
														params = {
															id = "vehicle/plane/bombardier_q400_v2/open_wheels/gear1_c1_lft.ani",
														},
														type = "FILE_REF",
													},
												},
												materials = { "vehicle/plane/bombardier_q400_v2/bombardier_q400.mtl", },
												mesh = "vehicle/plane/bombardier_q400_v2/gear1_c1_lft_lod0.msh",
												name = "gear1_c1_lft",
												transf = { -0.47587352991104, -5.820289317171e-08, -0.87951374053955, 0, 9.7088779682508e-08, -1, 1.3644939400592e-08, 0, -0.87951374053955, -7.8897656408117e-08, 0.47587352991104, 0, 0.10191762447357, 5.9604698954274e-10, 0.33060392737389, 1, },
											},
											{
												materials = { "vehicle/plane/bombardier_q400_v2/bombardier_q400.mtl", },
												mesh = "vehicle/plane/bombardier_q400_v2/w2_lft_lod0.msh",
												name = "w2_lft",
												transf = { 0.9902680516243, 1.9915978639347e-16, 0.13917309045792, 0, -1.9722158972169e-16, 1, -2.7717684126129e-17, 0, -0.13917309045792, -1.401422146355e-24, 0.9902680516243, 0, -4.4267766497796e-05, -5.7220457705398e-08, -6.417002168746e-06, 1, },
											},
										},
										materials = { "vehicle/plane/bombardier_q400_v2/bombardier_q400.mtl", },
										mesh = "vehicle/plane/bombardier_q400_v2/gear2_lft_lod0.msh",
										name = "gear2_lft",
										transf = { -0.9902680516243, 8.6571979807104e-08, -0.13917309045792, 0, -8.7422776573476e-08, -1, -1.2246465878874e-16, 0, -0.13917309045792, 1.2166899487909e-08, 0.9902680516243, 0, 1.3564896583557, 5.9604698954274e-10, -1.9528266191483, 1, },
									},
								},
								name = "gear_rotation_loc_lft",
								transf = { -1, -1.5099578831723e-07, 1.2246468525852e-16, 0, 1.5099578831723e-07, -1, -1.2246468525852e-16, 0, 1.2246469849341e-16, -1.2246467202363e-16, 1, 0, 1.4490991830826, 4.3099999427795, 2.4278268814087, 1, },
							},
						},
						name = "gear_lft_grp",
						transf = { 1, 0, 0, 0, 0, 1, 0, 0, 0, 0, 1, 0, 0, 0, 0, 1, },
					},
					{
						children = {
							{
								animations = {
									close_wheels = {
										params = {
											id = "vehicle/plane/bombardier_q400_v2/close_wheels/gear_d1_left_rgt.ani",
										},
										type = "FILE_REF",
									},
									open_wheels = {
										params = {
											id = "vehicle/plane/bombardier_q400_v2/open_wheels/gear_d1_left_rgt.ani",
										},
										type = "FILE_REF",
									},
								},
								materials = { "vehicle/plane/bombardier_q400_v2/bombardier_q400.mtl", },
								mesh = "vehicle/plane/bombardier_q400_v2/gear_d1_left_rgt_lod0.msh",
								name = "gear_d1_left_rgt",
								transf = { -1, 8.7422776573476e-08, -2.5461833555521e-17, 0, -1.8176212535082e-08, -0.20791164040565, -0.97814762592316, 0, -8.5512382952402e-08, -0.97814762592316, 0.20791164040565, 0, 1.0675001144409, -3.9133567810059, 2.3683803081512, 1, },
							},
							{
								animations = {
									close_wheels = {
										params = {
											id = "vehicle/plane/bombardier_q400_v2/close_wheels/gear_d2_left_rgt.ani",
										},
										type = "FILE_REF",
									},
									open_wheels = {
										params = {
											id = "vehicle/plane/bombardier_q400_v2/open_wheels/gear_d2_left_rgt.ani",
										},
										type = "FILE_REF",
									},
								},
								materials = { "vehicle/plane/bombardier_q400_v2/bombardier_q400.mtl", },
								mesh = "vehicle/plane/bombardier_q400_v2/gear_d2_left_rgt_lod0.msh",
								name = "gear_d2_left_rgt",
								transf = { -1, 8.7422776573476e-08, -1.2246468525852e-16, 0, -8.7422776573476e-08, -1, -1.2246468525852e-16, 0, -1.2246469849341e-16, -1.2246467202363e-16, 1, 0, -0.83000004291534, -3.8554770946503, 2.51708984375, 1, },
							},
							{
								animations = {
									close_wheels = {
										params = {
											id = "vehicle/plane/bombardier_q400_v2/close_wheels/gear_d1_right_rgt.ani",
										},
										type = "FILE_REF",
									},
									open_wheels = {
										params = {
											id = "vehicle/plane/bombardier_q400_v2/open_wheels/gear_d1_right_rgt.ani",
										},
										type = "FILE_REF",
									},
								},
								materials = { "vehicle/plane/bombardier_q400_v2/bombardier_q400.mtl", },
								mesh = "vehicle/plane/bombardier_q400_v2/gear_d1_right_rgt_lod0.msh",
								name = "gear_d1_right_rgt",
								transf = { 1, 0, 0, 0, 0, 0.20791164040565, -0.97814762592316, 0, 0, 0.97814762592316, 0.20791164040565, 0, 1.0675001144409, -4.7750134468079, 2.3683803081512, 1, },
							},
							{
								animations = {
									close_wheels = {
										params = {
											id = "vehicle/plane/bombardier_q400_v2/close_wheels/gear_d2_right_rgt.ani",
										},
										type = "FILE_REF",
									},
									open_wheels = {
										params = {
											id = "vehicle/plane/bombardier_q400_v2/open_wheels/gear_d2_right_rgt.ani",
										},
										type = "FILE_REF",
									},
								},
								materials = { "vehicle/plane/bombardier_q400_v2/bombardier_q400.mtl", },
								mesh = "vehicle/plane/bombardier_q400_v2/gear_d2_right_rgt_lod0.msh",
								name = "gear_d2_right_rgt",
								transf = { 1, 0, 0, 0, 0, 1, 0, 0, 0, 0, 1, 0, -0.83000004291534, -4.8328828811646, 2.51708984375, 1, },
							},
							{
								materials = { "vehicle/plane/bombardier_q400_v2/bombardier_q400.mtl", },
								mesh = "vehicle/plane/bombardier_q400_v2/gear1_rgt_lod0.msh",
								name = "gear1_rgt",
								transf = { -1, -8.7422776573476e-08, 0, 0, 8.7422776573476e-08, -1, 0, 0, 0, 0, 1, 0, 1.4490991830826, -4.3099999427795, 2.4278268814087, 1, },
							},
							{
								animations = {
									close_wheels = {
										params = {
											id = "vehicle/plane/bombardier_q400_v2/close_wheels/gear_rotation_loc_rgt.ani",
										},
										type = "FILE_REF",
									},
									open_wheels = {
										params = {
											id = "vehicle/plane/bombardier_q400_v2/open_wheels/gear_rotation_loc_rgt.ani",
										},
										type = "FILE_REF",
									},
								},
								children = {
									{
										animations = {
											close_wheels = {
												params = {
													id = "vehicle/plane/bombardier_q400_v2/close_wheels/gear2_rgt.ani",
												},
												type = "FILE_REF",
											},
											open_wheels = {
												params = {
													id = "vehicle/plane/bombardier_q400_v2/open_wheels/gear2_rgt.ani",
												},
												type = "FILE_REF",
											},
										},
										children = {
											{
												animations = {
													close_wheels = {
														params = {
															id = "vehicle/plane/bombardier_q400_v2/close_wheels/gear1_c1_rgt.ani",
														},
														type = "FILE_REF",
													},
													open_wheels = {
														params = {
															id = "vehicle/plane/bombardier_q400_v2/open_wheels/gear1_c1_rgt.ani",
														},
														type = "FILE_REF",
													},
												},
												materials = { "vehicle/plane/bombardier_q400_v2/bombardier_q400.mtl", },
												mesh = "vehicle/plane/bombardier_q400_v2/gear1_c1_rgt_lod0.msh",
												name = "gear1_c1_rgt",
												transf = { -0.47587352991104, -5.820289317171e-08, -0.87951374053955, 0, 9.7088779682508e-08, -1, 1.3644939400592e-08, 0, -0.87951374053955, -7.8897656408117e-08, 0.47587352991104, 0, 0.10191762447357, 5.9604698954274e-10, 0.33060392737389, 1, },
											},
											{
												materials = { "vehicle/plane/bombardier_q400_v2/bombardier_q400.mtl", },
												mesh = "vehicle/plane/bombardier_q400_v2/w2_rgt_lod0.msh",
												name = "w2_rgt",
												transf = { 0.9902680516243, 0, 0.13917309045792, 0, 3.8507474716386e-26, 1, 1.0670333517031e-25, 0, -0.13917309045792, 4.5962589629854e-41, 0.9902680516243, 0, -4.4267766497796e-05, -5.7220457705398e-08, -6.417002168746e-06, 1, },
											},
										},
										materials = { "vehicle/plane/bombardier_q400_v2/bombardier_q400.mtl", },
										mesh = "vehicle/plane/bombardier_q400_v2/gear2_rgt_lod0.msh",
										name = "gear2_rgt",
										transf = { -0.9902680516243, 8.6571979807104e-08, -0.13917309045792, 0, -8.7422776573476e-08, -1, -1.2246467202363e-16, 0, -0.13917309045792, 1.2166899487909e-08, 0.9902680516243, 0, 1.3564896583557, 5.9604698954274e-10, -1.9528266191483, 1, },
									},
								},
								name = "gear_rotation_loc_rgt",
								transf = { -1, -8.7422776573476e-08, 1.2246468525852e-16, 0, 8.7422776573476e-08, -1, -1.2246468525852e-16, 0, 1.2246469849341e-16, -1.2246467202363e-16, 1, 0, 1.4490991830826, -4.3099999427795, 2.4278268814087, 1, },
							},
						},
						name = "gear_rgt_grp",
						transf = { 1, 0, 0, 0, 0, 1, 0, 0, 0, 0, 1, 0, 0, 0, 0, 1, },
					},
					{
						animations = {
							close_doors_left = {
								params = {
									id = "vehicle/plane/bombardier_q400_v2/close_doors_left/d1_lft.ani",
								},
								type = "FILE_REF",
							},
							open_doors_left = {
								params = {
									id = "vehicle/plane/bombardier_q400_v2/open_doors_left/d1_lft.ani",
								},
								type = "FILE_REF",
							},
						},
						materials = { "vehicle/plane/bombardier_q400_v2/bombardier_q400_door.mtl", "vehicle/plane/bombardier_q400_v2/bombardier_q400.mtl", },
						mesh = "vehicle/plane/bombardier_q400_v2/d1_lft_lod0.msh",
						name = "d1_lft",
						transf = { 1, 0, 0, 0, 0, 1, 0, 0, 0, 0, 1, 0, 10.997499465942, 1.1863808631897, 1.5622659921646, 1, },
					},
					{
						animations = {
							close_doors_left = {
								params = {
									id = "vehicle/plane/bombardier_q400_v2/close_doors_left/d2_lft.ani",
