function data()
return {
	boundingInfo = {
		bbMax = { 19.297700881958, 17.362239837646, 11.415580749512, },
		bbMin = { -19.371774673462, -17.362798690796, 0.040683835744858, },
	},
	collider = {
		params = {
			halfExtents = { 19.33473777771, 17.362518310547, 5.6874485015869, },
		},
		transf = { 1, 0, 0, 0, 0, 1, 0, 0, 0, 0, 1, 0, 0, 0, 0, 1, },
		type = "BOX",
	},
	lods = {
		{
			node = {
				children = {
					{
						materials = { "vehicle/plane/bombardier_cs300_v2/bombardier_cs300_additional.mtl", "vehicle/plane/bombardier_cs300_v2/bombardier_cs300.mtl", },
						mesh = "vehicle/plane/bombardier_cs300_v2/body_lod0.msh",
						name = "body",
						transf = { 1, 0, 0, 0, 0, 1, 0, 0, 0, 0, 1, 0, 0, 0, 0, 1, },
					},
					{
						children = {
							{
								materials = { "vehicle/plane/bombardier_cs300_v2/bombardier_cs300_interior_glass.mtl", "vehicle/plane/bombardier_cs300_v2/bombardier_cs300_glass.mtl", },
								mesh = "vehicle/plane/bombardier_cs300_v2/glass1_left_frt_lod0.msh",
								name = "glass1_left_frt",
								transf = { 1, 0, 0, 0, 0, 1, 0, 0, 0, 0, 1, 0, 17.604543685913, 0.50436741113663, 4.1392955780029, 1, },
							},
							{
								materials = { "vehicle/plane/bombardier_cs300_v2/bombardier_cs300_interior_glass.mtl", "vehicle/plane/bombardier_cs300_v2/bombardier_cs300_glass.mtl", },
								mesh = "vehicle/plane/bombardier_cs300_v2/glass2_left_frt_lod0.msh",
								name = "glass2_left_frt",
								transf = { 1, 0, 0, 0, 0, 1, 0, 0, 0, 0, 1, 0, 17.053102493286, 1.2010695934296, 4.1620779037476, 1, },
							},
							{
								materials = { "vehicle/plane/bombardier_cs300_v2/bombardier_cs300_interior_glass.mtl", "vehicle/plane/bombardier_cs300_v2/bombardier_cs300_glass.mtl", },
								mesh = "vehicle/plane/bombardier_cs300_v2/glass1_right_frt_lod0.msh",
								name = "glass1_right_frt",
								transf = { 1, 0, 0, 0, 0, 1, 0, 0, 0, 0, 1, 0, 17.606599807739, -0.52652448415756, 4.1392254829407, 1, },
							},
							{
								materials = { "vehicle/plane/bombardier_cs300_v2/bombardier_cs300_interior_glass.mtl", "vehicle/plane/bombardier_cs300_v2/bombardier_cs300_glass.mtl", },
								mesh = "vehicle/plane/bombardier_cs300_v2/glass2_right_frt_lod0.msh",
								name = "glass2_right_frt",
								transf = { 1, 0, 0, 0, 0, 1, 0, 0, 0, 0, 1, 0, 17.039850234985, -1.1985468864441, 4.1620779037476, 1, },
							},
							{
								materials = { "vehicle/plane/bombardier_cs300_v2/bombardier_cs300_interior_glass.mtl", "vehicle/plane/bombardier_cs300_v2/bombardier_cs300_glass.mtl", },
								mesh = "vehicle/plane/bombardier_cs300_v2/glass1_lft_lod0.msh",
								name = "glass1_lft",
								transf = { 1, 0, 0, 0, 0, 1, 0, 0, 0, 0, 1, 0, 11.088235855103, 1.7173739671707, 4.2380895614624, 1, },
							},
							{
								materials = { "vehicle/plane/bombardier_cs300_v2/bombardier_cs300_interior_glass.mtl", "vehicle/plane/bombardier_cs300_v2/bombardier_cs300_glass.mtl", },
								mesh = "vehicle/plane/bombardier_cs300_v2/glass2_lft_lod0.msh",
								name = "glass2_lft",
								transf = { 1, 0, 0, 0, 0, 1, 0, 0, 0, 0, 1, 0, 6.7366399765015, 1.7172601222992, 4.2380123138428, 1, },
							},
							{
								materials = { "vehicle/plane/bombardier_cs300_v2/bombardier_cs300_interior_glass.mtl", "vehicle/plane/bombardier_cs300_v2/bombardier_cs300_glass.mtl", },
								mesh = "vehicle/plane/bombardier_cs300_v2/glass3_lft_lod0.msh",
								name = "glass3_lft",
								transf = { 1, 0, 0, 0, 0, 1, 0, 0, 0, 0, 1, 0, 1.3499997854233, 1.7172619104385, 4.2379264831543, 1, },
							},
							{
								materials = { "vehicle/plane/bombardier_cs300_v2/bombardier_cs300_interior_glass.mtl", "vehicle/plane/bombardier_cs300_v2/bombardier_cs300_glass.mtl", },
								mesh = "vehicle/plane/bombardier_cs300_v2/glass4_lft_lod0.msh",
								name = "glass4_lft",
								transf = { 1, 0, 0, 0, 0, 1, 0, 0, 0, 0, 1, 0, -3.5599999427795, 1.7173268795013, 4.2378444671631, 1, },
							},
							{
								materials = { "vehicle/plane/bombardier_cs300_v2/bombardier_cs300_interior_glass.mtl", "vehicle/plane/bombardier_cs300_v2/bombardier_cs300_glass.mtl", },
								mesh = "vehicle/plane/bombardier_cs300_v2/glass5_lft_lod0.msh",
								name = "glass5_lft",
								transf = { 1, 0, 0, 0, 0, 1, 0, 0, 0, 0, 1, 0, -7.7084989547729, 1.7088648080826, 4.2639288902283, 1, },
							},
							{
								materials = { "vehicle/plane/bombardier_cs300_v2/bombardier_cs300_interior_glass.mtl", "vehicle/plane/bombardier_cs300_v2/bombardier_cs300_glass.mtl", },
								mesh = "vehicle/plane/bombardier_cs300_v2/glass1_rgt_lod0.msh",
								name = "glass1_rgt",
								transf = { 1, 0, 0, 0, 0, 1, 0, 0, 0, 0, 1, 0, 11.154032707214, -1.7178150415421, 4.2380905151367, 1, },
							},
							{
								materials = { "vehicle/plane/bombardier_cs300_v2/bombardier_cs300_interior_glass.mtl", "vehicle/plane/bombardier_cs300_v2/bombardier_cs300_glass.mtl", },
								mesh = "vehicle/plane/bombardier_cs300_v2/glass2_rgt_lod0.msh",
								name = "glass2_rgt",
								transf = { 1, 0, 0, 0, 0, 1, 0, 0, 0, 0, 1, 0, 6.7366399765015, -1.7178150415421, 4.2380123138428, 1, },
							},
							{
								materials = { "vehicle/plane/bombardier_cs300_v2/bombardier_cs300_interior_glass.mtl", "vehicle/plane/bombardier_cs300_v2/bombardier_cs300_glass.mtl", },
								mesh = "vehicle/plane/bombardier_cs300_v2/glass3_rgt_lod0.msh",
								name = "glass3_rgt",
								transf = { 1, 0, 0, 0, 0, 1, 0, 0, 0, 0, 1, 0, 1.3499997854233, -1.7178150415421, 4.2379274368286, 1, },
							},
							{
								materials = { "vehicle/plane/bombardier_cs300_v2/bombardier_cs300_interior_glass.mtl", "vehicle/plane/bombardier_cs300_v2/bombardier_cs300_glass.mtl", },
								mesh = "vehicle/plane/bombardier_cs300_v2/glass4_rgt_lod0.msh",
								name = "glass4_rgt",
								transf = { 1, 0, 0, 0, 0, 1, 0, 0, 0, 0, 1, 0, -3.5599999427795, -1.7178150415421, 4.2378444671631, 1, },
							},
							{
								materials = { "vehicle/plane/bombardier_cs300_v2/bombardier_cs300_interior_glass.mtl", "vehicle/plane/bombardier_cs300_v2/bombardier_cs300_glass.mtl", },
								mesh = "vehicle/plane/bombardier_cs300_v2/glass5_rgt_lod0.msh",
								name = "glass5_rgt",
								transf = { 1, 0, 0, 0, 0, 1, 0, 0, 0, 0, 1, 0, -7.7084989547729, -1.7090095281601, 4.2639288902283, 1, },
							},
						},
						name = "glass_grp",
						transf = { 1, 0, 0, 0, 0, 1, 0, 0, 0, 0, 1, 0, 0, 0, 0, 1, },
					},
					{
						materials = { "vehicle/plane/bombardier_cs300_v2/bombardier_cs300_interior.mtl", },
						mesh = "vehicle/plane/bombardier_cs300_v2/interior_lod0.msh",
						name = "interior",
						transf = { 1, 0, 0, 0, 0, 1, 0, 0, 0, 0, 1, 0, 0, 0, 0, 1, },
					},
					{
						materials = { "vehicle/plane/bombardier_cs300_v2/bombardier_cs300_additional.mtl", },
						mesh = "vehicle/plane/bombardier_cs300_v2/aileron_lft_lod0.msh",
						name = "aileron_lft",
						transf = { -0.38408201932907, 0.9137254357338, 0.13261546194553, 0, 0.0015297587960958, -0.14300221204758, 0.98972117900848, 0, 0.9232976436615, 0.38033697009087, 0.053526803851128, 0, -2.9242372512817, 13.716571807861, 4.1321377754211, 1, },
					},
					{
						materials = { "vehicle/plane/bombardier_cs300_v2/bombardier_cs300_additional.mtl", },
						mesh = "vehicle/plane/bombardier_cs300_v2/aileron_rgt_lod0.msh",
						name = "aileron_rgt",
						transf = { 0.38408201932907, 0.9137254357338, -0.13261546194553, 0, 0.0015297587960958, 0.14300221204758, 0.98972117900848, 0, 0.9232976436615, -0.38033697009087, 0.053526803851128, 0, -2.9242372512817, -13.717133522034, 4.1321377754211, 1, },
					},
					{
						materials = { "vehicle/plane/bombardier_cs300_v2/bombardier_cs300_additional.mtl", },
						mesh = "vehicle/plane/bombardier_cs300_v2/rudder_lod0.msh",
						name = "rudder",
						transf = { 0.8993849158287, 9.7886008632031e-08, 0.43715745210648, 0, -1.7484555314695e-07, 1, 1.3580336144514e-07, 0, -0.43715745210648, -1.9857453992245e-07, 0.8993849158287, 0, -16.473182678223, 0, 8.832483291626, 1, },
					},
					{
						materials = { "vehicle/plane/bombardier_cs300_v2/bombardier_cs300.mtl", },
						mesh = "vehicle/plane/bombardier_cs300_v2/elevator_lft_lod0.msh",
						name = "elevator_lft",
						transf = { -0.40623837709427, 0.90696352720261, 0.11129885911942, 0, -0.00089661113452166, -0.12219779938459, 0.99250537157059, 0, 0.91376668214798, 0.40309396386147, 0.050454627722502, 0, -16.922595977783, 3.7172884941101, 4.5249128341675, 1, },
					},
					{
						materials = { "vehicle/plane/bombardier_cs300_v2/bombardier_cs300.mtl", },
						mesh = "vehicle/plane/bombardier_cs300_v2/elevator_rgt_lod0.msh",
						name = "elevator_rgt",
						transf = { 0.40623819828033, 0.9069636464119, -0.11129885911942, 0, -0.00089662964455783, 0.12219779938459, 0.99250537157059, 0, 0.91376668214798, -0.40309381484985, 0.050454627722502, 0, -16.922595977783, -3.7178480625153, 4.5249128341675, 1, },
					},
					{
						materials = { "vehicle/plane/bombardier_cs300_v2/bombardier_cs300_additional.mtl", },
						mesh = "vehicle/plane/bombardier_cs300_v2/rotor1_lft_lod0.msh",
						name = "rotor1_lft",
						transf = { 1, 0, 0, 0, 0, 1, 0, 0, 0, 0, 1, 0, 6.4531602859497, 5.5888090133667, 1.8149789571762, 1, },
					},
					{
						materials = { "vehicle/plane/bombardier_cs300_v2/bombardier_cs300_additional.mtl", },
						mesh = "vehicle/plane/bombardier_cs300_v2/rotor1_lft_lod0.msh",
						name = "rotor1_rgt",
						transf = { 1, 0, 0, 0, 0, 1, 0, 0, 0, 0, 1, 0, 6.4531602859497, -5.5893692970276, 1.8149789571762, 1, },
					},
					{
						children = {
							{
								animations = {
									flaps = {
										params = {
											id = "vehicle/plane/bombardier_cs300_v2/flaps/flap_holder1_lft.ani",
										},
										type = "FILE_REF",
									},
								},
								materials = { "vehicle/plane/bombardier_cs300_v2/bombardier_cs300_additional.mtl", },
								mesh = "vehicle/plane/bombardier_cs300_v2/flap_holder1_lft_lod0.msh",
								name = "flap_holder1_lft",
								transf = { 0.028794983401895, -0.98583769798279, -0.16521133482456, 0, 0.0019904528744519, -0.16522300243378, 0.98625421524048, 0, -0.99958330392838, -0.02872802130878, -0.0027953297831118, 0, 0.70420271158218, 4.9087910652161, 2.5733902454376, 1, },
							},
							{
								animations = {
									flaps = {
										params = {
											id = "vehicle/plane/bombardier_cs300_v2/flaps/flap_holder2_lft.ani",
										},
										type = "FILE_REF",
									},
								},
								materials = { "vehicle/plane/bombardier_cs300_v2/bombardier_cs300_additional.mtl", },
								mesh = "vehicle/plane/bombardier_cs300_v2/flap_holder2_lft_lod0.msh",
								name = "flap_holder2_lft",
								transf = { 0.38408213853836, -0.91372531652451, -0.13261546194553, 0, 0.002153359586373, -0.14274534583092, 0.98975712060928, 0, -0.92329633235931, -0.38043358922005, -0.052858352661133, 0, -0.55643671751022, 9.072564125061, 3.2223098278046, 1, },
							},
							{
								animations = {
									flaps = {
										params = {
											id = "vehicle/plane/bombardier_cs300_v2/flaps/flap1_lft.ani",
										},
										type = "FILE_REF",
									},
								},
								materials = { "vehicle/plane/bombardier_cs300_v2/bombardier_cs300_additional.mtl", },
								mesh = "vehicle/plane/bombardier_cs300_v2/flap1_lft_lod0.msh",
								name = "flap1_lft",
								transf = { 0.028794983401895, -0.98583769798279, -0.16521133482456, 0, 0.0019904528744519, -0.16522300243378, 0.98625421524048, 0, -0.99958330392838, -0.02872802130878, -0.0027953297831118, 0, 0.70420271158218, 4.9087910652161, 2.5733902454376, 1, },
							},
							{
								animations = {
									flaps = {
										params = {
											id = "vehicle/plane/bombardier_cs300_v2/flaps/flap2_lft.ani",
										},
										type = "FILE_REF",
									},
								},
								materials = { "vehicle/plane/bombardier_cs300_v2/bombardier_cs300_additional.mtl", },
								mesh = "vehicle/plane/bombardier_cs300_v2/flap2_lft_lod0.msh",
								name = "flap2_lft",
								transf = { 0.38408213853836, -0.91372531652451, -0.13261546194553, 0, 0.002153359586373, -0.14274534583092, 0.98975712060928, 0, -0.92329633235931, -0.38043358922005, -0.052858352661133, 0, -0.55643671751022, 9.072564125061, 3.2223098278046, 1, },
							},
						},
						name = "flap_lft_grp",
						transf = { 1, 0, 0, 0, 0, 1, 0, 0, 0, 0, 1, 0, 0, 0, 0, 1, },
					},
					{
						children = {
							{
								animations = {
									flaps = {
										params = {
											id = "vehicle/plane/bombardier_cs300_v2/flaps/flap_holder1_rgt.ani",
										},
										type = "FILE_REF",
									},
								},
								materials = { "vehicle/plane/bombardier_cs300_v2/bombardier_cs300_additional.mtl", },
								mesh = "vehicle/plane/bombardier_cs300_v2/flap_holder1_rgt_lod0.msh",
								name = "flap_holder1_rgt",
								transf = { -0.028795076534152, -0.98583769798279, 0.16521133482456, 0, 0.0019904687069356, 0.16522300243378, 0.98625421524048, 0, -0.99958330392838, 0.028728114441037, -0.0027953297831118, 0, 0.70420253276825, -4.9093508720398, 2.5733902454376, 1, },
							},
							{
								animations = {
									flaps = {
										params = {
											id = "vehicle/plane/bombardier_cs300_v2/flaps/flap_holder2_rgt.ani",
										},
										type = "FILE_REF",
									},
								},
								materials = { "vehicle/plane/bombardier_cs300_v2/bombardier_cs300_additional.mtl", },
								mesh = "vehicle/plane/bombardier_cs300_v2/flap_holder2_rgt_lod0.msh",
								name = "flap_holder2_rgt",
								transf = { -0.38408204913139, -0.91372531652451, 0.13261546194553, 0, 0.0021533465478569, 0.14274534583092, 0.98975712060928, 0, -0.9232964515686, 0.38043349981308, -0.052858352661133, 0, -0.55643659830093, -9.0731248855591, 3.2223098278046, 1, },
							},
							{
								animations = {
									flaps = {
										params = {
											id = "vehicle/plane/bombardier_cs300_v2/flaps/flap1_rgt.ani",
										},
										type = "FILE_REF",
									},
								},
								materials = { "vehicle/plane/bombardier_cs300_v2/bombardier_cs300_additional.mtl", },
								mesh = "vehicle/plane/bombardier_cs300_v2/flap1_rgt_lod0.msh",
								name = "flap1_rgt",
								transf = { -0.028795076534152, -0.98583769798279, 0.16521133482456, 0, 0.0019904687069356, 0.16522300243378, 0.98625421524048, 0, -0.99958330392838, 0.028728114441037, -0.0027953297831118, 0, 0.70420253276825, -4.9093508720398, 2.5733902454376, 1, },
							},
							{
								animations = {
									flaps = {
										params = {
											id = "vehicle/plane/bombardier_cs300_v2/flaps/flap2_rgt.ani",
										},
										type = "FILE_REF",
									},
								},
								materials = { "vehicle/plane/bombardier_cs300_v2/bombardier_cs300_additional.mtl", },
								mesh = "vehicle/plane/bombardier_cs300_v2/flap2_rgt_lod0.msh",
								name = "flap2_rgt",
								transf = { -0.38408204913139, -0.91372531652451, 0.13261546194553, 0, 0.0021533465478569, 0.14274534583092, 0.98975712060928, 0, -0.9232964515686, 0.38043349981308, -0.052858352661133, 0, -0.55643659830093, -9.0731248855591, 3.2223098278046, 1, },
							},
						},
						name = "flap_rgt_grp",
						transf = { 1, 0, 0, 0, 0, 1, 0, 0, 0, 0, 1, 0, 0, 0, 0, 1, },
					},
					{
						animations = {
							close_wheels = {
								params = {
									id = "vehicle/plane/bombardier_cs300_v2/close_wheels/gear_d1_left_frt.ani",
								},
								type = "FILE_REF",
							},
							open_wheels = {
								params = {
									id = "vehicle/plane/bombardier_cs300_v2/open_wheels/gear_d1_left_frt.ani",
								},
								type = "FILE_REF",
							},
						},
						materials = { "vehicle/plane/bombardier_cs300_v2/bombardier_cs300.mtl", },
						mesh = "vehicle/plane/bombardier_cs300_v2/gear_d1_left_frt_lod0.msh",
						name = "gear_d1_left_frt",
						transf = { 0.98893874883652, 0, 0.14832425117493, 0, 0.14832425117493, -4.3711388286738e-08, -0.98893874883652, 0, 6.4834595470131e-09, 1, -4.3227888824049e-08, 0, 17.169324874878, 0.41804620623589, 1.9573565721512, 1, },
					},
					{
						animations = {
							close_wheels = {
								params = {
									id = "vehicle/plane/bombardier_cs300_v2/close_wheels/gear_d2_left_frt.ani",
								},
								type = "FILE_REF",
							},
							open_wheels = {
								params = {
									id = "vehicle/plane/bombardier_cs300_v2/open_wheels/gear_d2_left_frt.ani",
								},
								type = "FILE_REF",
							},
						},
						materials = { "vehicle/plane/bombardier_cs300_v2/bombardier_cs300.mtl", },
						mesh = "vehicle/plane/bombardier_cs300_v2/gear_d2_left_frt_lod0.msh",
						name = "gear_d2_left_frt",
						transf = { 0.9993280172348, 8.673617379884e-19, 0.036654748022556, 0, 0.010103421285748, 0.96126168966293, -0.27545216679573, 0, -0.035234805196524, 0.27563744783401, 0.96061563491821, 0, 15.977769851685, 0.41804620623589, 1.8764367103577, 1, },
					},
					{
						animations = {
							close_wheels = {
								params = {
									id = "vehicle/plane/bombardier_cs300_v2/close_wheels/gear_d1_right_frt.ani",
								},
								type = "FILE_REF",
							},
							open_wheels = {
								params = {
									id = "vehicle/plane/bombardier_cs300_v2/open_wheels/gear_d1_right_frt.ani",
								},
								type = "FILE_REF",
							},
						},
						materials = { "vehicle/plane/bombardier_cs300_v2/bombardier_cs300.mtl", },
						mesh = "vehicle/plane/bombardier_cs300_v2/gear_d1_right_frt_lod0.msh",
						name = "gear_d1_right_frt",
						transf = { 0.98893874883652, 0, 0.14832425117493, 0, -0.14832425117493, -4.3711388286738e-08, 0.98893874883652, 0, 6.4834595470131e-09, -1, -4.3227888824049e-08, 0, 17.169324874878, -0.41808009147644, 1.9573566913605, 1, },
					},
					{
						animations = {
							close_wheels = {
								params = {
									id = "vehicle/plane/bombardier_cs300_v2/close_wheels/gear_d2_right_frt.ani",
								},
								type = "FILE_REF",
							},
							open_wheels = {
								params = {
									id = "vehicle/plane/bombardier_cs300_v2/open_wheels/gear_d2_right_frt.ani",
								},
								type = "FILE_REF",
							},
						},
						materials = { "vehicle/plane/bombardier_cs300_v2/bombardier_cs300.mtl", },
						mesh = "vehicle/plane/bombardier_cs300_v2/gear_d2_right_frt_lod0.msh",
						name = "gear_d2_right_frt",
						transf = { 0.9993280172348, -8.673617379884e-19, 0.036654748022556, 0, -0.010103421285748, 0.96126168966293, 0.27545216679573, 0, -0.035234805196524, -0.27563744783401, 0.96061563491821, 0, 15.977769851685, -0.41808009147644, 1.8764367103577, 1, },
					},
					{
						animations = {
							close_wheels = {
								params = {
									id = "vehicle/plane/bombardier_cs300_v2/close_wheels/gear1_frt.ani",
								},
								type = "FILE_REF",
							},
							open_wheels = {
								params = {
									id = "vehicle/plane/bombardier_cs300_v2/open_wheels/gear1_frt.ani",
								},
								type = "FILE_REF",
							},
						},
						children = {
							{
								animations = {
									close_wheels = {
										params = {
											id = "vehicle/plane/bombardier_cs300_v2/close_wheels/gear1_c1_frt.ani",
										},
										type = "FILE_REF",
									},
									open_wheels = {
										params = {
											id = "vehicle/plane/bombardier_cs300_v2/open_wheels/gear1_c1_frt.ani",
										},
										type = "FILE_REF",
									},
								},
								children = {
									{
										animations = {
											close_wheels = {
												params = {
													id = "vehicle/plane/bombardier_cs300_v2/close_wheels/gear1_c2_frt.ani",
												},
												type = "FILE_REF",
											},
											open_wheels = {
												params = {
													id = "vehicle/plane/bombardier_cs300_v2/open_wheels/gear1_c2_frt.ani",
												},
												type = "FILE_REF",
											},
										},
										materials = { "vehicle/plane/bombardier_cs300_v2/bombardier_cs300.mtl", },
										mesh = "vehicle/plane/bombardier_cs300_v2/gear1_c2_frt_lod0.msh",
										name = "gear1_c2_frt",
										transf = { -0.95105648040771, 0, 0.30901703238487, 0, -0, 1, 0, 0, -0.30901703238487, 0, -0.95105648040771, 0, -0.54428589344025, 0, -1.1050851611571e-07, 1, },
									},
								},
								materials = { "vehicle/plane/bombardier_cs300_v2/bombardier_cs300.mtl", },
								mesh = "vehicle/plane/bombardier_cs300_v2/gear1_c1_frt_lod0.msh",
								name = "gear1_c1_frt",
								transf = { -0.21643970906734, 0, -0.97629594802856, 0, 0, 1, -0, 0, 0.97629594802856, 0, -0.21643970906734, 0, 0.16943183541298, 0, -0.94695723056793, 1, },
							},
							{
								children = {
									{
										materials = { "vehicle/plane/bombardier_cs300_v2/bombardier_cs300.mtl", },
										mesh = "vehicle/plane/bombardier_cs300_v2/w1_frt_lod0.msh",
										name = "w1_frt",
										transf = { 1, 0, 0, 0, 0, 1, 0, 0, 0, 0, 1, 0, -0.073443874716759, -4.8052348766703e-09, -0.51911574602127, 1, },
									},
								},
								materials = { "vehicle/plane/bombardier_cs300_v2/bombardier_cs300.mtl", },
								mesh = "vehicle/plane/bombardier_cs300_v2/gear_w1_steering_frt_lod0.msh",
								name = "gear_w1_steering_frt",
								transf = { 1, 0, 0, 0, 0, 1, 0, 0, 0, 0, 1, 0, 0.00054763810476288, 7.0478498592763e-09, -1.205903172493, 1, },
							},
							{
								materials = { "vehicle/plane/emissive/plane_all_lights.mtl", },
								mesh = "vehicle/plane/bombardier_cs300_v2/landinglights_gear_frt_lod0.msh",
								name = "landinglights_gear_frt",
								transf = { 1, 0, 0, 0, 0, 1, 0, 0, 0, 0, 1, 0, -13.007912635803, 0, -2.0517871379852, 1, },
							},
						},
						materials = { "vehicle/plane/bombardier_cs300_v2/bombardier_cs300.mtl", },
						mesh = "vehicle/plane/bombardier_cs300_v2/gear1_frt_lod0.msh",
						name = "gear1_frt",
						transf = { 1, 0, 0, 0, 0, 1, 0, 0, 0, 0, 1, 0, 15.934649467468, 0, 2.0851128101349, 1, },
					},
					{
						children = {
							{
								animations = {
									close_wheels = {
										params = {
											id = "vehicle/plane/bombardier_cs300_v2/close_wheels/gear_d1_lft.ani",
										},
										type = "FILE_REF",
									},
									open_wheels = {
										params = {
											id = "vehicle/plane/bombardier_cs300_v2/open_wheels/gear_d1_lft.ani",
										},
										type = "FILE_REF",
									},
								},
								children = {
									{
										animations = {
											close_wheels = {
												params = {
													id = "vehicle/plane/bombardier_cs300_v2/close_wheels/gear_d1_c1_lft.ani",
												},
												type = "FILE_REF",
											},
											open_wheels = {
												params = {
													id = "vehicle/plane/bombardier_cs300_v2/open_wheels/gear_d1_c1_lft.ani",
												},
												type = "FILE_REF",
											},
										},
										materials = { "vehicle/plane/bombardier_cs300_v2/bombardier_cs300.mtl", },
										mesh = "vehicle/plane/bombardier_cs300_v2/gear_d1_c1_lft_lod0.msh",
										name = "gear_d1_c1_lft",
										transf = { 0.994235932827, -0.076489932835102, 0.075127437710762, 0, -0.084190413355827, -0.12312932312489, 0.9888129234314, 0, -0.066383861005306, -0.98943841457367, -0.1288593262434, 0, 0.05789241194725, 0.76443982124329, -0.77122086286545, 1, },
									},
								},
								materials = { "vehicle/plane/bombardier_cs300_v2/bombardier_cs300.mtl", },
								mesh = "vehicle/plane/bombardier_cs300_v2/gear_d1_lft_lod0.msh",
								name = "gear_d1_lft",
								transf = { 0.99251341819763, -0.046122640371323, -0.113091558218, 0, -0.046019658446312, 0.71648371219635, -0.69608420133591, 0, 0.11313351243734, 0.6960774064064, 0.70899713039398, 0, 1.2025555372238, 3.1660091876984, 2.2321636676788, 1, },
							},
							{
								animations = {
									close_wheels = {
										params = {
											id = "vehicle/plane/bombardier_cs300_v2/close_wheels/gear_d2_lft.ani",
										},
										type = "FILE_REF",
									},
									open_wheels = {
										params = {
											id = "vehicle/plane/bombardier_cs300_v2/open_wheels/gear_d2_lft.ani",
										},
										type = "FILE_REF",
									},
								},
								materials = { "vehicle/plane/bombardier_cs300_v2/bombardier_cs300.mtl", },
								mesh = "vehicle/plane/bombardier_cs300_v2/gear_d2_lft_lod0.msh",
								name = "gear_d2_lft",
								transf = { -0.97425562143326, 0.18340240418911, 0.13110837340355, 0, -0.15808117389679, -0.97037172317505, 0.18272683024406, 0, 0.16073639690876, 0.15729688107967, 0.97438263893127, 0, 1.0451927185059, 3.4722573757172, 2.3214356899261, 1, },
							},
							{
								animations = {
									close_wheels = {
										params = {
											id = "vehicle/plane/bombardier_cs300_v2/close_wheels/gear_rotation_loc_lft.ani",
										},
										type = "FILE_REF",
									},
									open_wheels = {
										params = {
											id = "vehicle/plane/bombardier_cs300_v2/open_wheels/gear_rotation_loc_lft.ani",
										},
										type = "FILE_REF",
									},
								},
								children = {
									{
										animations = {
											close_wheels = {
												params = {
													id = "vehicle/plane/bombardier_cs300_v2/close_wheels/gear1_c1_front_lft.ani",
												},
												type = "FILE_REF",
											},
											open_wheels = {
												params = {
													id = "vehicle/plane/bombardier_cs300_v2/open_wheels/gear1_c1_front_lft.ani",
												},
												type = "FILE_REF",
											},
										},
										children = {
											{
												animations = {
													close_wheels = {
														params = {
															id = "vehicle/plane/bombardier_cs300_v2/close_wheels/gear1_c2_front_lft.ani",
														},
														type = "FILE_REF",
													},
													open_wheels = {
														params = {
															id = "vehicle/plane/bombardier_cs300_v2/open_wheels/gear1_c2_front_lft.ani",
														},
														type = "FILE_REF",
													},
												},
												materials = { "vehicle/plane/bombardier_cs300_v2/bombardier_cs300.mtl", },
												mesh = "vehicle/plane/bombardier_cs300_v2/gear1_c2_front_lft_lod0.msh",
												name = "gear1_c2_front_lft",
												transf = { 1, -2.7755572968651e-16, -2.2204460492503e-16, 0, 1.6653345369377e-16, 1, 1.2767563724398e-15, 0, 3.885780586188e-16, -1.110222918746e-15, 1, 0, -0.63751018047333, -5.849335025232e-07, -3.3215619055227e-07, 1, },
											},
										},
										materials = { "vehicle/plane/bombardier_cs300_v2/bombardier_cs300.mtl", },
										mesh = "vehicle/plane/bombardier_cs300_v2/gear1_c1_front_lft_lod0.msh",
										name = "gear1_c1_front_lft",
										transf = { -0.40152612328529, 0.58204531669617, -0.70710676908493, 0, -0.82313632965088, -0.56784373521805, -7.2164496600635e-16, 0, -0.40152612328529, 0.58204531669617, 0.70710676908493, 0, 0.087265253067017, -0.12287563830614, -1.0702331066132, 1, },
									},
									{
										animations = {
											close_wheels = {
												params = {
													id = "vehicle/plane/bombardier_cs300_v2/close_wheels/gear1_c1_back_lft.ani",
												},
												type = "FILE_REF",
											},
											open_wheels = {
												params = {
													id = "vehicle/plane/bombardier_cs300_v2/open_wheels/gear1_c1_back_lft.ani",
												},
												type = "FILE_REF",
											},
										},
										children = {
											{
												animations = {
													close_wheels = {
														params = {
															id = "vehicle/plane/bombardier_cs300_v2/close_wheels/gear1_c2_back_lft.ani",
														},
														type = "FILE_REF",
													},
													open_wheels = {
														params = {
															id = "vehicle/plane/bombardier_cs300_v2/open_wheels/gear1_c2_back_lft.ani",
														},
														type = "FILE_REF",
													},
												},
												materials = { "vehicle/plane/bombardier_cs300_v2/bombardier_cs300.mtl", },
												mesh = "vehicle/plane/bombardier_cs300_v2/gear1_c2_back_lft_lod0.msh",
												name = "gear1_c2_back_lft",
												transf = { 1, 2.7755572968651e-16, 4.4408920985006e-16, 0, -2.2204460492503e-16, 1, 2.7755572968651e-16, 0, -4.9960036108132e-16, -3.0531133177192e-16, 1, 0, -0.63750976324081, -2.2620272943641e-07, 9.8203123855001e-08, 1, },
											},
										},
										materials = { "vehicle/plane/bombardier_cs300_v2/bombardier_cs300.mtl", },
										mesh = "vehicle/plane/bombardier_cs300_v2/gear1_c1_back_lft_lod0.msh",
										name = "gear1_c1_back_lft",
										transf = { 0.24416269361973, 0.66361474990845, -0.70710676908493, 0, -0.93849301338196, 0.34529823064804, -3.885780586188e-16, 0, 0.24416272342205, 0.66361480951309, 0.70710676908493, 0, -0.048655271530151, -0.14389033615589, -1.0719912052155, 1, },
									},
									{
										children = {
											{
												materials = { "vehicle/plane/bombardier_cs300_v2/bombardier_cs300.mtl", },
												mesh = "vehicle/plane/bombardier_cs300_v2/w2_lft_lod0.msh",
												name = "w2_lft",
												transf = { 1, 0, 0, 0, 0, 1, 0, 0, 0, 0, 1, 0, 0, 0, 0, 1, },
											},
										},
										materials = { "vehicle/plane/bombardier_cs300_v2/bombardier_cs300.mtl", },
										mesh = "vehicle/plane/bombardier_cs300_v2/gear1_lft_lod0.msh",
										name = "gear1_lft",
										transf = { 1, 0, 0, 0, 0, 1, 0, 0, 0, 0, 1, 0, 0.00066414050525054, 1.0490417423625e-07, -1.7708393335342, 1, },
									},
								},
								name = "gear_rotation_loc_lft",
								transf = { 1, 0, 0, 0, 0, 1, 0, 0, 0, 0, 1, 0, 1.0949018001556, 3.0204000473022, 2.3469786643982, 1, },
							},
						},
						name = "gear_lft_grp",
						transf = { 1, 0, 0, 0, 0, 1, 0, 0, 0, 0, 1, 0, 0, 0, 0, 1, },
					},
					{
						children = {
							{
								animations = {
									close_wheels = {
										params = {
											id = "vehicle/plane/bombardier_cs300_v2/close_wheels/gear_d1_rgt.ani",
										},
										type = "FILE_REF",
									},
									open_wheels = {
										params = {
											id = "vehicle/plane/bombardier_cs300_v2/open_wheels/gear_d1_rgt.ani",
										},
										type = "FILE_REF",
									},
								},
								children = {
									{
										animations = {
											close_wheels = {
												params = {
													id = "vehicle/plane/bombardier_cs300_v2/close_wheels/gear_d1_c1_rgt.ani",
												},
												type = "FILE_REF",
											},
											open_wheels = {
												params = {
													id = "vehicle/plane/bombardier_cs300_v2/open_wheels/gear_d1_c1_rgt.ani",
												},
												type = "FILE_REF",
											},
										},
										materials = { "vehicle/plane/bombardier_cs300_v2/bombardier_cs300.mtl", },
										mesh = "vehicle/plane/bombardier_cs300_v2/gear_d1_c1_rgt_lod0.msh",
										name = "gear_d1_c1_rgt",
										transf = { 0.994235932827, 0.076489932835102, -0.075127437710762, 0, 0.084190413355827, -0.12312932312489, 0.9888129234314, 0, 0.066383861005306, -0.98943841457367, -0.1288593262434, 0, -0.057892382144928, 0.76443982124329, -0.77122086286545, 1, },
									},
								},
								materials = { "vehicle/plane/bombardier_cs300_v2/bombardier_cs300.mtl", },
								mesh = "vehicle/plane/bombardier_cs300_v2/gear_d1_rgt_lod0.msh",
								name = "gear_d1_rgt",
								transf = { -0.99251341819763, -0.046122539788485, 0.113091558218, 0, -0.046019729226828, -0.71648371219635, -0.69608420133591, 0, 0.11313343048096, -0.6960774064064, 0.70899713039398, 0, 1.2025555372238, -3.1660091876984, 2.2321636676788, 1, },
							},
							{
								animations = {
									close_wheels = {
										params = {
											id = "vehicle/plane/bombardier_cs300_v2/close_wheels/gear_d2_rgt.ani",
										},
										type = "FILE_REF",
									},
									open_wheels = {
										params = {
											id = "vehicle/plane/bombardier_cs300_v2/open_wheels/gear_d2_rgt.ani",
										},
										type = "FILE_REF",
									},
								},
								materials = { "vehicle/plane/bombardier_cs300_v2/bombardier_cs300.mtl", },
								mesh = "vehicle/plane/bombardier_cs300_v2/gear_d2_rgt_lod0.msh",
								name = "gear_d2_rgt",
								transf = { -0.97425562143326, -0.18340240418911, 0.13110837340355, 0, 0.15808117389679, -0.97037172317505, -0.18272683024406, 0, 0.16073639690876, -0.15729688107967, 0.97438263893127, 0, 1.0451924800873, -3.4722576141357, 2.3214356899261, 1, },
							},
							{
								animations = {
									close_wheels = {
										params = {
											id = "vehicle/plane/bombardier_cs300_v2/close_wheels/gear_rotation_loc_rgt.ani",
										},
										type = "FILE_REF",
									},
									open_wheels = {
										params = {
											id = "vehicle/plane/bombardier_cs300_v2/open_wheels/gear_rotation_loc_rgt.ani",
										},
										type = "FILE_REF",
									},
								},
								children = {
									{
										animations = {
											close_wheels = {
												params = {
													id = "vehicle/plane/bombardier_cs300_v2/close_wheels/gear1_c1_front_rgt.ani",
												},
												type = "FILE_REF",
											},
											open_wheels = {
												params = {
													id = "vehicle/plane/bombardier_cs300_v2/open_wheels/gear1_c1_front_rgt.ani",
												},
												type = "FILE_REF",
											},
										},
										children = {
											{
												animations = {
													close_wheels = {
														params = {
															id = "vehicle/plane/bombardier_cs300_v2/close_wheels/gear1_c2_front_rgt.ani",
														},
														type = "FILE_REF",
													},
													open_wheels = {
														params = {
															id = "vehicle/plane/bombardier_cs300_v2/open_wheels/gear1_c2_front_rgt.ani",
														},
														type = "FILE_REF",
													},
												},
												materials = { "vehicle/plane/bombardier_cs300_v2/bombardier_cs300.mtl", },
												mesh = "vehicle/plane/bombardier_cs300_v2/gear1_c2_front_rgt_lod0.msh",
												name = "gear1_c2_front_rgt",
												transf = { 1, 0, -5.5511151231258e-17, 0, 0, 1, 0, 0, -5.5511151231258e-17, 0, 1, 0, 0.63750970363617, 5.6843417590259e-16, 0, 1, },
											},
										},
										materials = { "vehicle/plane/bombardier_cs300_v2/bombardier_cs300.mtl", },
										mesh = "vehicle/plane/bombardier_cs300_v2/gear1_c1_front_rgt_lod0.msh",
										name = "gear1_c1_front_rgt",
										transf = { 0.40152612328529, 0.58204531669617, 0.70710676908493, 0, -0.82313632965088, 0.56784373521805, -2.7755572968651e-16, 0, -0.40152618288994, -0.58204531669617, 0.70710676908493, 0, 0.087265744805336, 0.12288457900286, -1.0702329874039, 1, },
									},
									{
										animations = {
											close_wheels = {
												params = {
													id = "vehicle/plane/bombardier_cs300_v2/close_wheels/gear1_c1_back_rgt.ani",
												},
												type = "FILE_REF",
											},
											open_wheels = {
												params = {
													id = "vehicle/plane/bombardier_cs300_v2/open_wheels/gear1_c1_back_rgt.ani",
												},
												type = "FILE_REF",
											},
										},
										children = {
											{
												animations = {
													close_wheels = {
														params = {
															id = "vehicle/plane/bombardier_cs300_v2/close_wheels/gear1_c2_back_rgt.ani",
														},
														type = "FILE_REF",
													},
													open_wheels = {
														params = {
															id = "vehicle/plane/bombardier_cs300_v2/open_wheels/gear1_c2_back_rgt.ani",
														},
														type = "FILE_REF",
													},
												},
												materials = { "vehicle/plane/bombardier_cs300_v2/bombardier_cs300.mtl", },
												mesh = "vehicle/plane/bombardier_cs300_v2/gear1_c2_back_rgt_lod0.msh",
												name = "gear1_c2_back_rgt",
												transf = { 1, 0, 2.7755572968651e-16, 0, 2.7755575615629e-17, 1, -1.1102230246252e-16, 0, 0, -5.5511151231258e-17, 1, 0, 0.63750970363617, -1.4210854397565e-16, 5.6843417590259e-16, 1, },
											},
										},
										materials = { "vehicle/plane/bombardier_cs300_v2/bombardier_cs300.mtl", },
										mesh = "vehicle/plane/bombardier_cs300_v2/gear1_c1_back_rgt_lod0.msh",
										name = "gear1_c1_back_rgt",
										transf = { -0.24416269361973, 0.66361474990845, 0.70710676908493, 0, -0.93849301338196, -0.3452981710434, -1.6653345369377e-16, 0, 0.24416269361973, -0.66361480951309, 0.70710676908493, 0, -0.048655543476343, 0.1438992023468, -1.0719912052155, 1, },
									},
									{
										children = {
											{
												materials = { "vehicle/plane/bombardier_cs300_v2/bombardier_cs300.mtl", },
												mesh = "vehicle/plane/bombardier_cs300_v2/w2_rgt_lod0.msh",
												name = "w2_rgt",
												transf = { 1, 0, 0, 0, 0, 1, 0, 0, 0, 0, 1, 0, 0, 0, 0, 1, },
											},
										},
										materials = { "vehicle/plane/bombardier_cs300_v2/bombardier_cs300.mtl", },
										mesh = "vehicle/plane/bombardier_cs300_v2/gear1_rgt_lod0.msh",
										name = "gear1_rgt",
										transf = { 1, 0, 0, 0, 0, 1, 0, 0, 0, 0, 1, 0, 0.00066414050525054, 1.0490417423625e-07, -1.7708393335342, 1, },
									},
								},
								name = "gear_rotation_loc_rgt",
								transf = { 1, 0, 0, 0, 0, 1, 0, 0, 0, 0, 1, 0, 1.0949018001556, -3.0204088687897, 2.3469786643982, 1, },
							},
						},
						name = "gear_rgt_grp",
						transf = { 1, 0, 0, 0, 0, 1, 0, 0, 0, 0, 1, 0, 0, 0, 0, 1, },
					},
					{
						animations = {
							close_doors_left = {
								params = {
									id = "vehicle/plane/bombardier_cs300_v2/close_doors_left/d1_lft.ani",
								},
								type = "FILE_REF",
							},
							open_doors_left = {
								params = {
									id = "vehicle/plane/bombardier_cs300_v2/open_doors_left/d1_lft.ani",
								},
								type = "FILE_REF",
							},
						},
						materials = { "vehicle/plane/bombardier_cs300_v2/bombardier_cs300.mtl", },
						mesh = "vehicle/plane/bombardier_cs300_v2/d1_lft_lod0.msh",
						name = "d1_lft",
						transf = { 1, 0, 0, 0, 0, 1, 0, 0, 0, 0, 1, 0, 0, 0, 0, 1, },
					},
					{
						animations = {
							close_doors_left = {
								params = {
									id = "vehicle/plane/bombardier_cs300_v2/close_doors_left/d2_lft.ani",
								},
								type = "FILE_REF",
							},
							open_doors_left = {
								params = {
									id = "vehicle/plane/bombardier_cs300_v2/open_doors_left/d2_lft.ani",
								},
								type = "FILE_REF",
							},
						},
						materials = { "vehicle/plane/bombardier_cs300_v2/bombardier_cs300.mtl", },
						mesh = "vehicle/plane/bombardier_cs300_v2/d2_lft_lod0.msh",
						name = "d2_lft",
						transf = { 1, 0, 0, 0, 0, 1, 0, 0, 0, 0, 1, 0, 0, 0, 0, 1, },
					},
					{
						animations = {
							close_doors_right = {
								params = {
									id = "vehicle/plane/bombardier_cs300_v2/close_doors_right/d1_rgt.ani",
								},
								type = "FILE_REF",
							},
							open_doors_right = {
								params = {
									id = "vehicle/plane/bombardier_cs300_v2/open_doors_right/d1_rgt.ani",
								},
								type = "FILE_REF",
							},
						},
						materials = { "vehicle/plane/bombardier_cs300_v2/bombardier_cs300.mtl", },
						mesh = "vehicle/plane/bombardier_cs300_v2/d1_rgt_lod0.msh",
						name = "d1_rgt",
						transf = { 1, 0, 0, 0, 0, 1, 0, 0, 0, 0, 1, 0, 0, 0, 0, 1, },
					},
					{
						animations = {
							close_doors_right = {
								params = {
									id = "vehicle/plane/bombardier_cs300_v2/close_doors_right/d2_rgt.ani",
								},
								type = "FILE_REF",
							},
							open_doors_right = {
								params = {
									id = "vehicle/plane/bombardier_cs300_v2/open_doors_right/d2_rgt.ani",
								},
								type = "FILE_REF",
							},
						},
						materials = { "vehicle/plane/bombardier_cs300_v2/bombardier_cs300.mtl", },
