function data()
return {
	boundingInfo = {
		bbMax = { 21.430000305176, 21.517381668091, 11.07403755188, },
		bbMin = { -19.896896362305, -21.517381668091, -0.025000095367432, },
	},
	collider = {
		params = {
			halfExtents = { 20.66344833374, 21.517381668091, 5.5495185852051, },
		},
		transf = { 1, 0, 0, 0, 0, 1, 0, 0, 0, 0, 1, 0, 0, 0, 0, 1, },
		type = "BOX",
	},
	lods = {
		{
			node = {
				children = {
					{
						materials = { "vehicle/plane/canadair_cl_44_v2/canadair_cl44_main.mtl", "vehicle/plane/canadair_cl_44_v2/canadair_cl44_additional.mtl", },
						mesh = "vehicle/plane/canadair_cl_44_v2/body_lod0.msh",
						name = "body",
						transf = { 1, 0, -9.6543049812607e-33, 0, 0, 1, 0, 0, 9.6543049812607e-33, 0, 1, 0, 0, 0, 0, 1, },
					},
					{
						children = {
							{
								materials = { "vehicle/plane/canadair_cl_44_v2/canadair_cl44_additional_glass.mtl", "vehicle/plane/canadair_cl_44_v2/canadair_cl44_interior_glass.mtl", },
								mesh = "vehicle/plane/canadair_cl_44_v2/glass1_left_frt_lod0.msh",
								name = "glass1_left_frt",
								transf = { 1, 0, 0, 0, 0, 1, 0, 0, 0, 0, 1, 0, 18.589900970459, 0.4611214697361, 4.532130241394, 1, },
							},
							{
								materials = { "vehicle/plane/canadair_cl_44_v2/canadair_cl44_additional_glass.mtl", "vehicle/plane/canadair_cl_44_v2/canadair_cl44_interior_glass.mtl", },
								mesh = "vehicle/plane/canadair_cl_44_v2/glass2_left_frt_lod0.msh",
								name = "glass2_left_frt",
								transf = { 1, 0, 0, 0, 0, 1, 0, 0, 0, 0, 1, 0, 18.41588973999, 0.94675046205521, 4.532130241394, 1, },
							},
							{
								materials = { "vehicle/plane/canadair_cl_44_v2/canadair_cl44_interior_glass.mtl", "vehicle/plane/canadair_cl_44_v2/canadair_cl44_additional_glass.mtl", },
								mesh = "vehicle/plane/canadair_cl_44_v2/glass3_left_frt_lod0.msh",
								name = "glass3_left_frt",
								transf = { 1, 0, 0, 0, 0, 1, 0, 0, 0, 0, 1, 0, 17.824298858643, 1.0770683288574, 4.5320949554443, 1, },
							},
							{
								materials = { "vehicle/plane/canadair_cl_44_v2/canadair_cl44_interior_glass.mtl", "vehicle/plane/canadair_cl_44_v2/canadair_cl44_additional_glass.mtl", },
								mesh = "vehicle/plane/canadair_cl_44_v2/glass1_right_frt_lod0.msh",
								name = "glass1_right_frt",
								transf = { 1, 0, 0, 0, 0, 1, 0, 0, 0, 0, 1, 0, 18.58715057373, -0.46112251281738, 4.532130241394, 1, },
							},
							{
								materials = { "vehicle/plane/canadair_cl_44_v2/canadair_cl44_interior_glass.mtl", "vehicle/plane/canadair_cl_44_v2/canadair_cl44_additional_glass.mtl", },
								mesh = "vehicle/plane/canadair_cl_44_v2/glass2_right_frt_lod0.msh",
								name = "glass2_right_frt",
								transf = { 1, 0, 0, 0, 0, 1, 0, 0, 0, 0, 1, 0, 18.411266326904, -0.94675046205521, 4.532130241394, 1, },
							},
							{
								materials = { "vehicle/plane/canadair_cl_44_v2/canadair_cl44_interior_glass.mtl", "vehicle/plane/canadair_cl_44_v2/canadair_cl44_additional_glass.mtl", },
								mesh = "vehicle/plane/canadair_cl_44_v2/glass3_right_frt_lod0.msh",
								name = "glass3_right_frt",
								transf = { 1, 0, 0, 0, 0, 1, 0, 0, 0, 0, 1, 0, 17.824298858643, -1.0767471790314, 4.5320949554443, 1, },
							},
							{
								materials = { "vehicle/plane/canadair_cl_44_v2/canadair_cl44_interior_glass.mtl", "vehicle/plane/canadair_cl_44_v2/canadair_cl44_additional_glass.mtl", },
								mesh = "vehicle/plane/canadair_cl_44_v2/glass1_center_frt_lod0.msh",
								name = "glass1_center_frt",
								transf = { 1, 0, 0, 0, 0, 1, 0, 0, 0, 0, 1, 0, 18.669948577881, -9.9837779998779e-07, 4.532130241394, 1, },
							},
							{
								materials = { "vehicle/plane/canadair_cl_44_v2/canadair_cl44_additional_glass.mtl", },
								mesh = "vehicle/plane/canadair_cl_44_v2/glass_rgt_lod0.msh",
								name = "glass_rgt",
								transf = { 1, 0, 0, 0, 0, 1, 0, 0, 0, 0, 1, 0, 14.629998207092, -1.5083739757538, 4.3789939880371, 1, },
							},
							{
								materials = { "vehicle/plane/canadair_cl_44_v2/canadair_cl44_additional_glass.mtl", },
								mesh = "vehicle/plane/canadair_cl_44_v2/glass_lft_lod0.msh",
								name = "glass_lft",
								transf = { 1, 0, 0, 0, 0, 1, 0, 0, 0, 0, 1, 0, 14.629998207092, 1.5083779096603, 4.3789939880371, 1, },
							},
						},
						name = "glass_grp",
						transf = { 1, 0, 0, 0, 0, 1, 0, 0, 0, 0, 1, 0, 0, 0, 0, 1, },
					},
					{
						materials = { "vehicle/plane/canadair_cl_44_v2/canadair_cl44_interior.mtl", },
						mesh = "vehicle/plane/canadair_cl_44_v2/interior_lod0.msh",
						name = "interior",
						transf = { 1, 0, 0, 0, 0, 1, 0, 0, 0, 0, 1, 0, 0, 0, 0, 1, },
					},
					{
						materials = { "vehicle/plane/canadair_cl_44_v2/canadair_cl44_main.mtl", },
						mesh = "vehicle/plane/canadair_cl_44_v2/aileron_lft_lod0.msh",
						name = "aileron_lft",
						transf = { -0.017398551106453, 0.99676549434662, 0.078459098935127, 0, -0.9998477101326, -0.017452351748943, 5.1324870883955e-16, 0, 0.0013692957581952, -0.07844714820385, 0.99691730737686, 0, 0.75973576307297, 17.409999847412, 3.20853972435, 1, },
					},
					{
						materials = { "vehicle/plane/canadair_cl_44_v2/canadair_cl44_main.mtl", },
						mesh = "vehicle/plane/canadair_cl_44_v2/aileron_rgt_lod0.msh",
						name = "aileron_rgt",
						transf = { 0.01745636574924, 0.99741107225418, -0.069759771227837, 0, -0.99984753131866, 0.017445703968406, -0.00076213222928345, 0, 0.00045684911310673, 0.06976243108511, 0.99756354093552, 0, 0.75973576307297, -17.409999847412, 3.20853972435, 1, },
					},
					{
						materials = { "vehicle/plane/canadair_cl_44_v2/canadair_cl44_main.mtl", },
						mesh = "vehicle/plane/canadair_cl_44_v2/rotor_1_lft_lod0.msh",
						name = "rotor_1_lft",
						transf = { 1, 0, 0, 0, 0, 0.96592575311661, 0.25881904363632, 0, 0, -0.25881904363632, 0.96592575311661, 0, 8.2039995193481, 4.6268997192383, 3.0599999427795, 1, },
					},
					{
						materials = { "vehicle/plane/canadair_cl_44_v2/canadair_cl44_main.mtl", },
						mesh = "vehicle/plane/canadair_cl_44_v2/rotor_1_lft_lod0.msh",
						name = "rotor_2_lft",
						transf = { 1, 0, 0, 0, 0, 0.68199837207794, 0.73135370016098, 0, 0, -0.73135370016098, 0.68199837207794, 0, 7.4539999961853, 9.5268993377686, 3.2800002098083, 1, },
					},
					{
						materials = { "vehicle/plane/canadair_cl_44_v2/canadair_cl44_main.mtl", },
						mesh = "vehicle/plane/canadair_cl_44_v2/rotor_1_lft_lod0.msh",
						name = "rotor_1_rgt",
						transf = { 1, 0, 0, 0, 0, 0.96592575311661, 0.25881904363632, 0, 0, -0.25881904363632, 0.96592575311661, 0, 8.2039995193481, -4.6268997192383, 3.0599999427795, 1, },
					},
					{
						materials = { "vehicle/plane/canadair_cl_44_v2/canadair_cl44_main.mtl", },
						mesh = "vehicle/plane/canadair_cl_44_v2/rotor_1_lft_lod0.msh",
						name = "rotor_2_rgt",
						transf = { 1, 0, 0, 0, 0, 0.82903754711151, 0.55919289588928, 0, 0, -0.55919289588928, 0.82903754711151, 0, 7.4539999961853, -9.5268993377686, 3.2800002098083, 1, },
					},
					{
						materials = { "vehicle/plane/canadair_cl_44_v2/canadair_cl44_main.mtl", "vehicle/plane/canadair_cl_44_v2/canadair_cl44_propeller.mtl", },
						mesh = "vehicle/plane/canadair_cl_44_v2/rotor_b1_lft_lod0.msh",
						name = "rotor_b1_lft",
						transf = { 1, 0, 0, 0, 0, 0.96592575311661, 0.25881904363632, 0, 0, -0.25881904363632, 0.96592575311661, 0, 8.2039995193481, 4.6268997192383, 3.0599999427795, 1, },
					},
					{
						materials = { "vehicle/plane/canadair_cl_44_v2/canadair_cl44_main.mtl", "vehicle/plane/canadair_cl_44_v2/canadair_cl44_propeller.mtl", },
						mesh = "vehicle/plane/canadair_cl_44_v2/rotor_b1_lft_lod0.msh",
						name = "rotor_b2_lft",
						transf = { 1, 0, 0, 0, 0, 0.68199837207794, 0.73135370016098, 0, 0, -0.73135370016098, 0.68199837207794, 0, 7.4539999961853, 9.5268993377686, 3.2800002098083, 1, },
					},
					{
						materials = { "vehicle/plane/canadair_cl_44_v2/canadair_cl44_main.mtl", "vehicle/plane/canadair_cl_44_v2/canadair_cl44_propeller.mtl", },
						mesh = "vehicle/plane/canadair_cl_44_v2/rotor_b1_lft_lod0.msh",
						name = "rotor_b1_rgt",
						transf = { 1, 0, 0, 0, 0, 0.96592575311661, 0.25881904363632, 0, 0, -0.25881904363632, 0.96592575311661, 0, 8.2039995193481, -4.6268997192383, 3.0599999427795, 1, },
					},
					{
						materials = { "vehicle/plane/canadair_cl_44_v2/canadair_cl44_main.mtl", "vehicle/plane/canadair_cl_44_v2/canadair_cl44_propeller.mtl", },
						mesh = "vehicle/plane/canadair_cl_44_v2/rotor_b1_lft_lod0.msh",
						name = "rotor_b2_rgt",
						transf = { 1, 0, 0, 0, 0, 0.82903754711151, 0.55919289588928, 0, 0, -0.55919289588928, 0.82903754711151, 0, 7.4539999961853, -9.5268993377686, 3.2800002098083, 1, },
					},
					{
						animations = {
							flaps = {
								params = {
									id = "vehicle/plane/canadair_cl_44_v2/flaps/flap1_lft.ani",
								},
								type = "FILE_REF",
							},
						},
						materials = { "vehicle/plane/canadair_cl_44_v2/canadair_cl44_main.mtl", },
						mesh = "vehicle/plane/canadair_cl_44_v2/flap1_lft_lod0.msh",
						name = "flap1_lft",
						transf = { 0.0145691530779, 0.99781435728073, 0.064452350139618, 0, 0.067712396383286, -0.065295778214931, 0.99556583166122, 0, 0.99759846925735, -0.010140328668058, -0.068515710532665, 0, 0.32585918903351, 2.92271900177, 2.2228071689606, 1, },
					},
					{
						animations = {
							flaps = {
								params = {
									id = "vehicle/plane/canadair_cl_44_v2/flaps/flap2_lft.ani",
								},
								type = "FILE_REF",
							},
						},
						materials = { "vehicle/plane/canadair_cl_44_v2/canadair_cl44_main.mtl", },
						mesh = "vehicle/plane/canadair_cl_44_v2/flap2_lft_lod0.msh",
						name = "flap2_lft",
						transf = { 0.014866935089231, 0.99744910001755, 0.069815717637539, 0, 0.057068422436714, -0.070556066930294, 0.99587392807007, 0, 0.99825954437256, -0.010821322910488, -0.057971797883511, 0, 0.42370921373367, 9.5232028961182, 2.6641159057617, 1, },
					},
					{
						animations = {
							flaps = {
								params = {
									id = "vehicle/plane/canadair_cl_44_v2/flaps/flap1_rgt.ani",
								},
								type = "FILE_REF",
							},
						},
						materials = { "vehicle/plane/canadair_cl_44_v2/canadair_cl44_main.mtl", },
						mesh = "vehicle/plane/canadair_cl_44_v2/flap1_rgt_lod0.msh",
						name = "flap1_rgt",
						transf = { -0.014569181017578, 0.99781435728073, -0.064452342689037, 0, 0.067712262272835, 0.065295778214931, 0.99556595087051, 0, 0.99759846925735, 0.010140366852283, -0.068515576422215, 0, 0.32585918903351, -2.92271900177, 2.2228071689606, 1, },
					},
					{
						animations = {
							flaps = {
								params = {
									id = "vehicle/plane/canadair_cl_44_v2/flaps/flap2_rgt.ani",
								},
								type = "FILE_REF",
							},
						},
						materials = { "vehicle/plane/canadair_cl_44_v2/canadair_cl44_main.mtl", },
						mesh = "vehicle/plane/canadair_cl_44_v2/flap2_rgt_lod0.msh",
						name = "flap2_rgt",
						transf = { -0.014866966754198, 0.99744910001755, -0.069815702736378, 0, 0.05706849694252, 0.070556066930294, 0.99587392807007, 0, 0.99825954437256, 0.010821348056197, -0.057971872389317, 0, 0.42370921373367, -9.5232028961182, 2.6641159057617, 1, },
					},
					{
						children = {
							{
								animations = {
									close_wheels = {
										params = {
											id = "vehicle/plane/canadair_cl_44_v2/close_wheels/gear_d1_left_frt.ani",
										},
										type = "FILE_REF",
									},
									open_wheels = {
										params = {
											id = "vehicle/plane/canadair_cl_44_v2/open_wheels/gear_d1_left_frt.ani",
										},
										type = "FILE_REF",
									},
								},
								materials = { "vehicle/plane/canadair_cl_44_v2/canadair_cl44_additional.mtl", },
								mesh = "vehicle/plane/canadair_cl_44_v2/gear_d1_left_frt_lod0.msh",
								name = "gear_d1_left_frt",
								transf = { 0.98787581920624, 5.2996140809114e-10, 0.15524564683437, 0, 0.15524564683437, -6.78600287074e-09, -0.98787581920624, 0, 5.2996140809114e-10, 1, -6.78600287074e-09, 0, 18.680000305176, 0.44999998807907, 2.1322166919708, 1, },
							},
							{
								animations = {
									close_wheels = {
										params = {
											id = "vehicle/plane/canadair_cl_44_v2/close_wheels/gear_d1_right_frt.ani",
										},
										type = "FILE_REF",
									},
									open_wheels = {
										params = {
											id = "vehicle/plane/canadair_cl_44_v2/open_wheels/gear_d1_right_frt.ani",
										},
										type = "FILE_REF",
									},
								},
								materials = { "vehicle/plane/canadair_cl_44_v2/canadair_cl44_additional.mtl", },
								mesh = "vehicle/plane/canadair_cl_44_v2/gear_d1_right_frt_lod0.msh",
								name = "gear_d1_right_frt",
								transf = { -0.98787581920624, -3.0871166956103e-08, -0.15524564683437, 0, 0.15524564683437, 1.1720720394237e-08, -0.98787581920624, 0, 3.2316471276772e-08, -1, -6.78600287074e-09, 0, 18.680000305176, -0.44999998807907, 2.1322166919708, 1, },
							},
							{
								animations = {
									close_wheels = {
										params = {
											id = "vehicle/plane/canadair_cl_44_v2/close_wheels/gear_d2_left_frt.ani",
										},
										type = "FILE_REF",
									},
									open_wheels = {
										params = {
											id = "vehicle/plane/canadair_cl_44_v2/open_wheels/gear_d2_left_frt.ani",
										},
										type = "FILE_REF",
									},
								},
								materials = { "vehicle/plane/canadair_cl_44_v2/canadair_cl44_additional.mtl", },
								mesh = "vehicle/plane/canadair_cl_44_v2/gear_d2_left_frt_lod0.msh",
								name = "gear_d2_left_frt",
								transf = { 0.9905886054039, -2.8421418107882e-08, 0.13687297701836, 0, 0.016067814081907, 0.99308562278748, -0.11628712713718, 0, -0.13592658936977, 0.11739195138216, 0.98373925685883, 0, 17.753330230713, 0.44999998807907, 2.0041756629944, 1, },
							},
							{
								animations = {
									close_wheels = {
										params = {
											id = "vehicle/plane/canadair_cl_44_v2/close_wheels/gear_d2_right_frt.ani",
										},
										type = "FILE_REF",
									},
									open_wheels = {
										params = {
											id = "vehicle/plane/canadair_cl_44_v2/open_wheels/gear_d2_right_frt.ani",
										},
										type = "FILE_REF",
									},
								},
								materials = { "vehicle/plane/canadair_cl_44_v2/canadair_cl44_additional.mtl", },
								mesh = "vehicle/plane/canadair_cl_44_v2/gear_d2_right_frt_lod0.msh",
								name = "gear_d2_right_frt",
								transf = { -0.9905886054039, -3.3592954196138e-08, -0.1368729621172, 0, 0.016067821532488, -0.99308562278748, -0.11628714948893, 0, -0.13592657446861, -0.1173919737339, 0.98373925685883, 0, 17.753330230713, -0.45000001788139, 2.0041756629944, 1, },
							},
							{
								animations = {
									close_wheels = {
										params = {
											id = "vehicle/plane/canadair_cl_44_v2/close_wheels/gear_g1_frt.ani",
										},
										type = "FILE_REF",
									},
									open_wheels = {
										params = {
											id = "vehicle/plane/canadair_cl_44_v2/open_wheels/gear_g1_frt.ani",
										},
										type = "FILE_REF",
									},
								},
								children = {
									{
										animations = {
											close_wheels = {
												params = {
													id = "vehicle/plane/canadair_cl_44_v2/close_wheels/gear_c1_frt.ani",
												},
												type = "FILE_REF",
											},
											open_wheels = {
												params = {
													id = "vehicle/plane/canadair_cl_44_v2/open_wheels/gear_c1_frt.ani",
												},
												type = "FILE_REF",
											},
										},
										materials = { "vehicle/plane/canadair_cl_44_v2/canadair_cl44_main.mtl", },
										mesh = "vehicle/plane/canadair_cl_44_v2/gear_c1_frt_lod0.msh",
										name = "gear_c1_frt",
										transf = { -4.3711388286738e-08, 1, 3.9880627262448e-17, 0, -0.90777742862701, -3.9680216445959e-08, 0.4194521009922, 0, 0.4194521009922, 1.8334834095413e-08, 0.90777742862701, 0, 0.075902938842773, 2.1441249396314e-17, -0.94323086738586, 1, },
									},
									{
										children = {
											{
												materials = { "vehicle/plane/canadair_cl_44_v2/canadair_cl44_main.mtl", },
												mesh = "vehicle/plane/canadair_cl_44_v2/w1_frt_lod0.msh",
												name = "w1_frt",
												transf = { 1, -4.3711384734024e-08, 4.3711388286738e-08, 0, 4.3711388286738e-08, 1, -4.3711388286738e-08, 0, -4.3711388286738e-08, 4.3711388286738e-08, 1, 0, -0.13999843597412, 8.7973335283209e-09, -0.73825001716614, 1, },
											},
										},
										materials = { "vehicle/plane/canadair_cl_44_v2/canadair_cl44_main.mtl", },
										mesh = "vehicle/plane/canadair_cl_44_v2/gear_w1_steering_frt_lod0.msh",
										name = "gear_w1_steering_frt",
										transf = { 1, 9.4032411652734e-06, -1.2826370045552e-14, 0, -9.4032411652734e-06, 1, 1.6698788686998e-16, 0, 1.2826370892585e-14, -1.6686726408433e-16, 1, 0, -6.821210110831e-15, -2.0328790279719e-22, -1.0800000429153, 1, },
									},
								},
								materials = { "vehicle/plane/canadair_cl_44_v2/canadair_cl44_main.mtl", },
								mesh = "vehicle/plane/canadair_cl_44_v2/gear_g1_frt_lod0.msh",
								name = "gear_g1_frt",
								transf = { 1, -1.1924880638503e-08, 0, 0, 1.1924880638503e-08, 1, 7.5497894158616e-08, 0, -9.0030348458183e-16, -7.5497894158616e-08, 1, 0, 17.629999160767, 0, 2.2382500171661, 1, },
							},
						},
						name = "gear_frt_grp",
						transf = { 1, 0, 0, 0, 0, 1, 0, 0, 0, 0, 1, 0, 0, 0, 0, 1, },
					},
					{
						children = {
							{
								animations = {
									close_wheels = {
										params = {
											id = "vehicle/plane/canadair_cl_44_v2/close_wheels/gear_d1_left_lft.ani",
										},
										type = "FILE_REF",
									},
									open_wheels = {
										params = {
											id = "vehicle/plane/canadair_cl_44_v2/open_wheels/gear_d1_left_lft.ani",
										},
										type = "FILE_REF",
									},
								},
								materials = { "vehicle/plane/canadair_cl_44_v2/canadair_cl44_main.mtl", },
								mesh = "vehicle/plane/canadair_cl_44_v2/gear_d1_left_lft_lod0.msh",
								name = "gear_d1_left_lft",
								transf = { -0.99904471635818, -8.7339266485742e-08, -0.043697893619537, 0, 0.043353334069252, -0.12533320486546, -0.99116694927216, 0, -0.0054767108522356, -0.99211466312408, 0.12521348893642, 0, 3.4976835250854, 4.7595019340515, 1.7634861469269, 1, },
							},
							{
								animations = {
									close_wheels = {
										params = {
											id = "vehicle/plane/canadair_cl_44_v2/close_wheels/gear_d1_right_lft.ani",
										},
										type = "FILE_REF",
									},
									open_wheels = {
										params = {
											id = "vehicle/plane/canadair_cl_44_v2/open_wheels/gear_d1_right_lft.ani",
										},
										type = "FILE_REF",
									},
								},
								materials = { "vehicle/plane/canadair_cl_44_v2/canadair_cl44_main.mtl", },
								mesh = "vehicle/plane/canadair_cl_44_v2/gear_d1_right_lft_lod0.msh",
								name = "gear_d1_right_lft",
								transf = { 0.99904471635818, -8.7339266485742e-08, 0.043697953224182, 0, 0.043353393673897, 0.12533323466778, -0.99116694927216, 0, -0.0054767196998, 0.99211466312408, 0.12521351873875, 0, 3.4976835250854, 4.4943022727966, 1.7634861469269, 1, },
							},
							{
								animations = {
									close_wheels = {
										params = {
											id = "vehicle/plane/canadair_cl_44_v2/close_wheels/gear_d2_left_lft.ani",
										},
										type = "FILE_REF",
									},
									open_wheels = {
										params = {
											id = "vehicle/plane/canadair_cl_44_v2/open_wheels/gear_d2_left_lft.ani",
										},
										type = "FILE_REF",
									},
								},
								materials = { "vehicle/plane/canadair_cl_44_v2/canadair_cl44_main.mtl", },
								mesh = "vehicle/plane/canadair_cl_44_v2/gear_d2_left_lft_lod0.msh",
								name = "gear_d2_left_lft",
								transf = { 1, 0, 0, 0, 0, 0.27563735842705, 0.96126168966293, 0, 0, -0.96126168966293, 0.27563735842705, 0, 2.3599998950958, 5.1970000267029, 1.8899999856949, 1, },
							},
							{
								animations = {
									close_wheels = {
										params = {
											id = "vehicle/plane/canadair_cl_44_v2/close_wheels/gear_d2_right_lft.ani",
										},
										type = "FILE_REF",
									},
									open_wheels = {
										params = {
											id = "vehicle/plane/canadair_cl_44_v2/open_wheels/gear_d2_right_lft.ani",
										},
										type = "FILE_REF",
									},
								},
								materials = { "vehicle/plane/canadair_cl_44_v2/canadair_cl44_main.mtl", },
								mesh = "vehicle/plane/canadair_cl_44_v2/gear_d2_right_lft_lod0.msh",
								name = "gear_d2_right_lft",
								transf = { -1, 8.7422776573476e-08, -3.3755847826138e-17, 0, -2.4096987516486e-08, -0.27563735842705, 0.96126168966293, 0, 8.4036166470014e-08, 0.96126168966293, 0.27563735842705, 0, 2.3599998950958, 4.056800365448, 1.8899999856949, 1, },
							},
							{
								animations = {
									close_wheels = {
										params = {
											id = "vehicle/plane/canadair_cl_44_v2/close_wheels/gear_d3_left_lft.ani",
										},
										type = "FILE_REF",
									},
									open_wheels = {
										params = {
											id = "vehicle/plane/canadair_cl_44_v2/open_wheels/gear_d3_left_lft.ani",
										},
										type = "FILE_REF",
									},
								},
								materials = { "vehicle/plane/canadair_cl_44_v2/canadair_cl44_main.mtl", },
								mesh = "vehicle/plane/canadair_cl_44_v2/gear_d3_left_lft_lod0.msh",
								name = "gear_d3_left_lft",
								transf = { -0.99948132038116, -0.0043352041393518, 0.031909383833408, 0, 0.0041539189405739, -0.9999748468399, -0.0057453480549157, 0, 0.031933486461639, -0.0056098196655512, 0.99947422742844, 0, 1.1968616247177, 5.0741772651672, 1.8256058692932, 1, },
							},
							{
								animations = {
									close_wheels = {
										params = {
											id = "vehicle/plane/canadair_cl_44_v2/close_wheels/gear_d3_right_lft.ani",
										},
										type = "FILE_REF",
									},
									open_wheels = {
										params = {
											id = "vehicle/plane/canadair_cl_44_v2/open_wheels/gear_d3_right_lft.ani",
										},
										type = "FILE_REF",
									},
								},
								materials = { "vehicle/plane/canadair_cl_44_v2/canadair_cl44_main.mtl", },
								mesh = "vehicle/plane/canadair_cl_44_v2/gear_d3_right_lft_lod0.msh",
								name = "gear_d3_right_lft",
								transf = { 0.99948132038116, -0.0043352041393518, -0.031909357756376, 0, 0.0041539198718965, 0.9999748468399, -0.0057453215122223, 0, 0.031933460384607, 0.0056097931228578, 0.99947422742844, 0, 1.1968616247177, 4.1796250343323, 1.8256058692932, 1, },
							},
							{
								animations = {
									close_wheels = {
										params = {
											id = "vehicle/plane/canadair_cl_44_v2/close_wheels/gear_g1_lft.ani",
										},
										type = "FILE_REF",
									},
									open_wheels = {
										params = {
											id = "vehicle/plane/canadair_cl_44_v2/open_wheels/gear_g1_lft.ani",
										},
										type = "FILE_REF",
									},
								},
								children = {
									{
										animations = {
											close_wheels = {
												params = {
													id = "vehicle/plane/canadair_cl_44_v2/close_wheels/gear_c1_lft.ani",
												},
												type = "FILE_REF",
											},
											open_wheels = {
												params = {
													id = "vehicle/plane/canadair_cl_44_v2/open_wheels/gear_c1_lft.ani",
												},
												type = "FILE_REF",
											},
										},
										materials = { "vehicle/plane/canadair_cl_44_v2/canadair_cl44_main.mtl", },
										mesh = "vehicle/plane/canadair_cl_44_v2/gear_c1_lft_lod0.msh",
										name = "gear_c1_lft",
										transf = { -0.99999856948853, 0.0010281431023031, 0.001363051822409, 0, -8.1042628607975e-07, -0.79863685369492, 0.60181319713593, 0, 0.0017073334893212, 0.60181230306625, 0.79863572120667, 0, 0.0020002594683319, -0.18146932125092, -0.98869556188583, 1, },
									},
									{
										animations = {
											close_wheels = {
												params = {
													id = "vehicle/plane/canadair_cl_44_v2/close_wheels/gear_c2_lft.ani",
												},
												type = "FILE_REF",
											},
											open_wheels = {
												params = {
													id = "vehicle/plane/canadair_cl_44_v2/open_wheels/gear_c2_lft.ani",
												},
												type = "FILE_REF",
											},
										},
										children = {
											{
												materials = { "vehicle/plane/canadair_cl_44_v2/canadair_cl44_main.mtl", },
												mesh = "vehicle/plane/canadair_cl_44_v2/w2_lft_lod0.msh",
												name = "w2_lft",
												transf = { -4.3711374075883e-08, -1, 1.1920928955078e-07, 0, 1, -4.3711388286738e-08, -1.1920928955078e-07, 0, 1.1920930376164e-07, 1.1920927533993e-07, 1, 0, -0.0018999573076144, -0.74000000953674, -0.30700019001961, 1, },
											},
											{
												materials = { "vehicle/plane/canadair_cl_44_v2/canadair_cl44_main.mtl", },
												mesh = "vehicle/plane/canadair_cl_44_v2/w3_lft_lod0.msh",
												name = "w3_lft",
												transf = { -4.3711374075883e-08, -1, 1.1920928955078e-07, 0, 1, -4.3711388286738e-08, -1.1920928955078e-07, 0, 1.1920930376164e-07, 1.1920927533993e-07, 1, 0, -0.0018999739550054, 0.63499975204468, -0.30700019001961, 1, },
											},
										},
										materials = { "vehicle/plane/canadair_cl_44_v2/canadair_cl44_main.mtl", },
										mesh = "vehicle/plane/canadair_cl_44_v2/gear_c2_lft_lod0.msh",
										name = "gear_c2_lft",
										transf = { 1, 6.6174449004242e-24, -2.6469779601697e-23, 0, 0, 1, 1.1832913578315e-30, 0, 1.3234889800848e-23, -3.5498740734946e-30, 1, 0, -0.00010002808267018, 4.7645556833231e-07, -1.5374714136124, 1, },
									},
								},
								materials = { "vehicle/plane/canadair_cl_44_v2/canadair_cl44_main.mtl", },
								mesh = "vehicle/plane/canadair_cl_44_v2/gear_g1_lft_lod0.msh",
								name = "gear_g1_lft",
								transf = { -4.3711388286738e-08, 1, 7.5497894158616e-08, 0, -1, -4.3711388286738e-08, -5.5332689859601e-15, 0, -2.2331504846679e-15, -7.5497894158616e-08, 1, 0, 2.6050000190735, 4.6319999694824, 2.299471616745, 1, },
							},
						},
						name = "gear_lft_grp",
						transf = { 1, 0, 0, 0, 0, 1, 0, 0, 0, 0, 1, 0, 0, 0, 0, 1, },
					},
					{
						children = {
							{
								animations = {
									close_wheels = {
										params = {
											id = "vehicle/plane/canadair_cl_44_v2/close_wheels/gear_d1_left_rgt.ani",
										},
										type = "FILE_REF",
									},
									open_wheels = {
										params = {
											id = "vehicle/plane/canadair_cl_44_v2/open_wheels/gear_d1_left_rgt.ani",
										},
										type = "FILE_REF",
									},
								},
								materials = { "vehicle/plane/canadair_cl_44_v2/canadair_cl44_main.mtl", },
								mesh = "vehicle/plane/canadair_cl_44_v2/gear_d1_left_rgt_lod0.msh",
								name = "gear_d1_left_rgt",
								transf = { 0.99904471635818, 1.7467853297148e-07, -0.043697953224182, 0, -0.043353404849768, 0.12533323466778, -0.99116694927216, 0, 0.0054766330868006, 0.99211466312408, 0.12521353363991, 0, -3.4976842403412, 4.4943017959595, 1.7634861469269, 1, },
							},
							{
								animations = {
									close_wheels = {
										params = {
											id = "vehicle/plane/canadair_cl_44_v2/close_wheels/gear_d1_right_rgt.ani",
										},
										type = "FILE_REF",
									},
									open_wheels = {
										params = {
											id = "vehicle/plane/canadair_cl_44_v2/open_wheels/gear_d1_right_rgt.ani",
										},
										type = "FILE_REF",
									},
								},
								materials = { "vehicle/plane/canadair_cl_44_v2/canadair_cl44_main.mtl", },
								mesh = "vehicle/plane/canadair_cl_44_v2/gear_d1_right_rgt_lod0.msh",
								name = "gear_d1_right_rgt",
								transf = { -0.99904471635818, 8.2032493963619e-16, 0.043697893619537, 0, -0.043353322893381, -0.1253332644701, -0.99116694927216, 0, 0.0054768002592027, -0.99211466312408, 0.12521354854107, 0, -3.4976842403412, 4.7595014572144, 1.7634861469269, 1, },
							},
							{
								animations = {
									close_wheels = {
										params = {
											id = "vehicle/plane/canadair_cl_44_v2/close_wheels/gear_d2_left_rgt.ani",
										},
										type = "FILE_REF",
									},
									open_wheels = {
										params = {
											id = "vehicle/plane/canadair_cl_44_v2/open_wheels/gear_d2_left_rgt.ani",
										},
										type = "FILE_REF",
									},
								},
								materials = { "vehicle/plane/canadair_cl_44_v2/canadair_cl44_main.mtl", },
								mesh = "vehicle/plane/canadair_cl_44_v2/gear_d2_left_rgt_lod0.msh",
								name = "gear_d2_left_rgt",
								transf = { -1, -1.5099578831723e-07, 3.3755861061027e-17, 0, 4.1620090485139e-08, -0.27563735842705, 0.96126168966293, 0, -1.4514647261876e-07, 0.96126168966293, 0.27563735842705, 0, -2.3600001335144, 4.056800365448, 1.8899999856949, 1, },
							},
							{
								animations = {
									close_wheels = {
										params = {
											id = "vehicle/plane/canadair_cl_44_v2/close_wheels/gear_d2_right_rgt.ani",
										},
										type = "FILE_REF",
									},
									open_wheels = {
										params = {
											id = "vehicle/plane/canadair_cl_44_v2/open_wheels/gear_d2_right_rgt.ani",
										},
										type = "FILE_REF",
									},
								},
								materials = { "vehicle/plane/canadair_cl_44_v2/canadair_cl44_main.mtl", },
								mesh = "vehicle/plane/canadair_cl_44_v2/gear_d2_right_rgt_lod0.msh",
								name = "gear_d2_right_rgt",
								transf = { 1, 8.7422776573476e-08, 3.226625064717e-23, 0, -2.4096987516486e-08, 0.27563735842705, 0.96126168966293, 0, 8.4036166470014e-08, -0.96126168966293, 0.27563735842705, 0, -2.3600001335144, 5.1970000267029, 1.8899999856949, 1, },
							},
							{
								animations = {
									close_wheels = {
										params = {
											id = "vehicle/plane/canadair_cl_44_v2/close_wheels/gear_d3_left_rgt.ani",
										},
										type = "FILE_REF",
									},
									open_wheels = {
										params = {
											id = "vehicle/plane/canadair_cl_44_v2/open_wheels/gear_d3_left_rgt.ani",
										},
										type = "FILE_REF",
									},
								},
								materials = { "vehicle/plane/canadair_cl_44_v2/canadair_cl44_main.mtl", },
								mesh = "vehicle/plane/canadair_cl_44_v2/gear_d3_left_rgt_lod0.msh",
								name = "gear_d3_left_rgt",
								transf = { 0.99948132038116, 0.0043352916836739, 0.031909357756376, 0, -0.0041540069505572, 0.9999748468399, -0.0057453215122223, 0, -0.031933460384607, 0.0056097903288901, 0.99947422742844, 0, -1.1968619823456, 4.1796250343323, 1.8256058692932, 1, },
							},
							{
								animations = {
									close_wheels = {
										params = {
											id = "vehicle/plane/canadair_cl_44_v2/close_wheels/gear_d3_right_rgt.ani",
										},
										type = "FILE_REF",
									},
									open_wheels = {
										params = {
											id = "vehicle/plane/canadair_cl_44_v2/open_wheels/gear_d3_right_rgt.ani",
										},
										type = "FILE_REF",
									},
								},
								materials = { "vehicle/plane/canadair_cl_44_v2/canadair_cl44_main.mtl", },
								mesh = "vehicle/plane/canadair_cl_44_v2/gear_d3_right_rgt_lod0.msh",
								name = "gear_d3_right_rgt",
								transf = { -0.99948132038116, 0.0043351170606911, -0.031909383833408, 0, -0.0041538318619132, -0.9999748468399, -0.0057453457266092, 0, -0.031933486461639, -0.0056098196655512, 0.99947422742844, 0, -1.1968621015549, 5.0741772651672, 1.8256058692932, 1, },
							},
							{
								animations = {
									close_wheels = {
										params = {
											id = "vehicle/plane/canadair_cl_44_v2/close_wheels/gear_g1_rgt.ani",
										},
										type = "FILE_REF",
									},
									open_wheels = {
										params = {
											id = "vehicle/plane/canadair_cl_44_v2/open_wheels/gear_g1_rgt.ani",
										},
										type = "FILE_REF",
									},
								},
								children = {
									{
										animations = {
											close_wheels = {
												params = {
													id = "vehicle/plane/canadair_cl_44_v2/close_wheels/gear_c1_rgt.ani",
												},
												type = "FILE_REF",
											},
											open_wheels = {
												params = {
													id = "vehicle/plane/canadair_cl_44_v2/open_wheels/gear_c1_rgt.ani",
												},
												type = "FILE_REF",
											},
										},
										materials = { "vehicle/plane/canadair_cl_44_v2/canadair_cl44_main.mtl", },
										mesh = "vehicle/plane/canadair_cl_44_v2/gear_c1_rgt_lod0.msh",
										name = "gear_c1_rgt",
										transf = { -0.99999856948853, -0.001028113765642, -0.0013629645109177, 0, 8.3963885799676e-07, -0.79863685369492, 0.60181319713593, 0, -0.0017072461778298, 0.60181230306625, 0.79863572120667, 0, -0.0020002594683319, -0.18146932125092, -0.98869556188583, 1, },
									},
									{
										animations = {
											close_wheels = {
												params = {
													id = "vehicle/plane/canadair_cl_44_v2/close_wheels/gear_c2_rgt.ani",
												},
												type = "FILE_REF",
											},
											open_wheels = {
												params = {
													id = "vehicle/plane/canadair_cl_44_v2/open_wheels/gear_c2_rgt.ani",
												},
												type = "FILE_REF",
											},
										},
										children = {
											{
												materials = { "vehicle/plane/canadair_cl_44_v2/canadair_cl44_main.mtl", },
												mesh = "vehicle/plane/canadair_cl_44_v2/w2_rgt_lod0.msh",
												name = "w2_rgt",
												transf = { -4.3711374075883e-08, 1, -1.1920928955078e-07, 0, -1, -4.3711388286738e-08, -1.1920928955078e-07, 0, -1.1920928955078e-07, 1.1920928955078e-07, 1, 0, 0.0018999573076144, -0.74000000953674, -0.30700019001961, 1, },
											},
											{
												materials = { "vehicle/plane/canadair_cl_44_v2/canadair_cl44_main.mtl", },
												mesh = "vehicle/plane/canadair_cl_44_v2/w3_rgt_lod0.msh",
												name = "w3_rgt",
												transf = { -4.3711374075883e-08, 1, -1.1920928955078e-07, 0, -1, -4.3711388286738e-08, -1.1920928955078e-07, 0, -1.1920928955078e-07, 1.1920928955078e-07, 1, 0, 0.0018999739550054, 0.63499969244003, -0.30700019001961, 1, },
											},
										},
										materials = { "vehicle/plane/canadair_cl_44_v2/canadair_cl44_main.mtl", },
										mesh = "vehicle/plane/canadair_cl_44_v2/gear_c2_rgt_lod0.msh",
										name = "gear_c2_rgt",
										transf = { 1, 8.7422776573476e-08, 2.8097790161209e-16, 0, -8.7422776573476e-08, 1, -6.6002361555513e-15, 0, -2.8097845747747e-16, 6.6002361555513e-15, 1, 0, 0.00010047960677184, 7.1902420017977e-08, -1.5374714136124, 1, },
									},
								},
								materials = { "vehicle/plane/canadair_cl_44_v2/canadair_cl44_main.mtl", },
								mesh = "vehicle/plane/canadair_cl_44_v2/gear_g1_rgt_lod0.msh",
								name = "gear_g1_rgt",
								transf = { -4.3711388286738e-08, -1, -7.5497894158616e-08, 0, 1, -4.3711388286738e-08, -5.6272583028863e-15, 0, 2.3271400133524e-15, -7.5497894158616e-08, 1, 0, -2.6050000190735, 4.6319999694824, 2.299471616745, 1, },
							},
						},
						name = "gear_rgt_grp",
						transf = { -1, 1.5099578831723e-07, -1.2246468525852e-16, 0, -1.5099578831723e-07, -1, -1.2246469849341e-16, 0, -1.2246469849341e-16, -1.2246468525852e-16, 1, 0, 0, 0, 0, 1, },
					},
					{
						children = {
							{
								animations = {
									close_doors_cargo = {
										params = {
											id = "vehicle/plane/canadair_cl_44_v2/close_doors_cargo/d1_body.ani",
										},
										type = "FILE_REF",
									},
									open_doors_cargo = {
										params = {
											id = "vehicle/plane/canadair_cl_44_v2/open_doors_cargo/d1_body.ani",
										},
										type = "FILE_REF",
									},
								},
								children = {
									{
										materials = { "vehicle/plane/canadair_cl_44_v2/canadair_cl44_additional.mtl", },
										mesh = "vehicle/plane/canadair_cl_44_v2/d1_glass_lft_lod0.msh",
										name = "d1_glass_lft",
										transf = { 1, 0, 0, 0, 0, 1, 0, 0, 0, 0, 1, 0, -2.7933506965637, 2.9374873638153, 4.2850079536438, 1, },
									},
									{
										materials = { "vehicle/plane/canadair_cl_44_v2/canadair_cl44_additional.mtl", },
										mesh = "vehicle/plane/canadair_cl_44_v2/d1_glass_rgt_lod0.msh",
										name = "d1_glass_rgt",
										transf = { 1, 0, 0, 0, 0, 1, 0, 0, 0, 0, 1, 0, -2.7933506965637, 0.26251250505447, 4.2850079536438, 1, },
									},
									{
										materials = { "vehicle/plane/canadair_cl_44_v2/canadair_cl44_interior.mtl", },
										mesh = "vehicle/plane/canadair_cl_44_v2/d1_interior_lod0.msh",
										name = "d1_interior",
										transf = { 1, 0, 0, 0, 0, 1, 0, 0, 0, 0, 1, 0, 9.4399995803833, 1.5999999046326, 9.113664125654e-32, 1, },
									},
									{
										materials = { "vehicle/plane/canadair_cl_44_v2/canadair_cl44_main.mtl", },
										mesh = "vehicle/plane/canadair_cl_44_v2/rudder_lod0.msh",
										name = "rudder",
										transf = { 0.99856358766556, 4.0488964714314e-07, 0.05357837677002, 0, 0.00016430251707789, 0.99999523162842, -0.0030697344336659, 0, -0.05357813090086, 0.0030741284135729, 0.99855893850327, 0, -7.0485496520996, 1.5999999046326, 7.7001152038574, 1, },
									},
									{
										materials = { "vehicle/plane/canadair_cl_44_v2/canadair_cl44_main.mtl", },
										mesh = "vehicle/plane/canadair_cl_44_v2/elevator_lft_lod0.msh",
										name = "elevator_lft",
										transf = { 0.040760044008493, -0.99906492233276, 0.014413484372199, 0, -0.99916875362396, -0.040764283388853, 6.5490615483122e-17, 0, 0.00058755540521815, -0.014401503838599, -0.99989604949951, 0, -7.7739496231079, 6.023796081543, 3.1099989414215, 1, },
									},
									{
										materials = { "vehicle/plane/canadair_cl_44_v2/canadair_cl44_main.mtl", },
										mesh = "vehicle/plane/canadair_cl_44_v2/elevator_rgt_lod0.msh",
										name = "elevator_rgt",
										transf = { -0.040760081261396, -0.99906492233276, -0.014413484372199, 0, -0.99916875362396, 0.040764313191175, -9.8176544891592e-17, 0, 0.00058755587087944, 0.014401503838599, -0.99989604949951, 0, -7.7739496231079, -2.8237965106964, 3.1099989414215, 1, },
									},
									{
										animations = {
											close_doors_cargo = {
												params = {
													id = "vehicle/plane/canadair_cl_44_v2/close_doors_cargo/d1_g1.ani",
												},
												type = "FILE_REF",
											},
											open_doors_cargo = {
												params = {
													id = "vehicle/plane/canadair_cl_44_v2/open_doors_cargo/d1_g1.ani",
												},
												type = "FILE_REF",
											},
										},
										materials = { "vehicle/plane/canadair_cl_44_v2/canadair_cl44_main.mtl", },
										mesh = "vehicle/plane/canadair_cl_44_v2/d1_g1_lod0.msh",
										name = "d1_g1",
										transf = { 1, 0, 0, 0, 0, 1, 0, 0, 0, 0, 1, 0, -1.7600004673004, 1.5999999046326, 5.3899998664856, 1, },
									},
									{
										materials = { "vehicle/plane/emissive/plane_all_lights.mtl", },
										mesh = "vehicle/plane/canadair_cl_44_v2/positionlight_rudder_lod0.msh",
										name = "positionlight_rudder",
										transf = { 1, 0, 0, 0, 0, 1, 0, 0, 0, 0, 1, 0, 0, 0, 0, 1, },
									},
								},
								materials = { "vehicle/plane/canadair_cl_44_v2/canadair_cl44_main.mtl", "vehicle/plane/canadair_cl_44_v2/canadair_cl44_additional.mtl", },
								mesh = "vehicle/plane/canadair_cl_44_v2/d1_body_lod0.msh",
								name = "d1_body",
								transf = { 1, 0, -9.6543049812607e-33, 0, 0, 1, 0, 0, 9.6543049812607e-33, 0, 1, 0, -9.4399995803833, -1.5999999046326, 0, 1, },
							},
							{
								animations = {
									close_doors_cargo = {
										params = {
											id = "vehicle/plane/canadair_cl_44_v2/close_doors_cargo/d1_g2.ani",
										},
										type = "FILE_REF",
									},
