function data()
return {
	boundingInfo = {
		bbMax = { 11.502109527588, 17.920490264893, 9.1753749847412, },
		bbMin = { -17.459503173828, -17.920490264893, -0.031233131885529, },
	},
	collider = {
		params = {
			halfExtents = { 14.480806350708, 17.920490264893, 4.6033039093018, },
		},
		transf = { 1, 0, 0, 0, 0, 1, 0, 0, 0, 0, 1, 0, 0, 0, 0, 1, },
		type = "BOX",
	},
	lods = {
		{
			node = {
				children = {
					{
						materials = { "vehicle/plane/douglas_dc4_v2/douglas_body_additional.mtl", "vehicle/plane/douglas_dc4_v2/douglas_body_main.mtl", "vehicle/plane/douglas_dc4_v2/douglas_body_main_doors.mtl", },
						mesh = "vehicle/plane/douglas_dc4_v2/body_lod0.msh",
						name = "body",
						transf = { 1, 0, 0, 0, 0, 1, 0, 0, 0, 0, 1, 0, 0, 0, 0, 1, },
					},
					{
						children = {
							{
								materials = { "vehicle/plane/douglas_dc4_v2/douglas_body_additional_glass.mtl", },
								mesh = "vehicle/plane/douglas_dc4_v2/glass1_left_frt_lod0.msh",
								name = "glass1_left_frt",
								transf = { 1, 0, 0, 0, 0, 1, 0, 0, 0, 0, 1, 0, 9.1259021759033, 0.42069205641747, 4.319730758667, 1, },
							},
							{
								materials = { "vehicle/plane/douglas_dc4_v2/douglas_body_additional_glass.mtl", },
								mesh = "vehicle/plane/douglas_dc4_v2/glass2_left_frt_lod0.msh",
								name = "glass2_left_frt",
								transf = { 1, 0, 0, 0, 0, 1, 0, 0, 0, 0, 1, 0, 8.7538118362427, 0.88029980659485, 4.3177661895752, 1, },
							},
							{
								materials = { "vehicle/plane/douglas_dc4_v2/douglas_body_additional_glass.mtl", },
								mesh = "vehicle/plane/douglas_dc4_v2/glass3_left_frt_lod0.msh",
								name = "glass3_left_frt",
								transf = { 1, 0, 0, 0, 0, 1, 0, 0, 0, 0, 1, 0, 8.3502197265625, 1.0781058073044, 4.2291326522827, 1, },
							},
							{
								materials = { "vehicle/plane/douglas_dc4_v2/douglas_body_additional_glass.mtl", },
								mesh = "vehicle/plane/douglas_dc4_v2/glass1_right_frt_lod0.msh",
								name = "glass1_right_frt",
								transf = { 1, 0, 0, 0, 0, 1, 0, 0, 0, 0, 1, 0, 9.1259021759033, -0.42069205641747, 4.319730758667, 1, },
							},
							{
								materials = { "vehicle/plane/douglas_dc4_v2/douglas_body_additional_glass.mtl", },
								mesh = "vehicle/plane/douglas_dc4_v2/glass2_right_frt_lod0.msh",
								name = "glass2_right_frt",
								transf = { 1, 0, 0, 0, 0, 1, 0, 0, 0, 0, 1, 0, 8.7538118362427, -0.88029980659485, 4.3177661895752, 1, },
							},
							{
								materials = { "vehicle/plane/douglas_dc4_v2/douglas_body_additional_glass.mtl", },
								mesh = "vehicle/plane/douglas_dc4_v2/glass3_right_frt_lod0.msh",
								name = "glass3_right_frt",
								transf = { 1, 0, 0, 0, 0, 1, 0, 0, 0, 0, 1, 0, 8.3502197265625, -1.0781058073044, 4.2291326522827, 1, },
							},
							{
								materials = { "vehicle/plane/douglas_dc4_v2/douglas_body_interior_glass.mtl", "vehicle/plane/douglas_dc4_v2/douglas_body_main_glass.mtl", },
								mesh = "vehicle/plane/douglas_dc4_v2/glass1_lft_lod0.msh",
								name = "glass1_lft",
								transf = { 1, 0, 0, 0, 0, 1, 0, 0, 0, 0, 1, 0, 3.6676406860352, 1.5481230020523, 3.8959341049194, 1, },
							},
							{
								materials = { "vehicle/plane/douglas_dc4_v2/douglas_body_interior_glass.mtl", "vehicle/plane/douglas_dc4_v2/douglas_body_main_glass.mtl", },
								mesh = "vehicle/plane/douglas_dc4_v2/glass2_lft_lod0.msh",
								name = "glass2_lft",
								transf = { 1, 0, 0, 0, 0, 1, 0, 0, 0, 0, 1, 0, 1.7895274162292, 1.5632953643799, 3.8953142166138, 1, },
							},
							{
								materials = { "vehicle/plane/douglas_dc4_v2/douglas_body_interior_glass.mtl", "vehicle/plane/douglas_dc4_v2/douglas_body_main_glass.mtl", },
								mesh = "vehicle/plane/douglas_dc4_v2/glass3_lft_lod0.msh",
								name = "glass3_lft",
								transf = { 1, 0, 0, 0, 0, 1, 0, 0, 0, 0, 1, 0, -0.16320906579494, 1.5632953643799, 3.8953142166138, 1, },
							},
							{
								materials = { "vehicle/plane/douglas_dc4_v2/douglas_body_interior_glass.mtl", "vehicle/plane/douglas_dc4_v2/douglas_body_main_glass.mtl", },
								mesh = "vehicle/plane/douglas_dc4_v2/glass4_lft_lod0.msh",
								name = "glass4_lft",
								transf = { 1, 0, 0, 0, 0, 1, 0, 0, 0, 0, 1, 0, -2.3706810474396, 1.5516268014908, 3.8935298919678, 1, },
							},
							{
								materials = { "vehicle/plane/douglas_dc4_v2/douglas_body_interior_glass.mtl", "vehicle/plane/douglas_dc4_v2/douglas_body_main_glass.mtl", },
								mesh = "vehicle/plane/douglas_dc4_v2/glass5_lft_lod0.msh",
								name = "glass5_lft",
								transf = { 1, 0, 0, 0, 0, 1, 0, 0, 0, 0, 1, 0, -4.6349210739136, 1.537610411644, 3.8853712081909, 1, },
							},
							{
								materials = { "vehicle/plane/douglas_dc4_v2/douglas_body_interior_glass.mtl", "vehicle/plane/douglas_dc4_v2/douglas_body_main_glass.mtl", },
								mesh = "vehicle/plane/douglas_dc4_v2/glass6_lft_lod0.msh",
								name = "glass6_lft",
								transf = { 1, 0, 0, 0, 0, 1, 0, 0, 0, 0, 1, 0, -6.6573491096497, 1.4971659183502, 3.8736300468445, 1, },
							},
							{
								materials = { "vehicle/plane/douglas_dc4_v2/douglas_body_main_glass.mtl", },
								mesh = "vehicle/plane/douglas_dc4_v2/glass1_rgt_lod0.msh",
								name = "glass1_rgt",
								transf = { 1, 0, 0, 0, 0, 1, 0, 0, 0, 0, 1, 0, 7.1299996376038, -1.375431895256, 3.958277463913, 1, },
							},
							{
								materials = { "vehicle/plane/douglas_dc4_v2/douglas_body_interior_glass.mtl", "vehicle/plane/douglas_dc4_v2/douglas_body_main_glass.mtl", },
								mesh = "vehicle/plane/douglas_dc4_v2/glass2_rgt_lod0.msh",
								name = "glass2_rgt",
								transf = { 1, 0, 0, 0, 0, 1, 0, 0, 0, 0, 1, 0, 3.6676406860352, -1.5481230020523, 3.8959341049194, 1, },
							},
							{
								materials = { "vehicle/plane/douglas_dc4_v2/douglas_body_interior_glass.mtl", "vehicle/plane/douglas_dc4_v2/douglas_body_main_glass.mtl", },
								mesh = "vehicle/plane/douglas_dc4_v2/glass3_rgt_lod0.msh",
								name = "glass3_rgt",
								transf = { 1, 0, 0, 0, 0, 1, 0, 0, 0, 0, 1, 0, 1.7895274162292, -1.5632953643799, 3.8953142166138, 1, },
							},
							{
								materials = { "vehicle/plane/douglas_dc4_v2/douglas_body_interior_glass.mtl", "vehicle/plane/douglas_dc4_v2/douglas_body_main_glass.mtl", },
								mesh = "vehicle/plane/douglas_dc4_v2/glass4_rgt_lod0.msh",
								name = "glass4_rgt",
								transf = { 1, 0, 0, 0, 0, 1, 0, 0, 0, 0, 1, 0, -0.16320906579494, -1.5632953643799, 3.8953142166138, 1, },
							},
							{
								materials = { "vehicle/plane/douglas_dc4_v2/douglas_body_interior_glass.mtl", "vehicle/plane/douglas_dc4_v2/douglas_body_main_glass.mtl", },
								mesh = "vehicle/plane/douglas_dc4_v2/glass5_rgt_lod0.msh",
								name = "glass5_rgt",
								transf = { 1, 0, 0, 0, 0, 1, 0, 0, 0, 0, 1, 0, -2.3706810474396, -1.5516268014908, 3.8935298919678, 1, },
							},
							{
								materials = { "vehicle/plane/douglas_dc4_v2/douglas_body_interior_glass.mtl", "vehicle/plane/douglas_dc4_v2/douglas_body_main_glass.mtl", },
								mesh = "vehicle/plane/douglas_dc4_v2/glass6_rgt_lod0.msh",
								name = "glass6_rgt",
								transf = { 1, 0, 0, 0, 0, 1, 0, 0, 0, 0, 1, 0, -4.6349210739136, -1.537610411644, 3.8853707313538, 1, },
							},
							{
								materials = { "vehicle/plane/douglas_dc4_v2/douglas_body_interior_glass.mtl", "vehicle/plane/douglas_dc4_v2/douglas_body_main_glass.mtl", },
								mesh = "vehicle/plane/douglas_dc4_v2/glass7_rgt_lod0.msh",
								name = "glass7_rgt",
								transf = { 1, 0, 0, 0, 0, 1, 0, 0, 0, 0, 1, 0, -6.6573491096497, -1.4971663951874, 3.8736300468445, 1, },
							},
						},
						name = "glass_grp",
						transf = { 1, 0, 0, 0, 0, 1, 0, 0, 0, 0, 1, 0, 0, 0, 0, 1, },
					},
					{
						materials = { "vehicle/plane/douglas_dc4_v2/douglas_body_main.mtl", },
						mesh = "vehicle/plane/douglas_dc4_v2/aileron_lft_lod0.msh",
						name = "aileron_lft",
						transf = { 0.074993707239628, 0.99261093139648, 0.095390379428864, 0, -0.96984142065048, 0.094850286841393, -0.22452406585217, 0, -0.23191286623478, -0.075675651431084, 0.96978843212128, 0, -0.14362791180611, 14.98415851593, 3.8157114982605, 1, },
					},
					{
						materials = { "vehicle/plane/douglas_dc4_v2/douglas_body_main.mtl", },
						mesh = "vehicle/plane/douglas_dc4_v2/aileron_rgt_lod0.msh",
						name = "aileron_rgt",
						transf = { -0.07546491920948, 0.99103820323944, -0.11021909117699, 0, -0.008367988280952, 0.10990097373724, 0.9939072728157, 0, 0.99711334705353, 0.075927443802357, -6.7233702338854e-07, 0, -0.17043037712574, -14.632177352905, 3.734931230545, 1, },
					},
					{
						materials = { "vehicle/plane/douglas_dc4_v2/douglas_body_main.mtl", },
						mesh = "vehicle/plane/douglas_dc4_v2/rudder_lod0.msh",
						name = "rudder",
						transf = { 1, 0, 0, 0, 0, 1, 0, 0, 0, 0, 1, 0, -14.783839225769, -2.0861625671387e-07, 6.9292583465576, 1, },
					},
					{
						materials = { "vehicle/plane/douglas_dc4_v2/douglas_body_main.mtl", },
						mesh = "vehicle/plane/douglas_dc4_v2/elevator_lod0.msh",
						name = "elevator",
						transf = { 6.1232342629258e-17, 1, 0, 0, -1, 6.1232342629258e-17, -1.2325950468584e-31, 0, -1.2325950468584e-31, 0, 1, 0, -15.112609863281, 0, 3.7387382984161, 1, },
					},
					{
						materials = { "vehicle/plane/douglas_dc4_v2/douglas_body_additional.mtl", },
						mesh = "vehicle/plane/douglas_dc4_v2/rotor1_lft_lod0.msh",
						name = "rotor1_lft",
						transf = { 1, 0, 0, 0, 0, 0.70710676908493, 0.70710676908493, 0, 0, -0.70710676908493, 0.70710676908493, 0, 5.2034559249878, 3.871208190918, 2.7557747364044, 1, },
					},
					{
						materials = { "vehicle/plane/douglas_dc4_v2/douglas_body_additional.mtl", },
						mesh = "vehicle/plane/douglas_dc4_v2/rotor1_lft_lod0.msh",
						name = "rotor2_lft",
						transf = { 1, 0, 0, 0, 0, 0.90630781650543, 0.42261826992035, 0, 0, -0.42261826992035, 0.90630781650543, 0, 4.4575524330139, 8.3280563354492, 3.2723491191864, 1, },
					},
					{
						materials = { "vehicle/plane/douglas_dc4_v2/douglas_body_additional.mtl", },
						mesh = "vehicle/plane/douglas_dc4_v2/rotor1_lft_lod0.msh",
						name = "rotor1_rgt",
						transf = { 1, 0, 0, 0, 0, 0.89100652933121, -0.45399045944214, 0, 0, 0.45399045944214, 0.89100652933121, 0, 5.2034549713135, -3.871208190918, 2.755774974823, 1, },
					},
					{
						materials = { "vehicle/plane/douglas_dc4_v2/douglas_body_additional.mtl", },
						mesh = "vehicle/plane/douglas_dc4_v2/rotor1_lft_lod0.msh",
						name = "rotor2_rgt",
						transf = { 1, 0, 0, 0, 0, 0.95105654001236, 0.30901700258255, 0, 0, -0.30901700258255, 0.95105654001236, 0, 4.4575519561768, -8.3280544281006, 3.2723491191864, 1, },
					},
					{
						materials = { "vehicle/plane/douglas_dc4_v2/douglas_body_additional.mtl", "vehicle/plane/douglas_dc4_v2/douglas_rotor.mtl", },
						mesh = "vehicle/plane/douglas_dc4_v2/rotor1b_lft_lod0.msh",
						name = "rotor1b_lft",
						transf = { 1, 0, 0, 0, 0, 0.70710676908493, 0.70710676908493, 0, 0, -0.70710676908493, 0.70710676908493, 0, 4.6295876502991, 3.871208190918, 2.7557747364044, 1, },
					},
					{
						materials = { "vehicle/plane/douglas_dc4_v2/douglas_body_additional.mtl", "vehicle/plane/douglas_dc4_v2/douglas_rotor.mtl", },
						mesh = "vehicle/plane/douglas_dc4_v2/rotor1b_lft_lod0.msh",
						name = "rotor2b_lft",
						transf = { 1, 0, 0, 0, 0, 0.90630781650543, 0.42261826992035, 0, 0, -0.42261826992035, 0.90630781650543, 0, 3.8839552402496, 8.3280563354492, 3.2723491191864, 1, },
					},
					{
						materials = { "vehicle/plane/douglas_dc4_v2/douglas_body_additional.mtl", "vehicle/plane/douglas_dc4_v2/douglas_rotor.mtl", },
						mesh = "vehicle/plane/douglas_dc4_v2/rotor1b_lft_lod0.msh",
						name = "rotor1b_rgt",
						transf = { 1, 0, 0, 0, 0, 0.89100652933121, -0.45399045944214, 0, 0, 0.45399045944214, 0.89100652933121, 0, 4.6295871734619, -3.871208190918, 2.755774974823, 1, },
					},
					{
						materials = { "vehicle/plane/douglas_dc4_v2/douglas_body_additional.mtl", "vehicle/plane/douglas_dc4_v2/douglas_rotor.mtl", },
						mesh = "vehicle/plane/douglas_dc4_v2/rotor1b_lft_lod0.msh",
						name = "rotor2b_rgt",
						transf = { 1, 0, 0, 0, 0, 0.95105654001236, 0.30901700258255, 0, 0, -0.30901700258255, 0.95105654001236, 0, 3.883683681488, -8.3280544281006, 3.2723491191864, 1, },
					},
					{
						animations = {
							flaps = {
								params = {
									id = "vehicle/plane/douglas_dc4_v2/flaps/flap_lft.ani",
								},
								type = "FILE_REF",
							},
						},
						materials = { "vehicle/plane/douglas_dc4_v2/douglas_body_main.mtl", },
						mesh = "vehicle/plane/douglas_dc4_v2/flap_lft_lod0.msh",
						name = "flap_lft",
						transf = { 0.081684738397598, 0.99074786901474, 0.10838036984205, 0, 0.065169803798199, -0.11382059752941, 0.9913614988327, 0, 0.99452519416809, -0.073915988206863, -0.073864243924618, 0, -0.61966747045517, 6.4831686019897, 2.822057723999, 1, },
					},
					{
						animations = {
							flaps = {
								params = {
									id = "vehicle/plane/douglas_dc4_v2/flaps/flap_rgt.ani",
								},
								type = "FILE_REF",
							},
						},
						materials = { "vehicle/plane/douglas_dc4_v2/douglas_body_main.mtl", },
						mesh = "vehicle/plane/douglas_dc4_v2/flap_rgt_lod0.msh",
						name = "flap_rgt",
						transf = { 0.084348648786545, -0.99013149738312, 0.1119147837162, 0, -0.077673263847828, -0.11850674450397, -0.98991060256958, 0, 0.99340432882309, 0.074804842472076, -0.086902625858784, 0, -0.72906959056854, -5.1785550117493, 2.6754069328308, 1, },
					},
					{
						children = {
							{
								animations = {
									close_wheels = {
										params = {
											id = "vehicle/plane/douglas_dc4_v2/close_wheels/gear1_frt.ani",
										},
										type = "FILE_REF",
									},
									open_wheels = {
										params = {
											id = "vehicle/plane/douglas_dc4_v2/open_wheels/gear1_frt.ani",
										},
										type = "FILE_REF",
									},
								},
								children = {
									{
										materials = { "vehicle/plane/emissive/plane_all_lights.mtl", },
										mesh = "vehicle/plane/douglas_dc4_v2/landinglight_gear_frt_lod0.msh",
										name = "landinglight_gear_frt",
										transf = { 1, 0, 0, 0, 0, 1, 0, 0, 0, 0, 1, 0, 0, 0, 0, 1, },
									},
									{
										materials = { "vehicle/plane/douglas_dc4_v2/douglas_body_additional.mtl", },
										mesh = "vehicle/plane/douglas_dc4_v2/w1_frt_lod0.msh",
										name = "w1_frt",
										transf = { 1, 0, 0, 0, 0, 1, 0, 0, 0, 0, 1, 0, 0.28140735626221, -0.00022044777870178, -1.7221632003784, 1, },
									},
								},
								materials = { "vehicle/plane/douglas_dc4_v2/douglas_body_additional.mtl", },
								mesh = "vehicle/plane/douglas_dc4_v2/gear1_frt_lod0.msh",
								name = "gear1_frt",
								transf = { 1, 0, 0, 0, 0, 1, 0, 0, 0, 0, 1, 0, 8.2000312805176, 0, 2.2352206707001, 1, },
							},
							{
								animations = {
									close_wheels = {
										params = {
											id = "vehicle/plane/douglas_dc4_v2/close_wheels/gear1_c1_frt.ani",
										},
										type = "FILE_REF",
									},
									open_wheels = {
										params = {
											id = "vehicle/plane/douglas_dc4_v2/open_wheels/gear1_c1_frt.ani",
										},
										type = "FILE_REF",
									},
								},
								materials = { "vehicle/plane/douglas_dc4_v2/douglas_body_additional.mtl", },
								mesh = "vehicle/plane/douglas_dc4_v2/gear1_c1_frt_lod0.msh",
								name = "gear1_c1_frt",
								transf = { 1, 0, 0, 0, 0, 1, 0, 0, 0, 0, 1, 0, 8.4717226028442, -0.028103958815336, 1.5540379285812, 1, },
							},
							{
								animations = {
									close_wheels = {
										params = {
											id = "vehicle/plane/douglas_dc4_v2/close_wheels/gear_d1_left_frt.ani",
										},
										type = "FILE_REF",
									},
									open_wheels = {
										params = {
											id = "vehicle/plane/douglas_dc4_v2/open_wheels/gear_d1_left_frt.ani",
										},
										type = "FILE_REF",
									},
								},
								materials = { "vehicle/plane/douglas_dc4_v2/douglas_body_main.mtl", },
								mesh = "vehicle/plane/douglas_dc4_v2/gear_d1_left_frt_lod0.msh",
								name = "gear_d1_left_frt",
								transf = { 0.96704065799713, 0.076370991766453, 0.24289844930172, 0, 0.21638302505016, 0.25630947947502, -0.94206362962723, 0, -0.13420350849628, 0.96357297897339, 0.23133631050587, 0, 9.4905004501343, -0.43805289268494, 2.2759997844696, 1, },
							},
							{
								animations = {
									close_wheels = {
										params = {
											id = "vehicle/plane/douglas_dc4_v2/close_wheels/gear_d1_right_frt.ani",
										},
										type = "FILE_REF",
									},
									open_wheels = {
										params = {
											id = "vehicle/plane/douglas_dc4_v2/open_wheels/gear_d1_right_frt.ani",
										},
										type = "FILE_REF",
									},
								},
								materials = { "vehicle/plane/douglas_dc4_v2/douglas_body_main.mtl", },
								mesh = "vehicle/plane/douglas_dc4_v2/gear_d1_right_frt_lod0.msh",
								name = "gear_d1_right_frt",
								transf = { 0.96696436405182, 0.17778608202934, 0.18267969787121, 0, -0.22481364011765, 0.25696349143982, 0.93990880250931, 0, 0.12016068398952, -0.9499272108078, 0.28844329714775, 0, 9.492600440979, 0.44530063867569, 2.2746999263763, 1, },
							},
						},
						name = "gear_frt_grp",
						transf = { 1, 0, 0, 0, 0, 1, 0, 0, 0, 0, 1, 0, 0, 0, 0, 1, },
					},
					{
						children = {
							{
								animations = {
									close_wheels = {
										params = {
											id = "vehicle/plane/douglas_dc4_v2/close_wheels/gear_d1_left_lft.ani",
										},
										type = "FILE_REF",
									},
									open_wheels = {
										params = {
											id = "vehicle/plane/douglas_dc4_v2/open_wheels/gear_d1_left_lft.ani",
										},
										type = "FILE_REF",
									},
								},
								materials = { "vehicle/plane/douglas_dc4_v2/douglas_body_additional.mtl", },
								mesh = "vehicle/plane/douglas_dc4_v2/gear_d1_left_lft_lod0.msh",
								name = "gear_d1_left_lft",
								transf = { 1, 0, 0, 0, 0, 1, 0, 0, 0, 0, 1, 0, 2.9276812076569, 4.4812064170837, 2.3128027915955, 1, },
							},
							{
								animations = {
									close_wheels = {
										params = {
											id = "vehicle/plane/douglas_dc4_v2/close_wheels/gear_d2_left_lft.ani",
										},
										type = "FILE_REF",
									},
									open_wheels = {
										params = {
											id = "vehicle/plane/douglas_dc4_v2/open_wheels/gear_d2_left_lft.ani",
										},
										type = "FILE_REF",
									},
								},
								materials = { "vehicle/plane/douglas_dc4_v2/douglas_body_additional.mtl", },
								mesh = "vehicle/plane/douglas_dc4_v2/gear_d2_left_lft_lod0.msh",
								name = "gear_d2_left_lft",
								transf = { 1, 0, 0, 0, 0, 1, 0, 0, 0, 0, 1, 0, 0.64314305782318, 4.3975849151611, 2.2318120002747, 1, },
							},
							{
								animations = {
									close_wheels = {
										params = {
											id = "vehicle/plane/douglas_dc4_v2/close_wheels/geaer_d1_right_lft.ani",
										},
										type = "FILE_REF",
									},
									open_wheels = {
										params = {
											id = "vehicle/plane/douglas_dc4_v2/open_wheels/geaer_d1_right_lft.ani",
										},
										type = "FILE_REF",
									},
								},
								materials = { "vehicle/plane/douglas_dc4_v2/douglas_body_additional.mtl", },
								mesh = "vehicle/plane/douglas_dc4_v2/geaer_d1_right_lft_lod0.msh",
								name = "geaer_d1_right_lft",
								transf = { 1, 0, 0, 0, 0, 1, 0, 0, 0, 0, 1, 0, 2.9276809692383, 3.2983317375183, 2.2756989002228, 1, },
							},
							{
								animations = {
									close_wheels = {
										params = {
											id = "vehicle/plane/douglas_dc4_v2/close_wheels/gear_d2_right_lft.ani",
										},
										type = "FILE_REF",
									},
									open_wheels = {
										params = {
											id = "vehicle/plane/douglas_dc4_v2/open_wheels/gear_d2_right_lft.ani",
										},
										type = "FILE_REF",
									},
								},
								materials = { "vehicle/plane/douglas_dc4_v2/douglas_body_additional.mtl", },
								mesh = "vehicle/plane/douglas_dc4_v2/gear_d2_right_lft_lod0.msh",
								name = "gear_d2_right_lft",
								transf = { 1, 0, 0, 0, 0, 1, 0, 0, 0, 0, 1, 0, 0.64314311742783, 3.4331374168396, 2.1413431167603, 1, },
							},
							{
								animations = {
									close_wheels = {
										params = {
											id = "vehicle/plane/douglas_dc4_v2/close_wheels/gear_d3_lft.ani",
										},
										type = "FILE_REF",
									},
									open_wheels = {
										params = {
											id = "vehicle/plane/douglas_dc4_v2/open_wheels/gear_d3_lft.ani",
										},
										type = "FILE_REF",
									},
								},
								materials = { "vehicle/plane/douglas_dc4_v2/douglas_body_additional.mtl", },
								mesh = "vehicle/plane/douglas_dc4_v2/gear_d3_lft_lod0.msh",
								name = "gear_d3_lft",
								transf = { 1, 0, 0, 0, 0, 1, 0, 0, 0, 0, 1, 0, -0.13510417938232, 3.9139199256897, 2.0666279792786, 1, },
							},
							{
								animations = {
									close_wheels = {
										params = {
											id = "vehicle/plane/douglas_dc4_v2/close_wheels/gear1_lft.ani",
										},
										type = "FILE_REF",
									},
									open_wheels = {
										params = {
											id = "vehicle/plane/douglas_dc4_v2/open_wheels/gear1_lft.ani",
										},
										type = "FILE_REF",
									},
								},
								children = {
									{
										materials = { "vehicle/plane/douglas_dc4_v2/douglas_body_additional.mtl", },
										mesh = "vehicle/plane/douglas_dc4_v2/w2_lft_lod0.msh",
										name = "w2_lft",
										transf = { 1, 0, 0, 0, 0, 1, 0, 0, 0, 0, 1, 0, -0.13832980394363, 2.3841857910156e-07, -1.8147912025452, 1, },
									},
								},
								materials = { "vehicle/plane/douglas_dc4_v2/douglas_body_additional.mtl", },
								mesh = "vehicle/plane/douglas_dc4_v2/gear1_lft_lod0.msh",
								name = "gear1_lft",
								transf = { 1, 0, 0, 0, 0, 1, 0, 0, 0, 0, 1, 0, 0.27276629209518, 3.9140532016754, 2.3278489112854, 1, },
							},
							{
								animations = {
									close_wheels = {
										params = {
											id = "vehicle/plane/douglas_dc4_v2/close_wheels/gear1_c1_lft.ani",
										},
										type = "FILE_REF",
									},
									flaps = {
										params = {
											id = "vehicle/plane/douglas_dc4_v2/flaps/gear1_c1_lft.ani",
										},
										type = "FILE_REF",
									},
									open_wheels = {
										params = {
											id = "vehicle/plane/douglas_dc4_v2/open_wheels/gear1_c1_lft.ani",
										},
										type = "FILE_REF",
									},
								},
								materials = { "vehicle/plane/douglas_dc4_v2/douglas_body_additional.mtl", },
								mesh = "vehicle/plane/douglas_dc4_v2/gear1_c1_lft_lod0.msh",
								name = "gear1_c1_lft",
								transf = { 0.99917751550674, 0, -0.04054881632328, 0, 0, 1, 0, 0, 0.04054881632328, 0, 0.99917751550674, 0, 0.13828273117542, 3.9140582084656, 0.61023032665253, 1, },
							},
							{
								animations = {
									close_wheels = {
										params = {
											id = "vehicle/plane/douglas_dc4_v2/close_wheels/gear1_c2_lft.ani",
										},
										type = "FILE_REF",
									},
									flaps = {
										params = {
											id = "vehicle/plane/douglas_dc4_v2/flaps/gear1_c2_lft.ani",
										},
										type = "FILE_REF",
									},
									open_wheels = {
										params = {
											id = "vehicle/plane/douglas_dc4_v2/open_wheels/gear1_c2_lft.ani",
										},
										type = "FILE_REF",
									},
								},
								materials = { "vehicle/plane/douglas_dc4_v2/douglas_body_additional.mtl", },
								mesh = "vehicle/plane/douglas_dc4_v2/gear1_c2_lft_lod0.msh",
								name = "gear1_c2_lft",
								transf = { 0.99948960542679, 0, 0.031946614384651, 0, 0, 1, 0, 0, -0.031946614384651, 0, 0.99948960542679, 0, 1.5970344543457, 3.9140679836273, 2.4845418930054, 1, },
							},
						},
						name = "gear_lft_grp",
						transf = { 1, 0, 0, 0, 0, 1, 0, 0, 0, 0, 1, 0, 0, 0, 0, 1, },
					},
					{
						children = {
							{
								animations = {
									close_wheels = {
										params = {
											id = "vehicle/plane/douglas_dc4_v2/close_wheels/gear_d1_left_rgt.ani",
										},
										type = "FILE_REF",
									},
									open_wheels = {
										params = {
											id = "vehicle/plane/douglas_dc4_v2/open_wheels/gear_d1_left_rgt.ani",
										},
										type = "FILE_REF",
									},
								},
								materials = { "vehicle/plane/douglas_dc4_v2/douglas_body_additional.mtl", },
								mesh = "vehicle/plane/douglas_dc4_v2/gear_d1_left_rgt_lod0.msh",
								name = "gear_d1_left_rgt",
								transf = { 1, 0, 0, 0, 0, 1, 0, 0, 0, 0, 1, 0, 2.9276804924011, -3.2983314990997, 2.2756986618042, 1, },
							},
							{
								animations = {
									close_wheels = {
										params = {
											id = "vehicle/plane/douglas_dc4_v2/close_wheels/gear_d2_left_rgt.ani",
										},
										type = "FILE_REF",
									},
									open_wheels = {
										params = {
											id = "vehicle/plane/douglas_dc4_v2/open_wheels/gear_d2_left_rgt.ani",
										},
										type = "FILE_REF",
									},
								},
								materials = { "vehicle/plane/douglas_dc4_v2/douglas_body_additional.mtl", },
								mesh = "vehicle/plane/douglas_dc4_v2/gear_d2_left_rgt_lod0.msh",
								name = "gear_d2_left_rgt",
								transf = { 1, 0, 0, 0, 0, 1, 0, 0, 0, 0, 1, 0, 0.64314329624176, -3.4331369400024, 2.1413431167603, 1, },
							},
							{
								animations = {
									close_wheels = {
										params = {
											id = "vehicle/plane/douglas_dc4_v2/close_wheels/gear_d1_right_rgt.ani",
										},
										type = "FILE_REF",
									},
									open_wheels = {
										params = {
											id = "vehicle/plane/douglas_dc4_v2/open_wheels/gear_d1_right_rgt.ani",
										},
										type = "FILE_REF",
									},
								},
								materials = { "vehicle/plane/douglas_dc4_v2/douglas_body_additional.mtl", },
								mesh = "vehicle/plane/douglas_dc4_v2/gear_d1_right_rgt_lod0.msh",
								name = "gear_d1_right_rgt",
								transf = { 1, 0, 0, 0, 0, 1, 0, 0, 0, 0, 1, 0, 2.9276809692383, -4.4812064170837, 2.3128027915955, 1, },
							},
							{
								animations = {
									close_wheels = {
										params = {
											id = "vehicle/plane/douglas_dc4_v2/close_wheels/gear_d2_right_rgt.ani",
										},
										type = "FILE_REF",
									},
									open_wheels = {
										params = {
											id = "vehicle/plane/douglas_dc4_v2/open_wheels/gear_d2_right_rgt.ani",
										},
										type = "FILE_REF",
									},
								},
								materials = { "vehicle/plane/douglas_dc4_v2/douglas_body_additional.mtl", },
								mesh = "vehicle/plane/douglas_dc4_v2/gear_d2_right_rgt_lod0.msh",
								name = "gear_d2_right_rgt",
								transf = { 1, 0, 0, 0, 0, 1, 0, 0, 0, 0, 1, 0, 0.64314305782318, -4.3975849151611, 2.2318120002747, 1, },
							},
							{
								animations = {
									close_wheels = {
										params = {
											id = "vehicle/plane/douglas_dc4_v2/close_wheels/gear_d3_rgt.ani",
										},
										type = "FILE_REF",
									},
									open_wheels = {
										params = {
											id = "vehicle/plane/douglas_dc4_v2/open_wheels/gear_d3_rgt.ani",
										},
										type = "FILE_REF",
									},
								},
								materials = { "vehicle/plane/douglas_dc4_v2/douglas_body_additional.mtl", },
								mesh = "vehicle/plane/douglas_dc4_v2/gear_d3_rgt_lod0.msh",
								name = "gear_d3_rgt",
								transf = { 1, 0, 0, 0, 0, 1, 0, 0, 0, 0, 1, 0, -0.13510419428349, -3.8697829246521, 2.0666279792786, 1, },
							},
							{
								animations = {
									close_wheels = {
										params = {
											id = "vehicle/plane/douglas_dc4_v2/close_wheels/gear1_rgt.ani",
										},
										type = "FILE_REF",
									},
									open_wheels = {
										params = {
											id = "vehicle/plane/douglas_dc4_v2/open_wheels/gear1_rgt.ani",
										},
										type = "FILE_REF",
									},
								},
								children = {
									{
										materials = { "vehicle/plane/douglas_dc4_v2/douglas_body_additional.mtl", },
										mesh = "vehicle/plane/douglas_dc4_v2/w3_rgt_lod0.msh",
										name = "w3_rgt",
										transf = { 1, 0, 0, 0, 0, 1, 0, 0, 0, 0, 1, 0, -0.13832977414131, -4.7683715820313e-07, -1.8147913217545, 1, },
									},
								},
								materials = { "vehicle/plane/douglas_dc4_v2/douglas_body_additional.mtl", },
								mesh = "vehicle/plane/douglas_dc4_v2/gear1_rgt_lod0.msh",
								name = "gear1_rgt",
								transf = { 1, 0, 0, 0, 0, 1, 0, 0, 0, 0, 1, 0, 0.27276629209518, -3.9140532016754, 2.327849149704, 1, },
							},
							{
								animations = {
									close_wheels = {
										params = {
											id = "vehicle/plane/douglas_dc4_v2/close_wheels/gear1_c1_rgt.ani",
										},
										type = "FILE_REF",
									},
									open_wheels = {
										params = {
											id = "vehicle/plane/douglas_dc4_v2/open_wheels/gear1_c1_rgt.ani",
										},
										type = "FILE_REF",
									},
								},
								materials = { "vehicle/plane/douglas_dc4_v2/douglas_body_additional.mtl", },
								mesh = "vehicle/plane/douglas_dc4_v2/gear1_c1_rgt_lod0.msh",
								name = "gear1_c1_rgt",
								transf = { 1, 0, -3.1491542813455e-06, 0, 0, 1, 0, 0, 3.1491542813455e-06, 0, 1, 0, 0.12258496135473, -3.9140536785126, 0.6227114200592, 1, },
							},
							{
								animations = {
									close_wheels = {
										params = {
											id = "vehicle/plane/douglas_dc4_v2/close_wheels/gear1_c2_rgt.ani",
										},
										type = "FILE_REF",
									},
									open_wheels = {
										params = {
											id = "vehicle/plane/douglas_dc4_v2/open_wheels/gear1_c2_rgt.ani",
										},
										type = "FILE_REF",
									},
								},
								materials = { "vehicle/plane/douglas_dc4_v2/douglas_body_additional.mtl", },
								mesh = "vehicle/plane/douglas_dc4_v2/gear1_c2_rgt_lod0.msh",
								name = "gear1_c2_rgt",
								transf = { 1, 0, 2.5321960492874e-06, 0, 0, 1, 0, 0, -2.5321960492874e-06, 0, 1, 0, 1.5067870616913, -3.9140596389771, 2.3383121490479, 1, },
							},
						},
						name = "gear_rgt_grp",
						transf = { 1, 0, 0, 0, 0, 1, 0, 0, 0, 0, 1, 0, 0, 0, 0, 1, },
					},
					{
						animations = {
							close_doors_left = {
								params = {
									id = "vehicle/plane/douglas_dc4_v2/close_doors_left/d1.ani",
								},
								type = "FILE_REF",
							},
							open_doors_left = {
								params = {
									id = "vehicle/plane/douglas_dc4_v2/open_doors_left/d1.ani",
								},
								type = "FILE_REF",
							},
						},
						children = {
							{
								animations = {
									open_doors_left = {
										params = {
											id = "vehicle/plane/douglas_dc4_v2/open_doors_left/d1_g.ani",
										},
										type = "FILE_REF",
									},
								},
								materials = { "vehicle/plane/douglas_dc4_v2/douglas_body_additional.mtl", },
								mesh = "vehicle/plane/douglas_dc4_v2/d1_g_lod0.msh",
								name = "d1_g",
								transf = { 1, 0, 0, 0, 0, 1, 0, 0, 0, 0, 1, 0, -0.56800001859665, -0.046503856778145, 0.17204102873802, 1, },
							},
						},
						materials = { "vehicle/plane/douglas_dc4_v2/douglas_body_main.mtl", "vehicle/plane/douglas_dc4_v2/douglas_body_main_doors.mtl", },
						mesh = "vehicle/plane/douglas_dc4_v2/d1_lod0.msh",
						name = "d1",
						transf = { 1, 0, 0, 0, 0, 1, 0, 0, 0, 0, 1, 0, -7.6160001754761, 1.5529999732971, 3.5759587287903, 1, },
					},
					{
						materials = { "vehicle/plane/douglas_dc4_v2/douglas_body_interior.mtl", },
						mesh = "vehicle/plane/douglas_dc4_v2/interior_lod0.msh",
						name = "interior",
						transf = { 1, 0, 0, 0, 0, 1, 0, 0, 0, 0, 1, 0, 0, 0, 0, 1, },
					},
					{
						materials = { "vehicle/plane/emissive/plane_all_lights.mtl", },
						mesh = "vehicle/plane/douglas_dc4_v2/beaconlights_lod0.msh",
						name = "beaconlights",
						transf = { 1, 0, 0, 0, 0, 1, 0, 0, 0, 0, 1, 0, 0, 0, 0, 1, },
					},
					{
						materials = { "vehicle/plane/emissive/plane_all_lights.mtl", },
						mesh = "vehicle/plane/douglas_dc4_v2/positionlights_lod0.msh",
						name = "positionlights",
						transf = { 1, 0, 0, 0, 0, 1, 0, 0, 0, 0, 1, 0, 0, 0, 0, 1, },
					},
					{
						materials = { "vehicle/plane/emissive/plane_strobe_light.mtl", },
						mesh = "vehicle/plane/douglas_dc4_v2/strobelights_lod0.msh",
						name = "strobelights",
						transf = { 1, 0, 0, 0, 0, 1, 0, 0, 0, 0, 1, 0, 0, 0, 0, 1, },
					},
					{
						animations = {
							close_wheels = {
								params = {
									id = "vehicle/plane/douglas_dc4_v2/close_wheels/g_landinglights_wings.ani",
								},
								type = "FILE_REF",
							},
							open_wheels = {
								params = {
									id = "vehicle/plane/douglas_dc4_v2/open_wheels/g_landinglights_wings.ani",
								},
								type = "FILE_REF",
							},
						},
						children = {
							{
								materials = { "vehicle/plane/emissive/plane_all_lights.mtl", },
								mesh = "vehicle/plane/douglas_dc4_v2/langinglights_wings_lod0.msh",
								name = "langinglights_wings",
								transf = { 1, 0, 1.3234889800848e-23, 0, 0, 1, 0, 0, -1.3234889800848e-23, 0, 1, 0, 2.3841855067985e-07, 0, -4.4703483581543e-07, 1, },
							},
						},
						materials = { "vehicle/plane/douglas_dc4_v2/douglas_body_additional.mtl", },
						mesh = "vehicle/plane/douglas_dc4_v2/g_landinglights_wings_lod0.msh",
						name = "g_landinglights_wings",
						transf = { -4.3711388286738e-08, 0, 1, 0, 0, 1, 0, 0, -1, 0, -4.3711388286738e-08, 0, 0.49991321563721, 0, 2.5138907432556, 1, },
					},
					{
						name = "comp",
						transf = { 1, 0, 0, 0, 0, 1, 0, 0, 0, 0, 1, 0, 0, 0, 0, 1, },
					},
				},
				name = "RootNode",
				transf = { 1, 0, 0, 0, 0, 1, 0, 0, 0, 0, 1, 0, 0, 0, 0, 1, },
			},
			static = false,
			visibleFrom = 0,
			visibleTo = 100,
		},
		{
			node = {
				children = {
					{
						materials = { "vehicle/plane/douglas_dc4_v2/douglas_body_additional.mtl", "vehicle/plane/douglas_dc4_v2/douglas_body_main_lod.mtl", },
						mesh = "vehicle/plane/douglas_dc4_v2/body_lod1.msh",
						name = "body",
						transf = { 1, 0, 0, 0, 0, 1, 0, 0, 0, 0, 1, 0, 0, 0, 0, 1, },
					},
					{
						materials = { "vehicle/plane/douglas_dc4_v2/douglas_body_main_lod.mtl", },
						mesh = "vehicle/plane/douglas_dc4_v2/aileron_lft_lod1.msh",
						name = "aileron_lft",
						transf = { 0.074993707239628, 0.99261093139648, 0.095390379428864, 0, -0.96984142065048, 0.094850286841393, -0.22452406585217, 0, -0.23191286623478, -0.075675651431084, 0.96978843212128, 0, -0.14362791180611, 14.98415851593, 3.8157114982605, 1, },
					},
					{
						materials = { "vehicle/plane/douglas_dc4_v2/douglas_body_main_lod.mtl", },
						mesh = "vehicle/plane/douglas_dc4_v2/aileron_rgt_lod1.msh",
						name = "aileron_rgt",
						transf = { -0.07546491920948, 0.99103820323944, -0.11021909117699, 0, -0.008367988280952, 0.10990097373724, 0.9939072728157, 0, 0.99711334705353, 0.075927443802357, -6.7233702338854e-07, 0, -0.17043037712574, -14.632177352905, 3.734931230545, 1, },
					},
					{
						materials = { "vehicle/plane/douglas_dc4_v2/douglas_body_main_lod.mtl", },
						mesh = "vehicle/plane/douglas_dc4_v2/rudder_lod1.msh",
						name = "rudder",
						transf = { 1, 0, 0, 0, 0, 1, 0, 0, 0, 0, 1, 0, -14.783839225769, -2.0861625671387e-07, 6.9292583465576, 1, },
					},
					{
						materials = { "vehicle/plane/douglas_dc4_v2/douglas_body_main_lod.mtl", },
						mesh = "vehicle/plane/douglas_dc4_v2/elevator_lod1.msh",
						name = "elevator",
						transf = { 6.1232342629258e-17, 1, 0, 0, -1, 6.1232342629258e-17, -1.2325950468584e-31, 0, -1.2325950468584e-31, 0, 1, 0, -15.112609863281, 0, 3.7387382984161, 1, },
					},
					{
						materials = { "vehicle/plane/douglas_dc4_v2/douglas_body_additional.mtl", },
						mesh = "vehicle/plane/douglas_dc4_v2/rotor1_lft_lod1.msh",
						name = "rotor1_lft",
						transf = { 1, 0, 0, 0, 0, 0.70710676908493, 0.70710676908493, 0, 0, -0.70710676908493, 0.70710676908493, 0, 5.2034559249878, 3.871208190918, 2.7557747364044, 1, },
					},
					{
						materials = { "vehicle/plane/douglas_dc4_v2/douglas_body_additional.mtl", },
						mesh = "vehicle/plane/douglas_dc4_v2/rotor1_lft_lod1.msh",
						name = "rotor2_lft",
						transf = { 1, 0, 0, 0, 0, 0.90630781650543, 0.42261826992035, 0, 0, -0.42261826992035, 0.90630781650543, 0, 4.4575524330139, 8.3280563354492, 3.2723491191864, 1, },
					},
					{
						materials = { "vehicle/plane/douglas_dc4_v2/douglas_body_additional.mtl", },
						mesh = "vehicle/plane/douglas_dc4_v2/rotor1_lft_lod1.msh",
						name = "rotor1_rgt",
						transf = { 1, 0, 0, 0, 0, 0.89100652933121, -0.45399045944214, 0, 0, 0.45399045944214, 0.89100652933121, 0, 5.2034549713135, -3.871208190918, 2.755774974823, 1, },
					},
					{
						materials = { "vehicle/plane/douglas_dc4_v2/douglas_body_additional.mtl", },
						mesh = "vehicle/plane/douglas_dc4_v2/rotor1_lft_lod1.msh",
						name = "rotor2_rgt",
						transf = { 1, 0, 0, 0, 0, 0.95105654001236, 0.30901700258255, 0, 0, -0.30901700258255, 0.95105654001236, 0, 4.4575519561768, -8.3280544281006, 3.2723491191864, 1, },
					},
					{
						materials = { "vehicle/plane/douglas_dc4_v2/douglas_body_additional.mtl", "vehicle/plane/douglas_dc4_v2/douglas_rotor.mtl", },
						mesh = "vehicle/plane/douglas_dc4_v2/rotor1b_lft_lod1.msh",
						name = "rotor1b_lft",
						transf = { 1, 0, 0, 0, 0, 0.70710676908493, 0.70710676908493, 0, 0, -0.70710676908493, 0.70710676908493, 0, 4.6295876502991, 3.871208190918, 2.7557747364044, 1, },
					},
					{
						materials = { "vehicle/plane/douglas_dc4_v2/douglas_body_additional.mtl", "vehicle/plane/douglas_dc4_v2/douglas_rotor.mtl", },
						mesh = "vehicle/plane/douglas_dc4_v2/rotor1b_lft_lod1.msh",
						name = "rotor2b_lft",
						transf = { 1, 0, 0, 0, 0, 0.90630781650543, 0.42261826992035, 0, 0, -0.42261826992035, 0.90630781650543, 0, 3.8839552402496, 8.3280563354492, 3.2723491191864, 1, },
					},
					{
						materials = { "vehicle/plane/douglas_dc4_v2/douglas_body_additional.mtl", "vehicle/plane/douglas_dc4_v2/douglas_rotor.mtl", },
						mesh = "vehicle/plane/douglas_dc4_v2/rotor1b_lft_lod1.msh",
						name = "rotor1b_rgt",
						transf = { 1, 0, 0, 0, 0, 0.89100652933121, -0.45399045944214, 0, 0, 0.45399045944214, 0.89100652933121, 0, 4.6295871734619, -3.871208190918, 2.755774974823, 1, },
					},
					{
						materials = { "vehicle/plane/douglas_dc4_v2/douglas_body_additional.mtl", "vehicle/plane/douglas_dc4_v2/douglas_rotor.mtl", },
						mesh = "vehicle/plane/douglas_dc4_v2/rotor1b_lft_lod1.msh",
						name = "rotor2b_rgt",
						transf = { 1, 0, 0, 0, 0, 0.95105654001236, 0.30901700258255, 0, 0, -0.30901700258255, 0.95105654001236, 0, 3.883683681488, -8.3280544281006, 3.2723491191864, 1, },
					},
					{
						animations = {
							flaps = {
								params = {
									id = "vehicle/plane/douglas_dc4_v2/flaps/flap_lft.ani",
								},
								type = "FILE_REF",
							},
						},
						materials = { "vehicle/plane/douglas_dc4_v2/douglas_body_main_lod.mtl", },
						mesh = "vehicle/plane/douglas_dc4_v2/flap_lft_lod1.msh",
						name = "flap_lft",
						transf = { 0.081684738397598, 0.99074786901474, 0.10838036984205, 0, 0.065169803798199, -0.11382059752941, 0.9913614988327, 0, 0.99452519416809, -0.073915988206863, -0.073864243924618, 0, -0.61966747045517, 6.4831686019897, 2.822057723999, 1, },
					},
					{
						animations = {
							flaps = {
								params = {
									id = "vehicle/plane/douglas_dc4_v2/flaps/flap_rgt.ani",
								},
								type = "FILE_REF",
							},
						},
						materials = { "vehicle/plane/douglas_dc4_v2/douglas_body_main_lod.mtl", },
						mesh = "vehicle/plane/douglas_dc4_v2/flap_rgt_lod1.msh",
						name = "flap_rgt",
