function data()
return {
	boundingInfo = {
		bbMax = { 13.907000541687, 20.114540100098, 11.772998809814, },
		bbMin = { -16.004398345947, -20.114540100098, -0.0089274644851685, },
	},
	collider = {
		params = {
			halfExtents = { 14.955699920654, 20.114540100098, 5.8909630775452, },
		},
		transf = { 1, 0, 0, 0, 0, 1, 0, 0, 0, 0, 1, 0, 0, 0, 0, 1, },
		type = "BOX",
	},
	lods = {
		{
			node = {
				children = {
					{
						materials = { "vehicle/plane/hercules_l100_v2/hercules_l100_additional.mtl", "vehicle/plane/hercules_l100_v2/hercules_l100_main.mtl", "vehicle/plane/hercules_l100_v2/hercules_l100_main_glass.mtl", "vehicle/plane/hercules_l100_v2/hercules_l100_interior.mtl", },
						mesh = "vehicle/plane/hercules_l100_v2/body_lod0.msh",
						name = "body",
						transf = { 1, 0, 0, 0, 0, 1, 0, 0, 0, 0, 1, 0, 0, 0, 0, 1, },
					},
					{
						children = {
							{
								materials = { "vehicle/plane/hercules_l100_v2/hercules_l100_interior_glass.mtl", "vehicle/plane/hercules_l100_v2/hercules_l100_main_glass.mtl", },
								mesh = "vehicle/plane/hercules_l100_v2/glass1_left_frt_lod0.msh",
								name = "glass1_left_frt",
								transf = { 1, 0, 0, 0, 0, 1, 0, 0, 0, 0, 1, 0, 12.154750823975, 0.5339469909668, 3.6713855266571, 1, },
							},
							{
								materials = { "vehicle/plane/hercules_l100_v2/hercules_l100_interior_glass.mtl", "vehicle/plane/hercules_l100_v2/hercules_l100_main_glass.mtl", },
								mesh = "vehicle/plane/hercules_l100_v2/glass2_left_frt_lod0.msh",
								name = "glass2_left_frt",
								transf = { 1, 0, 0, 0, 0, 1, 0, 0, 0, 0, 1, 0, 11.885350227356, 0.84647750854492, 3.6736943721771, 1, },
							},
							{
								materials = { "vehicle/plane/hercules_l100_v2/hercules_l100_interior_glass.mtl", "vehicle/plane/hercules_l100_v2/hercules_l100_main_glass.mtl", },
								mesh = "vehicle/plane/hercules_l100_v2/glass3_left_frt_lod0.msh",
								name = "glass3_left_frt",
								transf = { 1, 0, 0, 0, 0, 1, 0, 0, 0, 0, 1, 0, 11.701648712158, 1.0281105041504, 3.6730251312256, 1, },
							},
							{
								materials = { "vehicle/plane/hercules_l100_v2/hercules_l100_interior_glass.mtl", "vehicle/plane/hercules_l100_v2/hercules_l100_main_glass.mtl", },
								mesh = "vehicle/plane/hercules_l100_v2/glass4_left_frt_lod0.msh",
								name = "glass4_left_frt",
								transf = { 1, 0, 0, 0, 0, 1, 0, 0, 0, 0, 1, 0, 11.344449996948, 1.1719759702682, 3.6730251312256, 1, },
							},
							{
								materials = { "vehicle/plane/hercules_l100_v2/hercules_l100_interior_glass.mtl", "vehicle/plane/hercules_l100_v2/hercules_l100_main_glass.mtl", },
								mesh = "vehicle/plane/hercules_l100_v2/glass1_center_frt_lod0.msh",
								name = "glass1_center_frt",
								transf = { 1, 0, 0, 0, 0, 1, 0, 0, 0, 0, 1, 0, 12.258350372314, -4.9173831939697e-07, 3.7243404388428, 1, },
							},
							{
								materials = { "vehicle/plane/hercules_l100_v2/hercules_l100_interior_glass.mtl", "vehicle/plane/hercules_l100_v2/hercules_l100_main_glass.mtl", },
								mesh = "vehicle/plane/hercules_l100_v2/glass1_right_frt_lod0.msh",
								name = "glass1_right_frt",
								transf = { 1, 0, 0, 0, 0, 1, 0, 0, 0, 0, 1, 0, 12.154750823975, -0.53394901752472, 3.6713855266571, 1, },
							},
							{
								materials = { "vehicle/plane/hercules_l100_v2/hercules_l100_interior_glass.mtl", "vehicle/plane/hercules_l100_v2/hercules_l100_main_glass.mtl", },
								mesh = "vehicle/plane/hercules_l100_v2/glass2_right_frt_lod0.msh",
								name = "glass2_right_frt",
								transf = { 1, 0, 0, 0, 0, 1, 0, 0, 0, 0, 1, 0, 11.885350227356, -0.84647750854492, 3.6736943721771, 1, },
							},
							{
								materials = { "vehicle/plane/hercules_l100_v2/hercules_l100_interior_glass.mtl", "vehicle/plane/hercules_l100_v2/hercules_l100_main_glass.mtl", },
								mesh = "vehicle/plane/hercules_l100_v2/glass3_right_frt_lod0.msh",
								name = "glass3_right_frt",
								transf = { 1, 0, 0, 0, 0, 1, 0, 0, 0, 0, 1, 0, 11.701648712158, -1.0281119346619, 3.6730251312256, 1, },
							},
							{
								materials = { "vehicle/plane/hercules_l100_v2/hercules_l100_interior_glass.mtl", "vehicle/plane/hercules_l100_v2/hercules_l100_main_glass.mtl", },
								mesh = "vehicle/plane/hercules_l100_v2/glass4_right_frt_lod0.msh",
								name = "glass4_right_frt",
								transf = { 1, 0, 0, 0, 0, 1, 0, 0, 0, 0, 1, 0, 11.344449996948, -1.1719759702682, 3.6730251312256, 1, },
							},
							{
								materials = { "vehicle/plane/hercules_l100_v2/hercules_l100_interior_glass.mtl", "vehicle/plane/hercules_l100_v2/hercules_l100_main_glass.mtl", },
								mesh = "vehicle/plane/hercules_l100_v2/glass1_lft_lod0.msh",
								name = "glass1_lft",
								transf = { 1, 0, 0, 0, 0, 1, 0, 0, 0, 0, 1, 0, 7.4849882125854, 2.0080144405365, 2.0643908977509, 1, },
							},
							{
								materials = { "vehicle/plane/hercules_l100_v2/hercules_l100_interior_glass.mtl", "vehicle/plane/hercules_l100_v2/hercules_l100_main_glass.mtl", },
								mesh = "vehicle/plane/hercules_l100_v2/glass2_lft_lod0.msh",
								name = "glass2_lft",
								transf = { 1, 0, 0, 0, 0, 1, 0, 0, 0, 0, 1, 0, 5.3024997711182, 2.0080144405365, 2.0643908977509, 1, },
							},
							{
								materials = { "vehicle/plane/hercules_l100_v2/hercules_l100_interior_glass.mtl", "vehicle/plane/hercules_l100_v2/hercules_l100_main_glass.mtl", },
								mesh = "vehicle/plane/hercules_l100_v2/glass3_lft_lod0.msh",
								name = "glass3_lft",
								transf = { 1, 0, 0, 0, 0, 1, 0, 0, 0, 0, 1, 0, 4.129997253418, 2.0936095714569, 2.7411215305328, 1, },
							},
							{
								materials = { "vehicle/plane/hercules_l100_v2/hercules_l100_interior_glass.mtl", "vehicle/plane/hercules_l100_v2/hercules_l100_main_glass.mtl", },
								mesh = "vehicle/plane/hercules_l100_v2/glass4_lft_lod0.msh",
								name = "glass4_lft",
								transf = { 1, 0, 0, 0, 0, 1, 0, 0, 0, 0, 1, 0, -1.1026604175568, 2.0622351169586, 2.9509193897247, 1, },
							},
							{
								materials = { "vehicle/plane/hercules_l100_v2/hercules_l100_interior_glass.mtl", "vehicle/plane/hercules_l100_v2/hercules_l100_main_glass.mtl", },
								mesh = "vehicle/plane/hercules_l100_v2/glass5_lft_lod0.msh",
								name = "glass5_lft",
								transf = { 1, 0, 0, 0, 0, 1, 0, 0, 0, 0, 1, 0, -3.2870151996613, 2.0936045646667, 2.7596211433411, 1, },
							},
							{
								materials = { "vehicle/plane/hercules_l100_v2/hercules_l100_interior_glass.mtl", "vehicle/plane/hercules_l100_v2/hercules_l100_main_glass.mtl", },
								mesh = "vehicle/plane/hercules_l100_v2/glass1_rgt_lod0.msh",
								name = "glass1_rgt",
								transf = { 1, 0, 0, 0, 0, 1, 0, 0, 0, 0, 1, 0, 7.4849882125854, -2.0080149173737, 1.9666209220886, 1, },
							},
							{
								materials = { "vehicle/plane/hercules_l100_v2/hercules_l100_interior_glass.mtl", "vehicle/plane/hercules_l100_v2/hercules_l100_main_glass.mtl", },
								mesh = "vehicle/plane/hercules_l100_v2/glass2_rgt_lod0.msh",
								name = "glass2_rgt",
								transf = { 1, 0, 0, 0, 0, 1, 0, 0, 0, 0, 1, 0, 5.3024997711182, -2.0080149173737, 1.9666209220886, 1, },
							},
							{
								materials = { "vehicle/plane/hercules_l100_v2/hercules_l100_interior_glass.mtl", "vehicle/plane/hercules_l100_v2/hercules_l100_main_glass.mtl", },
								mesh = "vehicle/plane/hercules_l100_v2/glass3_rgt_lod0.msh",
								name = "glass3_rgt",
								transf = { 1, 0, 0, 0, 0, 1, 0, 0, 0, 0, 1, 0, 4.129997253418, -2.0936100482941, 2.7411215305328, 1, },
							},
							{
								materials = { "vehicle/plane/hercules_l100_v2/hercules_l100_interior_glass.mtl", "vehicle/plane/hercules_l100_v2/hercules_l100_main_glass.mtl", },
								mesh = "vehicle/plane/hercules_l100_v2/glass4_rgt_lod0.msh",
								name = "glass4_rgt",
								transf = { 1, 0, 0, 0, 0, 1, 0, 0, 0, 0, 1, 0, -1.1026604175568, -2.0622351169586, 2.9509193897247, 1, },
							},
							{
								materials = { "vehicle/plane/hercules_l100_v2/hercules_l100_interior_glass.mtl", "vehicle/plane/hercules_l100_v2/hercules_l100_main_glass.mtl", },
								mesh = "vehicle/plane/hercules_l100_v2/glass5_rgt_lod0.msh",
								name = "glass5_rgt",
								transf = { 1, 0, 0, 0, 0, 1, 0, 0, 0, 0, 1, 0, -3.2870151996613, -2.0936050415039, 2.7596211433411, 1, },
							},
						},
						name = "glass_grp",
						transf = { 1, 0, 0, 0, 0, 1, 0, 0, 0, 0, 1, 0, 0, 0, 0, 1, },
					},
					{
						materials = { "vehicle/plane/hercules_l100_v2/hercules_l100_interior.mtl", },
						mesh = "vehicle/plane/hercules_l100_v2/interior_lod0.msh",
						name = "interior",
						transf = { 1, 0, 0, 0, 0, 1, 0, 0, 0, 0, 1, 0, 0, 0, 0, 1, },
					},
					{
						materials = { "vehicle/plane/hercules_l100_v2/hercules_l100_additional.mtl", },
						mesh = "vehicle/plane/hercules_l100_v2/aileron_lft_lod0.msh",
						name = "aileron_lft",
						transf = { 0.04818619415164, 0.99781537055969, 0.045195154845715, 0, -0.0021800082176924, -0.04514255002141, 0.99897813796997, 0, 0.99883592128754, -0.048235483467579, -1.975541508159e-09, 0, 0.091246858239174, 16.760938644409, 4.9625616073608, 1, },
					},
					{
						materials = { "vehicle/plane/hercules_l100_v2/hercules_l100_additional.mtl", },
						mesh = "vehicle/plane/hercules_l100_v2/aileron_rgt_lod0.msh",
						name = "aileron_rgt",
						transf = { -0.048186179250479, 0.99781537055969, -0.045195154845715, 0, -0.0021800075192004, 0.04514255002141, 0.99897813796997, 0, 0.99883592128754, 0.048235464841127, -1.9755443947389e-09, 0, 0.091246858239174, -16.760938644409, 4.9625616073608, 1, },
					},
					{
						materials = { "vehicle/plane/hercules_l100_v2/hercules_l100_additional.mtl", },
						mesh = "vehicle/plane/hercules_l100_v2/rudder_lod0.msh",
						name = "rudder",
						transf = { 1, 0, 0, 0, 0, 1, 0, 0, 0, 0, 1, 0, -13.474899291992, 0, 11.772998809814, 1, },
					},
					{
						materials = { "vehicle/plane/hercules_l100_v2/hercules_l100_additional.mtl", },
						mesh = "vehicle/plane/hercules_l100_v2/elevator_lod0.msh",
						name = "elevator",
						transf = { 6.1232342629258e-17, 1, 0, 0, -1.6155444579905e-15, 9.8923574279184e-32, 1, 0, 1, -6.1232342629258e-17, 1.6155444579905e-15, 0, -12.886297225952, -1.8358230136073e-07, 4.6341586112976, 1, },
					},
					{
						materials = { "vehicle/plane/hercules_l100_v2/hercules_l100_additional.mtl", },
						mesh = "vehicle/plane/hercules_l100_v2/rotor1_lft_lod0.msh",
						name = "rotor1_lft",
						transf = { 1, 0, 0, 0, 0, 0.90630769729614, 0.42261826992035, 0, 0, -0.42261826992035, 0.90630769729614, 0, 4.7989993095398, 5.1349997520447, 4.0349998474121, 1, },
					},
					{
						materials = { "vehicle/plane/hercules_l100_v2/hercules_l100_additional.mtl", },
						mesh = "vehicle/plane/hercules_l100_v2/rotor1_lft_lod0.msh",
						name = "rotor2_lft",
						transf = { 1, 0, 0, 0, 0, 0.96592575311661, -0.25881904363632, 0, 0, 0.25881904363632, 0.96592575311661, 0, 4.7789998054504, 10.220001220703, 4.2249999046326, 1, },
					},
					{
						materials = { "vehicle/plane/hercules_l100_v2/hercules_l100_additional.mtl", },
						mesh = "vehicle/plane/hercules_l100_v2/rotor1_lft_lod0.msh",
						name = "rotor1_rgt",
						transf = { 1, 0, 0, 0, 0, 0.11320323497057, 0.99357187747955, 0, 0, -0.99357187747955, 0.11320323497057, 0, 4.7989993095398, -5.1399998664856, 4.0349998474121, 1, },
					},
					{
						materials = { "vehicle/plane/hercules_l100_v2/hercules_l100_additional.mtl", },
						mesh = "vehicle/plane/hercules_l100_v2/rotor1_lft_lod0.msh",
						name = "rotor2_rgt",
						transf = { 1, 0, 0, 0, 0, 0.84804809093475, -0.52991926670074, 0, 0, 0.52991926670074, 0.84804809093475, 0, 4.7789998054504, -10.219999313354, 4.2249999046326, 1, },
					},
					{
						materials = { "vehicle/plane/hercules_l100_v2/hercules_l100_rotor.mtl", "vehicle/plane/hercules_l100_v2/hercules_l100_additional.mtl", },
						mesh = "vehicle/plane/hercules_l100_v2/rotor_b1_lft_lod0.msh",
						name = "rotor_b1_lft",
						transf = { 1, 0, 0, 0, 0, 0.90630769729614, 0.42261826992035, 0, 0, -0.42261826992035, 0.90630769729614, 0, 4.7989993095398, 5.1349997520447, 4.0349998474121, 1, },
					},
					{
						materials = { "vehicle/plane/hercules_l100_v2/hercules_l100_rotor.mtl", "vehicle/plane/hercules_l100_v2/hercules_l100_additional.mtl", },
						mesh = "vehicle/plane/hercules_l100_v2/rotor_b1_lft_lod0.msh",
						name = "rotor_b2_lft",
						transf = { 1, 0, 0, 0, 0, 0.96592575311661, -0.25881904363632, 0, 0, 0.25881904363632, 0.96592575311661, 0, 4.7789998054504, 10.220001220703, 4.2249999046326, 1, },
					},
					{
						materials = { "vehicle/plane/hercules_l100_v2/hercules_l100_rotor.mtl", "vehicle/plane/hercules_l100_v2/hercules_l100_additional.mtl", },
						mesh = "vehicle/plane/hercules_l100_v2/rotor_b1_lft_lod0.msh",
						name = "rotor_b1_rgt",
						transf = { 1, 0, 0, 0, 0, 0.11320323497057, 0.99357187747955, 0, 0, -0.99357187747955, 0.11320323497057, 0, 4.7989993095398, -5.1399998664856, 4.0349998474121, 1, },
					},
					{
						materials = { "vehicle/plane/hercules_l100_v2/hercules_l100_rotor.mtl", "vehicle/plane/hercules_l100_v2/hercules_l100_additional.mtl", },
						mesh = "vehicle/plane/hercules_l100_v2/rotor_b1_lft_lod0.msh",
						name = "rotor_b2_rgt",
						transf = { 1, 0, 0, 0, 0, 0.84804809093475, -0.52991926670074, 0, 0, 0.52991926670074, 0.84804809093475, 0, 4.7789998054504, -10.219999313354, 4.2249999046326, 1, },
					},
					{
						animations = {
							flaps = {
								params = {
									id = "vehicle/plane/hercules_l100_v2/flaps/flap1_lft.ani",
								},
								type = "FILE_REF",
							},
						},
						materials = { "vehicle/plane/hercules_l100_v2/hercules_l100_additional.mtl", },
						mesh = "vehicle/plane/hercules_l100_v2/flap1_lft_lod0.msh",
						name = "flap1_lft",
						transf = { 6.1232342629258e-17, 1, 0, 0, -1.1924880638503e-08, 7.3018829071145e-25, 1, 0, 1, -6.1232342629258e-17, 1.1924880638503e-08, 0, -1.2240281105042, 4.154700756073, 4.4305086135864, 1, },
					},
					{
						animations = {
							flaps = {
								params = {
									id = "vehicle/plane/hercules_l100_v2/flaps/flap2_lft.ani",
								},
								type = "FILE_REF",
							},
						},
						materials = { "vehicle/plane/hercules_l100_v2/hercules_l100_additional.mtl", },
						mesh = "vehicle/plane/hercules_l100_v2/flap2_lft_lod0.msh",
						name = "flap2_lft",
						transf = { 0.11728589981794, 0.99142819643021, 0.057568620890379, 0, -0.006763179320842, -0.05716997385025, 0.99834156036377, 0, 0.99307513237, -0.11748073250055, -2.4766249495656e-08, 0, -0.74084234237671, 9.8420534133911, 4.5670199394226, 1, },
					},
					{
						animations = {
							flaps = {
								params = {
									id = "vehicle/plane/hercules_l100_v2/flaps/flap1_rgt.ani",
								},
								type = "FILE_REF",
							},
						},
						materials = { "vehicle/plane/hercules_l100_v2/hercules_l100_additional.mtl", },
						mesh = "vehicle/plane/hercules_l100_v2/flap1_rgt_lod0.msh",
						name = "flap1_rgt",
						transf = { 6.1232342629258e-17, 1, 0, 0, 7.7932945430348e-08, -4.7720168309082e-24, 1, 0, 1, -6.1232342629258e-17, -7.7932945430348e-08, 0, -1.2240281105042, -4.154700756073, 4.4305086135864, 1, },
					},
					{
						animations = {
							flaps = {
								params = {
									id = "vehicle/plane/hercules_l100_v2/flaps/flap2_rgt.ani",
								},
								type = "FILE_REF",
							},
						},
						materials = { "vehicle/plane/hercules_l100_v2/hercules_l100_additional.mtl", },
						mesh = "vehicle/plane/hercules_l100_v2/flap2_rgt_lod0.msh",
						name = "flap2_rgt",
						transf = { -0.11728592216969, 0.99142819643021, -0.057568579912186, 0, -0.0067631481215358, 0.057169936597347, 0.99834156036377, 0, 0.99307513237, 0.11748075485229, -5.2646186077254e-08, 0, -0.74084234237671, -9.8420534133911, 4.5670199394226, 1, },
					},
					{
						children = {
							{
								animations = {
									close_wheels = {
										params = {
											id = "vehicle/plane/hercules_l100_v2/close_wheels/gear_d1_frt.ani",
										},
										type = "FILE_REF",
									},
									open_wheels = {
										params = {
											id = "vehicle/plane/hercules_l100_v2/open_wheels/gear_d1_frt.ani",
										},
										type = "FILE_REF",
									},
								},
								materials = { "vehicle/plane/hercules_l100_v2/hercules_l100_main.mtl", },
								mesh = "vehicle/plane/hercules_l100_v2/gear_d1_frt_lod0.msh",
								name = "gear_d1_frt",
								transf = { 1, 0, 0, 0, 0, 1, 0, 0, 0, 0, 1, 0, 12.362698554993, 0, 1.2301709651947, 1, },
							},
							{
								animations = {
									close_wheels = {
										params = {
											id = "vehicle/plane/hercules_l100_v2/close_wheels/gear_d2_frt.ani",
										},
										type = "FILE_REF",
									},
									open_wheels = {
										params = {
											id = "vehicle/plane/hercules_l100_v2/open_wheels/gear_d2_frt.ani",
										},
										type = "FILE_REF",
									},
								},
								materials = { "vehicle/plane/hercules_l100_v2/hercules_l100_main.mtl", },
								mesh = "vehicle/plane/hercules_l100_v2/gear_d2_frt_lod0.msh",
								name = "gear_d2_frt",
								transf = { 0.98162710666656, 0, -0.19080899655819, 0, 0, 1, 0, 0, 0.19080899655819, 0, 0.98162710666656, 0, 9.3174180984497, 0, 0.67355877161026, 1, },
							},
							{
								animations = {
									close_wheels = {
										params = {
											id = "vehicle/plane/hercules_l100_v2/close_wheels/gear_w1_steering_frt.ani",
										},
										type = "FILE_REF",
									},
									open_wheels = {
										params = {
											id = "vehicle/plane/hercules_l100_v2/open_wheels/gear_w1_steering_frt.ani",
										},
										type = "FILE_REF",
									},
								},
								children = {
									{
										materials = { "vehicle/plane/hercules_l100_v2/hercules_l100_main.mtl", },
										mesh = "vehicle/plane/hercules_l100_v2/w1_frt_lod0.msh",
										name = "w1_frt",
										transf = { 1, 0, 0, 0, 0, 1, 0, 0, 0, 0, 1, 0, 1.6093257837468e-09, 0, -1.0579999685287, 1, },
									},
								},
								materials = { "vehicle/plane/hercules_l100_v2/hercules_l100_main.mtl", },
								mesh = "vehicle/plane/hercules_l100_v2/gear_w1_steering_frt_lod0.msh",
								name = "gear_w1_steering_frt",
								transf = { 1, 0, 0, 0, 0, 1, 0, 0, 0, 0, 1, 0, 10.575280189514, 0, 1.5847098827362, 1, },
							},
							{
								animations = {
									close_wheels = {
										params = {
											id = "vehicle/plane/hercules_l100_v2/close_wheels/gear1_frt.ani",
										},
										type = "FILE_REF",
									},
									open_wheels = {
										params = {
											id = "vehicle/plane/hercules_l100_v2/open_wheels/gear1_frt.ani",
										},
										type = "FILE_REF",
									},
								},
								materials = { "vehicle/plane/hercules_l100_v2/hercules_l100_main.mtl", },
								mesh = "vehicle/plane/hercules_l100_v2/gear1_frt_lod0.msh",
								name = "gear1_frt",
								transf = { 0.93860083818436, 0, -0.34500509500504, 0, 0, 1, 0, 0, 0.34500509500504, 0, 0.93860083818436, 0, 9.9197826385498, 0, 0.62166821956635, 1, },
							},
							{
								animations = {
									close_wheels = {
										params = {
											id = "vehicle/plane/hercules_l100_v2/close_wheels/gear2_frt.ani",
										},
										type = "FILE_REF",
									},
									open_wheels = {
										params = {
											id = "vehicle/plane/hercules_l100_v2/open_wheels/gear2_frt.ani",
										},
										type = "FILE_REF",
									},
								},
								materials = { "vehicle/plane/hercules_l100_v2/hercules_l100_main.mtl", },
								mesh = "vehicle/plane/hercules_l100_v2/gear2_frt_lod0.msh",
								name = "gear2_frt",
								transf = { -0.97357881069183, 0, -0.22835095226765, 0, 0, 1, 0, 0, 0.22835095226765, 0, -0.97357881069183, 0, 9.9034080505371, 0, 0.90077114105225, 1, },
							},
						},
						name = "gear_frt",
						transf = { 1, 0, 0, 0, 0, 1, 0, 0, 0, 0, 1, 0, 0, 0, 0, 1, },
					},
					{
						children = {
							{
								animations = {
									close_wheels = {
										params = {
											id = "vehicle/plane/hercules_l100_v2/close_wheels/gear1_bck.ani",
										},
										type = "FILE_REF",
									},
									open_wheels = {
										params = {
											id = "vehicle/plane/hercules_l100_v2/open_wheels/gear1_bck.ani",
										},
										type = "FILE_REF",
									},
								},
								children = {
									{
										materials = { "vehicle/plane/hercules_l100_v2/hercules_l100_main.mtl", },
										mesh = "vehicle/plane/hercules_l100_v2/w2_lod0.msh",
										name = "w2",
										transf = { 1, 0, 0, 0, 0, 1, 0, 0, 0, 0, 1, 0, 0.74499982595444, -2.1500000953674, -0.39727592468262, 1, },
									},
									{
										materials = { "vehicle/plane/hercules_l100_v2/hercules_l100_main.mtl", },
										mesh = "vehicle/plane/hercules_l100_v2/w3_lod0.msh",
										name = "w3",
										transf = { 1, 0, 0, 0, 0, 1, 0, 0, 0, 0, 1, 0, -0.74500006437302, -2.1500000953674, -0.39727592468262, 1, },
									},
								},
								materials = { "vehicle/plane/hercules_l100_v2/hercules_l100_main.mtl", },
								mesh = "vehicle/plane/hercules_l100_v2/gear1_bck_lod0.msh",
								name = "gear1_bck",
								transf = { 1, 0, 0, 0, 0, 1, 0, 0, 0, 0, 1, 0, 0.74499982595444, 0, 1.0942759513855, 1, },
							},
							{
								animations = {
									close_wheels = {
										params = {
											id = "vehicle/plane/hercules_l100_v2/close_wheels/gear_d1_left_lft.ani",
										},
										type = "FILE_REF",
									},
									open_wheels = {
										params = {
											id = "vehicle/plane/hercules_l100_v2/open_wheels/gear_d1_left_lft.ani",
										},
										type = "FILE_REF",
									},
								},
								children = {
									{
										materials = { "vehicle/plane/emissive/plane_all_lights.mtl", },
										mesh = "vehicle/plane/hercules_l100_v2/landinglight_gear_lft_lod0.msh",
										name = "landinglight_gear_lft",
										transf = { -1, -8.7422776573476e-08, -1.2246468525852e-16, 0, 6.4967785817771e-08, -0.74314481019974, 0.66913056373596, 0, -5.8497256816281e-08, 0.66913056373596, 0.74314481019974, 0, -1.8650000095367, -2.8465592861176, 0.6364574432373, 1, },
									},
								},
								materials = { "vehicle/plane/hercules_l100_v2/hercules_l100_main.mtl", },
								mesh = "vehicle/plane/hercules_l100_v2/gear_d1_left_lft_lod0.msh",
								name = "gear_d1_left_lft",
								transf = { 1, 0, 0, 0, 0, 0.73727732896805, 0.67559015750885, 0, 0, -0.67559015750885, 0.73727732896805, 0, 0.63599985837936, 2.5412790775299, 1.4317400455475, 1, },
							},
							{
								animations = {
									close_wheels = {
										params = {
											id = "vehicle/plane/hercules_l100_v2/close_wheels/gear_d1_right_lft.ani",
										},
										type = "FILE_REF",
									},
									open_wheels = {
										params = {
											id = "vehicle/plane/hercules_l100_v2/open_wheels/gear_d1_right_lft.ani",
										},
										type = "FILE_REF",
									},
								},
								materials = { "vehicle/plane/hercules_l100_v2/hercules_l100_main.mtl", },
								mesh = "vehicle/plane/hercules_l100_v2/gear_d1_right_lft_lod0.msh",
								name = "gear_d1_right_lft",
								transf = { 1, 1.7484555314695e-07, -6.6002361555513e-15, 0, 6.6002361555513e-15, -7.5497894158616e-08, -1, 0, -1.7484555314695e-07, 1, -7.5497894158616e-08, 0, 0.63599985837936, 1.5534800291061, 0.77695691585541, 1, },
							},
							{
								animations = {
									close_wheels = {
										params = {
											id = "vehicle/plane/hercules_l100_v2/close_wheels/gear_d1_left_rgt.ani",
										},
										type = "FILE_REF",
									},
									open_wheels = {
										params = {
											id = "vehicle/plane/hercules_l100_v2/open_wheels/gear_d1_left_rgt.ani",
										},
										type = "FILE_REF",
									},
								},
								materials = { "vehicle/plane/hercules_l100_v2/hercules_l100_main.mtl", },
								mesh = "vehicle/plane/hercules_l100_v2/gear_d1_left_rgt_lod0.msh",
								name = "gear_d1_left_rgt",
								transf = { 1, 2.5146290621612e-22, -6.6002361555513e-15, 0, 6.6002361555513e-15, -7.5497894158616e-08, 1, 0, -2.5146290621612e-22, -1, -7.5497894158616e-08, 0, 0.63599985837936, -1.5534800291061, 0.77695691585541, 1, },
							},
							{
								animations = {
									close_wheels = {
										params = {
											id = "vehicle/plane/hercules_l100_v2/close_wheels/gear_d1_right_rgt.ani",
										},
										type = "FILE_REF",
									},
									open_wheels = {
										params = {
											id = "vehicle/plane/hercules_l100_v2/open_wheels/gear_d1_right_rgt.ani",
										},
										type = "FILE_REF",
									},
								},
								children = {
									{
										materials = { "vehicle/plane/emissive/plane_all_lights.mtl", },
										mesh = "vehicle/plane/hercules_l100_v2/landinglight_gear_rgt_lod0.msh",
										name = "landinglight_gear_rgt",
										transf = { 1, 0, 0, 0, 0, 0.74314481019974, 0.66913056373596, 0, 0, -0.66913056373596, 0.74314481019974, 0, -1.8650000095367, 2.8465592861176, 0.63645732402802, 1, },
									},
								},
								materials = { "vehicle/plane/hercules_l100_v2/hercules_l100_main.mtl", },
								mesh = "vehicle/plane/hercules_l100_v2/gear_d1_right_rgt_lod0.msh",
								name = "gear_d1_right_rgt",
								transf = { 1, 0, 0, 0, 0, 0.74314481019974, -0.66913056373596, 0, 0, 0.66913056373596, 0.74314481019974, 0, 0.63599985837936, -2.5412790775299, 1.4317400455475, 1, },
							},
						},
						name = "gear_bck",
						transf = { 1, 0, 0, 0, 0, 1, 0, 0, 0, 0, 1, 0, 0, 0, 0, 1, },
					},
					{
						animations = {
							close_doors_cargo = {
								params = {
									id = "vehicle/plane/hercules_l100_v2/close_doors_cargo/d1.ani",
								},
								type = "FILE_REF",
							},
							open_doors_cargo = {
								params = {
									id = "vehicle/plane/hercules_l100_v2/open_doors_cargo/d1.ani",
								},
								type = "FILE_REF",
							},
						},
						children = {
							{
								animations = {
									close_doors_cargo = {
										params = {
											id = "vehicle/plane/hercules_l100_v2/close_doors_cargo/g2_lft.ani",
										},
										type = "FILE_REF",
									},
									open_doors_cargo = {
										params = {
											id = "vehicle/plane/hercules_l100_v2/open_doors_cargo/g2_lft.ani",
										},
										type = "FILE_REF",
									},
								},
								materials = { "vehicle/plane/hercules_l100_v2/hercules_l100_main.mtl", },
								mesh = "vehicle/plane/hercules_l100_v2/g2_lft_lod0.msh",
								name = "g2_lft",
								transf = { 6.1232342629258e-17, -1, 0, 0, 0.99626135826111, 6.1003418740373e-17, -0.086389824748039, 0, 0.086389824748039, 5.2898510365496e-18, 0.99626135826111, 0, -3.0539076328278, -1.5340000391006, 1.0717217922211, 1, },
							},
							{
								animations = {
									close_doors_cargo = {
										params = {
											id = "vehicle/plane/hercules_l100_v2/close_doors_cargo/g2_rgt.ani",
										},
										type = "FILE_REF",
									},
									open_doors_cargo = {
										params = {
											id = "vehicle/plane/hercules_l100_v2/open_doors_cargo/g2_rgt.ani",
										},
										type = "FILE_REF",
									},
								},
								materials = { "vehicle/plane/hercules_l100_v2/hercules_l100_main.mtl", },
								mesh = "vehicle/plane/hercules_l100_v2/g2_rgt_lod0.msh",
								name = "g2_rgt",
								transf = { 6.1232342629258e-17, -1, 0, 0, 0.99626135826111, 6.1003418740373e-17, -0.086389824748039, 0, 0.086389824748039, 5.2898510365496e-18, 0.99626135826111, 0, -3.0539076328278, 1.5340000391006, 1.0717217922211, 1, },
							},
						},
						materials = { "vehicle/plane/hercules_l100_v2/hercules_l100_main.mtl", },
						mesh = "vehicle/plane/hercules_l100_v2/d1_lod0.msh",
						name = "d1",
						transf = { 1, 0, 0, 0, 0, 1, 0, 0, 0, 0, 1, 0, -3.7758467197418, 0, 1.301481127739, 1, },
					},
					{
						animations = {
							close_doors_cargo = {
								params = {
									id = "vehicle/plane/hercules_l100_v2/close_doors_cargo/d2.ani",
								},
								type = "FILE_REF",
							},
							open_doors_cargo = {
								params = {
									id = "vehicle/plane/hercules_l100_v2/open_doors_cargo/d2.ani",
								},
								type = "FILE_REF",
							},
						},
						materials = { "vehicle/plane/hercules_l100_v2/hercules_l100_main.mtl", },
						mesh = "vehicle/plane/hercules_l100_v2/d2_lod0.msh",
						name = "d2",
						transf = { 1, 0, 0, 0, 0, 1, 0, 0, 0, 0, 1, 0, -11.287098884583, 0, 3.9600224494934, 1, },
					},
					{
						animations = {
							close_doors_cargo = {
								params = {
									id = "vehicle/plane/hercules_l100_v2/close_doors_cargo/g1_lft.ani",
								},
								type = "FILE_REF",
							},
							open_doors_cargo = {
								params = {
									id = "vehicle/plane/hercules_l100_v2/open_doors_cargo/g1_lft.ani",
								},
								type = "FILE_REF",
							},
						},
						materials = { "vehicle/plane/hercules_l100_v2/hercules_l100_main.mtl", },
						mesh = "vehicle/plane/hercules_l100_v2/g1_lft_lod0.msh",
						name = "g1_lft",
						transf = { 6.1232342629258e-17, -1, 0, 0, 0.99626135826111, 6.1003418740373e-17, -0.086389824748039, 0, 0.086389824748039, 5.2898510365496e-18, 0.99626135826111, 0, -6.6860003471375, -1.5340000391006, 4.0310001373291, 1, },
					},
					{
						animations = {
							close_doors_cargo = {
								params = {
									id = "vehicle/plane/hercules_l100_v2/close_doors_cargo/g1_rgt.ani",
								},
								type = "FILE_REF",
							},
							open_doors_cargo = {
								params = {
									id = "vehicle/plane/hercules_l100_v2/open_doors_cargo/g1_rgt.ani",
								},
								type = "FILE_REF",
							},
						},
						materials = { "vehicle/plane/hercules_l100_v2/hercules_l100_main.mtl", },
						mesh = "vehicle/plane/hercules_l100_v2/g1_rgt_lod0.msh",
						name = "g1_rgt",
						transf = { 6.1232342629258e-17, -1, 0, 0, 0.99626135826111, 6.1003418740373e-17, -0.086389824748039, 0, 0.086389824748039, 5.2898510365496e-18, 0.99626135826111, 0, -6.6860003471375, 1.5340000391006, 4.0310001373291, 1, },
					},
					{
						animations = {
							close_wheels = {
								params = {
									id = "vehicle/plane/hercules_l100_v2/close_wheels/g_landinglights_wing.ani",
								},
								type = "FILE_REF",
							},
							open_wheels = {
								params = {
									id = "vehicle/plane/hercules_l100_v2/open_wheels/g_landinglights_wing.ani",
								},
								type = "FILE_REF",
							},
						},
						children = {
							{
								materials = { "vehicle/plane/emissive/plane_all_lights.mtl", },
								mesh = "vehicle/plane/hercules_l100_v2/landinglights_wing_lod0.msh",
								name = "landinglights_wing",
								transf = { 1, 0, 0, 0, 0, 1, 0, 0, 0, 0, 1, 0, -2.9677498340607, 0, -4.4168319702148, 1, },
							},
						},
						materials = { "vehicle/plane/hercules_l100_v2/hercules_l100_additional.mtl", },
						mesh = "vehicle/plane/hercules_l100_v2/g_landinglights_wing_lod0.msh",
						name = "g_landinglights_wing",
						transf = { 1, 0, 0, 0, 0, 1, 0, 0, 0, 0, 1, 0, 2.3199880123138, 0, 4.5468320846558, 1, },
					},
					{
						materials = { "vehicle/plane/emissive/plane_all_lights.mtl", },
						mesh = "vehicle/plane/hercules_l100_v2/beaconlights_lod0.msh",
						name = "beaconlights",
						transf = { 1, 0, 0, 0, 0, 1, 0, 0, 0, 0, 1, 0, 0, 0, 0, 1, },
					},
					{
						materials = { "vehicle/plane/emissive/plane_all_lights.mtl", },
						mesh = "vehicle/plane/hercules_l100_v2/positionlights_lod0.msh",
						name = "positionlights",
						transf = { 1, 0, 0, 0, 0, 1, 0, 0, 0, 0, 1, 0, 0, 0, 0, 1, },
					},
					{
						materials = { "vehicle/plane/emissive/plane_strobe_light.mtl", },
						mesh = "vehicle/plane/hercules_l100_v2/strobelights_lod0.msh",
						name = "strobelights",
						transf = { 1, 0, 0, 0, 0, 1, 0, 0, 0, 0, 1, 0, 0, 0, 0, 1, },
					},
					{
						name = "comp_grp",
						transf = { 1, 0, 0, 0, 0, 1, 0, 0, 0, 0, 1, 0, 0, 0, 0, 1, },
					},
				},
				name = "RootNode",
				transf = { 1, 0, 0, 0, 0, 1, 0, 0, 0, 0, 1, 0, 0, 0, 0, 1, },
			},
			static = false,
			visibleFrom = 0,
			visibleTo = 100,
		},
		{
			node = {
				children = {
					{
						materials = { "vehicle/plane/hercules_l100_v2/hercules_l100_lod.mtl", "vehicle/plane/hercules_l100_v2/hercules_l100_additional.mtl", },
						mesh = "vehicle/plane/hercules_l100_v2/body_lod1.msh",
						name = "body",
						transf = { 1, 0, 0, 0, 0, 1, 0, 0, 0, 0, 1, 0, 0, 0, 0, 1, },
					},
					{
						materials = { "vehicle/plane/hercules_l100_v2/hercules_l100_interior_lod.mtl", },
						mesh = "vehicle/plane/hercules_l100_v2/interior_lod1.msh",
						name = "interior",
						transf = { 1, 0, 0, 0, 0, 1, 0, 0, 0, 0, 1, 0, 0, 0, 0, 1, },
					},
					{
						materials = { "vehicle/plane/hercules_l100_v2/hercules_l100_additional.mtl", },
						mesh = "vehicle/plane/hercules_l100_v2/aileron_lft_lod1.msh",
						name = "aileron_lft",
						transf = { 0.04818619042635, 0.99781537055969, 0.045195147395134, 0, -0.0021800107788295, -0.045142542570829, 0.99897813796997, 0, 0.99883592128754, -0.048235476016998, 1.1089882345772e-09, 0, 0.091246858239174, 16.760938644409, 4.9625616073608, 1, },
					},
					{
						materials = { "vehicle/plane/hercules_l100_v2/hercules_l100_additional.mtl", },
						mesh = "vehicle/plane/hercules_l100_v2/aileron_rgt_lod1.msh",
						name = "aileron_rgt",
						transf = { -0.048186179250479, 0.99781537055969, -0.045195162296295, 0, -0.002180129988119, 0.04514255002141, 0.99897813796997, 0, 0.99883592128754, 0.048235472291708, 1.2015804884413e-07, 0, 0.091246858239174, -16.760938644409, 4.9625616073608, 1, },
					},
					{
						materials = { "vehicle/plane/hercules_l100_v2/hercules_l100_additional.mtl", },
						mesh = "vehicle/plane/hercules_l100_v2/rudder_lod1.msh",
						name = "rudder",
						transf = { 1, 0, 0, 0, 0, 1, 0, 0, 0, 0, 1, 0, -13.474899291992, 0, 11.772998809814, 1, },
					},
					{
						materials = { "vehicle/plane/hercules_l100_v2/hercules_l100_additional.mtl", },
						mesh = "vehicle/plane/hercules_l100_v2/elevator_lod1.msh",
						name = "elevator",
						transf = { 6.1232342629258e-17, 1, 0, 0, -1.1924881526681e-08, 7.3018838931907e-25, 1, 0, 1, -6.1232342629258e-17, 1.1924881526681e-08, 0, -12.886297225952, -1.8358230136073e-07, 4.6341586112976, 1, },
					},
					{
						materials = { "vehicle/plane/hercules_l100_v2/hercules_l100_additional.mtl", },
						mesh = "vehicle/plane/hercules_l100_v2/rotor1_lft_lod1.msh",
						name = "rotor1_lft",
						transf = { 1, 0, 0, 0, 0, 0.90630769729614, 0.42261826992035, 0, 0, -0.42261826992035, 0.90630769729614, 0, 4.7989993095398, 5.1349997520447, 4.0349998474121, 1, },
					},
					{
						materials = { "vehicle/plane/hercules_l100_v2/hercules_l100_additional.mtl", },
						mesh = "vehicle/plane/hercules_l100_v2/rotor1_lft_lod1.msh",
						name = "rotor2_lft",
						transf = { 1, 0, 0, 0, 0, 0.96592575311661, -0.25881904363632, 0, 0, 0.25881904363632, 0.96592575311661, 0, 4.7789998054504, 10.220001220703, 4.2249999046326, 1, },
					},
					{
						materials = { "vehicle/plane/hercules_l100_v2/hercules_l100_additional.mtl", },
						mesh = "vehicle/plane/hercules_l100_v2/rotor1_lft_lod1.msh",
						name = "rotor1_rgt",
						transf = { 1, 0, 0, 0, 0, 0.11320323497057, 0.99357187747955, 0, 0, -0.99357187747955, 0.11320323497057, 0, 4.7989993095398, -5.1399998664856, 4.0349998474121, 1, },
					},
					{
						materials = { "vehicle/plane/hercules_l100_v2/hercules_l100_additional.mtl", },
						mesh = "vehicle/plane/hercules_l100_v2/rotor1_lft_lod1.msh",
						name = "rotor2_rgt",
						transf = { 1, 0, 0, 0, 0, 0.84804809093475, -0.52991926670074, 0, 0, 0.52991926670074, 0.84804809093475, 0, 4.7789998054504, -10.219999313354, 4.2249999046326, 1, },
					},
					{
						materials = { "vehicle/plane/hercules_l100_v2/hercules_l100_rotor.mtl", "vehicle/plane/hercules_l100_v2/hercules_l100_additional.mtl", },
						mesh = "vehicle/plane/hercules_l100_v2/rotor_b1_lft_lod1.msh",
						name = "rotor_b1_lft",
						transf = { 1, 0, 0, 0, 0, 0.90630769729614, 0.42261826992035, 0, 0, -0.42261826992035, 0.90630769729614, 0, 4.7989993095398, 5.1349997520447, 4.0349998474121, 1, },
					},
					{
						materials = { "vehicle/plane/hercules_l100_v2/hercules_l100_rotor.mtl", "vehicle/plane/hercules_l100_v2/hercules_l100_additional.mtl", },
						mesh = "vehicle/plane/hercules_l100_v2/rotor_b1_lft_lod1.msh",
						name = "rotor_b2_lft",
						transf = { 1, 0, 0, 0, 0, 0.96592575311661, -0.25881904363632, 0, 0, 0.25881904363632, 0.96592575311661, 0, 4.7789998054504, 10.220001220703, 4.2249999046326, 1, },
					},
					{
						materials = { "vehicle/plane/hercules_l100_v2/hercules_l100_rotor.mtl", "vehicle/plane/hercules_l100_v2/hercules_l100_additional.mtl", },
						mesh = "vehicle/plane/hercules_l100_v2/rotor_b1_lft_lod1.msh",
						name = "rotor_b1_rgt",
						transf = { 1, 0, 0, 0, 0, 0.11320323497057, 0.99357187747955, 0, 0, -0.99357187747955, 0.11320323497057, 0, 4.7989993095398, -5.1399998664856, 4.0349998474121, 1, },
					},
					{
						materials = { "vehicle/plane/hercules_l100_v2/hercules_l100_rotor.mtl", "vehicle/plane/hercules_l100_v2/hercules_l100_additional.mtl", },
						mesh = "vehicle/plane/hercules_l100_v2/rotor_b1_lft_lod1.msh",
						name = "rotor_b2_rgt",
						transf = { 1, 0, 0, 0, 0, 0.84804809093475, -0.52991926670074, 0, 0, 0.52991926670074, 0.84804809093475, 0, 4.7789998054504, -10.219999313354, 4.2249999046326, 1, },
					},
					{
						animations = {
							flaps = {
								params = {
									id = "vehicle/plane/hercules_l100_v2/flaps/flap1_lft.ani",
								},
								type = "FILE_REF",
							},
						},
						materials = { "vehicle/plane/hercules_l100_v2/hercules_l100_additional.mtl", },
						mesh = "vehicle/plane/hercules_l100_v2/flap1_lft_lod1.msh",
						name = "flap1_lft",
						transf = { 6.1232342629258e-17, 1, 0, 0, -1.1924880638503e-08, 7.3018829071145e-25, 1, 0, 1, -6.1232342629258e-17, 1.1924880638503e-08, 0, -1.2240281105042, 4.154700756073, 4.4305086135864, 1, },
					},
					{
						animations = {
							flaps = {
								params = {
									id = "vehicle/plane/hercules_l100_v2/flaps/flap2_lft.ani",
								},
								type = "FILE_REF",
							},
						},
						materials = { "vehicle/plane/hercules_l100_v2/hercules_l100_additional.mtl", },
						mesh = "vehicle/plane/hercules_l100_v2/flap2_lft_lod1.msh",
						name = "flap2_lft",
						transf = { 0.11728589981794, 0.99142819643021, 0.057568620890379, 0, -0.006763179320842, -0.05716997385025, 0.99834156036377, 0, 0.99307513237, -0.11748073250055, -2.4766249495656e-08, 0, -0.74084234237671, 9.8420534133911, 4.5670199394226, 1, },
					},
					{
						animations = {
							flaps = {
								params = {
									id = "vehicle/plane/hercules_l100_v2/flaps/flap1_rgt.ani",
								},
								type = "FILE_REF",
							},
						},
						materials = { "vehicle/plane/hercules_l100_v2/hercules_l100_additional.mtl", },
						mesh = "vehicle/plane/hercules_l100_v2/flap1_rgt_lod1.msh",
						name = "flap1_rgt",
						transf = { 6.1232342629258e-17, 1, 0, 0, 7.7932945430348e-08, -4.7720168309082e-24, 1, 0, 1, -6.1232342629258e-17, -7.7932945430348e-08, 0, -1.2240281105042, -4.154700756073, 4.4305086135864, 1, },
					},
					{
						animations = {
							flaps = {
								params = {
									id = "vehicle/plane/hercules_l100_v2/flaps/flap2_rgt.ani",
								},
								type = "FILE_REF",
							},
						},
						materials = { "vehicle/plane/hercules_l100_v2/hercules_l100_additional.mtl", },
						mesh = "vehicle/plane/hercules_l100_v2/flap2_rgt_lod1.msh",
						name = "flap2_rgt",
