function data()
return {
	boundingInfo = {
		bbMax = { 14.921099662781, 13.953399658203, 10.289999961853, },
		bbMin = { -15.030899047852, -13.953399658203, -0.00084680318832397, },
	},
	collider = {
		params = {
			halfExtents = { 14.975999832153, 13.953399658203, 5.145423412323, },
		},
		transf = { 1, 0, 0, 0, 0, 1, 0, 0, 0, 0, 1, 0, 0, 0, 0, 1, },
		type = "BOX",
	},
	lods = {
		{
			node = {
				children = {
					{
						materials = { "vehicle/plane/sukhoi_superjet_100_v2/ssj100.mtl", },
						mesh = "vehicle/plane/sukhoi_superjet_100_v2/body_lod0.msh",
						name = "body",
						transf = { 1, 0, 0, 0, 0, 1, 0, 0, 0, 0, 1, 0, 0, 0, 0, 1, },
					},
					{
						children = {
							{
								materials = { "vehicle/plane/sukhoi_superjet_100_v2/ssj100_interior_glass.mtl", "vehicle/plane/sukhoi_superjet_100_v2/ssj100_glass.mtl", },
								mesh = "vehicle/plane/sukhoi_superjet_100_v2/glass1_left_frt_lod0.msh",
								name = "glass1_left_frt",
								transf = { 1, 0, 0, 0, 0, 1, 0, 0, 0, 0, 1, 0, 13.061698913574, 0.48493146896362, 3.9545388221741, 1, },
							},
							{
								materials = { "vehicle/plane/sukhoi_superjet_100_v2/ssj100_interior_glass.mtl", "vehicle/plane/sukhoi_superjet_100_v2/ssj100_glass.mtl", },
								mesh = "vehicle/plane/sukhoi_superjet_100_v2/glass2_left_frt_lod0.msh",
								name = "glass2_left_frt",
								transf = { 1, 0, 0, 0, 0, 1, 0, 0, 0, 0, 1, 0, 12.618449211121, 1.0449739694595, 3.992199420929, 1, },
							},
							{
								materials = { "vehicle/plane/sukhoi_superjet_100_v2/ssj100_interior_glass.mtl", "vehicle/plane/sukhoi_superjet_100_v2/ssj100_glass.mtl", },
								mesh = "vehicle/plane/sukhoi_superjet_100_v2/glass3_left_frt_lod0.msh",
								name = "glass3_left_frt",
								transf = { 1, 0, 0, 0, 0, 1, 0, 0, 0, 0, 1, 0, 12.039098739624, 1.2132413387299, 3.9965355396271, 1, },
							},
							{
								materials = { "vehicle/plane/sukhoi_superjet_100_v2/ssj100_interior_glass.mtl", "vehicle/plane/sukhoi_superjet_100_v2/ssj100_glass.mtl", },
								mesh = "vehicle/plane/sukhoi_superjet_100_v2/glass1_right_frt_lod0.msh",
								name = "glass1_right_frt",
								transf = { 1, 0, 0, 0, 0, 1, 0, 0, 0, 0, 1, 0, 13.061698913574, -0.48493146896362, 3.9545388221741, 1, },
							},
							{
								materials = { "vehicle/plane/sukhoi_superjet_100_v2/ssj100_interior_glass.mtl", "vehicle/plane/sukhoi_superjet_100_v2/ssj100_glass.mtl", },
								mesh = "vehicle/plane/sukhoi_superjet_100_v2/glass2_right_frt_lod0.msh",
								name = "glass2_right_frt",
								transf = { 1, 0, 0, 0, 0, 1, 0, 0, 0, 0, 1, 0, 12.618449211121, -1.0449739694595, 3.992199420929, 1, },
							},
							{
								materials = { "vehicle/plane/sukhoi_superjet_100_v2/ssj100_interior_glass.mtl", "vehicle/plane/sukhoi_superjet_100_v2/ssj100_glass.mtl", },
								mesh = "vehicle/plane/sukhoi_superjet_100_v2/glass3_right_frt_lod0.msh",
								name = "glass3_right_frt",
								transf = { 1, 0, 0, 0, 0, 1, 0, 0, 0, 0, 1, 0, 12.039098739624, -1.2132413387299, 3.9965355396271, 1, },
							},
							{
								materials = { "vehicle/plane/sukhoi_superjet_100_v2/ssj100_interior_glass.mtl", "vehicle/plane/sukhoi_superjet_100_v2/ssj100_glass.mtl", },
								mesh = "vehicle/plane/sukhoi_superjet_100_v2/glass1_lft_lod0.msh",
								name = "glass1_lft",
								transf = { 1, 0, 0, 0, 0, 1, 0, 0, 0, 0, 1, 0, 8.0522947311401, 1.5980240106583, 3.7302093505859, 1, },
							},
							{
								materials = { "vehicle/plane/sukhoi_superjet_100_v2/ssj100_interior_glass.mtl", "vehicle/plane/sukhoi_superjet_100_v2/ssj100_glass.mtl", },
								mesh = "vehicle/plane/sukhoi_superjet_100_v2/glass2_lft_lod0.msh",
								name = "glass2_lft",
								transf = { 1, 0, 0, 0, 0, 1, 0, 0, 0, 0, 1, 0, 5.4952411651611, 1.5980240106583, 3.7302093505859, 1, },
							},
							{
								materials = { "vehicle/plane/sukhoi_superjet_100_v2/ssj100_interior_glass.mtl", "vehicle/plane/sukhoi_superjet_100_v2/ssj100_glass.mtl", },
								mesh = "vehicle/plane/sukhoi_superjet_100_v2/glass3_lft_lod0.msh",
								name = "glass3_lft",
								transf = { 1, 0, 0, 0, 0, 1, 0, 0, 0, 0, 1, 0, 2.5045785903931, 1.5980240106583, 3.7302093505859, 1, },
							},
							{
								materials = { "vehicle/plane/sukhoi_superjet_100_v2/ssj100_interior_glass.mtl", "vehicle/plane/sukhoi_superjet_100_v2/ssj100_glass.mtl", },
								mesh = "vehicle/plane/sukhoi_superjet_100_v2/glass4_lft_lod0.msh",
								name = "glass4_lft",
								transf = { 1, 0, 0, 0, 0, 1, 0, 0, 0, 0, 1, 0, -1.0098814964294, 1.5980240106583, 3.7302093505859, 1, },
							},
							{
								materials = { "vehicle/plane/sukhoi_superjet_100_v2/ssj100_interior_glass.mtl", "vehicle/plane/sukhoi_superjet_100_v2/ssj100_glass.mtl", },
								mesh = "vehicle/plane/sukhoi_superjet_100_v2/glass5_lft_lod0.msh",
								name = "glass5_lft",
								transf = { 1, 0, 0, 0, 0, 1, 0, 0, 0, 0, 1, 0, -4.9059000015259, 1.5925289392471, 3.7552692890167, 1, },
							},
							{
								materials = { "vehicle/plane/sukhoi_superjet_100_v2/ssj100_interior_glass.mtl", "vehicle/plane/sukhoi_superjet_100_v2/ssj100_glass.mtl", },
								mesh = "vehicle/plane/sukhoi_superjet_100_v2/glass1_rgt_lod0.msh",
								name = "glass1_rgt",
								transf = { 1, 0, 0, 0, 0, 1, 0, 0, 0, 0, 1, 0, 8.0522947311401, -1.5980240106583, 3.7302093505859, 1, },
							},
							{
								materials = { "vehicle/plane/sukhoi_superjet_100_v2/ssj100_interior_glass.mtl", "vehicle/plane/sukhoi_superjet_100_v2/ssj100_glass.mtl", },
								mesh = "vehicle/plane/sukhoi_superjet_100_v2/glass2_rgt_lod0.msh",
								name = "glass2_rgt",
								transf = { 1, 0, 0, 0, 0, 1, 0, 0, 0, 0, 1, 0, 5.4952411651611, -1.5980240106583, 3.7302093505859, 1, },
							},
							{
								materials = { "vehicle/plane/sukhoi_superjet_100_v2/ssj100_interior_glass.mtl", "vehicle/plane/sukhoi_superjet_100_v2/ssj100_glass.mtl", },
								mesh = "vehicle/plane/sukhoi_superjet_100_v2/glass3_rgt_lod0.msh",
								name = "glass3_rgt",
								transf = { 1, 0, 0, 0, 0, 1, 0, 0, 0, 0, 1, 0, 2.5045785903931, -1.5980240106583, 3.7302093505859, 1, },
							},
							{
								materials = { "vehicle/plane/sukhoi_superjet_100_v2/ssj100_interior_glass.mtl", "vehicle/plane/sukhoi_superjet_100_v2/ssj100_glass.mtl", },
								mesh = "vehicle/plane/sukhoi_superjet_100_v2/glass4_rgt_lod0.msh",
								name = "glass4_rgt",
								transf = { 1, 0, 0, 0, 0, 1, 0, 0, 0, 0, 1, 0, -1.0098814964294, -1.5980240106583, 3.7302093505859, 1, },
							},
							{
								materials = { "vehicle/plane/sukhoi_superjet_100_v2/ssj100_interior_glass.mtl", "vehicle/plane/sukhoi_superjet_100_v2/ssj100_glass.mtl", },
								mesh = "vehicle/plane/sukhoi_superjet_100_v2/glass5_rgt_lod0.msh",
								name = "glass5_rgt",
								transf = { 1, 0, 0, 0, 0, 1, 0, 0, 0, 0, 1, 0, -4.9059000015259, -1.5925289392471, 3.7552692890167, 1, },
							},
						},
						name = "glass_grp",
						transf = { 1, 0, 0, 0, 0, 1, 0, 0, 0, 0, 1, 0, 0, 0, 0, 1, },
					},
					{
						materials = { "vehicle/plane/sukhoi_superjet_100_v2/ssj100_interior.mtl", },
						mesh = "vehicle/plane/sukhoi_superjet_100_v2/interior_lod0.msh",
						name = "interior",
						transf = { 1, 0, 0, 0, 0, 1, -1.3877787807814e-17, 0, 0, 1.3877787807814e-17, 1, 0, -0.00019999999494758, 4.4408920985006e-16, 0, 1, },
					},
					{
						materials = { "vehicle/plane/sukhoi_superjet_100_v2/ssj100.mtl", },
						mesh = "vehicle/plane/sukhoi_superjet_100_v2/aileron_lft_lod0.msh",
						name = "aileron_lft",
						transf = { -0.34006500244141, 0.93372517824173, 0.11186117678881, 0, 0.038283243775368, -0.10510621219873, 0.99372386932373, 0, 0.93962234258652, 0.34221309423447, -3.0852493182465e-06, 0, -2.3494155406952, 11.754998207092, 3.2762899398804, 1, },
					},
					{
						materials = { "vehicle/plane/sukhoi_superjet_100_v2/ssj100.mtl", },
						mesh = "vehicle/plane/sukhoi_superjet_100_v2/aileron_rgt_lod0.msh",
						name = "aileron_rgt",
						transf = { 0.34006503224373, 0.93372517824173, -0.11186117678881, 0, 0.038283243775368, 0.10510621219873, 0.99372386932373, 0, 0.93962234258652, -0.34221315383911, -3.0852493182465e-06, 0, -2.3494155406952, -11.754998207092, 3.2762899398804, 1, },
					},
					{
						materials = { "vehicle/plane/sukhoi_superjet_100_v2/ssj100.mtl", },
						mesh = "vehicle/plane/sukhoi_superjet_100_v2/rudder_lod0.msh",
						name = "rudder",
						transf = { 0.0083454605191946, 0.99976491928101, -0.020011557266116, 0, -0.92295640707016, -4.034371059447e-08, -0.38490438461304, 0, -0.38481390476227, 0.021682001650333, 0.92273950576782, 0, -12.189868927002, -5.5511151231258e-17, 7.4594550132751, 1, },
					},
					{
						materials = { "vehicle/plane/sukhoi_superjet_100_v2/ssj100.mtl", },
						mesh = "vehicle/plane/sukhoi_superjet_100_v2/elevator_lft_lod0.msh",
						name = "elevator_lft",
						transf = { -0.3363042473793, 0.93834710121155, 0.080025672912598, 0, 0.10168798267841, -0.048296488821507, 0.99364322423935, 0, 0.93624722957611, 0.34230414032936, -0.079176314175129, 0, -13.268220901489, 2.9291145801544, 4.3687796592712, 1, },
					},
					{
						materials = { "vehicle/plane/sukhoi_superjet_100_v2/ssj100.mtl", },
						mesh = "vehicle/plane/sukhoi_superjet_100_v2/elevator_rgt_lod0.msh",
						name = "elevator_rgt",
						transf = { 0.33630436658859, 0.93834710121155, -0.080025672912598, 0, 0.10168799012899, 0.048296481370926, 0.99364322423935, 0, 0.93624722957611, -0.34230419993401, -0.079176314175129, 0, -13.268220901489, -2.9291145801544, 4.3687796592712, 1, },
					},
					{
						materials = { "vehicle/plane/sukhoi_superjet_100_v2/ssj100.mtl", },
						mesh = "vehicle/plane/sukhoi_superjet_100_v2/rotor1_lft_lod0.msh",
						name = "rotor1_lft",
						transf = { 1, 0, 0, 0, 0, 1, 0, 0, 0, 0, 1, 0, 5.0302581787109, 4.576000213623, 1.2700455188751, 1, },
					},
					{
						materials = { "vehicle/plane/sukhoi_superjet_100_v2/ssj100.mtl", },
						mesh = "vehicle/plane/sukhoi_superjet_100_v2/rotor1_lft_lod0.msh",
						name = "rotor1_rgt",
						transf = { 1, 0, 0, 0, 0, 1, 0, 0, 0, 0, 1, 0, 5.0302581787109, -4.576000213623, 1.2700455188751, 1, },
					},
					{
						children = {
							{
								animations = {
									flaps = {
										params = {
											id = "vehicle/plane/sukhoi_superjet_100_v2/flaps/flap_holder1_lft.ani",
										},
										type = "FILE_REF",
									},
								},
								materials = { "vehicle/plane/sukhoi_superjet_100_v2/ssj100.mtl", },
								mesh = "vehicle/plane/sukhoi_superjet_100_v2/flap_holder1_lft_lod0.msh",
								name = "flap_holder1_lft",
								transf = { -4.1951359719405e-08, 0.99452191591263, 0.10452841967344, 0, -9.726304206481e-09, -0.10452841967344, 0.99452191591263, 0, 1, 4.070487236163e-08, 1.4058132435935e-08, 0, 0.59500002861023, 3.3112602233887, 1.8106763362885, 1, },
							},
							{
								animations = {
									flaps = {
										params = {
											id = "vehicle/plane/sukhoi_superjet_100_v2/flaps/flap_holder2_lft.ani",
										},
										type = "FILE_REF",
									},
								},
								materials = { "vehicle/plane/sukhoi_superjet_100_v2/ssj100.mtl", },
								mesh = "vehicle/plane/sukhoi_superjet_100_v2/flap_holder2_lft_lod0.msh",
								name = "flap_holder2_lft",
								transf = { -4.1951359719405e-08, 0.99452191591263, 0.10452841967344, 0, -9.726304206481e-09, -0.10452841967344, 0.99452191591263, 0, 1, 4.070487236163e-08, 1.4058132435935e-08, 0, 0.2979998588562, 4.5760087966919, 2.1535367965698, 1, },
							},
							{
								animations = {
									flaps = {
										params = {
											id = "vehicle/plane/sukhoi_superjet_100_v2/flaps/flap_holder3_lft.ani",
										},
										type = "FILE_REF",
									},
								},
								materials = { "vehicle/plane/sukhoi_superjet_100_v2/ssj100.mtl", },
								mesh = "vehicle/plane/sukhoi_superjet_100_v2/flap_holder3_lft_lod0.msh",
								name = "flap_holder3_lft",
								transf = { -4.1951359719405e-08, 0.99452191591263, 0.10452841967344, 0, -9.726304206481e-09, -0.10452841967344, 0.99452191591263, 0, 1, 4.070487236163e-08, 1.4058132435935e-08, 0, 0.12440299987793, 6.5884070396423, 2.2451989650726, 1, },
							},
							{
								animations = {
									flaps = {
										params = {
											id = "vehicle/plane/sukhoi_superjet_100_v2/flaps/flap_holder4_lft.ani",
										},
										type = "FILE_REF",
									},
								},
								materials = { "vehicle/plane/sukhoi_superjet_100_v2/ssj100.mtl", },
								mesh = "vehicle/plane/sukhoi_superjet_100_v2/flap_holder4_lft_lod0.msh",
								name = "flap_holder4_lft",
								transf = { -4.1951359719405e-08, 0.99452191591263, 0.10452841967344, 0, -9.726304206481e-09, -0.10452841967344, 0.99452191591263, 0, 1, 4.070487236163e-08, 1.4058132435935e-08, 0, -1.1436958312988, 9.6452751159668, 2.6793620586395, 1, },
							},
							{
								children = {
									{
										animations = {
											flaps = {
												params = {
													id = "vehicle/plane/sukhoi_superjet_100_v2/flaps/flap1_lft.ani",
												},
												type = "FILE_REF",
											},
										},
										materials = { "vehicle/plane/sukhoi_superjet_100_v2/ssj100.mtl", },
										mesh = "vehicle/plane/sukhoi_superjet_100_v2/flap1_lft_lod0.msh",
										name = "flap1_lft",
										transf = { 1, 2.3592239273285e-16, 7.6110992508482e-17, 0, -1.942890293094e-16, 0.99999976158142, -0.00057227356592193, 0, -7.6219412725731e-17, 0.00057227356592193, 0.99999976158142, 0, 0.039259854704142, 2.3336219787598, 0.13866087794304, 1, },
									},
								},
								name = "flap1_loc_lft",
								transf = { 0.00020792685972992, 0.99349737167358, 0.11385507136583, 0, -2.3784763470758e-05, -0.11385505646467, 0.99349737167358, 0, 1, -0.00020928282174282, -4.3427146323438e-08, 0, 0.13664366304874, 3.7035899162292, -0.13360860943794, 1, },
							},
							{
								children = {
									{
										animations = {
											flaps = {
												params = {
													id = "vehicle/plane/sukhoi_superjet_100_v2/flaps/flap2_lft.ani",
												},
												type = "FILE_REF",
											},
										},
										materials = { "vehicle/plane/sukhoi_superjet_100_v2/ssj100.mtl", },
										mesh = "vehicle/plane/sukhoi_superjet_100_v2/flap2_lft_lod0.msh",
										name = "flap2_lft",
										transf = { 1, 1.8041124150159e-16, -1.1102230246252e-16, 0, -1.5265566588596e-16, 1, -3.2612801348364e-16, 0, 1.1102230246252e-16, 3.2612801348364e-16, 1, 0, -2.3630885692683e-08, 1.8703998327255, -2.4019319866397e-09, 1, },
									},
								},
								name = "flap2_loc_lft",
								transf = { -0.29083842039108, 0.94969046115875, 0.11619364470243, 0, 0.03402404114604, -0.11110053211451, 0.99322658777237, 0, 0.95616698265076, 0.29282182455063, -5.0789856764766e-09, 0, -0.98930835723877, 8.3828001022339, 0.96515274047852, 1, },
							},
						},
						name = "flap_lft_grp",
						transf = { 1, 0, 0, 0, 0, 1, 0, 0, 0, 0, 1, 0, 0, 0, 0, 1, },
					},
					{
						children = {
							{
								animations = {
									flaps = {
										params = {
											id = "vehicle/plane/sukhoi_superjet_100_v2/flaps/flap_holder1_rgt.ani",
										},
										type = "FILE_REF",
									},
								},
								materials = { "vehicle/plane/sukhoi_superjet_100_v2/ssj100.mtl", },
								mesh = "vehicle/plane/sukhoi_superjet_100_v2/flap_holder1_rgt_lod0.msh",
								name = "flap_holder1_rgt",
								transf = { -4.1951359719405e-08, 0.99452191591263, -0.10452841967344, 0, -1.674557914555e-08, 0.10452841967344, 0.99452191591263, 0, 1, 4.3471935384787e-08, 1.2268737137333e-08, 0, 0.59500002861023, -3.3112602233887, 1.8106763362885, 1, },
							},
							{
								animations = {
									flaps = {
										params = {
											id = "vehicle/plane/sukhoi_superjet_100_v2/flaps/flap_holder2_rgt.ani",
										},
										type = "FILE_REF",
									},
								},
								materials = { "vehicle/plane/sukhoi_superjet_100_v2/ssj100.mtl", },
								mesh = "vehicle/plane/sukhoi_superjet_100_v2/flap_holder2_rgt_lod0.msh",
								name = "flap_holder2_rgt",
								transf = { -4.1951359719405e-08, 0.99452191591263, -0.10452841967344, 0, -1.674557914555e-08, 0.10452841967344, 0.99452191591263, 0, 1, 4.3471935384787e-08, 1.2268737137333e-08, 0, 0.2979998588562, -4.5760087966919, 2.1535367965698, 1, },
							},
							{
								animations = {
									flaps = {
										params = {
											id = "vehicle/plane/sukhoi_superjet_100_v2/flaps/flap_holder3_rgt.ani",
										},
										type = "FILE_REF",
									},
								},
								materials = { "vehicle/plane/sukhoi_superjet_100_v2/ssj100.mtl", },
								mesh = "vehicle/plane/sukhoi_superjet_100_v2/flap_holder3_rgt_lod0.msh",
								name = "flap_holder3_rgt",
								transf = { -4.1951359719405e-08, 0.99452191591263, -0.10452841967344, 0, -1.674557914555e-08, 0.10452841967344, 0.99452191591263, 0, 1, 4.3471935384787e-08, 1.2268737137333e-08, 0, 0.12440299987793, -6.5884070396423, 2.2451989650726, 1, },
							},
							{
								animations = {
									flaps = {
										params = {
											id = "vehicle/plane/sukhoi_superjet_100_v2/flaps/flap_holder4_rgt.ani",
										},
										type = "FILE_REF",
									},
								},
								materials = { "vehicle/plane/sukhoi_superjet_100_v2/ssj100.mtl", },
								mesh = "vehicle/plane/sukhoi_superjet_100_v2/flap_holder4_rgt_lod0.msh",
								name = "flap_holder4_rgt",
								transf = { -4.1951359719405e-08, 0.99452191591263, -0.10452841967344, 0, -1.674557914555e-08, 0.10452841967344, 0.99452191591263, 0, 1, 4.3471935384787e-08, 1.2268737137333e-08, 0, -1.1436958312988, -9.6452751159668, 2.6793620586395, 1, },
							},
							{
								children = {
									{
										animations = {
											flaps = {
												params = {
													id = "vehicle/plane/sukhoi_superjet_100_v2/flaps/flap1_rgt.ani",
												},
												type = "FILE_REF",
											},
										},
										materials = { "vehicle/plane/sukhoi_superjet_100_v2/ssj100.mtl", },
										mesh = "vehicle/plane/sukhoi_superjet_100_v2/flap1_rgt_lod0.msh",
										name = "flap1_rgt",
										transf = { 1, 5.6768328704493e-08, 4.9253038980623e-08, 0, -5.6740130816024e-08, 0.99999976158142, -0.00057227327488363, 0, -4.9285521441789e-08, 0.00057227327488363, 0.99999976158142, 0, -0.039259854704142, 2.3336219787598, 0.13866087794304, 1, },
									},
								},
								name = "flap1_loc_rgt",
								transf = { -0.00020789529662579, 0.99349737167358, -0.11385507136583, 0, -2.3781145500834e-05, 0.11385505646467, 0.99349737167358, 0, 1, 0.00020925104035996, -4.3427146323438e-08, 0, 0.13664366304874, -3.7035899162292, -0.13360860943794, 1, },
							},
							{
								children = {
									{
										animations = {
											flaps = {
												params = {
													id = "vehicle/plane/sukhoi_superjet_100_v2/flaps/flap2_rgt.ani",
												},
												type = "FILE_REF",
											},
										},
										materials = { "vehicle/plane/sukhoi_superjet_100_v2/ssj100.mtl", },
										mesh = "vehicle/plane/sukhoi_superjet_100_v2/flap2_rgt_lod0.msh",
										name = "flap2_rgt",
										transf = { 1, 1.3877787807814e-17, 0, 0, 0, 1, 0, 0, 5.5511151231258e-17, 0, 1, 0, 2.3630889245396e-08, 1.8703769445419, -1.9707160348048e-09, 1, },
									},
								},
								name = "flap2_loc_rgt",
								transf = { 0.29083842039108, 0.94969046115875, -0.11619364470243, 0, 0.03402404114604, 0.11110053211451, 0.99322658777237, 0, 0.95616698265076, -0.29282182455063, -5.0789856764766e-09, 0, -0.98930835723877, -8.3828001022339, 0.96515274047852, 1, },
							},
						},
						name = "flap_rgt_grp",
						transf = { 1, 0, 0, 0, 0, 1, 0, 0, 0, 0, 1, 0, 0, 0, 0, 1, },
					},
					{
						children = {
							{
								animations = {
									close_wheels = {
										params = {
											id = "vehicle/plane/sukhoi_superjet_100_v2/close_wheels/gear_d1_left_frt.ani",
										},
										type = "FILE_REF",
									},
									open_wheels = {
										params = {
											id = "vehicle/plane/sukhoi_superjet_100_v2/open_wheels/gear_d1_left_frt.ani",
										},
										type = "FILE_REF",
									},
								},
								materials = { "vehicle/plane/sukhoi_superjet_100_v2/ssj100.mtl", },
								mesh = "vehicle/plane/sukhoi_superjet_100_v2/gear_d1_left_frt_lod0.msh",
								name = "gear_d1_left_frt",
								transf = { -0.99667692184448, -9.4229726244066e-08, -0.081456109881401, 0, 8.7422776573476e-08, -1, 8.713227117596e-08, 0, -0.081456109881401, 7.9721601764504e-08, 0.99667692184448, 0, 12.924667358398, 0.32499998807907, 1.6989600658417, 1, },
							},
							{
								animations = {
									close_wheels = {
										params = {
											id = "vehicle/plane/sukhoi_superjet_100_v2/close_wheels/gear_d1_right_frt.ani",
										},
										type = "FILE_REF",
									},
									open_wheels = {
										params = {
											id = "vehicle/plane/sukhoi_superjet_100_v2/open_wheels/gear_d1_right_frt.ani",
										},
										type = "FILE_REF",
									},
								},
								materials = { "vehicle/plane/sukhoi_superjet_100_v2/ssj100.mtl", },
								mesh = "vehicle/plane/sukhoi_superjet_100_v2/gear_d1_right_frt_lod0.msh",
								name = "gear_d1_right_frt",
								transf = { 0.99667692184448, -1.6294879040866e-17, 0.081456147134304, 0, 1.6240730143607e-17, 1, 1.3273181025379e-18, 0, -0.081456147134304, 5.5821085715386e-26, 0.99667692184448, 0, 12.924667358398, -0.32499998807907, 1.6989600658417, 1, },
							},
							{
								animations = {
									close_wheels = {
										params = {
											id = "vehicle/plane/sukhoi_superjet_100_v2/close_wheels/gear_d2_left_frt.ani",
										},
										type = "FILE_REF",
									},
									open_wheels = {
										params = {
											id = "vehicle/plane/sukhoi_superjet_100_v2/open_wheels/gear_d2_left_frt.ani",
										},
										type = "FILE_REF",
									},
								},
								materials = { "vehicle/plane/sukhoi_superjet_100_v2/ssj100.mtl", },
								mesh = "vehicle/plane/sukhoi_superjet_100_v2/gear_d2_left_frt_lod0.msh",
								name = "gear_d2_left_frt",
								transf = { -0.99921673536301, -3.2661056081906e-08, -0.039570678025484, 0, 0.039570678025484, -4.4184421454929e-08, -0.99921673536301, 0, 3.0887065349816e-08, -1, 4.5442234863913e-08, 0, 11.775937080383, 0.32499998807907, 1.6243000030518, 1, },
							},
							{
								animations = {
									close_wheels = {
										params = {
											id = "vehicle/plane/sukhoi_superjet_100_v2/close_wheels/gear_d2_right_frt.ani",
										},
										type = "FILE_REF",
									},
									open_wheels = {
										params = {
											id = "vehicle/plane/sukhoi_superjet_100_v2/open_wheels/gear_d2_right_frt.ani",
										},
										type = "FILE_REF",
									},
								},
								materials = { "vehicle/plane/sukhoi_superjet_100_v2/ssj100.mtl", },
								mesh = "vehicle/plane/sukhoi_superjet_100_v2/gear_d2_right_frt_lod0.msh",
								name = "gear_d2_right_frt",
								transf = { 0.99921673536301, 8.745411617106e-10, 0.039570558816195, 0, 0.039570558816195, -4.4184293557237e-08, -0.99921673536301, 0, 8.745411617106e-10, 1, -4.4184293557237e-08, 0, 11.775937080383, -0.32499998807907, 1.6243000030518, 1, },
							},
							{
								animations = {
									close_wheels = {
										params = {
											id = "vehicle/plane/sukhoi_superjet_100_v2/close_wheels/gear1_frt.ani",
										},
										type = "FILE_REF",
									},
									open_wheels = {
										params = {
											id = "vehicle/plane/sukhoi_superjet_100_v2/open_wheels/gear1_frt.ani",
										},
										type = "FILE_REF",
									},
								},
								children = {
									{
										animations = {
											close_wheels = {
												params = {
													id = "vehicle/plane/sukhoi_superjet_100_v2/close_wheels/gear1_c1_frt.ani",
												},
												type = "FILE_REF",
											},
											open_wheels = {
												params = {
													id = "vehicle/plane/sukhoi_superjet_100_v2/open_wheels/gear1_c1_frt.ani",
												},
												type = "FILE_REF",
											},
										},
										children = {
											{
												animations = {
													close_wheels = {
														params = {
															id = "vehicle/plane/sukhoi_superjet_100_v2/close_wheels/gear1_c2_frt.ani",
														},
														type = "FILE_REF",
													},
													open_wheels = {
														params = {
															id = "vehicle/plane/sukhoi_superjet_100_v2/open_wheels/gear1_c2_frt.ani",
														},
														type = "FILE_REF",
													},
												},
												materials = { "vehicle/plane/sukhoi_superjet_100_v2/ssj100.mtl", },
												mesh = "vehicle/plane/sukhoi_superjet_100_v2/gear1_c2_frt_lod0.msh",
												name = "gear1_c2_frt",
												transf = { -1, 0, 1.5099578831723e-07, 0, -0, 1, 0, 0, -1.5099578831723e-07, 0, -1, 0, -0.54428589344025, 0, 0, 1, },
											},
										},
										materials = { "vehicle/plane/sukhoi_superjet_100_v2/ssj100.mtl", },
										mesh = "vehicle/plane/sukhoi_superjet_100_v2/gear1_c1_frt_lod0.msh",
										name = "gear1_c1_frt",
										transf = { -0.7095707654953, 0, -0.70463418960571, 0, 0, 1, -0, 0, 0.70463418960571, 0, -0.7095707654953, 0, 0.16943183541298, 0, -0.80031001567841, 1, },
									},
									{
										children = {
											{
												materials = { "vehicle/plane/sukhoi_superjet_100_v2/ssj100.mtl", },
												mesh = "vehicle/plane/sukhoi_superjet_100_v2/w1_frt_lod0.msh",
												name = "w1_frt",
												transf = { 1, 0, 0, 0, 0, 1, 0, 0, 0, 0, 1, 0, -0.073443874716759, 0, -0.51911574602127, 1, },
											},
										},
										materials = { "vehicle/plane/sukhoi_superjet_100_v2/ssj100.mtl", },
										mesh = "vehicle/plane/sukhoi_superjet_100_v2/gear_w1_steering_frt_lod0.msh",
										name = "gear_w1_steering_frt",
										transf = { 1, 0, 0, 0, 0, 1, 0, 0, 0, 0, 1, 0, 0.00054763810476288, 0, -1.0592460632324, 1, },
									},
									{
										materials = { "vehicle/plane/emissive/plane_all_lights.mtl", },
										mesh = "vehicle/plane/sukhoi_superjet_100_v2/landinglights_gear_frt_lod0.msh",
										name = "landinglights_gear_frt",
										transf = { 1, 0, 0, 0, 0, 1, 0, 0, 0, 0, 1, 0, -13.007912635803, 0, -1.9051299095154, 1, },
									},
								},
								materials = { "vehicle/plane/sukhoi_superjet_100_v2/ssj100.mtl", },
								mesh = "vehicle/plane/sukhoi_superjet_100_v2/gear1_frt_lod0.msh",
								name = "gear1_frt",
								transf = { 1, 0, 0, 0, 0, 1, 0, 0, 0, 0, 1, 0, 11.443260192871, 0, 1.9045001268387, 1, },
							},
						},
						name = "gear_frt_grp",
						transf = { 1, 0, 0, 0, 0, 1, 0, 0, 0, 0, 1, 0, 0, 0, 0, 1, },
					},
					{
						children = {
							{
								animations = {
									close_wheels = {
										params = {
											id = "vehicle/plane/sukhoi_superjet_100_v2/close_wheels/gear_d1_right_lft.ani",
										},
										type = "FILE_REF",
									},
									open_wheels = {
										params = {
											id = "vehicle/plane/sukhoi_superjet_100_v2/open_wheels/gear_d1_right_lft.ani",
										},
										type = "FILE_REF",
									},
								},
								materials = { "vehicle/plane/sukhoi_superjet_100_v2/ssj100.mtl", },
								mesh = "vehicle/plane/sukhoi_superjet_100_v2/gear_d1_right_lft_lod0.msh",
								name = "gear_d1_right_lft",
								transf = { -0.99960100650787, 8.7387903136005e-08, 0.028244541957974, 0, -8.7422776573476e-08, -1, 1.5085463667087e-14, 0, 0.028244541957974, -2.4692012878802e-09, 0.99960100650787, 0, 0.62940919399261, 0.14999997615814, 1.350088596344, 1, },
							},
							{
								animations = {
									close_doors_left = {
										params = {
											id = "vehicle/plane/sukhoi_superjet_100_v2/close_doors_left/gear_d3_left_lft.ani",
										},
										type = "FILE_REF",
									},
									close_doors_right = {
										params = {
											id = "vehicle/plane/sukhoi_superjet_100_v2/close_doors_right/gear_d3_left_lft.ani",
										},
										type = "FILE_REF",
									},
									close_wheels = {
										params = {
											id = "vehicle/plane/sukhoi_superjet_100_v2/close_wheels/gear_d3_left_lft.ani",
										},
										type = "FILE_REF",
									},
									flaps = {
										params = {
											id = "vehicle/plane/sukhoi_superjet_100_v2/flaps/gear_d3_left_lft.ani",
										},
										type = "FILE_REF",
									},
									open_doors_left = {
										params = {
											id = "vehicle/plane/sukhoi_superjet_100_v2/open_doors_left/gear_d3_left_lft.ani",
										},
										type = "FILE_REF",
									},
									open_doors_right = {
										params = {
											id = "vehicle/plane/sukhoi_superjet_100_v2/open_doors_right/gear_d3_left_lft.ani",
										},
										type = "FILE_REF",
									},
									open_wheels = {
										params = {
											id = "vehicle/plane/sukhoi_superjet_100_v2/open_wheels/gear_d3_left_lft.ani",
										},
										type = "FILE_REF",
									},
								},
								materials = { "vehicle/plane/sukhoi_superjet_100_v2/ssj100.mtl", },
								mesh = "vehicle/plane/sukhoi_superjet_100_v2/gear_d3_left_lft_lod0.msh",
								name = "gear_d3_left_lft",
								transf = { -0.9928971529007, 4.920644869344e-08, 0.11897596716881, 0, 0.0032769360113889, -0.99962055683136, 0.027347618713975, 0, 0.11893083900213, 0.027543248608708, 0.99252045154572, 0, 0.43987423181534, 2.9404118061066, 2.072913646698, 1, },
							},
							{
								animations = {
									close_wheels = {
										params = {
											id = "vehicle/plane/sukhoi_superjet_100_v2/close_wheels/gear_d2_rotation_loc_lft.ani",
										},
										type = "FILE_REF",
									},
									open_wheels = {
										params = {
											id = "vehicle/plane/sukhoi_superjet_100_v2/open_wheels/gear_d2_rotation_loc_lft.ani",
										},
										type = "FILE_REF",
									},
								},
								children = {
									{
										materials = { "vehicle/plane/sukhoi_superjet_100_v2/ssj100.mtl", },
										mesh = "vehicle/plane/sukhoi_superjet_100_v2/gear_d2_left_lft_lod0.msh",
										name = "gear_d2_left_lft",
										transf = { 1, -1.7488159866368e-16, 2.8507796459328e-16, 0, 3.0179638326883e-16, 0.10452841967344, -0.99452191591263, 0, 1.4412482649725e-16, 0.99452191591263, 0.10452841967344, 0, 0.60256522893906, -1.8685510158539, -2.8660171031952, 1, },
									},
									{
										animations = {
											close_doors_left = {
												params = {
													id = "vehicle/plane/sukhoi_superjet_100_v2/close_doors_left/gear_d2_c1_left_lft.ani",
												},
												type = "FILE_REF",
											},
											close_doors_right = {
												params = {
													id = "vehicle/plane/sukhoi_superjet_100_v2/close_doors_right/gear_d2_c1_left_lft.ani",
												},
												type = "FILE_REF",
											},
											close_wheels = {
												params = {
													id = "vehicle/plane/sukhoi_superjet_100_v2/close_wheels/gear_d2_c1_left_lft.ani",
												},
												type = "FILE_REF",
											},
											flaps = {
												params = {
													id = "vehicle/plane/sukhoi_superjet_100_v2/flaps/gear_d2_c1_left_lft.ani",
												},
												type = "FILE_REF",
											},
											open_doors_left = {
												params = {
													id = "vehicle/plane/sukhoi_superjet_100_v2/open_doors_left/gear_d2_c1_left_lft.ani",
												},
												type = "FILE_REF",
											},
											open_doors_right = {
												params = {
													id = "vehicle/plane/sukhoi_superjet_100_v2/open_doors_right/gear_d2_c1_left_lft.ani",
												},
												type = "FILE_REF",
											},
											open_wheels = {
												params = {
													id = "vehicle/plane/sukhoi_superjet_100_v2/open_wheels/gear_d2_c1_left_lft.ani",
												},
												type = "FILE_REF",
											},
										},
										materials = { "vehicle/plane/sukhoi_superjet_100_v2/ssj100.mtl", },
										mesh = "vehicle/plane/sukhoi_superjet_100_v2/gear_d2_c1_left_lft_lod0.msh",
										name = "gear_d2_c1_left_lft",
										transf = { 0.99086976051331, 0.12798127532005, -0.042401514947414, 0, -0.13242504000664, 0.86481988430023, -0.48430371284485, 0, -0.025312133133411, 0.48549696803093, 0.87387180328369, 0, -0.02052104473114, -0.14844809472561, -1.00073158741, 1, },
									},
									{
										children = {
											{
												materials = { "vehicle/plane/sukhoi_superjet_100_v2/ssj100.mtl", },
												mesh = "vehicle/plane/sukhoi_superjet_100_v2/w2_lft_lod0.msh",
												name = "w2_lft",
												transf = { 1, 0, 6.2798984835335e-31, 0, 0, 1, -1.3877787807814e-17, 0, -1.1364869813835e-31, 1.3877787807814e-17, 1, 0, 2.1316281596347e-16, 0, 2.1316281596347e-16, 1, },
											},
										},
										materials = { "vehicle/plane/sukhoi_superjet_100_v2/ssj100.mtl", },
										mesh = "vehicle/plane/sukhoi_superjet_100_v2/gear1_lft_lod0.msh",
										name = "gear1_lft",
										transf = { 1, -2.7523276829844e-17, 2.6186653545121e-16, 0, 2.7523276829844e-17, 1, 2.3592239273285e-16, 0, -2.6186653545121e-16, -2.3592239273285e-16, 1, 0, 2.1316281596347e-16, -4.8883450176618e-08, -1.6384425163269, 1, },
									},
									{
										animations = {
											close_wheels = {
												params = {
													id = "vehicle/plane/sukhoi_superjet_100_v2/close_wheels/gear1_c1_front_lft.ani",
												},
												type = "FILE_REF",
											},
											open_wheels = {
												params = {
													id = "vehicle/plane/sukhoi_superjet_100_v2/open_wheels/gear1_c1_front_lft.ani",
												},
												type = "FILE_REF",
											},
										},
										children = {
											{
												animations = {
													close_wheels = {
														params = {
															id = "vehicle/plane/sukhoi_superjet_100_v2/close_wheels/gear1_c2_front_lft.ani",
														},
														type = "FILE_REF",
													},
													open_wheels = {
														params = {
															id = "vehicle/plane/sukhoi_superjet_100_v2/open_wheels/gear1_c2_front_lft.ani",
														},
														type = "FILE_REF",
													},
												},
												materials = { "vehicle/plane/sukhoi_superjet_100_v2/ssj100.mtl", },
												mesh = "vehicle/plane/sukhoi_superjet_100_v2/gear1_c2_front_lft_lod0.msh",
												name = "gear1_c2_front_lft",
												transf = { 1, -2.2204460492503e-16, -1.1102230246252e-16, 0, 2.7755572968651e-16, 1, 2.7755572968651e-16, 0, -5.5511151231258e-17, -1.6653345369377e-16, 1, 0, -0.6375098824501, 6.0529401935128e-08, 3.0455023392051e-08, 1, },
											},
										},
										materials = { "vehicle/plane/sukhoi_superjet_100_v2/ssj100.mtl", },
										mesh = "vehicle/plane/sukhoi_superjet_100_v2/gear1_c1_front_lft_lod0.msh",
										name = "gear1_c1_front_lft",
										transf = { 0.52222853899002, -0.59864169359207, -0.60737580060959, 0, 0.75356334447861, 0.65737527608871, 4.3053054170513e-16, 0, 0.39927381277084, -0.45769613981247, 0.79441463947296, 0, -0.099951557815075, 0.11221573501825, -0.94039648771286, 1, },
									},
									{
										animations = {
											close_wheels = {
												params = {
													id = "vehicle/plane/sukhoi_superjet_100_v2/close_wheels/gear1_c1_back_lft.ani",
												},
												type = "FILE_REF",
											},
											open_wheels = {
												params = {
													id = "vehicle/plane/sukhoi_superjet_100_v2/open_wheels/gear1_c1_back_lft.ani",
												},
												type = "FILE_REF",
											},
										},
										children = {
											{
												animations = {
													close_wheels = {
														params = {
															id = "vehicle/plane/sukhoi_superjet_100_v2/close_wheels/gear1_c2_back_lft.ani",
														},
														type = "FILE_REF",
													},
													open_wheels = {
														params = {
															id = "vehicle/plane/sukhoi_superjet_100_v2/open_wheels/gear1_c2_back_lft.ani",
														},
														type = "FILE_REF",
													},
												},
												materials = { "vehicle/plane/sukhoi_superjet_100_v2/ssj100.mtl", },
												mesh = "vehicle/plane/sukhoi_superjet_100_v2/gear1_c2_back_lft_lod0.msh",
												name = "gear1_c2_back_lft",
												transf = { 1, 2.7755575615629e-17, -5.5511151231258e-17, 0, -2.7755575615629e-17, 1, 2.4980018054066e-16, 0, 3.3306690738755e-16, -2.2204460492503e-16, 1, 0, -0.63750970363617, 2.6463119695563e-08, -1.153354567407e-08, 1, },
											},
										},
										materials = { "vehicle/plane/sukhoi_superjet_100_v2/ssj100.mtl", },
										mesh = "vehicle/plane/sukhoi_superjet_100_v2/gear1_c1_back_lft_lod0.msh",
										name = "gear1_c1_back_lft",
										transf = { -0.17321249842644, -0.71054601669312, -0.68199837207794, 0, 0.9715490937233, -0.23683819174767, 1.807166895233e-16, 0, -0.16152323782444, -0.66259491443634, 0.73135370016098, 0, 0.032717049121857, 0.14848208427429, -0.94215458631516, 1, },
									},
								},
								name = "gear_d2_rotation_loc_lft",
								transf = { -1, -8.7422776573476e-08, -1.171591726324e-15, 0, 8.7422776573476e-08, -1, 0, 0, -1.171591726324e-15, -1.0242380666772e-22, 1, 0, 0.60256522893906, 2.6550002098083, 2.1578953266144, 1, },
							},
						},
						name = "gear_lft_grp",
						transf = { 1, 0, 0, 0, 0, 1, 0, 0, 0, 0, 1, 0, 0, 0, 0, 1, },
					},
					{
						children = {
							{
								animations = {
									close_wheels = {
										params = {
											id = "vehicle/plane/sukhoi_superjet_100_v2/close_wheels/gear_d1_left_rgt.ani",
										},
										type = "FILE_REF",
									},
									open_wheels = {
										params = {
											id = "vehicle/plane/sukhoi_superjet_100_v2/open_wheels/gear_d1_left_rgt.ani",
										},
										type = "FILE_REF",
									},
								},
								materials = { "vehicle/plane/sukhoi_superjet_100_v2/ssj100.mtl", },
								mesh = "vehicle/plane/sukhoi_superjet_100_v2/gear_d1_left_rgt_lod0.msh",
								name = "gear_d1_left_rgt",
								transf = { 0.99960100650787, -2.6541531233263e-16, -0.028244541957974, 0, 6.9523363167802e-16, 1, 1.5207929384667e-14, 0, 0.028244541957974, -1.5221498852482e-14, 0.99960100650787, 0, 0.62940919399261, -0.14999997615814, 1.350088596344, 1, },
							},
							{
								animations = {
									close_doors_left = {
										params = {
											id = "vehicle/plane/sukhoi_superjet_100_v2/close_doors_left/gear_d3_right_rgt.ani",
										},
										type = "FILE_REF",
									},
									close_doors_right = {
										params = {
											id = "vehicle/plane/sukhoi_superjet_100_v2/close_doors_right/gear_d3_right_rgt.ani",
										},
										type = "FILE_REF",
									},
									close_wheels = {
										params = {
											id = "vehicle/plane/sukhoi_superjet_100_v2/close_wheels/gear_d3_right_rgt.ani",
										},
										type = "FILE_REF",
									},
									flaps = {
										params = {
											id = "vehicle/plane/sukhoi_superjet_100_v2/flaps/gear_d3_right_rgt.ani",
										},
										type = "FILE_REF",
									},
									open_doors_left = {
										params = {
											id = "vehicle/plane/sukhoi_superjet_100_v2/open_doors_left/gear_d3_right_rgt.ani",
										},
										type = "FILE_REF",
									},
									open_doors_right = {
										params = {
											id = "vehicle/plane/sukhoi_superjet_100_v2/open_doors_right/gear_d3_right_rgt.ani",
										},
										type = "FILE_REF",
									},
									open_wheels = {
										params = {
											id = "vehicle/plane/sukhoi_superjet_100_v2/open_wheels/gear_d3_right_rgt.ani",
										},
										type = "FILE_REF",
									},
								},
								materials = { "vehicle/plane/sukhoi_superjet_100_v2/ssj100.mtl", },
