function data()
return {
	boundingInfo = {
		bbMax = { 22.757596969604, 21.008895874023, 13.977800369263, },
		bbMin = { -22.922899246216, -21.008901596069, -0.0017807483673096, },
	},
	collider = {
		params = {
			halfExtents = { 22.84024810791, 21.008899688721, 6.9897904396057, },
		},
		transf = { 1, 0, 0, 0, 0, 1, 0, 0, 0, 0, 1, 0, 0, 0, 0, 1, },
		type = "BOX",
	},
	lods = {
		{
			node = {
				children = {
					{
						materials = { "vehicle/plane/tupolev_tu_204_cargo_v2/tu-204_c_additional.mtl", "vehicle/plane/tupolev_tu_204_cargo_v2/tu-204_c.mtl", },
						mesh = "vehicle/plane/tupolev_tu_204_cargo_v2/body_lod0.msh",
						name = "body",
						transf = { 1, 0, 0, 0, 0, 1, 0, 0, 0, 0, 1, 0, 0, 0, 0, 1, },
					},
					{
						children = {
							{
								materials = { "vehicle/plane/tupolev_tu_204_cargo_v2/tu-204_c_interior_glass.mtl", "vehicle/plane/tupolev_tu_204_cargo_v2/tu-204_c_glass.mtl", },
								mesh = "vehicle/plane/tupolev_tu_204_cargo_v2/glass1_left_frt_lod0.msh",
								name = "glass1_left_frt",
								transf = { 1, 0, 0, 0, 0, 1, 0, 0, 0, 0, 1, 0, 20.967248916626, 0.46427699923515, 5.2456302642822, 1, },
							},
							{
								materials = { "vehicle/plane/tupolev_tu_204_cargo_v2/tu-204_c_interior_glass.mtl", "vehicle/plane/tupolev_tu_204_cargo_v2/tu-204_c_glass.mtl", },
								mesh = "vehicle/plane/tupolev_tu_204_cargo_v2/glass2_left_frt_lod0.msh",
								name = "glass2_left_frt",
								transf = { 1, 0, 0, 0, 0, 1, 0, 0, 0, 0, 1, 0, 20.593597412109, 1.1696624755859, 5.1873364448547, 1, },
							},
							{
								materials = { "vehicle/plane/tupolev_tu_204_cargo_v2/tu-204_c_interior_glass.mtl", "vehicle/plane/tupolev_tu_204_cargo_v2/tu-204_c_glass.mtl", },
								mesh = "vehicle/plane/tupolev_tu_204_cargo_v2/glass3_left_frt_lod0.msh",
								name = "glass3_left_frt",
								transf = { 1, 0, 0, 0, 0, 1, 0, 0, 0, 0, 1, 0, 19.948900222778, 1.416738986969, 5.1872453689575, 1, },
							},
							{
								materials = { "vehicle/plane/tupolev_tu_204_cargo_v2/tu-204_c_interior_glass.mtl", "vehicle/plane/tupolev_tu_204_cargo_v2/tu-204_c_glass.mtl", },
								mesh = "vehicle/plane/tupolev_tu_204_cargo_v2/glass1_right_frt_lod0.msh",
								name = "glass1_right_frt",
								transf = { 1, 0, 0, 0, 0, 1, 0, 0, 0, 0, 1, 0, 20.967248916626, -0.46427896618843, 5.2456302642822, 1, },
							},
							{
								materials = { "vehicle/plane/tupolev_tu_204_cargo_v2/tu-204_c_interior_glass.mtl", "vehicle/plane/tupolev_tu_204_cargo_v2/tu-204_c_glass.mtl", },
								mesh = "vehicle/plane/tupolev_tu_204_cargo_v2/glass2_right_frt_lod0.msh",
								name = "glass2_right_frt",
								transf = { 1, 0, 0, 0, 0, 1, 0, 0, 0, 0, 1, 0, 20.593597412109, -1.1696629524231, 5.1873364448547, 1, },
							},
							{
								materials = { "vehicle/plane/tupolev_tu_204_cargo_v2/tu-204_c_interior_glass.mtl", "vehicle/plane/tupolev_tu_204_cargo_v2/tu-204_c_glass.mtl", },
								mesh = "vehicle/plane/tupolev_tu_204_cargo_v2/glass3_right_frt_lod0.msh",
								name = "glass3_right_frt",
								transf = { 1, 0, 0, 0, 0, 1, 0, 0, 0, 0, 1, 0, 19.948900222778, -1.4167399406433, 5.1872453689575, 1, },
							},
						},
						name = "glass_grp",
						transf = { 1, 0, 0, 0, 0, 1, 0, 0, 0, 0, 1, 0, 0, 0, 0, 1, },
					},
					{
						materials = { "vehicle/plane/tupolev_tu_204_cargo_v2/tu-204_c_interior.mtl", },
						mesh = "vehicle/plane/tupolev_tu_204_cargo_v2/interior_lod0.msh",
						name = "interior",
						transf = { 1, 0, 0, 0, 0, 1, 0, 0, 0, 0, 1, 0, 0, 0, 0, 1, },
					},
					{
						materials = { "vehicle/plane/tupolev_tu_204_cargo_v2/tu-204_c_additional.mtl", },
						mesh = "vehicle/plane/tupolev_tu_204_cargo_v2/aileron_lft_lod0.msh",
						name = "aileron_lft",
						transf = { -0.39907386898994, 0.91505318880081, 0.058461166918278, 0, 0.023370299488306, -0.053586728870869, 0.99828970432281, 0, 0.91662091016769, 0.39975759387016, -2.5554194316157e-09, 0, -3.6807463169098, 17.049999237061, 4.0983657836914, 1, },
					},
					{
						materials = { "vehicle/plane/tupolev_tu_204_cargo_v2/tu-204_c_additional.mtl", },
						mesh = "vehicle/plane/tupolev_tu_204_cargo_v2/aileron_rgt_lod0.msh",
						name = "aileron_rgt",
						transf = { 0.3990738093853, 0.91505318880081, -0.058461166918278, 0, 0.023370297625661, 0.053586728870869, 0.99828970432281, 0, 0.91662091016769, -0.39975756406784, -2.5554189875265e-09, 0, -3.6807463169098, -17.049999237061, 4.0983657836914, 1, },
					},
					{
						materials = { "vehicle/plane/tupolev_tu_204_cargo_v2/tu-204_c_additional.mtl", },
						mesh = "vehicle/plane/tupolev_tu_204_cargo_v2/rudder_lod0.msh",
						name = "rudder",
						transf = { 0.90421241521835, -2.2152873979664e-10, 0.42708301544189, 0, 0.0042082322761416, 0.99995148181915, -0.008909591473639, 0, -0.42706230282784, 0.0098534282296896, 0.9041685461998, 0, -20.133842468262, -5.5511151231258e-17, 9.9889249801636, 1, },
					},
					{
						materials = { "vehicle/plane/tupolev_tu_204_cargo_v2/tu-204_c_additional.mtl", },
						mesh = "vehicle/plane/tupolev_tu_204_cargo_v2/elevator_lft_lod0.msh",
						name = "elevator_lft",
						transf = { -0.40995818376541, 0.90348291397095, 0.12511137127876, 0, 0.051696632057428, -0.11393117159605, 0.99214267730713, 0, 0.91063809394836, 0.41320490837097, -5.4687911976714e-09, 0, -20.709032058716, 3.6842579841614, 5.7634854316711, 1, },
					},
					{
						materials = { "vehicle/plane/tupolev_tu_204_cargo_v2/tu-204_c_additional.mtl", },
						mesh = "vehicle/plane/tupolev_tu_204_cargo_v2/elevator_rgt_lod0.msh",
						name = "elevator_rgt",
						transf = { 0.40995818376541, 0.90348291397095, -0.12511137127876, 0, 0.051696632057428, 0.11393117159605, 0.99214267730713, 0, 0.91063809394836, -0.41320490837097, -5.4687911976714e-09, 0, -20.709032058716, -3.6842579841614, 5.7634854316711, 1, },
					},
					{
						materials = { "vehicle/plane/tupolev_tu_204_cargo_v2/tu-204_c_additional.mtl", },
						mesh = "vehicle/plane/tupolev_tu_204_cargo_v2/rotor1_lft_lod0.msh",
						name = "rotor1_lft",
						transf = { 1, 0, 0, 0, 0, 1, 0, 0, 0, 0, 1, 0, 8.8149919509888, 6.6050000190735, 2.0776929855347, 1, },
					},
					{
						materials = { "vehicle/plane/tupolev_tu_204_cargo_v2/tu-204_c_additional.mtl", },
						mesh = "vehicle/plane/tupolev_tu_204_cargo_v2/rotor1_lft_lod0.msh",
						name = "rotor1_rgt",
						transf = { 1, 0, 0, 0, 0, 1, 0, 0, 0, 0, 1, 0, 8.8149919509888, -6.6050000190735, 2.0776929855347, 1, },
					},
					{
						children = {
							{
								animations = {
									flaps = {
										params = {
											id = "vehicle/plane/tupolev_tu_204_cargo_v2/flaps/flap_holder1_lft.ani",
										},
										type = "FILE_REF",
									},
								},
								children = {
									{
										animations = {
											flaps = {
												params = {
													id = "vehicle/plane/tupolev_tu_204_cargo_v2/flaps/flap_holder1_c1_lft.ani",
												},
												type = "FILE_REF",
											},
										},
										materials = { "vehicle/plane/tupolev_tu_204_cargo_v2/tu-204_c_additional.mtl", },
										mesh = "vehicle/plane/tupolev_tu_204_cargo_v2/flap_holder1_c1_lft_lod0.msh",
										name = "flap_holder1_c1_lft",
										transf = { 0.99602901935577, 0.089029461145401, -2.5103194190024e-08, 0, -0.088920660316944, 0.99481177330017, 0.049422953277826, 0, 0.0044001243077219, -0.049226697534323, 0.99877786636353, 0, -0.61884099245071, -5.9899743064307e-05, 0.024729963392019, 1, },
									},
								},
								materials = { "vehicle/plane/tupolev_tu_204_cargo_v2/tu-204_c_additional.mtl", },
								mesh = "vehicle/plane/tupolev_tu_204_cargo_v2/flap_holder1_lft_lod0.msh",
								name = "flap_holder1_lft",
								transf = { 1, -8.1110876237744e-08, 5.592968291599e-15, 0, 8.0913295619212e-08, 0.99756401777267, 0.069756470620632, 0, -5.6580140572748e-09, -0.069756470620632, 0.99756401777267, 0, 0.44297298789024, 4.2588801383972, 2.9844601154327, 1, },
							},
							{
								animations = {
									flaps = {
										params = {
											id = "vehicle/plane/tupolev_tu_204_cargo_v2/flaps/flap_holder2_lft.ani",
										},
										type = "FILE_REF",
									},
								},
								materials = { "vehicle/plane/tupolev_tu_204_cargo_v2/tu-204_c_additional.mtl", },
								mesh = "vehicle/plane/tupolev_tu_204_cargo_v2/flap_holder2_lft_lod0.msh",
								name = "flap_holder2_lft",
								transf = { 1, -8.1110876237744e-08, 5.592968291599e-15, 0, 8.0913295619212e-08, 0.99756401777267, 0.069756470620632, 0, -5.6580140572748e-09, -0.069756470620632, 0.99756401777267, 0, 0.26743960380554, 6.6049990653992, 3.1374297142029, 1, },
							},
							{
								animations = {
									flaps = {
										params = {
											id = "vehicle/plane/tupolev_tu_204_cargo_v2/flaps/flap_holder3_lft.ani",
										},
										type = "FILE_REF",
									},
								},
								children = {
									{
										animations = {
											flaps = {
												params = {
													id = "vehicle/plane/tupolev_tu_204_cargo_v2/flaps/flap_holder3_c1_lft.ani",
												},
												type = "FILE_REF",
											},
										},
										materials = { "vehicle/plane/tupolev_tu_204_cargo_v2/tu-204_c_additional.mtl", },
										mesh = "vehicle/plane/tupolev_tu_204_cargo_v2/flap_holder3_c1_lft_lod0.msh",
										name = "flap_holder3_c1_lft",
										transf = { 0.93704879283905, 0.34919834136963, 7.2088746492227e-06, 0, -0.34919834136963, 0.93704879283905, -7.2164496600635e-14, 0, -6.7550672611105e-06, -2.5173269477818e-06, 1, 0, -0.4421369433403, 2.0007648345199e-05, 0.0042099952697754, 1, },
									},
								},
								materials = { "vehicle/plane/tupolev_tu_204_cargo_v2/tu-204_c_additional.mtl", },
								mesh = "vehicle/plane/tupolev_tu_204_cargo_v2/flap_holder3_lft_lod0.msh",
								name = "flap_holder3_lft",
								transf = { 1, -8.1110876237744e-08, 5.592968291599e-15, 0, 8.0913295619212e-08, 0.99756401777267, 0.069756470620632, 0, -5.6580140572748e-09, -0.069756470620632, 0.99756401777267, 0, -0.97558301687241, 9.9988098144531, 3.3653600215912, 1, },
							},
							{
								animations = {
									flaps = {
										params = {
											id = "vehicle/plane/tupolev_tu_204_cargo_v2/flaps/flap_holder4_lft.ani",
										},
										type = "FILE_REF",
									},
								},
								children = {
									{
										animations = {
											flaps = {
												params = {
													id = "vehicle/plane/tupolev_tu_204_cargo_v2/flaps/flap_holder4_c1_lft.ani",
												},
												type = "FILE_REF",
											},
										},
										materials = { "vehicle/plane/tupolev_tu_204_cargo_v2/tu-204_c_additional.mtl", },
										mesh = "vehicle/plane/tupolev_tu_204_cargo_v2/flap_holder4_c1_lft_lod0.msh",
										name = "flap_holder4_c1_lft",
										transf = { 0.9370499253273, 0.3491952419281, 9.8596174211707e-06, 0, -0.3491952419281, 0.9370499253273, 1.1204925876029e-13, 0, -9.2389545898186e-06, -3.4429315292073e-06, 1, 0, -0.38132166862488, 3.2405252568424e-05, 0.068748950958252, 1, },
									},
								},
								materials = { "vehicle/plane/tupolev_tu_204_cargo_v2/tu-204_c_additional.mtl", },
								mesh = "vehicle/plane/tupolev_tu_204_cargo_v2/flap_holder4_lft_lod0.msh",
								name = "flap_holder4_lft",
								transf = { 1, -8.1110876237744e-08, 5.592968291599e-15, 0, 8.0913295619212e-08, 0.99756401777267, 0.069756470620632, 0, -5.6580140572748e-09, -0.069756470620632, 0.99756401777267, 0, -2.5270400047302, 13.998799324036, 3.6157298088074, 1, },
							},
							{
								animations = {
									flaps = {
										params = {
											id = "vehicle/plane/tupolev_tu_204_cargo_v2/flaps/flap1_lft.ani",
										},
										type = "FILE_REF",
									},
								},
								children = {
									{
										animations = {
											flaps = {
												params = {
													id = "vehicle/plane/tupolev_tu_204_cargo_v2/flaps/flap1_c1_lft.ani",
												},
												type = "FILE_REF",
											},
										},
										materials = { "vehicle/plane/tupolev_tu_204_cargo_v2/tu-204_c_additional.mtl", },
										mesh = "vehicle/plane/tupolev_tu_204_cargo_v2/flap1_c1_lft_lod0.msh",
										name = "flap1_c1_lft",
										transf = { 0.99999195337296, 0.004007225856185, -0.00028016284340993, 0, -0.0040094768628478, 0.99995535612106, -0.008559481240809, 0, 0.00024585056235082, 0.0085605354979634, 0.99996328353882, 0, -0.41327574849129, -0.20717875659466, 0.0099680805578828, 1, },
									},
								},
								materials = { "vehicle/plane/tupolev_tu_204_cargo_v2/tu-204_c_additional.mtl", },
								mesh = "vehicle/plane/tupolev_tu_204_cargo_v2/flap1_lft_lod0.msh",
								name = "flap1_lft",
								transf = { 0.9963800907135, 0.085009463131428, 4.2396413846291e-07, 0, -0.084807597100735, 0.99401372671127, 0.068879336118698, 0, 0.0058549740351737, -0.068630039691925, 0.99762499332428, 0, 0.19002969563007, 4.8164024353027, 3.3935713768005, 1, },
							},
							{
								animations = {
									flaps = {
										params = {
											id = "vehicle/plane/tupolev_tu_204_cargo_v2/flaps/flap2_lft.ani",
										},
										type = "FILE_REF",
									},
								},
								children = {
									{
										animations = {
											flaps = {
												params = {
													id = "vehicle/plane/tupolev_tu_204_cargo_v2/flaps/flap2_c1_lft.ani",
												},
												type = "FILE_REF",
											},
										},
										materials = { "vehicle/plane/tupolev_tu_204_cargo_v2/tu-204_c_additional.mtl", },
										mesh = "vehicle/plane/tupolev_tu_204_cargo_v2/flap2_c1_lft_lod0.msh",
										name = "flap2_c1_lft",
										transf = { 0.99997556209564, 0.0035129343159497, 0.0060426625423133, 0, -0.0035207285545766, 0.99999290704727, 0.0012797249946743, 0, -0.0060381242074072, -0.001300968346186, 0.99998086690903, 0, -0.49016577005386, 0.17974236607552, -0.019111499190331, 1, },
									},
								},
								materials = { "vehicle/plane/tupolev_tu_204_cargo_v2/tu-204_c_additional.mtl", },
								mesh = "vehicle/plane/tupolev_tu_204_cargo_v2/flap2_lft_lod0.msh",
								name = "flap2_lft",
								transf = { 0.93836951255798, 0.34557723999023, 0.006240357644856, 0, -0.34542545676231, 0.93702536821365, 0.051620747894049, 0, 0.011991580948234, -0.050594914704561, 0.99864721298218, 0, -1.3952490091324, 11.340000152588, 3.7897820472717, 1, },
							},
						},
						name = "flap_lft_grp",
						transf = { 1, 0, 0, 0, 0, 1, 0, 0, 0, 0, 1, 0, 0, 0, 0, 1, },
					},
					{
						children = {
							{
								animations = {
									flaps = {
										params = {
											id = "vehicle/plane/tupolev_tu_204_cargo_v2/flaps/flap_holder1_rgt.ani",
										},
										type = "FILE_REF",
									},
								},
								children = {
									{
										animations = {
											flaps = {
												params = {
													id = "vehicle/plane/tupolev_tu_204_cargo_v2/flaps/flap_holder1_c1_rgt.ani",
												},
												type = "FILE_REF",
											},
										},
										materials = { "vehicle/plane/tupolev_tu_204_cargo_v2/tu-204_c_additional.mtl", },
										mesh = "vehicle/plane/tupolev_tu_204_cargo_v2/flap_holder1_c1_rgt_lod0.msh",
										name = "flap_holder1_c1_rgt",
										transf = { 0.99602901935577, -0.089029461145401, -2.5103194190024e-08, 0, 0.088920660316944, 0.99481177330017, -0.049422953277826, 0, 0.0044001243077219, 0.049226697534323, 0.99877786636353, 0, -0.6188440322876, 2.0055291315657e-05, 0.02472996711731, 1, },
									},
								},
								materials = { "vehicle/plane/tupolev_tu_204_cargo_v2/tu-204_c_additional.mtl", },
								mesh = "vehicle/plane/tupolev_tu_204_cargo_v2/flap_holder1_rgt_lod0.msh",
								name = "flap_holder1_rgt",
								transf = { 1, 4.3711388286738e-08, 1.384398272289e-15, 0, -4.3604909905071e-08, 0.99756401777267, -0.069756470620632, 0, -3.0491535962796e-09, 0.069756470620632, 0.99756401777267, 0, 0.44297298789024, -4.2588801383972, 2.9844601154327, 1, },
							},
							{
								animations = {
									flaps = {
										params = {
											id = "vehicle/plane/tupolev_tu_204_cargo_v2/flaps/flap_holder2_rgt.ani",
										},
										type = "FILE_REF",
									},
								},
								materials = { "vehicle/plane/tupolev_tu_204_cargo_v2/tu-204_c_additional.mtl", },
								mesh = "vehicle/plane/tupolev_tu_204_cargo_v2/flap_holder2_rgt_lod0.msh",
								name = "flap_holder2_rgt",
								transf = { 1, 4.3711388286738e-08, 1.384398272289e-15, 0, -4.3604909905071e-08, 0.99756401777267, -0.069756470620632, 0, -3.0491535962796e-09, 0.069756470620632, 0.99756401777267, 0, 0.26744011044502, -6.6050000190735, 3.1380898952484, 1, },
							},
							{
								animations = {
									flaps = {
										params = {
											id = "vehicle/plane/tupolev_tu_204_cargo_v2/flaps/flap_holder3_rgt.ani",
										},
										type = "FILE_REF",
									},
								},
								children = {
									{
										animations = {
											flaps = {
												params = {
													id = "vehicle/plane/tupolev_tu_204_cargo_v2/flaps/flap_holder3_c1_rgt.ani",
												},
												type = "FILE_REF",
											},
										},
										materials = { "vehicle/plane/tupolev_tu_204_cargo_v2/tu-204_c_additional.mtl", },
										mesh = "vehicle/plane/tupolev_tu_204_cargo_v2/flap_holder3_c1_rgt_lod0.msh",
										name = "flap_holder3_c1_rgt",
										transf = { 0.93704879283905, -0.34919834136963, 7.2088746492227e-06, 0, 0.34919834136963, 0.93704879283905, 7.2108985449404e-14, 0, -6.7550672611105e-06, 2.5173269477818e-06, 1, 0, -0.4421369433403, -2.0007648345199e-05, 0.0042099952697754, 1, },
									},
								},
								materials = { "vehicle/plane/tupolev_tu_204_cargo_v2/tu-204_c_additional.mtl", },
								mesh = "vehicle/plane/tupolev_tu_204_cargo_v2/flap_holder3_rgt_lod0.msh",
								name = "flap_holder3_rgt",
								transf = { 1, 4.3711388286738e-08, 1.384398272289e-15, 0, -4.3604909905071e-08, 0.99756401777267, -0.069756470620632, 0, -3.0491535962796e-09, 0.069756470620632, 0.99756401777267, 0, -0.97558301687241, -9.9988098144531, 3.3653600215912, 1, },
							},
							{
								animations = {
									flaps = {
										params = {
											id = "vehicle/plane/tupolev_tu_204_cargo_v2/flaps/flap_holder4_rgt.ani",
										},
										type = "FILE_REF",
									},
								},
								children = {
									{
										animations = {
											flaps = {
												params = {
													id = "vehicle/plane/tupolev_tu_204_cargo_v2/flaps/flap_holder4_c1_rgt.ani",
												},
												type = "FILE_REF",
											},
										},
										materials = { "vehicle/plane/tupolev_tu_204_cargo_v2/tu-204_c_additional.mtl", },
										mesh = "vehicle/plane/tupolev_tu_204_cargo_v2/flap_holder4_c1_rgt_lod0.msh",
										name = "flap_holder4_c1_rgt",
										transf = { 0.93705010414124, -0.34919479489326, 9.8596174211707e-06, 0, 0.34919479489326, 0.93705010414124, -1.1210476991153e-13, 0, -9.238956408808e-06, 3.4429269817338e-06, 1, 0, -0.38130995631218, 1.6700139937598e-08, 0.00074005126953125, 1, },
									},
								},
								materials = { "vehicle/plane/tupolev_tu_204_cargo_v2/tu-204_c_additional.mtl", },
								mesh = "vehicle/plane/tupolev_tu_204_cargo_v2/flap_holder4_rgt_lod0.msh",
								name = "flap_holder4_rgt",
								transf = { 1, 4.3711388286738e-08, 1.384398272289e-15, 0, -4.3604909905071e-08, 0.99756401777267, -0.069756470620632, 0, -3.0491535962796e-09, 0.069756470620632, 0.99756401777267, 0, -2.5270400047302, -13.998799324036, 3.6157298088074, 1, },
							},
							{
								animations = {
									flaps = {
										params = {
											id = "vehicle/plane/tupolev_tu_204_cargo_v2/flaps/flap1_rgt.ani",
										},
										type = "FILE_REF",
									},
								},
								children = {
									{
										animations = {
											flaps = {
												params = {
													id = "vehicle/plane/tupolev_tu_204_cargo_v2/flaps/flap1_c1_rgt.ani",
												},
												type = "FILE_REF",
											},
										},
										materials = { "vehicle/plane/tupolev_tu_204_cargo_v2/tu-204_c_additional.mtl", },
										mesh = "vehicle/plane/tupolev_tu_204_cargo_v2/flap1_c1_rgt_lod0.msh",
										name = "flap1_c1_rgt",
										transf = { 0.99999195337296, -0.004007225856185, -0.00028016284340993, 0, 0.0040094768628478, 0.99995535612106, 0.008559481240809, 0, 0.00024585056235082, -0.0085605354979634, 0.99996328353882, 0, -0.41327571868896, 0.2071785479784, 0.009968058206141, 1, },
									},
								},
								materials = { "vehicle/plane/tupolev_tu_204_cargo_v2/tu-204_c_additional.mtl", },
								mesh = "vehicle/plane/tupolev_tu_204_cargo_v2/flap1_rgt_lod0.msh",
								name = "flap1_rgt",
								transf = { 0.9963800907135, -0.085009478032589, 4.2396413846291e-07, 0, 0.084807604551315, 0.99401372671127, -0.068879336118698, 0, 0.0058549745008349, 0.068630039691925, 0.99762499332428, 0, 0.19002969563007, -4.8164024353027, 3.3935713768005, 1, },
							},
							{
								animations = {
									flaps = {
										params = {
											id = "vehicle/plane/tupolev_tu_204_cargo_v2/flaps/flap2_rgt.ani",
										},
										type = "FILE_REF",
									},
								},
								children = {
									{
										animations = {
											flaps = {
												params = {
													id = "vehicle/plane/tupolev_tu_204_cargo_v2/flaps/flap2_c1_rgt.ani",
												},
												type = "FILE_REF",
											},
										},
										materials = { "vehicle/plane/tupolev_tu_204_cargo_v2/tu-204_c_additional.mtl", },
										mesh = "vehicle/plane/tupolev_tu_204_cargo_v2/flap2_c1_rgt_lod0.msh",
										name = "flap2_c1_rgt",
										transf = { 0.99997556209564, -0.0035129343159497, 0.0060426625423133, 0, 0.0035207285545766, 0.99999290704727, -0.0012797249946743, 0, -0.0060381242074072, 0.001300968346186, 0.99998086690903, 0, -0.49016559123993, -0.17974281311035, -0.019111635163426, 1, },
									},
								},
								materials = { "vehicle/plane/tupolev_tu_204_cargo_v2/tu-204_c_additional.mtl", },
								mesh = "vehicle/plane/tupolev_tu_204_cargo_v2/flap2_rgt_lod0.msh",
								name = "flap2_rgt",
								transf = { 0.93836951255798, -0.34557718038559, 0.006240357644856, 0, 0.34542545676231, 0.93702536821365, -0.051620747894049, 0, 0.011991578154266, 0.050594914704561, 0.99864721298218, 0, -1.3952490091324, -11.340000152588, 3.7897820472717, 1, },
							},
						},
						name = "flap_rgt_grp",
						transf = { 1, 0, 0, 0, 0, 1, 0, 0, 0, 0, 1, 0, 0, 0, 0, 1, },
					},
					{
						children = {
							{
								animations = {
									close_wheels = {
										params = {
											id = "vehicle/plane/tupolev_tu_204_cargo_v2/close_wheels/gear_d1_left_frt.ani",
										},
										type = "FILE_REF",
									},
									open_wheels = {
										params = {
											id = "vehicle/plane/tupolev_tu_204_cargo_v2/open_wheels/gear_d1_left_frt.ani",
										},
										type = "FILE_REF",
									},
								},
								materials = { "vehicle/plane/tupolev_tu_204_cargo_v2/tu-204_c.mtl", },
								mesh = "vehicle/plane/tupolev_tu_204_cargo_v2/gear_d1_left_frt_lod0.msh",
								name = "gear_d1_left_frt",
								transf = { -0.99018740653992, 0.075931750237942, -0.11731699109077, 0, -0.076405517756939, -0.99707663059235, -0.00046026406926103, 0, -0.11700899153948, 0.0085079185664654, 0.99309438467026, 0, 19.809997558594, 0.47877803444862, 2.5339300632477, 1, },
							},
							{
								animations = {
									close_wheels = {
										params = {
											id = "vehicle/plane/tupolev_tu_204_cargo_v2/close_wheels/gear_d2_left_frt.ani",
										},
										type = "FILE_REF",
									},
									open_wheels = {
										params = {
											id = "vehicle/plane/tupolev_tu_204_cargo_v2/open_wheels/gear_d2_left_frt.ani",
										},
										type = "FILE_REF",
									},
								},
								materials = { "vehicle/plane/tupolev_tu_204_cargo_v2/tu-204_c.mtl", },
								mesh = "vehicle/plane/tupolev_tu_204_cargo_v2/gear_d2_left_frt_lod0.msh",
								name = "gear_d2_left_frt",
								transf = { -0.99941045045853, 0.0035997810773551, -0.03414174541831, 0, 0.03380673751235, -0.06994005292654, -0.99697810411453, 0, -0.0059767784550786, -0.99754464626312, 0.069777131080627, 0, 18.199998855591, 0.54122388362885, 2.4195258617401, 1, },
							},
							{
								animations = {
									close_wheels = {
										params = {
											id = "vehicle/plane/tupolev_tu_204_cargo_v2/close_wheels/gear_d1_right_frt.ani",
										},
										type = "FILE_REF",
									},
									open_wheels = {
										params = {
											id = "vehicle/plane/tupolev_tu_204_cargo_v2/open_wheels/gear_d1_right_frt.ani",
										},
										type = "FILE_REF",
									},
								},
								materials = { "vehicle/plane/tupolev_tu_204_cargo_v2/tu-204_c.mtl", },
								mesh = "vehicle/plane/tupolev_tu_204_cargo_v2/gear_d1_right_frt_lod0.msh",
								name = "gear_d1_right_frt",
								transf = { 0.99018740653992, 0.075931809842587, 0.11731699109077, 0, -0.076405584812164, 0.99707663059235, -0.00046026406926103, 0, -0.11700899153948, -0.008507926017046, 0.99309438467026, 0, 19.809997558594, -0.47877803444862, 2.5339300632477, 1, },
							},
							{
								animations = {
									close_wheels = {
										params = {
											id = "vehicle/plane/tupolev_tu_204_cargo_v2/close_wheels/gear_d2_right_frt.ani",
										},
										type = "FILE_REF",
									},
									open_wheels = {
										params = {
											id = "vehicle/plane/tupolev_tu_204_cargo_v2/open_wheels/gear_d2_right_frt.ani",
										},
										type = "FILE_REF",
									},
								},
								materials = { "vehicle/plane/tupolev_tu_204_cargo_v2/tu-204_c.mtl", },
								mesh = "vehicle/plane/tupolev_tu_204_cargo_v2/gear_d2_right_frt_lod0.msh",
								name = "gear_d2_right_frt",
								transf = { 0.99941045045853, 0.0035997810773551, 0.034141674637794, 0, 0.033806663006544, 0.069940149784088, -0.99697810411453, 0, -0.0059767765924335, 0.99754464626312, 0.069777227938175, 0, 18.199998855591, -0.54122388362885, 2.4195258617401, 1, },
							},
							{
								animations = {
									close_wheels = {
										params = {
											id = "vehicle/plane/tupolev_tu_204_cargo_v2/close_wheels/gear1_frt.ani",
										},
										type = "FILE_REF",
									},
									open_wheels = {
										params = {
											id = "vehicle/plane/tupolev_tu_204_cargo_v2/open_wheels/gear1_frt.ani",
										},
										type = "FILE_REF",
									},
								},
								children = {
									{
										animations = {
											close_wheels = {
												params = {
													id = "vehicle/plane/tupolev_tu_204_cargo_v2/close_wheels/gear1_c1_frt.ani",
												},
												type = "FILE_REF",
											},
											open_wheels = {
												params = {
													id = "vehicle/plane/tupolev_tu_204_cargo_v2/open_wheels/gear1_c1_frt.ani",
												},
												type = "FILE_REF",
											},
										},
										children = {
											{
												animations = {
													close_wheels = {
														params = {
															id = "vehicle/plane/tupolev_tu_204_cargo_v2/close_wheels/gear1_c2_frt.ani",
														},
														type = "FILE_REF",
													},
													open_wheels = {
														params = {
															id = "vehicle/plane/tupolev_tu_204_cargo_v2/open_wheels/gear1_c2_frt.ani",
														},
														type = "FILE_REF",
													},
												},
												materials = { "vehicle/plane/tupolev_tu_204_cargo_v2/tu-204_c.mtl", },
												mesh = "vehicle/plane/tupolev_tu_204_cargo_v2/gear1_c2_frt_lod0.msh",
												name = "gear1_c2_frt",
												transf = { -1, 0, 1.5099578831723e-07, 0, -0, 1, 0, 0, -1.5099578831723e-07, 0, -1, 0, -0.85563260316849, 0, 0, 1, },
											},
										},
										materials = { "vehicle/plane/tupolev_tu_204_cargo_v2/tu-204_c.mtl", },
										mesh = "vehicle/plane/tupolev_tu_204_cargo_v2/gear1_c1_frt_lod0.msh",
										name = "gear1_c1_frt",
										transf = { -0.64811980724335, 0, -0.76153838634491, 0, 0, 1, -0, 0, 0.76153838634491, 0, -0.64811980724335, 0, 0.13574035465717, 0, -1.2865000963211, 1, },
									},
									{
										children = {
											{
												animations = {
													close_wheels = {
														params = {
															id = "vehicle/plane/tupolev_tu_204_cargo_v2/close_wheels/w1_frt.ani",
														},
														type = "FILE_REF",
													},
													open_wheels = {
														params = {
															id = "vehicle/plane/tupolev_tu_204_cargo_v2/open_wheels/w1_frt.ani",
														},
														type = "FILE_REF",
													},
												},
												materials = { "vehicle/plane/tupolev_tu_204_cargo_v2/tu-204_c.mtl", },
												mesh = "vehicle/plane/tupolev_tu_204_cargo_v2/w1_frt_lod0.msh",
												name = "w1_frt",
												transf = { 1, 0, 0, 0, 0, 1, 0, 0, 0, 0, 1, 0, -0.099237248301506, 2.8610228852699e-08, -0.78930801153183, 1, },
											},
										},
										materials = { "vehicle/plane/tupolev_tu_204_cargo_v2/tu-204_c.mtl", },
										mesh = "vehicle/plane/tupolev_tu_204_cargo_v2/gear_w1_steering_frt_lod0.msh",
										name = "gear_w1_steering_frt",
										transf = { 1, 0, 0, 0, 0, 1, 0, 0, 0, 0, 1, 0, 0.00072881317464635, -2.8610228852699e-08, -1.3300995826721, 1, },
									},
									{
										materials = { "vehicle/plane/emissive/plane_strobe_light.mtl", },
										mesh = "vehicle/plane/tupolev_tu_204_cargo_v2/landinglights_gear_frt_lod0.msh",
										name = "landinglights_gear_frt",
										transf = { 1, 0, 0, 0, 0, 1, 0, 0, 0, 0, 1, 0, -17.578260421753, 0, -2.5745000839233, 1, },
									},
								},
								materials = { "vehicle/plane/tupolev_tu_204_cargo_v2/tu-204_c.mtl", },
								mesh = "vehicle/plane/tupolev_tu_204_cargo_v2/gear1_frt_lod0.msh",
								name = "gear1_frt",
								transf = { 1, 0, 0, 0, 0, 1, 0, 0, 0, 0, 1, 0, 17.578260421753, 0, 2.5745000839233, 1, },
							},
						},
						name = "gear_frt_grp",
						transf = { 1, 0, 0, 0, 0, 1, 0, 0, 0, 0, 1, 0, 0, 0, 0, 1, },
					},
					{
						children = {
							{
								animations = {
									close_wheels = {
										params = {
											id = "vehicle/plane/tupolev_tu_204_cargo_v2/close_wheels/gear_d1_right_lft.ani",
										},
										type = "FILE_REF",
									},
									open_wheels = {
										params = {
											id = "vehicle/plane/tupolev_tu_204_cargo_v2/open_wheels/gear_d1_right_lft.ani",
										},
										type = "FILE_REF",
									},
								},
								materials = { "vehicle/plane/tupolev_tu_204_cargo_v2/tu-204_c.mtl", },
								mesh = "vehicle/plane/tupolev_tu_204_cargo_v2/gear_d1_right_lft_lod0.msh",
								name = "gear_d1_right_lft",
								transf = { -1, 1.5099578831723e-07, -1.2246468525852e-16, 0, -1.5099578831723e-07, -1, -1.2246469849341e-16, 0, -1.2246469849341e-16, -1.2246468525852e-16, 1, 0, 0.70250469446182, 0.23762692511082, 2.3677771091461, 1, },
							},
							{
								animations = {
									close_wheels = {
										params = {
											id = "vehicle/plane/tupolev_tu_204_cargo_v2/close_wheels/gear_rotation_loc_lft.ani",
										},
										type = "FILE_REF",
									},
									open_wheels = {
										params = {
											id = "vehicle/plane/tupolev_tu_204_cargo_v2/open_wheels/gear_rotation_loc_lft.ani",
										},
										type = "FILE_REF",
									},
								},
								children = {
									{
										materials = { "vehicle/plane/tupolev_tu_204_cargo_v2/tu-204_c_additional.mtl", },
										mesh = "vehicle/plane/tupolev_tu_204_cargo_v2/gear_d1_left_lft_lod0.msh",
										name = "gear_d1_left_lft",
										transf = { 1, -5.76801114416e-17, 2.0042184284081e-19, 0, 4.2234973537314e-18, 0.069756507873535, -0.99756401777267, 0, 5.7525620572955e-17, 0.99756401777267, 0.069756507873535, 0, 0.81625163555145, -3.0920584201813, -4.1688461303711, 1, },
									},
									{
										materials = { "vehicle/plane/tupolev_tu_204_cargo_v2/tu-204_c.mtl", },
										mesh = "vehicle/plane/tupolev_tu_204_cargo_v2/gear1_lft_lod0.msh",
										name = "gear1_lft",
										transf = { -1, 1.5099578831723e-07, -2.2864495034783e-16, 0, -1.5099578831723e-07, -1, 8.3166346825192e-17, 0, -2.2864495034783e-16, 8.3166379912417e-17, 1, 0, -0.47174879908562, -3.1236731956596e-07, -2.7843296527863, 1, },
									},
									{
										animations = {
											close_wheels = {
												params = {
													id = "vehicle/plane/tupolev_tu_204_cargo_v2/close_wheels/gear1_c1_lft.ani",
												},
												type = "FILE_REF",
											},
											open_wheels = {
												params = {
													id = "vehicle/plane/tupolev_tu_204_cargo_v2/open_wheels/gear1_c1_lft.ani",
												},
												type = "FILE_REF",
											},
										},
										children = {
											{
												animations = {
													close_wheels = {
														params = {
															id = "vehicle/plane/tupolev_tu_204_cargo_v2/close_wheels/gear1_c2_lft.ani",
														},
														type = "FILE_REF",
													},
													open_wheels = {
														params = {
															id = "vehicle/plane/tupolev_tu_204_cargo_v2/open_wheels/gear1_c2_lft.ani",
														},
														type = "FILE_REF",
													},
												},
												materials = { "vehicle/plane/tupolev_tu_204_cargo_v2/tu-204_c.mtl", },
												mesh = "vehicle/plane/tupolev_tu_204_cargo_v2/gear1_c2_lft_lod0.msh",
												name = "gear1_c2_lft",
												transf = { 0.9998477101326, 1.5003309306258e-16, -0.017452405765653, 0, -1.6895558411112e-16, 1, -2.1808252890491e-17, 0, 0.017452405765653, 6.8048108217445e-18, 0.9998477101326, 0, 1.1678420305252, 8.4372704378666e-09, 0.0014999739360064, 1, },
											},
										},
										materials = { "vehicle/plane/tupolev_tu_204_cargo_v2/tu-204_c.mtl", },
										mesh = "vehicle/plane/tupolev_tu_204_cargo_v2/gear1_c1_lft_lod0.msh",
										name = "gear1_c1_lft",
										transf = { -0.05012983456254, 0.75699502229691, 0.65149486064911, 0, -0.99705272912979, -4.3582563336031e-08, -0.076719030737877, 0, -0.05807588994503, -0.6534206867218, 0.75476396083832, 0, 0.14239381253719, 0.20171175897121, -1.8626885414124, 1, },
									},
									{
										materials = { "vehicle/plane/tupolev_tu_204_cargo_v2/tu-204_c.mtl", },
										mesh = "vehicle/plane/tupolev_tu_204_cargo_v2/w2_lft_lod0.msh",
										name = "w2_lft",
										transf = { 1, 8.3442400156658e-17, -2.9156436381875e-19, 0, -8.3442400156658e-17, 1, -7.041554359153e-19, 0, 2.9156436381875e-19, 7.041554359153e-19, 1, 0, -0.47174879908562, -3.1236731956596e-07, -2.7843296527863, 1, },
									},
									{
										materials = { "vehicle/plane/tupolev_tu_204_cargo_v2/tu-204_c.mtl", },
										mesh = "vehicle/plane/tupolev_tu_204_cargo_v2/w3_lft_lod0.msh",
										name = "w3_lft",
										transf = { 1, 8.3442400156658e-17, -2.9156436381875e-19, 0, -8.3442400156658e-17, 1, -7.041554359153e-19, 0, 2.9156436381875e-19, 7.041554359153e-19, 1, 0, 0.83825123310089, -1.2791232961717e-07, -2.7843296527863, 1, },
									},
								},
								name = "gear_rotation_loc_lft",
								transf = { -1, -8.7422776573476e-08, -1.2246524112389e-16, 0, 8.7422776573476e-08, -1, 0, 0, -1.2246524112389e-16, -1.0706251389426e-23, 1, 0, 0.81625163555145, 3.9429998397827, 3.3753297328949, 1, },
							},
						},
						name = "gear_lft_grp",
						transf = { 1, 0, 0, 0, 0, 1, 0, 0, 0, 0, 1, 0, 0, 0, 0, 1, },
					},
					{
						children = {
							{
								animations = {
									close_wheels = {
										params = {
											id = "vehicle/plane/tupolev_tu_204_cargo_v2/close_wheels/gear_d1_left_rgt.ani",
										},
										type = "FILE_REF",
									},
									open_wheels = {
										params = {
											id = "vehicle/plane/tupolev_tu_204_cargo_v2/open_wheels/gear_d1_left_rgt.ani",
										},
										type = "FILE_REF",
									},
								},
								materials = { "vehicle/plane/tupolev_tu_204_cargo_v2/tu-204_c.mtl", },
								mesh = "vehicle/plane/tupolev_tu_204_cargo_v2/gear_d1_left_rgt_lod0.msh",
								name = "gear_d1_left_rgt",
								transf = { 1, 0, 0, 0, 0, 1, 0, 0, 0, 0, 1, 0, 0.70250469446182, -0.23762692511082, 2.3677771091461, 1, },
							},
							{
								animations = {
									close_wheels = {
										params = {
											id = "vehicle/plane/tupolev_tu_204_cargo_v2/close_wheels/gear1_loc_rgt.ani",
										},
										type = "FILE_REF",
									},
									open_wheels = {
										params = {
											id = "vehicle/plane/tupolev_tu_204_cargo_v2/open_wheels/gear1_loc_rgt.ani",
										},
										type = "FILE_REF",
									},
								},
								children = {
									{
										materials = { "vehicle/plane/tupolev_tu_204_cargo_v2/tu-204_c_additional.mtl", },
										mesh = "vehicle/plane/tupolev_tu_204_cargo_v2/gear_d1_right_rgt_lod0.msh",
										name = "gear_d1_right_rgt",
										transf = { 1, 0, 0, 0, 0, 0.069756507873535, -0.99756401777267, 0, 0, 0.99756401777267, 0.069756507873535, 0, -0.81625163555145, -3.0920579433441, -4.1688461303711, 1, },
									},
									{
										materials = { "vehicle/plane/tupolev_tu_204_cargo_v2/tu-204_c.mtl", },
										mesh = "vehicle/plane/tupolev_tu_204_cargo_v2/gear1_rgt_lod0.msh",
										name = "gear1_rgt",
										transf = { -1, -8.7422776573476e-08, 1.2246468525852e-16, 0, 8.7422776573476e-08, -1, -1.2246468525852e-16, 0, 1.2246469849341e-16, -1.2246467202363e-16, 1, 0, 0.47174876928329, -2.3841857910156e-07, -2.7843296527863, 1, },
									},
									{
										animations = {
											close_wheels = {
												params = {
													id = "vehicle/plane/tupolev_tu_204_cargo_v2/close_wheels/gear1_c1_rgt.ani",
												},
												type = "FILE_REF",
											},
											open_wheels = {
												params = {
													id = "vehicle/plane/tupolev_tu_204_cargo_v2/open_wheels/gear1_c1_rgt.ani",
												},
												type = "FILE_REF",
											},
										},
										children = {
											{
												animations = {
													close_wheels = {
														params = {
															id = "vehicle/plane/tupolev_tu_204_cargo_v2/close_wheels/gear1_c2_rgt.ani",
														},
														type = "FILE_REF",
													},
													open_wheels = {
														params = {
															id = "vehicle/plane/tupolev_tu_204_cargo_v2/open_wheels/gear1_c2_rgt.ani",
														},
														type = "FILE_REF",
													},
												},
												materials = { "vehicle/plane/tupolev_tu_204_cargo_v2/tu-204_c.mtl", },
												mesh = "vehicle/plane/tupolev_tu_204_cargo_v2/gear1_c2_rgt_lod0.msh",
												name = "gear1_c2_rgt",
												transf = { 0.9998477101326, 3.6428253318337e-17, 0.017452405765653, 0, -3.513965481649e-17, 1, -2.77277459511e-17, 0, -0.017452405765653, 2.8414755845772e-17, 0.9998477101326, 0, -1.1673419475555, 1.4210854397565e-16, 1.1368683518052e-15, 1, },
											},
										},
										materials = { "vehicle/plane/tupolev_tu_204_cargo_v2/tu-204_c.mtl", },
										mesh = "vehicle/plane/tupolev_tu_204_cargo_v2/gear1_c1_rgt_lod0.msh",
										name = "gear1_c1_rgt",
										transf = { -0.05012983456254, -0.75699502229691, -0.65149486064911, 0, 0.99705272912979, -4.3582563336031e-08, -0.076719030737877, 0, 0.05807588994503, -0.6534206867218, 0.75476396083832, 0, -0.14239379763603, 0.2017118036747, -1.8626885414124, 1, },
									},
									{
										materials = { "vehicle/plane/tupolev_tu_204_cargo_v2/tu-204_c.mtl", },
										mesh = "vehicle/plane/tupolev_tu_204_cargo_v2/w2_rgt_lod0.msh",
										name = "w2_rgt",
										transf = { 1, 0, 0, 0, 0, 1, 0, 0, 0, 0, 1, 0, 0.47174876928329, -2.3841857910156e-07, -2.7843296527863, 1, },
									},
									{
